STDR_YYQU_CD,SUD_CD,TOT_WRC_POPLTN_CO,ML_WRC_POPLTN_CO,FML_WRC_POPLTN_CO,AGRDE_10_WRC_POPLTN_CO,AGRDE_20_WRC_POPLTN_CO,AGRDE_30_WRC_POPLTN_CO,AGRDE_40_WRC_POPLTN_CO,AGRDE_50_WRC_POPLTN_CO,AGRDE_60_ABOVE_WRC_POPLTN_CO,MAG_10_WRC_POPLTN_CO,MAG_20_WRC_POPLTN_CO,MAG_30_WRC_POPLTN_CO,MAG_40_WRC_POPLTN_CO,MAG_50_WRC_POPLTN_CO,MAG_60_ABOVE_WRC_POPLTN_CO,FAG_10_WRC_POPLTN_CO,FAG_20_WRC_POPLTN_CO,FAG_30_WRC_POPLTN_CO,FAG_40_WRC_POPLTN_CO,FAG_50_WRC_POPLTN_CO,FAG_60_ABOVE_WRC_POPLTN_CO,RELM_AR
20191,1123000001,293,88,205,0,22,40,62,91,78,0,9,9,20,17,33,0,13,31,42,74,45,4017.03275138
20191,1123000002,27,13,14,0,3,11,6,5,2,0,2,6,2,1,2,0,1,5,4,4,0,4030.88106728
20191,1123000003,15,9,6,0,2,2,5,4,2,0,2,2,2,2,1,0,0,0,3,2,1,2781.85755149
20191,1123000004,842,341,501,6,114,125,274,192,131,1,65,62,70,70,73,5,49,63,204,122,58,3286.03019847
20191,1123000005,215,119,96,2,66,53,58,22,14,1,22,32,35,16,13,1,44,21,23,6,1,6411.81232975
20191,1123000006,7,2,5,0,0,2,3,1,1,0,0,1,0,0,1,0,0,1,3,1,0,1289.78300619
20191,1123000007,27,25,2,0,3,6,7,7,4,0,3,6,7,6,3,0,0,0,0,1,1,4301.33006743
20191,1123000008,45,17,28,0,7,7,9,10,12,0,0,5,2,7,3,0,7,2,7,3,9,3931.99356818
20191,1123000009,7,3,4,0,1,2,2,1,1,0,1,1,1,0,0,0,0,1,1,1,1,4445.76321809
20191,1123000011,12,9,3,0,0,2,5,1,4,0,0,2,3,1,3,0,0,0,2,0,1,863.443235781
20191,1123000012,32,23,9,0,5,7,7,8,5,0,3,6,7,5,2,0,2,1,0,3,3,6062.06191538
20191,1123000013,2,2,0,0,0,1,0,1,0,0,0,1,0,1,0,0,0,0,0,0,0,1035.68562879
20191,1123000014,4,3,1,0,0,0,1,3,0,0,0,0,1,2,0,0,0,0,0,1,0,2203.81881846
20191,1123000015,6,4,2,0,0,1,2,2,1,0,0,0,2,1,1,0,0,1,0,1,0,2393.8773718
20191,1123000016,9,6,3,0,0,4,2,1,2,0,0,3,2,0,1,0,0,1,0,1,1,1736.94682479
20191,1123000017,30,18,12,0,6,12,6,6,0,0,4,6,4,4,0,0,2,6,2,2,0,2824.91954045
20191,1123000018,40,20,20,0,1,7,7,11,14,0,0,1,4,3,12,0,1,6,3,8,2,6616.95583478
20191,1123000019,4,4,0,0,2,2,0,0,0,0,2,2,0,0,0,0,0,0,0,0,0,3277.67085021
20191,1123000020,3,3,0,0,0,2,0,1,0,0,0,2,0,1,0,0,0,0,0,0,0,2175.39408638
20191,1123000021,9,8,1,0,1,1,2,3,2,0,0,1,2,3,2,0,1,0,0,0,0,5430.30601674
20191,1123000022,87,39,48,0,5,9,25,34,14,0,3,6,13,10,7,0,2,3,12,24,7,5528.57732009
20191,1123000023,8,7,1,0,0,2,3,2,1,0,0,2,3,2,0,0,0,0,0,0,1,840.798748147
20191,1123000024,2,2,0,0,0,0,1,1,0,0,0,0,1,1,0,0,0,0,0,0,0,2048.15282661
20191,1123000026,19,13,6,0,5,5,7,1,1,0,4,3,5,0,1,0,1,2,2,1,0,3915.09617768
20191,1123000027,2,1,1,0,0,0,2,0,0,0,0,0,1,0,0,0,0,0,1,0,0,2555.75910236
20191,1123000029,147,94,53,1,12,34,44,41,15,0,3,19,34,28,10,1,9,15,10,13,5,7199.08930214
20191,1123000031,16,13,3,0,0,5,3,3,5,0,0,4,3,2,4,0,0,1,0,1,1,1903.20900952
20191,1123000033,3,3,0,0,1,0,1,1,0,0,1,0,1,1,0,0,0,0,0,0,0,1491.58486878
20191,1123000034,31,23,8,0,2,8,11,6,4,0,1,6,8,5,3,0,1,2,3,1,1,6220.61213951
20191,1123000035,32,25,7,0,7,10,6,4,5,0,6,8,5,3,3,0,1,2,1,1,2,6605.30271984
20191,1123000037,57,36,21,0,3,12,20,13,9,0,2,7,12,7,8,0,1,5,8,6,1,8207.61627371
20191,1123000039,2,2,0,0,0,0,2,0,0,0,0,0,2,0,0,0,0,0,0,0,0,1028.72793339
20191,1123000040,227,113,114,0,47,52,48,48,32,0,25,34,29,13,12,0,22,18,19,35,20,8138.33113334
20191,1123000041,2,1,1,0,0,0,1,0,1,0,0,0,0,0,1,0,0,0,1,0,0,1439.30459564
20191,1123000044,13,9,4,0,1,5,3,3,1,0,0,3,3,2,1,0,1,2,0,1,0,2137.75890075
20191,1123000045,103,14,89,0,12,26,33,28,4,0,0,3,5,3,3,0,12,23,28,25,1,15648.5004924
20191,1123000046,6,5,1,0,0,0,1,4,1,0,0,0,0,4,1,0,0,0,1,0,0,1130.86507
20191,1123000048,38,28,10,0,7,12,9,6,4,0,4,11,6,5,2,0,3,1,3,1,2,1083.1532696
20191,1123000050,10,4,6,0,0,3,5,1,1,0,0,1,2,1,0,0,0,2,3,0,1,2418.38104097
20191,1123000054,96,52,44,0,10,14,33,18,21,0,3,7,19,9,14,0,7,7,14,9,7,15357.967654
20191,1123000055,35,20,15,0,2,6,5,13,9,0,2,2,2,6,8,0,0,4,3,7,1,7092.9507577
20191,1123000056,5,4,1,0,0,3,0,1,1,0,0,2,0,1,1,0,0,1,0,0,0,577.232722192
20191,1123000057,41,23,18,0,6,4,19,7,5,0,2,2,7,7,5,0,4,2,12,0,0,3234.22420105
20191,1123000059,5,3,2,0,0,1,4,0,0,0,0,1,2,0,0,0,0,0,2,0,0,4698.91175408
20191,1123000060,91,59,32,0,9,14,30,20,18,0,3,4,21,16,15,0,6,10,9,4,3,5016.86744303
20191,1123000061,5,4,1,0,1,0,2,1,1,0,1,0,1,1,1,0,0,0,1,0,0,3835.88376357
20191,1123000062,167,106,61,0,13,20,32,39,63,0,5,9,18,24,50,0,8,11,14,15,13,4520.76958669
20191,1123000064,3,2,1,0,1,0,0,1,1,0,1,0,0,0,1,0,0,0,0,1,0,2714.33596439
20191,1123000065,4,2,2,0,1,1,0,2,0,0,1,0,0,1,0,0,0,1,0,1,0,4205.67546331
20191,1123000068,2,2,0,0,0,0,1,1,0,0,0,0,1,1,0,0,0,0,0,0,0,2571.36398479
20191,1123000070,63,37,26,0,9,11,6,26,11,0,4,8,2,17,6,0,5,3,4,9,5,2763.54923467
20191,1123000073,5,2,3,0,0,2,1,1,1,0,0,1,0,1,0,0,0,1,1,0,1,1189.67253633
20191,1123000074,10,6,4,0,0,1,0,8,1,0,0,1,0,4,1,0,0,0,0,4,0,5678.60586915
20191,1123000076,6,4,2,0,1,1,2,1,1,0,0,1,2,1,0,0,1,0,0,0,1,1888.01799067
20191,1123000078,29,4,25,0,2,0,5,12,10,0,1,0,1,1,1,0,1,0,4,11,9,3277.52519153
20191,1123000080,36,22,14,0,6,10,8,5,7,0,2,5,6,4,5,0,4,5,2,1,2,4204.1555437
20191,1123000081,5,1,4,0,1,1,3,0,0,0,0,1,0,0,0,0,1,0,3,0,0,1220.34719234
20191,1123000082,1,1,0,0,0,0,0,0,1,0,0,0,0,0,1,0,0,0,0,0,0,2151.5571199
20191,1123000083,3,2,1,0,0,0,3,0,0,0,0,0,2,0,0,0,0,0,1,0,0,1809.5775613
20191,1123000086,6,4,2,0,0,2,4,0,0,0,0,1,3,0,0,0,0,1,1,0,0,6094.20213656
20191,1123000087,42,30,12,0,2,6,10,14,10,0,1,4,7,9,9,0,1,2,3,5,1,6170.24214404
20191,1123000090,2,2,0,0,0,0,0,1,1,0,0,0,0,1,1,0,0,0,0,0,0,2664.30643038
20191,1123000092,6,1,5,0,0,3,0,2,1,0,0,0,0,0,1,0,0,3,0,2,0,4232.65078485
20191,1123000095,48,34,14,0,0,11,12,15,10,0,0,5,8,13,8,0,0,6,4,2,2,6888.55564025
20191,1123000097,30,22,8,0,0,13,6,6,5,0,0,10,4,5,3,0,0,3,2,1,2,4633.78450037
20191,1123000101,8,3,5,0,1,0,1,3,3,0,1,0,0,1,1,0,0,0,1,2,2,3102.44110675
20191,1123000105,21,10,11,0,3,6,2,4,6,0,0,1,0,3,6,0,3,5,2,1,0,2777.66947488
20191,1123000109,5,0,5,0,2,2,0,0,1,0,0,0,0,0,0,0,2,2,0,0,1,3009.09852719
20191,1123000110,23,7,16,0,6,7,4,6,0,0,2,2,1,2,0,0,4,5,3,4,0,5124.86166655
20191,1123000114,13,9,4,0,0,1,3,5,4,0,0,1,3,2,3,0,0,0,0,3,1,6074.90438176
20191,1123000118,11,8,3,0,1,3,5,1,1,0,1,3,3,1,0,0,0,0,2,0,1,3624.99097869
20191,1123000121,6,4,2,0,0,2,1,0,3,0,0,1,1,0,2,0,0,1,0,0,1,3406.21207151
20191,1123000125,44,34,10,0,4,8,13,12,7,0,4,8,6,10,6,0,0,0,7,2,1,6931.85762841
20191,1123000126,35,14,21,0,12,11,5,5,2,0,0,6,4,2,2,0,12,5,1,3,0,3836.44843671
20191,1123000130,3,3,0,0,0,0,1,0,2,0,0,0,1,0,2,0,0,0,0,0,0,973.490472689
20191,1123000133,42,21,21,0,6,9,11,9,7,0,1,3,7,5,5,0,5,6,4,4,2,2259.47066943
20191,1123000134,11,9,2,1,2,1,1,5,1,0,2,1,1,4,1,1,0,0,0,1,0,3499.19733522
20191,1123000136,3,2,1,0,0,1,1,0,1,0,0,1,0,0,1,0,0,0,1,0,0,1596.34807451
20191,1123000137,52,37,15,0,4,8,7,23,10,0,1,5,6,16,9,0,3,3,1,7,1,2979.24347907
20191,1123000139,85,26,59,0,18,31,17,12,7,0,2,12,7,3,2,0,16,19,10,9,5,4302.86450034
20191,1123000140,4,2,2,0,0,2,0,1,1,0,0,2,0,0,0,0,0,0,0,1,1,1886.32514799
20191,1123000142,22,7,15,0,7,7,3,2,3,0,0,5,1,0,1,0,7,2,2,2,2,5931.98452651
20191,1123000148,146,86,60,1,19,43,41,28,14,0,12,28,21,14,11,1,7,15,20,14,3,4354.43292439
20191,1123000150,12,5,7,0,1,0,5,6,0,0,0,0,1,4,0,0,1,0,4,2,0,1426.36206052
20191,1123000151,8,7,1,0,3,0,2,3,0,0,3,0,1,3,0,0,0,0,1,0,0,3625.53155849
20191,1123000152,10,6,4,0,0,3,5,1,1,0,0,2,3,1,0,0,0,1,2,0,1,756.800191063
20191,1123000154,6,4,2,0,0,1,2,1,2,0,0,1,1,0,2,0,0,0,1,1,0,3247.75553952
20191,1123000155,3,1,2,0,0,0,1,1,1,0,0,0,0,1,0,0,0,0,1,0,1,1572.87510452
20191,1123000156,6,2,4,0,0,0,3,3,0,0,0,0,0,2,0,0,0,0,3,1,0,1074.72571878
20191,1123000157,4,3,1,0,1,1,0,1,1,0,1,1,0,0,1,0,0,0,0,1,0,1060.95407005
20191,1123000160,20,8,12,0,3,6,5,4,2,0,1,2,2,2,1,0,2,4,3,2,1,4134.06663485
20191,1123000161,87,22,65,0,13,21,31,17,5,0,1,8,7,3,3,0,12,13,24,14,2,4211.32107547
20191,1123000162,30,24,6,0,1,4,7,7,11,0,0,4,3,6,11,0,1,0,4,1,0,3010.23207377
20191,1123000164,2,2,0,0,0,0,2,0,0,0,0,0,2,0,0,0,0,0,0,0,0,4059.74948627
20191,1123000166,3,2,1,0,0,0,1,2,0,0,0,0,0,2,0,0,0,0,1,0,0,1667.50738827
20191,1123000167,24,9,15,0,1,2,5,12,4,0,0,0,0,6,3,0,1,2,5,6,1,4511.13210114
20191,1123000168,68,14,54,0,11,16,20,18,3,0,2,3,1,5,3,0,9,13,19,13,0,9387.61218208
20191,1123000171,14,13,1,0,0,0,3,4,7,0,0,0,2,4,7,0,0,0,1,0,0,6299.9018049
20191,1123000172,60,51,9,0,8,10,19,15,8,0,6,8,18,11,8,0,2,2,1,4,0,4813.26234244
20191,1123000177,4,1,3,0,0,0,0,2,2,0,0,0,0,0,1,0,0,0,0,2,1,4299.09718081
20191,1123000180,2,2,0,0,1,0,0,0,1,0,1,0,0,0,1,0,0,0,0,0,0,2999.47522755
20191,1123000183,181,114,67,0,27,44,65,25,20,0,13,34,39,15,13,0,14,10,26,10,7,7375.44148827
20191,1123000188,23,12,11,0,5,4,6,5,3,0,2,4,2,2,2,0,3,0,4,3,1,10463.6082986
20191,1123000190,5,2,3,0,0,0,1,0,4,0,0,0,0,0,2,0,0,0,1,0,2,2329.28483175
20191,1123000192,65,18,47,0,15,15,17,15,3,0,4,3,5,4,2,0,11,12,12,11,1,13732.0907677
20191,1123000194,4,4,0,0,2,1,0,0,1,0,2,1,0,0,1,0,0,0,0,0,0,2892.15962561
20191,1123000196,9,6,3,0,1,4,1,3,0,0,1,3,1,1,0,0,0,1,0,2,0,4319.80429391
20191,1123000197,2,2,0,0,0,0,2,0,0,0,0,0,2,0,0,0,0,0,0,0,0,1557.20047538
20191,1123000199,5,2,3,0,0,2,1,1,1,0,0,0,1,0,1,0,0,2,0,1,0,3765.81130832
20191,1123000200,2,0,2,0,0,2,0,0,0,0,0,0,0,0,0,0,0,2,0,0,0,1061.90207105
20191,1123000203,1,1,0,0,0,0,1,0,0,0,0,0,1,0,0,0,0,0,0,0,0,2573.41998702
20191,1123000204,22,14,8,0,3,4,4,6,5,0,1,3,3,2,5,0,2,1,1,4,0,4623.78894414
20191,1123000206,9,6,3,0,0,0,1,1,7,0,0,0,0,1,5,0,0,0,1,0,2,10040.5122401
20191,1123000211,172,115,57,1,7,34,59,29,42,0,5,15,40,24,31,1,2,19,19,5,11,9339.31922521
20191,1123000212,21,15,6,0,0,8,2,6,5,0,0,6,2,3,4,0,0,2,0,3,1,1225.44547636
20191,1123000213,16,12,4,0,3,3,5,4,1,0,3,1,4,3,1,0,0,2,1,1,0,1361.05161365
20191,1123000214,205,150,55,2,12,46,53,56,36,2,8,35,39,41,25,0,4,11,14,15,11,9506.07577589
20191,1123000215,15,14,1,0,0,4,4,4,3,0,0,4,3,4,3,0,0,0,1,0,0,1592.80154171
20191,1123000216,74,59,15,0,8,25,17,13,11,0,8,21,12,10,8,0,0,4,5,3,3,4814.16819106
20191,1123000217,17,13,4,0,0,5,6,3,3,0,0,3,5,2,3,0,0,2,1,1,0,956.60642855
20191,1123000218,22,19,3,0,1,7,10,2,2,0,1,7,9,0,2,0,0,0,1,2,0,1529.83558997
20191,1123000219,10,8,2,0,0,1,4,4,1,0,0,1,2,4,1,0,0,0,2,0,0,1074.32345325
20191,1123000220,28,25,3,0,5,8,9,5,1,0,4,8,7,5,1,0,1,0,2,0,0,1245.18242562
20191,1123000221,455,225,230,1,116,103,109,79,47,1,47,52,66,34,25,0,69,51,43,45,22,12392.3332501
20191,1123000222,51,40,11,0,8,14,14,9,6,0,8,12,9,6,5,0,0,2,5,3,1,3245.18033155
20191,1123000223,14,11,3,0,3,3,7,1,0,0,2,3,5,1,0,0,1,0,2,0,0,2695.61471883
20191,1123000224,31,23,8,0,6,3,12,6,4,0,4,2,10,4,3,0,2,1,2,2,1,2963.33981399
20191,1123000225,420,324,96,1,35,79,129,98,78,1,28,64,97,67,67,0,7,15,32,31,11,19707.8622913
20191,1123000227,7,7,0,0,1,3,0,2,1,0,1,3,0,2,1,0,0,0,0,0,0,3428.89837173
20191,1123000228,29,18,11,0,9,3,10,2,5,0,3,2,7,2,4,0,6,1,3,0,1,9404.49919757
20191,1123000230,5,4,1,0,0,3,0,0,2,0,0,3,0,0,1,0,0,0,0,0,1,1943.50080997
20191,1123000232,7,5,2,0,0,2,0,2,3,0,0,1,0,1,3,0,0,1,0,1,0,2148.40184801
20191,1123000233,29,25,4,0,1,4,12,5,7,0,1,4,12,5,3,0,0,0,0,0,4,3411.02784581
20191,1123000234,43,29,14,0,6,10,6,10,11,0,5,6,4,5,9,0,1,4,2,5,2,2866.74679435
20191,1123000236,143,105,38,0,6,26,45,46,20,0,6,21,35,26,17,0,0,5,10,20,3,3607.98985246
20191,1123000237,29,24,5,0,3,1,9,11,5,0,3,1,7,8,5,0,0,0,2,3,0,1646.85913787
20191,1123000242,68,45,23,0,15,6,23,18,6,0,10,2,12,16,5,0,5,4,11,2,1,1345.95386629
20191,1123000245,8,6,2,0,0,0,2,3,3,0,0,0,1,3,2,0,0,0,1,0,1,715.106846907
20191,1123000247,48,23,25,0,8,10,5,13,12,0,3,6,2,5,7,0,5,4,3,8,5,6884.19895901
20191,1123000248,22,20,2,0,3,2,4,9,4,0,3,2,4,7,4,0,0,0,0,2,0,1804.11765602
20191,1123000250,13,10,3,0,1,4,2,3,3,0,1,3,2,2,2,0,0,1,0,1,1,4363.73234781
20191,1123000251,5,5,0,0,0,0,0,2,3,0,0,0,0,2,3,0,0,0,0,0,0,2392.94809423
20191,1123000253,2,1,1,0,0,0,1,0,1,0,0,0,0,0,1,0,0,0,1,0,0,1872.75632546
20191,1123000254,199,99,100,0,26,55,50,45,23,0,9,26,25,26,13,0,17,29,25,19,10,8772.93835973
20191,1123000257,3,1,2,0,0,1,0,1,1,0,0,1,0,0,0,0,0,0,0,1,1,959.82046766
20191,1123000258,2,1,1,0,0,0,1,0,1,0,0,0,0,0,1,0,0,0,1,0,0,3039.18561101
20191,1123000259,2,0,2,0,1,0,1,0,0,0,0,0,0,0,0,0,1,0,1,0,0,844.24786557
20191,1123000261,18,12,6,0,0,7,6,4,1,0,0,3,4,4,1,0,0,4,2,0,0,820.774754535
20191,1123000264,12,6,6,0,0,3,6,1,2,0,0,1,4,0,1,0,0,2,2,1,1,4542.37238945
20191,1123000265,2,0,2,0,0,0,0,1,1,0,0,0,0,0,0,0,0,0,0,1,1,1722.51348615
20191,1123000267,7,7,0,0,0,1,2,3,1,0,0,1,2,3,1,0,0,0,0,0,0,2189.08544466
20191,1123000268,41,16,25,0,9,6,11,11,4,0,2,4,4,3,3,0,7,2,7,8,1,3047.33205643
20191,1123000273,5,4,1,0,0,2,2,1,0,0,0,2,1,1,0,0,0,0,1,0,0,1054.94377933
20191,1123000274,4,2,2,0,1,2,0,0,1,0,1,1,0,0,0,0,0,1,0,0,1,431.190832699
20191,1123000278,2,1,1,0,0,0,0,2,0,0,0,0,0,1,0,0,0,0,0,1,0,1427.10204495
20191,1123000282,40,20,20,0,4,5,11,13,7,0,4,3,6,5,2,0,0,2,5,8,5,3938.34616373
20191,1123000285,4,4,0,0,0,0,3,1,0,0,0,0,3,1,0,0,0,0,0,0,0,1359.65455617
20191,1123000288,2,1,1,0,0,0,0,0,2,0,0,0,0,0,1,0,0,0,0,0,1,1980.02887542
20191,1123000291,3,2,1,0,0,2,1,0,0,0,0,2,0,0,0,0,0,0,1,0,0,793.763677092
20191,1123000292,6,4,2,0,0,0,3,1,2,0,0,0,2,0,2,0,0,0,1,1,0,2326.45340104
20191,1123000294,4,1,3,0,0,0,0,3,1,0,0,0,0,0,1,0,0,0,0,3,0,3352.07177196
20191,1123000298,7,2,5,0,0,3,0,4,0,0,0,1,0,1,0,0,0,2,0,3,0,1609.92128135
20191,1123000299,3,1,2,0,0,0,0,3,0,0,0,0,0,1,0,0,0,0,0,2,0,4411.92833885
20191,1123000308,2,1,1,0,0,0,2,0,0,0,0,0,1,0,0,0,0,0,1,0,0,1846.77846026
20191,1123000311,287,179,108,0,20,28,37,92,110,0,15,16,26,59,63,0,5,12,11,33,47,12826.3621649
20191,1123000313,64,31,33,0,2,16,16,17,13,0,1,8,9,6,7,0,1,8,7,11,6,12629.6218867
20191,1123000317,5,4,1,0,0,3,2,0,0,0,0,2,2,0,0,0,0,1,0,0,0,3370.5653296
20191,1123000318,8,4,4,0,0,2,3,3,0,0,0,2,2,0,0,0,0,0,1,3,0,3924.42055462
20191,1123000321,36,12,24,0,4,5,9,12,6,0,0,0,2,4,6,0,4,5,7,8,0,3145.08825278
20191,1123000322,80,37,43,0,23,11,15,18,13,0,14,5,7,7,4,0,9,6,8,11,9,5494.435008
20191,1123000323,41,11,30,0,15,10,9,5,2,0,2,3,3,1,2,0,13,7,6,4,0,2897.72268167
20191,1123000325,27,10,17,0,5,11,3,7,1,0,0,5,2,2,1,0,5,6,1,5,0,3840.40697757
20191,1123000326,20,12,8,0,3,6,5,2,4,0,3,3,4,0,2,0,0,3,1,2,2,1586.65281294
20191,1123000329,2,2,0,0,0,2,0,0,0,0,0,2,0,0,0,0,0,0,0,0,0,1998.48206724
20191,1123000332,2,1,1,0,0,0,2,0,0,0,0,0,1,0,0,0,0,0,1,0,0,3759.87692997
20191,1123000334,50,18,32,0,10,2,8,16,14,0,5,2,5,3,3,0,5,0,3,13,11,6665.12189398
20191,1123000336,2,2,0,0,0,1,0,1,0,0,0,1,0,1,0,0,0,0,0,0,0,628.059234414
20191,1123000337,38,22,16,0,6,10,9,6,7,0,0,7,6,4,5,0,6,3,3,2,2,7347.94807207
20191,1123000339,29,14,15,0,6,5,13,3,2,0,1,3,8,1,1,0,5,2,5,2,1,5393.1096788
20191,1123000340,2,1,1,0,0,0,2,0,0,0,0,0,1,0,0,0,0,0,1,0,0,2959.49294384
20191,1123000341,10,8,2,0,1,0,4,3,2,0,1,0,2,3,2,0,0,0,2,0,0,1422.66357744
20191,1123000342,12,3,9,0,0,0,2,4,6,0,0,0,1,2,0,0,0,0,1,2,6,3548.83810834
20191,1123000343,8,5,3,0,3,1,3,0,1,0,2,1,1,0,1,0,1,0,2,0,0,2410.66251465
20191,1123000346,24,16,8,0,1,2,3,8,10,0,0,0,1,6,9,0,1,2,2,2,1,2914.34643421
20191,1123000351,51,19,32,0,7,9,18,15,2,0,2,4,5,7,1,0,5,5,13,8,1,6009.65176534
20191,1123000353,3,2,1,0,0,1,0,0,2,0,0,0,0,0,2,0,0,1,0,0,0,4416.74960542
20191,1123000354,127,91,36,0,30,38,31,19,9,0,22,31,19,11,8,0,8,7,12,8,1,7580.06307624
20191,1123000355,11,7,4,0,0,2,2,5,2,0,0,1,1,3,2,0,0,1,1,2,0,2469.91902325
20191,1123000356,7,5,2,0,0,3,2,1,1,0,0,3,1,0,1,0,0,0,1,1,0,2822.92023745
20191,1123000357,8,4,4,0,1,1,3,2,1,0,0,0,2,1,1,0,1,1,1,1,0,3348.9286446
20191,1123000358,7,5,2,0,0,1,0,5,1,0,0,0,0,4,1,0,0,1,0,1,0,1726.38569282
20191,1123000359,65,16,49,0,5,16,25,15,4,0,0,4,4,4,4,0,5,12,21,11,0,7190.05473792
20191,1123000360,31,17,14,0,4,8,10,8,1,0,2,6,6,2,1,0,2,2,4,6,0,4869.81765984
20191,1123000361,27,21,6,0,1,3,9,11,3,0,1,0,9,9,2,0,0,3,0,2,1,4014.57137912
20191,1123000362,3,1,2,0,0,1,1,1,0,0,0,0,0,1,0,0,0,1,1,0,0,9771.76354043
20191,1123000364,36,19,17,0,5,7,4,10,10,0,1,3,2,6,7,0,4,4,2,4,3,6876.32152484
20191,1123000365,61,34,27,1,1,14,24,16,5,1,0,5,12,12,4,0,1,9,12,4,1,5372.32479558
20191,1123000366,41,12,29,0,6,7,8,13,7,0,2,1,1,5,3,0,4,6,7,8,4,4162.11914876
20191,1123000368,10,5,5,0,0,2,4,3,1,0,0,2,1,1,1,0,0,0,3,2,0,2351.50251293
20191,1123000369,20,11,9,0,3,4,5,7,1,0,2,1,4,3,1,0,1,3,1,4,0,4316.36084581
20191,1123000370,3,3,0,0,0,2,1,0,0,0,0,2,1,0,0,0,0,0,0,0,0,1455.83291904
20191,1123000371,11,9,2,0,0,1,7,3,0,0,0,0,6,3,0,0,0,1,1,0,0,1550.74502717
20191,1123000372,29,1,28,0,1,0,1,13,14,0,0,0,0,1,0,0,1,0,1,12,14,1115.26464071
20191,1123000373,15,3,12,0,1,2,1,5,6,0,1,1,0,1,0,0,0,1,1,4,6,4975.55561046
20191,1123000375,2,1,1,0,1,1,0,0,0,0,0,1,0,0,0,0,1,0,0,0,0,2225.89671569
20191,1123000376,3,2,1,0,0,2,1,0,0,0,0,2,0,0,0,0,0,0,1,0,0,2487.90743202
20191,1123000377,7,4,3,0,2,1,0,2,2,0,1,0,0,2,1,0,1,1,0,0,1,3559.82203237
20191,1123000378,2,2,0,0,1,0,1,0,0,0,1,0,1,0,0,0,0,0,0,0,0,1205.7808745
20191,1123000380,60,22,38,3,17,14,11,10,5,3,7,4,6,1,1,0,10,10,5,9,4,4071.00695357
20191,1123000381,178,80,98,0,34,54,46,27,17,0,19,27,17,9,8,0,15,27,29,18,9,7013.37792937
20191,1123000388,25,9,16,0,7,6,5,5,2,0,0,5,2,1,1,0,7,1,3,4,1,3699.62416079
20191,1123000390,5,3,2,0,0,0,1,1,3,0,0,0,0,0,3,0,0,0,1,1,0,3143.25258799
20191,1123000394,148,55,93,4,33,33,31,20,27,4,5,14,12,7,13,0,28,19,19,13,14,6970.93472206
20191,1123000395,108,43,65,0,13,22,20,23,30,0,4,3,7,9,20,0,9,19,13,14,10,1955.64644102
20191,1123000402,2,2,0,0,0,0,1,1,0,0,0,0,1,1,0,0,0,0,0,0,0,1644.51471521
20191,1123000403,3,1,2,0,0,1,0,1,1,0,0,0,0,1,0,0,0,1,0,0,1,4126.62907689
20191,1123000404,7,3,4,0,0,2,3,1,1,0,0,1,2,0,0,0,0,1,1,1,1,1100.26549614
20191,1123000405,13,8,5,0,0,2,6,5,0,0,0,2,2,4,0,0,0,0,4,1,0,3238.00246143
20191,1123000407,33,21,12,0,1,7,10,5,10,0,0,4,5,2,10,0,1,3,5,3,0,5142.13964751
20191,1123000409,10,7,3,0,2,2,2,4,0,0,1,2,0,4,0,0,1,0,2,0,0,4729.65338142
20191,1123000416,19,0,19,0,2,4,10,3,0,0,0,0,0,0,0,0,2,4,10,3,0,2358.77187609
20191,1123000419,9,4,5,0,1,1,1,1,5,0,0,0,1,0,3,0,1,1,0,1,2,5899.06983397
20191,1123000420,11,10,1,0,0,3,2,4,2,0,0,2,2,4,2,0,0,1,0,0,0,34263.3383625
20191,1123000423,34,23,11,1,7,9,9,6,2,0,5,5,7,5,1,1,2,4,2,1,1,80846.9160056
20191,1123000426,14,11,3,0,2,3,4,3,2,0,2,2,3,2,2,0,0,1,1,1,0,1540.69681565
20191,1123000427,10,3,7,0,1,1,4,3,1,0,1,1,1,0,0,0,0,0,3,3,1,4144.48299325
20191,1123000428,48,7,41,0,3,2,4,16,23,0,2,1,1,2,1,0,1,1,3,14,22,2514.57657256
20191,1123000429,1,1,0,0,0,0,1,0,0,0,0,0,1,0,0,0,0,0,0,0,0,486.279331251
20191,1123000432,138,83,55,1,37,36,39,18,7,0,17,20,28,14,4,1,20,16,11,4,3,8280.65284575
20191,1123000433,34,29,5,0,3,7,14,7,3,0,3,7,11,5,3,0,0,0,3,2,0,2436.63949994
20191,1123000434,28,19,9,0,1,3,7,14,3,0,1,3,4,9,2,0,0,0,3,5,1,2050.92057543
20191,1123000436,249,206,43,0,31,98,68,38,14,0,23,87,54,31,11,0,8,11,14,7,3,16972.1355696
20191,1123000437,194,161,33,2,30,28,33,85,16,2,23,26,26,75,9,0,7,2,7,10,7,7210.75269373
20191,1123000438,65,44,21,0,10,12,25,12,6,0,4,9,18,8,5,0,6,3,7,4,1,4989.62584016
20191,1123000439,4,4,0,0,2,0,1,1,0,0,2,0,1,1,0,0,0,0,0,0,0,2152.19965666
20191,1123000440,11,10,1,0,1,0,5,4,1,0,1,0,5,3,1,0,0,0,0,1,0,1731.8187245
20191,1123000442,67,32,35,0,33,28,4,2,0,0,11,19,1,1,0,0,22,9,3,1,0,2050.88876278
20191,1123000447,30,18,12,0,4,4,9,10,3,0,3,4,3,5,3,0,1,0,6,5,0,2908.54500871
20191,1123000448,11,6,5,0,1,1,3,4,2,0,1,0,1,3,1,0,0,1,2,1,1,853.51796658
20191,1123000450,12,6,6,0,0,2,2,3,5,0,0,1,0,1,4,0,0,1,2,2,1,1195.79720661
20191,1123000453,10,5,5,0,1,3,0,2,4,0,1,0,0,1,3,0,0,3,0,1,1,1869.25351151
20191,1123000454,28,22,6,0,6,6,6,8,2,0,4,6,4,6,2,0,2,0,2,2,0,2146.1138515
20191,1123000457,230,125,105,1,37,43,39,52,58,0,12,26,16,29,42,1,25,17,23,23,16,11178.8074975
20191,1123000458,8,5,3,0,0,0,4,3,1,0,0,0,3,2,0,0,0,0,1,1,1,3221.82682212
20191,1123000459,5,4,1,0,0,0,3,0,2,0,0,0,2,0,2,0,0,0,1,0,0,799.119568551
20191,1123000460,488,131,357,0,116,161,73,80,58,0,31,45,32,15,8,0,85,116,41,65,50,9542.1815697
20191,1123000461,54,40,14,2,8,10,14,10,10,0,3,8,12,10,7,2,5,2,2,0,3,5926.29449319
20191,1123000462,16,12,4,0,2,2,4,5,3,0,1,1,3,5,2,0,1,1,1,0,1,2433.26987734
20191,1123000464,21,14,7,0,0,4,10,3,4,0,0,3,7,2,2,0,0,1,3,1,2,4303.51701822
20191,1123000465,45,26,19,0,8,12,10,10,5,0,6,6,4,7,3,0,2,6,6,3,2,1400.30853031
20191,1123000467,19,16,3,0,0,5,2,5,7,0,0,3,1,5,7,0,0,2,1,0,0,1320.06597028
20191,1123000468,90,62,28,0,6,21,26,23,14,0,4,14,17,15,12,0,2,7,9,8,2,7189.43543783
20191,1123000469,29,24,5,0,1,3,13,10,2,0,1,2,11,8,2,0,0,1,2,2,0,4414.45263074
20191,1123000470,1368,783,585,39,173,99,135,291,631,37,136,74,84,139,313,2,37,25,51,152,318,3949.34350749
20191,1123000471,3,2,1,0,0,3,0,0,0,0,0,2,0,0,0,0,0,1,0,0,0,894.315564304
20191,1123000472,23,15,8,0,0,3,9,7,4,0,0,2,6,4,3,0,0,1,3,3,1,2634.71533759
20191,1123000473,75,48,27,0,5,11,18,16,25,0,4,8,8,7,21,0,1,3,10,9,4,3108.66796867
20191,1123000474,133,46,87,0,45,17,22,28,21,0,19,11,7,5,4,0,26,6,15,23,17,4981.89738597
20191,1123000475,85,55,30,0,7,18,15,28,17,0,4,12,8,17,14,0,3,6,7,11,3,3133.02543881
20191,1123000480,3,3,0,0,0,0,2,1,0,0,0,0,2,1,0,0,0,0,0,0,0,1601.86981027
20191,1123000486,62,40,22,0,9,21,19,8,5,0,6,15,10,5,4,0,3,6,9,3,1,3329.54903351
20191,1123000487,13,10,3,0,1,3,6,1,2,0,1,1,5,1,2,0,0,2,1,0,0,2778.91643329
20191,1123000488,102,61,41,0,13,35,22,16,16,0,1,17,17,12,14,0,12,18,5,4,2,4935.64771254
20191,1123000489,69,29,40,0,22,36,8,2,1,0,8,20,0,1,0,0,14,16,8,1,1,10553.4898352
20191,1123000490,134,86,48,0,21,25,31,31,26,0,4,10,28,25,19,0,17,15,3,6,7,2577.10429151
20191,1123000492,61,43,18,0,11,10,15,8,17,0,5,7,12,7,12,0,6,3,3,1,5,9511.98057188
20191,1123000495,6,1,5,0,4,0,1,1,0,0,1,0,0,0,0,0,3,0,1,1,0,2754.64890231
20191,1123000497,4,4,0,0,0,1,1,1,1,0,0,1,1,1,1,0,0,0,0,0,0,6147.4355508
20191,1123000498,62,39,23,0,2,10,16,21,13,0,2,6,7,15,9,0,0,4,9,6,4,6570.05535661
20191,1123000500,56,25,31,0,9,8,14,6,19,0,0,1,3,3,18,0,9,7,11,3,1,4907.56925021
20191,1123000501,76,49,27,0,5,14,29,20,8,0,3,9,19,12,6,0,2,5,10,8,2,4448.66788869
20191,1123000503,18,9,9,0,5,2,4,7,0,0,1,1,3,4,0,0,4,1,1,3,0,3128.38591877
20191,1123000505,17,13,4,0,0,3,3,7,4,0,0,2,1,6,4,0,0,1,2,1,0,13294.2598484
20191,1123000507,25,16,9,0,5,4,3,6,7,0,2,2,1,4,7,0,3,2,2,2,0,952.686306164
20191,1123000509,441,72,369,0,20,187,188,38,8,0,2,30,30,4,6,0,18,157,158,34,2,11470.3183516
20191,1123000511,10,8,2,0,3,2,2,2,1,0,3,2,1,1,1,0,0,0,1,1,0,4305.98197243
20191,1123000512,22,10,12,0,3,7,4,8,0,0,1,4,2,3,0,0,2,3,2,5,0,3553.68808835
20191,1123000514,25,13,12,0,3,5,4,7,6,0,0,4,1,4,4,0,3,1,3,3,2,2193.60602531
20191,1123000515,15,11,4,0,4,3,6,2,0,0,3,1,5,2,0,0,1,2,1,0,0,1875.14881361
20191,1123000516,45,29,16,0,4,13,16,12,0,0,2,10,9,8,0,0,2,3,7,4,0,1917.43399775
20191,1123000517,55,25,30,0,26,14,5,8,2,0,10,7,2,5,1,0,16,7,3,3,1,2068.40407842
20191,1123000518,2495,1876,619,14,556,1000,695,226,4,0,295,726,634,217,4,14,261,274,61,9,0,3697.23560324
20191,1123000519,50,37,13,0,5,12,8,14,11,0,4,9,3,10,11,0,1,3,5,4,0,1913.52529964
20191,1123000520,112,30,82,0,0,4,5,11,92,0,0,3,2,4,21,0,0,1,3,7,71,6492.02410893
20191,1123000521,10,9,1,0,0,2,4,1,3,0,0,1,4,1,3,0,0,1,0,0,0,2853.66387992
20191,1123000524,34,15,19,0,7,7,9,9,2,0,2,5,3,5,0,0,5,2,6,4,2,3560.15397671
20191,1123000525,53,31,22,0,7,21,9,6,10,0,4,11,5,4,7,0,3,10,4,2,3,3848.48964201
20191,1123000526,248,119,129,0,39,63,70,54,22,0,7,33,48,16,15,0,32,30,22,38,7,5716.78029794
20191,1123000527,28,13,15,0,6,8,3,5,6,0,4,3,1,2,3,0,2,5,2,3,3,2035.00329444
20191,1123000528,4,1,3,0,0,0,0,2,2,0,0,0,0,0,1,0,0,0,0,2,1,1943.83552247
20191,1123000529,11,7,4,0,2,5,0,3,1,0,1,2,0,3,1,0,1,3,0,0,0,2224.52256163
20191,1123000530,26,21,5,0,2,3,10,10,1,0,1,3,8,8,1,0,1,0,2,2,0,2197.52072203
20191,1123000531,20,16,4,0,6,0,7,4,3,0,6,0,4,3,3,0,0,0,3,1,0,1922.42265679
20191,1123000532,23,17,6,0,1,3,8,10,1,0,1,3,6,6,1,0,0,0,2,4,0,2005.12669396
20191,1123000533,34,14,20,0,2,6,12,13,1,0,0,3,6,5,0,0,2,3,6,8,1,6303.82036938
20191,1123000534,15,9,6,0,3,4,4,4,0,0,3,0,3,3,0,0,0,4,1,1,0,969.415456872
20191,1123000535,32,22,10,0,3,4,15,8,2,0,3,2,9,6,2,0,0,2,6,2,0,3600.84699736
20191,1123000539,59,32,27,0,14,16,9,15,5,0,5,8,6,9,4,0,9,8,3,6,1,1962.13418735
20191,1123000541,6,3,3,0,0,1,1,4,0,0,0,0,0,3,0,0,0,1,1,1,0,3446.23332823
20191,1123000542,18,11,7,0,0,1,1,5,11,0,0,1,1,2,7,0,0,0,0,3,4,21216.7836092
20191,1123000543,182,75,107,0,38,28,36,47,33,0,18,16,14,14,13,0,20,12,22,33,20,11651.5127601
20191,1123000544,137,32,105,0,31,38,11,14,43,0,0,6,4,3,19,0,31,32,7,11,24,1591.94412169
20191,1123000547,18,4,14,0,5,6,1,6,0,0,0,3,0,1,0,0,5,3,1,5,0,2448.82469674
20191,1123000548,33,16,17,0,1,9,11,9,3,0,1,5,4,5,1,0,0,4,7,4,2,2482.52158477
20191,1123000549,12,11,1,0,1,2,3,5,1,0,1,2,3,4,1,0,0,0,0,1,0,1777.54923764
20191,1123000550,2,1,1,0,1,0,0,1,0,0,0,0,0,1,0,0,1,0,0,0,0,2689.27057545
20191,1123000551,4924,2030,2894,3,357,1222,1907,1292,143,2,178,746,710,369,25,1,179,476,1197,923,118,10360.0348741
20191,1123000552,3,2,1,0,0,1,0,2,0,0,0,1,0,1,0,0,0,0,0,1,0,2822.15133736
20191,1123000553,9,3,6,0,1,1,3,2,2,0,0,0,1,1,1,0,1,1,2,1,1,2315.44433707
20191,1123000554,7,1,6,0,0,0,1,3,3,0,0,0,0,0,1,0,0,0,1,3,2,797.064897408
20191,1123000555,143,81,62,0,22,40,37,31,13,0,15,23,21,14,8,0,7,17,16,17,5,3369.23975255
20191,1123000556,109,66,43,0,11,30,23,29,16,0,6,20,12,17,11,0,5,10,11,12,5,9303.72420376
20191,1123000557,44,29,15,0,4,10,14,15,1,0,2,7,12,7,1,0,2,3,2,8,0,2772.82436557
20191,1123000558,19,15,4,0,2,5,7,2,3,0,0,5,5,2,3,0,2,0,2,0,0,2539.3125673
20191,1123000560,22,15,7,0,0,5,5,3,9,0,0,3,3,1,8,0,0,2,2,2,1,2934.61586342
20191,1123000561,8,3,5,0,0,1,3,2,2,0,0,0,1,1,1,0,0,1,2,1,1,1737.6047196
20191,1123000562,21,11,10,0,0,2,8,5,6,0,0,1,4,3,3,0,0,1,4,2,3,1811.24298432
20191,1123000563,8,6,2,0,0,3,2,2,1,0,0,3,1,1,1,0,0,0,1,1,0,2957.4947786
20191,1123000564,26,21,5,0,1,4,8,12,1,0,0,4,6,10,1,0,1,0,2,2,0,2121.6648195
20191,1123000565,102,63,39,0,11,25,34,27,5,0,3,15,24,16,5,0,8,10,10,11,0,4675.14201419
20191,1123000566,77,41,36,0,14,21,19,8,15,0,6,11,9,6,9,0,8,10,10,2,6,2470.47226513
20191,1123000567,23,19,4,0,1,4,4,8,6,0,1,4,2,7,5,0,0,0,2,1,1,2431.47574291
20191,1123000568,44,19,25,0,6,11,15,7,5,0,2,4,7,3,3,0,4,7,8,4,2,2209.02915775
20191,1123000569,39,22,17,0,6,10,9,11,3,0,3,4,6,8,1,0,3,6,3,3,2,4287.90569515
20191,1123000570,25,13,12,0,2,10,5,6,2,0,1,7,1,3,1,0,1,3,4,3,1,2939.5225765
20191,1123000571,18,11,7,0,2,3,7,2,4,0,1,2,4,1,3,0,1,1,3,1,1,1716.47034127
20191,1123000576,3,2,1,0,0,0,0,1,2,0,0,0,0,1,1,0,0,0,0,0,1,3058.24911753
20191,1123000577,21,18,3,0,0,3,12,5,1,0,0,3,11,3,1,0,0,0,1,2,0,1907.65500781
20191,1123000581,1021,326,695,0,217,241,326,171,66,0,27,75,103,64,57,0,190,166,223,107,9,10109.4401727
20191,1123000582,4,3,1,0,0,2,1,0,1,0,0,1,1,0,1,0,0,1,0,0,0,1138.96438792
20191,1123000583,85,46,39,0,16,15,23,13,18,0,5,8,14,9,10,0,11,7,9,4,8,6558.03722184
20191,1123000585,26,17,9,0,1,7,9,4,5,0,1,6,5,3,2,0,0,1,4,1,3,3607.9552115
20191,1123000587,3,2,1,0,0,0,3,0,0,0,0,0,2,0,0,0,0,0,1,0,0,1691.30119912
20191,1123000588,2260,1164,1096,2,222,525,580,710,221,2,87,211,245,468,151,0,135,314,335,242,70,13586.4982094
20191,1123000589,330,137,193,0,55,85,61,64,65,0,10,28,26,28,45,0,45,57,35,36,20,9406.4401534
20191,1123000590,73,32,41,0,19,13,24,15,2,0,8,7,11,6,0,0,11,6,13,9,2,12965.2219511
20191,1123000591,3,2,1,0,0,0,2,0,1,0,0,0,1,0,1,0,0,0,1,0,0,2605.50341065
20191,1123000592,49,32,17,0,7,18,13,8,3,0,2,11,12,6,1,0,5,7,1,2,2,2045.69248671
20191,1123000593,20,10,10,0,2,0,7,9,2,0,0,0,2,7,1,0,2,0,5,2,1,2224.96319264
20191,1123000594,35,28,7,0,9,11,4,4,7,0,5,11,3,4,5,0,4,0,1,0,2,1405.42039128
20191,1123000595,40,21,19,0,7,13,10,7,3,0,4,5,6,3,3,0,3,8,4,4,0,1885.58957413
20191,1123000596,49,26,23,0,6,13,11,13,6,0,4,6,6,7,3,0,2,7,5,6,3,2079.86290593
20191,1123000598,14,9,5,0,1,1,6,5,1,0,1,1,2,4,1,0,0,0,4,1,0,1951.17131422
20191,1123000599,14,10,4,0,1,2,2,3,6,0,0,1,2,3,4,0,1,1,0,0,2,1823.27345438
20191,1123000600,26,16,10,0,1,5,9,6,5,0,1,3,5,4,3,0,0,2,4,2,2,2162.62447898
20191,1123000602,2,1,1,0,0,0,0,1,1,0,0,0,0,0,1,0,0,0,0,1,0,2931.45358807
20191,1123000603,19,9,10,0,4,4,7,4,0,0,1,1,4,3,0,0,3,3,3,1,0,2358.07625861
20191,1123000604,5,3,2,0,1,2,0,1,1,0,0,2,0,0,1,0,1,0,0,1,0,2093.01953685
20191,1123000605,245,109,136,0,10,31,37,70,97,0,5,14,19,28,43,0,5,17,18,42,54,4346.21841473
20191,1123000606,9,8,1,0,1,1,2,5,0,0,1,1,2,4,0,0,0,0,0,1,0,3125.15005907
20191,1123000607,33,3,30,0,2,2,7,8,14,0,0,0,1,0,2,0,2,2,6,8,12,3249.3479218
20191,1123000608,67,15,52,0,4,5,8,12,38,0,2,1,4,3,5,0,2,4,4,9,33,2625.83904468
20191,1123000613,9,4,5,0,1,1,5,1,1,0,1,0,2,1,0,0,0,1,3,0,1,1818.15010802
20191,1123000614,7,5,2,0,0,0,3,1,3,0,0,0,2,0,3,0,0,0,1,1,0,3246.01714871
20191,1123000615,19,13,6,0,4,3,4,8,0,0,2,3,2,6,0,0,2,0,2,2,0,1543.17841073
20191,1123000616,364,80,284,0,64,123,72,70,35,0,5,20,18,26,11,0,59,103,54,44,24,7002.64869002
20191,1123000618,1,1,0,0,0,0,1,0,0,0,0,0,1,0,0,0,0,0,0,0,0,1363.53367951
20191,1123000620,3,2,1,0,0,0,2,1,0,0,0,0,1,1,0,0,0,0,1,0,0,1364.90967533
20191,1123000621,15,7,8,0,1,3,7,3,1,0,0,1,3,2,1,0,1,2,4,1,0,1668.83691379
20191,1123000622,1015,463,552,2,67,93,115,277,461,2,37,55,66,95,208,0,30,38,49,182,253,8139.28415819
20191,1123000623,5,4,1,0,0,0,1,2,2,0,0,0,1,1,2,0,0,0,0,1,0,3248.84264715
20191,1123000624,87,51,36,1,16,22,19,15,14,0,4,14,11,11,11,1,12,8,8,4,3,4937.56851411
20191,1123000625,2,2,0,0,0,1,0,0,1,0,0,1,0,0,1,0,0,0,0,0,0,1970.97531191
20191,1123000626,40,30,10,0,3,11,8,8,10,0,3,6,7,6,8,0,0,5,1,2,2,3635.86047217
20191,1123000627,18,3,15,0,2,1,10,4,1,0,0,0,1,1,1,0,2,1,9,3,0,8179.49828885
20191,1123000628,22,14,8,0,3,5,8,6,0,0,3,3,3,5,0,0,0,2,5,1,0,3183.56836114
20191,1123000630,6,3,3,0,1,0,2,2,1,0,0,0,1,1,1,0,1,0,1,1,0,4726.51273309
20191,1123000632,16,7,9,0,1,0,1,9,5,0,0,0,0,4,3,0,1,0,1,5,2,3291.44978894
20191,1123000634,26,19,7,0,6,3,8,6,3,0,3,3,5,5,3,0,3,0,3,1,0,2162.78508597
20191,1123000635,48,36,12,0,2,8,23,11,4,0,1,6,15,10,4,0,1,2,8,1,0,2254.37723106
20191,1123000636,16,10,6,0,1,0,5,7,3,0,0,0,3,5,2,0,1,0,2,2,1,2583.12862341
20191,1123000638,38,21,17,0,7,10,9,5,7,0,2,3,6,3,7,0,5,7,3,2,0,4376.3797947
20191,1123000639,125,69,56,0,20,27,37,28,13,0,10,19,19,14,7,0,10,8,18,14,6,5975.26547421
20191,1123000642,380,139,241,0,35,53,68,99,125,0,6,14,26,26,67,0,29,39,42,73,58,9087.70959967
20191,1123000643,11,6,5,0,1,2,4,3,1,0,1,2,1,2,0,0,0,0,3,1,1,2740.57515841
20191,1123000644,2,1,1,0,0,0,0,1,1,0,0,0,0,0,1,0,0,0,0,1,0,1701.99413412
20191,1123000645,7,5,2,0,0,4,2,1,0,0,0,2,2,1,0,0,0,2,0,0,0,1601.23263639
20191,1123000646,8,5,3,0,0,1,5,0,2,0,0,1,3,0,1,0,0,0,2,0,1,1378.44414946
20191,1123000647,8,4,4,0,0,0,2,1,5,0,0,0,2,0,2,0,0,0,0,1,3,3823.8667826
20191,1123000653,234,133,101,1,15,33,82,55,48,0,6,14,41,34,38,1,9,19,41,21,10,8637.43186113
20191,1123000654,94,51,43,0,10,30,24,18,12,0,4,16,14,9,8,0,6,14,10,9,4,6619.07270546
20191,1123000656,16,10,6,0,2,1,3,4,6,0,1,1,2,1,5,0,1,0,1,3,1,2449.27811575
20191,1123000657,2,1,1,0,0,0,1,1,0,0,0,0,1,0,0,0,0,0,0,1,0,1230.53015294
20191,1123000659,15,11,4,0,0,3,5,4,3,0,0,2,2,4,3,0,0,1,3,0,0,6366.2523986
20191,1123000660,334,220,114,1,81,90,96,52,14,1,34,72,67,38,8,0,47,18,29,14,6,2911.98424896
20191,1123000661,15,8,7,0,3,2,4,4,2,0,1,1,3,3,0,0,2,1,1,1,2,2518.69245769
20191,1123000662,38,18,20,0,7,11,9,3,8,0,1,6,5,1,5,0,6,5,4,2,3,5277.1018916
20191,1123000663,2,1,1,0,0,2,0,0,0,0,0,1,0,0,0,0,0,1,0,0,0,1736.46539144
20191,1123000664,53,25,28,0,0,13,18,15,7,0,0,6,8,7,4,0,0,7,10,8,3,5699.66764004
20191,1123000665,5,3,2,0,0,5,0,0,0,0,0,3,0,0,0,0,0,2,0,0,0,2503.09760121
20191,1123000666,60,38,22,0,3,11,14,24,8,0,3,6,8,17,4,0,0,5,6,7,4,5564.95403295
20191,1123000667,82,36,46,0,14,26,16,20,6,0,4,13,8,7,4,0,10,13,8,13,2,4317.78726912
20191,1123000670,68,52,16,0,2,20,16,19,11,0,0,15,11,17,9,0,2,5,5,2,2,4668.64406334
20191,1123000671,13,11,2,0,1,1,6,4,1,0,1,1,5,3,1,0,0,0,1,1,0,1747.18607916
20191,1123000672,18,11,7,0,0,1,2,5,10,0,0,0,1,3,7,0,0,1,1,2,3,2895.57394366
20191,1123000674,62,13,49,0,13,10,22,12,5,0,5,0,3,1,4,0,8,10,19,11,1,22176.719608
20191,1123000675,315,98,217,17,173,61,31,17,16,5,33,30,15,6,9,12,140,31,16,11,7,7731.02447436
20191,1123000677,4,2,2,0,0,0,3,1,0,0,0,0,1,1,0,0,0,0,2,0,0,521.072800202
20191,1123000678,27,17,10,0,0,4,4,14,5,0,0,0,3,10,4,0,0,4,1,4,1,1902.95409476
20191,1123000679,20,10,10,0,6,7,3,3,1,0,1,4,2,2,1,0,5,3,1,1,0,3943.56302881
20191,1123000680,3,2,1,0,0,0,3,0,0,0,0,0,2,0,0,0,0,0,1,0,0,903.699622706
20191,1123000681,70,32,38,0,16,24,7,17,6,0,6,12,3,8,3,0,10,12,4,9,3,5436.58843236
20191,1123000682,13,9,4,0,0,4,2,5,2,0,0,3,1,3,2,0,0,1,1,2,0,5662.97446008
20191,1123000685,6,4,2,0,2,0,3,0,1,0,1,0,3,0,0,0,1,0,0,0,1,1970.57507247
20191,1123000687,52,22,30,0,18,18,8,3,5,0,6,7,4,2,3,0,12,11,4,1,2,1014.88909268
20191,1123000688,13,1,12,0,0,0,2,7,4,0,0,0,0,0,1,0,0,0,2,7,3,1383.17360385
20191,1123000689,17,10,7,0,4,10,2,0,1,0,1,7,1,0,1,0,3,3,1,0,0,3315.67715596
20191,1123000692,5,2,3,0,0,2,2,1,0,0,0,2,0,0,0,0,0,0,2,1,0,4347.51199684
20191,1123000693,10,6,4,0,1,2,0,3,4,0,1,1,0,2,2,0,0,1,0,1,2,1490.47639101
20191,1123000695,8,6,2,1,0,2,3,1,1,1,0,2,2,0,1,0,0,0,1,1,0,1538.9729866
20191,1123000696,1,0,1,0,0,1,0,0,0,0,0,0,0,0,0,0,0,1,0,0,0,1104.57614292
20191,1123000697,30,20,10,0,4,9,7,6,4,0,3,8,3,4,2,0,1,1,4,2,2,3301.47939503
20191,1123000700,10,5,5,0,3,5,1,1,0,0,1,2,1,1,0,0,2,3,0,0,0,1247.08921997
20191,1123000701,10,6,4,0,4,4,2,0,0,0,1,4,1,0,0,0,3,0,1,0,0,942.636496903
20191,1123000703,16,12,4,0,5,3,5,2,1,0,3,3,3,2,1,0,2,0,2,0,0,7265.07941009
20191,1123000704,7,5,2,0,0,1,2,3,1,0,0,1,1,2,1,0,0,0,1,1,0,3082.5145774
20191,1123000705,5,3,2,0,0,1,4,0,0,0,0,1,2,0,0,0,0,0,2,0,0,1596.74293671
20191,1123000707,2,1,1,0,0,0,1,1,0,0,0,0,0,1,0,0,0,0,1,0,0,11145.9383493
20191,1123000708,26,18,8,0,1,7,12,3,3,0,1,4,9,1,3,0,0,3,3,2,0,1708.26545095
20191,1123000710,4,3,1,0,0,1,0,2,1,0,0,0,0,2,1,0,0,1,0,0,0,2036.58428895
20191,1123000712,2,2,0,0,0,0,1,0,1,0,0,0,1,0,1,0,0,0,0,0,0,1580.42599393
20191,1123000714,5,4,1,0,0,0,3,1,1,0,0,0,3,0,1,0,0,0,0,1,0,3931.34369027
20191,1123000715,15,3,12,0,1,3,6,5,0,0,0,2,0,1,0,0,1,1,6,4,0,1539.3655359
20191,1123000716,3,3,0,0,0,0,0,2,1,0,0,0,0,2,1,0,0,0,0,0,0,1281.76007176
20191,1123000717,22,14,8,0,3,1,7,11,0,0,0,0,4,10,0,0,3,1,3,1,0,2914.74706095
20191,1123000719,100,77,23,0,7,20,24,26,23,0,2,15,19,22,19,0,5,5,5,4,4,1984.39986253
20191,1123000720,99,52,47,3,13,23,27,14,19,1,3,14,15,6,13,2,10,9,12,8,6,8968.58069041
20191,1123000721,1,0,1,0,0,0,1,0,0,0,0,0,0,0,0,0,0,0,1,0,0,1360.06184532
20191,1123000722,3,1,2,0,1,0,0,1,1,0,0,0,0,0,1,0,1,0,0,1,0,792.849162549
20191,1123000724,13,8,5,0,2,2,8,1,0,0,0,2,5,1,0,0,2,0,3,0,0,955.715533837
20191,1123000725,12,8,4,0,0,2,2,3,5,0,0,2,0,2,4,0,0,0,2,1,1,770.437710314
20191,1123000727,59,10,49,0,8,10,14,18,9,0,1,3,2,3,1,0,7,7,12,15,8,5519.61595065
20191,1123000728,39,18,21,1,3,12,12,6,5,0,2,7,5,2,2,1,1,5,7,4,3,2847.02821333
20191,1123000732,7,1,6,0,1,1,3,1,1,0,0,0,1,0,0,0,1,1,2,1,1,2573.09926262
20191,1123000733,88,49,39,0,10,9,24,21,24,0,5,6,13,12,13,0,5,3,11,9,11,5735.67251126
20191,1123000734,8,3,5,0,2,2,0,2,2,0,1,2,0,0,0,0,1,0,0,2,2,2058.93791616
20191,1123000736,143,92,51,0,30,42,27,28,16,0,12,33,13,23,11,0,18,9,14,5,5,9188.41281174
20191,1123000737,108,44,64,0,20,19,26,31,12,0,10,11,10,9,4,0,10,8,16,22,8,5914.93846871
20191,1123000738,244,178,66,0,10,15,18,46,155,0,7,6,13,31,121,0,3,9,5,15,34,3820.80092312
20191,1123000739,81,50,31,0,8,19,20,20,14,0,4,12,13,11,10,0,4,7,7,9,4,8825.02822343
20191,1123000740,32,22,10,0,6,9,6,7,4,0,3,7,5,3,4,0,3,2,1,4,0,3158.56877521
20191,1123000741,7,6,1,0,0,5,2,0,0,0,0,4,2,0,0,0,0,1,0,0,0,2262.5996034
20191,1123000746,103,50,53,0,38,34,14,15,2,0,16,21,7,5,1,0,22,13,7,10,1,3797.5155461
20191,1123000747,46,16,30,0,2,5,7,17,15,0,2,3,4,3,4,0,0,2,3,14,11,4229.15002906
20191,1123000749,264,168,96,0,56,98,38,26,46,0,33,59,21,14,41,0,23,39,17,12,5,4240.11981196
20191,1123000750,4,2,2,0,0,1,1,0,2,0,0,1,0,0,1,0,0,0,1,0,1,1467.73517561
20191,1123000751,152,69,83,0,47,51,22,22,10,0,11,24,15,11,8,0,36,27,7,11,2,4006.09273558
20191,1123000752,2,1,1,0,0,0,0,0,2,0,0,0,0,0,1,0,0,0,0,0,1,4238.20101213
20191,1123000753,6,3,3,0,0,1,0,1,4,0,0,1,0,0,2,0,0,0,0,1,2,3640.99294239
20191,1123000754,7,4,3,0,1,1,1,3,1,0,0,1,0,2,1,0,1,0,1,1,0,3635.66513278
20191,1123000756,40,14,26,0,8,13,11,4,4,0,0,5,2,4,3,0,8,8,9,0,1,4338.63340236
20191,1123000757,2,1,1,0,0,1,0,0,1,0,0,1,0,0,0,0,0,0,0,0,1,1594.95507326
20191,1123000758,131,69,62,1,12,21,19,25,53,0,9,18,11,11,20,1,3,3,8,14,33,4095.62700985
20191,1123000759,15,5,10,0,4,4,2,2,3,0,3,2,0,0,0,0,1,2,2,2,3,2448.02260624
20191,1123000761,778,337,441,3,286,308,111,48,22,1,106,126,49,37,18,2,180,182,62,11,4,6890.23982491
20191,1123000762,213,109,104,0,41,85,49,31,7,0,10,45,25,24,5,0,31,40,24,7,2,16004.2052743
20191,1123000764,202,55,147,0,60,72,44,21,5,0,4,28,13,6,4,0,56,44,31,15,1,4110.25781179
20191,1123000766,2,2,0,0,0,0,2,0,0,0,0,0,2,0,0,0,0,0,0,0,0,1247.24874098
20191,1123000767,26,17,9,0,1,7,11,5,2,0,1,5,8,2,1,0,0,2,3,3,1,1901.15458958
20191,1123000769,16,9,7,0,1,2,4,3,6,0,1,0,1,3,4,0,0,2,3,0,2,2206.66753405
20191,1123000770,236,141,95,0,36,55,73,44,28,0,12,32,48,28,21,0,24,23,25,16,7,11464.3050017
20191,1123000771,20,6,14,0,0,5,5,6,4,0,0,3,1,1,1,0,0,2,4,5,3,7711.03821271
20191,1123000772,16,6,10,0,3,2,2,5,4,0,3,1,0,0,2,0,0,1,2,5,2,4132.53707003
20191,1123000774,33,14,19,0,1,12,9,7,4,0,0,4,4,2,4,0,1,8,5,5,0,2395.23824756
20191,1123000775,46,24,22,2,15,8,7,11,3,1,4,5,6,6,2,1,11,3,1,5,1,7559.6167189
20191,1123000776,164,89,75,1,31,30,41,29,32,0,7,10,28,18,26,1,24,20,13,11,6,4645.15896643
20191,1123000777,27,21,6,0,0,2,2,10,13,0,0,2,2,7,10,0,0,0,0,3,3,4637.37759361
20191,1123000779,58,34,24,0,1,7,21,20,9,0,1,6,14,6,7,0,0,1,7,14,2,3420.31595081
20191,1123000783,40,13,27,0,5,7,13,9,6,0,2,1,4,3,3,0,3,6,9,6,3,2849.07207398
20191,1123000784,30,24,6,0,1,5,13,4,7,0,1,4,11,2,6,0,0,1,2,2,1,9942.58958689
20191,1123000785,98,91,7,0,4,24,43,17,10,0,4,20,40,17,10,0,0,4,3,0,0,3943.49847808
20191,1123000787,6,4,2,0,1,1,0,2,2,0,0,0,0,2,2,0,1,1,0,0,0,2845.04936832
20191,1123000788,64,34,30,0,3,17,22,15,7,0,2,7,10,9,6,0,1,10,12,6,1,2837.51426934
20191,1123000789,6,4,2,0,2,2,1,0,1,0,2,2,0,0,0,0,0,0,1,0,1,2768.80387898
20191,1123000790,37,23,14,0,9,6,8,11,3,0,3,3,7,9,1,0,6,3,1,2,2,7394.77884981
20191,1123000791,10,4,6,0,0,3,5,1,1,0,0,1,3,0,0,0,0,2,2,1,1,6190.17818905
20191,1123000792,307,229,78,0,21,39,49,55,143,0,10,22,22,41,134,0,11,17,27,14,9,3241.68558175
20191,1123000793,2,0,2,0,0,1,0,0,1,0,0,0,0,0,0,0,0,1,0,0,1,2562.9467006
20191,1123000794,6,4,2,0,0,0,1,2,3,0,0,0,0,1,3,0,0,0,1,1,0,5526.98765954
20191,1123000795,5,4,1,0,0,0,4,0,1,0,0,0,4,0,0,0,0,0,0,0,1,2062.77761691
20191,1123000796,4,0,4,0,0,1,2,1,0,0,0,0,0,0,0,0,0,1,2,1,0,2548.54200245
20191,1123000797,23,16,7,0,2,4,10,2,5,0,2,3,6,1,4,0,0,1,4,1,1,8036.97057082
20191,1123000799,203,107,96,0,17,50,66,52,18,0,7,21,31,34,14,0,10,29,35,18,4,35453.1704954
20191,1123000804,105,40,65,0,35,30,22,15,3,0,15,10,7,6,2,0,20,20,15,9,1,6529.5723876
20191,1123000805,11,5,6,0,1,2,4,4,0,0,0,1,3,1,0,0,1,1,1,3,0,8770.34867432
20191,1123000806,3,3,0,0,0,0,0,2,1,0,0,0,0,2,1,0,0,0,0,0,0,3574.87789573
20191,1123000808,25,16,9,0,6,9,4,5,1,0,5,5,2,3,1,0,1,4,2,2,0,1094.40107989
20191,1123000809,4,2,2,0,0,0,1,0,3,0,0,0,0,0,2,0,0,0,1,0,1,4624.25370529
20191,1123000810,2,2,0,0,0,0,0,1,1,0,0,0,0,1,1,0,0,0,0,0,0,1262.72374307
20191,1123000811,2,0,2,0,0,1,0,0,1,0,0,0,0,0,0,0,0,1,0,0,1,1581.86584045
20191,1123000812,85,63,22,0,9,21,28,13,14,0,5,16,22,10,10,0,4,5,6,3,4,3035.88478622
20191,1123000813,19,6,13,0,4,4,4,6,1,0,1,0,0,4,1,0,3,4,4,2,0,3432.33033692
20191,1123000814,35,25,10,0,5,6,9,2,13,0,3,3,8,2,9,0,2,3,1,0,4,6328.78202065
20191,1123000818,22,15,7,0,0,7,4,7,4,0,0,5,2,5,3,0,0,2,2,2,1,11921.0973824
20191,1123000821,14,2,12,0,3,3,4,3,1,0,0,0,0,1,1,0,3,3,4,2,0,6999.5667647
20191,1123000822,101,55,46,0,13,27,34,15,12,0,8,14,19,7,7,0,5,13,15,8,5,6013.87445249
20191,1123000823,20,12,8,0,1,1,5,7,6,0,1,0,1,6,4,0,0,1,4,1,2,2165.13348129
20191,1123000824,10,0,10,0,5,2,0,2,1,0,0,0,0,0,0,0,5,2,0,2,1,2499.86282906
20191,1123000826,26,15,11,0,2,4,8,5,7,0,1,2,6,3,3,0,1,2,2,2,4,4934.16602867
20191,1123000827,5,4,1,0,0,1,4,0,0,0,0,1,3,0,0,0,0,0,1,0,0,1013.17280317
20191,1123000828,8,5,3,0,0,2,2,2,2,0,0,1,2,1,1,0,0,1,0,1,1,2999.95610432
20191,1123000829,32,27,5,0,3,7,13,5,4,0,2,6,11,4,4,0,1,1,2,1,0,10360.8752738
20191,1123000830,62,38,24,0,12,17,18,11,4,0,6,9,12,7,4,0,6,8,6,4,0,7393.05431544
20191,1123000831,16,9,7,0,3,1,4,1,7,0,1,1,2,1,4,0,2,0,2,0,3,2969.82232353
20191,1123000833,52,26,26,0,7,19,16,6,4,0,2,10,8,3,3,0,5,9,8,3,1,11952.4452845
20191,1123000835,6,6,0,0,0,0,3,3,0,0,0,0,3,3,0,0,0,0,0,0,0,1111.49576141
20191,1123000836,29,22,7,0,6,6,11,6,0,0,5,4,8,5,0,0,1,2,3,1,0,2788.69944117
20191,1123000837,4,2,2,0,1,1,0,0,2,0,0,1,0,0,1,0,1,0,0,0,1,2386.50490123
20191,1123000838,14,9,5,0,3,5,3,1,2,0,2,2,3,1,1,0,1,3,0,0,1,1206.35704805
20191,1123000839,4,3,1,0,0,0,2,1,1,0,0,0,1,1,1,0,0,0,1,0,0,1056.1781095
20191,1123000840,77,55,22,1,3,6,14,12,41,0,3,5,10,7,30,1,0,1,4,5,11,3559.81870719
20191,1123000841,23,17,6,0,1,4,8,3,7,0,1,3,5,3,5,0,0,1,3,0,2,17054.004377
20191,1123000843,11,8,3,0,0,3,3,4,1,0,0,2,2,3,1,0,0,1,1,1,0,2048.99462376
20191,1123000844,42,26,16,0,3,7,12,11,9,0,2,2,7,7,8,0,1,5,5,4,1,3432.34716877
20191,1123000845,10,7,3,0,0,0,3,0,7,0,0,0,2,0,5,0,0,0,1,0,2,2260.48510389
20191,1123000846,55,23,32,0,9,16,17,5,8,0,1,7,8,3,4,0,8,9,9,2,4,2268.05573689
20191,1123000847,28,23,5,0,1,6,5,7,9,0,1,4,4,6,8,0,0,2,1,1,1,2418.13496029
20191,1123000848,58,45,13,0,10,15,18,12,3,0,6,12,16,9,2,0,4,3,2,3,1,3474.14869826
20191,1123000849,19,8,11,0,0,2,7,7,3,0,0,1,2,3,2,0,0,1,5,4,1,2202.90659378
20191,1123000850,11,4,7,0,1,1,4,3,2,0,0,0,2,1,1,0,1,1,2,2,1,3219.71305901
20191,1123000851,14,6,8,0,5,1,1,4,3,0,3,1,0,1,1,0,2,0,1,3,2,5606.01333844
20191,1123000852,2,2,0,0,0,0,1,1,0,0,0,0,1,1,0,0,0,0,0,0,0,1578.57854434
20191,1123000855,6,3,3,0,2,2,1,0,1,0,1,1,0,0,1,0,1,1,1,0,0,1882.77985249
20191,1123000857,15,2,13,0,8,1,0,3,3,0,0,0,0,0,2,0,8,1,0,3,1,3051.58675781
20191,1123000858,24,12,12,0,2,4,13,4,1,0,0,2,6,4,0,0,2,2,7,0,1,2766.90389094
20191,1123000860,68,42,26,0,9,26,9,11,13,0,3,22,6,3,8,0,6,4,3,8,5,8391.36259807
20191,1123000863,5,0,5,0,0,0,3,2,0,0,0,0,0,0,0,0,0,0,3,2,0,2100.18640776
20191,1123000870,4,1,3,0,0,0,1,0,3,0,0,0,0,0,1,0,0,0,1,0,2,2588.42405897
20191,1123000871,23,12,11,0,3,4,6,6,4,0,0,2,3,4,3,0,3,2,3,2,1,6143.96655999
20191,1123000873,12,6,6,0,1,5,1,2,3,0,0,3,0,1,2,0,1,2,1,1,1,3531.93565764
20191,1123000877,7,5,2,0,1,1,0,4,1,0,0,1,0,3,1,0,1,0,0,1,0,2928.75373941
20191,1123000879,37,13,24,0,2,5,13,11,6,0,1,4,4,2,2,0,1,1,9,9,4,3399.64835843
20191,1123000880,7,1,6,0,1,1,3,0,2,0,0,0,0,0,1,0,1,1,3,0,1,3422.0005008
20191,1123000883,10,7,3,0,0,2,4,2,2,0,0,2,3,1,1,0,0,0,1,1,1,2125.16655741
20191,1123000885,7,3,4,0,1,1,1,2,2,0,0,1,0,1,1,0,1,0,1,1,1,4414.9947989
20191,1123000887,61,30,31,0,17,13,14,13,4,0,5,10,5,7,3,0,12,3,9,6,1,8606.23512171
20191,1123000889,17,9,8,0,1,6,7,1,2,0,0,2,4,1,2,0,1,4,3,0,0,2234.79247841
20191,1123000890,3,1,2,0,1,1,0,1,0,0,0,1,0,0,0,0,1,0,0,1,0,1130.94503248
20191,1123000892,13,7,6,0,0,0,9,1,3,0,0,0,3,1,3,0,0,0,6,0,0,1482.01424451
20191,1123000896,21,15,6,0,4,8,8,1,0,0,1,8,5,1,0,0,3,0,3,0,0,3852.66229586
20191,1123000900,30,10,20,0,3,3,4,8,12,0,2,3,0,2,3,0,1,0,4,6,9,8449.230904
20191,1123000903,29,18,11,0,4,5,14,4,2,0,4,2,9,2,1,0,0,3,5,2,1,4101.30733984
20191,1123000906,4,1,3,0,1,0,2,1,0,0,1,0,0,0,0,0,0,0,2,1,0,1517.94643736
20191,1123000907,5,3,2,0,1,2,1,1,0,0,0,2,0,1,0,0,1,0,1,0,0,2095.80211676
20191,1123000908,6,2,4,0,2,2,1,1,0,0,0,0,1,1,0,0,2,2,0,0,0,944.234403223
20191,1123000913,1,1,0,0,1,0,0,0,0,0,1,0,0,0,0,0,0,0,0,0,0,925.256727922
20191,1123000917,1,0,1,0,0,0,1,0,0,0,0,0,0,0,0,0,0,0,1,0,0,1746.09000484
20191,1123000921,2,2,0,0,0,2,0,0,0,0,0,2,0,0,0,0,0,0,0,0,0,1824.93264112
20191,1123000922,20,10,10,0,4,5,1,5,5,0,3,4,1,1,1,0,1,1,0,4,4,2397.62565878
20191,1123000923,2,1,1,0,0,0,2,0,0,0,0,0,1,0,0,0,0,0,1,0,0,802.925255546
20191,1123000924,8,2,6,0,1,3,2,1,1,0,0,0,1,1,0,0,1,3,1,0,1,3349.21343777
20191,1123000929,6,3,3,0,0,0,1,5,0,0,0,0,1,2,0,0,0,0,0,3,0,1187.87711024
20191,1123000930,12,4,8,0,4,3,5,0,0,0,1,1,2,0,0,0,3,2,3,0,0,1800.81554107
20191,1123000933,39,15,24,0,18,12,5,3,1,0,2,9,3,1,0,0,16,3,2,2,1,2075.67256411
20191,1123000934,2,1,1,0,1,1,0,0,0,0,0,1,0,0,0,0,1,0,0,0,0,5033.75205013
20191,1123000935,19,8,11,1,6,3,3,6,0,0,4,2,0,2,0,1,2,1,3,4,0,5658.86112854
20191,1123000938,43,16,27,0,5,14,13,10,1,0,0,4,5,7,0,0,5,10,8,3,1,1822.39100718
20191,1123000941,7,4,3,0,3,0,2,2,0,0,2,0,1,1,0,0,1,0,1,1,0,805.764928237
20191,1123000942,13,5,8,0,2,6,1,0,4,0,1,2,0,0,2,0,1,4,1,0,2,2469.10378439
20191,1123000945,34,20,14,0,7,4,12,9,2,0,5,3,7,4,1,0,2,1,5,5,1,3355.9090762
20191,1123000946,8,3,5,0,0,1,5,1,1,0,0,0,3,0,0,0,0,1,2,1,1,1774.27999195
20191,1123000949,22,10,12,0,3,11,4,1,3,0,1,4,3,0,2,0,2,7,1,1,1,1253.45301219
20191,1123000950,21,12,9,1,9,6,2,2,1,1,6,3,1,0,1,0,3,3,1,2,0,2396.85840994
20191,1123000954,10,4,6,0,1,2,6,0,1,0,1,2,1,0,0,0,0,0,5,0,1,4708.06271298
20191,1123000957,6,1,5,0,2,0,1,3,0,0,0,0,0,1,0,0,2,0,1,2,0,2804.75312681
20191,1123000958,22,15,7,0,2,6,4,4,6,0,2,3,3,3,4,0,0,3,1,1,2,6868.69509997
20191,1123000960,11,7,4,0,0,3,4,3,1,0,0,2,3,2,0,0,0,1,1,1,1,1899.39653633
20191,1123000962,2,1,1,0,0,0,2,0,0,0,0,0,1,0,0,0,0,0,1,0,0,1125.21900518
20191,1123000964,24,12,12,2,8,8,2,4,0,1,3,4,2,2,0,1,5,4,0,2,0,2030.53774226
20191,1123000967,3,2,1,0,0,0,2,0,1,0,0,0,1,0,1,0,0,0,1,0,0,2856.4776232
20191,1123000969,9,7,2,0,2,3,2,2,0,0,1,3,2,1,0,0,1,0,0,1,0,3966.53727376
20191,1123000975,31,20,11,0,6,10,4,9,2,0,5,6,1,7,1,0,1,4,3,2,1,4277.10327787
20191,1123000976,7,0,7,0,0,0,6,1,0,0,0,0,0,0,0,0,0,0,6,1,0,3398.02084279
20191,1123000978,8,4,4,0,0,2,3,2,1,0,0,0,2,1,1,0,0,2,1,1,0,1836.00903797
20191,1123000979,28,9,19,1,6,2,2,8,9,1,5,2,0,1,0,0,1,0,2,7,9,9758.30407219
20191,1123000983,20,6,14,0,4,5,3,4,4,0,1,1,0,1,3,0,3,4,3,3,1,2366.24545472
20191,1123000990,7,4,3,0,0,0,3,2,2,0,0,0,2,1,1,0,0,0,1,1,1,1305.98708829
20191,1123000991,6,4,2,0,0,1,3,2,0,0,0,0,3,1,0,0,0,1,0,1,0,1934.95753351
20191,1123000995,14,0,14,0,8,1,3,2,0,0,0,0,0,0,0,0,8,1,3,2,0,3073.87166788
20191,1123000997,2,2,0,0,0,1,0,1,0,0,0,1,0,1,0,0,0,0,0,0,0,1059.17523053
20191,1123001000,1,1,0,0,0,0,0,0,1,0,0,0,0,0,1,0,0,0,0,0,0,2394.42581509
20191,1123001002,6,0,6,0,0,3,0,2,1,0,0,0,0,0,0,0,0,3,0,2,1,4405.99332393
20191,1123001004,2,1,1,0,0,0,1,1,0,0,0,0,0,1,0,0,0,0,1,0,0,592.888807057
20191,1123001005,51,22,29,0,4,9,20,15,3,0,0,5,9,7,1,0,4,4,11,8,2,6633.87725523
20191,1123001007,2,1,1,0,0,1,0,1,0,0,0,1,0,0,0,0,0,0,0,1,0,1874.14025754
20191,1123001008,30,22,8,0,4,9,5,4,8,0,4,6,4,1,7,0,0,3,1,3,1,4966.72047992
20191,1123001009,2,1,1,0,0,0,2,0,0,0,0,0,1,0,0,0,0,0,1,0,0,3491.88435607
20191,1123001010,3,1,2,0,0,2,0,1,0,0,0,1,0,0,0,0,0,1,0,1,0,2510.94937435
20191,1123001011,9,7,2,0,5,3,0,1,0,0,4,2,0,1,0,0,1,1,0,0,0,3136.79801517
20191,1123001013,5,3,2,0,0,1,3,0,1,0,0,0,2,0,1,0,0,1,1,0,0,2311.56558557
20191,1123001021,20,2,18,0,1,4,9,3,3,0,0,0,0,0,2,0,1,4,9,3,1,2792.34741787
20191,1123001022,1439,863,576,1,90,332,456,412,148,1,22,150,267,302,121,0,68,182,189,110,27,75357.7962421
20191,1123001026,9,6,3,0,7,0,2,0,0,0,5,0,1,0,0,0,2,0,1,0,0,745.664953005
20191,1123001030,7,4,3,0,1,1,1,1,3,0,0,1,1,0,2,0,1,0,0,1,1,2631.50546448
20191,1123001033,1,1,0,0,0,0,0,1,0,0,0,0,0,1,0,0,0,0,0,0,0,720.278682842
20191,1123001034,2,1,1,0,0,0,1,1,0,0,0,0,0,1,0,0,0,0,1,0,0,2937.58974716
20191,1123001036,2723,1441,1282,3,325,710,831,587,267,0,86,258,467,411,219,3,239,452,364,176,48,86181.752073
20191,1123001041,15,7,8,0,4,2,4,4,1,0,0,2,3,2,0,0,4,0,1,2,1,3891.79118463
20191,1123001045,5,3,2,1,2,0,0,2,0,0,2,0,0,1,0,1,0,0,0,1,0,2351.49627459
20191,1123001046,2,1,1,0,0,0,2,0,0,0,0,0,1,0,0,0,0,0,1,0,0,2563.65278008
20191,1123001047,8,2,6,0,1,1,4,1,1,0,0,0,2,0,0,0,1,1,2,1,1,5773.03312329
20191,1123001048,41,16,25,0,10,9,18,2,2,0,1,6,5,2,2,0,9,3,13,0,0,5667.90612722
20191,1123001049,1,0,1,0,0,0,1,0,0,0,0,0,0,0,0,0,0,0,1,0,0,2908.9263683
20191,1123001051,39,12,27,0,6,1,17,8,7,0,1,1,3,2,5,0,5,0,14,6,2,12705.1673298
20191,1123001052,2,0,2,0,0,0,2,0,0,0,0,0,0,0,0,0,0,0,2,0,0,2913.25226694
20191,1123001054,12,2,10,0,3,4,2,2,1,0,1,0,0,0,1,0,2,4,2,2,0,3013.48149689
20191,1123001057,32,19,13,0,3,5,10,8,6,0,1,4,4,5,5,0,2,1,6,3,1,3302.94712939
20191,1123001058,3,2,1,0,1,0,1,1,0,0,0,0,1,1,0,0,1,0,0,0,0,904.331882139
20191,1123001061,6,3,3,0,0,0,5,1,0,0,0,0,2,1,0,0,0,0,3,0,0,1668.07740125
20191,1123001063,3,1,2,0,0,0,1,1,1,0,0,0,0,0,1,0,0,0,1,1,0,1036.60154414
20191,1123001064,4,1,3,0,2,1,0,0,1,0,1,0,0,0,0,0,1,1,0,0,1,1507.11024423
20191,1123001066,10,0,10,0,0,1,0,5,4,0,0,0,0,0,0,0,0,1,0,5,4,2256.19534692
20191,1123001068,2,1,1,0,0,0,0,1,1,0,0,0,0,0,1,0,0,0,0,1,0,2980.63640371
20191,1123001069,4,3,1,0,1,2,0,0,1,0,1,2,0,0,0,0,0,0,0,0,1,1158.97070899
20191,1123001071,23,10,13,0,9,3,3,6,2,0,2,3,1,3,1,0,7,0,2,3,1,3146.20831367
20191,1123001076,2,1,1,0,0,0,1,0,1,0,0,0,0,0,1,0,0,0,1,0,0,5453.9493793
20191,1123001078,11,7,4,0,1,2,0,4,4,0,1,0,0,3,3,0,0,2,0,1,1,6464.12246345
20191,1123001085,6,0,6,0,0,5,1,0,0,0,0,0,0,0,0,0,0,5,1,0,0,5762.89541679
20191,1123001088,4,4,0,0,0,0,1,1,2,0,0,0,1,1,2,0,0,0,0,0,0,8042.30153718
20191,1123001089,29,15,14,0,0,7,11,5,6,0,0,5,5,2,3,0,0,2,6,3,3,9030.19472157
20191,1123001110,3,2,1,0,0,0,2,1,0,0,0,0,1,1,0,0,0,0,1,0,0,2439.52311646
20191,1123001117,11,5,6,0,6,2,3,0,0,0,3,1,1,0,0,0,3,1,2,0,0,1137.74013892
20191,1123001119,3,2,1,0,0,0,0,2,1,0,0,0,0,1,1,0,0,0,0,1,0,1619.08847219
20191,1123001125,5,4,1,0,0,0,0,1,4,0,0,0,0,0,4,0,0,0,0,1,0,4184.06575642
20191,1123001126,2,2,0,0,0,0,2,0,0,0,0,0,2,0,0,0,0,0,0,0,0,3173.32707008
20191,1123001131,7,3,4,0,0,3,1,1,2,0,0,1,1,1,0,0,0,2,0,0,2,5769.86987865
20191,1123001147,4,3,1,0,0,1,0,2,1,0,0,1,0,1,1,0,0,0,0,1,0,2089.71271821
20191,1123001149,2,2,0,0,0,0,1,1,0,0,0,0,1,1,0,0,0,0,0,0,0,2078.62839129
20191,1123001154,44,37,7,0,4,8,14,10,8,0,3,5,13,8,8,0,1,3,1,2,0,3163.5209142
20191,1123001155,5,1,4,0,0,0,4,0,1,0,0,0,0,0,1,0,0,0,4,0,0,4087.20182995
20191,1123001156,2,1,1,0,0,0,0,0,2,0,0,0,0,0,1,0,0,0,0,0,1,5042.36167951
20191,1123001157,2,0,2,0,0,1,0,1,0,0,0,0,0,0,0,0,0,1,0,1,0,5338.76709352
20191,1123001159,9,5,4,0,0,5,2,1,1,0,0,1,2,1,1,0,0,4,0,0,0,615.770390618
20191,1123001166,6,5,1,0,0,1,1,3,1,0,0,0,1,3,1,0,0,1,0,0,0,2444.25762002
20191,1123001172,2,0,2,0,0,0,1,0,1,0,0,0,0,0,0,0,0,0,1,0,1,759.381671813
20191,1123001184,17,7,10,0,3,2,2,9,1,0,1,0,1,4,1,0,2,2,1,5,0,1621.91633535
20191,1123001186,6,4,2,0,2,3,0,0,1,0,2,2,0,0,0,0,0,1,0,0,1,2815.15666505
20191,1123001188,11,9,2,1,0,1,5,1,3,1,0,1,4,1,2,0,0,0,1,0,1,4681.36199995
20191,1123001190,2,1,1,0,0,0,2,0,0,0,0,0,1,0,0,0,0,0,1,0,0,1672.20526393
20191,1123001191,2,1,1,0,0,0,0,2,0,0,0,0,0,1,0,0,0,0,0,1,0,2096.27841514
20191,1123001193,3,1,2,0,0,0,2,0,1,0,0,0,1,0,0,0,0,0,1,0,1,2582.10125912
20191,1123001196,11,6,5,0,3,0,1,2,5,0,2,0,1,2,1,0,1,0,0,0,4,2983.07530735
20191,1123001202,1,1,0,0,0,1,0,0,0,0,0,1,0,0,0,0,0,0,0,0,0,1990.02369608
20191,1123001203,3,1,2,0,0,1,2,0,0,0,0,0,1,0,0,0,0,1,1,0,0,3334.59171495
20191,1123001204,25,7,18,0,5,3,7,9,1,0,0,0,2,5,0,0,5,3,5,4,1,5537.27314008
20191,1123001212,89,23,66,0,17,12,22,26,12,0,1,4,4,6,8,0,16,8,18,20,4,3424.08233721
20191,1123001217,3,2,1,0,0,3,0,0,0,0,0,2,0,0,0,0,0,1,0,0,0,1898.15733238
20191,1123001221,10,0,10,0,3,1,2,4,0,0,0,0,0,0,0,0,3,1,2,4,0,2073.61815547
20191,1123001229,4,3,1,0,0,0,3,1,0,0,0,0,2,1,0,0,0,0,1,0,0,2638.75401326
20191,1123001231,2,2,0,0,0,1,0,0,1,0,0,1,0,0,1,0,0,0,0,0,0,2572.67058511
20191,1123001232,4,3,1,0,1,1,0,2,0,0,0,1,0,2,0,0,1,0,0,0,0,4104.49026507
20191,1123001233,28,10,18,0,2,7,6,5,8,0,1,1,1,1,6,0,1,6,5,4,2,4361.97528672
20191,1123001234,11,1,10,0,0,5,2,4,0,0,0,1,0,0,0,0,0,4,2,4,0,2265.87993922
20191,1123001238,4,3,1,0,2,2,0,0,0,0,2,1,0,0,0,0,0,1,0,0,0,4067.22041793
20191,1123001252,4,3,1,0,0,2,1,1,0,0,0,2,1,0,0,0,0,0,0,1,0,3972.39225777
20191,1123001253,4,1,3,0,0,3,1,0,0,0,0,1,0,0,0,0,0,2,1,0,0,13185.1111195
20191,1123001258,2,1,1,0,0,0,1,1,0,0,0,0,1,0,0,0,0,0,0,1,0,2480.89906615
20191,1123001263,2,2,0,0,1,0,1,0,0,0,1,0,1,0,0,0,0,0,0,0,0,1405.98562609
20191,1123001264,2,1,1,0,0,0,1,1,0,0,0,0,0,1,0,0,0,0,1,0,0,1383.93341136
20191,1123001265,46,13,33,0,11,8,9,11,7,0,2,2,4,1,4,0,9,6,5,10,3,2131.82584228
20191,1123001266,112,21,91,0,16,25,32,30,9,0,0,4,7,4,6,0,16,21,25,26,3,17231.4819426
20191,1123001267,2,1,1,0,0,0,1,0,1,0,0,0,0,0,1,0,0,0,1,0,0,1540.43600053
20191,1123001269,2,1,1,0,0,0,1,1,0,0,0,0,0,1,0,0,0,0,1,0,0,1705.87460823
20191,1123001271,9,4,5,0,4,2,2,0,1,0,2,2,0,0,0,0,2,0,2,0,1,3031.587709
20191,1123001272,10,8,2,0,1,3,3,1,2,0,1,2,2,1,2,0,0,1,1,0,0,3015.47768558
20191,1123001273,27,23,4,0,1,4,12,5,5,0,1,4,10,5,3,0,0,0,2,0,2,9357.04827425
20191,1123001275,4,1,3,0,0,1,3,0,0,0,0,0,1,0,0,0,0,1,2,0,0,4422.27550335
20191,1123001279,2,0,2,0,0,0,0,2,0,0,0,0,0,0,0,0,0,0,0,2,0,456.560205357
20191,1123001280,34,14,20,0,2,6,7,13,6,0,0,3,2,5,4,0,2,3,5,8,2,3600.74066953
20191,1123001282,6,2,4,0,2,1,1,1,1,0,1,0,0,0,1,0,1,1,1,1,0,1476.08055255
20191,1123001284,12,5,7,0,2,2,0,6,2,0,0,1,0,2,2,0,2,1,0,4,0,4095.01648466
20191,1123001285,3,1,2,0,1,0,1,1,0,0,0,0,0,1,0,0,1,0,1,0,0,1094.09394927
20191,1123001286,23,8,15,0,2,6,8,5,2,0,1,1,3,1,2,0,1,5,5,4,0,2682.5819701
20191,1123001287,10,3,7,0,0,0,1,7,2,0,0,0,0,2,1,0,0,0,1,5,1,2617.55288522
20191,1123001289,8,1,7,0,1,4,2,1,0,0,0,1,0,0,0,0,1,3,2,1,0,4667.24910742
20191,1123001292,5,2,3,0,0,0,3,1,1,0,0,0,1,1,0,0,0,0,2,0,1,1340.74481648
20191,1123001294,2,1,1,0,0,0,2,0,0,0,0,0,1,0,0,0,0,0,1,0,0,387.952414695
20191,1123001295,1,1,0,0,0,1,0,0,0,0,0,1,0,0,0,0,0,0,0,0,0,3050.30695554
20191,1123001298,56,21,35,0,17,6,15,10,8,0,10,3,7,1,0,0,7,3,8,9,8,1490.37942704
20191,1123001299,46,34,12,0,3,7,10,17,9,0,2,5,6,13,8,0,1,2,4,4,1,3095.68658882
20191,1123001301,37,3,34,0,4,1,6,12,14,0,0,0,2,1,0,0,4,1,4,11,14,5649.15500544
20191,1123001306,35,12,23,0,4,9,11,8,3,0,1,3,3,4,1,0,3,6,8,4,2,6314.75504802
20191,1123001309,18,11,7,0,3,6,0,6,3,0,1,5,0,4,1,0,2,1,0,2,2,3176.70006711
20191,1123001315,19,9,10,0,0,3,7,9,0,0,0,1,3,5,0,0,0,2,4,4,0,5292.62710234
20191,1123001317,8,3,5,0,0,1,2,1,4,0,0,0,0,0,3,0,0,1,2,1,1,7574.59307796
20191,1123001319,19,14,5,2,1,6,2,4,4,2,1,3,1,3,4,0,0,3,1,1,0,4983.2483172
20191,1123001322,6,1,5,0,0,2,4,0,0,0,0,0,1,0,0,0,0,2,3,0,0,1998.67617977
20191,1123001323,2,1,1,0,0,0,1,1,0,0,0,0,0,1,0,0,0,0,1,0,0,4146.03359826
20191,1123001326,57,24,33,0,6,9,28,10,4,0,0,0,13,7,4,0,6,9,15,3,0,5658.17166803
20191,1123001329,8,4,4,0,2,2,4,0,0,0,1,1,2,0,0,0,1,1,2,0,0,5200.27360612
20191,1123001330,130,125,5,0,3,1,17,56,53,0,3,1,15,53,53,0,0,0,2,3,0,4968.44184638
20191,1123001331,7,5,2,0,0,0,2,3,2,0,0,0,0,3,2,0,0,0,2,0,0,6572.33371418
20191,1123001333,515,114,401,0,0,7,21,237,250,0,0,5,6,22,81,0,0,2,15,215,169,142300.960354
20191,1123001335,213,124,89,3,33,35,65,54,23,0,13,21,39,35,16,3,20,14,26,19,7,14580.2287956
20191,1123001336,264,141,123,0,22,112,60,34,36,0,8,57,30,17,29,0,14,55,30,17,7,13518.2484709
20191,1123001337,9,8,1,0,0,1,3,0,5,0,0,1,2,0,5,0,0,0,1,0,0,4051.24613324
20191,1123001338,305,170,135,1,44,64,56,78,62,1,21,30,32,41,45,0,23,34,24,37,17,14034.7598661
20191,1123001339,100,66,34,0,14,16,32,31,7,0,8,9,18,24,7,0,6,7,14,7,0,3086.2119734
20191,1123001341,359,187,172,10,57,98,100,55,39,7,25,53,52,21,29,3,32,45,48,34,10,14753.5555328
20191,1123001342,59,37,22,0,0,9,11,30,9,0,0,4,7,18,8,0,0,5,4,12,1,4890.27737582
20191,1123001343,8,6,2,0,0,5,3,0,0,0,0,4,2,0,0,0,0,1,1,0,0,4224.20594383
20191,1123001344,134,125,9,0,4,5,22,40,63,0,2,3,20,38,62,0,2,2,2,2,1,10344.9087969
20191,1123001345,113,60,53,0,26,29,30,23,5,0,10,13,18,16,3,0,16,16,12,7,2,4786.51469187
20191,1123001346,424,244,180,1,51,81,119,105,67,0,23,36,66,66,53,1,28,45,53,39,14,14228.9395352
20191,1123001347,3,1,2,0,0,1,1,1,0,0,0,0,1,0,0,0,0,1,0,1,0,3146.86190688
20191,1123001348,4,2,2,0,1,0,1,2,0,0,0,0,1,1,0,0,1,0,0,1,0,1516.73077499
20191,1123001349,66,44,22,0,6,9,21,19,11,0,2,4,14,13,11,0,4,5,7,6,0,6100.05561612
20191,1123001350,41,33,8,0,8,16,8,7,2,0,5,14,7,6,1,0,3,2,1,1,1,7800.16063219
20191,1123001351,307,169,138,3,54,91,71,53,35,0,28,48,44,29,20,3,26,43,27,24,15,13334.0678012
20191,1123001352,174,79,95,0,42,68,36,21,7,0,12,26,22,15,4,0,30,42,14,6,3,5923.45945574
20191,1123001353,592,348,244,3,18,38,64,75,394,0,9,20,34,35,250,3,9,18,30,40,144,7192.62815346
20191,1123001354,12,8,4,0,2,0,3,5,2,0,1,0,2,3,2,0,1,0,1,2,0,1388.96975073
20191,1123001355,9,6,3,0,0,2,2,4,1,0,0,1,1,3,1,0,0,1,1,1,0,2977.99793061
20191,1123001356,11,7,4,0,1,0,3,5,2,0,1,0,2,2,2,0,0,0,1,3,0,3433.71335463
20191,1123001357,79,53,26,0,5,15,14,28,17,0,4,13,11,12,13,0,1,2,3,16,4,5898.85922386
20191,1123001358,135,72,63,0,31,34,35,23,12,0,8,22,20,14,8,0,23,12,15,9,4,8534.43284344
20191,1123001359,11,3,8,0,0,2,6,3,0,0,0,0,2,1,0,0,0,2,4,2,0,3743.21790007
20191,1123001360,18,10,8,0,1,3,6,8,0,0,1,3,2,4,0,0,0,0,4,4,0,1355.34837445
20191,1123001362,61,31,30,0,2,7,16,27,9,0,2,2,8,14,5,0,0,5,8,13,4,6518.33570488
20191,1123001363,5,3,2,0,0,0,2,3,0,0,0,0,0,3,0,0,0,0,2,0,0,708.727338022
20191,1123001365,673,538,135,1,155,185,162,99,71,0,122,155,122,75,64,1,33,30,40,24,7,14057.3660987
20191,1123001366,6,1,5,0,1,2,3,0,0,0,0,0,1,0,0,0,1,2,2,0,0,343.514960473
20191,1123001367,51,27,24,0,10,15,14,5,7,0,3,7,8,3,6,0,7,8,6,2,1,7875.80489619
20191,1123001368,72,34,38,0,9,16,21,20,6,0,3,9,9,9,4,0,6,7,12,11,2,7981.48969243
20191,1123001370,7,6,1,0,1,0,4,2,0,0,1,0,3,2,0,0,0,0,1,0,0,6989.83437693
20191,1123001371,9,3,6,0,1,2,1,3,2,0,0,0,0,1,2,0,1,2,1,2,0,3789.31894149
20191,1123001372,81,46,35,1,10,25,23,13,9,0,8,11,16,9,2,1,2,14,7,4,7,7544.30183205
20191,1123001374,26,17,9,0,4,10,3,7,2,0,1,9,2,3,2,0,3,1,1,4,0,3448.47641737
20191,1123001375,1274,804,470,17,219,196,256,172,414,7,91,113,144,108,341,10,128,83,112,64,73,14113.5126472
20191,1123001376,36,31,5,0,1,2,14,13,6,0,1,2,12,11,5,0,0,0,2,2,1,5273.24260925
20191,1123001378,6,4,2,0,0,1,1,2,2,0,0,0,1,1,2,0,0,1,0,1,0,5006.76587175
20191,1123001379,17,10,7,0,0,1,2,9,5,0,0,1,0,6,3,0,0,0,2,3,2,5566.7657525
20191,1123001381,49,37,12,0,2,10,16,14,7,0,2,6,12,10,7,0,0,4,4,4,0,4734.4584569
20191,1123001383,9,6,3,0,2,4,0,0,3,0,2,2,0,0,2,0,0,2,0,0,1,1449.72812351
20191,1123001384,26,17,9,0,2,14,5,3,2,0,2,10,4,0,1,0,0,4,1,3,1,5199.24676573
20191,1123001385,346,169,177,0,62,75,58,72,79,0,17,38,30,31,53,0,45,37,28,41,26,8042.37328887
20191,1123001386,40,25,15,0,2,15,11,9,3,0,1,9,6,6,3,0,1,6,5,3,0,2931.89741529
20191,1123001388,25,17,8,0,0,10,4,7,4,0,0,7,2,5,3,0,0,3,2,2,1,6419.41771923
20191,1123001389,62,44,18,0,4,17,13,19,9,0,4,12,7,12,9,0,0,5,6,7,0,5354.60233294
20191,1123001390,12,8,4,0,3,0,2,3,4,0,2,0,0,2,4,0,1,0,2,1,0,3297.04895287
20191,1123001391,283,254,29,1,20,103,77,78,4,1,15,92,73,72,1,0,5,11,4,6,3,5470.59872095
20191,1123001392,57,24,33,0,14,5,22,12,4,0,0,3,13,6,2,0,14,2,9,6,2,6654.32879763
20191,1123001393,52,33,19,0,6,9,13,10,14,0,4,5,8,7,9,0,2,4,5,3,5,6374.30314091
20191,1123001396,2,1,1,0,0,1,0,0,1,0,0,0,0,0,1,0,0,1,0,0,0,1357.59313982
20191,1123001397,18,9,9,0,0,4,3,10,1,0,0,2,2,4,1,0,0,2,1,6,0,6525.81560154
20191,1123001398,2,1,1,0,0,0,0,2,0,0,0,0,0,1,0,0,0,0,0,1,0,4536.20935954
20191,1123001399,706,307,399,0,14,20,57,182,433,0,10,10,32,70,185,0,4,10,25,112,248,6474.82609417
20191,1123001400,127,109,18,0,4,5,28,49,41,0,1,3,22,43,40,0,3,2,6,6,1,11320.3183701
20191,1123001401,66,8,58,0,10,13,25,13,5,0,0,1,1,2,4,0,10,12,24,11,1,15122.9864546
20191,1123001402,4,3,1,0,0,1,0,2,1,0,0,1,0,1,1,0,0,0,0,1,0,3221.89739034
20191,1123001403,80,43,37,0,13,24,20,17,6,0,6,12,13,8,4,0,7,12,7,9,2,4867.70086789
20191,1123001405,118,60,58,1,25,30,28,21,13,0,7,20,14,9,10,1,18,10,14,12,3,5917.4011449
20191,1123001406,42,28,14,0,3,3,14,15,7,0,1,1,10,11,5,0,2,2,4,4,2,6501.7530575
20191,1123001407,3,3,0,0,0,1,0,1,1,0,0,1,0,1,1,0,0,0,0,0,0,6368.72709123
20191,1123001408,38,23,15,0,5,14,11,5,3,0,4,8,5,3,3,0,1,6,6,2,0,1000.0890138
20191,1123001409,2,2,0,0,0,0,1,0,1,0,0,0,1,0,1,0,0,0,0,0,0,1020.5928757
20191,1123001410,6,0,6,0,0,2,2,2,0,0,0,0,0,0,0,0,0,2,2,2,0,3351.004364
20191,1123001411,10,4,6,0,0,2,3,0,5,0,0,0,0,0,4,0,0,2,3,0,1,2523.75545318
20191,1123001413,121,94,27,0,4,39,28,26,24,0,4,29,20,22,19,0,0,10,8,4,5,11519.4560242
20191,1123001414,16,13,3,0,1,7,3,2,3,0,1,5,3,2,2,0,0,2,0,0,1,1137.48089262
20191,1123001415,9,4,5,0,0,2,4,3,0,0,0,0,2,2,0,0,0,2,2,1,0,4641.57192355
20191,1123001416,4,0,4,0,0,1,3,0,0,0,0,0,0,0,0,0,0,1,3,0,0,3778.67687162
20191,1123001417,55,30,25,0,10,18,20,2,5,0,4,9,12,1,4,0,6,9,8,1,1,7514.87708392
20191,1123001419,76,60,16,0,4,10,25,21,16,0,1,9,17,20,13,0,3,1,8,1,3,9775.13424425
20191,1123001421,69,33,36,1,8,18,14,20,8,1,4,10,5,7,6,0,4,8,9,13,2,6014.44502704
20191,1123001422,20,11,9,0,0,9,6,2,3,0,0,6,3,0,2,0,0,3,3,2,1,1880.3633536
20191,1123001424,129,114,15,0,14,2,7,56,50,0,11,2,4,47,50,0,3,0,3,9,0,4932.16320077
20191,1123001425,495,259,236,0,87,157,125,79,47,0,27,75,83,46,28,0,60,82,42,33,19,13280.7704614
20191,1123001426,61,45,16,0,4,14,24,11,8,0,2,11,19,7,6,0,2,3,5,4,2,5658.04577768
20191,1123001427,7,6,1,0,0,1,0,3,3,0,0,1,0,3,2,0,0,0,0,0,1,3280.33657303
20191,1123001428,1,0,1,0,0,0,0,1,0,0,0,0,0,0,0,0,0,0,0,1,0,3372.74914829
20191,1123001429,1,0,1,0,0,0,1,0,0,0,0,0,0,0,0,0,0,0,1,0,0,5682.75460762
20191,1123001432,2,1,1,0,0,0,0,2,0,0,0,0,0,1,0,0,0,0,0,1,0,1566.73192098
20191,1123001433,2,0,2,0,0,0,0,2,0,0,0,0,0,0,0,0,0,0,0,2,0,5496.50228721
20191,1123001434,153,87,66,0,24,30,44,35,20,0,7,11,26,24,19,0,17,19,18,11,1,5145.44003317
20191,1123001435,4,3,1,0,0,1,3,0,0,0,0,1,2,0,0,0,0,0,1,0,0,2031.09616281
20191,1123001437,53,34,19,0,7,21,8,10,7,0,6,10,7,7,4,0,1,11,1,3,3,2326.9723399
20191,1123001439,18,10,8,0,7,3,4,4,0,0,3,0,4,3,0,0,4,3,0,1,0,3071.52184218
20191,1123001440,32,21,11,0,1,3,14,11,3,0,0,3,9,7,2,0,1,0,5,4,1,7213.35894654
20191,1123001441,4,1,3,0,0,0,1,2,1,0,0,0,0,1,0,0,0,0,1,1,1,1457.86495565
20191,1123001442,116,50,66,1,8,33,25,38,11,1,2,15,11,12,9,0,6,18,14,26,2,4977.86546705
20191,1123001443,21,13,8,0,1,6,6,4,4,0,1,3,5,1,3,0,0,3,1,3,1,4730.21808241
20191,1123001444,98,19,79,0,7,21,31,33,6,0,3,5,3,4,4,0,4,16,28,29,2,13746.4756124
20191,1123001445,6,4,2,0,0,1,2,3,0,0,0,0,2,2,0,0,0,1,0,1,0,2480.22846466
20191,1123001448,10,6,4,0,1,2,1,2,4,0,0,2,0,0,4,0,1,0,1,2,0,4354.47016014
20191,1123001450,5,1,4,0,0,2,3,0,0,0,0,0,1,0,0,0,0,2,2,0,0,3045.99398529
20191,1123001451,11,6,5,0,0,3,1,5,2,0,0,3,1,2,0,0,0,0,0,3,2,4503.51955396
20191,1123001452,205,84,121,0,52,53,56,30,14,0,18,26,22,6,12,0,34,27,34,24,2,5180.56802312
20191,1123001453,14,11,3,0,1,3,4,5,1,0,1,2,4,4,0,0,0,1,0,1,1,2969.74191804
20191,1123001454,6,3,3,0,1,3,1,1,0,0,0,2,0,1,0,0,1,1,1,0,0,1674.43272639
20191,1123001455,63,36,27,0,10,14,20,14,5,0,4,7,13,7,5,0,6,7,7,7,0,6837.64911032
20191,1123001456,228,191,37,1,32,46,63,53,33,1,23,36,56,45,30,0,9,10,7,8,3,5126.12306402
20191,1123001459,25,17,8,0,0,3,8,8,6,0,0,3,5,6,3,0,0,0,3,2,3,2630.20227803
20191,1123001460,11,9,2,0,1,1,7,1,1,0,1,1,5,1,1,0,0,0,2,0,0,1541.02592783
20191,1123001462,36,18,18,0,0,6,11,7,12,0,0,2,4,3,9,0,0,4,7,4,3,3894.32687889
20191,1123001463,5,4,1,0,1,0,1,2,1,0,1,0,1,1,1,0,0,0,0,1,0,636.226115946
20191,1123001464,99,59,40,0,16,31,32,13,7,0,9,24,19,4,3,0,7,7,13,9,4,8432.94970331
20191,1123001465,79,19,60,0,10,25,16,24,4,0,0,5,4,7,3,0,10,20,12,17,1,18246.4413529
20191,1123001467,63,32,31,0,3,16,10,21,13,0,1,11,4,10,6,0,2,5,6,11,7,4736.76092528
20191,1123001468,4,4,0,0,0,0,2,1,1,0,0,0,2,1,1,0,0,0,0,0,0,928.835064594
20191,1123001469,12,8,4,0,3,6,3,0,0,0,2,4,2,0,0,0,1,2,1,0,0,1406.49204401
20191,1123001471,5,2,3,0,2,1,0,1,1,0,1,0,0,1,0,0,1,1,0,0,1,2225.10598291
20191,1123001473,75,54,21,0,12,22,18,11,12,0,8,16,13,9,8,0,4,6,5,2,4,2709.17188854
20191,1123001474,159,92,67,0,35,49,43,21,11,0,21,34,24,10,3,0,14,15,19,11,8,8476.88203593
20191,1123001476,17,14,3,0,1,1,4,6,5,0,1,0,4,5,4,0,0,1,0,1,1,7063.28036857
20191,1123001477,34,17,17,0,5,5,11,8,5,0,3,2,6,4,2,0,2,3,5,4,3,6953.99217491
20191,1123001478,10,6,4,0,0,6,0,2,2,0,0,5,0,0,1,0,0,1,0,2,1,4614.69662665
20191,1123001479,85,47,38,0,6,30,13,24,12,0,2,18,9,12,6,0,4,12,4,12,6,6990.62090556
20191,1123001480,18,10,8,0,1,4,5,7,1,0,1,1,5,2,1,0,0,3,0,5,0,7085.04358612
20191,1123001481,100,54,46,0,13,22,38,16,11,0,6,13,20,8,7,0,7,9,18,8,4,8895.96901651
20191,1123001482,143,76,67,0,10,32,43,48,10,0,4,18,22,23,9,0,6,14,21,25,1,6110.90501105
20191,1123001483,102,55,47,0,17,33,23,16,13,0,6,18,14,6,11,0,11,15,9,10,2,6160.22952037
20191,1123001484,71,54,17,0,14,16,14,20,7,0,11,9,13,15,6,0,3,7,1,5,1,3076.36896317
20191,1123001485,3,2,1,0,0,0,0,1,2,0,0,0,0,0,2,0,0,0,0,1,0,1190.78529111
20191,1123001486,1,0,1,0,0,0,0,1,0,0,0,0,0,0,0,0,0,0,0,1,0,5359.76878647
20191,1123001487,26,20,6,0,3,5,7,8,3,0,2,5,3,7,3,0,1,0,4,1,0,3386.07192793
20191,1123001488,17,10,7,0,0,2,8,6,1,0,0,1,5,3,1,0,0,1,3,3,0,3019.7420794
20191,1123001489,22,15,7,0,6,10,1,3,2,0,3,7,1,2,2,0,3,3,0,1,0,3187.30133804
20191,1123001490,16,6,10,0,3,5,7,1,0,0,1,2,2,1,0,0,2,3,5,0,0,4753.23474623
20191,1123001491,221,121,100,0,36,76,67,36,6,0,18,40,42,16,5,0,18,36,25,20,1,25154.3285933
20191,1123001494,92,34,58,0,11,17,19,24,21,0,4,10,11,3,6,0,7,7,8,21,15,7379.14624136
20191,1123001497,9,4,5,0,2,1,2,3,1,0,0,1,1,2,0,0,2,0,1,1,1,2817.87552365
20191,1123001499,14,10,4,0,2,1,4,5,2,0,2,1,2,3,2,0,0,0,2,2,0,1821.86097926
20191,1123001501,75,47,28,0,10,27,22,11,5,0,2,19,14,8,4,0,8,8,8,3,1,1697.95252412
20191,1123001502,24,11,13,0,6,10,6,1,1,0,1,6,4,0,0,0,5,4,2,1,1,2801.06516522
20191,1123001503,5,2,3,0,0,0,3,0,2,0,0,0,1,0,1,0,0,0,2,0,1,1126.31784809
20191,1123001505,29,10,19,0,4,14,4,2,5,0,3,3,2,1,1,0,1,11,2,1,4,7638.06405978
20191,1123001507,6,3,3,0,1,2,1,1,1,0,0,1,1,1,0,0,1,1,0,0,1,3553.89726506
20191,1123001509,319,166,153,0,59,68,71,64,57,0,15,33,44,37,37,0,44,35,27,27,20,10862.3147481
20191,1123001513,7,6,1,0,0,4,2,0,1,0,0,4,2,0,0,0,0,0,0,0,1,2880.50059855
20191,1123001514,34,11,23,0,2,7,9,9,7,0,0,1,1,5,4,0,2,6,8,4,3,3651.64655198
20191,1123001516,39,13,26,0,5,9,10,9,6,0,0,2,3,4,4,0,5,7,7,5,2,7303.2756489
20191,1123001518,59,36,23,0,11,10,20,11,7,0,5,7,10,7,7,0,6,3,10,4,0,6825.94748015
20191,1123001519,10,6,4,0,0,3,5,1,1,0,0,1,3,1,1,0,0,2,2,0,0,2041.25347456
20191,1123001520,4,3,1,0,0,2,1,1,0,0,0,2,0,1,0,0,0,0,1,0,0,2442.67438422
20191,1123001521,2,0,2,0,0,0,2,0,0,0,0,0,0,0,0,0,0,0,2,0,0,1433.84126127
20191,1123001522,9,6,3,0,0,1,6,2,0,0,0,1,3,2,0,0,0,0,3,0,0,1759.02408782
20191,1123001526,19,12,7,1,0,5,11,1,1,0,0,2,8,1,1,1,0,3,3,0,0,3198.73780029
20191,1123001530,5,5,0,0,0,0,2,1,2,0,0,0,2,1,2,0,0,0,0,0,0,7635.80977453
20191,1123001534,69,34,35,0,3,17,19,7,23,0,2,7,12,2,11,0,1,10,7,5,12,9796.04396006
20191,1123001535,2,1,1,0,0,0,0,2,0,0,0,0,0,1,0,0,0,0,0,1,0,1767.88369395
20191,1123001536,2,1,1,0,0,0,1,0,1,0,0,0,0,0,1,0,0,0,1,0,0,6330.7126506
20191,1123001537,5,5,0,0,0,3,0,2,0,0,0,3,0,2,0,0,0,0,0,0,0,770.712491337
20191,1123001541,21,10,11,0,0,2,7,3,9,0,0,1,4,1,4,0,0,1,3,2,5,2661.1772161
20191,1123001542,19,15,4,0,1,1,8,2,7,0,1,0,7,1,6,0,0,1,1,1,1,2955.87505828
20191,1123001543,135,95,40,0,24,43,27,24,17,0,20,30,18,14,13,0,4,13,9,10,4,8596.90806714
20191,1123001547,22,16,6,0,2,4,9,5,2,0,2,4,5,3,2,0,0,0,4,2,0,2873.88486606
20191,1123001548,1,1,0,0,1,0,0,0,0,0,1,0,0,0,0,0,0,0,0,0,0,2383.501796
20191,1123001550,6,4,2,0,1,1,0,4,0,0,0,0,0,4,0,0,1,1,0,0,0,1356.74120929
20191,1123001553,11,10,1,0,1,3,4,3,0,0,1,3,3,3,0,0,0,0,1,0,0,2111.80535862
20191,1123001555,19,9,10,0,0,3,3,8,5,0,0,1,1,4,3,0,0,2,2,4,2,2318.38621465
20191,1123001557,34,15,19,1,8,3,5,9,8,1,4,0,2,5,3,0,4,3,3,4,5,2655.03621618
20191,1123001558,3,2,1,0,0,0,3,0,0,0,0,0,2,0,0,0,0,0,1,0,0,808.959213869
20191,1123001560,10,4,6,0,1,2,4,3,0,0,1,1,1,1,0,0,0,1,3,2,0,3057.19897622
20191,1123001561,9,1,8,0,4,0,2,1,2,0,0,0,0,0,1,0,4,0,2,1,1,2193.91412256
20191,1123001562,14,9,5,0,1,2,8,2,1,0,1,1,6,1,0,0,0,1,2,1,1,2385.05822121
20191,1123001563,3,2,1,0,0,1,0,1,1,0,0,1,0,0,1,0,0,0,0,1,0,1105.44703502
20191,1123001564,156,84,72,0,19,42,34,44,17,0,7,24,20,23,10,0,12,18,14,21,7,9502.44158873
20191,1123001567,7,1,6,0,0,2,2,2,1,0,0,0,0,1,0,0,0,2,2,1,1,5111.96050348
20191,1123001570,5,5,0,0,0,1,2,1,1,0,0,1,2,1,1,0,0,0,0,0,0,4327.6005337
20191,1123001572,92,58,34,2,17,22,28,20,3,2,9,14,21,10,2,0,8,8,7,10,1,1958.7063422
20191,1123001573,216,79,137,1,21,54,55,45,40,1,1,14,11,24,28,0,20,40,44,21,12,5441.91728221
20191,1123001576,2,1,1,0,0,0,0,2,0,0,0,0,0,1,0,0,0,0,0,1,0,807.85045693
20191,1123001578,15,10,5,0,1,6,3,3,2,0,0,3,3,3,1,0,1,3,0,0,1,1097.38995478
20191,1123001581,3,2,1,0,0,1,2,0,0,0,0,0,2,0,0,0,0,1,0,0,0,908.642083277
20191,1123001582,8,5,3,0,1,1,4,2,0,0,1,1,2,1,0,0,0,0,2,1,0,1745.33968019
20191,1123001584,302,155,147,2,36,66,90,47,61,0,11,23,51,28,42,2,25,43,39,19,19,7992.12693281
20191,1123001585,6,5,1,0,0,1,1,3,1,0,0,1,1,2,1,0,0,0,0,1,0,1100.76882498
20191,1123001586,4,2,2,0,0,0,0,3,1,0,0,0,0,1,1,0,0,0,0,2,0,4065.00137943
20191,1123001588,12,0,12,0,1,4,3,4,0,0,0,0,0,0,0,0,1,4,3,4,0,6658.18866416
20191,1123001589,17,8,9,0,1,3,4,7,2,0,0,0,2,4,2,0,1,3,2,3,0,6674.14783146
20191,1123001590,29,12,17,0,6,3,8,9,3,0,0,0,5,4,3,0,6,3,3,5,0,5486.1837709
20191,1123001591,11,3,8,0,1,2,4,0,4,0,0,0,0,0,3,0,1,2,4,0,1,3858.28835711
20191,1123001592,30,8,22,0,5,5,4,6,10,0,1,2,1,2,2,0,4,3,3,4,8,9422.71776574
20191,1123001593,105,47,58,0,11,25,21,24,24,0,1,8,10,12,16,0,10,17,11,12,8,4203.23962719
20191,1123001594,232,53,179,4,60,47,49,52,20,0,11,13,8,17,4,4,49,34,41,35,16,6043.8271992
20191,1123001595,147,74,73,0,25,28,31,46,17,0,8,21,15,23,7,0,17,7,16,23,10,8134.30016491
20191,1123001596,34,18,16,0,4,5,5,12,8,0,4,2,3,5,4,0,0,3,2,7,4,2177.99281376
20191,1123001597,57,18,39,0,4,5,12,24,12,0,1,3,3,8,3,0,3,2,9,16,9,4043.53997307
20191,1123001598,34,27,7,0,2,8,12,8,4,0,2,7,8,7,3,0,0,1,4,1,1,8201.99578759
20191,1123001599,48,23,25,0,14,7,10,13,4,0,5,5,6,7,0,0,9,2,4,6,4,4523.47937648
20191,1123001603,22,11,11,0,4,5,7,4,2,0,1,2,4,3,1,0,3,3,3,1,1,2900.42462842
20191,1123001604,18,8,10,0,0,0,8,4,6,0,0,0,5,2,1,0,0,0,3,2,5,5674.69976032
20191,1123001606,100,56,44,0,5,19,27,29,20,0,2,11,15,19,9,0,3,8,12,10,11,8286.57684344
20191,1123001608,18,12,6,0,2,5,9,2,0,0,0,4,8,0,0,0,2,1,1,2,0,2528.02648496
20191,1123001609,24,12,12,0,4,6,8,0,6,0,1,3,5,0,3,0,3,3,3,0,3,5641.27108116
20191,1123001610,17,5,12,0,0,5,3,7,2,0,0,0,1,2,2,0,0,5,2,5,0,5021.12982437
20191,1123001611,12,6,6,0,0,3,3,0,6,0,0,0,0,0,6,0,0,3,3,0,0,2432.27787358
20191,1123001614,7,4,3,0,1,4,1,0,1,0,0,3,1,0,0,0,1,1,0,0,1,4159.12468628
20191,1123001615,101,44,57,0,35,24,30,11,1,0,6,10,19,8,1,0,29,14,11,3,0,3305.78195532
20191,1123001617,108,48,60,1,33,31,20,12,11,0,11,13,12,5,7,1,22,18,8,7,4,6957.9189275
20191,1123001618,5,4,1,0,1,3,0,0,1,0,1,3,0,0,0,0,0,0,0,0,1,5984.21590529
20191,1123001619,29,15,14,0,4,8,6,10,1,0,1,4,4,6,0,0,3,4,2,4,1,3264.10399911
20191,1123001621,38,14,24,0,9,7,14,6,2,0,1,7,6,0,0,0,8,0,8,6,2,4874.31694985
20191,1123001623,35,22,13,0,3,6,7,12,7,0,2,3,6,8,3,0,1,3,1,4,4,7212.21447054
20191,1123001624,10,6,4,0,1,5,3,1,0,0,1,3,2,0,0,0,0,2,1,1,0,3128.07627116
20191,1123001625,97,52,45,0,9,16,28,23,21,0,6,7,16,11,12,0,3,9,12,12,9,10200.3265225
20191,1123001627,7,3,4,0,0,1,2,4,0,0,0,0,0,3,0,0,0,1,2,1,0,1501.43628989
20191,1123001630,77,40,37,0,8,15,19,24,11,0,4,8,9,14,5,0,4,7,10,10,6,9988.33228846
20191,1123001631,44,20,24,3,4,7,6,12,12,3,0,6,1,4,6,0,4,1,5,8,6,3305.8485222
20191,1123001632,32,19,13,0,5,9,10,7,1,0,3,6,6,3,1,0,2,3,4,4,0,6750.31116411
20191,1123001633,52,28,24,0,4,9,17,12,10,0,0,7,12,5,4,0,4,2,5,7,6,6884.56562242
20191,1123001634,215,90,125,4,16,24,52,70,49,0,2,7,19,36,26,4,14,17,33,34,23,10865.4088096
20191,1123001635,157,62,95,10,47,37,31,24,8,3,18,21,11,7,2,7,29,16,20,17,6,10148.5998149
20191,1123001636,70,29,41,2,10,26,21,7,4,2,5,10,6,3,3,0,5,16,15,4,1,16477.1155956
20191,1123001637,131,50,81,0,19,22,32,31,27,0,2,8,16,15,9,0,17,14,16,16,18,10103.7257895
20191,1123001638,102,31,71,2,19,24,20,23,14,0,6,3,6,9,7,2,13,21,14,14,7,6998.01461805
20191,1123001639,109,43,66,5,24,25,33,17,5,1,8,9,15,8,2,4,16,16,18,9,3,7302.31771112
20191,1123001640,71,34,37,0,16,14,15,17,9,0,7,8,5,9,5,0,9,6,10,8,4,7463.03189471
20191,1123001642,74,32,42,0,15,19,16,15,9,0,6,7,9,5,5,0,9,12,7,10,4,6188.93719982
20191,1123001645,17,4,13,0,1,0,2,6,8,0,0,0,1,1,2,0,1,0,1,5,6,1491.58260771
20191,1123001646,125,42,83,2,35,30,25,17,16,1,6,8,13,7,7,1,29,22,12,10,9,6821.34012799
20191,1123001649,37,19,18,1,5,11,11,5,4,0,3,4,7,2,3,1,2,7,4,3,1,4254.85928562
20191,1123001653,28,16,12,0,1,3,8,9,7,0,0,2,3,5,6,0,1,1,5,4,1,3074.36091837
20191,1123001654,9,5,4,0,0,2,6,0,1,0,0,0,4,0,1,0,0,2,2,0,0,4366.01332506
20191,1123001655,12,9,3,0,2,5,2,2,1,0,1,3,2,2,1,0,1,2,0,0,0,2515.36345007
20191,1123001663,13,7,6,0,1,2,5,3,2,0,0,1,4,2,0,0,1,1,1,1,2,2107.74222416
20191,1123001666,4,3,1,0,0,0,3,1,0,0,0,0,2,1,0,0,0,0,1,0,0,1466.58553888
20191,1123001673,99,13,86,0,9,27,39,18,6,0,1,3,4,1,4,0,8,24,35,17,2,15586.8132153
20191,1123001674,232,72,160,0,33,49,70,51,29,0,7,16,27,11,11,0,26,33,43,40,18,9743.13897554
20191,1123001675,141,73,68,2,23,18,23,52,23,2,12,11,14,19,15,0,11,7,9,33,8,9263.09745605
20191,1123001679,27,18,9,0,2,4,5,14,2,0,1,4,3,9,1,0,1,0,2,5,1,4423.14599661
20191,1123001681,63,34,29,0,7,13,26,13,4,0,2,9,14,7,2,0,5,4,12,6,2,6276.58377682
20191,1123001683,2,1,1,0,0,0,0,0,2,0,0,0,0,0,1,0,0,0,0,0,1,1870.34371462
20191,1123001686,11,5,6,0,1,6,2,1,1,0,0,2,1,1,1,0,1,4,1,0,0,6396.27500015
20191,1123001692,16,11,5,0,1,6,5,3,1,0,1,4,3,3,0,0,0,2,2,0,1,5573.72641073
20191,1123001695,20,12,8,1,3,5,6,2,3,0,2,5,3,1,1,1,1,0,3,1,2,3319.13818758
20191,1123001699,7,5,2,0,1,1,1,4,0,0,1,1,0,3,0,0,0,0,1,1,0,1514.18148639
20191,1123001704,112,42,70,0,14,31,35,21,11,0,1,12,13,9,7,0,13,19,22,12,4,5036.11964138
20191,1123001705,56,18,38,0,11,14,17,7,7,0,4,5,4,2,3,0,7,9,13,5,4,6642.42426424
20191,1123001706,2,2,0,0,0,0,0,0,2,0,0,0,0,0,2,0,0,0,0,0,0,3728.42218296
20191,1123001707,339,139,200,1,43,54,81,97,63,0,18,20,41,27,33,1,25,34,40,70,30,8545.53019173
20191,1123001708,112,63,49,1,14,26,21,24,26,0,8,19,10,15,11,1,6,7,11,9,15,8154.01474872
20191,1123001711,4,2,2,0,0,2,0,1,1,0,0,1,0,1,0,0,0,1,0,0,1,5725.99588186
20191,1123001713,2,1,1,0,0,0,0,2,0,0,0,0,0,1,0,0,0,0,0,1,0,4535.67924781
20191,1123001717,64,11,53,0,4,4,10,19,27,0,0,4,4,2,1,0,4,0,6,17,26,2678.28882192
20191,1123001718,13,7,6,0,0,2,3,7,1,0,0,0,2,4,1,0,0,2,1,3,0,6806.22010542
20191,1123001719,25,6,19,0,9,7,5,3,1,0,0,3,1,1,1,0,9,4,4,2,0,5209.53403597
20191,1123001722,12,3,9,0,0,4,3,5,0,0,0,0,0,3,0,0,0,4,3,2,0,2305.30489082
20191,1123001723,7,2,5,0,0,0,0,3,4,0,0,0,0,2,0,0,0,0,0,1,4,2202.31947404
20191,1123001727,32,21,11,0,6,7,8,7,4,0,3,2,5,7,4,0,3,5,3,0,0,6744.54222585
20191,1123001728,11,5,6,0,1,1,9,0,0,0,0,1,4,0,0,0,1,0,5,0,0,1362.15195814
20191,1123001729,49,20,29,0,1,17,16,10,5,0,1,4,7,4,4,0,0,13,9,6,1,6839.26936854
20191,1123001731,267,104,163,0,64,65,70,37,31,0,9,32,26,16,21,0,55,33,44,21,10,8658.17422558
20191,1123001733,103,33,70,0,7,11,15,40,30,0,3,8,6,10,6,0,4,3,9,30,24,8296.31010887
20191,1123001735,16,11,5,0,4,2,5,3,2,0,4,1,3,2,1,0,0,1,2,1,1,5111.2273667
20191,1123001736,6,3,3,0,0,1,2,1,2,0,0,1,1,0,1,0,0,0,1,1,1,2209.40794161
20191,1123001737,9,7,2,0,1,2,4,0,2,0,1,1,3,0,2,0,0,1,1,0,0,1282.33856713
20191,1123001738,7,6,1,0,1,0,2,4,0,0,1,0,1,4,0,0,0,0,1,0,0,1801.07270536
20191,1123001740,7,3,4,0,1,2,0,4,0,0,0,1,0,2,0,0,1,1,0,2,0,980.194432809
20191,1123001741,2,1,1,0,0,0,1,0,1,0,0,0,0,0,1,0,0,0,1,0,0,1657.82860652
20191,1123001742,8,4,4,0,0,1,0,5,2,0,0,0,0,2,2,0,0,1,0,3,0,6160.8449913
20191,1123001747,90,22,68,0,28,15,19,16,12,0,1,4,3,6,8,0,27,11,16,10,4,4357.42417553
20191,1123001749,4,1,3,0,0,1,2,1,0,0,0,0,1,0,0,0,0,1,1,1,0,1822.86281736
20191,1123001751,1,1,0,0,0,0,0,1,0,0,0,0,0,1,0,0,0,0,0,0,0,1670.12238524
20191,1123001752,6,4,2,0,0,1,1,1,3,0,0,1,0,0,3,0,0,0,1,1,0,3872.14504388
20191,1123001753,81,34,47,0,32,24,14,10,1,0,10,14,6,3,1,0,22,10,8,7,0,8907.81809772
20191,1123001754,5,4,1,0,1,2,0,2,0,0,1,1,0,2,0,0,0,1,0,0,0,1928.37964443
20191,1123001755,4,4,0,0,1,0,1,0,2,0,1,0,1,0,2,0,0,0,0,0,0,2168.46682735
20191,1123001756,18,3,15,0,3,4,2,8,1,0,0,1,0,2,0,0,3,3,2,6,1,1925.65316767
20191,1123001757,9,5,4,0,0,1,4,4,0,0,0,1,2,2,0,0,0,0,2,2,0,3068.65804359
20191,1123001758,7,5,2,0,0,1,2,3,1,0,0,1,1,2,1,0,0,0,1,1,0,1720.64656216
20191,1123001759,3,1,2,0,0,1,0,0,2,0,0,0,0,0,1,0,0,1,0,0,1,3554.76607271
20191,1123001760,20,13,7,0,0,1,8,8,3,0,0,1,4,5,3,0,0,0,4,3,0,3977.20013561
20191,1123001761,4,2,2,0,0,2,0,0,2,0,0,1,0,0,1,0,0,1,0,0,1,4276.03451425
20191,1123001762,149,101,48,1,9,25,37,54,23,1,5,16,29,36,14,0,4,9,8,18,9,9550.87826095
20191,1123001763,6,5,1,0,1,2,1,1,1,0,1,2,0,1,1,0,0,0,1,0,0,1591.16500662
20191,1123001764,7,5,2,0,2,3,1,0,1,0,2,2,1,0,0,0,0,1,0,0,1,2732.70336752
20191,1123001765,46,25,21,0,7,5,12,18,4,0,5,4,6,8,2,0,2,1,6,10,2,3834.09074247
20191,1123001766,186,64,122,0,11,27,72,70,6,0,8,17,19,16,4,0,3,10,53,54,2,9297.4510458
20191,1123001767,8,6,2,0,0,0,3,4,1,0,0,0,2,4,0,0,0,0,1,0,1,641.438421051
20191,1123001772,36,22,14,0,3,5,11,10,7,0,3,3,5,6,5,0,0,2,6,4,2,6309.01429743
20191,1123001773,165,82,83,0,7,46,54,55,3,0,2,12,32,34,2,0,5,34,22,21,1,19531.3794308
20191,1123001774,6,3,3,0,0,2,1,1,2,0,0,0,0,1,2,0,0,2,1,0,0,1681.53295582
20191,1123001775,16,8,8,0,0,1,11,3,1,0,0,1,4,3,0,0,0,0,7,0,1,6648.50062046
20191,1123001776,131,32,99,0,5,16,17,38,55,0,1,7,9,7,8,0,4,9,8,31,47,6692.04152494
20191,1123001777,88,42,46,0,12,10,27,28,11,0,4,4,15,12,7,0,8,6,12,16,4,13677.9660346
20191,1123001778,5,3,2,0,0,0,2,3,0,0,0,0,2,1,0,0,0,0,0,2,0,2308.17288042
20191,1123001779,8,4,4,0,0,1,3,2,2,0,0,1,1,1,1,0,0,0,2,1,1,2915.40789666
20191,1123001780,59,43,16,0,4,14,22,14,5,0,2,10,18,9,4,0,2,4,4,5,1,7472.38544568
20191,1123001781,92,27,65,0,7,35,32,18,0,0,2,9,9,7,0,0,5,26,23,11,0,9784.14316921
20191,1123001782,50,32,18,0,4,5,11,21,9,0,2,3,7,14,6,0,2,2,4,7,3,7896.5910533
20191,1123001784,82,29,53,0,1,12,19,27,23,0,0,8,7,7,7,0,1,4,12,20,16,28284.9379399
20191,1123001785,147,62,85,0,15,16,35,62,19,0,6,8,12,23,13,0,9,8,23,39,6,8923.63552952
20191,1123001786,18,9,9,0,1,7,4,2,4,0,0,2,3,2,2,0,1,5,1,0,2,4933.04247039
20191,1123001788,26,11,15,0,3,3,5,13,2,0,1,1,4,5,0,0,2,2,1,8,2,3354.96691417
20191,1123001789,13,3,10,0,3,4,4,2,0,0,0,1,2,0,0,0,3,3,2,2,0,1220.56288466
20191,1123001790,241,226,15,0,0,6,37,99,99,0,0,5,30,96,95,0,0,1,7,3,4,6949.65081213
20191,1123001791,11,3,8,0,1,4,3,2,1,0,0,1,2,0,0,0,1,3,1,2,1,2909.24675782
20191,1123001793,2,2,0,0,0,0,2,0,0,0,0,0,2,0,0,0,0,0,0,0,0,1359.01102341
20191,1123001794,82,51,31,0,1,12,34,23,12,0,0,7,22,12,10,0,1,5,12,11,2,8827.21551829
20191,1123001795,26,19,7,0,1,3,9,7,6,0,1,2,8,4,4,0,0,1,1,3,2,11121.5233736
20191,1123001796,3,2,1,0,0,1,1,1,0,0,0,1,0,1,0,0,0,0,1,0,0,1051.54566169
20191,1123001797,36,24,12,0,6,8,2,9,11,0,2,4,1,8,9,0,4,4,1,1,2,4748.95147149
20191,1123001799,206,76,130,0,34,50,41,41,40,0,13,23,15,12,13,0,21,27,26,29,27,6519.11709223
20191,1123001800,52,21,31,0,7,19,6,16,4,0,1,8,4,5,3,0,6,11,2,11,1,5864.04942963
20191,1123001802,19,12,7,0,0,2,6,6,5,0,0,1,3,4,4,0,0,1,3,2,1,4983.96641971
20191,1123001804,15,8,7,0,1,2,4,6,2,0,1,1,3,3,0,0,0,1,1,3,2,6604.14337509
20191,1123001805,97,58,39,0,22,29,16,15,15,0,12,19,9,7,11,0,10,10,7,8,4,14862.3520205
20191,1123001808,8,2,6,0,1,1,4,2,0,0,0,0,2,0,0,0,1,1,2,2,0,2977.21670631
20191,1123001810,1,1,0,0,0,0,1,0,0,0,0,0,1,0,0,0,0,0,0,0,0,4445.49689001
20191,1123001812,22,17,5,0,2,5,2,8,5,0,2,3,1,6,5,0,0,2,1,2,0,5745.42206838
20191,1123001814,5,0,5,0,1,0,3,1,0,0,0,0,0,0,0,0,1,0,3,1,0,2557.57993975
20191,1123001815,10,7,3,1,2,3,1,3,0,0,2,2,1,2,0,1,0,1,0,1,0,300.627215549
20191,1123001817,504,404,100,0,185,178,127,11,3,0,140,142,109,11,2,0,45,36,18,0,1,28072.5665173
20191,1123001819,17,9,8,0,5,2,9,0,1,0,3,2,3,0,1,0,2,0,6,0,0,1904.36639678
20191,1123001820,1,1,0,0,0,0,1,0,0,0,0,0,1,0,0,0,0,0,0,0,0,2734.12490266
20191,1123001822,32,23,9,0,2,7,11,8,4,0,1,6,7,6,3,0,1,1,4,2,1,5127.23001287
20191,1123001823,4,4,0,0,2,1,1,0,0,0,2,1,1,0,0,0,0,0,0,0,0,2060.47783258
20191,1123001824,5,5,0,0,1,1,1,2,0,0,1,1,1,2,0,0,0,0,0,0,0,3710.02490604
20191,1123001826,14,0,14,0,4,1,7,2,0,0,0,0,0,0,0,0,4,1,7,2,0,1793.51405985
20191,1123001827,6,5,1,0,0,1,2,2,1,0,0,1,1,2,1,0,0,0,1,0,0,2452.77132621
20191,1123001829,40,20,20,0,7,7,19,4,3,0,2,4,12,1,1,0,5,3,7,3,2,2538.48517068
20191,1123001831,47,16,31,0,6,10,16,10,5,0,0,2,5,6,3,0,6,8,11,4,2,13598.1602686
20191,1123001837,2,1,1,0,0,1,1,0,0,0,0,1,0,0,0,0,0,0,1,0,0,2510.92624592
20191,1123001838,5,3,2,0,3,0,2,0,0,0,2,0,1,0,0,0,1,0,1,0,0,1535.00799126
20191,1123001839,2,2,0,0,0,0,1,0,1,0,0,0,1,0,1,0,0,0,0,0,0,1508.55580098
20191,1123001840,2,2,0,0,0,0,0,1,1,0,0,0,0,1,1,0,0,0,0,0,0,1203.08490894
20191,1123001841,2,0,2,0,0,0,0,2,0,0,0,0,0,0,0,0,0,0,0,2,0,1111.25388278
20191,1123001842,27,22,5,0,4,10,5,6,2,0,4,9,5,3,1,0,0,1,0,3,1,1002.59646764
20191,1123001846,2,1,1,0,0,2,0,0,0,0,0,1,0,0,0,0,0,1,0,0,0,699.326714616
20191,1123001847,54,24,30,0,12,16,14,7,5,0,1,9,7,4,3,0,11,7,7,3,2,5390.73527039
20191,1123001849,89,52,37,0,11,24,19,22,13,0,5,10,10,17,10,0,6,14,9,5,3,15884.2258296
20191,1123001850,26,6,20,0,1,8,11,4,2,0,1,0,3,0,2,0,0,8,8,4,0,15194.8008377
20191,1123001853,61,42,19,0,5,7,15,17,17,0,1,2,11,13,15,0,4,5,4,4,2,3521.82595606
20191,1123001854,8,7,1,0,2,4,1,1,0,0,2,3,1,1,0,0,0,1,0,0,0,1478.1017733
20191,1123001857,27,13,14,0,3,7,5,6,6,0,1,4,1,3,4,0,2,3,4,3,2,6295.81292237
20191,1123001858,16,10,6,0,3,0,5,4,4,0,3,0,3,2,2,0,0,0,2,2,2,1866.66063956
20191,1123001859,189,70,119,0,44,43,49,29,24,0,19,18,10,10,13,0,25,25,39,19,11,1491.61008874
20191,1123001863,25,9,16,0,5,5,7,4,4,0,4,2,0,1,2,0,1,3,7,3,2,18367.2791552
20191,1123001864,121,59,62,0,23,27,26,23,22,0,11,14,16,10,8,0,12,13,10,13,14,19668.2728815
20191,1123001866,6,6,0,0,0,1,3,0,2,0,0,1,3,0,2,0,0,0,0,0,0,2370.49300495
20191,1123001867,2,2,0,0,1,0,0,1,0,0,1,0,0,1,0,0,0,0,0,0,0,3400.10065596
20191,1123001869,55,12,43,1,2,3,5,19,25,1,2,3,1,2,3,0,0,0,4,17,22,5910.88547042
20191,1123001871,48,14,34,0,6,13,11,17,1,0,1,5,1,7,0,0,5,8,10,10,1,971.705067562
20191,1123001872,2,2,0,0,0,0,0,0,2,0,0,0,0,0,2,0,0,0,0,0,0,1622.46562098
20191,1123001876,15,9,6,0,2,1,3,4,5,0,1,0,2,3,3,0,1,1,1,1,2,12264.955188
20191,1123001878,17,15,2,0,2,3,6,5,1,0,2,3,4,5,1,0,0,0,2,0,0,4265.14826027
20191,1123001885,116,24,92,0,12,12,17,38,37,0,6,5,5,6,2,0,6,7,12,32,35,3511.67954615
20191,1123001888,13,4,9,0,1,1,2,7,2,0,0,0,1,3,0,0,1,1,1,4,2,2833.16835827
20191,1123001889,14,9,5,0,3,3,4,2,2,0,2,3,1,1,2,0,1,0,3,1,0,5220.82342922
20191,1123001890,3,3,0,0,0,0,1,2,0,0,0,0,1,2,0,0,0,0,0,0,0,975.222857235
20191,1123001894,9,4,5,0,1,0,3,4,1,0,1,0,2,1,0,0,0,0,1,3,1,10382.5596797
20191,1123001895,15,9,6,0,2,0,6,4,3,0,1,0,5,2,1,0,1,0,1,2,2,3877.20999088
20191,1123001896,9,6,3,0,3,1,2,3,0,0,3,1,1,1,0,0,0,0,1,2,0,5777.1705011
20191,1123001898,37,17,20,0,6,8,8,6,9,0,2,3,2,6,4,0,4,5,6,0,5,10202.9924044
20191,1123001904,20,13,7,0,2,5,4,7,2,0,1,4,4,3,1,0,1,1,0,4,1,5919.14861411
20191,1123001907,7,4,3,0,0,2,2,3,0,0,0,0,1,3,0,0,0,2,1,0,0,2825.53634447
20191,1123001908,24,18,6,0,0,4,10,4,6,0,0,2,7,3,6,0,0,2,3,1,0,1786.3873178
20191,1123001909,3,0,3,0,0,2,1,0,0,0,0,0,0,0,0,0,0,2,1,0,0,1326.48799967
20191,1123001910,2,1,1,0,0,0,0,1,1,0,0,0,0,0,1,0,0,0,0,1,0,1816.90679837
20191,1123001911,9,4,5,0,1,2,4,2,0,0,1,1,1,1,0,0,0,1,3,1,0,5137.38140708
20191,1123001913,4,1,3,0,1,1,0,0,2,0,0,0,0,0,1,0,1,1,0,0,1,4877.44919236
20191,1123001918,49,28,21,0,10,11,14,13,1,0,4,6,9,8,1,0,6,5,5,5,0,3609.02175634
20191,1123001924,17,12,5,0,0,3,3,6,5,0,0,3,1,6,2,0,0,0,2,0,3,2746.53735723
20191,1123001930,23,16,7,0,4,7,10,1,1,0,1,5,9,1,0,0,3,2,1,0,1,1972.12600563
20191,1123001934,17,4,13,0,1,1,5,8,2,0,1,0,2,0,1,0,0,1,3,8,1,2247.30835531
20191,1123001935,67,34,33,0,12,9,15,22,9,0,5,6,9,8,6,0,7,3,6,14,3,16835.9273328
20191,1123001939,7,6,1,1,0,0,4,1,1,1,0,0,3,1,1,0,0,0,1,0,0,2390.50075085
20191,1123001940,13,7,6,1,1,3,4,3,1,0,0,2,3,2,0,1,1,1,1,1,1,1322.5410897
20191,1123001943,5,5,0,0,1,2,1,1,0,0,1,2,1,1,0,0,0,0,0,0,0,5461.15973942
20191,1123001944,9,7,2,0,0,0,2,4,3,0,0,0,2,3,2,0,0,0,0,1,1,4627.34944165
20191,1123001948,15,8,7,0,3,1,9,1,1,0,2,1,3,1,1,0,1,0,6,0,0,2923.86430684
20191,1123001949,3,0,3,0,1,0,1,1,0,0,0,0,0,0,0,0,1,0,1,1,0,532.052318815
20191,1123001953,18,11,7,1,1,3,3,7,3,1,0,1,2,4,3,0,1,2,1,3,0,2193.83237965
20191,1123001957,8,4,4,0,1,1,1,4,1,0,0,0,1,3,0,0,1,1,0,1,1,2612.62853264
20191,1123001958,17,8,9,0,3,2,7,5,0,0,1,1,3,3,0,0,2,1,4,2,0,5223.47490317
20191,1123001960,7,4,3,0,2,3,1,1,0,0,0,2,1,1,0,0,2,1,0,0,0,1938.13540917
20191,1123001963,62,7,55,0,9,15,24,13,1,0,1,1,2,3,0,0,8,14,22,10,1,4195.20479479
20191,1123001966,26,12,14,2,3,4,8,7,2,0,2,1,5,3,1,2,1,3,3,4,1,2149.47353253
20191,1123001967,4,3,1,0,0,2,0,2,0,0,0,2,0,1,0,0,0,0,0,1,0,2414.13434075
20191,1123001968,8,5,3,0,5,0,0,3,0,0,3,0,0,2,0,0,2,0,0,1,0,3548.49328237
20191,1123001972,1,1,0,0,0,0,1,0,0,0,0,0,1,0,0,0,0,0,0,0,0,2360.00290342
20191,1123001973,18,4,14,0,3,1,5,6,3,0,0,0,1,2,1,0,3,1,4,4,2,4827.13451998
20191,1123001976,2,2,0,0,0,0,2,0,0,0,0,0,2,0,0,0,0,0,0,0,0,2795.17705539
20191,1123001981,2,1,1,0,0,0,2,0,0,0,0,0,1,0,0,0,0,0,1,0,0,1243.94753432
20191,1123001982,21,18,3,1,4,10,3,3,0,0,3,9,3,3,0,1,1,1,0,0,0,5055.23577606
20191,1123001984,92,32,60,0,20,26,20,16,10,0,2,8,8,7,7,0,18,18,12,9,3,6624.73440979
20191,1123001987,36,20,16,0,2,12,9,9,4,0,0,6,6,4,4,0,2,6,3,5,0,3663.45874161
20191,1123001988,1,1,0,0,0,0,0,1,0,0,0,0,0,1,0,0,0,0,0,0,0,1695.26591501
20191,1123001989,2,2,0,0,0,0,0,2,0,0,0,0,0,2,0,0,0,0,0,0,0,706.658053743
20191,1123001990,17,8,9,0,1,1,7,3,5,0,0,1,4,2,1,0,1,0,3,1,4,4991.96970388
20191,1123001991,7,4,3,0,1,1,1,3,1,0,0,1,0,2,1,0,1,0,1,1,0,2957.58181393
20191,1123001992,68,40,28,0,2,10,21,28,7,0,0,7,14,14,5,0,2,3,7,14,2,2659.19958978
20191,1123001993,2,2,0,0,0,0,1,1,0,0,0,0,1,1,0,0,0,0,0,0,0,732.657724252
20191,1123001994,82,27,55,0,7,12,15,29,19,0,0,4,6,7,10,0,7,8,9,22,9,9181.08458714
20191,1123001995,19,11,8,0,3,3,10,2,1,0,2,1,7,1,0,0,1,2,3,1,1,4792.96232745
20191,1123001999,4,1,3,0,0,1,2,1,0,0,0,0,1,0,0,0,0,1,1,1,0,5188.80815538
20191,1123002000,13,11,2,0,0,1,9,1,2,0,0,1,8,1,1,0,0,0,1,0,1,2839.57107339
20191,1123002003,2,2,0,0,1,0,0,1,0,0,1,0,0,1,0,0,0,0,0,0,0,1467.04128585
20191,1123002004,7,5,2,0,1,4,1,1,0,0,0,4,1,0,0,0,1,0,0,1,0,3090.53973316
20191,1123002005,17,2,15,0,0,1,3,5,8,0,0,0,1,0,1,0,0,1,2,5,7,1698.32897312
20191,1123002006,41,21,20,0,10,11,10,6,4,0,6,4,4,4,3,0,4,7,6,2,1,5106.74938669
20191,1123002007,2,1,1,0,0,0,1,1,0,0,0,0,0,1,0,0,0,0,1,0,0,1243.31968377
20191,1123002008,4,2,2,0,0,1,1,1,1,0,0,1,0,0,1,0,0,0,1,1,0,43652.1985218
20191,1123002009,13,3,10,0,0,6,3,1,3,0,0,0,1,0,2,0,0,6,2,1,1,3389.01848664
20191,1123002011,17,11,6,0,2,4,5,3,3,0,1,1,3,3,3,0,1,3,2,0,0,5210.0495317
20191,1123002012,4,1,3,0,0,4,0,0,0,0,0,1,0,0,0,0,0,3,0,0,0,614.704610233
20191,1123002013,7,5,2,0,1,0,2,2,2,0,1,0,1,1,2,0,0,0,1,1,0,7821.17124617
20191,1123002014,17,8,9,0,8,1,0,2,6,0,3,0,0,2,3,0,5,1,0,0,3,4830.5152482
20191,1123002016,3,1,2,0,0,0,1,2,0,0,0,0,0,1,0,0,0,0,1,1,0,1404.72395662
20191,1123002018,9,4,5,0,0,1,1,5,2,0,0,1,1,1,1,0,0,0,0,4,1,970.851822096
20191,1123002019,2,1,1,0,1,0,1,0,0,0,1,0,0,0,0,0,0,0,1,0,0,1411.74946427
20191,1123002020,5,4,1,0,0,0,4,0,1,0,0,0,3,0,1,0,0,0,1,0,0,842.542445669
20191,1123002023,12,9,3,0,1,2,6,2,1,0,1,1,6,1,0,0,0,1,0,1,1,2546.96203805
20191,1123002027,4,4,0,0,1,1,2,0,0,0,1,1,2,0,0,0,0,0,0,0,0,1900.110492
20191,1123002029,5,3,2,0,2,0,1,2,0,0,1,0,1,1,0,0,1,0,0,1,0,1579.58097933
20191,1123002036,13,9,4,0,0,1,4,8,0,0,0,1,4,4,0,0,0,0,0,4,0,3863.14836129
20191,1123002037,4,3,1,0,0,2,0,1,1,0,0,2,0,1,0,0,0,0,0,0,1,2698.79656527
20191,1123002040,2,1,1,0,0,0,1,1,0,0,0,0,0,1,0,0,0,0,1,0,0,4256.64155548
20191,1123002044,11,7,4,0,3,1,6,1,0,0,3,1,3,0,0,0,0,0,3,1,0,3201.76569248
20191,1123002045,2,1,1,0,0,1,0,0,1,0,0,0,0,0,1,0,0,1,0,0,0,1892.33412616
20191,1123002048,4,1,3,0,0,1,2,0,1,0,0,1,0,0,0,0,0,0,2,0,1,3539.71342265
20191,1123002050,14,1,13,0,1,0,2,5,6,0,1,0,0,0,0,0,0,0,2,5,6,1924.34248673
20191,1123002053,25,14,11,0,4,10,10,1,0,0,3,2,8,1,0,0,1,8,2,0,0,1466.21809116
20191,1123002055,14,8,6,0,0,3,0,8,3,0,0,2,0,4,2,0,0,1,0,4,1,7445.22137779
20191,1123002056,10,3,7,0,1,2,2,1,4,0,0,1,1,0,1,0,1,1,1,1,3,5004.34740564
20191,1123002061,12,7,5,0,3,1,5,1,2,0,1,0,4,1,1,0,2,1,1,0,1,2221.79576457
20191,1123002062,14,10,4,1,2,5,1,3,2,1,2,4,1,1,1,0,0,1,0,2,1,3103.12746169
20191,1123002065,6,6,0,0,1,2,3,0,0,0,1,2,3,0,0,0,0,0,0,0,0,2792.80716197
20191,1123002066,23,14,9,0,3,2,9,4,5,0,2,1,5,3,3,0,1,1,4,1,2,3561.66451619
20191,1123002067,8,7,1,0,0,3,3,1,1,0,0,2,3,1,1,0,0,1,0,0,0,901.651673816
20191,1123002070,15,10,5,0,3,2,4,3,3,0,2,2,2,2,2,0,1,0,2,1,1,3039.62631581
20191,1123002071,4,2,2,0,1,0,0,2,1,0,0,0,0,1,1,0,1,0,0,1,0,1830.5989447
20191,1123002072,2,1,1,0,0,0,1,1,0,0,0,0,1,0,0,0,0,0,0,1,0,2242.76260131
20191,1123002073,1,1,0,0,0,0,1,0,0,0,0,0,1,0,0,0,0,0,0,0,0,1997.39842933
20191,1123002075,3,2,1,0,0,0,1,2,0,0,0,0,1,1,0,0,0,0,0,1,0,1818.86804677
20191,1123002076,8,5,3,0,0,5,3,0,0,0,0,3,2,0,0,0,0,2,1,0,0,2454.79125138
20191,1123002077,1,1,0,0,0,0,0,1,0,0,0,0,0,1,0,0,0,0,0,0,0,1349.78760733
20191,1123002078,27,14,13,0,8,5,7,1,6,0,5,2,3,0,4,0,3,3,4,1,2,13384.042897
20191,1123002080,8,2,6,0,0,2,0,4,2,0,0,1,0,1,0,0,0,1,0,3,2,1317.8641528
20191,1123002082,8,5,3,0,1,2,0,4,1,0,0,2,0,2,1,0,1,0,0,2,0,1643.38839658
20191,1123002083,9,4,5,0,0,2,4,1,2,0,0,1,2,0,1,0,0,1,2,1,1,3260.55923678
20191,1123002085,2,2,0,0,0,0,1,1,0,0,0,0,1,1,0,0,0,0,0,0,0,1214.36929272
20191,1123002088,6,3,3,0,2,1,1,1,1,0,1,0,0,1,1,0,1,1,1,0,0,2064.36705589
20191,1123002090,1,1,0,0,0,0,1,0,0,0,0,0,1,0,0,0,0,0,0,0,0,3251.62814365
20191,1123002091,308,146,162,11,110,72,48,43,24,6,55,38,24,12,11,5,55,34,24,31,13,189650.855414
20191,1123002092,30,21,9,1,0,5,5,11,8,0,0,2,4,9,6,1,0,3,1,2,2,2870.71374496
20191,1123002093,19,0,19,0,4,5,8,2,0,0,0,0,0,0,0,0,4,5,8,2,0,1249.74144579
20191,1123002094,2,1,1,0,0,1,1,0,0,0,0,0,1,0,0,0,0,1,0,0,0,1269.93651691
20191,1123002095,183,97,86,1,31,48,48,25,30,1,13,25,23,11,24,0,18,23,25,14,6,26205.3453911
20191,1123002098,12,8,4,0,3,4,2,3,0,0,1,4,2,1,0,0,2,0,0,2,0,1075.80490361
20191,1123002099,4,3,1,0,0,0,1,1,2,0,0,0,1,0,2,0,0,0,0,1,0,2225.95049321
20191,1123002100,6,5,1,0,1,1,1,3,0,0,1,1,1,2,0,0,0,0,0,1,0,6503.55910556
20191,1123002101,3,1,2,0,0,0,2,0,1,0,0,0,0,0,1,0,0,0,2,0,0,1195.00960056
20191,1123002102,1,0,1,0,0,1,0,0,0,0,0,0,0,0,0,0,0,1,0,0,0,1058.83492936
20191,1123002106,1,1,0,0,0,0,1,0,0,0,0,0,1,0,0,0,0,0,0,0,0,1729.18324543
20191,1123002107,8,3,5,0,0,0,3,3,2,0,0,0,1,1,1,0,0,0,2,2,1,5496.96349475
20191,1123002108,8,7,1,0,0,3,1,4,0,0,0,3,1,3,0,0,0,0,0,1,0,954.259773081
20191,1123002110,8,4,4,0,0,2,0,2,4,0,0,0,0,1,3,0,0,2,0,1,1,4444.17989109
20191,1123002112,31,25,6,0,0,2,11,14,4,0,0,1,9,12,3,0,0,1,2,2,1,15684.4861607
20191,1123002116,6,2,4,0,0,1,2,1,2,0,0,0,1,0,1,0,0,1,1,1,1,2552.40170384
20191,1123002117,21,8,13,0,1,4,4,9,3,0,0,3,1,2,2,0,1,1,3,7,1,5186.12357986
20191,1123002121,23,6,17,0,6,9,3,4,1,0,0,2,1,2,1,0,6,7,2,2,0,2346.17358884
20191,1123002126,216,88,128,0,32,26,47,51,60,0,5,6,12,16,49,0,27,20,35,35,11,4292.3381603
20191,1123002137,7,5,2,0,0,1,4,2,0,0,0,0,4,1,0,0,0,1,0,1,0,7388.25522622
20191,1123002138,242,135,107,0,45,77,67,36,17,0,14,39,46,25,11,0,31,38,21,11,6,10821.3304508
20191,1123002140,76,30,46,0,14,13,19,18,12,0,5,5,5,7,8,0,9,8,14,11,4,1806.47154327
20191,1123002143,13,10,3,0,2,3,5,2,1,0,1,3,4,1,1,0,1,0,1,1,0,2788.7430648
20191,1123002145,3,3,0,0,0,3,0,0,0,0,0,3,0,0,0,0,0,0,0,0,0,527.954996128
20191,1123002147,4,0,4,0,0,0,3,0,1,0,0,0,0,0,0,0,0,0,3,0,1,2812.86100703
20191,1123002148,7,1,6,0,4,0,1,1,1,0,0,0,0,1,0,0,4,0,1,0,1,5628.65243959
20191,1123002149,6,3,3,0,0,0,1,2,3,0,0,0,0,2,1,0,0,0,1,0,2,1077.17964895
20191,1123002153,10,5,5,0,1,4,5,0,0,0,0,1,4,0,0,0,1,3,1,0,0,2804.76682251
20191,1123002155,6,4,2,0,0,1,1,2,2,0,0,1,1,1,1,0,0,0,0,1,1,2775.26012818
20191,1123002156,14,7,7,0,1,1,2,5,5,0,0,0,1,3,3,0,1,1,1,2,2,5600.48497582
20191,1123002158,6,5,1,0,0,0,2,2,2,0,0,0,2,1,2,0,0,0,0,1,0,3268.57726876
20191,1123002159,45,14,31,0,5,16,12,7,5,0,2,2,4,3,3,0,3,14,8,4,2,8732.50187672
20191,1123002162,23,8,15,0,2,4,5,6,6,0,1,1,2,2,2,0,1,3,3,4,4,4503.00374877
20191,1123002165,11,7,4,0,0,7,2,1,1,0,0,5,1,0,1,0,0,2,1,1,0,2107.68984952
20191,1123002166,40,25,15,0,3,14,9,10,4,0,2,7,6,7,3,0,1,7,3,3,1,4374.58570695
20191,1123002168,5,2,3,0,1,3,0,0,1,0,0,2,0,0,0,0,1,1,0,0,1,1383.23068636
20191,1123002169,34,8,26,0,5,3,4,12,10,0,3,3,1,1,0,0,2,0,3,11,10,2467.19724587
20191,1123002171,4,2,2,0,0,1,1,1,1,0,0,0,0,1,1,0,0,1,1,0,0,4935.77759267
20191,1123002172,1,1,0,0,0,0,0,1,0,0,0,0,0,1,0,0,0,0,0,0,0,3704.3711321
20191,1123002173,68,22,46,0,12,20,20,10,6,0,1,4,7,6,4,0,11,16,13,4,2,4747.74478704
20191,1123002174,2,0,2,0,0,0,1,0,1,0,0,0,0,0,0,0,0,0,1,0,1,2632.94803202
20191,1123002176,2,0,2,0,0,0,2,0,0,0,0,0,0,0,0,0,0,0,2,0,0,3703.52588337
20191,1123002179,68,33,35,0,4,12,15,20,17,0,1,7,7,10,8,0,3,5,8,10,9,4191.7694339
20191,1123002180,2,2,0,0,0,2,0,0,0,0,0,2,0,0,0,0,0,0,0,0,0,5056.23016698
20191,1123002181,7,3,4,0,1,3,3,0,0,0,1,1,1,0,0,0,0,2,2,0,0,8262.62787021
20191,1123002183,90,10,80,0,8,28,28,23,3,0,1,3,3,1,2,0,7,25,25,22,1,16977.1701846
20191,1123002186,4,2,2,0,2,0,1,1,0,0,1,0,1,0,0,0,1,0,0,1,0,637.874780302
20191,1123002189,16,10,6,0,0,5,5,2,4,0,0,4,2,1,3,0,0,1,3,1,1,8449.38195999
20191,1123002190,111,44,67,0,19,31,36,23,2,0,5,12,13,12,2,0,14,19,23,11,0,6912.98431199
20191,1123002191,4,3,1,0,0,0,0,3,1,0,0,0,0,2,1,0,0,0,0,1,0,4523.1297816
20191,1123002193,7,7,0,0,0,1,3,2,1,0,0,1,3,2,1,0,0,0,0,0,0,4009.46986412
20191,1123002198,39,22,17,0,3,8,11,13,4,0,3,6,2,8,3,0,0,2,9,5,1,3443.34547656
20191,1123002207,67,10,57,0,7,8,22,26,4,0,2,0,3,3,2,0,5,8,19,23,2,20535.5716621
20191,1123002209,97,18,79,0,15,25,30,21,6,0,1,5,6,1,5,0,14,20,24,20,1,13140.2743558
20191,1123002210,19,10,9,0,3,4,7,4,1,0,3,2,3,2,0,0,0,2,4,2,1,3223.23791026
20191,1123002215,1,1,0,0,0,0,1,0,0,0,0,0,1,0,0,0,0,0,0,0,0,3490.69604892
20191,1123002218,2,1,1,0,0,0,0,1,1,0,0,0,0,0,1,0,0,0,0,1,0,6562.4026054
20191,1123002220,155,71,84,0,16,50,43,39,7,0,2,19,23,23,4,0,14,31,20,16,3,16768.3859252
20191,1123002222,73,41,32,0,4,11,20,25,13,0,4,3,14,9,11,0,0,8,6,16,2,5179.10626493
20191,1123002224,35,17,18,0,5,16,10,3,1,0,0,9,5,2,1,0,5,7,5,1,0,5155.47349608
20191,1123002227,156,68,88,0,10,33,44,58,11,0,1,9,16,35,7,0,9,24,28,23,4,4133.41379771
20191,1123002229,65,13,52,0,9,19,14,18,5,0,2,4,1,3,3,0,7,15,13,15,2,25744.5218007
20191,1123002232,58,15,43,0,7,16,15,16,4,0,3,1,4,4,3,0,4,15,11,12,1,20769.5395934
20191,1123002234,8,2,6,0,3,0,0,5,0,0,1,0,0,1,0,0,2,0,0,4,0,1654.94435901
20191,1123002235,24,10,14,0,4,8,5,7,0,0,1,5,1,3,0,0,3,3,4,4,0,4026.98877548
20191,1123002236,5,4,1,0,0,1,3,0,1,0,0,1,2,0,1,0,0,0,1,0,0,1748.81430661
20191,1123002237,17,7,10,0,3,3,4,3,4,0,1,2,1,1,2,0,2,1,3,2,2,6307.59792338
20191,1123002241,1363,805,558,0,132,370,344,359,158,0,50,149,214,262,130,0,82,221,130,97,28,264120.405593
20191,1123002242,103,59,44,0,18,21,32,18,14,0,12,11,22,6,8,0,6,10,10,12,6,3622.2253219
20191,1123002243,120,85,35,0,5,14,16,35,50,0,1,8,13,19,44,0,4,6,3,16,6,6707.2140141
20191,1123002244,123,63,60,0,25,30,19,22,27,0,7,16,6,16,18,0,18,14,13,6,9,5366.84284805
20191,1123002246,31,23,8,0,0,2,6,14,9,0,0,1,2,14,6,0,0,1,4,0,3,3571.80590865
20191,1123002247,23,21,2,0,3,3,5,7,5,0,3,2,5,6,5,0,0,1,0,1,0,3412.74802572
20191,1123002248,165,113,52,0,24,22,41,57,21,0,14,18,22,44,15,0,10,4,19,13,6,4472.11898723
20191,1123002249,99,55,44,0,9,12,24,25,29,0,2,7,15,14,17,0,7,5,9,11,12,6566.48065377
20191,1123002250,97,66,31,0,10,19,22,24,22,0,4,14,12,18,18,0,6,5,10,6,4,3517.35178291
20191,1123002251,12,6,6,0,1,3,3,3,2,0,0,1,1,2,2,0,1,2,2,1,0,7174.54945447
20191,1123002253,29,21,8,0,2,3,9,10,5,0,2,2,5,8,4,0,0,1,4,2,1,4171.19225771
20191,1123002254,45,31,14,0,4,7,11,9,14,0,3,3,8,5,12,0,1,4,3,4,2,7304.62080241
20191,1123002255,41,25,16,0,2,7,11,9,12,0,0,3,7,6,9,0,2,4,4,3,3,2926.46039677
20191,1123002256,4,3,1,0,1,0,0,2,1,0,0,0,0,2,1,0,1,0,0,0,0,1033.19890337
20191,1123002257,91,53,38,0,4,9,12,20,46,0,1,3,4,13,32,0,3,6,8,7,14,4505.1525303
20191,1123002259,28,13,15,0,4,5,4,3,12,0,0,3,2,1,7,0,4,2,2,2,5,2088.21402969
20191,1123002262,67,31,36,0,12,15,18,7,15,0,0,6,12,3,10,0,12,9,6,4,5,6922.57938222
20191,1123002263,52,30,22,0,0,6,7,15,24,0,0,2,3,7,18,0,0,4,4,8,6,6290.75318039
20191,1123002264,6,4,2,0,0,2,0,2,2,0,0,1,0,2,1,0,0,1,0,0,1,3287.87314409
20191,1123002265,31,16,15,0,4,7,7,6,7,0,2,5,2,2,5,0,2,2,5,4,2,1874.69934541
20191,1123002266,37,10,27,0,0,0,3,15,19,0,0,0,1,4,5,0,0,0,2,11,14,1316.81873043
20191,1123002267,123,86,37,0,14,21,29,35,24,0,11,15,22,22,16,0,3,6,7,13,8,11343.4469245
20191,1123002270,7,4,3,0,2,0,1,4,0,0,1,0,1,2,0,0,1,0,0,2,0,680.022418855
20191,1123002272,21,15,6,0,0,2,9,7,3,0,0,2,7,3,3,0,0,0,2,4,0,2539.19443165
20191,1123002273,3,2,1,0,0,0,0,0,3,0,0,0,0,0,2,0,0,0,0,0,1,1447.29239952
20191,1123002274,75,49,26,0,4,13,16,18,24,0,3,5,9,12,20,0,1,8,7,6,4,6450.61661385
20191,1123002275,5,4,1,0,0,3,0,1,1,0,0,2,0,1,1,0,0,1,0,0,0,1167.87904703
20191,1123002276,73,47,26,0,7,24,17,18,7,0,5,16,11,11,4,0,2,8,6,7,3,6759.87866561
20191,1123002277,2,1,1,0,0,1,0,1,0,0,0,1,0,0,0,0,0,0,0,1,0,1135.46373852
20191,1123002279,47,28,19,0,2,15,8,8,14,0,1,9,3,4,11,0,1,6,5,4,3,7141.81428832
20191,1123002280,5,3,2,0,0,1,1,2,1,0,0,0,1,2,0,0,0,1,0,0,1,2040.13218229
20191,1123002281,5,2,3,0,1,1,0,1,2,0,1,0,0,0,1,0,0,1,0,1,1,1074.11712513
20191,1123002282,7,4,3,0,1,0,1,2,3,0,1,0,1,0,2,0,0,0,0,2,1,1740.97410592
20191,1123002283,6,6,0,0,0,1,2,3,0,0,0,1,2,3,0,0,0,0,0,0,0,1532.81553405
20191,1123002286,9,9,0,0,0,1,5,1,2,0,0,1,5,1,2,0,0,0,0,0,0,923.55901947
20191,1123002288,18,9,9,0,3,5,2,4,4,0,0,3,2,2,2,0,3,2,0,2,2,2666.28772958
20191,1123002289,2,1,1,0,0,0,0,0,2,0,0,0,0,0,1,0,0,0,0,0,1,1805.35580109
20191,1123002290,44,25,19,0,0,10,16,15,3,0,0,4,8,11,2,0,0,6,8,4,1,5663.67935415
20191,1123002291,49,28,21,1,4,10,15,15,4,0,2,8,8,8,2,1,2,2,7,7,2,1857.36362904
20191,1123002292,26,19,7,0,3,5,6,1,11,0,1,2,5,1,10,0,2,3,1,0,1,5095.5741118
20191,1123002294,4,2,2,0,0,1,0,1,2,0,0,0,0,0,2,0,0,1,0,1,0,815.194477362
20191,1123002295,8,5,3,0,1,1,3,2,1,0,0,1,2,1,1,0,1,0,1,1,0,1208.87726252
20191,1123002297,2,2,0,0,1,0,1,0,0,0,1,0,1,0,0,0,0,0,0,0,0,447.653452369
20191,1123002299,2,1,1,0,0,0,2,0,0,0,0,0,1,0,0,0,0,0,1,0,0,1171.6584856
20191,1123002300,62,33,29,0,3,13,17,16,13,0,1,6,8,10,8,0,2,7,9,6,5,5551.81187853
20191,1123002301,29,20,9,0,5,2,11,3,8,0,1,1,9,2,7,0,4,1,2,1,1,5556.88182803
20191,1123002302,6,5,1,0,0,2,1,1,2,0,0,2,1,0,2,0,0,0,0,1,0,2364.11238688
20191,1123002304,6,5,1,0,0,1,1,2,2,0,0,1,0,2,2,0,0,0,1,0,0,4136.59020888
20191,1123002305,2,2,0,0,0,1,0,0,1,0,0,1,0,0,1,0,0,0,0,0,0,1814.51531001
20191,1123002306,6,3,3,0,0,0,2,2,2,0,0,0,2,0,1,0,0,0,0,2,1,2359.7248176
20191,1123002307,26,8,18,0,5,2,6,5,8,0,0,0,1,2,5,0,5,2,5,3,3,3876.91850853
20191,1123002312,29,18,11,0,4,4,3,12,6,0,3,3,0,10,2,0,1,1,3,2,4,4527.89056143
20191,1123002313,23,12,11,0,4,6,7,4,2,0,1,5,5,0,1,0,3,1,2,4,1,6984.39564968
20191,1123002314,7,6,1,0,0,0,2,2,3,0,0,0,2,2,2,0,0,0,0,0,1,3617.12360981
20191,1123002315,2,1,1,0,0,0,2,0,0,0,0,0,1,0,0,0,0,0,1,0,0,3189.24692818
20191,1123002316,10,8,2,0,0,0,6,3,1,0,0,0,6,2,0,0,0,0,0,1,1,1090.98235375
20191,1123002317,5,3,2,0,0,0,1,4,0,0,0,0,0,3,0,0,0,0,1,1,0,2558.0206923
20191,1123002318,2,1,1,0,0,0,0,2,0,0,0,0,0,1,0,0,0,0,0,1,0,718.270346778
20191,1123002319,7,6,1,0,0,2,1,3,1,0,0,2,1,2,1,0,0,0,0,1,0,1916.6213429
20191,1123002321,16,8,8,0,1,3,3,7,2,0,0,0,1,5,2,0,1,3,2,2,0,3434.18195563
20191,1123002322,15,12,3,1,1,4,2,5,2,1,1,4,2,2,2,0,0,0,0,3,0,4984.1198918
20191,1123002323,2,2,0,0,0,0,2,0,0,0,0,0,2,0,0,0,0,0,0,0,0,1935.22574244
20191,1123002326,18,7,11,0,4,7,6,1,0,0,0,2,4,1,0,0,4,5,2,0,0,9551.84924255
20191,1123002327,39,21,18,0,5,7,14,7,6,0,4,3,6,4,4,0,1,4,8,3,2,3611.62367222
20191,1123002328,63,36,27,0,10,11,20,12,10,0,4,4,13,8,7,0,6,7,7,4,3,8105.10463962
20191,1123002330,17,13,4,0,0,1,10,4,2,0,0,1,9,2,1,0,0,0,1,2,1,4794.39141547
20191,1123002331,6,5,1,0,2,1,0,2,1,0,2,1,0,1,1,0,0,0,0,1,0,1434.80199768
20191,1123002332,40,30,10,0,3,8,7,13,9,0,2,5,4,11,8,0,1,3,3,2,1,5008.30370071
20191,1123002333,5,3,2,0,0,1,1,1,2,0,0,1,0,1,1,0,0,0,1,0,1,1544.57627638
20191,1123002334,40,29,11,0,4,4,10,18,4,0,4,2,6,14,3,0,0,2,4,4,1,3360.12192372
20191,1123002335,25,20,5,0,2,4,9,6,4,0,2,3,7,4,4,0,0,1,2,2,0,2991.9522189
20191,1123002336,6,4,2,0,0,0,2,4,0,0,0,0,1,3,0,0,0,0,1,1,0,2090.62640792
20191,1123002337,8,6,2,0,2,2,1,1,2,0,1,2,1,1,1,0,1,0,0,0,1,3764.18868604
20191,1123002339,3,2,1,0,0,2,0,0,1,0,0,1,0,0,1,0,0,1,0,0,0,5064.16043623
20191,1123002340,586,291,295,3,205,237,103,37,1,2,88,120,52,28,1,1,117,117,51,9,0,4844.07531438
20191,1123002341,54,15,39,0,10,14,16,12,2,0,3,3,3,4,2,0,7,11,13,8,0,16193.3263142
20191,1123002342,18,5,13,0,4,2,6,5,1,0,0,0,3,2,0,0,4,2,3,3,1,1794.20547054
20191,1123002343,2,1,1,0,0,0,0,1,1,0,0,0,0,1,0,0,0,0,0,0,1,1511.35400755
20191,1123002344,10,7,3,0,0,5,2,2,1,0,0,4,1,1,1,0,0,1,1,1,0,1345.0504066
20191,1123002345,57,34,23,0,7,7,17,11,15,0,5,4,11,7,7,0,2,3,6,4,8,3137.59640447
20191,1123002346,2,2,0,0,0,0,2,0,0,0,0,0,2,0,0,0,0,0,0,0,0,1441.26911443
20191,1123002348,2,2,0,0,0,0,0,1,1,0,0,0,0,1,1,0,0,0,0,0,0,2043.68568529
20191,1123002350,2,1,1,0,0,0,2,0,0,0,0,0,1,0,0,0,0,0,1,0,0,2321.35622007
20191,1123002351,11,9,2,0,1,2,3,3,2,0,1,2,2,2,2,0,0,0,1,1,0,2120.67131279
20191,1123002353,16,10,6,0,1,0,1,6,8,0,1,0,1,3,5,0,0,0,0,3,3,4499.28234407
20191,1123002354,9,6,3,0,1,1,2,4,1,0,1,0,2,2,1,0,0,1,0,2,0,1737.93589134
20191,1123002358,34,22,12,0,0,4,11,15,4,0,0,1,7,10,4,0,0,3,4,5,0,2912.30757317
20191,1123002359,72,13,59,0,12,13,20,22,5,0,2,2,4,1,4,0,10,11,16,21,1,17341.5030527
20191,1123002360,69,39,30,0,12,4,15,22,16,0,8,1,10,12,8,0,4,3,5,10,8,4894.46703079
20191,1123002361,6,6,0,0,0,0,0,5,1,0,0,0,0,5,1,0,0,0,0,0,0,1614.26543567
20191,1123002362,70,28,42,0,11,4,8,21,26,0,5,3,4,9,7,0,6,1,4,12,19,4788.69494573
20191,1123002364,1,1,0,0,0,0,0,1,0,0,0,0,0,1,0,0,0,0,0,0,0,1629.67077063
20191,1123002365,31,12,19,0,10,7,5,7,2,0,3,3,1,4,1,0,7,4,4,3,1,4822.82214585
20191,1123002366,6,4,2,0,0,0,2,1,3,0,0,0,1,1,2,0,0,0,1,0,1,897.635453533
20191,1123002367,40,33,7,0,5,5,11,6,13,0,5,4,9,4,11,0,0,1,2,2,2,5047.00025452
20191,1123002368,6,5,1,0,0,0,3,3,0,0,0,0,2,3,0,0,0,0,1,0,0,3987.13698327
20191,1123002369,2,2,0,0,0,2,0,0,0,0,0,2,0,0,0,0,0,0,0,0,0,1163.20300487
20191,1123002372,6,5,1,1,0,1,2,2,0,1,0,1,2,1,0,0,0,0,0,1,0,1012.48171616
20191,1123002373,11,8,3,0,0,4,5,1,1,0,0,3,5,0,0,0,0,1,0,1,1,2070.95131753
20191,1123002374,55,36,19,0,2,11,13,21,8,0,2,9,9,13,3,0,0,2,4,8,5,4366.4474611
20191,1123002376,5,2,3,0,0,2,2,0,1,0,0,1,1,0,0,0,0,1,1,0,1,3053.92970936
20191,1123002378,11,8,3,0,1,0,6,2,2,0,0,0,5,1,2,0,1,0,1,1,0,1282.97980658
20191,1123002379,88,51,37,0,6,13,19,27,23,0,2,5,11,13,20,0,4,8,8,14,3,11334.9830522
20191,1123002380,65,37,28,2,8,18,21,8,8,0,4,8,15,4,6,2,4,10,6,4,2,6193.59377387
20191,1123002381,6,3,3,0,1,2,0,2,1,0,1,1,0,1,0,0,0,1,0,1,1,3162.46995609
20191,1123002382,16,4,12,0,2,2,5,5,2,0,0,1,0,2,1,0,2,1,5,3,1,4402.09264046
20191,1123002385,4,4,0,0,0,0,1,2,1,0,0,0,1,2,1,0,0,0,0,0,0,3269.75525522
20191,1123002386,30,14,16,0,3,3,11,11,2,0,3,2,5,3,1,0,0,1,6,8,1,1483.74198814
20191,1123002387,51,30,21,0,8,8,12,13,10,0,2,3,8,9,8,0,6,5,4,4,2,9483.39448294
20191,1123002388,21,15,6,0,1,2,4,9,5,0,0,2,3,6,4,0,1,0,1,3,1,3319.92875618
20191,1123002390,39,25,14,0,2,12,10,8,7,0,2,7,5,6,5,0,0,5,5,2,2,2716.47116399
20191,1123002391,5,3,2,0,0,0,1,2,2,0,0,0,1,1,1,0,0,0,0,1,1,2732.90780328
20191,1123002392,43,30,13,0,9,5,12,11,6,0,6,3,9,7,5,0,3,2,3,4,1,6124.54651913
20191,1123002393,19,13,6,1,1,3,6,6,2,1,1,2,3,4,2,0,0,1,3,2,0,5701.47397597
20191,1123002394,16,9,7,0,2,3,2,3,6,0,2,1,1,2,3,0,0,2,1,1,3,2626.38319737
20191,1123002395,15,9,6,0,1,9,4,0,1,0,1,3,4,0,1,0,0,6,0,0,0,4594.25587329
20191,1123002397,10,9,1,2,0,3,0,3,2,2,0,2,0,3,2,0,0,1,0,0,0,1553.73235532
20191,1123002399,14,4,10,0,1,1,1,7,4,0,1,0,0,3,0,0,0,1,1,4,4,1617.66782567
20191,1123002401,2,1,1,0,0,0,0,1,1,0,0,0,0,0,1,0,0,0,0,1,0,1058.91228679
20191,1123002403,4,3,1,0,0,1,2,0,1,0,0,1,1,0,1,0,0,0,1,0,0,1549.284005
20191,1123002404,15,9,6,0,0,5,8,1,1,0,0,2,7,0,0,0,0,3,1,1,1,3479.13120395
20191,1123002405,6,5,1,0,1,0,4,1,0,0,1,0,3,1,0,0,0,0,1,0,0,2106.21908255
20191,1123002406,25,14,11,0,7,5,7,5,1,0,4,2,4,3,1,0,3,3,3,2,0,4386.64720564
20191,1123002407,21,17,4,0,3,3,9,6,0,0,3,2,8,4,0,0,0,1,1,2,0,2975.2159031
20191,1123002408,17,4,13,0,7,1,3,4,2,0,0,0,1,2,1,0,7,1,2,2,1,2906.48335631
20191,1123002409,6,5,1,0,0,2,3,0,1,0,0,2,2,0,1,0,0,0,1,0,0,2822.09873085
20191,1123002410,33,19,14,0,1,9,9,8,6,0,1,5,6,4,3,0,0,4,3,4,3,6012.36030651
20191,1123002412,7,3,4,0,1,2,2,2,0,0,0,1,1,1,0,0,1,1,1,1,0,872.237863966
20191,1123002415,2,2,0,0,0,0,1,0,1,0,0,0,1,0,1,0,0,0,0,0,0,1128.66963683
20191,1123002416,2,1,1,0,0,2,0,0,0,0,0,1,0,0,0,0,0,1,0,0,0,1541.26355307
20191,1123002417,26,8,18,0,1,4,9,8,4,0,1,0,2,2,3,0,0,4,7,6,1,4639.88905157
20191,1123002418,8,0,8,0,0,0,3,5,0,0,0,0,0,0,0,0,0,0,3,5,0,1213.57278641
20191,1123002419,44,27,17,0,18,3,12,10,1,0,12,2,8,4,1,0,6,1,4,6,0,2466.30164489
20191,1123002422,46,24,22,1,7,11,8,14,5,0,4,7,5,6,2,1,3,4,3,8,3,5463.57178712
20191,1123002423,10,4,6,0,1,5,0,2,2,0,0,3,0,0,1,0,1,2,0,2,1,3874.95893226
20191,1123002424,14,10,4,0,3,5,2,1,3,0,2,3,2,1,2,0,1,2,0,0,1,1624.32393773
20191,1123002426,17,9,8,0,2,6,3,3,3,0,1,2,2,1,3,0,1,4,1,2,0,3994.8585652
20191,1123002429,6,5,1,0,1,1,2,2,0,0,1,1,2,1,0,0,0,0,0,1,0,3171.77296686
20191,1123002433,19,10,9,0,1,2,5,6,5,0,1,2,3,2,2,0,0,0,2,4,3,5130.40644399
20191,1123002434,133,77,56,1,10,41,32,36,13,1,5,29,19,15,8,0,5,12,13,21,5,5237.79948596
20191,1123002435,8,0,8,0,2,1,2,3,0,0,0,0,0,0,0,0,2,1,2,3,0,1498.45916254
20191,1123002436,2,1,1,0,0,0,0,2,0,0,0,0,0,1,0,0,0,0,0,1,0,1987.13238815
20191,1123002437,12,10,2,0,2,2,1,5,2,0,2,2,1,4,1,0,0,0,0,1,1,5506.05593247
20191,1123002438,8,6,2,0,0,1,2,3,2,0,0,1,2,2,1,0,0,0,0,1,1,584.036847764
20191,1123002440,1,0,1,0,0,0,0,1,0,0,0,0,0,0,0,0,0,0,0,1,0,1820.12008515
20191,1123002441,21,19,2,0,4,5,4,2,6,0,4,4,4,2,5,0,0,1,0,0,1,11091.2243665
20191,1123002442,87,24,63,0,17,21,16,16,17,0,1,6,8,4,5,0,16,15,8,12,12,7620.53064753
20191,1123002445,4,3,1,0,1,0,2,1,0,0,1,0,1,1,0,0,0,0,1,0,0,3643.97908972
20191,1123002448,2,1,1,0,0,0,2,0,0,0,0,0,1,0,0,0,0,0,1,0,0,1741.1785433
20191,1123002449,3,3,0,0,0,0,3,0,0,0,0,0,3,0,0,0,0,0,0,0,0,1637.41295732
20191,1123002450,88,58,30,1,6,13,35,29,4,0,5,11,19,20,3,1,1,2,16,9,1,8693.4001718
20191,1123002451,9,5,4,0,3,1,2,2,1,0,1,0,1,2,1,0,2,1,1,0,0,25580.1575984
20191,1123002452,15,12,3,0,1,6,3,4,1,0,0,4,3,4,1,0,1,2,0,0,0,2091.21336345
20191,1123002453,60,41,19,0,5,13,19,17,6,0,5,9,10,13,4,0,0,4,9,4,2,2457.9287146
20191,1123002454,16,13,3,0,1,4,6,5,0,0,1,3,5,4,0,0,0,1,1,1,0,2569.66618771
20191,1123002455,35,15,20,0,5,6,8,11,5,0,3,5,3,3,1,0,2,1,5,8,4,8036.43522272
20191,1123002456,2,1,1,0,0,0,0,2,0,0,0,0,0,1,0,0,0,0,0,1,0,3951.77681175
20191,1123002457,57,38,19,0,4,7,19,18,9,0,1,7,16,8,6,0,3,0,3,10,3,5512.94256361
20191,1123002458,11,8,3,0,1,4,3,2,1,0,0,2,3,2,1,0,1,2,0,0,0,3753.9636383
20191,1123002461,6,5,1,0,0,3,2,0,1,0,0,3,2,0,0,0,0,0,0,0,1,1088.06490365
20191,1123002462,10,5,5,0,2,3,1,2,2,0,1,0,0,2,2,0,1,3,1,0,0,8642.94413646
20191,1123002463,33,17,16,0,1,11,13,8,0,0,1,7,6,3,0,0,0,4,7,5,0,1523.82829576
20191,1123002464,111,87,24,0,5,11,23,29,43,0,4,6,19,19,39,0,1,5,4,10,4,5197.6500563
20191,1123002468,3,3,0,0,1,1,0,0,1,0,1,1,0,0,1,0,0,0,0,0,0,1598.29857502
20191,1123002470,3,2,1,0,1,0,1,1,0,0,1,0,1,0,0,0,0,0,0,1,0,683.536112488
20191,1123002472,2,2,0,0,0,2,0,0,0,0,0,2,0,0,0,0,0,0,0,0,0,2905.04995382
20191,1123002475,26,19,7,0,1,2,9,8,6,0,1,2,6,6,4,0,0,0,3,2,2,5663.62654563
20191,1123002476,4,2,2,0,0,0,0,2,2,0,0,0,0,0,2,0,0,0,0,2,0,5499.72654896
20191,1123002478,12,8,4,0,0,0,3,7,2,0,0,0,1,5,2,0,0,0,2,2,0,1990.85372177
20191,1123002479,2,2,0,0,0,0,1,0,1,0,0,0,1,0,1,0,0,0,0,0,0,895.538533259
20191,1123002483,3,0,3,0,0,3,0,0,0,0,0,0,0,0,0,0,0,3,0,0,0,1700.43042916
20191,1123002484,4,3,1,0,0,1,2,1,0,0,0,1,2,0,0,0,0,0,0,1,0,2415.33048122
20191,1123002485,25,16,9,0,1,4,10,8,2,0,0,2,7,6,1,0,1,2,3,2,1,4853.07922671
20191,1123002486,24,11,13,0,5,5,11,2,1,0,1,3,5,1,1,0,4,2,6,1,0,3239.64126814
20191,1123002487,2,2,0,0,0,2,0,0,0,0,0,2,0,0,0,0,0,0,0,0,0,4611.10094684
20191,1123002488,14,10,4,0,2,0,10,1,1,0,1,0,7,1,1,0,1,0,3,0,0,3407.02460525
20191,1123002489,16,14,2,0,1,2,7,4,2,0,1,2,6,3,2,0,0,0,1,1,0,7850.86244173
20191,1123002491,7,4,3,0,1,1,5,0,0,0,1,0,3,0,0,0,0,1,2,0,0,10097.4603887
20191,1123002492,29,17,12,0,2,5,8,10,4,0,2,2,4,8,1,0,0,3,4,2,3,2835.82761633
20191,1123002493,2,1,1,0,0,0,1,0,1,0,0,0,0,0,1,0,0,0,1,0,0,1778.14860878
20191,1123002494,8,6,2,0,0,6,2,0,0,0,0,4,2,0,0,0,0,2,0,0,0,4066.33760414
20191,1123002496,4,2,2,0,2,2,0,0,0,0,1,1,0,0,0,0,1,1,0,0,0,1448.2824704
20191,1123002498,100,39,61,0,5,21,28,43,3,0,0,11,10,16,2,0,5,10,18,27,1,6402.8538519
20191,1123002500,2,2,0,0,0,1,0,1,0,0,0,1,0,1,0,0,0,0,0,0,0,1059.48005236
20191,1123002501,6,4,2,0,0,2,1,1,2,0,0,1,0,1,2,0,0,1,1,0,0,2280.57526831
20191,1123002502,5,2,3,0,0,1,3,0,1,0,0,1,1,0,0,0,0,0,2,0,1,3705.71252493
20191,1123002503,51,12,39,0,1,7,5,17,21,0,1,4,2,4,1,0,0,3,3,13,20,2292.53695395
20191,1123002504,9,5,4,0,0,5,2,1,1,0,0,4,1,0,0,0,0,1,1,1,1,5648.46646302
20191,1123002505,2,2,0,0,0,1,0,1,0,0,0,1,0,1,0,0,0,0,0,0,0,2281.55601201
20191,1123002506,23,16,7,0,2,7,6,5,3,0,0,4,5,5,2,0,2,3,1,0,1,7998.56768138
20191,1123002509,29,22,7,0,2,2,12,6,7,0,2,1,9,6,4,0,0,1,3,0,3,6278.93086133
20191,1123002510,36,22,14,0,0,2,18,14,2,0,0,2,8,10,2,0,0,0,10,4,0,4955.8233255
20191,1123002511,18,5,13,0,0,2,8,7,1,0,0,1,2,2,0,0,0,1,6,5,1,2614.78691021
20191,1123002512,18,10,8,0,2,5,5,4,2,0,0,3,3,2,2,0,2,2,2,2,0,3512.75409962
20191,1123002513,66,14,52,0,10,15,26,11,4,0,1,3,4,2,4,0,9,12,22,9,0,13354.7864847
20191,1123002514,63,14,49,0,3,3,9,21,27,0,2,1,6,3,2,0,1,2,3,18,25,6745.76887548
20191,1123002515,7,3,4,0,0,2,2,0,3,0,0,1,0,0,2,0,0,1,2,0,1,3045.27256202
20191,1123002519,32,22,10,0,1,6,8,7,10,0,1,6,5,5,5,0,0,0,3,2,5,3643.99151507
20191,1123002520,7,7,0,0,0,0,1,3,3,0,0,0,1,3,3,0,0,0,0,0,0,4076.11845592
20191,1123002521,7,4,3,0,0,0,5,2,0,0,0,0,3,1,0,0,0,0,2,1,0,3125.00873977
20191,1123002525,11,10,1,0,0,0,8,3,0,0,0,0,7,3,0,0,0,0,1,0,0,1559.80227058
20191,1123002532,3,2,1,0,0,0,1,0,2,0,0,0,0,0,2,0,0,0,1,0,0,1839.87152362
20191,1123002535,2,1,1,0,0,0,2,0,0,0,0,0,1,0,0,0,0,0,1,0,0,1139.07494843
20191,1123002537,5,4,1,0,0,1,3,1,0,0,0,1,2,1,0,0,0,0,1,0,0,1543.12817486
20191,1123002538,7,4,3,0,0,3,1,1,2,0,0,2,1,1,0,0,0,1,0,0,2,8019.87264892
20191,1123002539,2,1,1,0,0,1,1,0,0,0,0,1,0,0,0,0,0,0,1,0,0,3740.27316769
20191,1123002545,22,0,22,0,1,0,0,9,12,0,0,0,0,0,0,0,1,0,0,9,12,523.163930226
20191,1123002548,5,1,4,0,0,0,3,2,0,0,0,0,1,0,0,0,0,0,2,2,0,1786.90255659
20191,1123002551,2,1,1,0,0,2,0,0,0,0,0,1,0,0,0,0,0,1,0,0,0,800.318505001
20191,1123002553,2,1,1,0,0,0,1,0,1,0,0,0,0,0,1,0,0,0,1,0,0,2133.2766141
20191,1123002556,18,12,6,0,8,3,4,2,1,0,3,3,3,2,1,0,5,0,1,0,0,2556.13364666
20191,1123002557,2,1,1,0,0,0,1,1,0,0,0,0,0,1,0,0,0,0,1,0,0,1036.45195115
20191,1123002559,2,1,1,0,1,1,0,0,0,0,1,0,0,0,0,0,0,1,0,0,0,517.257476567
20191,1123002560,123,26,97,0,4,7,25,56,31,0,3,4,8,5,6,0,1,3,17,51,25,1296.37850186
20191,1123002562,8,5,3,0,0,1,2,4,1,0,0,1,1,3,0,0,0,0,1,1,1,613.79628119
20191,1123002564,9,8,1,0,3,3,1,1,1,0,2,3,1,1,1,0,1,0,0,0,0,1720.29571572
20191,1123002565,9,9,0,0,1,2,2,1,3,0,1,2,2,1,3,0,0,0,0,0,0,1404.58152604
20191,1123002567,2,2,0,0,0,0,1,1,0,0,0,0,1,1,0,0,0,0,0,0,0,832.129823743
20191,1123002568,100,34,66,0,13,16,20,23,28,0,2,3,4,4,21,0,11,13,16,19,7,1831.48307665
20191,1123002578,16,11,5,0,0,1,9,5,1,0,0,1,6,3,1,0,0,0,3,2,0,4279.2552907
20191,1123002579,2,2,0,0,0,0,0,2,0,0,0,0,0,2,0,0,0,0,0,0,0,1104.17271687
20191,1123002581,11,9,2,0,0,1,2,3,5,0,0,1,2,2,4,0,0,0,0,1,1,2151.91337643
20191,1123002582,2,2,0,0,0,0,1,0,1,0,0,0,1,0,1,0,0,0,0,0,0,2176.99092134
20191,1123002583,5,2,3,0,0,2,2,1,0,0,0,0,1,1,0,0,0,2,1,0,0,1024.57215632
20191,1123002593,26,18,8,0,2,10,5,4,5,0,0,9,3,2,4,0,2,1,2,2,1,8385.24352629
20191,1123002601,7,4,3,0,1,0,2,4,0,0,1,0,1,2,0,0,0,0,1,2,0,1841.85327599
20191,1123002602,2,1,1,0,0,0,0,1,1,0,0,0,0,1,0,0,0,0,0,0,1,685.715462701
20191,1123002603,6,2,4,0,0,1,2,2,1,0,0,1,0,1,0,0,0,0,2,1,1,1519.65262437
20191,1123002605,68,37,31,0,13,14,16,19,6,0,5,8,7,13,4,0,8,6,9,6,2,13237.1194942
20191,1123002606,17,11,6,0,0,4,4,4,5,0,0,2,2,3,4,0,0,2,2,1,1,4138.75667684
20191,1123002607,42,26,16,0,9,12,9,7,5,0,7,10,2,5,2,0,2,2,7,2,3,3940.03439716
20191,1123002608,31,21,10,1,17,5,3,2,3,1,10,4,2,2,2,0,7,1,1,0,1,7654.08675125
20191,1123002609,7,2,5,0,0,2,1,4,0,0,0,1,0,1,0,0,0,1,1,3,0,2467.50172895
20191,1123002613,21,7,14,0,0,5,6,6,4,0,0,3,1,1,2,0,0,2,5,5,2,4894.17728549
20191,1123002614,6,3,3,0,0,1,1,1,3,0,0,1,1,0,1,0,0,0,0,1,2,889.757148788
20191,1123002615,13,8,5,0,2,3,3,3,2,0,2,1,1,3,1,0,0,2,2,0,1,4242.75961697
20191,1123002616,123,41,82,0,25,24,20,21,33,0,1,11,8,6,15,0,24,13,12,15,18,9243.73748842
20191,1123002617,7,3,4,0,1,0,1,5,0,0,0,0,1,2,0,0,1,0,0,3,0,1106.836069
20191,1123002618,115,77,38,0,25,27,28,15,20,0,16,18,23,6,14,0,9,9,5,9,6,6978.0957187
20191,1123002619,13,8,5,0,3,0,2,4,4,0,1,0,2,3,2,0,2,0,0,1,2,1030.42639699
20191,1123002621,10,7,3,0,1,1,2,3,3,0,1,1,1,2,2,0,0,0,1,1,1,3854.78339284
20191,1123002622,28,12,16,0,3,7,8,8,2,0,1,4,4,2,1,0,2,3,4,6,1,2178.13917658
20191,1123002623,22,17,5,0,0,3,1,3,15,0,0,2,0,3,12,0,0,1,1,0,3,5821.58192479
20191,1123002626,5,4,1,0,1,1,2,1,0,0,1,1,2,0,0,0,0,0,0,1,0,2216.09489213
20191,1123002627,25,9,16,0,9,6,3,4,3,0,1,1,3,3,1,0,8,5,0,1,2,3243.50498842
20191,1123002628,552,164,388,1,25,59,120,192,155,0,5,15,28,54,62,1,20,44,92,138,93,14535.9802083
20191,1123002629,84,30,54,0,8,17,20,22,17,0,3,6,7,6,8,0,5,11,13,16,9,3361.02961059
20191,1123002631,75,39,36,0,18,11,15,18,13,0,9,8,8,9,5,0,9,3,7,9,8,9423.44799531
20191,1123002633,488,270,218,23,218,70,67,55,55,12,132,36,23,33,34,11,86,34,44,22,21,10295.3038033
20191,1123002634,15,5,10,0,2,1,3,8,1,0,0,1,1,3,0,0,2,0,2,5,1,4481.7189554
20191,1123002635,15,3,12,0,0,1,5,7,2,0,0,0,2,1,0,0,0,1,3,6,2,2678.94766554
20191,1123002636,10,3,7,0,3,1,4,1,1,0,0,0,1,1,1,0,3,1,3,0,0,1044.62139714
20191,1123002638,21,8,13,0,0,0,9,10,2,0,0,0,4,3,1,0,0,0,5,7,1,3139.23114956
20191,1123002639,77,21,56,1,15,16,15,17,13,1,1,4,4,4,7,0,14,12,11,13,6,5673.18015791
20191,1123002640,47,33,14,0,0,2,2,8,35,0,0,1,2,0,30,0,0,1,0,8,5,7504.99769694
20191,1123002641,11,4,7,0,1,0,2,7,1,0,1,0,1,2,0,0,0,0,1,5,1,1893.06739058
20191,1123002643,103,65,38,0,15,41,11,25,11,0,5,29,8,13,10,0,10,12,3,12,1,5369.47236959
20191,1123002645,45,16,29,0,7,6,9,15,8,0,3,2,4,6,1,0,4,4,5,9,7,5111.00326465
20191,1123002647,34,27,7,0,2,3,3,4,22,0,1,1,2,2,21,0,1,2,1,2,1,1792.53377292
20191,1123002650,24,16,8,0,1,2,9,3,9,0,0,1,5,3,7,0,1,1,4,0,2,3281.86765659
20191,1123002651,356,86,270,3,94,105,82,53,19,0,11,26,18,18,13,3,83,79,64,35,6,6172.00839944
20191,1123002652,15,5,10,0,1,1,1,5,7,0,0,1,0,3,1,0,1,0,1,2,6,1943.83697934
20191,1123002654,58,49,9,0,1,3,11,10,33,0,0,2,6,9,32,0,1,1,5,1,1,3893.0683886
20191,1123002655,3,2,1,0,0,2,0,1,0,0,0,1,0,1,0,0,0,1,0,0,0,1262.21256814
20191,1123002657,32,5,27,0,1,2,2,10,17,0,1,0,0,0,4,0,0,2,2,10,13,1016.97376367
20191,1123002658,13,7,6,0,2,2,0,8,1,0,1,0,0,6,0,0,1,2,0,2,1,2275.13145286
20191,1123002660,53,46,7,0,1,23,24,4,1,0,1,19,21,4,1,0,0,4,3,0,0,4042.42087228
20191,1123002661,10,4,6,0,2,1,2,1,4,0,0,0,1,0,3,0,2,1,1,1,1,1794.00604013
20191,1123002662,4,3,1,0,0,2,0,1,1,0,0,2,0,0,1,0,0,0,0,1,0,1085.16450444
20191,1123002664,14,9,5,0,6,3,4,1,0,0,4,2,2,1,0,0,2,1,2,0,0,2292.2566735
20191,1123002665,5,1,4,0,1,2,2,0,0,0,0,0,1,0,0,0,1,2,1,0,0,1409.65562275
20191,1123002667,6,5,1,0,0,5,1,0,0,0,0,4,1,0,0,0,0,1,0,0,0,1117.9429072
20191,1123002669,3,3,0,0,0,1,0,2,0,0,0,1,0,2,0,0,0,0,0,0,0,934.769917878
20191,1123002672,6,2,4,0,0,2,2,1,1,0,0,1,1,0,0,0,0,1,1,1,1,2739.10849413
20191,1123002673,5,5,0,0,0,2,1,2,0,0,0,2,1,2,0,0,0,0,0,0,0,470.40502036
20191,1123002674,46,27,19,0,7,8,13,10,8,0,4,5,8,3,7,0,3,3,5,7,1,4746.99512161
20191,1123002675,19,15,4,0,1,1,4,9,4,0,0,1,3,7,4,0,1,0,1,2,0,3096.6423977
20191,1123002677,8,6,2,0,2,2,2,2,0,0,1,2,2,1,0,0,1,0,0,1,0,719.96882156
20191,1123002680,854,745,109,0,144,305,217,165,23,0,108,261,203,159,14,0,36,44,14,6,9,5545.78202116
20191,1123002683,3,1,2,0,0,1,1,1,0,0,0,0,1,0,0,0,0,1,0,1,0,781.21546642
20191,1123002684,7,3,4,0,0,1,2,4,0,0,0,0,1,2,0,0,0,1,1,2,0,1603.46469515
20191,1123002688,8,2,6,0,0,0,4,0,4,0,0,0,1,0,1,0,0,0,3,0,3,4855.40289348
20191,1123002690,21,13,8,0,2,11,1,5,2,0,1,9,0,1,2,0,1,2,1,4,0,2896.75745726
20191,1123002691,31,20,11,0,0,3,15,4,9,0,0,3,11,0,6,0,0,0,4,4,3,4851.4927482
20191,1123002692,9,0,9,0,2,5,0,1,1,0,0,0,0,0,0,0,2,5,0,1,1,1233.39585641
20191,1123002694,7,4,3,0,0,0,2,5,0,0,0,0,2,2,0,0,0,0,0,3,0,1137.4953587
20191,1123002697,8,1,7,0,1,0,5,2,0,0,0,0,0,1,0,0,1,0,5,1,0,1989.42465704
20191,1123002698,4,2,2,0,0,3,1,0,0,0,0,1,1,0,0,0,0,2,0,0,0,2569.1548521
20191,1123002699,6,4,2,0,0,1,0,1,4,0,0,0,0,1,3,0,0,1,0,0,1,926.081338484
20191,1123002701,11,6,5,0,2,0,7,1,1,0,0,0,4,1,1,0,2,0,3,0,0,778.779638929
20191,1123002703,3,2,1,0,0,0,3,0,0,0,0,0,2,0,0,0,0,0,1,0,0,511.421545892
20191,1123002704,1,1,0,0,0,0,0,1,0,0,0,0,0,1,0,0,0,0,0,0,0,1363.70033225
20191,1123002706,8,4,4,0,2,2,2,2,0,0,1,2,1,0,0,0,1,0,1,2,0,1445.25842996
20191,1123002707,10,4,6,0,1,2,1,3,3,0,0,1,1,2,0,0,1,1,0,1,3,10946.0681679
20191,1123002713,7,6,1,0,0,0,3,4,0,0,0,0,2,4,0,0,0,0,1,0,0,9693.84098584
20191,1123002714,22,13,9,0,2,3,9,1,7,0,2,2,4,0,5,0,0,1,5,1,2,4680.70346453
20191,1123002715,7,5,2,0,2,1,1,1,2,0,1,1,1,0,2,0,1,0,0,1,0,1253.9989814
20191,1123002717,11,9,2,0,2,1,2,6,0,0,2,1,2,4,0,0,0,0,0,2,0,2431.05873191
20191,1123002718,2,2,0,0,1,0,0,1,0,0,1,0,0,1,0,0,0,0,0,0,0,1185.5422237
20191,1123002719,4,2,2,0,0,1,2,0,1,0,0,0,2,0,0,0,0,1,0,0,1,975.571989327
20191,1123002720,6,3,3,0,0,1,0,5,0,0,0,1,0,2,0,0,0,0,0,3,0,2390.38405605
20191,1123002721,4,4,0,0,1,1,2,0,0,0,1,1,2,0,0,0,0,0,0,0,0,1316.72039864
20191,1123002722,30,18,12,0,12,13,3,1,1,0,5,9,2,1,1,0,7,4,1,0,0,1716.87531102
20191,1123002723,17,10,7,1,1,5,7,3,0,1,0,2,6,1,0,0,1,3,1,2,0,6040.37530546
20191,1123002724,2,0,2,0,0,0,0,2,0,0,0,0,0,0,0,0,0,0,0,2,0,1440.43072186
20191,1123002725,16,7,9,0,0,3,4,4,5,0,0,0,2,1,4,0,0,3,2,3,1,3743.19124982
20191,1123002727,2,1,1,0,0,0,2,0,0,0,0,0,1,0,0,0,0,0,1,0,0,1507.23685591
20191,1123002728,3,1,2,0,1,0,0,1,1,0,1,0,0,0,0,0,0,0,0,1,1,775.757195741
20191,1123002729,8,4,4,0,0,0,5,2,1,0,0,0,3,1,0,0,0,0,2,1,1,2279.12340816
20191,1123002733,14,12,2,0,1,5,3,5,0,0,0,5,2,5,0,0,1,0,1,0,0,5199.83648477
20191,1123002734,5,2,3,0,0,3,1,0,1,0,0,1,0,0,1,0,0,2,1,0,0,1502.51419786
20191,1123002735,24,15,9,0,0,1,4,2,17,0,0,1,3,1,10,0,0,0,1,1,7,2093.96248607
20191,1123002736,12,9,3,0,4,2,3,2,1,0,2,1,3,2,1,0,2,1,0,0,0,2096.69549657
20191,1123002739,3,2,1,0,0,1,1,1,0,0,0,1,0,1,0,0,0,0,1,0,0,1604.79702832
20191,1123002741,2,1,1,0,0,0,0,2,0,0,0,0,0,1,0,0,0,0,0,1,0,8027.63404762
20191,1123002742,8,7,1,0,0,2,4,0,2,0,0,2,4,0,1,0,0,0,0,0,1,5582.61413012
20191,1123002745,20,11,9,0,0,4,10,6,0,0,0,2,6,3,0,0,0,2,4,3,0,4068.84065028
20191,1123002755,121,32,89,0,29,18,12,48,14,0,7,11,6,7,1,0,22,7,6,41,13,7310.33141785
20191,1123002756,10,7,3,0,0,0,3,5,2,0,0,0,3,4,0,0,0,0,0,1,2,6327.95327245
20191,1123002757,4,1,3,0,0,0,4,0,0,0,0,0,1,0,0,0,0,0,3,0,0,5494.58312936
20191,1123002759,3,0,3,0,1,0,0,2,0,0,0,0,0,0,0,0,1,0,0,2,0,1733.03695683
20191,1123002762,13,2,11,0,0,1,4,4,4,0,0,0,2,0,0,0,0,1,2,4,4,2798.48387239
20191,1123002763,2,1,1,0,1,0,1,0,0,0,1,0,0,0,0,0,0,0,1,0,0,1674.10131189
20191,1123002766,7,1,6,0,2,0,2,2,1,0,0,0,0,1,0,0,2,0,2,1,1,7574.87214461
20191,1123002767,5,3,2,0,1,0,1,2,1,0,1,0,1,0,1,0,0,0,0,2,0,4733.72402152
20191,1123002776,77,29,48,0,13,17,22,17,8,0,1,4,7,10,7,0,12,13,15,7,1,5416.71290985
20191,1123002781,66,14,52,0,9,15,8,22,12,0,2,6,1,5,0,0,7,9,7,17,12,5162.70193978
20191,1123002784,3,2,1,0,0,0,2,1,0,0,0,0,1,1,0,0,0,0,1,0,0,2008.60643332
20191,1123002785,68,20,48,0,11,25,10,18,4,0,3,5,4,6,2,0,8,20,6,12,2,18019.1780333
20191,1123002797,16,2,14,0,5,3,3,5,0,0,0,0,0,2,0,0,5,3,3,3,0,13109.7705542
20191,1123002803,1,1,0,0,0,0,1,0,0,0,0,0,1,0,0,0,0,0,0,0,0,1715.85926785
20191,1123002807,108,31,77,0,15,34,24,31,4,0,3,3,5,16,4,0,12,31,19,15,0,18763.0717535
20191,1123002814,2,2,0,0,0,1,0,0,1,0,0,1,0,0,1,0,0,0,0,0,0,6168.85521255
20191,1123002825,4,2,2,0,0,0,3,1,0,0,0,0,1,1,0,0,0,0,2,0,0,907.714383687
20191,1123002828,6,2,4,0,2,0,0,3,1,0,0,0,0,1,1,0,2,0,0,2,0,7021.82340052
20191,1123002829,3,2,1,0,0,0,0,3,0,0,0,0,0,2,0,0,0,0,0,1,0,4181.02332029
20191,1123002830,17,14,3,0,2,3,6,5,1,0,2,2,4,5,1,0,0,1,2,0,0,3125.74711412
20191,1123002831,39,19,20,0,12,10,4,7,6,0,6,8,3,0,2,0,6,2,1,7,4,5406.19270289
20191,1123002832,55,6,49,0,4,12,25,11,3,0,0,1,2,1,2,0,4,11,23,10,1,16011.9000326
20191,1123002833,1,1,0,0,0,0,1,0,0,0,0,0,1,0,0,0,0,0,0,0,0,4835.77166826
20191,1123002834,42,22,20,0,3,9,9,13,8,0,2,2,5,7,6,0,1,7,4,6,2,145231.340463
20191,1123002835,534,394,140,0,52,207,113,121,41,0,30,135,85,107,37,0,22,72,28,14,4,54723.0694434
20191,1123002839,310,219,91,0,53,119,49,46,43,0,35,91,39,31,23,0,18,28,10,15,20,86929.4344295
20191,1123002840,542,323,219,1,144,160,114,97,26,1,56,93,76,77,20,0,88,67,38,20,6,204928.740361
20191,1123002841,148,108,40,0,8,23,51,56,10,0,2,13,38,46,9,0,6,10,13,10,1,17983.4313669
20191,1123002842,9,4,5,0,2,1,2,3,1,0,0,0,1,2,1,0,2,1,1,1,0,3962.12701493
20191,1123002844,2,1,1,0,0,0,0,2,0,0,0,0,0,1,0,0,0,0,0,1,0,3476.80269678
20191,1123002846,4,2,2,0,0,0,1,0,3,0,0,0,1,0,1,0,0,0,0,0,2,2209.55267843
20191,1123002848,31,18,13,0,1,12,3,11,4,0,0,8,1,5,4,0,1,4,2,6,0,2581.0345929
20191,1123002851,8,7,1,1,0,4,2,0,1,1,0,3,2,0,1,0,0,1,0,0,0,1452.37187066
20191,1123002863,24,10,14,0,2,4,4,7,7,0,1,0,1,5,3,0,1,4,3,2,4,2458.46663492
20191,1123002865,18,7,11,0,4,8,2,1,3,0,2,3,0,1,1,0,2,5,2,0,2,5373.72049496
20191,1123002868,39,16,23,0,6,3,13,10,7,0,1,2,4,4,5,0,5,1,9,6,2,1510.91950751
20191,1123002871,8,5,3,0,4,2,1,1,0,0,1,2,1,1,0,0,3,0,0,0,0,2523.82098867
20191,1123002874,3,1,2,0,2,0,0,0,1,0,0,0,0,0,1,0,2,0,0,0,0,1139.67966759
20191,1123002876,72,21,51,0,13,30,15,10,4,0,1,13,5,2,0,0,12,17,10,8,4,15017.9680694
20191,1123002882,2,1,1,0,0,1,0,0,1,0,0,1,0,0,0,0,0,0,0,0,1,1865.83215366
20191,1123002886,2,1,1,0,0,0,2,0,0,0,0,0,1,0,0,0,0,0,1,0,0,2935.76638306
20191,1123002887,13,7,6,0,1,6,4,2,0,0,0,3,3,1,0,0,1,3,1,1,0,3544.82034227
20191,1123002888,3,3,0,0,0,1,0,2,0,0,0,1,0,2,0,0,0,0,0,0,0,1857.78733021
20191,1123002889,20,8,12,0,6,4,3,4,3,0,1,1,2,2,2,0,5,3,1,2,1,2915.072446
20191,1123002891,49,18,31,1,9,14,12,7,6,0,2,8,6,1,1,1,7,6,6,6,5,9962.6035372
20191,1123002892,3,2,1,0,1,1,1,0,0,0,1,0,1,0,0,0,0,1,0,0,0,1559.16134878
20191,1123002894,16,10,6,0,2,3,5,4,2,0,2,3,3,2,0,0,0,0,2,2,2,1661.72461865
20191,1123002895,31,17,14,0,7,5,5,7,7,0,5,3,3,1,5,0,2,2,2,6,2,4137.9390375
20191,1123002896,7,4,3,0,0,3,2,0,2,0,0,1,2,0,1,0,0,2,0,0,1,3959.52459558
20191,1123002897,7,0,7,0,4,1,1,1,0,0,0,0,0,0,0,0,4,1,1,1,0,2258.32258492
20191,1123002898,34,9,25,0,4,9,8,9,4,0,0,2,2,2,3,0,4,7,6,7,1,6010.32442575
20191,1123002899,159,51,108,0,0,0,5,47,107,0,0,0,3,8,40,0,0,0,2,39,67,3200.76256493
20191,1123002900,22,10,12,0,5,6,4,4,3,0,0,3,2,3,2,0,5,3,2,1,1,13063.948137
20191,1123002901,7,2,5,1,0,2,1,2,1,0,0,1,0,1,0,1,0,1,1,1,1,3447.72831246
20191,1123002903,8,6,2,0,1,3,4,0,0,0,1,3,2,0,0,0,0,0,2,0,0,4492.04775526
20191,1123002904,9,7,2,1,3,2,3,0,0,1,1,2,3,0,0,0,2,0,0,0,0,2990.44286903
20191,1123002905,32,21,11,0,5,6,12,7,2,0,5,5,9,2,0,0,0,1,3,5,2,5201.55250318
20191,1123002907,19,10,9,0,4,2,8,2,3,0,1,2,4,1,2,0,3,0,4,1,1,4459.29513123
20191,1123002908,15,4,11,0,2,2,1,3,7,0,0,0,0,2,2,0,2,2,1,1,5,1661.85417865
20191,1123002910,4,4,0,0,1,2,0,1,0,0,1,2,0,1,0,0,0,0,0,0,0,2232.26886903
20191,1123002911,4,2,2,0,1,0,0,3,0,0,1,0,0,1,0,0,0,0,0,2,0,3750.41693968
20191,1123002912,4,4,0,0,0,3,1,0,0,0,0,3,1,0,0,0,0,0,0,0,0,750.122443791
20191,1123002913,21,13,8,0,2,5,8,4,2,0,1,3,6,3,0,0,1,2,2,1,2,1743.63059228
20191,1123002914,59,27,32,1,8,12,16,12,10,0,4,9,9,2,3,1,4,3,7,10,7,4604.29294001
20191,1123002915,56,22,34,1,18,7,10,13,7,0,10,6,4,1,1,1,8,1,6,12,6,4925.59184714
20191,1123002916,17,13,4,0,4,5,5,1,2,0,4,4,3,1,1,0,0,1,2,0,1,4142.42363309
20191,1123002917,2,1,1,0,0,1,0,0,1,0,0,0,0,0,1,0,0,1,0,0,0,603.027519223
20191,1123002918,13,1,12,0,3,3,4,1,2,0,0,0,1,0,0,0,3,3,3,1,2,1004.19322794
20191,1123002919,97,15,82,0,9,25,34,23,6,0,2,3,4,2,4,0,7,22,30,21,2,17689.5856703
20191,1123002921,27,14,13,0,9,7,5,4,2,0,6,5,2,1,0,0,3,2,3,3,2,4221.2192617
20191,1123002922,9,5,4,0,3,3,3,0,0,0,1,2,2,0,0,0,2,1,1,0,0,790.797546287
20191,1123002923,21,7,14,0,2,3,3,7,6,0,0,2,1,4,0,0,2,1,2,3,6,4296.91466037
20191,1123002924,36,12,24,1,4,13,4,7,7,0,1,4,2,4,1,1,3,9,2,3,6,3736.83245655
20191,1123002925,40,29,11,0,8,15,7,6,4,0,6,13,4,3,3,0,2,2,3,3,1,2422.05723758
20191,1123002926,49,22,27,0,4,12,14,9,10,0,4,4,5,3,6,0,0,8,9,6,4,1926.12998818
20191,1123002927,8,1,7,0,4,3,1,0,0,0,0,1,0,0,0,0,4,2,1,0,0,3581.5972336
20191,1123002928,12,10,2,0,3,2,1,6,0,0,3,2,0,5,0,0,0,0,1,1,0,5427.73148192
20191,1123002929,38,14,24,0,9,11,5,7,6,0,4,6,3,1,0,0,5,5,2,6,6,6990.87268715
20191,1123002932,2,1,1,0,0,1,0,0,1,0,0,1,0,0,0,0,0,0,0,0,1,7868.84141711
20191,1123002933,19,5,14,0,10,7,2,0,0,0,1,4,0,0,0,0,9,3,2,0,0,1222.18136805
20191,1123002934,31,18,13,0,4,9,6,7,5,0,3,6,6,0,3,0,1,3,0,7,2,1710.75225441
20191,1123002936,3,3,0,0,0,1,1,0,1,0,0,1,1,0,1,0,0,0,0,0,0,3266.53259281
20191,1123002937,2699,854,1845,0,745,905,551,443,55,0,174,346,154,138,42,0,571,559,397,305,13,34094.480476
20191,1123002938,165,104,61,3,46,41,37,20,18,1,19,26,31,17,10,2,27,15,6,3,8,68381.0030704
20191,1123002940,19,7,12,1,1,3,9,4,1,1,0,2,1,3,0,0,1,1,8,1,1,4129.32583817
20191,1123002942,38,21,17,0,2,7,14,7,8,0,1,5,5,3,7,0,1,2,9,4,1,8655.7840371
20191,1123002943,93,40,53,0,8,19,20,23,23,0,3,13,11,5,8,0,5,6,9,18,15,11806.3933984
20191,1123002944,3,1,2,0,0,1,0,1,1,0,0,1,0,0,0,0,0,0,0,1,1,4863.42107454
20191,1123002945,6,2,4,0,1,0,0,2,3,0,1,0,0,0,1,0,0,0,0,2,2,1982.57839087
20191,1123002946,5,3,2,0,0,2,2,0,1,0,0,2,1,0,0,0,0,0,1,0,1,2280.66381413
20191,1123002947,15,7,8,0,2,5,2,3,3,0,1,2,1,1,2,0,1,3,1,2,1,3407.22824594
20191,1123002951,29,20,9,0,1,7,5,8,8,0,1,4,3,5,7,0,0,3,2,3,1,3091.96541572
20191,1123002952,26,15,11,0,2,4,6,11,3,0,2,2,6,4,1,0,0,2,0,7,2,3942.64469453
20191,1123002953,66,36,30,0,14,14,10,11,17,0,5,9,6,7,9,0,9,5,4,4,8,4089.65904967
20191,1123002954,31,16,15,0,1,8,9,9,4,0,0,3,3,6,4,0,1,5,6,3,0,5493.46665185
20191,1123002955,2,1,1,0,1,0,0,1,0,0,1,0,0,0,0,0,0,0,0,1,0,7324.81852868
20191,1123002956,123,68,55,0,12,22,34,31,24,0,11,12,20,8,17,0,1,10,14,23,7,22550.5034436
20191,1123002957,2,1,1,0,0,0,1,0,1,0,0,0,1,0,0,0,0,0,0,0,1,1628.90847454
20191,1123002959,13,4,9,0,6,4,1,0,2,0,1,3,0,0,0,0,5,1,1,0,2,1461.94013885
20191,1123002961,2,1,1,0,0,1,1,0,0,0,0,0,1,0,0,0,0,1,0,0,0,1454.12045397
20191,1123002963,2,1,1,0,1,1,0,0,0,0,0,1,0,0,0,0,1,0,0,0,0,1457.02573846
20191,1123002964,83,58,25,0,6,13,8,21,35,0,3,10,7,12,26,0,3,3,1,9,9,10333.6074492
20191,1123002965,28,15,13,0,6,12,6,2,2,0,3,8,3,0,1,0,3,4,3,2,1,1421.04892608
20191,1123002966,28,17,11,0,6,2,5,5,10,0,3,1,5,1,7,0,3,1,0,4,3,3956.03477432
20191,1123002967,152,88,64,0,24,25,43,39,21,0,14,16,19,23,16,0,10,9,24,16,5,13051.1044731
20191,1123002970,4,1,3,0,1,0,3,0,0,0,0,0,1,0,0,0,1,0,2,0,0,4720.8989788
20191,1123002974,9,2,7,0,0,3,2,2,2,0,0,0,0,1,1,0,0,3,2,1,1,4514.14451559
20191,1123002982,20,2,18,0,5,5,5,4,1,0,0,1,0,0,1,0,5,4,5,4,0,5860.91184551
20191,1123002985,47,8,39,0,0,1,13,13,20,0,0,1,4,1,2,0,0,0,9,12,18,1232.6863747
20191,1123002986,53,49,4,2,7,16,19,8,1,2,7,15,17,7,1,0,0,1,2,1,0,7121.21524291
20191,1123002990,234,148,86,1,30,33,37,25,108,0,11,13,19,15,90,1,19,20,18,10,18,12047.0287981
20191,1123002991,98,42,56,1,25,25,17,14,16,1,8,11,5,6,11,0,17,14,12,8,5,5781.13744145
20191,1123002993,4,4,0,0,0,0,2,0,2,0,0,0,2,0,2,0,0,0,0,0,0,6875.16128071
20191,1123002996,83,32,51,0,3,3,10,6,61,0,2,3,6,1,20,0,1,0,4,5,41,7871.0655319
20191,1123003009,5,4,1,0,0,0,3,2,0,0,0,0,2,2,0,0,0,0,1,0,0,5556.41635339
20191,1123003020,20,12,8,0,7,4,3,5,1,0,5,3,2,2,0,0,2,1,1,3,1,7216.11136233
20191,1123003023,16,9,7,0,0,0,3,4,9,0,0,0,0,2,7,0,0,0,3,2,2,2959.45200321
20191,1123003029,5,4,1,0,0,0,0,5,0,0,0,0,0,4,0,0,0,0,0,1,0,4524.61911672
20191,1123003031,6,3,3,0,1,2,2,0,1,0,1,1,0,0,1,0,0,1,2,0,0,1030.22722306
20191,1123003032,155,88,67,1,37,43,32,25,17,0,7,22,24,21,14,1,30,21,8,4,3,12058.3743236
20191,1123003034,5,1,4,0,0,0,2,3,0,0,0,0,0,1,0,0,0,0,2,2,0,2565.69065106
20191,1123003044,8,6,2,0,2,1,2,2,1,0,1,1,1,2,1,0,1,0,1,0,0,3574.12178366
20191,1123003047,2,0,2,0,0,2,0,0,0,0,0,0,0,0,0,0,0,2,0,0,0,857.374813979
20191,1123003052,42,7,35,0,1,4,9,15,13,0,0,0,1,4,2,0,1,4,8,11,11,3927.52294582
20191,1123003057,10,7,3,0,0,2,3,2,3,0,0,1,2,2,2,0,0,1,1,0,1,3167.75738429
20191,1123003059,5,4,1,0,0,3,1,1,0,0,0,3,1,0,0,0,0,0,0,1,0,1313.90936941
20191,1123003060,7,3,4,0,0,0,4,1,2,0,0,0,1,1,1,0,0,0,3,0,1,3224.03133839
20191,1123003061,5,5,0,0,1,4,0,0,0,0,1,4,0,0,0,0,0,0,0,0,0,3218.04294109
20191,1123003063,28,9,19,0,4,7,3,8,6,0,1,1,2,3,2,0,3,6,1,5,4,9640.84880546
20191,1123003065,13,7,6,0,3,3,4,0,3,0,0,1,3,0,3,0,3,2,1,0,0,3022.13577466
20191,1123003066,4,2,2,0,0,0,2,2,0,0,0,0,2,0,0,0,0,0,0,2,0,1166.57534
20191,1123003067,27,2,25,0,5,6,5,9,2,0,0,0,0,1,1,0,5,6,5,8,1,1538.43611938
20191,1123003069,3,2,1,0,1,0,0,2,0,0,1,0,0,1,0,0,0,0,0,1,0,1889.17113346
20191,1123003070,40,21,19,0,1,3,13,9,14,0,1,1,6,4,9,0,0,2,7,5,5,11129.0370473
20191,1123003073,2,0,2,0,0,0,0,2,0,0,0,0,0,0,0,0,0,0,0,2,0,946.715555177
20191,1123003077,5,3,2,0,2,0,0,3,0,0,2,0,0,1,0,0,0,0,0,2,0,888.188920977
20191,1123003078,9,7,2,0,0,1,6,2,0,0,0,1,4,2,0,0,0,0,2,0,0,1068.36855711
20191,1123003079,5,5,0,0,0,0,1,0,4,0,0,0,1,0,4,0,0,0,0,0,0,950.895986544
20191,1123003080,2,2,0,0,0,2,0,0,0,0,0,2,0,0,0,0,0,0,0,0,0,986.319021271
20191,1123003082,4,3,1,0,0,1,2,1,0,0,0,0,2,1,0,0,0,1,0,0,0,2342.93071185
20191,1123003094,65,15,50,0,3,4,9,8,41,0,0,3,2,1,9,0,3,1,7,7,32,5618.47306291
20191,1123003099,2,0,2,0,1,0,0,1,0,0,0,0,0,0,0,0,1,0,0,1,0,3252.21674168
20191,1123003100,30,7,23,0,11,4,7,4,4,0,1,2,1,1,2,0,10,2,6,3,2,7604.23128972
20191,1123003105,138,43,95,1,10,20,42,40,25,1,5,8,14,5,10,0,5,12,28,35,15,3015.93063789
20191,1123003107,90,22,68,0,9,12,40,21,8,0,0,1,6,9,6,0,9,11,34,12,2,4626.95567548
20191,1123003118,10,6,4,0,0,3,4,2,1,0,0,2,3,1,0,0,0,1,1,1,1,4249.76234106
20191,1123003119,29,26,3,0,1,8,11,3,6,0,1,7,10,3,5,0,0,1,1,0,1,12868.6711485
20191,1123003120,35,16,19,0,2,1,6,11,15,0,2,0,3,1,10,0,0,1,3,10,5,11398.4598182
20191,1123003124,225,105,120,2,27,53,50,69,24,2,15,16,13,39,20,0,12,37,37,30,4,19358.6191889
20191,1123003129,21,15,6,0,3,2,7,7,2,0,3,0,6,4,2,0,0,2,1,3,0,4091.84871842
20191,1123003137,393,241,152,0,33,130,157,63,10,0,14,75,108,37,7,0,19,55,49,26,3,27614.2424638
20191,1123003139,59,16,43,0,4,21,14,18,2,0,0,3,3,8,2,0,4,18,11,10,0,15038.7415062
20191,1123003142,2,1,1,0,1,0,1,0,0,0,1,0,0,0,0,0,0,0,1,0,0,5411.45296141
20191,1123003143,1,0,1,0,0,0,0,0,1,0,0,0,0,0,0,0,0,0,0,0,1,1666.14008581
20191,1123003144,5,3,2,0,0,0,0,4,1,0,0,0,0,2,1,0,0,0,0,2,0,1993.21277869
20191,1123003147,90,11,79,0,12,22,25,25,6,0,1,2,1,2,5,0,11,20,24,23,1,17303.1775195
20191,1123003148,6,2,4,0,2,1,3,0,0,0,0,0,2,0,0,0,2,1,1,0,0,3128.59616429
20191,1123003150,7,4,3,0,0,0,2,0,5,0,0,0,0,0,4,0,0,0,2,0,1,5558.46557363
20191,1123003152,2,1,1,0,0,0,1,0,1,0,0,0,1,0,0,0,0,0,0,0,1,2241.28166073
20191,1123003153,2,1,1,0,0,1,1,0,0,0,0,0,1,0,0,0,0,1,0,0,0,2316.69666325
20191,1123003155,20,11,9,0,0,1,3,13,3,0,0,1,2,6,2,0,0,0,1,7,1,3363.2077305
20191,1123003158,2,2,0,0,0,0,2,0,0,0,0,0,2,0,0,0,0,0,0,0,0,8970.64619539
20191,1123003159,16,14,2,0,1,4,4,2,5,0,1,4,3,2,4,0,0,0,1,0,1,5480.83401
20191,1123003161,1,0,1,0,1,0,0,0,0,0,0,0,0,0,0,0,1,0,0,0,0,23579.4917903
20191,1123003169,2,1,1,0,0,1,0,0,1,0,0,1,0,0,0,0,0,0,0,0,1,3017.66322736
20191,1123003171,58,18,40,0,6,18,18,15,1,0,2,4,5,6,1,0,4,14,13,9,0,13633.9854419
20191,1123003174,6,6,0,0,1,5,0,0,0,0,1,5,0,0,0,0,0,0,0,0,0,2965.49597327
20191,1123003175,7,5,2,1,2,1,1,0,2,1,2,1,0,0,1,0,0,0,1,0,1,9316.32131498
20191,1123003178,2,2,0,0,0,1,0,1,0,0,0,1,0,1,0,0,0,0,0,0,0,7252.85660221
20191,1123003184,6,5,1,0,0,0,3,3,0,0,0,0,2,3,0,0,0,0,1,0,0,1837.34800783
20191,1123003185,3,2,1,0,0,0,1,0,2,0,0,0,1,0,1,0,0,0,0,0,1,2899.96057606
20191,1123003186,1,1,0,0,0,1,0,0,0,0,0,1,0,0,0,0,0,0,0,0,0,1775.20415458
20191,1123003187,3,2,1,0,0,0,1,0,2,0,0,0,1,0,1,0,0,0,0,0,1,2689.88167951
20191,1123003192,4,3,1,0,1,0,0,3,0,0,1,0,0,2,0,0,0,0,0,1,0,3395.39822332
20191,1123003194,12,10,2,0,0,2,5,3,2,0,0,2,4,2,2,0,0,0,1,1,0,3940.78552013
20191,1123003195,4,3,1,0,1,1,0,1,1,0,1,1,0,0,1,0,0,0,0,1,0,2096.1240028
20191,1123003197,2,1,1,0,0,1,0,0,1,0,0,1,0,0,0,0,0,0,0,0,1,2110.00406724
20191,1123003198,2,2,0,0,0,2,0,0,0,0,0,2,0,0,0,0,0,0,0,0,0,1773.35958788
20191,1123003199,2,1,1,0,0,0,1,1,0,0,0,0,0,1,0,0,0,0,1,0,0,11968.2079724
20191,1123003200,2,0,2,0,0,0,1,0,1,0,0,0,0,0,0,0,0,0,1,0,1,3125.45551703
20191,1123003201,23,13,10,0,0,5,2,4,12,0,0,2,1,2,8,0,0,3,1,2,4,3733.1613408
20191,1123003202,18,2,16,0,7,4,2,3,2,0,0,0,0,0,2,0,7,4,2,3,0,11987.7122254
20191,1123003204,20,15,5,1,1,11,4,3,0,1,1,8,3,2,0,0,0,3,1,1,0,3210.21328573
20191,1123003205,248,88,160,0,59,69,74,39,7,0,11,16,38,20,3,0,48,53,36,19,4,4950.82029636
20191,1123003207,29,24,5,0,4,4,13,8,0,0,4,2,10,8,0,0,0,2,3,0,0,3388.04213771
20191,1123003208,3,1,2,0,0,1,2,0,0,0,0,0,1,0,0,0,0,1,1,0,0,3851.541978
20191,1123003210,3,0,3,0,0,1,1,1,0,0,0,0,0,0,0,0,0,1,1,1,0,4020.53359944
20191,1123003211,59,37,22,1,21,17,8,6,6,1,10,14,4,3,5,0,11,3,4,3,1,8274.21403272
20191,1123003213,24,4,20,0,7,5,5,6,1,0,1,2,1,0,0,0,6,3,4,6,1,5956.24610527
20191,1123003214,5,0,5,0,0,0,4,0,1,0,0,0,0,0,0,0,0,0,4,0,1,1257.14468851
20191,1123003215,3,1,2,0,0,0,0,1,2,0,0,0,0,1,0,0,0,0,0,0,2,9992.75658502
20191,1123003216,2,1,1,0,0,1,0,1,0,0,0,1,0,0,0,0,0,0,0,1,0,2667.28280985
20191,1123003217,70,36,34,3,15,19,14,15,4,1,5,9,8,10,3,2,10,10,6,5,1,3329.87581324
20191,1123003218,15,11,4,0,1,4,9,1,0,0,1,3,6,1,0,0,0,1,3,0,0,3183.09816154
20191,1123003219,2,0,2,0,0,0,1,0,1,0,0,0,0,0,0,0,0,0,1,0,1,1626.78649141
20191,1123003220,2,1,1,0,0,1,0,0,1,0,0,0,0,0,1,0,0,1,0,0,0,1786.23548372
20191,1123003222,24,11,13,2,1,2,8,6,5,1,0,2,3,3,2,1,1,0,5,3,3,2742.40524015
20191,1123003225,97,32,65,0,32,20,17,7,21,0,5,7,5,2,13,0,27,13,12,5,8,10602.3289047
20191,1123003226,5,5,0,0,0,3,1,1,0,0,0,3,1,1,0,0,0,0,0,0,0,40395.3429138
20191,1123003227,48,18,30,0,1,18,14,9,6,0,0,4,5,4,5,0,1,14,9,5,1,3652.08823396
20191,1123003228,23,10,13,0,3,4,10,2,4,0,0,0,5,2,3,0,3,4,5,0,1,2456.07411552
20191,1123003230,1496,458,1038,13,436,356,274,307,110,4,81,149,110,85,29,9,355,207,164,222,81,141007.569639
20191,1123003231,113,36,77,0,16,30,34,28,5,0,2,8,12,13,1,0,14,22,22,15,4,4303.94168553
20191,1123003236,4,4,0,0,0,0,1,2,1,0,0,0,1,2,1,0,0,0,0,0,0,6243.50373305
20191,1123003241,4,1,3,0,0,3,0,0,1,0,0,1,0,0,0,0,0,2,0,0,1,1177.63570802
20191,1123003242,34,14,20,0,1,5,9,12,7,0,1,4,2,4,3,0,0,1,7,8,4,6594.92086151
20191,1123003243,12,5,7,0,0,2,3,7,0,0,0,0,2,3,0,0,0,2,1,4,0,4674.05976834
20191,1123003244,22,12,10,1,2,6,2,5,6,1,1,4,1,2,3,0,1,2,1,3,3,2617.4533702
20191,1123003245,35,14,21,0,4,1,10,15,5,0,3,1,4,5,1,0,1,0,6,10,4,3968.17004883
20191,1129000001,38,8,30,0,11,8,5,6,8,0,2,2,1,0,3,0,9,6,4,6,5,3003.00535396
20191,1129000003,131,72,59,1,10,22,24,52,22,0,1,9,12,34,16,1,9,13,12,18,6,2810.55308507
20191,1129000008,39,18,21,0,9,10,8,7,5,0,3,5,5,1,4,0,6,5,3,6,1,7946.14242889
20191,1129000013,10,5,5,0,1,3,4,1,1,0,0,1,2,1,1,0,1,2,2,0,0,2883.14216599
20191,1129000016,2,0,2,0,0,0,1,0,1,0,0,0,0,0,0,0,0,0,1,0,1,1720.46424123
20191,1129000026,11,1,10,0,3,3,2,2,1,0,0,0,0,0,1,0,3,3,2,2,0,677.896615756
20191,1129000027,2,2,0,0,0,0,1,1,0,0,0,0,1,1,0,0,0,0,0,0,0,1439.28809733
20191,1129000031,291,136,155,1,18,20,51,62,139,1,2,14,26,28,65,0,16,6,25,34,74,7682.32234575
20191,1129000032,18,5,13,0,0,3,4,7,4,0,0,1,0,1,3,0,0,2,4,6,1,3930.49844048
20191,1129000034,4,3,1,0,0,0,1,1,2,0,0,0,1,0,2,0,0,0,0,1,0,1482.81397966
20191,1129000039,8,3,5,0,0,0,1,4,3,0,0,0,0,1,2,0,0,0,1,3,1,2677.49029149
20191,1129000042,183,70,113,3,52,38,35,36,19,2,11,15,16,13,13,1,41,23,19,23,6,17067.9713324
20191,1129000047,78,32,46,3,19,17,15,13,11,1,4,6,6,8,7,2,15,11,9,5,4,10290.4625534
20191,1129000049,61,17,44,0,16,16,14,10,5,0,1,5,5,3,3,0,15,11,9,7,2,8054.58226851
20191,1129000051,199,62,137,5,37,39,70,31,17,3,10,15,20,8,6,2,27,24,50,23,11,3961.21404433
20191,1129000062,54,13,41,0,6,14,18,14,2,0,1,3,3,5,1,0,5,11,15,9,1,2211.8899486
20191,1129000063,28,11,17,0,0,9,7,5,7,0,0,3,3,2,3,0,0,6,4,3,4,1984.38510667
20191,1129000070,99,30,69,0,4,6,31,44,14,0,2,3,10,8,7,0,2,3,21,36,7,27762.0060369
20191,1129000075,4,3,1,0,0,1,2,1,0,0,0,1,1,1,0,0,0,0,1,0,0,832.017343204
20191,1129000078,29,24,5,0,4,8,9,5,3,0,2,8,8,5,1,0,2,0,1,0,2,2532.94933053
20191,1129000086,55,16,39,0,2,10,18,11,14,0,0,3,1,3,9,0,2,7,17,8,5,2544.84774991
20191,1129000088,19,2,17,0,9,4,2,3,1,0,0,1,0,1,0,0,9,3,2,2,1,3257.25019678
20191,1129000095,89,42,47,0,8,39,18,22,2,0,1,21,7,11,2,0,7,18,11,11,0,15324.6621483
20191,1129000099,6,0,6,0,0,0,0,4,2,0,0,0,0,0,0,0,0,0,0,4,2,4588.45491458
20191,1129000102,18,2,16,0,9,3,1,2,3,0,0,0,0,0,2,0,9,3,1,2,1,1150.35154767
20191,1129000104,24,17,7,0,2,9,9,2,2,0,2,8,5,2,0,0,0,1,4,0,2,7549.06429063
20191,1129000105,7,2,5,0,0,1,5,0,1,0,0,0,1,0,1,0,0,1,4,0,0,9426.87632765
20191,1129000108,5,2,3,0,1,3,1,0,0,0,0,1,1,0,0,0,1,2,0,0,0,4360.3535115
20191,1129000110,2,1,1,0,0,2,0,0,0,0,0,1,0,0,0,0,0,1,0,0,0,2063.26984168
20191,1129000112,1,0,1,0,0,0,0,0,1,0,0,0,0,0,0,0,0,0,0,0,1,2134.70564598
20191,1129000115,45,20,25,0,7,12,10,9,7,0,1,7,4,4,4,0,6,5,6,5,3,1328.92312917
20191,1129000117,85,28,57,1,13,18,22,21,10,1,6,9,6,2,4,0,7,9,16,19,6,6622.64540695
20191,1129000118,13,1,12,0,0,3,8,1,1,0,0,0,0,1,0,0,0,3,8,0,1,5725.0525603
20191,1129000119,27,22,5,0,4,3,2,10,8,0,4,3,1,7,7,0,0,0,1,3,1,3283.84044582
20191,1129000123,122,27,95,0,16,32,36,33,5,0,4,6,2,10,5,0,12,26,34,23,0,9539.99547106
20191,1129000125,3,1,2,0,0,0,3,0,0,0,0,0,1,0,0,0,0,0,2,0,0,2270.14899636
20191,1129000126,11,2,9,0,3,2,2,2,2,0,0,0,0,1,1,0,3,2,2,1,1,2477.70743195
20191,1129000131,9,6,3,0,1,1,4,1,2,0,1,1,3,0,1,0,0,0,1,1,1,4121.38126759
20191,1129000141,42,11,31,0,9,3,13,10,7,0,2,0,2,3,4,0,7,3,11,7,3,5649.8863137
20191,1129000149,68,24,44,0,6,6,34,15,7,0,1,2,11,6,4,0,5,4,23,9,3,3072.52310862
20191,1129000151,120,29,91,0,14,37,34,33,2,0,0,9,9,9,2,0,14,28,25,24,0,19784.0317989
20191,1129000154,62,16,46,0,5,14,27,9,7,0,1,2,4,4,5,0,4,12,23,5,2,2911.71914429
20191,1129000158,7,1,6,0,1,1,2,3,0,0,0,0,0,1,0,0,1,1,2,2,0,5744.06053465
20191,1129000199,120,16,104,0,11,31,45,27,6,0,1,0,8,3,4,0,10,31,37,24,2,14872.3100721
20191,1129000200,30,29,1,0,0,1,5,0,24,0,0,1,4,0,24,0,0,0,1,0,0,4605.01613628
20191,1129000201,1,1,0,0,0,0,0,1,0,0,0,0,0,1,0,0,0,0,0,0,0,13843.8122565
20191,1129000202,77,21,56,0,14,14,28,18,3,0,0,4,4,11,2,0,14,10,24,7,1,12899.1508822
20191,1129000205,373,74,299,0,12,38,101,146,76,0,3,16,17,16,22,0,9,22,84,130,54,9684.75492897
20191,1129000212,4,1,3,0,0,0,1,1,2,0,0,0,1,0,0,0,0,0,0,1,2,3323.08629525
20191,1129000215,3,1,2,0,1,0,2,0,0,0,1,0,0,0,0,0,0,0,2,0,0,1577.03350393
20191,1129000216,36,21,15,0,1,4,18,3,10,0,1,2,9,2,7,0,0,2,9,1,3,7192.74839825
20191,1129000218,9,4,5,0,0,2,3,0,4,0,0,1,1,0,2,0,0,1,2,0,2,2002.22047374
20191,1129000222,3,2,1,0,0,1,1,1,0,0,0,1,1,0,0,0,0,0,0,1,0,2355.9686265
20191,1129000224,1,1,0,0,0,0,0,1,0,0,0,0,0,1,0,0,0,0,0,0,0,2490.02699304
20191,1129000225,27,11,16,0,4,7,8,6,2,0,1,3,4,1,2,0,3,4,4,5,0,3919.88962613
20191,1129000226,61,37,24,2,19,21,11,6,2,0,9,15,8,5,0,2,10,6,3,1,2,5691.90574767
20191,1129000231,117,52,65,1,23,21,30,25,17,1,7,8,13,15,8,0,16,13,17,10,9,28476.078963
20191,1129000233,4,2,2,0,0,0,1,2,1,0,0,0,0,1,1,0,0,0,1,1,0,2628.61983783
20191,1129000235,1,1,0,0,0,0,1,0,0,0,0,0,1,0,0,0,0,0,0,0,0,2176.76092293
20191,1129000236,2,1,1,0,0,0,1,1,0,0,0,0,0,1,0,0,0,0,1,0,0,3825.23928098
20191,1129000238,44,16,28,1,3,14,6,11,9,0,0,4,3,4,5,1,3,10,3,7,4,10132.1033128
20191,1129000239,48,18,30,0,5,12,17,11,3,0,3,7,2,5,1,0,2,5,15,6,2,1974.53794165
20191,1129000240,26,16,10,0,1,4,6,4,11,0,0,1,4,0,11,0,1,3,2,4,0,5983.87898946
20191,1129000242,41,17,24,1,12,14,5,3,6,0,2,8,2,2,3,1,10,6,3,1,3,5381.7570772
20191,1129000243,29,19,10,0,6,7,6,6,4,0,3,5,5,3,3,0,3,2,1,3,1,5539.74042375
20191,1129000244,2,1,1,0,1,0,0,1,0,0,1,0,0,0,0,0,0,0,0,1,0,2651.45445077
20191,1129000245,17,10,7,1,5,1,5,3,2,1,1,1,3,2,2,0,4,0,2,1,0,1288.71771654
20191,1129000246,3,2,1,0,1,0,1,0,1,0,0,0,1,0,1,0,1,0,0,0,0,9159.41121517
20191,1129000248,59,8,51,0,0,5,20,23,11,0,0,0,2,2,4,0,0,5,18,21,7,3053.45355792
20191,1129000249,176,42,134,2,51,36,37,26,24,0,5,10,12,2,13,2,46,26,25,24,11,11260.2036519
20191,1129000250,7,0,7,0,2,1,2,2,0,0,0,0,0,0,0,0,2,1,2,2,0,2917.0277682
20191,1129000252,24,13,11,0,2,8,9,3,2,0,1,5,5,1,1,0,1,3,4,2,1,2494.45260442
20191,1129000253,101,48,53,1,17,44,20,13,6,1,5,20,13,5,4,0,12,24,7,8,2,10863.379154
20191,1129000255,101,58,43,5,21,16,20,23,16,0,13,11,14,12,8,5,8,5,6,11,8,18553.8109315
20191,1129000259,2,1,1,0,0,0,2,0,0,0,0,0,1,0,0,0,0,0,1,0,0,3430.41905732
20191,1129000260,157,50,107,1,31,32,52,28,13,1,11,15,16,5,2,0,20,17,36,23,11,11322.6441677
20191,1129000261,8,5,3,0,0,2,4,1,1,0,0,2,2,0,1,0,0,0,2,1,0,6223.82196147
20191,1129000262,48,12,36,0,15,5,16,12,0,0,4,3,3,2,0,0,11,2,13,10,0,3209.41082252
20191,1129000265,48,12,36,0,6,6,19,12,5,0,0,1,2,6,3,0,6,5,17,6,2,3424.79930994
20191,1129000267,1,1,0,0,0,0,1,0,0,0,0,0,1,0,0,0,0,0,0,0,0,51418.4663866
20191,1129000272,5,4,1,0,1,1,1,2,0,0,1,1,0,2,0,0,0,0,1,0,0,1421.02382665
20191,1129000273,47,16,31,0,9,12,13,10,3,0,4,1,5,6,0,0,5,11,8,4,3,4934.1020933
20191,1129000275,20,10,10,0,0,8,4,6,2,0,0,7,0,2,1,0,0,1,4,4,1,3805.91350446
20191,1129000280,26,8,18,0,4,7,5,3,7,0,0,1,1,1,5,0,4,6,4,2,2,2940.64197682
20191,1129000281,13,4,9,0,1,2,2,5,3,0,0,1,0,1,2,0,1,1,2,4,1,1873.3090004
20191,1129000284,326,102,224,2,80,98,73,55,18,1,18,24,39,12,8,1,62,74,34,43,10,17453.3113364
20191,1129000290,1,1,0,0,0,0,0,1,0,0,0,0,0,1,0,0,0,0,0,0,0,2171.68043452
20191,1129000293,2,1,1,0,1,0,0,1,0,0,0,0,0,1,0,0,1,0,0,0,0,2075.79902338
20191,1129000303,20,8,12,0,2,3,6,8,1,0,0,3,2,3,0,0,2,0,4,5,1,5690.15376419
20191,1129000304,3,3,0,0,0,0,1,1,1,0,0,0,1,1,1,0,0,0,0,0,0,1745.97796255
20191,1129000312,10,3,7,0,1,4,3,1,1,0,1,1,0,0,1,0,0,3,3,1,0,1643.74801971
20191,1129000317,7,1,6,0,2,0,2,2,1,0,0,0,0,0,1,0,2,0,2,2,0,3584.29282854
20191,1129000321,98,23,75,0,7,12,19,26,34,0,1,4,7,6,5,0,6,8,12,20,29,18802.7956365
20191,1129000322,16,5,11,0,0,1,7,5,3,0,0,0,2,2,1,0,0,1,5,3,2,1228.72102
20191,1129000323,2,0,2,0,0,1,0,0,1,0,0,0,0,0,0,0,0,1,0,0,1,904.631871071
20191,1129000330,70,16,54,0,10,15,20,21,4,0,0,3,4,6,3,0,10,12,16,15,1,10218.1411501
20191,1129000335,51,25,26,0,13,11,10,6,11,0,3,6,3,3,10,0,10,5,7,3,1,6807.09646108
20191,1129000341,189,60,129,0,25,72,37,41,14,0,7,20,12,11,10,0,18,52,25,30,4,22886.0896876
20191,1129000342,82,19,63,0,16,21,21,20,4,0,2,7,7,2,1,0,14,14,14,18,3,6058.26392649
20191,1129000344,4,1,3,0,0,0,1,3,0,0,0,0,1,0,0,0,0,0,0,3,0,1579.77048798
20191,1129000345,4,1,3,0,0,2,1,1,0,0,0,1,0,0,0,0,0,1,1,1,0,1901.42878599
20191,1129000350,2,1,1,0,0,0,0,1,1,0,0,0,0,0,1,0,0,0,0,1,0,2010.27400729
20191,1129000352,68,29,39,0,9,4,20,21,14,0,3,2,7,9,8,0,6,2,13,12,6,5464.41808822
20191,1129000353,2,0,2,0,0,0,0,1,1,0,0,0,0,0,0,0,0,0,0,1,1,3090.32347932
20191,1129000354,1,1,0,0,0,0,0,1,0,0,0,0,0,1,0,0,0,0,0,0,0,1341.11667629
20191,1129000355,63,34,29,0,10,13,13,16,11,0,5,5,9,7,8,0,5,8,4,9,3,7105.56749095
20191,1129000359,2,1,1,0,0,0,1,1,0,0,0,0,0,1,0,0,0,0,1,0,0,3538.74162813
20191,1129000360,8,5,3,0,0,4,2,1,1,0,0,3,2,0,0,0,0,1,0,1,1,7460.8954622
20191,1129000363,2,2,0,0,0,0,1,1,0,0,0,0,1,1,0,0,0,0,0,0,0,767.690262021
20191,1129000366,1,1,0,0,0,0,0,1,0,0,0,0,0,1,0,0,0,0,0,0,0,1682.33648982
20191,1129000368,2,1,1,0,0,0,0,0,2,0,0,0,0,0,1,0,0,0,0,0,1,372.077289969
20191,1129000370,12,4,8,0,0,1,8,3,0,0,0,0,4,0,0,0,0,1,4,3,0,6500.29653181
20191,1129000375,4,1,3,0,1,1,1,1,0,0,0,0,0,1,0,0,1,1,1,0,0,827.935523316
20191,1129000383,4,1,3,0,0,1,0,2,1,0,0,0,0,1,0,0,0,1,0,1,1,1666.75503263
20191,1129000386,3,1,2,0,0,0,1,0,2,0,0,0,0,0,1,0,0,0,1,0,1,595.261951903
20191,1129000387,16,8,8,0,0,2,9,5,0,0,0,1,4,3,0,0,0,1,5,2,0,876.585080906
20191,1129000393,36,22,14,0,17,8,6,3,2,0,11,3,4,3,1,0,6,5,2,0,1,6937.07027254
20191,1129000396,32,8,24,0,2,0,8,18,4,0,1,0,3,3,1,0,1,0,5,15,3,7716.30915924
20191,1129000399,90,16,74,0,11,27,25,21,6,0,2,6,3,1,4,0,9,21,22,20,2,8017.20566594
20191,1129000400,2,1,1,0,0,2,0,0,0,0,0,1,0,0,0,0,0,1,0,0,0,2627.75191351
20191,1129000402,30,8,22,0,8,8,8,6,0,0,0,3,3,2,0,0,8,5,5,4,0,2788.61160414
20191,1129000405,5,3,2,0,1,0,3,1,0,0,0,0,2,1,0,0,1,0,1,0,0,1377.39782634
20191,1129000407,33,13,20,0,4,5,8,13,3,0,0,3,2,6,2,0,4,2,6,7,1,5834.86487691
20191,1129000413,7,5,2,0,0,1,2,1,3,0,0,0,1,1,3,0,0,1,1,0,0,6851.96034889
20191,1129000415,58,25,33,0,1,9,24,8,16,0,0,4,17,1,3,0,1,5,7,7,13,2012.5937853
20191,1129000417,39,13,26,0,1,3,15,15,5,0,0,0,3,7,3,0,1,3,12,8,2,8582.69223261
20191,1129000418,38,19,19,0,5,10,13,7,3,0,2,5,8,3,1,0,3,5,5,4,2,2411.96586751
20191,1129000420,4,2,2,0,0,1,0,2,1,0,0,0,0,1,1,0,0,1,0,1,0,4466.5881143
20191,1129000424,24,11,13,0,0,2,8,1,13,0,0,0,2,1,8,0,0,2,6,0,5,2187.70909293
20191,1129000438,1249,402,847,1,42,59,99,179,869,0,4,25,31,55,287,1,38,34,68,124,582,5266.54340769
20191,1129000448,117,38,79,0,17,59,24,10,7,0,2,24,6,3,3,0,15,35,18,7,4,3699.66282137
20191,1129000449,5,1,4,0,3,1,0,1,0,0,1,0,0,0,0,0,2,1,0,1,0,12985.1300778
20191,1129000455,21,1,20,0,12,1,7,1,0,0,0,0,1,0,0,0,12,1,6,1,0,699.11684589
20191,1129000462,3,2,1,0,0,0,0,1,2,0,0,0,0,1,1,0,0,0,0,0,1,689.729106096
20191,1129000469,11,2,9,0,3,4,2,1,1,0,0,0,1,1,0,0,3,4,1,0,1,1263.83500794
20191,1129000470,91,21,70,1,17,12,31,18,12,0,1,2,7,5,6,1,16,10,24,13,6,1437.52877038
20191,1129000482,7,2,5,0,0,1,2,3,1,0,0,0,1,0,1,0,0,1,1,3,0,3268.92247078
20191,1129000484,5,3,2,0,0,0,1,2,2,0,0,0,0,1,2,0,0,0,1,1,0,1194.0456133
20191,1129000486,2,1,1,0,0,0,2,0,0,0,0,0,1,0,0,0,0,0,1,0,0,3854.01878954
20191,1129000494,6,4,2,0,0,0,2,1,3,0,0,0,1,0,3,0,0,0,1,1,0,1139.54378864
20191,1129000500,23,9,14,0,2,3,10,4,4,0,1,1,4,1,2,0,1,2,6,3,2,2258.24613742
20191,1129000503,43,7,36,0,9,7,8,13,6,0,0,0,0,4,3,0,9,7,8,9,3,56750.6261742
20191,1129000510,29,13,16,1,9,5,6,7,1,0,3,3,1,5,1,1,6,2,5,2,0,7546.08651867
20191,1129000514,271,101,170,1,46,110,60,29,25,1,17,43,29,4,7,0,29,67,31,25,18,5772.87533006
20191,1129000517,52,6,46,0,16,12,9,10,5,0,0,1,0,1,4,0,16,11,9,9,1,11352.5183472
20191,1129000523,9,5,4,0,3,3,3,0,0,0,1,2,2,0,0,0,2,1,1,0,0,1059.26251844
20191,1129000525,1,1,0,0,0,0,0,0,1,0,0,0,0,0,1,0,0,0,0,0,0,1533.96321453
20191,1129000528,6,5,1,0,0,2,2,2,0,0,0,2,1,2,0,0,0,0,1,0,0,8377.46964746
20191,1129000532,40,9,31,0,5,7,14,10,4,0,0,2,0,3,4,0,5,5,14,7,0,4846.91070091
20191,1129000538,13,8,5,0,3,1,6,2,1,0,2,1,4,0,1,0,1,0,2,2,0,1874.16530021
20191,1129000540,8,5,3,0,3,0,2,2,1,0,2,0,1,1,1,0,1,0,1,1,0,3323.50657324
20191,1129000541,7,3,4,0,0,0,4,1,2,0,0,0,2,0,1,0,0,0,2,1,1,1485.44957098
20191,1129000542,3,2,1,0,0,0,2,1,0,0,0,0,1,1,0,0,0,0,1,0,0,1141.77344008
20191,1129000543,2,1,1,0,0,0,0,2,0,0,0,0,0,1,0,0,0,0,0,1,0,1192.47309019
20191,1129000544,2,1,1,0,0,2,0,0,0,0,0,1,0,0,0,0,0,1,0,0,0,1157.47862985
20191,1129000546,2,2,0,0,0,0,2,0,0,0,0,0,2,0,0,0,0,0,0,0,0,1322.72303375
20191,1129000548,7,2,5,0,0,2,5,0,0,0,0,0,2,0,0,0,0,2,3,0,0,1589.5683156
20191,1129000549,2,0,2,0,1,1,0,0,0,0,0,0,0,0,0,0,1,1,0,0,0,1393.29013538
20191,1129000553,7,2,5,0,5,2,0,0,0,0,2,0,0,0,0,0,3,2,0,0,0,2207.91098767
20191,1129000556,18,9,9,0,1,6,2,6,3,0,0,4,0,3,2,0,1,2,2,3,1,4026.61390601
20191,1129000557,12,7,5,0,5,4,2,1,0,0,1,3,2,1,0,0,4,1,0,0,0,1344.83558724
20191,1129000558,2,1,1,0,0,0,2,0,0,0,0,0,1,0,0,0,0,0,1,0,0,1181.57347667
20191,1129000563,1,0,1,0,0,0,0,0,1,0,0,0,0,0,0,0,0,0,0,0,1,1273.92340441
20191,1129000564,7,3,4,0,0,3,2,0,2,0,0,1,1,0,1,0,0,2,1,0,1,1260.87537545
20191,1129000565,93,58,35,0,19,29,30,10,5,0,10,21,17,7,3,0,9,8,13,3,2,6219.92172054
20191,1129000567,3,1,2,0,0,0,3,0,0,0,0,0,1,0,0,0,0,0,2,0,0,6853.91244338
20191,1129000568,38,21,17,1,10,12,7,2,6,1,9,7,3,0,1,0,1,5,4,2,5,10578.8997692
20191,1129000569,148,49,99,0,55,52,28,9,4,0,10,19,12,6,2,0,45,33,16,3,2,4116.63364968
20191,1129000570,25,16,9,0,13,5,3,4,0,0,11,3,1,1,0,0,2,2,2,3,0,2954.14405097
20191,1129000571,10,9,1,0,1,7,1,0,1,0,0,7,1,0,1,0,1,0,0,0,0,1081.36299561
20191,1129000572,79,34,45,2,26,14,12,17,8,0,16,7,6,2,3,2,10,7,6,15,5,5876.21166167
20191,1129000573,7,5,2,0,3,2,1,0,1,0,1,2,1,0,1,0,2,0,0,0,0,3795.13387217
20191,1129000574,13,8,5,0,7,1,4,0,1,0,5,0,2,0,1,0,2,1,2,0,0,1854.58815205
20191,1129000575,19,13,6,0,8,8,2,1,0,0,6,6,1,0,0,0,2,2,1,1,0,4533.73179871
20191,1129000576,32,18,14,2,15,8,2,4,1,1,8,7,0,2,0,1,7,1,2,2,1,1864.9944034
20191,1129000577,84,29,55,1,13,18,8,21,23,0,6,11,3,4,5,1,7,7,5,17,18,5099.32249693
20191,1129000578,18,8,10,2,11,3,2,0,0,0,4,3,1,0,0,2,7,0,1,0,0,1312.0495454
20191,1129000579,4,2,2,0,0,4,0,0,0,0,0,2,0,0,0,0,0,2,0,0,0,780.302013711
20191,1129000580,31,17,14,0,6,7,7,4,7,0,4,5,4,1,3,0,2,2,3,3,4,5278.8403183
20191,1129000581,9,5,4,0,2,1,4,0,2,0,1,1,2,0,1,0,1,0,2,0,1,728.809803529
20191,1129000582,73,37,36,0,15,28,10,10,10,0,8,17,4,4,4,0,7,11,6,6,6,4293.84573068
20191,1129000583,2,1,1,0,0,1,1,0,0,0,0,0,1,0,0,0,0,1,0,0,0,747.136824411
20191,1129000584,4,2,2,0,1,2,1,0,0,0,1,1,0,0,0,0,0,1,1,0,0,1906.44012157
20191,1129000585,6,4,2,0,0,2,3,1,0,0,0,1,3,0,0,0,0,1,0,1,0,1119.84348948
20191,1129000586,6,2,4,1,0,0,4,1,0,0,0,0,2,0,0,1,0,0,2,1,0,676.027180238
20191,1129000587,47,23,24,0,16,10,4,12,5,0,8,6,1,5,3,0,8,4,3,7,2,3644.74847698
20191,1129000588,18,14,4,0,6,4,2,5,1,0,5,4,2,2,1,0,1,0,0,3,0,745.10447959
20191,1129000589,6,3,3,0,1,0,2,1,2,0,1,0,1,1,0,0,0,0,1,0,2,1939.05964418
20191,1129000590,7,3,4,0,3,1,2,1,0,0,2,0,1,0,0,0,1,1,1,1,0,5246.14530073
20191,1129000591,28,16,12,0,2,9,9,4,4,0,1,5,4,3,3,0,1,4,5,1,1,6663.82873504
20191,1129000592,124,65,59,1,36,32,10,14,31,1,19,22,4,4,15,0,17,10,6,10,16,3894.73715712
20191,1129000593,29,14,15,0,6,4,8,4,7,0,2,3,1,3,5,0,4,1,7,1,2,2662.32106892
20191,1129000595,97,39,58,0,37,24,18,6,12,0,12,7,10,2,8,0,25,17,8,4,4,5676.7046914
20191,1129000596,18,7,11,0,6,3,6,3,0,0,2,2,3,0,0,0,4,1,3,3,0,1686.97972103
20191,1129000597,31,18,13,0,3,3,16,6,3,0,1,1,9,5,2,0,2,2,7,1,1,7609.66171191
20191,1129000598,18,9,9,0,2,6,0,8,2,0,1,3,0,5,0,0,1,3,0,3,2,938.028927433
20191,1129000599,8,6,2,0,2,3,1,1,1,0,1,3,1,0,1,0,1,0,0,1,0,1930.54181564
20191,1129000600,25,13,12,0,3,2,7,10,3,0,1,2,5,3,2,0,2,0,2,7,1,1907.89325531
20191,1129000601,11,6,5,0,0,3,3,1,4,0,0,2,2,1,1,0,0,1,1,0,3,4871.77079929
20191,1129000602,290,191,99,8,74,79,45,42,42,0,34,59,38,30,30,8,40,20,7,12,12,4921.87835847
20191,1129000603,89,37,52,0,34,19,14,6,16,0,10,7,9,5,6,0,24,12,5,1,10,5263.74067975
20191,1129000604,17,12,5,0,5,3,5,4,0,0,4,3,4,1,0,0,1,0,1,3,0,2010.8517074
20191,1129000605,84,25,59,0,31,17,24,6,6,0,1,4,12,3,5,0,30,13,12,3,1,4003.49988732
20191,1129000606,27,13,14,0,6,6,9,6,0,0,2,1,5,5,0,0,4,5,4,1,0,3472.49461455
20191,1129000607,807,296,511,3,243,140,188,167,66,0,7,57,96,100,36,3,236,83,92,67,30,68994.1344654
20191,1129000608,29,7,22,0,11,5,7,5,1,0,0,2,3,1,1,0,11,3,4,4,0,3124.22075666
20191,1129000609,14,8,6,0,0,1,6,4,3,0,0,1,3,3,1,0,0,0,3,1,2,1166.11048829
20191,1129000610,92,30,62,1,33,20,16,9,13,0,2,4,9,6,9,1,31,16,7,3,4,4836.51376301
20191,1129000612,103,25,78,0,28,20,28,15,12,0,3,5,5,5,7,0,25,15,23,10,5,6324.36993047
20191,1129000613,33,15,18,1,1,6,2,9,14,1,0,2,1,3,8,0,1,4,1,6,6,3121.35319166
20191,1129000615,27,13,14,0,3,7,5,8,4,0,0,4,4,2,3,0,3,3,1,6,1,3026.02660143
20191,1129000617,36,20,16,0,11,10,6,6,3,0,7,4,2,4,3,0,4,6,4,2,0,6965.76464849
20191,1129000618,4,2,2,0,0,0,4,0,0,0,0,0,2,0,0,0,0,0,2,0,0,1358.76041947
20191,1129000619,3,2,1,0,0,0,1,1,1,0,0,0,0,1,1,0,0,0,1,0,0,9165.84179353
20191,1129000620,21,10,11,0,3,2,5,3,8,0,0,1,2,3,4,0,3,1,3,0,4,5582.26139068
20191,1129000621,5,4,1,0,1,1,2,1,0,0,1,1,1,1,0,0,0,0,1,0,0,1202.05585854
20191,1129000623,4,2,2,0,0,1,1,1,1,0,0,1,1,0,0,0,0,0,0,1,1,6312.11690292
20191,1129000624,38,22,16,1,13,10,8,3,3,0,5,5,7,3,2,1,8,5,1,0,1,4073.47087871
20191,1129000625,147,32,115,0,27,38,44,25,13,0,4,5,9,4,10,0,23,33,35,21,3,22975.5460365
20191,1129000626,40,23,17,0,4,9,13,7,7,0,0,6,8,3,6,0,4,3,5,4,1,2776.82359155
20191,1129000627,14,9,5,0,0,2,7,3,2,0,0,1,5,2,1,0,0,1,2,1,1,1614.84459595
20191,1129000628,4,1,3,0,0,1,2,1,0,0,0,0,0,1,0,0,0,1,2,0,0,1896.74297675
20191,1129000629,54,17,37,0,15,15,14,3,7,0,2,4,7,0,4,0,13,11,7,3,3,4551.06674819
20191,1129000630,15,12,3,0,0,8,5,2,0,0,0,7,3,2,0,0,0,1,2,0,0,4350.01265031
20191,1129000632,68,35,33,0,18,13,12,17,8,0,6,7,8,10,4,0,12,6,4,7,4,6503.32882222
20191,1129000633,7,5,2,0,0,1,1,4,1,0,0,1,1,3,0,0,0,0,0,1,1,1283.48139986
20191,1129000634,1,0,1,0,0,1,0,0,0,0,0,0,0,0,0,0,0,1,0,0,0,2672.64788193
20191,1129000635,6,4,2,0,0,3,2,1,0,0,0,2,2,0,0,0,0,1,0,1,0,6006.82941912
20191,1129000636,146,88,58,0,24,33,31,30,28,0,5,12,21,26,24,0,19,21,10,4,4,4855.63914073
20191,1129000637,3,3,0,0,0,0,1,2,0,0,0,0,1,2,0,0,0,0,0,0,0,1189.99429568
20191,1129000638,11,2,9,0,1,2,2,4,2,0,0,0,0,0,2,0,1,2,2,4,0,1480.20096256
20191,1129000639,123,36,87,0,31,49,25,14,4,0,4,18,10,3,1,0,27,31,15,11,3,3292.56368116
20191,1129000640,79,41,38,0,4,25,25,22,3,0,0,11,16,13,1,0,4,14,9,9,2,4755.49564657
20191,1129000641,1,1,0,0,0,0,0,1,0,0,0,0,0,1,0,0,0,0,0,0,0,793.730854801
20191,1129000642,29,0,29,0,0,0,0,10,19,0,0,0,0,0,0,0,0,0,0,10,19,1503.25903727
20191,1129000645,4,4,0,0,0,1,1,1,1,0,0,1,1,1,1,0,0,0,0,0,0,940.508483314
20191,1129000646,4,2,2,0,0,0,1,0,3,0,0,0,1,0,1,0,0,0,0,0,2,4479.38114258
20191,1129000647,40,19,21,0,20,7,5,6,2,0,9,4,2,2,2,0,11,3,3,4,0,1143.15161662
20191,1129000648,18,7,11,0,0,6,4,5,3,0,0,4,1,2,0,0,0,2,3,3,3,4866.52521645
20191,1129000649,5,1,4,0,0,2,2,1,0,0,0,0,1,0,0,0,0,2,1,1,0,1273.9173315
20191,1129000650,8,3,5,0,0,1,7,0,0,0,0,1,2,0,0,0,0,0,5,0,0,2863.09253325
20191,1129000652,2,2,0,0,1,1,0,0,0,0,1,1,0,0,0,0,0,0,0,0,0,1945.04507987
20191,1129000655,1,1,0,0,0,0,0,1,0,0,0,0,0,1,0,0,0,0,0,0,0,4900.26869254
20191,1129000656,2,2,0,0,0,0,0,0,2,0,0,0,0,0,2,0,0,0,0,0,0,11552.8003479
20191,1129000657,121,40,81,0,11,34,39,30,7,0,1,9,13,10,7,0,10,25,26,20,0,25857.8061327
20191,1129000659,1,0,1,0,0,0,0,1,0,0,0,0,0,0,0,0,0,0,0,1,0,4392.09165753
20191,1129000661,9,7,2,0,1,0,5,3,0,0,1,0,3,3,0,0,0,0,2,0,0,2164.75701438
20191,1129000662,92,45,47,0,9,14,32,20,17,0,6,5,16,9,9,0,3,9,16,11,8,6949.62737076
20191,1129000664,5,3,2,0,1,1,1,1,1,0,0,1,0,1,1,0,1,0,1,0,0,2356.89097495
20191,1129000665,137,110,27,0,2,10,26,48,51,0,1,5,17,38,49,0,1,5,9,10,2,7379.49035939
20191,1129000670,2,1,1,0,0,2,0,0,0,0,0,1,0,0,0,0,0,1,0,0,0,1294.96423569
20191,1129000672,37,26,11,0,11,5,12,5,4,0,10,3,10,1,2,0,1,2,2,4,2,5713.46465004
20191,1129000673,2,1,1,0,0,0,0,1,1,0,0,0,0,1,0,0,0,0,0,0,1,2509.59399613
20191,1129000674,18,10,8,0,0,2,4,8,4,0,0,2,2,4,2,0,0,0,2,4,2,3918.578309
20191,1129000675,5,5,0,0,0,2,2,1,0,0,0,2,2,1,0,0,0,0,0,0,0,982.964654487
20191,1129000677,10,6,4,0,0,3,2,4,1,0,0,3,0,3,0,0,0,0,2,1,1,3648.05274399
20191,1129000678,5,2,3,0,0,2,1,2,0,0,0,0,1,1,0,0,0,2,0,1,0,1139.50499764
20191,1129000679,181,43,138,0,10,31,45,56,39,0,3,11,13,10,6,0,7,20,32,46,33,6096.61899836
20191,1129000680,7,3,4,0,1,3,0,1,2,0,0,1,0,1,1,0,1,2,0,0,1,4333.18084148
20191,1129000681,8,4,4,0,0,0,3,3,2,0,0,0,1,1,2,0,0,0,2,2,0,4869.75500874
20191,1129000683,3,1,2,0,0,3,0,0,0,0,0,1,0,0,0,0,0,2,0,0,0,1752.87978491
20191,1129000684,14,9,5,0,0,0,4,7,3,0,0,0,2,4,3,0,0,0,2,3,0,3738.99523684
20191,1129000688,12,7,5,0,0,3,4,4,1,0,0,0,3,3,1,0,0,3,1,1,0,2119.4318241
20191,1129000690,16,12,4,0,2,2,3,5,4,0,1,2,2,4,3,0,1,0,1,1,1,4005.13853828
20191,1129000692,20,3,17,0,3,4,7,2,4,0,0,0,2,0,1,0,3,4,5,2,3,6129.40076765
20191,1129000694,82,9,73,0,1,0,10,33,38,0,0,0,1,1,7,0,1,0,9,32,31,3988.39333494
20191,1129000695,18,13,5,0,2,3,7,3,3,0,1,1,6,2,3,0,1,2,1,1,0,2472.25712337
20191,1129000696,33,10,23,0,1,7,6,10,9,0,1,3,2,2,2,0,0,4,4,8,7,6057.95367591
20191,1129000697,3,1,2,0,0,1,0,2,0,0,0,0,0,1,0,0,0,1,0,1,0,6087.19119562
20191,1129000698,2,1,1,0,0,0,0,2,0,0,0,0,0,1,0,0,0,0,0,1,0,1985.0563129
20191,1129000699,2,2,0,0,0,0,1,1,0,0,0,0,1,1,0,0,0,0,0,0,0,1544.52957828
20191,1129000700,60,33,27,1,8,11,10,17,13,0,4,6,5,10,8,1,4,5,5,7,5,5151.86605373
20191,1129000702,16,5,11,0,1,5,4,4,2,0,0,2,0,1,2,0,1,3,4,3,0,9990.66616499
20191,1129000703,19,16,3,0,2,1,10,6,0,0,2,0,10,4,0,0,0,1,0,2,0,4548.97385831
20191,1129000706,41,25,16,0,13,11,7,7,3,0,6,7,5,5,2,0,7,4,2,2,1,11643.727626
20191,1129000708,10,4,6,0,0,4,2,2,2,0,0,2,0,1,1,0,0,2,2,1,1,1484.24696379
20191,1129000712,9,6,3,0,0,0,3,3,3,0,0,0,2,2,2,0,0,0,1,1,1,1915.99172015
20191,1129000714,11,7,4,0,1,3,2,3,2,0,0,1,2,2,2,0,1,2,0,1,0,6700.82958602
20191,1129000716,36,9,27,0,6,2,5,5,18,0,3,2,2,2,0,0,3,0,3,3,18,7504.20334069
20191,1129000718,28,5,23,0,6,2,7,8,5,0,1,1,0,1,2,0,5,1,7,7,3,5993.29486114
20191,1129000720,19,3,16,0,1,5,6,4,3,0,0,1,1,1,0,0,1,4,5,3,3,6136.7999923
20191,1129000722,61,16,45,0,1,7,7,22,24,0,0,3,3,5,5,0,1,4,4,17,19,5894.81091272
20191,1129000723,8,5,3,0,0,4,1,1,2,0,0,2,1,1,1,0,0,2,0,0,1,1944.3136627
20191,1129000725,111,19,92,0,14,34,31,25,7,0,1,5,3,5,5,0,13,29,28,20,2,12164.4876681
20191,1129000726,8,5,3,0,0,3,1,3,1,0,0,2,1,2,0,0,0,1,0,1,1,3738.97601094
20191,1129000733,10,5,5,0,0,5,4,1,0,0,0,1,3,1,0,0,0,4,1,0,0,3368.88049849
20191,1129000735,2,2,0,0,0,0,2,0,0,0,0,0,2,0,0,0,0,0,0,0,0,1043.00413194
20191,1129000736,3,2,1,0,0,1,2,0,0,0,0,1,1,0,0,0,0,0,1,0,0,1631.09245285
20191,1129000738,2,1,1,0,0,0,0,2,0,0,0,0,0,1,0,0,0,0,0,1,0,1390.31923146
20191,1129000739,27,21,6,0,2,8,8,6,3,0,2,4,7,6,2,0,0,4,1,0,1,8202.46308964
20191,1129000740,109,52,57,2,15,32,33,18,9,0,4,15,20,9,4,2,11,17,13,9,5,9541.93127465
20191,1129000741,51,19,32,0,1,16,18,10,6,0,0,5,6,4,4,0,1,11,12,6,2,4143.61013048
20191,1129000742,2,1,1,0,0,1,1,0,0,0,0,1,0,0,0,0,0,0,1,0,0,1431.23791778
20191,1129000743,122,52,70,1,35,31,27,13,15,0,7,13,15,7,10,1,28,18,12,6,5,7113.146768
20191,1129000744,736,523,213,0,1,8,24,68,635,0,0,3,8,33,479,0,1,5,16,35,156,904.36961389
20191,1129000745,19,14,5,0,2,3,5,7,2,0,0,2,4,6,2,0,2,1,1,1,0,3710.29729485
20191,1129000747,13,3,10,0,0,2,9,2,0,0,0,2,1,0,0,0,0,0,8,2,0,1256.8046719
20191,1129000748,42,17,25,0,9,7,14,10,2,0,5,4,5,1,2,0,4,3,9,9,0,1118.38182539
20191,1129000749,2,1,1,0,0,0,0,2,0,0,0,0,0,1,0,0,0,0,0,1,0,948.530638041
20191,1129000751,2,2,0,0,0,1,0,1,0,0,0,1,0,1,0,0,0,0,0,0,0,1209.9455717
20191,1129000755,14,0,14,0,1,5,7,1,0,0,0,0,0,0,0,0,1,5,7,1,0,2134.41648358
20191,1129000756,117,64,53,0,38,29,24,19,7,0,13,13,21,12,5,0,25,16,3,7,2,4848.63238981
20191,1129000758,128,18,110,0,6,10,16,47,49,0,1,2,4,3,8,0,5,8,12,44,41,4746.70127887
20191,1129000759,14,8,6,0,1,7,1,2,3,0,0,6,0,1,1,0,1,1,1,1,2,4198.54580256
20191,1129000766,1,0,1,0,0,0,0,1,0,0,0,0,0,0,0,0,0,0,0,1,0,2474.82131043
20191,1129000767,8,4,4,0,0,2,2,3,1,0,0,0,1,2,1,0,0,2,1,1,0,3633.36732999
20191,1129000770,41,22,19,0,2,6,18,8,7,0,0,4,8,5,5,0,2,2,10,3,2,4494.64404784
20191,1129000773,14,7,7,0,0,0,3,3,8,0,0,0,1,0,6,0,0,0,2,3,2,3472.2940408
20191,1129000774,57,32,25,0,6,5,20,17,9,0,2,3,13,10,4,0,4,2,7,7,5,4345.99394664
20191,1129000775,27,19,8,0,7,5,3,7,5,0,3,3,1,7,5,0,4,2,2,0,0,3136.78108163
20191,1129000776,17,9,8,0,0,7,3,5,2,0,0,5,2,2,0,0,0,2,1,3,2,3585.98635768
20191,1129000780,2,0,2,0,0,0,0,1,1,0,0,0,0,0,0,0,0,0,0,1,1,9422.77781434
20191,1129000781,18,16,2,0,1,3,6,6,2,0,1,2,6,5,2,0,0,1,0,1,0,2547.94772849
20191,1129000782,59,31,28,2,10,18,12,11,6,0,4,13,7,5,2,2,6,5,5,6,4,5348.99714237
20191,1129000784,44,26,18,0,5,14,12,6,7,0,4,5,8,3,6,0,1,9,4,3,1,5119.40646325
20191,1129000785,11,9,2,0,1,3,5,2,0,0,0,3,4,2,0,0,1,0,1,0,0,4217.28674376
20191,1129000787,41,19,22,0,10,17,9,4,1,0,4,10,3,2,0,0,6,7,6,2,1,3394.73541103
20191,1129000789,2,2,0,0,0,1,0,1,0,0,0,1,0,1,0,0,0,0,0,0,0,2030.60973837
20191,1129000791,12,8,4,0,6,3,2,1,0,0,5,1,1,1,0,0,1,2,1,0,0,4076.66167096
20191,1129000793,2,0,2,0,1,0,1,0,0,0,0,0,0,0,0,0,1,0,1,0,0,3474.61221128
20191,1129000794,84,69,15,0,3,8,12,24,37,0,1,4,9,21,34,0,2,4,3,3,3,4926.52656172
20191,1129000796,25,12,13,0,6,6,3,3,7,0,3,2,0,2,5,0,3,4,3,1,2,4710.51065289
20191,1129000798,12,9,3,0,3,2,4,3,0,0,2,1,3,3,0,0,1,1,1,0,0,4172.81334224
20191,1129000800,7,4,3,0,3,4,0,0,0,0,1,3,0,0,0,0,2,1,0,0,0,9189.49733779
20191,1129000801,5,3,2,0,0,0,1,2,2,0,0,0,0,1,2,0,0,0,1,1,0,3116.91508343
20191,1129000802,2,2,0,0,0,1,0,1,0,0,0,1,0,1,0,0,0,0,0,0,0,1396.42794887
20191,1129000803,2,2,0,0,1,1,0,0,0,0,1,1,0,0,0,0,0,0,0,0,0,2949.50854382
20191,1129000804,4,4,0,0,0,0,3,0,1,0,0,0,3,0,1,0,0,0,0,0,0,2559.29081351
20191,1129000805,39,15,24,0,6,10,11,10,2,0,2,3,2,7,1,0,4,7,9,3,1,2544.69833752
20191,1129000806,16,11,5,0,0,3,3,8,2,0,0,1,3,6,1,0,0,2,0,2,1,4868.1024665
20191,1129000808,2,1,1,0,0,2,0,0,0,0,0,1,0,0,0,0,0,1,0,0,0,2303.15663935
20191,1129000809,69,14,55,0,8,16,22,15,8,0,1,2,2,4,5,0,7,14,20,11,3,18047.7485272
20191,1129000810,2,1,1,0,1,1,0,0,0,0,0,1,0,0,0,0,1,0,0,0,0,2902.12756064
20191,1129000811,234,134,100,2,25,44,55,64,44,0,8,35,32,29,30,2,17,9,23,35,14,4712.19466275
20191,1129000812,7,6,1,0,4,1,2,0,0,0,3,1,2,0,0,0,1,0,0,0,0,2416.06728545
20191,1129000814,8,5,3,0,0,1,2,2,3,0,0,1,2,1,1,0,0,0,0,1,2,3535.76576188
20191,1129000815,18,3,15,0,3,4,7,2,2,0,0,0,1,0,2,0,3,4,6,2,0,2705.47322857
20191,1129000817,2,1,1,0,0,0,2,0,0,0,0,0,1,0,0,0,0,0,1,0,0,1917.55862118
20191,1129000818,17,8,9,0,2,3,6,3,3,0,0,2,2,2,2,0,2,1,4,1,1,5225.811889
20191,1129000819,369,194,175,0,68,61,50,90,100,0,29,32,19,43,71,0,39,29,31,47,29,5554.98911301
20191,1129000822,2,1,1,0,0,0,1,1,0,0,0,0,1,0,0,0,0,0,0,1,0,3904.16915411
20191,1129000823,125,39,86,1,38,32,20,17,17,1,4,9,10,7,8,0,34,23,10,10,9,5420.59526373
20191,1129000824,15,10,5,0,0,1,2,4,8,0,0,1,0,4,5,0,0,0,2,0,3,2353.53618119
20191,1129000826,58,47,11,0,7,9,16,25,1,0,4,7,13,22,1,0,3,2,3,3,0,4070.9246453
20191,1129000827,7,3,4,0,3,2,1,1,0,0,1,1,0,1,0,0,2,1,1,0,0,8345.35970478
20191,1129000831,11,2,9,0,0,0,2,6,3,0,0,0,1,0,1,0,0,0,1,6,2,4537.91626988
20191,1129000832,7,3,4,0,0,0,1,3,3,0,0,0,1,1,1,0,0,0,0,2,2,2183.68107382
20191,1129000833,3,2,1,0,0,0,0,0,3,0,0,0,0,0,2,0,0,0,0,0,1,879.295476845
20191,1129000834,1,0,1,0,0,0,1,0,0,0,0,0,0,0,0,0,0,0,1,0,0,1776.74718034
20191,1129000837,60,33,27,0,4,15,28,9,4,0,0,7,20,3,3,0,4,8,8,6,1,6468.44824669
20191,1129000840,6,4,2,0,1,3,1,0,1,0,0,2,1,0,1,0,1,1,0,0,0,3295.81688917
20191,1129000841,14,8,6,0,1,6,4,2,1,0,1,2,2,2,1,0,0,4,2,0,0,5206.56465917
20191,1129000842,50,18,32,0,10,13,15,3,9,0,0,3,6,1,8,0,10,10,9,2,1,41579.382174
20191,1129000843,2,2,0,0,0,1,1,0,0,0,0,1,1,0,0,0,0,0,0,0,0,1251.4020243
20191,1129000846,9,7,2,0,0,4,4,1,0,0,0,3,3,1,0,0,0,1,1,0,0,1205.49105405
20191,1129000848,18,13,5,0,9,1,6,1,1,0,4,1,6,1,1,0,5,0,0,0,0,3721.90256055
20191,1129000851,4,3,1,0,0,3,1,0,0,0,0,2,1,0,0,0,0,1,0,0,0,1736.1261273
20191,1129000852,15,13,2,0,0,2,4,4,5,0,0,2,2,4,5,0,0,0,2,0,0,2298.98810316
20191,1129000856,47,13,34,0,9,10,7,11,10,0,1,3,1,5,3,0,8,7,6,6,7,7003.62599755
20191,1129000858,14,7,7,0,2,1,4,1,6,0,1,1,2,0,3,0,1,0,2,1,3,6460.11439249
20191,1129000859,10,0,10,0,1,1,4,3,1,0,0,0,0,0,0,0,1,1,4,3,1,5592.66582509
20191,1129000860,16,10,6,0,1,2,6,4,3,0,1,0,4,3,2,0,0,2,2,1,1,11302.0638409
20191,1129000862,13,3,10,0,2,4,3,2,2,0,0,0,2,1,0,0,2,4,1,1,2,3935.21419972
20191,1129000865,5,4,1,0,0,1,2,2,0,0,0,1,2,1,0,0,0,0,0,1,0,5324.17018796
20191,1129000866,202,77,125,0,17,33,51,60,41,0,11,21,23,14,8,0,6,12,28,46,33,5136.25425065
20191,1129000867,50,29,21,0,11,15,13,5,6,0,6,11,5,1,6,0,5,4,8,4,0,5045.4005423
20191,1129000868,12,6,6,0,0,1,5,5,1,0,0,1,1,3,1,0,0,0,4,2,0,9852.24429658
20191,1129000870,19,13,6,0,2,5,6,1,5,0,1,4,3,0,5,0,1,1,3,1,0,4174.89342523
20191,1129000871,2,1,1,0,0,1,0,1,0,0,0,0,0,1,0,0,0,1,0,0,0,2871.89266544
20191,1129000872,23,12,11,0,3,4,7,6,3,0,1,1,4,3,3,0,2,3,3,3,0,5108.95943345
20191,1129000873,5,4,1,0,0,2,0,3,0,0,0,2,0,2,0,0,0,0,0,1,0,2433.5788933
20191,1129000874,4,4,0,0,0,1,2,1,0,0,0,1,2,1,0,0,0,0,0,0,0,1406.93640558
20191,1129000881,2,1,1,0,0,0,2,0,0,0,0,0,1,0,0,0,0,0,1,0,0,3855.59709606
20191,1129000884,27,16,11,0,0,2,13,9,3,0,0,1,8,5,2,0,0,1,5,4,1,8919.49016687
20191,1129000893,5,4,1,0,0,0,3,1,1,0,0,0,2,1,1,0,0,0,1,0,0,2119.1117736
20191,1129000897,85,32,53,0,9,29,24,20,3,0,0,9,12,9,2,0,9,20,12,11,1,9099.91774448
20191,1129000898,2,2,0,0,0,0,1,1,0,0,0,0,1,1,0,0,0,0,0,0,0,7795.52334591
20191,1129000903,4,3,1,0,1,0,2,0,1,0,1,0,2,0,0,0,0,0,0,0,1,1007.05343671
20191,1129000904,2,0,2,0,1,0,1,0,0,0,0,0,0,0,0,0,1,0,1,0,0,1760.74111518
20191,1129000907,706,415,291,0,167,128,152,190,69,0,83,67,95,121,49,0,84,61,57,69,20,48087.2623084
20191,1129000909,2,1,1,0,0,0,0,2,0,0,0,0,0,1,0,0,0,0,0,1,0,5166.2689427
20191,1129000918,10,0,10,0,3,2,0,4,1,0,0,0,0,0,0,0,3,2,0,4,1,14185.5072107
20191,1129000921,2,1,1,0,0,0,0,1,1,0,0,0,0,1,0,0,0,0,0,0,1,3713.55014673
20191,1129000928,27,9,18,0,2,1,15,5,4,0,0,0,2,4,3,0,2,1,13,1,1,1558.34090415
20191,1129000931,13,10,3,1,1,3,2,4,2,1,1,1,1,4,2,0,0,2,1,0,0,5185.99555115
20191,1129000935,10,0,10,0,1,4,4,1,0,0,0,0,0,0,0,0,1,4,4,1,0,2577.92336208
20191,1129000939,2,1,1,0,0,0,2,0,0,0,0,0,1,0,0,0,0,0,1,0,0,3013.00012568
20191,1129000940,1,1,0,0,0,0,1,0,0,0,0,0,1,0,0,0,0,0,0,0,0,1598.35086477
20191,1129000946,2,1,1,0,1,0,1,0,0,0,0,0,1,0,0,0,1,0,0,0,0,3768.50550717
20191,1129000948,29,20,9,0,7,7,6,6,3,0,3,5,5,4,3,0,4,2,1,2,0,4031.43145234
20191,1129000951,2,1,1,0,0,0,2,0,0,0,0,0,1,0,0,0,0,0,1,0,0,3920.70547856
20191,1129000952,3,1,2,0,0,1,2,0,0,0,0,0,1,0,0,0,0,1,1,0,0,3887.54037067
20191,1129000959,2,1,1,0,0,0,2,0,0,0,0,0,1,0,0,0,0,0,1,0,0,3156.30656401
20191,1129000962,2,0,2,0,1,1,0,0,0,0,0,0,0,0,0,0,1,1,0,0,0,4407.50847856
20191,1129000963,17,9,8,0,2,7,5,1,2,0,0,5,2,1,1,0,2,2,3,0,1,2936.63904732
20191,1129000966,2,0,2,0,1,0,1,0,0,0,0,0,0,0,0,0,1,0,1,0,0,3996.60147507
20191,1129000967,17,5,12,0,1,2,5,4,5,0,0,1,1,3,0,0,1,1,4,1,5,5835.11929548
20191,1129000968,33,11,22,0,6,8,2,11,6,0,2,5,1,3,0,0,4,3,1,8,6,5025.1413773
20191,1129000969,10,3,7,0,1,0,4,4,1,0,0,0,2,1,0,0,1,0,2,3,1,4441.18787613
20191,1129000970,2,0,2,0,0,2,0,0,0,0,0,0,0,0,0,0,0,2,0,0,0,2153.31387625
20191,1129000971,2,2,0,0,0,1,1,0,0,0,0,1,1,0,0,0,0,0,0,0,0,6559.86016987
20191,1129000975,19,3,16,0,5,3,5,5,1,0,0,2,0,0,1,0,5,1,5,5,0,2796.2155936
20191,1129000976,2,2,0,0,0,0,1,1,0,0,0,0,1,1,0,0,0,0,0,0,0,290.288054479
20191,1129000977,10,5,5,0,2,3,2,3,0,0,1,2,1,1,0,0,1,1,1,2,0,4341.64748414
20191,1129000978,21,6,15,0,6,1,6,8,0,0,1,0,2,3,0,0,5,1,4,5,0,1726.0931747
20191,1129000980,5,2,3,0,0,1,0,1,3,0,0,0,0,0,2,0,0,1,0,1,1,5095.56778035
20191,1129000981,3,1,2,0,0,1,1,1,0,0,0,0,0,1,0,0,0,1,1,0,0,1652.94656966
20191,1129000982,90,40,50,0,7,29,28,19,7,0,3,10,10,10,7,0,4,19,18,9,0,39643.6971503
20191,1129000984,23,1,22,0,0,1,3,7,12,0,0,0,1,0,0,0,0,1,2,7,12,2058.29845967
20191,1129000985,12,5,7,0,4,1,4,3,0,0,3,0,1,1,0,0,1,1,3,2,0,3395.58049285
20191,1129000986,2,2,0,0,0,1,0,0,1,0,0,1,0,0,1,0,0,0,0,0,0,4952.45455533
20191,1129000989,4,3,1,0,1,0,1,0,2,0,0,0,1,0,2,0,1,0,0,0,0,3070.24257225
20191,1129000990,4,1,3,0,0,0,4,0,0,0,0,0,1,0,0,0,0,0,3,0,0,4043.56689504
20191,1129000992,9,5,4,0,1,0,5,3,0,0,1,0,3,1,0,0,0,0,2,2,0,2179.81448763
20191,1129000993,105,14,91,0,13,31,32,24,5,0,4,2,4,2,2,0,9,29,28,22,3,23159.967845
20191,1129000994,2,1,1,0,0,0,2,0,0,0,0,0,1,0,0,0,0,0,1,0,0,6404.97706942
20191,1129000998,4,3,1,0,2,0,0,0,2,0,1,0,0,0,2,0,1,0,0,0,0,448.532093479
20191,1129000999,2,2,0,0,2,0,0,0,0,0,2,0,0,0,0,0,0,0,0,0,0,2764.39366678
20191,1129001000,33,8,25,0,3,5,15,9,1,0,1,1,0,5,1,0,2,4,15,4,0,2206.90975883
20191,1129001001,1,1,0,0,0,1,0,0,0,0,0,1,0,0,0,0,0,0,0,0,0,2175.0936737
20191,1129001002,2,2,0,0,0,0,0,2,0,0,0,0,0,2,0,0,0,0,0,0,0,1319.71433368
20191,1129001003,8,7,1,0,0,1,3,3,1,0,0,1,3,2,1,0,0,0,0,1,0,1278.72199945
20191,1129001004,1,1,0,0,0,0,0,1,0,0,0,0,0,1,0,0,0,0,0,0,0,841.776469571
20191,1129001005,17,0,17,0,0,0,2,6,9,0,0,0,0,0,0,0,0,0,2,6,9,5383.81920806
20191,1129001008,9,4,5,0,0,2,7,0,0,0,0,0,4,0,0,0,0,2,3,0,0,1170.98223586
20191,1129001009,2,2,0,0,0,0,2,0,0,0,0,0,2,0,0,0,0,0,0,0,0,1027.60693071
20191,1129001013,4,2,2,0,0,0,1,2,1,0,0,0,0,1,1,0,0,0,1,1,0,1362.66134975
20191,1129001017,5,2,3,0,1,2,0,2,0,0,0,1,0,1,0,0,1,1,0,1,0,547.046863162
20191,1129001018,2,0,2,0,0,1,0,1,0,0,0,0,0,0,0,0,0,1,0,1,0,6064.97069654
20191,1129001020,11,7,4,0,3,2,2,3,1,0,1,2,1,2,1,0,2,0,1,1,0,3387.9272396
20191,1129001022,6,5,1,0,0,3,0,3,0,0,0,2,0,3,0,0,0,1,0,0,0,6258.83988315
20191,1129001023,3,1,2,0,0,0,2,1,0,0,0,0,0,1,0,0,0,0,2,0,0,3199.33517688
20191,1129001025,27,8,19,0,6,11,3,5,2,0,1,3,1,2,1,0,5,8,2,3,1,3103.11723382
20191,1129001027,36,15,21,4,5,5,8,7,7,0,3,1,4,5,2,4,2,4,4,2,5,4399.92834513
20191,1129001028,6,6,0,0,0,1,2,3,0,0,0,1,2,3,0,0,0,0,0,0,0,9120.23713948
20191,1129001030,14,3,11,0,1,1,4,6,2,0,0,1,0,1,1,0,1,0,4,5,1,1108.05236748
20191,1129001033,2,2,0,0,0,0,2,0,0,0,0,0,2,0,0,0,0,0,0,0,0,4123.24111828
20191,1129001036,6,3,3,0,0,0,4,1,1,0,0,0,1,1,1,0,0,0,3,0,0,1981.642149
20191,1129001037,51,16,35,0,7,12,20,6,6,0,0,1,6,3,6,0,7,11,14,3,0,3751.77947069
20191,1129001038,20,8,12,0,2,6,4,7,1,0,0,3,1,3,1,0,2,3,3,4,0,3626.80682001
20191,1129001039,6,3,3,0,0,4,0,0,2,0,0,2,0,0,1,0,0,2,0,0,1,1396.99585928
20191,1129001040,2,1,1,0,0,1,1,0,0,0,0,1,0,0,0,0,0,0,1,0,0,605.084656218
20191,1129001041,6,6,0,0,2,2,0,2,0,0,2,2,0,2,0,0,0,0,0,0,0,1596.54388864
20191,1129001042,12,9,3,0,0,2,5,4,1,0,0,1,3,4,1,0,0,1,2,0,0,1140.02472102
20191,1129001043,101,47,54,0,9,17,30,33,12,0,2,9,10,20,6,0,7,8,20,13,6,5254.32926294
20191,1129001044,48,26,22,0,2,6,22,11,7,0,0,2,13,6,5,0,2,4,9,5,2,4353.42759836
20191,1129001045,6,2,4,0,0,2,3,1,0,0,0,0,2,0,0,0,0,2,1,1,0,1745.5788188
20191,1129001046,10,3,7,0,3,0,3,1,3,0,0,0,1,0,2,0,3,0,2,1,1,5524.71091009
20191,1129001047,3,2,1,0,0,0,0,3,0,0,0,0,0,2,0,0,0,0,0,1,0,1830.36775806
20191,1129001048,2,1,1,0,0,0,1,0,1,0,0,0,1,0,0,0,0,0,0,0,1,1392.42077714
20191,1129001051,4,4,0,0,4,0,0,0,0,0,4,0,0,0,0,0,0,0,0,0,0,5735.56898147
20191,1129001052,2,2,0,1,0,1,0,0,0,1,0,1,0,0,0,0,0,0,0,0,0,2746.02079493
20191,1129001053,10,3,7,0,1,0,3,4,2,0,0,0,1,1,1,0,1,0,2,3,1,927.638609959
20191,1129001054,10,6,4,0,2,4,3,1,0,0,2,3,0,1,0,0,0,1,3,0,0,1503.74960553
20191,1129001056,2,1,1,0,0,0,1,1,0,0,0,0,1,0,0,0,0,0,0,1,0,1075.18881478
20191,1129001057,9,2,7,0,0,4,0,3,2,0,0,1,0,0,1,0,0,3,0,3,1,6251.77217275
20191,1129001058,52,29,23,0,2,12,19,16,3,0,0,7,9,11,2,0,2,5,10,5,1,2296.71578448
20191,1129001059,134,53,81,0,17,31,35,34,17,0,10,15,16,9,3,0,7,16,19,25,14,4413.11239033
20191,1129001060,11,4,7,0,1,1,3,6,0,0,0,1,1,2,0,0,1,0,2,4,0,3498.04703902
20191,1129001061,26,7,19,0,4,5,8,5,4,0,1,0,2,3,1,0,3,5,6,2,3,7049.04775842
20191,1129001063,2,2,0,0,0,1,1,0,0,0,0,1,1,0,0,0,0,0,0,0,0,1505.11098439
20191,1129001065,27,15,12,0,6,8,4,7,2,0,2,4,3,4,2,0,4,4,1,3,0,6130.49952016
20191,1129001066,24,16,8,1,1,3,4,8,7,1,0,0,2,7,6,0,1,3,2,1,1,4832.92958376
20191,1129001067,3,2,1,0,0,0,0,1,2,0,0,0,0,1,1,0,0,0,0,0,1,1016.29541208
20191,1129001068,33,18,15,0,15,12,3,2,1,0,5,10,0,2,1,0,10,2,3,0,0,5273.02720483
20191,1129001069,57,27,30,0,10,12,13,10,12,0,1,6,7,4,9,0,9,6,6,6,3,7790.76766504
20191,1129001070,79,28,51,0,16,23,18,14,8,0,1,7,8,6,6,0,15,16,10,8,2,7140.29290074
20191,1129001072,4,2,2,0,0,0,0,4,0,0,0,0,0,2,0,0,0,0,0,2,0,5007.57016673
20191,1129001074,63,11,52,0,4,4,10,27,18,0,1,3,2,3,2,0,3,1,8,24,16,5494.36833374
20191,1129001077,26,14,12,0,5,6,2,11,2,0,4,4,0,5,1,0,1,2,2,6,1,7178.76697805
20191,1129001078,27,6,21,0,2,4,5,9,7,0,0,3,1,1,1,0,2,1,4,8,6,5059.85190985
20191,1129001079,4,3,1,0,0,3,0,1,0,0,0,2,0,1,0,0,0,1,0,0,0,4938.48442309
20191,1129001080,7,3,4,0,3,0,1,2,1,0,1,0,0,1,1,0,2,0,1,1,0,2342.72015803
20191,1129001081,6,5,1,0,3,1,2,0,0,0,3,1,1,0,0,0,0,0,1,0,0,5816.87580394
20191,1129001083,4,3,1,0,0,1,2,1,0,0,0,1,2,0,0,0,0,0,0,1,0,1186.79069538
20191,1129001084,4,2,2,0,2,2,0,0,0,0,1,1,0,0,0,0,1,1,0,0,0,1218.13032825
20191,1129001085,2,1,1,0,0,1,1,0,0,0,0,1,0,0,0,0,0,0,1,0,0,887.703941996
20191,1129001086,10,7,3,0,0,1,2,5,2,0,0,1,1,3,2,0,0,0,1,2,0,1258.83208564
20191,1129001087,2337,1162,1175,5,229,648,568,668,219,4,72,237,244,450,155,1,157,411,324,218,64,4652.20452983
20191,1129001089,80,23,57,1,18,9,20,21,11,1,3,3,5,5,6,0,15,6,15,16,5,6911.31536168
20191,1129001090,122,59,63,1,14,33,27,23,24,0,4,13,14,14,14,1,10,20,13,9,10,8753.21672797
20191,1129001091,29,16,13,0,5,8,7,7,2,0,2,6,6,2,0,0,3,2,1,5,2,4886.54686968
20191,1129001093,7,4,3,0,2,3,1,1,0,0,1,1,1,1,0,0,1,2,0,0,0,2522.29532956
20191,1129001094,48,26,22,1,8,13,14,5,7,0,5,6,10,2,3,1,3,7,4,3,4,4647.07777335
20191,1129001096,67,29,38,0,8,12,20,19,8,0,2,5,10,9,3,0,6,7,10,10,5,4122.46900647
20191,1129001097,19,15,4,0,0,5,2,1,11,0,0,3,1,1,10,0,0,2,1,0,1,2761.41092864
20191,1129001098,571,484,87,0,49,99,204,208,11,0,27,70,175,204,8,0,22,29,29,4,3,8358.05920776
20191,1129001101,12,6,6,0,1,1,2,7,1,0,1,0,0,4,1,0,0,1,2,3,0,4987.15848152
20191,1129001103,4,3,1,0,0,0,3,0,1,0,0,0,2,0,1,0,0,0,1,0,0,489.322619795
20191,1129001104,119,22,97,0,7,20,14,31,47,0,4,8,2,4,4,0,3,12,12,27,43,4061.42766531
20191,1129001105,141,37,104,0,34,30,31,23,23,0,4,8,13,8,4,0,30,22,18,15,19,4728.46195577
20191,1129001108,91,21,70,0,6,21,23,28,13,0,2,4,4,7,4,0,4,17,19,21,9,4633.23802407
20191,1129001110,20,9,11,0,4,4,7,2,3,0,1,2,3,2,1,0,3,2,4,0,2,3974.22345906
20191,1129001111,34,17,17,0,4,5,6,9,10,0,2,2,3,3,7,0,2,3,3,6,3,3581.21371223
20191,1129001115,44,28,16,0,10,13,11,8,2,0,1,7,10,8,2,0,9,6,1,0,0,1857.22107275
20191,1129001116,48,16,32,1,14,7,5,13,8,0,2,2,3,5,4,1,12,5,2,8,4,4429.03379543
20191,1129001117,185,59,126,1,17,29,45,56,37,1,7,19,16,10,6,0,10,10,29,46,31,5669.0010691
20191,1129001120,75,50,25,0,14,14,24,12,11,0,8,9,17,9,7,0,6,5,7,3,4,4580.96899217
20191,1129001122,122,51,71,1,22,19,21,26,33,1,5,10,9,10,16,0,17,9,12,16,17,7421.26712276
20191,1129001123,5,2,3,0,0,2,0,0,3,0,0,1,0,0,1,0,0,1,0,0,2,1696.64153036
20191,1129001127,9,7,2,0,1,2,1,3,2,0,1,2,1,2,1,0,0,0,0,1,1,1112.80277607
20191,1129001129,65,42,23,0,2,6,13,20,24,0,2,5,7,12,16,0,0,1,6,8,8,3607.41567548
20191,1129001130,17,4,13,0,1,2,4,2,8,0,0,0,1,2,1,0,1,2,3,0,7,2583.55293079
20191,1129001131,25,10,15,0,3,5,9,4,4,0,0,2,2,4,2,0,3,3,7,0,2,4133.48659791
20191,1129001133,657,334,323,1,81,70,109,190,206,0,24,37,62,93,118,1,57,33,47,97,88,3183.55152703
20191,1129001134,3,1,2,0,0,1,2,0,0,0,0,0,1,0,0,0,0,1,1,0,0,2615.04384527
20191,1129001135,27,16,11,0,3,3,9,7,5,0,1,3,8,3,1,0,2,0,1,4,4,2058.40180891
20191,1129001136,17,11,6,0,1,5,2,4,5,0,0,5,1,3,2,0,1,0,1,1,3,3266.05569003
20191,1129001138,2,1,1,0,1,0,1,0,0,0,0,0,1,0,0,0,1,0,0,0,0,585.791870285
20191,1129001139,18,13,5,0,1,2,5,6,4,0,1,2,2,4,4,0,0,0,3,2,0,1302.75915144
20191,1129001140,72,18,54,0,18,21,17,11,5,0,2,2,6,5,3,0,16,19,11,6,2,3436.02822603
20191,1129001141,39,8,31,0,12,6,11,4,6,0,0,0,3,2,3,0,12,6,8,2,3,3221.74481827
20191,1129001142,65,55,10,0,5,7,34,16,3,0,3,7,27,15,3,0,2,0,7,1,0,5276.16119067
20191,1129001145,2,1,1,0,2,0,0,0,0,0,1,0,0,0,0,0,1,0,0,0,0,917.579918817
20191,1129001146,7,4,3,1,4,2,0,0,0,0,3,1,0,0,0,1,1,1,0,0,0,2208.49402197
20191,1129001148,2,1,1,0,0,1,0,0,1,0,0,0,0,0,1,0,0,1,0,0,0,2789.06820654
20191,1129001149,11,9,2,0,1,1,5,3,1,0,1,1,4,2,1,0,0,0,1,1,0,2824.22737161
20191,1129001156,11,3,8,0,2,0,5,3,1,0,1,0,1,1,0,0,1,0,4,2,1,4047.73452778
20191,1129001159,3,3,0,0,0,0,2,1,0,0,0,0,2,1,0,0,0,0,0,0,0,1256.7431558
20191,1129001177,2,1,1,0,0,2,0,0,0,0,0,1,0,0,0,0,0,1,0,0,0,2909.55795781
20191,1129001186,3,3,0,0,0,1,1,0,1,0,0,1,1,0,1,0,0,0,0,0,0,8058.63127389
20191,1129001193,7,7,0,0,0,0,0,0,7,0,0,0,0,0,7,0,0,0,0,0,0,1998.83080038
20191,1129001197,1,0,1,0,0,0,1,0,0,0,0,0,0,0,0,0,0,0,1,0,0,99605.7962169
20191,1129001198,3,2,1,0,0,0,0,3,0,0,0,0,0,2,0,0,0,0,0,1,0,7960.2581744
20191,1129001206,40,19,21,0,6,4,8,11,11,0,3,0,2,7,7,0,3,4,6,4,4,4578.85367123
20191,1129001209,29,12,17,0,5,9,9,2,4,0,0,5,5,1,1,0,5,4,4,1,3,1209.571331
20191,1129001212,22,10,12,0,2,7,9,3,1,0,1,3,4,1,1,0,1,4,5,2,0,3228.87013375
20191,1129001213,284,272,12,0,1,8,35,125,115,0,1,5,29,123,114,0,0,3,6,2,1,11869.6987014
20191,1129001216,2,2,0,0,0,1,0,0,1,0,0,1,0,0,1,0,0,0,0,0,0,1419.54481761
20191,1129001217,9,6,3,0,1,3,3,2,0,0,1,2,2,1,0,0,0,1,1,1,0,1435.94244137
20191,1129001219,3,2,1,0,0,0,3,0,0,0,0,0,2,0,0,0,0,0,1,0,0,1146.9399546
20191,1129001220,5,2,3,0,1,0,0,3,1,0,1,0,0,1,0,0,0,0,0,2,1,5940.64609181
20191,1129001222,18,7,11,0,0,7,6,3,2,0,0,3,1,2,1,0,0,4,5,1,1,1470.5223192
20191,1129001224,15,9,6,0,0,0,5,7,3,0,0,0,2,5,2,0,0,0,3,2,1,4565.34861939
20191,1129001225,44,25,19,1,6,20,12,2,3,0,1,13,6,2,3,1,5,7,6,0,0,10829.4942014
20191,1129001226,2,2,0,0,1,0,0,1,0,0,1,0,0,1,0,0,0,0,0,0,0,1461.38993182
20191,1129001227,11,7,4,0,0,2,3,5,1,0,0,1,2,3,1,0,0,1,1,2,0,4015.58439793
20191,1129001229,4,4,0,0,0,1,1,1,1,0,0,1,1,1,1,0,0,0,0,0,0,5993.1940868
20191,1129001230,8,4,4,0,0,0,1,1,6,0,0,0,0,0,4,0,0,0,1,1,2,2293.41197725
20191,1129001231,3,1,2,0,0,0,0,2,1,0,0,0,0,1,0,0,0,0,0,1,1,936.311347998
20191,1129001233,16,11,5,0,0,1,5,7,3,0,0,0,3,6,2,0,0,1,2,1,1,1892.3058786
20191,1129001236,3,1,2,0,0,0,3,0,0,0,0,0,1,0,0,0,0,0,2,0,0,2740.33162369
20191,1129001237,1,1,0,0,0,0,0,1,0,0,0,0,0,1,0,0,0,0,0,0,0,4341.85360475
20191,1129001239,31,4,27,0,6,10,11,3,1,0,0,1,3,0,0,0,6,9,8,3,1,5347.01861292
20191,1129001240,3,2,1,0,0,0,0,2,1,0,0,0,0,1,1,0,0,0,0,1,0,1742.0638137
20191,1129001241,11,5,6,0,2,5,3,0,1,0,0,2,2,0,1,0,2,3,1,0,0,1120.60385808
20191,1129001244,7,1,6,0,1,1,3,0,2,0,0,0,0,0,1,0,1,1,3,0,1,1992.77634823
20191,1129001249,2,2,0,0,1,0,0,1,0,0,1,0,0,1,0,0,0,0,0,0,0,2931.45226285
20191,1129001252,19,13,6,0,3,7,5,2,2,0,1,5,4,2,1,0,2,2,1,0,1,2599.71738132
20191,1129001253,3,1,2,1,0,0,1,1,0,1,0,0,0,0,0,0,0,0,1,1,0,4528.81265475
20191,1129001254,6,5,1,0,1,2,3,0,0,0,1,2,2,0,0,0,0,0,1,0,0,5550.75628274
20191,1129001257,2,2,0,0,0,1,1,0,0,0,0,1,1,0,0,0,0,0,0,0,0,1784.4519211
20191,1129001258,16,7,9,0,1,3,1,8,3,0,1,1,0,4,1,0,0,2,1,4,2,3363.37529125
20191,1129001260,8,7,1,0,2,1,2,3,0,0,2,1,2,2,0,0,0,0,0,1,0,1058.84565722
20191,1129001261,2,1,1,0,0,0,1,1,0,0,0,0,0,1,0,0,0,0,1,0,0,2909.12495337
20191,1129001262,18,5,13,0,0,5,10,2,1,0,0,1,3,0,1,0,0,4,7,2,0,3989.96253686
20191,1129001268,2,1,1,0,0,0,1,1,0,0,0,0,0,1,0,0,0,0,1,0,0,2248.22675304
20191,1129001274,4,0,4,0,0,0,0,1,3,0,0,0,0,0,0,0,0,0,0,1,3,1165.57470096
20191,1129001276,14,10,4,0,0,5,4,4,1,0,0,5,4,0,1,0,0,0,0,4,0,6674.34395803
20191,1129001285,15,8,7,0,3,1,1,7,3,0,2,0,0,5,1,0,1,1,1,2,2,658.550706345
20191,1129001289,54,6,48,0,3,5,8,12,26,0,0,0,2,1,3,0,3,5,6,11,23,3968.07642543
20191,1129001291,74,18,56,0,12,23,21,13,5,0,4,4,4,4,2,0,8,19,17,9,3,17632.6150367
20191,1129001292,20,17,3,0,0,3,4,5,8,0,0,2,2,5,8,0,0,1,2,0,0,4902.26588196
20191,1129001294,2,0,2,0,0,1,0,0,1,0,0,0,0,0,0,0,0,1,0,0,1,1128.16210572
20191,1129001295,2,2,0,0,0,0,1,1,0,0,0,0,1,1,0,0,0,0,0,0,0,921.338320375
20191,1129001300,4,3,1,0,0,0,4,0,0,0,0,0,3,0,0,0,0,0,1,0,0,1001.19178283
20191,1129001301,5,4,1,0,0,3,2,0,0,0,0,3,1,0,0,0,0,0,1,0,0,1508.07996165
20191,1129001302,1,1,0,0,1,0,0,0,0,0,1,0,0,0,0,0,0,0,0,0,0,2053.91280525
20191,1129001306,5,0,5,0,0,1,4,0,0,0,0,0,0,0,0,0,0,1,4,0,0,1573.26597876
20191,1129001307,1,1,0,0,0,0,0,1,0,0,0,0,0,1,0,0,0,0,0,0,0,2522.8002123
20191,1129001309,2,1,1,0,0,0,1,1,0,0,0,0,1,0,0,0,0,0,0,1,0,1325.89813703
20191,1129001310,25,3,22,0,0,2,3,8,12,0,0,1,2,0,0,0,0,1,1,8,12,1414.77272162
20191,1129001311,2,2,0,0,0,1,1,0,0,0,0,1,1,0,0,0,0,0,0,0,0,1419.37916464
20191,1129001312,16,8,8,0,8,3,2,2,1,0,4,2,1,0,1,0,4,1,1,2,0,2498.31470856
20191,1129001315,55,35,20,1,2,9,21,10,12,0,0,8,12,7,8,1,2,1,9,3,4,7326.73988324
20191,1129001316,2,0,2,0,0,1,0,0,1,0,0,0,0,0,0,0,0,1,0,0,1,3250.90549245
20191,1129001318,6,5,1,0,0,0,3,1,2,0,0,0,2,1,2,0,0,0,1,0,0,5437.55591509
20191,1129001320,4,3,1,0,1,0,3,0,0,0,1,0,2,0,0,0,0,0,1,0,0,1903.80143801
20191,1129001321,659,336,323,0,68,164,162,160,105,0,11,55,98,102,70,0,57,109,64,58,35,288582.357061
20191,1129001322,9,1,8,0,3,1,3,1,1,0,0,0,1,0,0,0,3,1,2,1,1,3190.16902406
20191,1129001323,2,0,2,0,1,1,0,0,0,0,0,0,0,0,0,0,1,1,0,0,0,2120.45093986
20191,1129001327,31,24,7,0,0,12,8,7,4,0,0,9,7,5,3,0,0,3,1,2,1,4622.36804481
20191,1129001333,2,2,0,0,1,0,0,1,0,0,1,0,0,1,0,0,0,0,0,0,0,2742.26538924
20191,1129001334,8,7,1,0,0,5,1,2,0,0,0,5,1,1,0,0,0,0,0,1,0,5649.95803163
20191,1129001335,2,1,1,0,0,0,0,2,0,0,0,0,0,1,0,0,0,0,0,1,0,1070.3075382
20191,1129001336,4,2,2,0,2,0,0,2,0,0,1,0,0,1,0,0,1,0,0,1,0,2715.72165908
20191,1129001337,5,0,5,0,0,0,1,2,2,0,0,0,0,0,0,0,0,0,1,2,2,1858.54599188
20191,1129001338,2,1,1,0,1,0,1,0,0,0,0,0,1,0,0,0,1,0,0,0,0,2579.1402457
20191,1129001340,10,1,9,0,1,0,3,4,2,0,1,0,0,0,0,0,0,0,3,4,2,2361.93901163
20191,1129001342,70,13,57,0,9,17,20,16,8,0,1,2,2,2,6,0,8,15,18,14,2,17685.3279585
20191,1129001345,7,4,3,0,0,0,2,3,2,0,0,0,2,1,1,0,0,0,0,2,1,2347.95637302
20191,1129001346,18,4,14,0,4,3,6,3,2,0,1,1,0,0,2,0,3,2,6,3,0,2308.39439091
20191,1129001348,3,1,2,0,0,1,1,0,1,0,0,0,0,0,1,0,0,1,1,0,0,4790.86921001
20191,1129001350,36,14,22,0,2,2,11,7,14,0,0,0,5,0,9,0,2,2,6,7,5,3080.69931178
20191,1129001351,2,1,1,0,1,0,1,0,0,0,1,0,0,0,0,0,0,0,1,0,0,3619.28244426
20191,1129001352,27,15,12,0,0,8,7,8,4,0,0,6,3,4,2,0,0,2,4,4,2,6023.76658638
20191,1129001354,45,14,31,0,15,15,7,8,0,0,3,3,4,4,0,0,12,12,3,4,0,2816.14414283
20191,1129001355,3,2,1,0,0,0,3,0,0,0,0,0,2,0,0,0,0,0,1,0,0,811.566384133
20191,1129001356,3,3,0,0,0,2,0,1,0,0,0,2,0,1,0,0,0,0,0,0,0,2017.05927416
20191,1129001358,4,3,1,0,0,4,0,0,0,0,0,3,0,0,0,0,0,1,0,0,0,2366.30198611
20191,1129001360,2,1,1,0,0,0,0,2,0,0,0,0,0,1,0,0,0,0,0,1,0,2836.0672573
20191,1129001363,7,5,2,0,0,1,1,1,4,0,0,0,1,1,3,0,0,1,0,0,1,3231.17273356
20191,1129001365,6,3,3,0,0,2,3,0,1,0,0,1,2,0,0,0,0,1,1,0,1,849.154880604
20191,1129001366,2,2,0,0,0,1,0,0,1,0,0,1,0,0,1,0,0,0,0,0,0,1864.65977581
20191,1129001367,2,2,0,0,0,0,2,0,0,0,0,0,2,0,0,0,0,0,0,0,0,762.873200145
20191,1129001368,3,3,0,0,0,0,0,3,0,0,0,0,0,3,0,0,0,0,0,0,0,1493.72669716
20191,1129001369,38,2,36,0,0,0,4,18,16,0,0,0,1,1,0,0,0,0,3,17,16,1727.63892008
20191,1129001371,31,6,25,0,8,7,5,8,3,0,1,2,0,3,0,0,7,5,5,5,3,3301.08702655
20191,1129001375,4,2,2,0,0,0,4,0,0,0,0,0,2,0,0,0,0,0,2,0,0,1968.8654972
20191,1129001376,13,6,7,0,1,2,5,2,3,0,1,0,3,1,1,0,0,2,2,1,2,4852.52882864
20191,1129001380,19,5,14,0,0,2,9,4,4,0,0,1,1,1,2,0,0,1,8,3,2,3835.571848
20191,1129001382,3,2,1,0,0,1,0,2,0,0,0,1,0,1,0,0,0,0,0,1,0,1341.3151994
20191,1129001383,5,3,2,0,0,0,3,1,1,0,0,0,2,1,0,0,0,0,1,0,1,3029.36696315
20191,1129001384,12,7,5,0,0,5,2,4,1,0,0,3,2,1,1,0,0,2,0,3,0,2434.41465641
20191,1129001386,4,2,2,0,0,1,2,0,1,0,0,1,1,0,0,0,0,0,1,0,1,1729.02726813
20191,1129001387,23,12,11,0,5,6,6,5,1,0,0,4,2,5,1,0,5,2,4,0,0,1617.15249976
20191,1129001389,2,1,1,0,0,0,0,0,2,0,0,0,0,0,1,0,0,0,0,0,1,1455.30132018
20191,1129001391,12,7,5,0,1,3,3,4,1,0,0,3,2,2,0,0,1,0,1,2,1,4600.61349277
20191,1129001395,14,8,6,0,0,5,4,5,0,0,0,3,1,4,0,0,0,2,3,1,0,2765.37987615
20191,1129001397,2,1,1,0,0,0,0,2,0,0,0,0,0,1,0,0,0,0,0,1,0,868.923957791
20191,1129001400,8,5,3,0,1,1,1,3,2,0,0,0,1,2,2,0,1,1,0,1,0,2443.09056824
20191,1129001402,4,2,2,0,0,0,3,1,0,0,0,0,2,0,0,0,0,0,1,1,0,1363.18684457
20191,1129001405,14,6,8,0,1,0,3,5,5,0,0,0,1,2,3,0,1,0,2,3,2,3773.12069376
20191,1129001409,10,4,6,0,3,4,3,0,0,0,1,2,1,0,0,0,2,2,2,0,0,3687.19811542
20191,1129001411,1,0,1,0,0,0,1,0,0,0,0,0,0,0,0,0,0,0,1,0,0,893.065313794
20191,1129001414,3,3,0,0,0,0,1,2,0,0,0,0,1,2,0,0,0,0,0,0,0,5179.10904636
20191,1129001415,1,1,0,0,0,0,0,1,0,0,0,0,0,1,0,0,0,0,0,0,0,2578.26555068
20191,1129001416,13,9,4,0,0,2,5,4,2,0,0,1,4,2,2,0,0,1,1,2,0,2382.94063562
20191,1129001417,2,1,1,0,0,0,1,1,0,0,0,0,0,1,0,0,0,0,1,0,0,1368.46862069
20191,1129001422,272,96,176,2,47,94,54,47,28,0,10,31,23,15,17,2,37,63,31,32,11,10522.4008775
20191,1129001424,10,7,3,0,3,3,4,0,0,0,2,3,2,0,0,0,1,0,2,0,0,5099.14970665
20191,1129001427,3,2,1,0,0,0,0,3,0,0,0,0,0,2,0,0,0,0,0,1,0,2764.31163355
20191,1129001428,94,38,56,0,6,26,21,32,9,0,1,6,4,18,9,0,5,20,17,14,0,24849.9049279
20191,1129001429,10,4,6,0,0,4,2,1,3,0,0,2,1,0,1,0,0,2,1,1,2,3116.08284619
20191,1129001430,20,16,4,0,1,1,4,10,4,0,0,1,4,9,2,0,1,0,0,1,2,1719.2810491
20191,1129001433,47,29,18,0,2,3,12,16,14,0,1,2,5,8,13,0,1,1,7,8,1,4161.82129936
20191,1129001434,9,8,1,0,3,2,3,1,0,0,3,2,3,0,0,0,0,0,0,1,0,3140.00692645
20191,1129001435,228,213,15,0,1,28,77,83,39,0,1,24,70,80,38,0,0,4,7,3,1,6820.20349186
20191,1129001436,11,4,7,0,2,3,1,4,1,0,1,1,1,1,0,0,1,2,0,3,1,1922.30098389
20191,1129001440,96,15,81,0,12,23,37,18,6,0,2,5,4,0,4,0,10,18,33,18,2,12902.9829544
20191,1129001442,16,10,6,0,0,1,4,8,3,0,0,1,3,4,2,0,0,0,1,4,1,2677.91136473
20191,1129001444,59,30,29,0,15,16,7,11,10,0,9,7,2,5,7,0,6,9,5,6,3,8911.19997696
20191,1129001445,2,2,0,0,0,0,1,1,0,0,0,0,1,1,0,0,0,0,0,0,0,2572.54803552
20191,1129001446,22,7,15,0,1,2,9,9,1,0,1,1,2,2,1,0,0,1,7,7,0,6222.99353583
20191,1129001448,2,1,1,0,0,0,2,0,0,0,0,0,1,0,0,0,0,0,1,0,0,1648.23545099
20191,1129001449,13,10,3,0,4,1,1,5,2,0,3,1,1,3,2,0,1,0,0,2,0,1638.67995197
20191,1129001450,16,7,9,0,0,4,4,3,5,0,0,1,3,1,2,0,0,3,1,2,3,3137.43463678
20191,1129001451,3,2,1,0,0,1,1,0,1,0,0,1,1,0,0,0,0,0,0,0,1,1471.26951474
20191,1129001453,4,0,4,0,3,0,0,1,0,0,0,0,0,0,0,0,3,0,0,1,0,2630.0909999
20191,1129001454,42,37,5,0,1,1,6,15,19,0,1,1,3,14,18,0,0,0,3,1,1,3278.69548523
20191,1129001455,2,1,1,0,0,0,0,2,0,0,0,0,0,1,0,0,0,0,0,1,0,1408.13224276
20191,1129001456,5,4,1,0,1,0,2,2,0,0,1,0,1,2,0,0,0,0,1,0,0,1161.91808203
20191,1129001458,4,3,1,0,0,1,2,1,0,0,0,1,1,1,0,0,0,0,1,0,0,957.567191867
20191,1129001460,3,2,1,0,0,1,2,0,0,0,0,0,2,0,0,0,0,1,0,0,0,1249.14860958
20191,1129001462,3,2,1,0,0,0,1,1,1,0,0,0,0,1,1,0,0,0,1,0,0,1180.59307016
20191,1129001465,9,8,1,0,1,1,4,0,3,0,0,1,4,0,3,0,1,0,0,0,0,4592.43662789
20191,1129001466,13,11,2,0,0,6,3,2,2,0,0,5,3,2,1,0,0,1,0,0,1,1500.24194768
20191,1129001468,22,7,15,0,0,1,4,10,7,0,0,1,3,2,1,0,0,0,1,8,6,5275.84700193
20191,1129001470,20,13,7,0,2,3,7,6,2,0,2,2,3,5,1,0,0,1,4,1,1,2867.17171778
20191,1129001471,48,21,27,0,5,14,18,6,5,0,1,7,6,2,5,0,4,7,12,4,0,3885.02788991
20191,1129001473,10,8,2,0,0,1,2,4,3,0,0,0,2,4,2,0,0,1,0,0,1,1611.55927305
20191,1129001476,40,39,1,0,0,4,9,20,7,0,0,4,8,20,7,0,0,0,1,0,0,3534.0133398
20191,1129001477,32,16,16,0,4,7,5,10,6,0,3,5,2,5,1,0,1,2,3,5,5,6631.26700207
20191,1129001480,5,3,2,0,2,2,1,0,0,0,1,1,1,0,0,0,1,1,0,0,0,2678.2371175
20191,1129001482,51,44,7,0,2,4,13,26,6,0,2,2,12,24,4,0,0,2,1,2,2,1256.05654792
20191,1129001483,7,6,1,0,1,2,3,0,1,0,1,2,2,0,1,0,0,0,1,0,0,1498.91087422
20191,1129001487,5,3,2,0,0,2,0,2,1,0,0,1,0,2,0,0,0,1,0,0,1,6325.5686445
20191,1129001488,12,5,7,0,0,2,4,4,2,0,0,1,2,0,2,0,0,1,2,4,0,3367.1179586
20191,1129001489,978,774,204,0,7,17,18,62,874,0,3,10,9,36,716,0,4,7,9,26,158,3463.59476813
20191,1129001491,3,1,2,0,0,0,3,0,0,0,0,0,1,0,0,0,0,0,2,0,0,3906.08988199
20191,1129001494,4,1,3,0,0,1,2,1,0,0,0,0,1,0,0,0,0,1,1,1,0,2954.55322517
20191,1129001498,3,3,0,0,0,0,2,1,0,0,0,0,2,1,0,0,0,0,0,0,0,1347.21113131
20191,1129001499,24,15,9,0,14,9,1,0,0,0,6,8,1,0,0,0,8,1,0,0,0,1754.1850392
20191,1129001500,12,5,7,0,3,4,3,1,1,0,1,3,1,0,0,0,2,1,2,1,1,863.468436994
20191,1129001501,9,5,4,0,1,2,3,3,0,0,1,1,2,1,0,0,0,1,1,2,0,1478.64169701
20191,1129001502,2,1,1,0,0,0,2,0,0,0,0,0,1,0,0,0,0,0,1,0,0,1695.02422362
20191,1129001503,56,42,14,0,6,5,11,17,17,0,5,4,7,11,15,0,1,1,4,6,2,6648.95313586
20191,1129001505,5,2,3,0,3,1,0,1,0,0,2,0,0,0,0,0,1,1,0,1,0,2528.12071112
20191,1129001507,5,3,2,0,0,2,0,3,0,0,0,2,0,1,0,0,0,0,0,2,0,3005.98252627
20191,1129001508,60,28,32,0,6,5,21,17,11,0,2,0,11,9,6,0,4,5,10,8,5,2775.16339585
20191,1129001512,26,14,12,0,1,10,9,3,3,0,0,6,6,0,2,0,1,4,3,3,1,2482.12818792
20191,1129001513,2,2,0,0,0,2,0,0,0,0,0,2,0,0,0,0,0,0,0,0,0,1002.08219958
20191,1129001515,33,11,22,1,12,7,7,4,2,0,3,4,3,0,1,1,9,3,4,4,1,5602.67780376
20191,1129001516,47,24,23,2,9,14,12,7,3,1,5,8,5,3,2,1,4,6,7,4,1,10269.6729421
20191,1129001517,13,4,9,0,2,3,6,1,1,0,0,2,2,0,0,0,2,1,4,1,1,2946.1416121
20191,1129001520,7,7,0,0,1,2,3,1,0,0,1,2,3,1,0,0,0,0,0,0,0,112264.001808
20191,1129001524,37,13,24,0,6,7,9,9,6,0,2,2,3,3,3,0,4,5,6,6,3,2714.86754679
20191,1129001525,4,3,1,0,0,2,1,0,1,0,0,1,1,0,1,0,0,1,0,0,0,548.270846717
20191,1129001527,34,7,27,2,4,9,8,6,5,0,0,2,1,0,4,2,4,7,7,6,1,1815.25704643
20191,1129001529,178,28,150,0,9,16,44,60,49,0,0,3,12,7,6,0,9,13,32,53,43,3244.91565666
20191,1129001533,35,23,12,0,3,6,9,10,7,0,3,5,3,7,5,0,0,1,6,3,2,7005.07258843
20191,1129001539,1,0,1,0,0,0,0,0,1,0,0,0,0,0,0,0,0,0,0,0,1,45818.0084341
20191,1129001540,2,1,1,0,0,0,0,2,0,0,0,0,0,1,0,0,0,0,0,1,0,1578.82126417
20191,1129001541,23,6,17,0,7,6,7,1,2,0,1,2,2,0,1,0,6,4,5,1,1,5582.10152217
20191,1129001542,129,52,77,0,24,35,34,27,9,0,5,16,9,16,6,0,19,19,25,11,3,10809.4800919
20191,1129001543,15,7,8,1,3,6,2,2,1,1,0,4,1,1,0,0,3,2,1,1,1,4252.23772058
20191,1129001544,32,20,12,0,3,14,9,2,4,0,1,9,7,1,2,0,2,5,2,1,2,2769.46438583
20191,1129001545,2,1,1,0,1,1,0,0,0,0,1,0,0,0,0,0,0,1,0,0,0,1213.42624585
20191,1129001546,100,38,62,7,31,18,18,17,9,3,9,9,6,6,5,4,22,9,12,11,4,3700.23516321
20191,1129001547,64,24,40,0,5,5,11,15,28,0,2,4,1,8,9,0,3,1,10,7,19,2283.89334788
20191,1129001549,19,6,13,0,1,5,1,9,3,0,0,1,1,3,1,0,1,4,0,6,2,3082.87086879
20191,1129001550,90,42,48,10,30,13,12,16,9,5,13,4,8,7,5,5,17,9,4,9,4,3963.01710403
20191,1129001551,17,0,17,0,2,0,1,6,8,0,0,0,0,0,0,0,2,0,1,6,8,1255.51300215
20191,1129001552,7,5,2,0,2,4,0,1,0,0,1,3,0,1,0,0,1,1,0,0,0,2288.87004357
20191,1129001553,9,4,5,0,1,1,4,2,1,0,0,1,2,1,0,0,1,0,2,1,1,1312.89575304
20191,1129001554,38,25,13,0,3,3,4,10,18,0,3,1,3,6,12,0,0,2,1,4,6,4500.72589937
20191,1129001555,7,4,3,0,0,2,3,2,0,0,0,2,1,1,0,0,0,0,2,1,0,2095.73716119
20191,1129001556,9,6,3,0,1,1,2,1,4,0,1,1,2,0,2,0,0,0,0,1,2,2130.03979263
20191,1129001557,20,6,14,0,3,3,7,6,1,0,1,1,1,3,0,0,2,2,6,3,1,1823.5022601
20191,1129001559,2,0,2,0,0,0,2,0,0,0,0,0,0,0,0,0,0,0,2,0,0,1003.17846964
20191,1129001561,6,3,3,0,0,1,1,0,4,0,0,0,0,0,3,0,0,1,1,0,1,1632.12625983
20191,1129001562,25,13,12,0,5,6,10,2,2,0,2,5,5,0,1,0,3,1,5,2,1,7495.56001936
20191,1129001564,62,15,47,0,17,15,11,10,9,0,0,5,3,2,5,0,17,10,8,8,4,13747.5201953
20191,1129001566,43,22,21,0,16,8,9,7,3,0,2,6,7,4,3,0,14,2,2,3,0,2783.57534131
20191,1129001567,36,15,21,0,10,11,9,5,1,0,3,4,5,2,1,0,7,7,4,3,0,10023.0335707
20191,1129001568,380,109,271,5,22,144,168,34,7,3,6,40,37,19,4,2,16,104,131,15,3,4343.0355389
20191,1129001569,10,1,9,0,1,5,0,4,0,0,0,1,0,0,0,0,1,4,0,4,0,14381.065832
20191,1129001570,53,24,29,0,9,19,9,12,4,0,5,8,4,4,3,0,4,11,5,8,1,1730.01425553
20191,1129001571,7,4,3,0,1,1,1,1,3,0,0,1,1,0,2,0,1,0,0,1,1,3964.85927945
20191,1129001572,83,48,35,0,14,24,19,15,11,0,2,14,12,9,11,0,12,10,7,6,0,8056.7275957
20191,1129001573,2,2,0,0,0,0,1,1,0,0,0,0,1,1,0,0,0,0,0,0,0,3278.67060907
20191,1129001574,12,6,6,0,0,1,8,1,2,0,0,1,4,0,1,0,0,0,4,1,1,5029.25642128
20191,1129001575,267,185,82,0,44,74,70,49,30,0,27,60,51,31,16,0,17,14,19,18,14,8008.16925497
20191,1129001576,24,16,8,0,2,8,6,7,1,0,1,5,6,4,0,0,1,3,0,3,1,2056.06663506
20191,1129001577,13,7,6,0,5,3,2,2,1,0,2,2,1,1,1,0,3,1,1,1,0,4200.93537208
20191,1129001578,154,126,28,0,23,37,47,37,10,0,14,35,39,31,7,0,9,2,8,6,3,5359.15774984
20191,1129001580,7,5,2,0,0,0,3,2,2,0,0,0,3,1,1,0,0,0,0,1,1,2692.58656665
20191,1129001581,64,32,32,0,9,19,14,14,8,0,2,12,8,6,4,0,7,7,6,8,4,5943.67095631
20191,1129001582,35,23,12,0,7,8,7,10,3,0,4,5,7,5,2,0,3,3,0,5,1,3755.61358973
20191,1129001583,120,67,53,0,39,40,23,6,12,0,13,20,19,6,9,0,26,20,4,0,3,2705.58063208
20191,1129001584,129,96,33,0,19,43,42,16,9,0,10,33,36,12,5,0,9,10,6,4,4,12585.539396
20191,1129001585,59,12,47,0,4,20,16,16,3,0,0,3,3,4,2,0,4,17,13,12,1,18159.6794215
20191,1129001586,15,6,9,0,1,3,4,3,4,0,0,2,1,1,2,0,1,1,3,2,2,6965.9160308
20191,1129001588,46,16,30,0,13,19,11,3,0,0,4,7,5,0,0,0,9,12,6,3,0,28616.6529241
20191,1129001589,18,7,11,0,3,4,4,6,1,0,0,0,3,3,1,0,3,4,1,3,0,2947.70634045
20191,1129001591,39,19,20,0,6,7,10,14,2,0,2,6,5,5,1,0,4,1,5,9,1,2138.14774143
20191,1129001593,2,1,1,0,0,0,1,1,0,0,0,0,1,0,0,0,0,0,0,1,0,4616.03554583
20191,1129001595,6,5,1,0,0,0,2,3,1,0,0,0,2,3,0,0,0,0,0,0,1,1784.00920877
20191,1129001602,6,5,1,0,0,0,2,2,2,0,0,0,1,2,2,0,0,0,1,0,0,2389.19628428
20191,1129001604,16,6,10,0,2,3,6,4,1,0,0,1,2,2,1,0,2,2,4,2,0,13313.163929
20191,1129001610,226,63,163,2,76,56,46,21,25,0,17,22,12,6,6,2,59,34,34,15,19,23111.2737032
20191,1129001611,7,5,2,0,0,5,1,0,1,0,0,3,1,0,1,0,0,2,0,0,0,9148.49375224
20191,1129001612,12,5,7,0,0,4,7,1,0,0,0,0,4,1,0,0,0,4,3,0,0,3095.44501609
20191,1129001616,41,15,26,0,4,19,14,4,0,0,2,6,5,2,0,0,2,13,9,2,0,8470.10363357
20191,1129001617,23,9,14,0,1,8,6,6,2,0,0,2,3,3,1,0,1,6,3,3,1,14624.148448
20191,1129001619,8,2,6,0,0,0,2,3,3,0,0,0,0,1,1,0,0,0,2,2,2,1286.20306618
20191,1129001620,4,1,3,1,1,0,1,1,0,0,1,0,0,0,0,1,0,0,1,1,0,3699.48213505
20191,1129001621,2,2,0,0,0,0,2,0,0,0,0,0,2,0,0,0,0,0,0,0,0,4651.46836996
20191,1129001622,2,0,2,0,0,0,0,1,1,0,0,0,0,0,0,0,0,0,0,1,1,1339.29885239
20191,1129001623,5,3,2,0,1,1,0,2,1,0,1,0,0,1,1,0,0,1,0,1,0,2271.51752594
20191,1129001628,1,0,1,0,1,0,0,0,0,0,0,0,0,0,0,0,1,0,0,0,0,2708.79202984
20191,1129001631,2,1,1,0,0,0,0,2,0,0,0,0,0,1,0,0,0,0,0,1,0,2526.9182402
20191,1129001632,1,0,1,0,0,0,0,0,1,0,0,0,0,0,0,0,0,0,0,0,1,1345.40228819
20191,1129001637,3,2,1,0,0,0,1,1,1,0,0,0,1,1,0,0,0,0,0,0,1,6896.85476482
20191,1129001639,9,5,4,0,2,0,3,4,0,0,0,0,1,4,0,0,2,0,2,0,0,6423.85399174
20191,1129001640,34,12,22,0,7,6,4,9,8,0,5,2,1,1,3,0,2,4,3,8,5,6906.31589345
20191,1129001642,6,2,4,0,1,1,2,0,2,0,1,0,0,0,1,0,0,1,2,0,1,1992.00664961
20191,1129001643,5,1,4,0,1,1,2,1,0,0,0,1,0,0,0,0,1,0,2,1,0,1456.84937255
20191,1129001644,73,42,31,0,13,18,20,15,7,0,7,9,11,9,6,0,6,9,9,6,1,17096.9992394
20191,1129001645,14,5,9,1,6,2,0,0,5,0,2,1,0,0,2,1,4,1,0,0,3,1706.17310916
20191,1129001646,22,10,12,0,4,3,4,3,8,0,1,0,3,1,5,0,3,3,1,2,3,7776.28594244
20191,1129001647,22,8,14,0,3,3,8,3,5,0,0,2,4,0,2,0,3,1,4,3,3,3661.54104534
20191,1129001648,5,5,0,0,2,2,1,0,0,0,2,2,1,0,0,0,0,0,0,0,0,4022.50965601
20191,1129001649,1,1,0,0,0,0,0,1,0,0,0,0,0,1,0,0,0,0,0,0,0,3571.2929428
20191,1129001651,9,2,7,0,0,0,4,3,2,0,0,0,1,1,0,0,0,0,3,2,2,8367.84704022
20191,1129001652,2,1,1,0,1,0,1,0,0,0,0,0,1,0,0,0,1,0,0,0,0,11076.9615897
20191,1129001653,3,3,0,0,0,0,0,2,1,0,0,0,0,2,1,0,0,0,0,0,0,531.4830948
20191,1129001655,3,2,1,0,0,3,0,0,0,0,0,2,0,0,0,0,0,1,0,0,0,3714.18424382
20191,1129001657,5,4,1,0,1,2,2,0,0,0,1,2,1,0,0,0,0,0,1,0,0,7318.72766697
20191,1129001660,11,4,7,2,4,1,1,1,2,2,1,1,0,0,0,0,3,0,1,1,2,1786.09024829
20191,1129001662,3,2,1,0,2,0,1,0,0,0,1,0,1,0,0,0,1,0,0,0,0,1848.09548911
20191,1129001666,63,9,54,0,10,14,20,13,6,0,0,1,4,0,4,0,10,13,16,13,2,13506.0754743
20191,1129001668,26,14,12,0,6,4,8,6,2,0,2,1,5,4,2,0,4,3,3,2,0,8051.24339719
20191,1129001669,13,6,7,0,5,4,2,0,2,0,2,1,1,0,2,0,3,3,1,0,0,4217.65010909
20191,1129001670,2,0,2,0,1,0,0,1,0,0,0,0,0,0,0,0,1,0,0,1,0,4432.79953572
20191,1129001671,4,3,1,0,0,0,3,1,0,0,0,0,2,1,0,0,0,0,1,0,0,758.471661402
20191,1129001673,137,43,94,0,17,22,59,35,4,0,3,6,19,14,1,0,14,16,40,21,3,42048.6372977
20191,1129001674,6,1,5,0,1,1,4,0,0,0,0,0,1,0,0,0,1,1,3,0,0,5319.85616062
20191,1129001675,6,2,4,0,3,1,1,1,0,0,2,0,0,0,0,0,1,1,1,1,0,4405.43144491
20191,1129001677,4,3,1,0,0,0,2,2,0,0,0,0,2,1,0,0,0,0,0,1,0,18777.2333451
20191,1129001678,43,28,15,0,1,1,14,18,9,0,1,0,10,13,4,0,0,1,4,5,5,31709.101242
20191,1129001679,14,6,8,0,10,3,0,1,0,0,4,2,0,0,0,0,6,1,0,1,0,2367.18480048
20191,1129001680,168,80,88,1,27,41,48,25,26,0,6,10,26,16,22,1,21,31,22,9,4,31423.9957706
20191,1129001682,6,1,5,0,1,1,3,0,1,0,0,0,0,0,1,0,1,1,3,0,0,2377.98126354
20191,1129001683,98,27,71,0,24,29,20,17,8,0,8,9,2,5,3,0,16,20,18,12,5,57347.5502962
20191,1129001685,2,2,0,0,0,0,0,0,2,0,0,0,0,0,2,0,0,0,0,0,0,9737.43556297
20191,1129001686,64,44,20,0,11,21,22,6,4,0,7,14,17,4,2,0,4,7,5,2,2,11872.4971689
20191,1129001691,12,2,10,0,7,3,1,1,0,0,1,1,0,0,0,0,6,2,1,1,0,3565.23037215
20191,1129001695,44,14,30,0,1,5,6,21,11,0,0,4,3,5,2,0,1,1,3,16,9,9635.54196006
20191,1129001698,120,59,61,0,13,43,27,28,9,0,5,13,12,21,8,0,8,30,15,7,1,36366.1105139
20191,1129001699,4,2,2,0,0,0,3,0,1,0,0,0,1,0,1,0,0,0,2,0,0,18370.718007
20191,1129001701,9,3,6,0,4,2,2,0,1,0,2,0,1,0,0,0,2,2,1,0,1,14579.7433132
20191,1129001709,4,2,2,0,1,0,1,1,1,0,0,0,0,1,1,0,1,0,1,0,0,3546.27950788
20191,1129001710,3,1,2,0,0,1,1,0,1,0,0,0,0,0,1,0,0,1,1,0,0,9280.69115543
20191,1129001712,39,22,17,0,11,5,3,13,7,0,6,4,1,6,5,0,5,1,2,7,2,50964.5354988
20191,1129001717,41,27,14,0,1,5,6,14,15,0,0,0,4,11,12,0,1,5,2,3,3,2859.45799565
20191,1129001720,13,10,3,0,0,4,4,3,2,0,0,2,4,2,2,0,0,2,0,1,0,14588.5181186
20191,1129001722,335,241,94,2,77,147,80,25,4,0,39,116,65,19,2,2,38,31,15,6,2,208944.212216
20191,1129001723,1,1,0,0,0,0,0,0,1,0,0,0,0,0,1,0,0,0,0,0,0,17351.2547931
20191,1129001727,55,32,23,1,16,17,12,9,0,0,10,12,6,4,0,1,6,5,6,5,0,11404.1999449
20191,1129001730,4,4,0,0,1,0,3,0,0,0,1,0,3,0,0,0,0,0,0,0,0,29857.8917389
20191,1129001731,1,1,0,0,0,0,0,1,0,0,0,0,0,1,0,0,0,0,0,0,0,15322.0620527
20191,1129001733,14,5,9,0,1,5,6,0,2,0,1,0,3,0,1,0,0,5,3,0,1,14141.332928
20191,1129001738,30,14,16,1,7,8,9,4,1,0,2,4,5,2,1,1,5,4,4,2,0,36702.3474634
20191,1129001742,15,10,5,0,6,4,2,2,1,0,4,2,2,1,1,0,2,2,0,1,0,59407.2168511
20191,1129001743,43,12,31,0,7,14,10,9,3,0,2,5,3,1,1,0,5,9,7,8,2,45676.2336692
20191,1129001747,26,1,25,0,6,7,7,5,1,0,0,0,0,1,0,0,6,7,7,4,1,62215.1849167
20191,1129001752,2,1,1,0,0,0,0,0,2,0,0,0,0,0,1,0,0,0,0,0,1,32129.1420407
20191,1129001754,1,1,0,0,0,0,0,1,0,0,0,0,0,1,0,0,0,0,0,0,0,56238.503021
20191,1129001755,1,0,1,0,0,0,0,1,0,0,0,0,0,0,0,0,0,0,0,1,0,15866.9890591
20191,1129001756,21,17,4,0,4,10,2,3,2,0,3,8,2,3,1,0,1,2,0,0,1,4031.48103257
20191,1129001757,19,6,13,0,1,3,3,6,6,0,0,0,1,4,1,0,1,3,2,2,5,115183.835906
20191,1129001758,5,3,2,0,1,1,0,1,2,0,0,1,0,0,2,0,1,0,0,1,0,461704.104484
20191,1129001759,16,6,10,0,6,0,3,2,5,0,0,0,0,2,4,0,6,0,3,0,1,127972.990805
20191,1129001760,7,3,4,0,1,3,0,0,3,0,0,1,0,0,2,0,1,2,0,0,1,173578.137983
20191,1129001761,5,3,2,0,1,1,3,0,0,0,1,0,2,0,0,0,0,1,1,0,0,4033.10710143
20191,1129001762,77,49,28,0,7,13,28,18,11,0,1,7,19,12,10,0,6,6,9,6,1,3792.49172069
20191,1129001763,74,36,38,0,6,19,21,12,16,0,5,9,8,9,5,0,1,10,13,3,11,3685.11917834
20191,1129001765,16,6,10,0,6,3,1,5,1,0,2,1,0,2,1,0,4,2,1,3,0,3195.51657621
20191,1129001766,59,42,17,0,4,16,16,14,9,0,2,8,12,11,9,0,2,8,4,3,0,2626.50736881
20191,1129001767,24,11,13,0,6,5,9,2,2,0,2,3,5,1,0,0,4,2,4,1,2,2362.44833114
20191,1129001769,97,59,38,0,27,20,24,21,5,0,10,10,20,15,4,0,17,10,4,6,1,7690.69074465
20191,1129001771,128,78,50,1,13,42,36,28,8,0,4,29,17,21,7,1,9,13,19,7,1,5002.07761172
20191,1129001772,22,12,10,0,4,4,9,4,1,0,3,2,5,1,1,0,1,2,4,3,0,5441.09988607
20191,1129001775,34,18,16,0,5,14,3,5,7,0,2,8,2,3,3,0,3,6,1,2,4,4574.31319467
20191,1129001777,16,11,5,0,0,0,2,4,10,0,0,0,0,4,7,0,0,0,2,0,3,5672.70743044
20191,1129001780,10,7,3,0,0,2,7,1,0,0,0,1,5,1,0,0,0,1,2,0,0,12966.6739742
20191,1129001781,10,6,4,0,0,0,1,1,8,0,0,0,1,0,5,0,0,0,0,1,3,679.953867576
20191,1129001782,53,38,15,0,11,23,11,4,4,0,8,19,8,1,2,0,3,4,3,3,2,5627.30439485
20191,1129001785,14,12,2,0,2,5,5,1,1,0,2,3,5,1,1,0,0,2,0,0,0,5091.52412318
20191,1129001787,1,1,0,0,0,1,0,0,0,0,0,1,0,0,0,0,0,0,0,0,0,1932.05015884
20191,1129001790,2,2,0,0,0,0,2,0,0,0,0,0,2,0,0,0,0,0,0,0,0,953.419858708
20191,1129001791,41,23,18,0,6,5,12,17,1,0,4,4,8,7,0,0,2,1,4,10,1,5521.52808952
20191,1129001792,14,5,9,0,3,3,1,3,4,0,0,0,1,2,2,0,3,3,0,1,2,6575.87772822
20191,1129001793,11,7,4,0,0,2,4,3,2,0,0,2,2,2,1,0,0,0,2,1,1,1556.47288448
20191,1129001795,2,1,1,0,1,0,1,0,0,0,0,0,1,0,0,0,1,0,0,0,0,3172.99098185
20191,1129001796,2,1,1,0,0,0,0,2,0,0,0,0,0,1,0,0,0,0,0,1,0,5927.95159607
20191,1129001797,23,11,12,0,3,5,6,6,3,0,2,5,2,2,0,0,1,0,4,4,3,3749.07707306
20191,1129001798,25,11,14,1,1,2,5,9,7,0,1,0,4,4,2,1,0,2,1,5,5,2491.22563213
20191,1129001799,34,12,22,0,9,9,9,3,4,0,4,3,1,1,3,0,5,6,8,2,1,3497.66272857
20191,1129001800,49,16,33,0,18,9,10,5,7,0,0,4,7,2,3,0,18,5,3,3,4,2929.06750307
20191,1129001802,7,6,1,0,0,2,3,2,0,0,0,2,3,1,0,0,0,0,0,1,0,1957.18080496
20191,1129001803,16,8,8,1,3,5,3,1,3,0,1,2,2,1,2,1,2,3,1,0,1,3701.79853524
20191,1129001804,1,1,0,0,0,0,0,1,0,0,0,0,0,1,0,0,0,0,0,0,0,3345.43393759
20191,1129001805,13,9,4,0,0,1,6,1,5,0,0,0,4,1,4,0,0,1,2,0,1,7603.20550094
20191,1129001808,3,2,1,0,0,0,3,0,0,0,0,0,2,0,0,0,0,0,1,0,0,4276.83392977
20191,1129001809,31,17,14,0,7,3,13,5,3,0,5,2,8,1,1,0,2,1,5,4,2,4015.54869065
20191,1129001810,17,7,10,0,6,3,4,2,2,0,2,0,2,2,1,0,4,3,2,0,1,3666.79379819
20191,1129001811,7,6,1,0,3,1,2,0,1,0,3,1,1,0,1,0,0,0,1,0,0,4013.3108732
20191,1129001815,6,5,1,0,1,1,2,2,0,0,1,1,1,2,0,0,0,0,1,0,0,4163.35772003
20191,1129001816,2,2,0,0,0,2,0,0,0,0,0,2,0,0,0,0,0,0,0,0,0,1162.03718659
20191,1129001817,11,4,7,0,4,1,1,4,1,0,2,0,0,2,0,0,2,1,1,2,1,4900.68402436
20191,1129001818,24,13,11,0,13,3,4,2,2,0,6,3,3,0,1,0,7,0,1,2,1,2094.13226827
20191,1129001819,2,1,1,0,0,0,1,0,1,0,0,0,1,0,0,0,0,0,0,0,1,2866.42817973
20191,1129001820,8,3,5,0,1,1,2,2,2,0,0,0,2,1,0,0,1,1,0,1,2,3105.51880678
20191,1129001822,132,50,82,3,32,24,40,16,17,0,12,8,13,9,8,3,20,16,27,7,9,3977.64529884
20191,1129001823,20,15,5,0,2,7,2,5,4,0,2,6,1,4,2,0,0,1,1,1,2,9128.55318805
20191,1129001824,13,2,11,0,2,2,6,2,1,0,0,0,1,0,1,0,2,2,5,2,0,8815.50505784
20191,1129001826,12,8,4,0,3,5,2,1,1,0,1,5,2,0,0,0,2,0,0,1,1,1169.4131382
20191,1129001829,9,5,4,0,0,5,2,2,0,0,0,3,1,1,0,0,0,2,1,1,0,1342.41210111
20191,1129001830,10,6,4,0,0,1,4,3,2,0,0,1,3,2,0,0,0,0,1,1,2,3226.36862295
20191,1129001831,33,21,12,0,6,6,11,5,5,0,3,6,7,3,2,0,3,0,4,2,3,3705.6866103
20191,1129001834,23,15,8,1,3,7,9,2,1,1,3,5,4,1,1,0,0,2,5,1,0,1737.95598376
20191,1129001835,7,5,2,0,1,3,1,2,0,0,1,3,1,0,0,0,0,0,0,2,0,2605.51785623
20191,1129001837,159,115,44,0,40,69,33,5,12,0,20,60,27,2,6,0,20,9,6,3,6,4200.31347075
20191,1129001838,17,0,17,0,8,3,3,3,0,0,0,0,0,0,0,0,8,3,3,3,0,1605.0396624
20191,1129001839,15,6,9,0,4,4,4,2,1,0,1,3,1,1,0,0,3,1,3,1,1,2216.78679614
20191,1129001840,2,2,0,0,0,0,1,0,1,0,0,0,1,0,1,0,0,0,0,0,0,1537.86920165
20191,1129001841,2,0,2,0,1,0,1,0,0,0,0,0,0,0,0,0,1,0,1,0,0,3408.00551324
20191,1129001843,71,32,39,0,8,18,21,15,9,0,3,6,12,7,4,0,5,12,9,8,5,6201.15364473
20191,1129001844,15,1,14,0,1,6,3,1,4,0,0,0,0,0,1,0,1,6,3,1,3,1180.56938563
20191,1129001845,17,10,7,1,5,6,2,0,3,0,2,5,1,0,2,1,3,1,1,0,1,1469.88884095
20191,1129001847,14,5,9,1,5,3,2,3,0,0,0,3,0,2,0,1,5,0,2,1,0,3085.97983842
20191,1129001849,31,18,13,0,6,10,6,9,0,0,5,8,1,4,0,0,1,2,5,5,0,1774.29074096
20191,1129001850,8,2,6,0,3,1,1,3,0,0,0,0,0,2,0,0,3,1,1,1,0,965.837473077
20191,1129001851,5,5,0,0,2,2,1,0,0,0,2,2,1,0,0,0,0,0,0,0,0,1654.27726772
20191,1129001852,39,13,26,0,3,10,14,8,4,0,0,4,3,3,3,0,3,6,11,5,1,5600.35205905
20191,1129001853,11,7,4,0,1,1,2,6,1,0,1,1,0,4,1,0,0,0,2,2,0,4995.47229349
20191,1129001854,52,17,35,0,15,12,18,7,0,0,1,4,7,5,0,0,14,8,11,2,0,2237.60939737
20191,1129001855,2,0,2,0,0,1,1,0,0,0,0,0,0,0,0,0,0,1,1,0,0,2625.55521993
20191,1129001856,25,15,10,0,4,7,11,3,0,0,3,6,4,2,0,0,1,1,7,1,0,2524.69968364
20191,1129001857,12,5,7,0,2,3,3,2,2,0,1,0,1,2,1,0,1,3,2,0,1,1269.0379333
20191,1129001858,9,6,3,0,1,2,3,1,2,0,0,2,1,1,2,0,1,0,2,0,0,2440.06803089
20191,1129001859,1,0,1,0,0,1,0,0,0,0,0,0,0,0,0,0,0,1,0,0,0,1274.74125263
20191,1129001860,59,37,22,0,6,13,18,11,11,0,2,8,10,8,9,0,4,5,8,3,2,1698.85167266
20191,1129001862,22,8,14,2,4,5,7,2,2,0,0,3,2,2,1,2,4,2,5,0,1,1344.83088156
20191,1129001864,89,51,38,6,49,6,16,10,2,2,24,4,13,7,1,4,25,2,3,3,1,4159.64299935
20191,1129001865,54,35,19,0,13,11,14,10,6,0,6,9,10,7,3,0,7,2,4,3,3,5431.32381959
20191,1129001868,5,3,2,0,0,5,0,0,0,0,0,3,0,0,0,0,0,2,0,0,0,2023.40280659
20191,1129001870,2,1,1,0,1,0,0,0,1,0,0,0,0,0,1,0,1,0,0,0,0,1120.41875613
20191,1129001871,23,6,17,0,6,3,8,6,0,0,0,1,2,3,0,0,6,2,6,3,0,5937.41628291
20191,1129001872,124,70,54,0,21,20,38,35,10,0,14,13,22,16,5,0,7,7,16,19,5,4385.11483318
20191,1129001873,87,52,35,2,10,25,29,16,5,1,6,20,16,6,3,1,4,5,13,10,2,6423.12726131
20191,1129001874,2,0,2,0,0,0,0,2,0,0,0,0,0,0,0,0,0,0,0,2,0,3041.35607503
20191,1129001875,11,6,5,0,1,2,4,4,0,0,1,2,3,0,0,0,0,0,1,4,0,2235.48092381
20191,1129001876,6,3,3,0,1,2,2,1,0,0,0,0,2,1,0,0,1,2,0,0,0,2022.75873458
20191,1129001877,35,14,21,0,2,6,7,7,13,0,2,2,5,1,4,0,0,4,2,6,9,2379.96039316
20191,1129001879,5,3,2,2,3,0,0,0,0,1,2,0,0,0,0,1,1,0,0,0,0,769.234164024
20191,1129001880,58,18,40,0,9,12,21,11,5,0,3,3,3,5,4,0,6,9,18,6,1,11745.6973191
20191,1129001882,7,6,1,0,0,1,3,3,0,0,0,1,2,3,0,0,0,0,1,0,0,2567.74991221
20191,1129001883,18,9,9,0,5,4,4,4,1,0,2,1,2,3,1,0,3,3,2,1,0,2430.79777042
20191,1129001887,16,7,9,0,2,3,6,3,2,0,1,0,2,2,2,0,1,3,4,1,0,3790.28034976
20191,1129001891,4,1,3,0,0,4,0,0,0,0,0,1,0,0,0,0,0,3,0,0,0,798.524274495
20191,1129001892,40,11,29,0,3,6,5,16,10,0,0,4,2,2,3,0,3,2,3,14,7,4712.9194268
20191,1129001893,23,12,11,0,3,6,6,5,3,0,3,5,4,0,0,0,0,1,2,5,3,4072.76141789
20191,1129001894,5,5,0,0,0,3,1,1,0,0,0,3,1,1,0,0,0,0,0,0,0,5014.25878933
20191,1129001895,16,4,12,0,0,1,5,8,2,0,0,0,0,3,1,0,0,1,5,5,1,4594.51232741
20191,1129001896,4,1,3,0,1,2,0,1,0,0,0,1,0,0,0,0,1,1,0,1,0,1539.52511472
20191,1129001897,31,16,15,0,10,8,6,2,5,0,3,3,6,2,2,0,7,5,0,0,3,7258.03262353
20191,1129001901,2,1,1,0,0,0,0,2,0,0,0,0,0,1,0,0,0,0,0,1,0,637.952683447
20191,1129001902,2,2,0,0,1,0,0,1,0,0,1,0,0,1,0,0,0,0,0,0,0,2446.56008202
20191,1129001905,3445,1236,2209,1,896,1208,772,469,99,0,164,374,366,256,76,1,732,834,406,213,23,76031.7400242
20191,1129001907,15,11,4,0,1,5,3,3,3,0,0,3,2,3,3,0,1,2,1,0,0,1073.36658846
20191,1129001908,11,6,5,0,2,4,1,3,1,0,1,2,1,1,1,0,1,2,0,2,0,2639.12239581
20191,1129001909,137,96,41,0,5,28,58,38,8,0,2,15,47,27,5,0,3,13,11,11,3,24404.4880702
20191,1129001910,10,6,4,0,1,4,3,2,0,0,1,2,1,2,0,0,0,2,2,0,0,3448.69916309
20191,1129001911,11,5,6,0,0,3,4,2,2,0,0,3,2,0,0,0,0,0,2,2,2,4654.39745712
20191,1129001912,10,7,3,0,1,2,1,3,3,0,0,2,0,3,2,0,1,0,1,0,1,1587.62560515
20191,1129001913,6,6,0,0,1,1,1,2,1,0,1,1,1,2,1,0,0,0,0,0,0,1322.62881485
20191,1129001915,2,1,1,0,0,0,1,1,0,0,0,0,1,0,0,0,0,0,0,1,0,1895.89341422
20191,1129001919,9,6,3,0,0,4,2,1,2,0,0,4,2,0,0,0,0,0,0,1,2,1226.92166334
20191,1129001923,20,7,13,0,4,3,5,4,4,0,0,0,2,2,3,0,4,3,3,2,1,3420.0104574
20191,1129001924,2,0,2,0,0,0,0,2,0,0,0,0,0,0,0,0,0,0,0,2,0,1878.99430095
20191,1129001925,2,1,1,0,0,1,0,1,0,0,0,1,0,0,0,0,0,0,0,1,0,1227.42555693
20191,1129001926,2,1,1,0,0,0,2,0,0,0,0,0,1,0,0,0,0,0,1,0,0,1313.88274653
20191,1129001932,14,2,12,0,1,0,4,8,1,0,0,0,2,0,0,0,1,0,2,8,1,2467.5735448
20191,1129001934,2,1,1,1,0,0,1,0,0,1,0,0,0,0,0,0,0,0,1,0,0,8534.19904158
20191,1129001935,1,0,1,0,0,1,0,0,0,0,0,0,0,0,0,0,0,1,0,0,0,4104.65559306
20191,1129001936,7,4,3,0,0,1,2,4,0,0,0,0,1,3,0,0,0,1,1,1,0,9166.11253513
20191,1129001940,3,2,1,0,0,0,3,0,0,0,0,0,2,0,0,0,0,0,1,0,0,17462.0175874
20191,1129001941,92,23,69,0,52,16,7,13,4,0,14,3,2,2,2,0,38,13,5,11,2,9370.09863927
20191,1129001942,3628,2216,1412,2,442,1120,975,774,315,0,163,535,628,632,258,2,279,585,347,142,57,437947.697653
20191,1129001945,2,2,0,0,0,0,0,1,1,0,0,0,0,1,1,0,0,0,0,0,0,1967.90878546
20191,1129001946,4,4,0,0,0,0,2,1,1,0,0,0,2,1,1,0,0,0,0,0,0,1541.27775852
20191,1129001947,21,10,11,0,6,4,2,7,2,0,2,2,1,3,2,0,4,2,1,4,0,7388.18419486
20191,1129001948,126,76,50,0,11,28,42,23,22,0,6,22,31,12,5,0,5,6,11,11,17,16156.7338016
20191,1129001950,67,31,36,0,2,14,19,17,15,0,1,3,11,8,8,0,1,11,8,9,7,3221.76775899
20191,1129001951,1,0,1,0,0,0,0,1,0,0,0,0,0,0,0,0,0,0,0,1,0,1340.72911552
20191,1129001953,45,27,18,0,2,6,15,15,7,0,2,5,11,6,3,0,0,1,4,9,4,9974.66027638
20191,1129001954,9,6,3,0,0,1,2,4,2,0,0,1,1,2,2,0,0,0,1,2,0,6849.4671825
20191,1129001955,77,45,32,0,17,23,17,13,7,0,13,16,10,3,3,0,4,7,7,10,4,3092.29561786
20191,1129001959,2,1,1,0,0,0,1,1,0,0,0,0,0,1,0,0,0,0,1,0,0,3289.24841544
20191,1129001960,7,6,1,0,0,0,1,4,2,0,0,0,1,4,1,0,0,0,0,0,1,1295.03307299
20191,1129001962,11,7,4,0,3,3,1,3,1,0,1,2,1,2,1,0,2,1,0,1,0,1859.69998736
20191,1129001963,15,7,8,0,2,2,3,6,2,0,0,2,2,2,1,0,2,0,1,4,1,6596.48583805
20191,1129001964,104,49,55,1,11,15,22,22,33,1,3,6,10,13,16,0,8,9,12,9,17,4677.16547515
20191,1129001966,97,34,63,0,35,32,16,11,3,0,11,11,7,5,0,0,24,21,9,6,3,5962.57565715
20191,1129001967,87,69,18,0,4,17,23,35,8,0,2,12,15,33,7,0,2,5,8,2,1,2753.5521339
20191,1129001968,133,123,10,0,0,12,19,57,45,0,0,10,16,53,44,0,0,2,3,4,1,1484.80235144
20191,1129001970,61,33,28,0,4,10,11,17,19,0,3,7,6,8,9,0,1,3,5,9,10,10142.1060422
20191,1129001977,46,30,16,1,10,10,9,15,1,0,8,9,5,7,1,1,2,1,4,8,0,1718.18447522
20191,1129001980,20,14,6,0,2,5,9,1,3,0,2,3,5,1,3,0,0,2,4,0,0,4318.2677901
20191,1129001981,15,11,4,1,0,4,6,4,0,0,0,2,5,4,0,1,0,2,1,0,0,1991.0859651
20191,1129001983,4,4,0,0,0,1,1,2,0,0,0,1,1,2,0,0,0,0,0,0,0,3496.91527157
20191,1129001985,2,1,1,0,0,0,0,2,0,0,0,0,0,1,0,0,0,0,0,1,0,1602.98650869
20191,1129001986,13,1,12,0,1,4,4,2,2,0,0,0,1,0,0,0,1,4,3,2,2,1822.66614489
20191,1129001988,6,4,2,0,0,0,3,2,1,0,0,0,3,1,0,0,0,0,0,1,1,6778.22989357
20191,1129001992,4,2,2,0,0,1,1,2,0,0,0,1,1,0,0,0,0,0,0,2,0,2461.80619726
20191,1129001997,9,6,3,0,0,0,1,1,7,0,0,0,1,0,5,0,0,0,0,1,2,6168.94218231
20191,1129001998,16,11,5,0,1,3,2,7,3,0,1,2,2,4,2,0,0,1,0,3,1,2846.10059321
20191,1129002000,12,3,9,4,4,0,2,2,0,0,1,0,1,1,0,4,3,0,1,1,0,1380.88229124
20191,1129002007,38,13,25,0,4,6,7,8,13,0,0,1,3,5,4,0,4,5,4,3,9,4233.0347951
20191,1129002009,57,40,17,0,3,9,20,8,17,0,2,4,11,7,16,0,1,5,9,1,1,2124.45724996
20191,1129002010,2,1,1,0,0,0,1,1,0,0,0,0,0,1,0,0,0,0,1,0,0,1786.67573676
20191,1129002012,4,2,2,0,2,0,2,0,0,0,1,0,1,0,0,0,1,0,1,0,0,1507.14214812
20191,1129002014,2,1,1,0,0,1,0,0,1,0,0,1,0,0,0,0,0,0,0,0,1,1622.13504416
20191,1129002016,12,4,8,0,3,4,3,0,2,0,0,2,2,0,0,0,3,2,1,0,2,3779.15199954
20191,1129002021,3,1,2,0,0,0,3,0,0,0,0,0,1,0,0,0,0,0,2,0,0,1576.48788212
20191,1129002022,3,2,1,0,0,0,2,1,0,0,0,0,1,1,0,0,0,0,1,0,0,4191.55035887
20191,1129002023,199,104,95,0,39,49,49,42,20,0,16,25,24,25,14,0,23,24,25,17,6,11480.5519753
20191,1129002026,2,0,2,0,0,0,0,2,0,0,0,0,0,0,0,0,0,0,0,2,0,1718.53281011
20191,1129002037,2,1,1,0,0,0,2,0,0,0,0,0,1,0,0,0,0,0,1,0,0,1268.18350376
20191,1129002039,1,1,0,0,0,0,1,0,0,0,0,0,1,0,0,0,0,0,0,0,0,1334.84037769
20191,1129002046,42,5,37,0,2,0,13,13,14,0,2,0,0,3,0,0,0,0,13,10,14,8749.50762102
20191,1129002047,7,4,3,0,3,1,1,2,0,0,2,1,1,0,0,0,1,0,0,2,0,3870.47638498
20191,1129002048,13,7,6,0,1,3,6,2,1,0,0,3,2,2,0,0,1,0,4,0,1,1443.41986327
20191,1129002049,113,36,77,0,9,29,42,22,11,0,1,5,12,10,8,0,8,24,30,12,3,1672.3509793
20191,1129002057,99,56,43,0,12,21,17,39,10,0,4,10,9,26,7,0,8,11,8,13,3,26817.4667034
20191,1129002059,337,207,130,4,115,96,88,29,5,0,53,63,75,12,4,4,62,33,13,17,1,4709.91195331
20191,1129002060,4,3,1,0,0,1,1,1,1,0,0,1,0,1,1,0,0,0,1,0,0,1810.84668155
20191,1129002061,3,2,1,0,1,1,1,0,0,0,0,1,1,0,0,0,1,0,0,0,0,1542.6213582
20191,1129002064,10,2,8,0,1,3,3,3,0,0,0,0,0,2,0,0,1,3,3,1,0,2133.51463896
20191,1129002065,19,2,17,0,2,0,4,10,3,0,1,0,0,1,0,0,1,0,4,9,3,1290.52137638
20191,1129002066,4,3,1,0,0,3,1,0,0,0,0,2,1,0,0,0,0,1,0,0,0,1929.12755876
20191,1129002068,12,5,7,1,1,2,5,0,3,0,1,1,2,0,1,1,0,1,3,0,2,2267.13034229
20191,1129002072,14,13,1,0,1,1,4,6,2,0,1,1,4,5,2,0,0,0,0,1,0,1338.37583629
20191,1129002074,8,5,3,0,0,4,2,0,2,0,0,3,1,0,1,0,0,1,1,0,1,1230.43945758
20191,1129002077,12,8,4,0,4,3,3,0,2,0,1,2,3,0,2,0,3,1,0,0,0,1355.91522144
20191,1129002080,25,5,20,0,6,5,4,6,4,0,0,3,0,2,0,0,6,2,4,4,4,2501.95897082
20191,1129002083,3,0,3,0,2,1,0,0,0,0,0,0,0,0,0,0,2,1,0,0,0,2980.77335471
20191,1129002084,197,32,165,0,38,56,53,43,7,0,5,9,7,9,2,0,33,47,46,34,5,13593.4671353
20191,1129002086,7,4,3,0,1,3,1,2,0,0,1,3,0,0,0,0,0,0,1,2,0,5751.88011396
20191,1129002087,39,10,29,0,16,12,8,1,2,0,3,3,3,0,1,0,13,9,5,1,1,1676.80587636
20191,1129002090,10,3,7,0,0,0,2,3,5,0,0,0,2,1,0,0,0,0,0,2,5,1737.84172402
20191,1129002091,4,3,1,0,0,0,1,2,1,0,0,0,1,1,1,0,0,0,0,1,0,3879.23639159
20191,1129002094,7,4,3,0,0,0,6,1,0,0,0,0,3,1,0,0,0,0,3,0,0,2410.06826046
20191,1129002096,26,6,20,0,2,5,8,7,4,0,1,0,1,0,4,0,1,5,7,7,0,12367.0366081
20191,1129002104,7,3,4,0,0,1,0,5,1,0,0,0,0,2,1,0,0,1,0,3,0,1307.25679606
20191,1129002107,32,11,21,0,0,11,13,4,4,0,0,4,2,2,3,0,0,7,11,2,1,4800.9954326
20191,1129002109,4,2,2,0,0,0,1,3,0,0,0,0,0,2,0,0,0,0,1,1,0,1589.80750755
20191,1129002110,4,4,0,0,0,0,0,3,1,0,0,0,0,3,1,0,0,0,0,0,0,970.672474792
20191,1129002116,6,2,4,0,1,1,0,2,2,0,1,0,0,0,1,0,0,1,0,2,1,3083.38095019
20191,1129002117,1,1,0,0,0,0,0,1,0,0,0,0,0,1,0,0,0,0,0,0,0,3669.70063307
20191,1129002118,11,5,6,0,0,3,2,2,4,0,0,0,1,1,3,0,0,3,1,1,1,2098.21971208
20191,1129002121,33,15,18,0,4,3,12,4,10,0,1,0,5,0,9,0,3,3,7,4,1,9731.6843657
20191,1129002123,24,2,22,0,3,3,5,11,2,0,0,0,0,0,2,0,3,3,5,11,0,17952.4996525
20191,1129002124,5,2,3,0,0,1,0,2,2,0,0,1,0,0,1,0,0,0,0,2,1,2433.43492417
20191,1129002126,78,21,57,0,4,8,22,25,19,0,2,1,5,7,6,0,2,7,17,18,13,2709.43073191
20191,1129002128,8,4,4,0,3,3,0,0,2,0,1,1,0,0,2,0,2,2,0,0,0,3326.39011218
20191,1129002129,49,24,25,0,6,17,10,6,10,0,0,10,5,1,8,0,6,7,5,5,2,8234.80118251
20191,1129002137,61,47,14,0,8,28,20,5,0,0,3,22,17,5,0,0,5,6,3,0,0,12584.5377968
20191,1129002142,6,3,3,0,1,1,1,2,1,0,0,0,1,1,1,0,1,1,0,1,0,15705.1968665
20191,1129002145,8,5,3,0,0,3,2,1,2,0,0,3,1,0,1,0,0,0,1,1,1,7362.00360911
20191,1129002150,6,5,1,0,2,0,1,3,0,0,2,0,0,3,0,0,0,0,1,0,0,96512.029644
20191,1129002154,70,22,48,0,8,25,28,4,5,0,2,7,9,2,2,0,6,18,19,2,3,5325.53662008
20191,1129002156,69,18,51,1,12,15,13,11,17,0,2,5,4,4,3,1,10,10,9,7,14,4538.77153372
20191,1129002157,6,2,4,0,3,1,2,0,0,0,1,0,1,0,0,0,2,1,1,0,0,2451.93598841
20191,1129002163,64,21,43,0,11,12,20,18,3,0,0,5,5,10,1,0,11,7,15,8,2,6501.85395217
20191,1129002167,3,2,1,0,0,0,2,1,0,0,0,0,2,0,0,0,0,0,0,1,0,1022.60036338
20191,1129002168,14,10,4,0,0,2,4,3,5,0,0,0,3,2,5,0,0,2,1,1,0,5826.40881998
20191,1129002171,2,2,0,0,0,0,0,1,1,0,0,0,0,1,1,0,0,0,0,0,0,10329.6850449
20191,1129002181,149,49,100,1,7,8,61,37,35,0,4,3,13,5,24,1,3,5,48,32,11,5679.50517494
20191,1129002182,43,12,31,0,5,8,17,7,6,0,0,1,3,3,5,0,5,7,14,4,1,3129.97681504
20191,1129002184,2,0,2,0,0,1,0,1,0,0,0,0,0,0,0,0,0,1,0,1,0,1770.72861873
20191,1129002186,4,1,3,0,0,0,3,1,0,0,0,0,1,0,0,0,0,0,2,1,0,3832.37423793
20191,1129002188,18,14,4,0,0,3,7,5,3,0,0,2,6,4,2,0,0,1,1,1,1,3403.37784519
20191,1129002189,26,15,11,0,1,9,12,3,1,0,1,5,7,2,0,0,0,4,5,1,1,3120.35017058
20191,1129002193,11,6,5,0,0,2,4,2,3,0,0,2,2,1,1,0,0,0,2,1,2,3217.46525943
20191,1129002194,4,2,2,0,0,1,2,0,1,0,0,0,1,0,1,0,0,1,1,0,0,2189.12692886
20191,1129002195,353,228,125,0,50,113,106,62,22,0,17,76,81,46,8,0,33,37,25,16,14,22349.1448746
20191,1129002196,8,4,4,0,3,2,0,1,2,0,1,1,0,1,1,0,2,1,0,0,1,1252.91435252
20191,1129002197,13,4,9,0,4,5,2,0,2,0,1,1,1,0,1,0,3,4,1,0,1,2930.33021152
20191,1129002198,15,7,8,0,4,1,2,7,1,0,2,1,2,1,1,0,2,0,0,6,0,7752.24972337
20191,1129002199,5,1,4,0,3,1,1,0,0,0,0,0,1,0,0,0,3,1,0,0,0,3624.71100486
20191,1129002201,5,3,2,0,1,2,0,0,2,0,0,2,0,0,1,0,1,0,0,0,1,2906.53584558
20191,1129002202,6,3,3,0,0,2,0,1,3,0,0,0,0,1,2,0,0,2,0,0,1,1335.75390228
20191,1129002203,36,19,17,2,9,10,7,7,1,0,2,6,6,4,1,2,7,4,1,3,0,4622.10989553
20191,1129002204,35,20,15,0,7,11,4,9,4,0,3,7,2,4,4,0,4,4,2,5,0,8681.19333025
20191,1129002205,20,5,15,0,7,4,4,5,0,0,2,1,1,1,0,0,5,3,3,4,0,8030.38680177
20191,1129002206,2,0,2,0,1,0,0,1,0,0,0,0,0,0,0,0,1,0,0,1,0,931.467499592
20191,1129002207,157,41,116,1,15,21,29,39,52,1,9,9,12,2,8,0,6,12,17,37,44,4035.81071771
20191,1129002208,157,21,136,0,32,39,37,34,15,0,5,3,4,4,5,0,27,36,33,30,10,10145.1995628
20191,1129002209,17,6,11,0,3,2,4,5,3,0,2,0,1,2,1,0,1,2,3,3,2,1273.98623352
20191,1129002210,105,29,76,1,24,32,24,12,12,0,4,7,7,3,8,1,20,25,17,9,4,8120.09588535
20191,1129002211,46,24,22,0,2,4,13,17,10,0,0,3,5,9,7,0,2,1,8,8,3,4500.74404008
20191,1129002212,53,23,30,0,9,8,12,18,6,0,3,2,7,7,4,0,6,6,5,11,2,8957.09524743
20191,1129002213,34,23,11,0,1,3,6,16,8,0,1,1,3,10,8,0,0,2,3,6,0,14995.2650451
20191,1129002215,6,3,3,0,0,2,2,1,1,0,0,1,1,0,1,0,0,1,1,1,0,3440.34008297
20191,1129002216,2,1,1,0,0,0,0,2,0,0,0,0,0,1,0,0,0,0,0,1,0,1986.42739972
20191,1129002218,51,30,21,1,4,9,12,18,7,0,3,5,9,10,3,1,1,4,3,8,4,14864.3252315
20191,1129002219,28,10,18,0,7,5,7,7,2,0,1,2,4,2,1,0,6,3,3,5,1,5857.28448504
20191,1129002221,72,35,37,0,9,11,27,18,7,0,5,4,16,6,4,0,4,7,11,12,3,12600.4196396
20191,1129002222,14,6,8,0,5,3,3,3,0,0,2,1,2,1,0,0,3,2,1,2,0,1793.59897019
20191,1129002223,23,11,12,0,3,8,7,5,0,0,3,5,1,2,0,0,0,3,6,3,0,3021.59637702
20191,1129002224,23,17,6,0,1,4,7,9,2,0,1,2,3,9,2,0,0,2,4,0,0,3801.99445045
20191,1129002225,48,29,19,0,2,15,21,4,6,0,0,9,13,2,5,0,2,6,8,2,1,3273.96716563
20191,1129002226,11,10,1,0,2,3,2,4,0,0,2,3,1,4,0,0,0,0,1,0,0,2547.89876444
20191,1129002229,2210,1513,697,0,712,755,348,270,125,0,398,549,250,211,105,0,314,206,98,59,20,441421.287997
20191,1129002231,61,35,26,0,3,14,4,6,34,0,0,5,2,3,25,0,3,9,2,3,9,5168.98395907
20191,1129002232,293,168,125,0,25,94,104,42,28,0,11,54,67,16,20,0,14,40,37,26,8,6024.6832943
20191,1129002233,2,2,0,0,0,0,2,0,0,0,0,0,2,0,0,0,0,0,0,0,0,3429.18856967
20191,1129002236,5,2,3,0,0,1,4,0,0,0,0,0,2,0,0,0,0,1,2,0,0,5999.12956369
20191,1129002237,6,4,2,0,1,2,0,1,2,0,1,1,0,0,2,0,0,1,0,1,0,3992.3952331
20191,1129002238,19,14,5,1,4,4,4,3,3,0,3,3,4,3,1,1,1,1,0,0,2,8420.20371284
20191,1129002239,3,3,0,0,3,0,0,0,0,0,3,0,0,0,0,0,0,0,0,0,0,942.76804646
20191,1129002241,5,3,2,0,1,2,2,0,0,0,0,2,1,0,0,0,1,0,1,0,0,2179.913735
20191,1129002242,8,0,8,0,0,0,1,2,5,0,0,0,0,0,0,0,0,0,1,2,5,1394.45620657
20191,1129002243,49,31,18,0,6,5,8,11,19,0,0,1,3,9,18,0,6,4,5,2,1,169635.383512
20191,1129002244,65,16,49,0,19,31,6,5,4,0,3,8,1,2,2,0,16,23,5,3,2,5380.12712583
20191,1129002245,2,0,2,0,0,0,2,0,0,0,0,0,0,0,0,0,0,0,2,0,0,2074.48980596
20191,1129002246,2,1,1,0,0,0,0,0,2,0,0,0,0,0,1,0,0,0,0,0,1,1914.71453376
20191,1129002249,144,68,76,1,15,30,53,21,24,0,10,15,27,12,4,1,5,15,26,9,20,19442.8273689
20191,1129002250,84,35,49,0,41,20,13,7,3,0,13,12,7,2,1,0,28,8,6,5,2,14181.1653138
20191,1129002252,7,5,2,0,0,3,2,2,0,0,0,1,2,2,0,0,0,2,0,0,0,3337.16519792
20191,1129002253,15,3,12,0,8,0,3,2,2,0,0,0,2,0,1,0,8,0,1,2,1,2807.55795774
20191,1129002254,13,6,7,0,0,1,3,4,5,0,0,0,1,1,4,0,0,1,2,3,1,5285.01129929
20191,1129002255,4,3,1,0,0,1,0,1,2,0,0,1,0,1,1,0,0,0,0,0,1,1852.88104645
20191,1129002257,14,3,11,0,0,2,4,6,2,0,0,2,0,0,1,0,0,0,4,6,1,2203.89090858
20191,1129002259,15,9,6,0,0,4,2,6,3,0,0,2,1,3,3,0,0,2,1,3,0,2217.39757024
20191,1129002260,2,2,0,0,0,0,1,0,1,0,0,0,1,0,1,0,0,0,0,0,0,849.72834929
20191,1129002262,35,6,29,0,5,6,5,10,9,0,2,0,2,1,1,0,3,6,3,9,8,2223.12867025
20191,1129002263,9,8,1,0,2,0,3,4,0,0,1,0,3,4,0,0,1,0,0,0,0,3466.09500634
20191,1129002265,11,4,7,0,0,4,6,1,0,0,0,2,2,0,0,0,0,2,4,1,0,1242.80683928
20191,1129002268,188,75,113,0,39,39,23,65,22,0,14,27,13,17,4,0,25,12,10,48,18,36458.9526739
20191,1129002269,2,0,2,0,0,0,2,0,0,0,0,0,0,0,0,0,0,0,2,0,0,1244.84833915
20191,1129002274,19,1,18,0,7,5,2,2,3,0,0,0,0,0,1,0,7,5,2,2,2,4669.56432472
20191,1129002275,5,3,2,0,0,0,1,4,0,0,0,0,0,3,0,0,0,0,1,1,0,2213.41166221
20191,1129002276,15,11,4,0,0,1,10,4,0,0,0,1,7,3,0,0,0,0,3,1,0,4466.47031507
20191,1129002278,2,2,0,0,0,1,0,0,1,0,0,1,0,0,1,0,0,0,0,0,0,2594.7635294
20191,1129002279,69,20,49,0,8,23,18,15,5,0,4,1,7,5,3,0,4,22,11,10,2,10094.5325662
20191,1129002282,51,34,17,1,7,14,17,9,3,1,6,8,11,6,2,0,1,6,6,3,1,4021.73304909
20191,1129002283,16,8,8,0,2,2,6,5,1,0,0,1,4,2,1,0,2,1,2,3,0,3952.16531047
20191,1129002289,19,5,14,1,1,2,5,8,2,0,0,1,0,3,1,1,1,1,5,5,1,9705.0365792
20191,1129002290,504,233,271,0,117,75,135,125,52,0,4,38,77,82,32,0,113,37,58,43,20,42011.6324016
20191,1129002291,2,1,1,0,0,0,0,2,0,0,0,0,0,1,0,0,0,0,0,1,0,929.497139492
20191,1129002292,11,9,2,0,0,1,5,4,1,0,0,1,4,3,1,0,0,0,1,1,0,3039.09428775
20191,1129002294,35,26,9,0,9,3,15,6,2,0,8,2,10,4,2,0,1,1,5,2,0,8727.81815393
20191,1129002297,5,4,1,0,1,0,3,1,0,0,1,0,3,0,0,0,0,0,0,1,0,809.640593802
20191,1129002299,6,2,4,0,1,2,2,1,0,0,0,1,1,0,0,0,1,1,1,1,0,2106.32611344
20191,1129002301,5,5,0,0,0,2,0,2,1,0,0,2,0,2,1,0,0,0,0,0,0,1077.75832975
20191,1129002303,26,16,10,0,5,8,10,2,1,0,2,6,5,2,1,0,3,2,5,0,0,1920.66345941
20191,1129002307,13,6,7,0,0,6,4,2,1,0,0,2,1,2,1,0,0,4,3,0,0,13700.153053
20191,1129002309,20,11,9,0,5,6,7,2,0,0,2,4,4,1,0,0,3,2,3,1,0,4649.950671
20191,1129002311,4,0,4,0,1,0,1,2,0,0,0,0,0,0,0,0,1,0,1,2,0,1499.57033925
20191,1129002318,67,30,37,0,4,19,22,18,4,0,2,9,7,8,4,0,2,10,15,10,0,3428.74690881
20191,1129002319,14,8,6,1,1,5,1,3,3,0,0,5,0,2,1,1,1,0,1,1,2,4658.41670517
20191,1129002322,9,6,3,0,0,0,5,0,4,0,0,0,3,0,3,0,0,0,2,0,1,5438.00822505
20191,1129002324,2,2,0,0,0,1,0,1,0,0,0,1,0,1,0,0,0,0,0,0,0,2879.75369728
20191,1129002325,7,3,4,0,0,1,2,1,3,0,0,0,1,1,1,0,0,1,1,0,2,2651.93482633
20191,1129002327,5,2,3,0,0,0,0,1,4,0,0,0,0,0,2,0,0,0,0,1,2,2827.66203477
20191,1129002328,12,0,12,0,3,4,1,4,0,0,0,0,0,0,0,0,3,4,1,4,0,80656.4532543
20191,1129002333,1,1,0,0,0,0,1,0,0,0,0,0,1,0,0,0,0,0,0,0,0,3902.50395142
20191,1129002336,71,18,53,0,15,13,22,17,4,0,4,2,3,6,3,0,11,11,19,11,1,11972.4676867
20191,1129002349,3,1,2,0,0,0,0,3,0,0,0,0,0,1,0,0,0,0,0,2,0,1892.46859624
20191,1129002355,5,2,3,0,0,0,1,3,1,0,0,0,1,1,0,0,0,0,0,2,1,5650.48804124
20191,1129002358,2,1,1,0,0,0,2,0,0,0,0,0,1,0,0,0,0,0,1,0,0,1888.01264716
20191,1129002363,2,2,0,0,0,0,1,0,1,0,0,0,1,0,1,0,0,0,0,0,0,2100.50435619
20191,1129002369,4,2,2,0,1,0,2,1,0,0,1,0,1,0,0,0,0,0,1,1,0,4270.19633829
20191,1129002375,13,2,11,0,1,2,2,3,5,0,0,1,1,0,0,0,1,1,1,3,5,2627.26094901
20191,1129002380,2,1,1,0,0,0,0,0,2,0,0,0,0,0,1,0,0,0,0,0,1,1272.59744782
20191,1129002382,2,0,2,0,0,0,2,0,0,0,0,0,0,0,0,0,0,0,2,0,0,1731.38142829
20191,1129002385,7,1,6,0,0,0,2,2,3,0,0,0,1,0,0,0,0,0,1,2,3,1757.24072837
20191,1129002389,2,2,0,0,0,1,0,1,0,0,0,1,0,1,0,0,0,0,0,0,0,2127.96791106
20191,1129002390,16,3,13,0,5,3,4,1,3,0,0,0,2,0,1,0,5,3,2,1,2,2112.76016803
20191,1129002391,3,0,3,0,0,0,1,1,1,0,0,0,0,0,0,0,0,0,1,1,1,5430.82202861
20191,1129002392,4,1,3,0,0,1,2,1,0,0,0,0,1,0,0,0,0,1,1,1,0,1825.03622874
20191,1129002393,2,1,1,0,0,0,0,2,0,0,0,0,0,1,0,0,0,0,0,1,0,1392.54365868
20191,1129002394,2,1,1,0,0,0,2,0,0,0,0,0,1,0,0,0,0,0,1,0,0,2436.09915765
20191,1129002397,5,3,2,0,0,0,2,2,1,0,0,0,0,2,1,0,0,0,2,0,0,2736.41121504
20191,1129002401,3,3,0,0,0,2,1,0,0,0,0,2,1,0,0,0,0,0,0,0,0,2125.5614921
20191,1129002402,2,2,0,0,0,0,0,2,0,0,0,0,0,2,0,0,0,0,0,0,0,2138.01842357
20191,1129002404,21,9,12,0,3,1,8,6,3,0,1,0,3,4,1,0,2,1,5,2,2,5544.70553907
20191,1129002406,16,4,12,0,2,4,5,3,2,0,0,1,0,1,2,0,2,3,5,2,0,3280.74419166
20191,1129002407,2,2,0,0,0,0,0,1,1,0,0,0,0,1,1,0,0,0,0,0,0,2751.49845161
20191,1129002408,3,0,3,0,0,0,0,3,0,0,0,0,0,0,0,0,0,0,0,3,0,2430.48627214
20191,1129002409,3,1,2,0,0,0,0,1,2,0,0,0,0,0,1,0,0,0,0,1,1,3821.27002589
20191,1129002410,24,10,14,0,0,0,1,5,18,0,0,0,1,1,8,0,0,0,0,4,10,2016.43685716
20191,1129002411,29,2,27,0,0,1,0,7,21,0,0,1,0,0,1,0,0,0,0,7,20,2812.5674557
20191,1129002412,5,4,1,0,0,1,1,0,3,0,0,0,1,0,3,0,0,1,0,0,0,2119.41136724
20191,1129002413,4,2,2,0,0,0,1,2,1,0,0,0,0,1,1,0,0,0,1,1,0,2392.79185618
20191,1129002414,14,8,6,0,1,2,5,4,2,0,0,1,3,2,2,0,1,1,2,2,0,2395.80902589
20191,1129002415,13,10,3,0,4,0,2,5,2,0,3,0,1,4,2,0,1,0,1,1,0,5882.43759393
20191,1129002416,32,9,23,0,6,6,14,6,0,0,2,2,3,2,0,0,4,4,11,4,0,4144.25181428
20191,1129002419,46,6,40,0,0,2,9,15,20,0,0,1,2,1,2,0,0,1,7,14,18,2558.57520224
20191,1129002420,11,6,5,0,0,2,2,2,5,0,0,1,1,1,3,0,0,1,1,1,2,1918.4246657
20191,1129002421,3,2,1,0,0,1,0,1,1,0,0,1,0,1,0,0,0,0,0,0,1,2282.14404754
20191,1129002422,6,5,1,0,1,1,2,2,0,0,1,1,1,2,0,0,0,0,1,0,0,3054.43586835
20191,1129002424,16,12,4,0,0,0,5,5,6,0,0,0,3,4,5,0,0,0,2,1,1,1334.64857989
20191,1129002425,4,3,1,0,0,1,1,2,0,0,0,0,1,2,0,0,0,1,0,0,0,1861.41942159
20191,1129002427,11,4,7,0,1,1,9,0,0,0,0,0,4,0,0,0,1,1,5,0,0,2465.02475267
20191,1129002428,30,21,9,0,4,2,1,2,21,0,0,1,0,1,19,0,4,1,1,1,2,3078.12933764
20191,1129002429,5,4,1,0,0,0,2,2,1,0,0,0,1,2,1,0,0,0,1,0,0,2232.8242843
20191,1129002430,30,9,21,0,6,8,8,8,0,0,0,5,2,2,0,0,6,3,6,6,0,13886.5299447
20191,1129002431,10,5,5,0,0,0,4,4,2,0,0,0,2,2,1,0,0,0,2,2,1,2891.01076905
20191,1129002432,3,0,3,0,0,0,1,2,0,0,0,0,0,0,0,0,0,0,1,2,0,1926.14547946
20191,1129002433,7,2,5,0,1,0,1,5,0,0,0,0,0,2,0,0,1,0,1,3,0,1679.41447793
20191,1129002437,6,5,1,0,0,0,1,0,5,0,0,0,1,0,4,0,0,0,0,0,1,2518.39681814
20191,1129002443,3,0,3,0,1,1,0,0,1,0,0,0,0,0,0,0,1,1,0,0,1,2346.97666017
20191,1129002445,2,1,1,0,0,0,0,2,0,0,0,0,0,1,0,0,0,0,0,1,0,2477.69470225
20191,1129002447,4,2,2,0,0,0,1,3,0,0,0,0,0,2,0,0,0,0,1,1,0,1923.78146601
20191,1129002449,2,2,0,0,0,0,0,0,2,0,0,0,0,0,2,0,0,0,0,0,0,2169.3399566
20191,1129002452,30,13,17,0,1,3,5,18,3,0,0,1,3,6,3,0,1,2,2,12,0,2591.42761911
20191,1129002454,22,14,8,0,1,3,6,9,3,0,1,1,5,6,1,0,0,2,1,3,2,3108.32565961
20191,1129002455,9,6,3,0,0,2,3,3,1,0,0,1,3,2,0,0,0,1,0,1,1,2230.17415885
20191,1129002457,3,1,2,0,1,0,0,2,0,0,0,0,0,1,0,0,1,0,0,1,0,3014.48060882
20191,1129002459,10,0,10,0,4,2,2,2,0,0,0,0,0,0,0,0,4,2,2,2,0,2010.93219683
20191,1129002460,2,1,1,0,0,0,1,1,0,0,0,0,0,1,0,0,0,0,1,0,0,2287.56916274
20191,1129002462,2,1,1,0,0,0,0,2,0,0,0,0,0,1,0,0,0,0,0,1,0,3213.42681059
20191,1129002463,78,19,59,0,3,15,16,32,12,0,1,6,4,5,3,0,2,9,12,27,9,14562.7530353
20191,1129002467,4,4,0,0,0,1,3,0,0,0,0,1,3,0,0,0,0,0,0,0,0,2186.23762408
20191,1129002469,5,1,4,0,0,0,1,3,1,0,0,0,0,0,1,0,0,0,1,3,0,2450.14194577
20191,1129002470,2,1,1,0,0,2,0,0,0,0,0,1,0,0,0,0,0,1,0,0,0,2916.52868226
20191,1129002474,14,2,12,0,2,1,6,5,0,0,0,0,1,1,0,0,2,1,5,4,0,9060.60967438
20191,1129002475,2,0,2,0,1,0,1,0,0,0,0,0,0,0,0,0,1,0,1,0,0,1938.4351575
20191,1129002480,2,0,2,0,0,1,0,1,0,0,0,0,0,0,0,0,0,1,0,1,0,2844.30182797
20191,1129002481,4,1,3,0,1,1,2,0,0,0,0,0,1,0,0,0,1,1,1,0,0,916.978418183
20191,1129002483,4,1,3,0,0,2,1,1,0,0,0,0,1,0,0,0,0,2,0,1,0,2533.32072994
20191,1129002485,2,1,1,0,0,0,0,0,2,0,0,0,0,0,1,0,0,0,0,0,1,1947.44616561
20191,1129002489,8,7,1,0,1,2,4,1,0,0,1,2,3,1,0,0,0,0,1,0,0,3119.52669919
20191,1129002491,6,5,1,0,0,3,2,1,0,0,0,3,2,0,0,0,0,0,0,1,0,2242.56079871
20191,1129002492,1,1,0,0,0,0,0,1,0,0,0,0,0,1,0,0,0,0,0,0,0,2698.26202527
20191,1129002493,30,12,18,0,9,7,2,9,3,0,2,3,1,4,2,0,7,4,1,5,1,22204.6778074
20191,1129002495,8,5,3,0,2,1,5,0,0,0,1,1,3,0,0,0,1,0,2,0,0,1475.48850959
20191,1129002498,6,2,4,0,0,0,0,6,0,0,0,0,0,2,0,0,0,0,0,4,0,2956.82137497
20191,1129002505,10,5,5,0,2,2,2,4,0,0,1,0,2,2,0,0,1,2,0,2,0,4264.0400909
20191,1129002508,3,2,1,0,0,1,1,1,0,0,0,1,0,1,0,0,0,0,1,0,0,640.758253747
20191,1129002509,8,0,8,0,1,0,3,4,0,0,0,0,0,0,0,0,1,0,3,4,0,2180.93167491
20191,1129002512,71,13,58,0,9,19,24,13,6,0,0,3,1,4,5,0,9,16,23,9,1,7718.56578093
20191,1129002514,21,15,6,0,1,0,5,11,4,0,1,0,2,9,3,0,0,0,3,2,1,6885.78435703
20191,1129002517,29,15,14,0,2,7,9,5,6,0,1,3,4,3,4,0,1,4,5,2,2,6198.49964574
20191,1129002521,10,7,3,0,2,2,1,4,1,0,1,1,1,3,1,0,1,1,0,1,0,16382.9477
20191,1129002523,4,2,2,0,0,0,1,3,0,0,0,0,0,2,0,0,0,0,1,1,0,1923.59277048
20191,1129002524,3,2,1,0,0,0,2,1,0,0,0,0,1,1,0,0,0,0,1,0,0,2427.02435246
20191,1129002525,2,1,1,0,0,0,0,2,0,0,0,0,0,1,0,0,0,0,0,1,0,2133.87267983
20191,1129002528,12,9,3,0,1,4,4,1,2,0,1,2,3,1,2,0,0,2,1,0,0,6990.71006168
20191,1129002534,12,7,5,0,0,4,7,1,0,0,0,2,4,1,0,0,0,2,3,0,0,8743.6121695
20191,1129002535,6,3,3,0,0,1,0,3,2,0,0,0,0,1,2,0,0,1,0,2,0,4971.15181774
20191,1129002537,27,17,10,0,3,4,8,8,4,0,2,2,6,6,1,0,1,2,2,2,3,11342.1650667
20191,1129002539,20,10,10,0,2,5,6,6,1,0,0,2,5,2,1,0,2,3,1,4,0,3522.04385972
20191,1129002540,33,11,22,1,6,8,8,6,4,0,1,4,2,2,2,1,5,4,6,4,2,4179.94901078
20191,1129002541,8,7,1,0,0,1,2,2,3,0,0,1,2,2,2,0,0,0,0,0,1,91653.5119341
20191,1129002542,5,4,1,0,1,0,0,3,1,0,1,0,0,2,1,0,0,0,0,1,0,1660.90262781
20191,1129002543,10,4,6,0,2,1,0,6,1,0,1,0,0,2,1,0,1,1,0,4,0,3896.95655528
20191,1129002544,26,9,17,0,1,10,6,6,3,0,0,3,2,1,3,0,1,7,4,5,0,2629.79880833
20191,1129002545,14,5,9,0,1,0,8,4,1,0,1,0,3,0,1,0,0,0,5,4,0,15484.5253364
20191,1129002546,9,7,2,0,0,2,5,1,1,0,0,2,3,1,1,0,0,0,2,0,0,7008.05892493
20191,1129002547,26,22,4,0,1,2,3,7,13,0,1,1,2,5,13,0,0,1,1,2,0,1936.4039189
20191,1129002548,15,1,14,0,1,4,6,4,0,0,0,0,1,0,0,0,1,4,5,4,0,5635.99295671
20191,1129002550,7,4,3,0,2,1,2,1,1,0,0,1,1,1,1,0,2,0,1,0,0,7405.71073134
20191,1129002552,10,6,4,0,2,0,1,5,2,0,2,0,0,3,1,0,0,0,1,2,1,3098.04765708
20191,1129002553,40,11,29,0,2,8,12,11,7,0,0,1,5,2,3,0,2,7,7,9,4,2702.38072329
20191,1129002555,1,1,0,0,0,0,0,0,1,0,0,0,0,0,1,0,0,0,0,0,0,1727.5959052
20191,1129002556,15,6,9,0,3,2,6,3,1,0,1,1,0,3,1,0,2,1,6,0,0,7467.18653729
20191,1129002557,97,18,79,0,9,7,30,47,4,0,5,3,3,5,2,0,4,4,27,42,2,4019.66509373
20191,1129002560,15,9,6,0,2,1,10,2,0,0,0,1,8,0,0,0,2,0,2,2,0,1398.26387409
20191,1129002561,3,2,1,0,0,1,1,0,1,0,0,1,0,0,1,0,0,0,1,0,0,3554.67848052
20191,1129002562,20,18,2,0,1,1,7,9,2,0,1,0,7,8,2,0,0,1,0,1,0,1584.16200632
20191,1129002565,29,13,16,1,3,11,9,3,2,0,0,5,5,2,1,1,3,6,4,1,1,2994.35731247
20191,1129002567,2,1,1,0,0,1,1,0,0,0,0,0,1,0,0,0,0,1,0,0,0,3720.18244896
20191,1129002568,84,47,37,0,10,24,20,22,8,0,0,13,11,16,7,0,10,11,9,6,1,8196.50899983
20191,1129002573,2,1,1,0,0,0,2,0,0,0,0,0,1,0,0,0,0,0,1,0,0,3339.90812729
20191,1129002574,5,5,0,0,0,0,4,0,1,0,0,0,4,0,1,0,0,0,0,0,0,2398.70564984
20191,1129002576,12,9,3,0,0,0,6,3,3,0,0,0,4,3,2,0,0,0,2,0,1,5967.04350769
20191,1129002579,86,66,20,0,21,14,30,17,4,0,14,9,24,16,3,0,7,5,6,1,1,17053.0103439
20191,1129002580,2,1,1,0,0,0,0,2,0,0,0,0,0,1,0,0,0,0,0,1,0,2376.20334903
20191,1129002581,20,5,15,0,3,2,6,4,5,0,1,0,0,0,4,0,2,2,6,4,1,17905.3775233
20191,1129002582,2,1,1,0,1,0,0,1,0,0,1,0,0,0,0,0,0,0,0,1,0,1166.10391117
20191,1129002585,3,1,2,0,0,1,1,1,0,0,0,0,0,1,0,0,0,1,1,0,0,3239.42151105
20191,1129002586,26,9,17,0,0,4,6,6,10,0,0,2,4,2,1,0,0,2,2,4,9,5884.35145547
20191,1129002588,3,2,1,0,0,1,0,2,0,0,0,1,0,1,0,0,0,0,0,1,0,2275.85119357
20191,1129002589,25,4,21,0,0,5,8,8,4,0,0,1,0,1,2,0,0,4,8,7,2,2754.49652676
20191,1129002590,2,1,1,0,0,0,1,0,1,0,0,0,1,0,0,0,0,0,0,0,1,6264.64881752
20191,1129002591,5,1,4,0,0,0,1,4,0,0,0,0,0,1,0,0,0,0,1,3,0,3146.50068904
20191,1129002592,24,13,11,0,0,6,6,7,5,0,0,3,1,6,3,0,0,3,5,1,2,2916.68001354
20191,1129002593,3,3,0,0,2,1,0,0,0,0,2,1,0,0,0,0,0,0,0,0,0,3089.87851531
20191,1129002598,8,5,3,0,0,2,2,3,1,0,0,0,2,3,0,0,0,2,0,0,1,2954.52081688
20191,1129002599,2,1,1,0,0,0,0,1,1,0,0,0,0,1,0,0,0,0,0,0,1,3322.787428
20191,1129002600,6,4,2,0,0,1,1,2,2,0,0,0,1,1,2,0,0,1,0,1,0,5999.38189811
20191,1129002603,6,3,3,0,0,1,4,1,0,0,0,1,2,0,0,0,0,0,2,1,0,2366.80341783
20191,1129002604,5,4,1,0,1,1,0,3,0,0,1,1,0,2,0,0,0,0,0,1,0,2945.37651993
20191,1129002605,20,9,11,0,4,1,5,8,2,0,2,0,3,2,2,0,2,1,2,6,0,5030.79771549
20191,1129002606,5,4,1,0,2,0,1,0,2,0,2,0,1,0,1,0,0,0,0,0,1,3406.6579324
20191,1129002607,8,5,3,0,0,0,1,4,3,0,0,0,1,2,2,0,0,0,0,2,1,2853.63565329
20191,1129002608,4,3,1,0,0,1,2,1,0,0,0,0,2,1,0,0,0,1,0,0,0,1764.44399597
20191,1129002609,1,1,0,0,0,0,0,0,1,0,0,0,0,0,1,0,0,0,0,0,0,3407.97190945
20191,1129002611,10,7,3,0,0,1,3,6,0,0,0,1,2,4,0,0,0,0,1,2,0,4435.69379108
20191,1129002615,6,4,2,0,1,0,2,3,0,0,1,0,1,2,0,0,0,0,1,1,0,4732.48136469
20191,1129002616,3,1,2,0,0,0,0,2,1,0,0,0,0,0,1,0,0,0,0,2,0,2003.37361029
20191,1129002619,3,3,0,0,0,1,0,0,2,0,0,1,0,0,2,0,0,0,0,0,0,1654.06701897
20191,1129002620,13,10,3,0,2,5,6,0,0,0,2,5,3,0,0,0,0,0,3,0,0,2233.50922704
20191,1129002625,5,3,2,0,1,0,1,2,1,0,1,0,0,1,1,0,0,0,1,1,0,2978.60877262
20191,1129002626,5,3,2,0,1,2,0,2,0,0,0,2,0,1,0,0,1,0,0,1,0,4936.84334147
20191,1129002627,22,7,15,0,1,0,1,11,9,0,1,0,1,1,4,0,0,0,0,10,5,2139.47305022
20191,1129002628,12,5,7,0,1,2,2,4,3,0,0,1,0,1,3,0,1,1,2,3,0,4128.76653444
20191,1129002629,3,3,0,0,0,3,0,0,0,0,0,3,0,0,0,0,0,0,0,0,0,6003.37456971
20191,1129002630,5,1,4,0,0,1,1,1,2,0,0,0,1,0,0,0,0,1,0,1,2,2510.37714457
20191,1129002631,58,38,20,0,5,6,17,18,12,0,2,4,11,11,10,0,3,2,6,7,2,8749.39789924
20191,1129002632,4,3,1,0,0,0,2,2,0,0,0,0,2,1,0,0,0,0,0,1,0,5589.46694678
20191,1129002633,118,29,89,0,22,23,33,27,13,0,1,12,7,6,3,0,21,11,26,21,10,4306.09884985
20191,1129002635,1,1,0,0,0,0,1,0,0,0,0,0,1,0,0,0,0,0,0,0,0,5819.94689896
20191,1129002636,42,21,21,1,16,9,9,6,1,0,4,5,8,3,1,1,12,4,1,3,0,4374.28950998
20191,1129002639,3,1,2,0,0,0,2,0,1,0,0,0,0,0,1,0,0,0,2,0,0,2129.56325532
20191,1129002642,14,9,5,0,0,2,5,5,2,0,0,2,4,1,2,0,0,0,1,4,0,4197.10978617
20191,1129002643,2,2,0,0,0,0,1,0,1,0,0,0,1,0,1,0,0,0,0,0,0,2360.88167132
20191,1129002648,2,2,0,0,0,0,0,1,1,0,0,0,0,1,1,0,0,0,0,0,0,1571.21259162
20191,1129002649,93,23,70,0,13,30,27,12,11,0,2,9,3,1,8,0,11,21,24,11,3,16350.8188163
20191,1129002651,2,1,1,0,0,0,0,2,0,0,0,0,0,1,0,0,0,0,0,1,0,1542.87330621
20191,1129002653,13,6,7,0,0,3,4,1,5,0,0,1,1,1,3,0,0,2,3,0,2,3522.64709158
20191,1129002656,5,5,0,0,0,0,4,0,1,0,0,0,4,0,1,0,0,0,0,0,0,1584.78813783
20191,1129002657,11,7,4,0,0,3,2,4,2,0,0,2,2,1,2,0,0,1,0,3,0,3620.37378037
20191,1129002658,13,8,5,0,3,2,1,6,1,0,2,1,0,5,0,0,1,1,1,1,1,4985.03332929
20191,1129002660,3,0,3,0,0,2,1,0,0,0,0,0,0,0,0,0,0,2,1,0,0,2626.08742931
20191,1129002661,22,13,9,0,5,3,6,6,2,0,4,1,3,4,1,0,1,2,3,2,1,5321.0365485
20191,1129002663,13,3,10,0,2,2,3,2,4,0,0,0,0,1,2,0,2,2,3,1,2,1731.77395699
20191,1129002664,3,1,2,0,1,0,1,1,0,0,0,0,0,1,0,0,1,0,1,0,0,1453.55747439
20191,1129002665,8,3,5,0,1,3,2,0,2,0,1,1,0,0,1,0,0,2,2,0,1,5747.70521949
20191,1129002666,32,11,21,0,2,3,9,8,10,0,0,1,5,1,4,0,2,2,4,7,6,5995.61155262
20191,1129002669,1,1,0,0,0,0,0,1,0,0,0,0,0,1,0,0,0,0,0,0,0,1618.31234435
20191,1129002671,2,1,1,0,0,0,0,2,0,0,0,0,0,1,0,0,0,0,0,1,0,4416.14639734
20191,1129002673,2,1,1,0,0,1,0,0,1,0,0,0,0,0,1,0,0,1,0,0,0,4862.8791621
20191,1129002674,8,1,7,1,0,2,2,3,0,0,0,1,0,0,0,1,0,1,2,3,0,2498.35934028
20191,1129002677,24,9,15,0,6,1,11,4,2,0,2,0,5,1,1,0,4,1,6,3,1,1904.20590089
20191,1129002679,2,2,0,0,0,0,2,0,0,0,0,0,2,0,0,0,0,0,0,0,0,4924.09713631
20191,1129002680,4,3,1,0,0,1,0,3,0,0,0,1,0,2,0,0,0,0,0,1,0,3239.67557137
20191,1129002681,9,5,4,0,1,3,1,2,2,0,0,2,1,1,1,0,1,1,0,1,1,1711.10209424
20191,1129002682,6,2,4,0,1,1,1,2,1,0,0,0,0,1,1,0,1,1,1,1,0,2644.42795867
20191,1129002683,7,7,0,0,0,2,1,2,2,0,0,2,1,2,2,0,0,0,0,0,0,3570.53634428
20191,1129002685,16,6,10,0,0,2,5,8,1,0,0,1,2,2,1,0,0,1,3,6,0,2742.11007194
20191,1129002686,2,1,1,0,0,0,1,1,0,0,0,0,1,0,0,0,0,0,0,1,0,1513.05859634
20191,1129002687,17,10,7,0,1,5,6,2,3,0,0,5,3,1,1,0,1,0,3,1,2,7938.3393892
20191,1129002688,1,0,1,0,0,0,1,0,0,0,0,0,0,0,0,0,0,0,1,0,0,1704.00042398
20191,1129002689,2,1,1,0,0,1,1,0,0,0,0,0,1,0,0,0,0,1,0,0,0,1680.33187904
20191,1129002690,17,6,11,0,3,6,5,1,2,0,0,3,2,0,1,0,3,3,3,1,1,3714.12072191
20191,1129002692,11,0,11,0,1,4,3,2,1,0,0,0,0,0,0,0,1,4,3,2,1,1543.32218459
20191,1129002693,4,2,2,0,2,2,0,0,0,0,1,1,0,0,0,0,1,1,0,0,0,1291.50663951
20191,1129002694,2,1,1,0,0,0,2,0,0,0,0,0,1,0,0,0,0,0,1,0,0,1919.53507071
20191,1129002702,5,3,2,0,0,0,3,1,1,0,0,0,1,1,1,0,0,0,2,0,0,3769.06679114
20191,1129002704,4,4,0,0,0,1,1,2,0,0,0,1,1,2,0,0,0,0,0,0,0,4457.02163493
20191,1129002705,2,1,1,0,0,1,0,0,1,0,0,0,0,0,1,0,0,1,0,0,0,885.164060205
20191,1129002707,18,11,7,0,1,4,3,6,4,0,1,2,1,4,3,0,0,2,2,2,1,5398.11540919
20191,1129002709,3,2,1,0,0,1,1,1,0,0,0,1,1,0,0,0,0,0,0,1,0,1329.21880483
20191,1129002711,8,7,1,0,0,0,2,5,1,0,0,0,2,4,1,0,0,0,0,1,0,1891.14188737
20191,1129002713,6,1,5,0,0,1,3,2,0,0,0,0,0,1,0,0,0,1,3,1,0,4690.0579153
20191,1129002715,11,5,6,0,0,0,1,2,8,0,0,0,0,0,5,0,0,0,1,2,3,3266.53012563
20191,1129002716,4,0,4,0,0,0,2,0,2,0,0,0,0,0,0,0,0,0,2,0,2,1931.37648281
20191,1129002717,25,11,14,0,3,3,7,11,1,0,2,1,2,5,1,0,1,2,5,6,0,3688.56911079
20191,1129002719,4,1,3,0,0,1,1,2,0,0,0,0,0,1,0,0,0,1,1,1,0,3254.93154777
20191,1129002720,169,138,31,0,10,18,53,53,35,0,7,17,42,40,32,0,3,1,11,13,3,2077.2126593
20191,1129002722,2,2,0,0,0,0,1,0,1,0,0,0,1,0,1,0,0,0,0,0,0,3334.64441794
20191,1129002725,3,3,0,0,0,1,2,0,0,0,0,1,2,0,0,0,0,0,0,0,0,3499.02911257
20191,1129002730,4,3,1,0,0,0,2,2,0,0,0,0,1,2,0,0,0,0,1,0,0,3282.77444721
20191,1129002736,8,4,4,0,0,0,2,2,4,0,0,0,0,1,3,0,0,0,2,1,1,5694.24589366
20191,1129002737,12,6,6,0,1,6,2,2,1,0,0,3,1,1,1,0,1,3,1,1,0,2754.77750146
20191,1129002740,25,9,16,0,8,1,6,7,3,0,5,1,2,1,0,0,3,0,4,6,3,4997.18412456
20191,1129002741,2,1,1,0,0,0,1,0,1,0,0,0,0,0,1,0,0,0,1,0,0,2562.34874275
20191,1129002744,13,2,11,0,1,1,1,6,4,0,0,0,0,0,2,0,1,1,1,6,2,1870.67647387
20191,1129002745,21,9,12,0,0,2,3,12,4,0,0,1,2,5,1,0,0,1,1,7,3,5084.56377248
20191,1129002748,36,1,35,0,0,1,2,12,21,0,0,0,0,1,0,0,0,1,2,11,21,1239.2908107
20191,1129002749,2,1,1,0,0,0,2,0,0,0,0,0,1,0,0,0,0,0,1,0,0,1637.21200136
20191,1129002752,3,1,2,0,0,0,0,3,0,0,0,0,0,1,0,0,0,0,0,2,0,2119.93356153
20191,1129002755,3,2,1,0,0,0,0,3,0,0,0,0,0,2,0,0,0,0,0,1,0,2665.64285647
20191,1129002756,3,1,2,0,1,0,1,1,0,0,0,0,0,1,0,0,1,0,1,0,0,1360.27793339
20191,1129002757,5,3,2,0,1,0,2,1,1,0,1,0,0,1,1,0,0,0,2,0,0,4681.6487532
20191,1129002758,6,2,4,0,0,1,3,0,2,0,0,0,1,0,1,0,0,1,2,0,1,2032.30119427
20191,1129002762,2,1,1,0,0,1,0,0,1,0,0,1,0,0,0,0,0,0,0,0,1,872.800440683
20191,1129002764,3,2,1,0,0,0,1,0,2,0,0,0,1,0,1,0,0,0,0,0,1,1594.81248207
20191,1129002766,22,5,17,1,1,1,10,4,5,1,0,0,2,1,1,0,1,1,8,3,4,1371.74301888
20191,1129002767,5,3,2,0,1,0,3,1,0,0,0,0,2,1,0,0,1,0,1,0,0,6720.94929957
20191,1129002769,8,3,5,0,0,2,1,4,1,0,0,1,1,1,0,0,0,1,0,3,1,4211.63936207
20191,1129002770,10,6,4,0,0,0,3,5,2,0,0,0,3,2,1,0,0,0,0,3,1,2539.73833994
20191,1129002773,42,35,7,0,0,2,7,16,17,0,0,1,3,14,17,0,0,1,4,2,0,2500.34206656
20191,1129002774,28,17,11,0,5,9,8,3,3,0,3,6,4,2,2,0,2,3,4,1,1,3943.36895136
20191,1129002775,6,6,0,0,3,2,0,1,0,0,3,2,0,1,0,0,0,0,0,0,0,3814.52448146
20191,1129002776,2,2,0,0,0,0,1,1,0,0,0,0,1,1,0,0,0,0,0,0,0,1532.19359293
20191,1129002778,37,30,7,0,0,7,9,14,7,0,0,5,7,12,6,0,0,2,2,2,1,12590.4931161
20191,1129002781,4,2,2,0,0,0,2,2,0,0,0,0,1,1,0,0,0,0,1,1,0,2261.09676806
20191,1129002782,10,7,3,0,0,1,4,4,1,0,0,1,3,2,1,0,0,0,1,2,0,4365.2826753
20191,1129002784,147,144,3,0,4,2,22,47,72,0,2,2,22,46,72,0,2,0,0,1,0,3693.64751755
20191,1129002785,13,6,7,0,0,2,1,6,4,0,0,1,1,2,2,0,0,1,0,4,2,3498.06829637
20191,1129002786,1,0,1,0,0,0,1,0,0,0,0,0,0,0,0,0,0,0,1,0,0,655.826889159
20191,1129002787,7,4,3,0,1,0,0,4,2,0,1,0,0,1,2,0,0,0,0,3,0,2345.73109473
20191,1129002792,155,151,4,0,0,2,21,65,67,0,0,1,19,65,66,0,0,1,2,0,1,6214.95408465
20191,1129002793,46,20,26,0,22,5,11,7,1,0,12,0,5,2,1,0,10,5,6,5,0,6260.91425155
20191,1129002796,7,5,2,0,0,0,3,2,2,0,0,0,2,2,1,0,0,0,1,0,1,2930.33158532
20191,1129002800,158,50,108,0,23,23,44,53,15,0,7,12,21,8,2,0,16,11,23,45,13,12145.2760122
20191,1129002802,2,2,0,0,0,0,1,1,0,0,0,0,1,1,0,0,0,0,0,0,0,1841.64595842
20191,1129002804,16,10,6,0,3,5,8,0,0,0,2,1,7,0,0,0,1,4,1,0,0,585.565008564
20191,1129002805,5,4,1,0,1,1,0,2,1,0,1,1,0,2,0,0,0,0,0,0,1,2487.99968821
20191,1129002809,8,0,8,0,1,1,3,3,0,0,0,0,0,0,0,0,1,1,3,3,0,1238.99656727
20191,1129002812,2,1,1,0,0,0,0,1,1,0,0,0,0,0,1,0,0,0,0,1,0,3585.64278781
20191,1129002819,22,6,16,0,10,3,7,1,1,0,2,1,2,1,0,0,8,2,5,0,1,4943.48173046
20191,1129002823,5,5,0,0,1,0,1,3,0,0,1,0,1,3,0,0,0,0,0,0,0,1760.40886155
20191,1129002827,2,2,0,0,0,0,1,1,0,0,0,0,1,1,0,0,0,0,0,0,0,1054.87333276
20191,1129002831,6,4,2,0,0,2,3,1,0,0,0,2,2,0,0,0,0,0,1,1,0,5736.1495887
20191,1129002832,22,3,19,0,0,2,5,7,8,0,0,1,1,1,0,0,0,1,4,6,8,4964.84332294
20191,1129002833,5,4,1,0,0,1,0,3,1,0,0,0,0,3,1,0,0,1,0,0,0,3036.73197079
20191,1129002837,2,1,1,0,1,0,0,1,0,0,0,0,0,1,0,0,1,0,0,0,0,5796.65856921
20191,1129002841,3,1,2,0,1,0,2,0,0,0,0,0,1,0,0,0,1,0,1,0,0,1404.18660677
20191,1129002842,85,57,28,0,1,6,5,20,53,0,0,6,2,15,34,0,1,0,3,5,19,6284.94124142
20191,1129002843,5,3,2,0,0,0,3,2,0,0,0,0,2,1,0,0,0,0,1,1,0,993.180832027
20191,1129002848,6,3,3,0,0,0,3,2,1,0,0,0,1,1,1,0,0,0,2,1,0,4861.68109726
20191,1129002851,35,10,25,0,4,2,2,18,9,0,2,0,0,5,3,0,2,2,2,13,6,8720.90612591
20191,1129002852,10,5,5,0,0,1,4,2,3,0,0,1,2,0,2,0,0,0,2,2,1,1698.31759891
20191,1129002853,4,3,1,0,0,0,2,2,0,0,0,0,1,2,0,0,0,0,1,0,0,5516.51261701
20191,1129002854,20,14,6,0,0,2,5,8,5,0,0,2,3,5,4,0,0,0,2,3,1,2710.35363206
20191,1129002857,16,8,8,0,1,2,5,4,4,0,0,0,3,2,3,0,1,2,2,2,1,10903.1181797
20191,1129002860,2,1,1,0,1,0,0,1,0,0,1,0,0,0,0,0,0,0,0,1,0,3156.05329042
20191,1129002863,4,3,1,0,2,0,1,1,0,0,2,0,0,1,0,0,0,0,1,0,0,876.588921647
20191,1129002864,20,0,20,0,9,4,4,3,0,0,0,0,0,0,0,0,9,4,4,3,0,5241.47265617
20191,1129002866,5,1,4,0,0,1,1,2,1,0,0,0,0,1,0,0,0,1,1,1,1,2165.74318276
20191,1129002868,3,3,0,0,0,0,2,1,0,0,0,0,2,1,0,0,0,0,0,0,0,4778.24848515
20191,1129002869,13,7,6,0,1,2,3,2,5,0,0,2,2,0,3,0,1,0,1,2,2,4862.19712695
20191,1129002872,6,5,1,0,0,0,2,4,0,0,0,0,2,3,0,0,0,0,0,1,0,3699.66911441
20191,1129002873,42,21,21,1,10,8,6,9,8,0,4,7,4,2,4,1,6,1,2,7,4,8391.98540655
20191,1129002874,8,3,5,0,0,2,2,3,1,0,0,1,0,1,1,0,0,1,2,2,0,6905.18980593
20191,1129002881,66,29,37,0,4,18,18,19,7,0,1,3,5,14,6,0,3,15,13,5,1,15723.1571227
20191,1129002886,71,26,45,0,3,27,16,23,2,0,0,13,3,8,2,0,3,14,13,15,0,12937.086627
20191,1129002888,24,8,16,0,4,8,4,7,1,0,0,3,1,4,0,0,4,5,3,3,1,8248.42144017
20191,1129002906,2,0,2,0,0,0,2,0,0,0,0,0,0,0,0,0,0,0,2,0,0,2691.15023051
20191,1129002908,9,6,3,0,0,2,1,0,6,0,0,1,1,0,4,0,0,1,0,0,2,4529.90456827
20191,1129002909,10,8,2,0,3,5,2,0,0,0,3,3,2,0,0,0,0,2,0,0,0,7045.97915432
20191,1129002926,15,11,4,1,2,7,1,4,0,1,1,5,1,3,0,0,1,2,0,1,0,7425.65671766
20191,1129002930,8,6,2,0,0,0,5,2,1,0,0,0,5,0,1,0,0,0,0,2,0,2917.91822692
20191,1129002931,51,20,31,1,5,18,15,11,1,0,0,10,5,4,1,1,5,8,10,7,0,5917.60132611
20191,1129002936,69,60,9,0,3,10,12,28,16,0,3,9,8,25,15,0,0,1,4,3,1,4209.43661227
20191,1129002937,22,14,8,3,3,4,2,8,2,3,3,3,2,3,0,0,0,1,0,5,2,3205.47302214
20191,1129002941,72,9,63,0,6,21,26,14,5,0,0,2,2,2,3,0,6,19,24,12,2,9462.01415392
20191,1129002944,10,5,5,0,0,2,2,3,3,0,0,0,1,1,3,0,0,2,1,2,0,2238.99396323
20191,1129002948,17,5,12,0,2,4,6,3,2,0,0,1,2,0,2,0,2,3,4,3,0,2873.86745986
20191,1129002949,7,7,0,0,0,0,0,1,6,0,0,0,0,1,6,0,0,0,0,0,0,3938.87154449
20191,1129002951,128,61,67,1,23,25,42,22,15,0,7,8,19,17,10,1,16,17,23,5,5,5828.0541768
20191,1129002958,5,3,2,0,0,1,0,4,0,0,0,1,0,2,0,0,0,0,0,2,0,3378.06793154
20191,1129002964,9,5,4,0,0,0,4,2,3,0,0,0,1,2,2,0,0,0,3,0,1,4238.02134147
20191,1129002970,8,6,2,0,0,0,2,3,3,0,0,0,1,2,3,0,0,0,1,1,0,6666.87801845
20191,1129002972,5,2,3,0,0,1,2,0,2,0,0,0,1,0,1,0,0,1,1,0,1,2621.12324854
20191,1129002974,27,16,11,0,1,0,10,10,6,0,0,0,5,6,5,0,1,0,5,4,1,3755.62725514
20191,1129002975,23,8,15,0,2,3,13,4,1,0,1,0,4,2,1,0,1,3,9,2,0,5364.05410242
20191,1129002979,23,14,9,0,0,3,8,8,4,0,0,0,6,6,2,0,0,3,2,2,2,5303.31950498
20191,1129002983,4,1,3,0,0,2,2,0,0,0,0,1,0,0,0,0,0,1,2,0,0,3203.53912984
20191,1129002984,2,0,2,0,0,0,0,1,1,0,0,0,0,0,0,0,0,0,0,1,1,3134.11754277
20191,1129002986,15,13,2,0,0,1,9,3,2,0,0,1,8,3,1,0,0,0,1,0,1,1964.76823561
20191,1129002987,2,0,2,0,1,0,0,1,0,0,0,0,0,0,0,0,1,0,0,1,0,462.150434945
20191,1129002989,2,1,1,0,0,0,0,2,0,0,0,0,0,1,0,0,0,0,0,1,0,1612.91692112
20191,1129002991,3,3,0,0,0,0,0,3,0,0,0,0,0,3,0,0,0,0,0,0,0,2967.67919074
20191,1129002992,6,4,2,0,1,1,3,1,0,0,1,0,3,0,0,0,0,1,0,1,0,3620.09909732
20191,1129002993,2,1,1,0,0,1,1,0,0,0,0,0,1,0,0,0,0,1,0,0,0,3337.90730027
20191,1129002994,2,1,1,0,0,0,1,0,1,0,0,0,1,0,0,0,0,0,0,0,1,1316.18514351
20191,1129002997,71,42,29,0,11,10,20,11,19,0,4,6,8,7,17,0,7,4,12,4,2,7557.38864261
20191,1129003000,13,9,4,0,1,3,3,5,1,0,0,2,2,4,1,0,1,1,1,1,0,1368.51111064
20191,1129003001,2,2,0,0,0,0,0,2,0,0,0,0,0,2,0,0,0,0,0,0,0,1209.95623379
20191,1129003003,16,13,3,0,0,4,3,4,5,0,0,3,2,3,5,0,0,1,1,1,0,3268.94808284
20191,1129003004,8,5,3,0,4,2,2,0,0,0,3,1,1,0,0,0,1,1,1,0,0,3460.20011502
20191,1129003005,3,3,0,0,0,0,1,2,0,0,0,0,1,2,0,0,0,0,0,0,0,1185.98989373
20191,1129003007,7,5,2,0,2,1,4,0,0,0,2,0,3,0,0,0,0,1,1,0,0,1227.43630987
20191,1129003009,7,7,0,0,1,1,3,1,1,0,1,1,3,1,1,0,0,0,0,0,0,1450.63182255
20191,1129003010,2,2,0,0,0,1,1,0,0,0,0,1,1,0,0,0,0,0,0,0,0,1904.01824789
20191,1129003011,18,2,16,0,1,3,6,6,2,0,0,0,0,1,1,0,1,3,6,5,1,3668.58276496
20191,1129003012,18,7,11,0,0,5,6,5,2,0,0,3,2,2,0,0,0,2,4,3,2,3522.87732936
20191,1129003015,91,19,72,0,17,14,11,27,22,0,4,8,1,3,3,0,13,6,10,24,19,9087.93614223
20191,1129003016,4,3,1,0,0,2,2,0,0,0,0,2,1,0,0,0,0,0,1,0,0,1687.53487853
20191,1129003017,11,8,3,0,1,2,2,3,3,0,0,0,2,3,3,0,1,2,0,0,0,1183.50498078
20191,1129003018,3,2,1,0,0,2,0,0,1,0,0,1,0,0,1,0,0,1,0,0,0,2062.31053703
20191,1129003019,31,16,15,0,1,6,13,7,4,0,1,3,6,3,3,0,0,3,7,4,1,4045.47881746
20191,1129003020,6,4,2,0,0,2,3,1,0,0,0,2,2,0,0,0,0,0,1,1,0,1942.32683499
20191,1129003021,27,21,6,0,1,9,9,8,0,0,0,8,6,7,0,0,1,1,3,1,0,7390.75723922
20191,1129003023,5,2,3,0,1,0,2,2,0,0,1,0,0,1,0,0,0,0,2,1,0,3072.99109044
20191,1129003024,44,3,41,0,5,11,18,7,3,0,0,0,1,2,0,0,5,11,17,5,3,1064.76968431
20191,1129003026,5,2,3,0,0,1,0,3,1,0,0,1,0,1,0,0,0,0,0,2,1,942.183987876
20191,1129003027,37,14,23,0,6,4,13,6,8,0,0,1,4,4,5,0,6,3,9,2,3,8796.2157041
20191,1129003029,9,3,6,0,1,1,2,4,1,0,1,0,0,2,0,0,0,1,2,2,1,3091.80190136
20191,1129003031,17,13,4,0,2,6,2,4,3,0,2,4,2,2,3,0,0,2,0,2,0,4686.18974984
20191,1129003034,3,2,1,0,0,0,2,0,1,0,0,0,1,0,1,0,0,0,1,0,0,2252.69009991
20191,1129003035,10,5,5,0,0,3,4,2,1,0,0,1,1,2,1,0,0,2,3,0,0,3717.01820287
20191,1129003037,20,4,16,0,5,7,6,1,1,0,1,2,0,0,1,0,4,5,6,1,0,3592.73380512
20191,1129003039,2,1,1,0,0,0,0,1,1,0,0,0,0,0,1,0,0,0,0,1,0,2204.41114734
20191,1129003040,10,4,6,0,0,5,2,3,0,0,0,2,0,2,0,0,0,3,2,1,0,1806.45537376
20191,1129003041,11,8,3,0,0,1,6,2,2,0,0,1,4,1,2,0,0,0,2,1,0,1171.40095398
20191,1129003042,42,23,19,1,5,7,13,12,4,0,3,5,3,9,3,1,2,2,10,3,1,3380.26247304
20191,1129003044,32,7,25,0,9,8,5,6,4,0,1,1,1,2,2,0,8,7,4,4,2,4444.42123654
20191,1129003047,9,3,6,0,3,2,4,0,0,0,1,0,2,0,0,0,2,2,2,0,0,3738.97778717
20191,1129003051,3,2,1,0,0,1,1,1,0,0,0,1,1,0,0,0,0,0,0,1,0,4015.21576688
20191,1129003053,53,19,34,0,7,7,15,16,8,0,3,5,6,2,3,0,4,2,9,14,5,4899.77519327
20191,1129003056,36,8,28,0,10,8,11,6,1,0,0,1,3,3,1,0,10,7,8,3,0,9543.35996833
20191,1129003057,49,17,32,0,7,5,13,14,10,0,1,1,2,6,7,0,6,4,11,8,3,3459.89958581
20191,1129003064,2,0,2,0,1,0,0,1,0,0,0,0,0,0,0,0,1,0,0,1,0,2848.85801907
20191,1129003065,10,1,9,0,3,1,3,3,0,0,0,0,0,1,0,0,3,1,3,2,0,3031.1257573
20191,1129003067,15,6,9,0,2,5,3,5,0,0,0,1,2,3,0,0,2,4,1,2,0,1960.73629351
20191,1129003069,2,1,1,0,0,1,1,0,0,0,0,1,0,0,0,0,0,0,1,0,0,902.17531959
20191,1129003072,42,21,21,0,4,8,13,13,4,0,0,4,5,9,3,0,4,4,8,4,1,4084.44073694
20191,1129003076,4,2,2,0,0,0,2,0,2,0,0,0,0,0,2,0,0,0,2,0,0,3919.40052077
20191,1129003082,18,10,8,0,3,4,10,1,0,0,2,1,7,0,0,0,1,3,3,1,0,3769.48490505
20191,1129003083,4,3,1,0,1,1,1,0,1,0,0,1,1,0,1,0,1,0,0,0,0,2225.17130518
20191,1129003084,11,5,6,0,2,0,2,4,3,0,1,0,0,3,1,0,1,0,2,1,2,2870.69154667
20191,1129003087,3,2,1,0,0,1,1,1,0,0,0,1,0,1,0,0,0,0,1,0,0,2406.00640963
20191,1129003088,5,4,1,0,0,1,4,0,0,0,0,1,3,0,0,0,0,0,1,0,0,2324.96905005
20191,1129003090,86,47,39,0,10,37,10,22,7,0,2,16,6,17,6,0,8,21,4,5,1,349.250758519
20191,1129003093,7,3,4,0,1,5,1,0,0,0,0,2,1,0,0,0,1,3,0,0,0,3041.20758308
20191,1129003094,2,1,1,0,0,0,2,0,0,0,0,0,1,0,0,0,0,0,1,0,0,8172.03536645
20191,1129003104,2,2,0,0,0,0,2,0,0,0,0,0,2,0,0,0,0,0,0,0,0,2376.50422177
20191,1129003109,167,33,134,1,40,50,38,27,11,0,9,12,8,1,3,1,31,38,30,26,8,18992.0131998
20191,1129003110,7,0,7,0,1,4,2,0,0,0,0,0,0,0,0,0,1,4,2,0,0,4058.51592547
20191,1129003111,8,4,4,0,6,2,0,0,0,0,2,2,0,0,0,0,4,0,0,0,0,4060.99282654
20191,1129003114,3,2,1,0,0,0,1,2,0,0,0,0,1,1,0,0,0,0,0,1,0,4542.76132568
20191,1129003116,2,1,1,0,0,0,0,2,0,0,0,0,0,1,0,0,0,0,0,1,0,3291.37068655
20191,1129003118,1,1,0,0,0,0,0,1,0,0,0,0,0,1,0,0,0,0,0,0,0,8901.25138938
20191,1129003120,18,15,3,0,0,7,5,1,5,0,0,7,4,0,4,0,0,0,1,1,1,2976.72600347
20191,1129003121,17,9,8,1,0,4,5,3,4,0,0,1,4,2,2,1,0,3,1,1,2,7438.25700464
20191,1129003125,7,1,6,0,0,4,2,1,0,0,0,0,0,1,0,0,0,4,2,0,0,5169.3284864
20191,1129003126,9,6,3,0,0,4,3,1,1,0,0,4,0,1,1,0,0,0,3,0,0,10382.2676633
20191,1129003135,2,2,0,0,0,1,0,1,0,0,0,1,0,1,0,0,0,0,0,0,0,1337.2289111
20191,1129003137,14,10,4,1,0,2,1,4,6,0,0,1,1,3,5,1,0,1,0,1,1,2375.57371179
20191,1129003138,12,5,7,0,3,2,3,1,3,0,1,1,1,0,2,0,2,1,2,1,1,3398.92620896
20191,1129003141,11,3,8,0,0,5,3,3,0,0,0,2,0,1,0,0,0,3,3,2,0,3014.64478081
20191,1129003143,8,5,3,0,1,2,2,2,1,0,0,2,2,0,1,0,1,0,0,2,0,4434.95553248
20191,1129003144,6,3,3,0,1,0,1,1,3,0,0,0,0,0,3,0,1,0,1,1,0,2399.77844006
20191,1129003145,69,35,34,0,14,23,16,9,7,0,12,11,4,5,3,0,2,12,12,4,4,18146.0066388
20191,1129003147,2,1,1,0,0,0,0,2,0,0,0,0,0,1,0,0,0,0,0,1,0,1152.09025449
20191,1129003150,2,1,1,0,0,0,1,0,1,0,0,0,1,0,0,0,0,0,0,0,1,1378.65555093
20191,1129003156,12,3,9,0,5,1,4,2,0,0,3,0,0,0,0,0,2,1,4,2,0,3356.40974019
20191,1129003157,7,3,4,0,0,0,3,3,1,0,0,0,0,2,1,0,0,0,3,1,0,3429.66826314
20191,1129003162,9,8,1,0,0,1,2,4,2,0,0,1,2,3,2,0,0,0,0,1,0,4506.45775218
20191,1129003166,1,1,0,0,0,0,0,1,0,0,0,0,0,1,0,0,0,0,0,0,0,1747.5660384
20191,1129003168,3,3,0,0,3,0,0,0,0,0,3,0,0,0,0,0,0,0,0,0,0,3334.32217404
20191,1129003174,30,10,20,0,3,6,13,7,1,0,1,1,4,4,0,0,2,5,9,3,1,4851.09342493
20191,1129003176,8,4,4,0,1,1,3,1,2,0,1,0,2,0,1,0,0,1,1,1,1,181549.710325
20191,1129003177,3,1,2,0,0,0,0,3,0,0,0,0,0,1,0,0,0,0,0,2,0,1635.47847547
20191,1129003179,29,6,23,0,3,1,6,8,11,0,1,0,1,3,1,0,2,1,5,5,10,3261.56125899
20191,1129003182,9,5,4,0,3,1,0,2,3,0,3,0,0,1,1,0,0,1,0,1,2,1980.18975681
20191,1129003185,4,3,1,0,0,1,2,0,1,0,0,1,1,0,1,0,0,0,1,0,0,621.074301348
20191,1129003186,4,3,1,0,0,0,0,2,2,0,0,0,0,2,1,0,0,0,0,0,1,1633.41456067
20191,1129003189,48,12,36,0,6,12,16,10,4,0,1,2,4,1,4,0,5,10,12,9,0,12230.9123414
20191,1129003190,34,13,21,0,1,12,8,7,6,0,0,2,4,3,4,0,1,10,4,4,2,3942.95807901
20191,1129003191,4,2,2,0,0,1,3,0,0,0,0,1,1,0,0,0,0,0,2,0,0,4133.59949242
20191,1129003193,70,40,30,4,15,13,10,19,9,3,4,6,6,13,8,1,11,7,4,6,1,1670.69693616
20191,1129003195,3,1,2,0,0,0,0,2,1,0,0,0,0,0,1,0,0,0,0,2,0,1253.32352978
20191,1129003196,119,18,101,0,14,44,37,20,4,0,0,8,1,5,4,0,14,36,36,15,0,24379.2435096
20191,1129003197,12,4,8,0,2,2,4,3,1,0,1,2,1,0,0,0,1,0,3,3,1,2403.76775529
20191,1129003198,1,0,1,0,0,0,1,0,0,0,0,0,0,0,0,0,0,0,1,0,0,769.525965648
20191,1129003200,16,10,6,0,0,5,9,2,0,0,0,4,4,2,0,0,0,1,5,0,0,4424.47588641
20191,1129003202,11,3,8,0,0,0,2,4,5,0,0,0,1,1,1,0,0,0,1,3,4,7898.64081648
20191,1129003203,2,1,1,0,0,0,1,1,0,0,0,0,1,0,0,0,0,0,0,1,0,1563.72163185
20191,1129003205,10,6,4,0,1,3,0,2,4,0,1,1,0,1,3,0,0,2,0,1,1,1771.36682709
20191,1129003208,2,2,0,0,0,0,1,1,0,0,0,0,1,1,0,0,0,0,0,0,0,1465.64428187
20191,1129003209,9,6,3,0,1,0,2,6,0,0,0,0,1,5,0,0,1,0,1,1,0,1361.52460671
20191,1129003212,11,4,7,0,3,0,4,1,3,0,0,0,2,0,2,0,3,0,2,1,1,9885.7222336
20191,1129003214,9,3,6,0,1,3,2,2,1,0,0,2,0,0,1,0,1,1,2,2,0,4002.54804184
20191,1129003222,27,9,18,0,2,5,13,3,4,0,0,2,3,3,1,0,2,3,10,0,3,3405.47119231
20191,1129003224,2,1,1,0,0,0,2,0,0,0,0,0,1,0,0,0,0,0,1,0,0,3745.45580317
20191,1129003226,30,14,16,0,6,4,7,11,2,0,2,2,1,7,2,0,4,2,6,4,0,4535.9669593
20191,1129003227,88,44,44,2,20,20,18,15,13,0,12,9,10,5,8,2,8,11,8,10,5,8808.63119494
20191,1129003231,2,1,1,0,0,0,0,1,1,0,0,0,0,0,1,0,0,0,0,1,0,704.870783435
20191,1129003235,2,1,1,0,1,0,1,0,0,0,0,0,1,0,0,0,1,0,0,0,0,1787.27660685
20191,1129003237,1,0,1,0,0,1,0,0,0,0,0,0,0,0,0,0,0,1,0,0,0,1823.93850784
20191,1129003238,36,33,3,0,1,4,11,14,6,0,1,4,10,13,5,0,0,0,1,1,1,5052.16293342
20191,1129003239,52,24,28,0,10,11,13,13,5,0,4,10,5,2,3,0,6,1,8,11,2,23681.685196
20191,1129003241,3,2,1,0,0,0,1,1,1,0,0,0,1,1,0,0,0,0,0,0,1,3204.61083225
20191,1129003243,20,13,7,0,3,4,7,3,3,0,1,2,6,2,2,0,2,2,1,1,1,102813.819526
20191,1129003245,8,5,3,0,0,2,3,3,0,0,0,2,2,1,0,0,0,0,1,2,0,2856.74893881
20191,1129003247,1,1,0,0,0,0,0,1,0,0,0,0,0,1,0,0,0,0,0,0,0,5977.02263186
20191,1129003249,19,14,5,0,5,2,4,4,4,0,3,1,3,4,3,0,2,1,1,0,1,1993.59907756
20191,1129003251,194,87,107,1,28,31,56,58,20,0,14,14,26,23,10,1,14,17,30,35,10,16240.7449186
20191,1129003253,1,1,0,0,0,0,0,0,1,0,0,0,0,0,1,0,0,0,0,0,0,2129.75096584
20191,1129003256,3,0,3,0,1,0,1,1,0,0,0,0,0,0,0,0,1,0,1,1,0,3204.65340618
20191,1129003257,26,11,15,0,4,4,5,12,1,0,1,3,2,4,1,0,3,1,3,8,0,2240.4640837
20191,1129003263,5,3,2,0,0,0,2,3,0,0,0,0,0,3,0,0,0,0,2,0,0,9576.02661646
20191,1129003264,7,7,0,0,0,0,5,2,0,0,0,0,5,2,0,0,0,0,0,0,0,1866.95626467
20191,1129003265,5,2,3,0,1,3,0,1,0,0,0,2,0,0,0,0,1,1,0,1,0,2505.1367579
20191,1129003266,6,4,2,0,0,4,2,0,0,0,0,3,1,0,0,0,0,1,1,0,0,15326.443464
20191,1129003267,3,1,2,0,0,0,0,1,2,0,0,0,0,1,0,0,0,0,0,0,2,5181.80761006
20191,1129003268,7,1,6,0,0,0,3,4,0,0,0,0,0,1,0,0,0,0,3,3,0,1968.88106601
20191,1129003270,25,6,19,0,0,2,4,5,14,0,0,0,3,1,2,0,0,2,1,4,12,2578.54614399
20191,1129003273,3,1,2,0,0,0,1,1,1,0,0,0,1,0,0,0,0,0,0,1,1,8733.2417376
20191,1129003275,8,4,4,0,0,3,2,3,0,0,0,2,1,1,0,0,0,1,1,2,0,2022.05243331
20191,1129003276,4,2,2,0,0,2,1,1,0,0,0,1,1,0,0,0,0,1,0,1,0,2821.19217976
20191,1129003277,149,145,4,0,0,6,25,62,56,0,0,6,22,62,55,0,0,0,3,0,1,1796.42265556
20191,1129003280,27,2,25,0,0,3,2,7,15,0,0,0,0,2,0,0,0,3,2,5,15,16829.6949928
20191,1129003286,5,3,2,0,1,0,0,1,3,0,0,0,0,0,3,0,1,0,0,1,0,2803.45377912
20191,1129003288,53,39,14,0,15,19,10,6,3,0,8,14,10,4,3,0,7,5,0,2,0,2275.68559381
20191,1129003291,63,15,48,0,11,20,11,18,3,0,2,3,3,4,3,0,9,17,8,14,0,9791.84305715
20191,1129003293,2,2,0,0,0,0,0,1,1,0,0,0,0,1,1,0,0,0,0,0,0,1898.49156636
20191,1129003295,26,9,17,0,1,8,6,9,2,0,1,2,1,4,1,0,0,6,5,5,1,150658.194233
20191,1129003297,5,1,4,0,1,1,2,1,0,0,0,0,1,0,0,0,1,1,1,1,0,9142.43887075
20191,1129003298,51,21,30,0,15,6,12,14,4,0,7,4,3,5,2,0,8,2,9,9,2,153132.017996
20191,1129003300,2,2,0,0,0,2,0,0,0,0,0,2,0,0,0,0,0,0,0,0,0,5059.08067044
20191,1129003301,2,1,1,0,0,0,2,0,0,0,0,0,1,0,0,0,0,0,1,0,0,1986.76351246
20191,1129003302,12,8,4,0,1,3,2,1,5,0,0,1,2,1,4,0,1,2,0,0,1,5441.50535807
20191,1129003306,2,1,1,0,0,0,1,0,1,0,0,0,0,0,1,0,0,0,1,0,0,1713.6508946
20191,1129003307,339,324,15,0,0,21,122,149,47,0,0,21,120,140,43,0,0,0,2,9,4,19495.1816125
20191,1129003308,4,3,1,0,0,1,1,1,1,0,0,1,1,0,1,0,0,0,0,1,0,10581.0911798
20191,1129003310,177,88,89,0,7,57,63,45,5,0,2,16,34,31,5,0,5,41,29,14,0,2770.65655474
20191,1129003313,3,3,0,0,0,0,0,0,3,0,0,0,0,0,3,0,0,0,0,0,0,3708.91559748
20191,1129003315,18,9,9,0,0,8,4,3,3,0,0,3,2,2,2,0,0,5,2,1,1,2017.5094654
20191,1129003316,3,3,0,0,0,1,0,2,0,0,0,1,0,2,0,0,0,0,0,0,0,7841.78248881
20191,1129003317,2,1,1,0,1,1,0,0,0,0,0,1,0,0,0,0,1,0,0,0,0,7179.53800798
20191,1129003318,17,7,10,0,2,0,8,5,2,0,0,0,5,1,1,0,2,0,3,4,1,3548.22422424
20191,1129003319,6,3,3,0,2,1,2,1,0,0,2,0,1,0,0,0,0,1,1,1,0,2910.9831793
20191,1129003323,4,2,2,0,1,1,0,2,0,0,0,1,0,1,0,0,1,0,0,1,0,2980.48423676
20191,1129003324,2,1,1,0,0,1,0,1,0,0,0,1,0,0,0,0,0,0,0,1,0,1769.06303048
20191,1129003326,2,1,1,0,0,0,2,0,0,0,0,0,1,0,0,0,0,0,1,0,0,1862.62062166
20191,1129003327,19,9,10,0,6,4,2,2,5,0,2,2,1,2,2,0,4,2,1,0,3,5166.20165654
20191,1129003328,9,7,2,0,3,1,3,1,1,0,2,1,2,1,1,0,1,0,1,0,0,3729.29810905
20191,1129003329,9,4,5,0,0,2,2,4,1,0,0,1,0,2,1,0,0,1,2,2,0,1848.52853895
20191,1129003330,6,6,0,0,0,0,3,2,1,0,0,0,3,2,1,0,0,0,0,0,0,4222.99481678
20191,1129003331,5,3,2,0,1,1,1,0,2,0,1,1,0,0,1,0,0,0,1,0,1,7748.36793471
20191,1129003332,17,2,15,0,5,2,6,1,3,0,0,0,1,0,1,0,5,2,5,1,2,215719.067956
20191,1129003334,7,3,4,0,0,2,1,4,0,0,0,0,0,3,0,0,0,2,1,1,0,1438.05642423
20191,1129003335,10,4,6,0,1,2,1,5,1,0,0,1,0,3,0,0,1,1,1,2,1,2418.6848547
20191,1129003337,36,31,5,0,3,5,14,10,4,0,2,5,11,9,4,0,1,0,3,1,0,3219.40249427
20191,1129003342,3,1,2,0,0,0,3,0,0,0,0,0,1,0,0,0,0,0,2,0,0,2311.70677967
20191,1129003344,9,6,3,0,0,1,1,6,1,0,0,1,0,4,1,0,0,0,1,2,0,5244.6227638
20191,1129003345,18,9,9,0,2,2,5,7,2,0,1,1,2,4,1,0,1,1,3,3,1,28853.8807185
20191,1129003350,10,3,7,0,0,1,4,2,3,0,0,0,2,0,1,0,0,1,2,2,2,10586.870596
20191,1129003351,5,5,0,0,1,0,2,2,0,0,1,0,2,2,0,0,0,0,0,0,0,259644.458258
20191,1129003352,6,4,2,0,0,1,0,4,1,0,0,0,0,3,1,0,0,1,0,1,0,10402.7719582
20191,1129003354,15,0,15,0,6,3,3,2,1,0,0,0,0,0,0,0,6,3,3,2,1,2251.90633398
20191,1129003355,2,0,2,0,0,0,0,2,0,0,0,0,0,0,0,0,0,0,0,2,0,1348.95514961
20191,1129003356,7,4,3,0,0,2,1,4,0,0,0,2,0,2,0,0,0,0,1,2,0,5198.86265333
20191,1129003359,2,2,0,0,0,0,2,0,0,0,0,0,2,0,0,0,0,0,0,0,0,1821.31091352
20191,1129003360,3,2,1,0,0,2,0,0,1,0,0,2,0,0,0,0,0,0,0,0,1,1327.61690587
20191,1129003361,10,6,4,0,0,1,6,3,0,0,0,1,2,3,0,0,0,0,4,0,0,3418.64334412
20191,1129003364,27,7,20,0,8,6,3,7,3,0,2,2,1,1,1,0,6,4,2,6,2,11256.0176298
20191,1129003367,9,3,6,0,3,0,4,2,0,0,1,0,1,1,0,0,2,0,3,1,0,8646.12487479
20191,1129003369,1,0,1,0,0,0,1,0,0,0,0,0,0,0,0,0,0,0,1,0,0,1999.09378506
20191,1129003374,9,6,3,0,1,5,0,2,1,0,1,3,0,1,1,0,0,2,0,1,0,2200.62430712
20191,1129003376,6,1,5,0,1,2,3,0,0,0,0,0,1,0,0,0,1,2,2,0,0,4401.53135148
20191,1129003377,1,1,0,0,0,0,1,0,0,0,0,0,1,0,0,0,0,0,0,0,0,1982.52729565
20191,1129003380,10,7,3,0,1,2,4,1,2,0,1,1,3,1,1,0,0,1,1,0,1,1657.20245129
20191,1129003381,8,3,5,0,1,1,1,2,3,0,0,1,1,1,0,0,1,0,0,1,3,2974.28025986
20191,1129003386,2,0,2,0,2,0,0,0,0,0,0,0,0,0,0,0,2,0,0,0,0,9178.45469356
20191,1129003387,5,3,2,0,2,0,1,1,1,0,1,0,1,1,0,0,1,0,0,0,1,14015.5105883
20191,1129003389,42,5,37,0,9,6,18,7,2,0,1,2,1,0,1,0,8,4,17,7,1,4351.27532063
20191,1129003395,4,2,2,0,2,0,1,1,0,0,2,0,0,0,0,0,0,0,1,1,0,871.294582886
20191,1129003398,20,18,2,1,1,3,6,5,4,1,1,3,4,5,4,0,0,0,2,0,0,5080.71253135
20191,1129003399,3,0,3,0,0,0,0,3,0,0,0,0,0,0,0,0,0,0,0,3,0,3711.03540675
20191,1129003400,14,13,1,0,1,2,3,2,6,0,1,2,2,2,6,0,0,0,1,0,0,7615.84448084
20191,1129003401,3,2,1,0,0,0,3,0,0,0,0,0,2,0,0,0,0,0,1,0,0,3658.00877033
20191,1129003402,1,0,1,0,0,0,0,1,0,0,0,0,0,0,0,0,0,0,0,1,0,12604.4376944
20191,1129003403,67,15,52,0,10,21,18,14,4,0,0,8,1,2,4,0,10,13,17,12,0,18062.061525
20191,1129003404,6,3,3,0,0,0,1,2,3,0,0,0,0,2,1,0,0,0,1,0,2,5851.29808174
20191,1129003405,3,2,1,0,0,0,0,2,1,0,0,0,0,1,1,0,0,0,0,1,0,4626.82329492
20191,1129003406,22,7,15,0,5,6,2,6,3,0,1,2,0,1,3,0,4,4,2,5,0,19391.5790856
20191,1129003407,6,3,3,0,1,2,2,1,0,0,0,1,1,1,0,0,1,1,1,0,0,5369.19492692
20191,1129003413,1583,938,645,0,296,322,456,353,156,0,103,162,270,264,139,0,193,160,186,89,17,176517.546399
20191,1129003414,27,12,15,0,1,1,13,11,1,0,1,1,6,4,0,0,0,0,7,7,1,15620.7885004
20191,1129003416,5,4,1,0,0,0,0,1,4,0,0,0,0,0,4,0,0,0,0,1,0,43289.3628752
20191,1129003419,4,4,0,0,0,1,0,2,1,0,0,1,0,2,1,0,0,0,0,0,0,2984.19887619
20191,1129003424,5,1,4,0,0,0,2,1,2,0,0,0,1,0,0,0,0,0,1,1,2,3997.66838541
20191,1129003428,29,26,3,0,1,3,3,14,8,0,1,3,3,11,8,0,0,0,0,3,0,389432.284407
20191,1129003430,2,2,0,0,0,0,2,0,0,0,0,0,2,0,0,0,0,0,0,0,0,11398.3199726
20191,1129003432,13,5,8,0,0,1,2,8,2,0,0,0,1,4,0,0,0,1,1,4,2,5568.62418889
20191,1129003441,2,0,2,0,1,0,1,0,0,0,0,0,0,0,0,0,1,0,1,0,0,6244.95000132
20191,1129003443,1,1,0,0,0,0,0,0,1,0,0,0,0,0,1,0,0,0,0,0,0,56975.8105293
20191,1129003444,8,2,6,0,1,0,2,2,3,0,1,0,0,0,1,0,0,0,2,2,2,7681.10827346
20191,1129003447,2,1,1,0,0,1,1,0,0,0,0,1,0,0,0,0,0,0,1,0,0,13295.6774036
20191,1129003449,33,19,14,0,5,2,5,14,7,0,1,1,2,10,5,0,4,1,3,4,2,187810.655269
20191,1129003454,32,11,21,0,11,11,5,4,1,0,2,5,1,2,1,0,9,6,4,2,0,1635.74900217
20191,1129003457,5,1,4,0,0,0,3,2,0,0,0,0,1,0,0,0,0,0,2,2,0,3779.6958375
20191,1129003458,19,9,10,0,3,5,6,2,3,0,3,1,3,1,1,0,0,4,3,1,2,3125.20783225
20191,1129003459,3,0,3,0,2,1,0,0,0,0,0,0,0,0,0,0,2,1,0,0,0,5154.16300387
20191,1129003461,11,2,9,0,1,3,2,2,3,0,0,0,0,1,1,0,1,3,2,1,2,895.469127812
20191,1129003463,2,2,0,0,0,0,2,0,0,0,0,0,2,0,0,0,0,0,0,0,0,2883.31968909
20191,1129003464,15,8,7,0,2,4,4,3,2,0,2,2,2,1,1,0,0,2,2,2,1,6440.32625528
20191,1129003465,142,106,36,0,13,9,29,43,48,0,1,4,17,37,47,0,12,5,12,6,1,10892.0161003
20191,1129003466,6,3,3,0,2,2,2,0,0,0,0,2,1,0,0,0,2,0,1,0,0,1605.80721062
20191,1129003471,239,179,60,0,17,13,37,85,87,0,14,11,30,68,56,0,3,2,7,17,31,11444.966217
20191,1129003472,23,5,18,0,2,4,9,5,3,0,0,1,0,1,3,0,2,3,9,4,0,4741.68292349
20191,1129003473,2,1,1,0,0,0,0,2,0,0,0,0,0,1,0,0,0,0,0,1,0,7415.77253621
20191,1129003475,11,2,9,0,0,0,5,6,0,0,0,0,1,1,0,0,0,0,4,5,0,15399.1824614
20191,1129003477,2,1,1,0,0,0,0,1,1,0,0,0,0,1,0,0,0,0,0,0,1,3822.57371254
20191,1129003482,2,1,1,0,0,0,0,2,0,0,0,0,0,1,0,0,0,0,0,1,0,3221.3423116
20191,1129003483,20,0,20,0,5,3,6,4,2,0,0,0,0,0,0,0,5,3,6,4,2,4581.5664938
20191,1129003485,5,4,1,0,0,1,0,2,2,0,0,1,0,1,2,0,0,0,0,1,0,4378.65296794
20191,1129003488,16,12,4,0,0,5,7,3,1,0,0,5,5,2,0,0,0,0,2,1,1,2759.1334116
20191,1129003490,54,46,8,0,5,3,8,15,23,0,2,1,6,15,22,0,3,2,2,0,1,5127.06380089
20191,1129003491,7,5,2,0,0,2,3,2,0,0,0,1,3,1,0,0,0,1,0,1,0,3840.8570141
20191,1129003492,37,4,33,0,4,0,6,14,13,0,0,0,0,1,3,0,4,0,6,13,10,4444.62520214
20191,1129003493,1,1,0,0,0,0,0,0,1,0,0,0,0,0,1,0,0,0,0,0,0,4049.17876809
20191,1129003494,53,42,11,1,7,7,13,17,8,1,5,4,11,14,7,0,2,3,2,3,1,10865.6456726
20191,1129003495,38,21,17,1,8,8,13,3,5,0,5,4,8,2,2,1,3,4,5,1,3,7080.28371426
20191,1129003497,5,2,3,0,0,4,1,0,0,0,0,1,1,0,0,0,0,3,0,0,0,12197.3477535
20191,1129003500,1,0,1,0,0,0,1,0,0,0,0,0,0,0,0,0,0,0,1,0,0,6040.49297368
20191,1129003501,75,29,46,0,17,13,11,21,13,0,1,2,3,12,11,0,16,11,8,9,2,9558.81610453
20191,1129003502,21,12,9,0,9,5,1,5,1,0,4,4,0,3,1,0,5,1,1,2,0,2814.81008911
20191,1129003503,10,6,4,0,0,1,7,2,0,0,0,0,5,1,0,0,0,1,2,1,0,4808.585719
20191,1129003504,20,16,4,0,1,3,4,6,6,0,0,3,4,4,5,0,1,0,0,2,1,2850.58247671
20191,1129003505,8,1,7,0,0,1,3,2,2,0,0,0,1,0,0,0,0,1,2,2,2,5077.2057616
20191,1129003512,7,3,4,0,0,2,2,1,2,0,0,0,2,0,1,0,0,2,0,1,1,8231.56905744
20191,1129003516,10,7,3,0,1,4,1,2,2,0,1,3,1,0,2,0,0,1,0,2,0,15508.1357462
20191,1129003518,14,1,13,0,6,1,5,2,0,0,0,0,1,0,0,0,6,1,4,2,0,3969.57837388
20191,1129003523,2,1,1,0,1,0,1,0,0,0,0,0,1,0,0,0,1,0,0,0,0,2209.15186299
20191,1129003529,13,12,1,0,2,3,7,1,0,0,2,2,7,1,0,0,0,1,0,0,0,9025.84763106
20191,1129003532,18,9,9,0,3,3,3,8,1,0,0,2,2,4,1,0,3,1,1,4,0,918.580815296
20191,1129003535,7,4,3,0,0,0,1,4,2,0,0,0,0,3,1,0,0,0,1,1,1,7701.9239029
20191,1129003538,82,19,63,0,7,7,25,14,29,0,0,3,7,5,4,0,7,4,18,9,25,2352.87876807
20191,1129003543,9,3,6,0,6,2,1,0,0,0,1,1,1,0,0,0,5,1,0,0,0,2785.67388262
20191,1129003550,5,4,1,0,1,1,1,2,0,0,1,1,1,1,0,0,0,0,0,1,0,3571.05745295
20191,1129003551,15,0,15,0,3,7,5,0,0,0,0,0,0,0,0,0,3,7,5,0,0,1631.23664077
20191,1129003552,144,125,19,0,8,9,46,62,19,0,0,9,43,56,17,0,8,0,3,6,2,7836.58501461
20191,1129003553,688,400,288,1,85,130,167,206,99,0,23,62,109,131,75,1,62,68,58,75,24,66923.920245
20191,1129003556,5,4,1,0,0,1,1,2,1,0,0,1,0,2,1,0,0,0,1,0,0,5942.08922072
20191,1129003557,31,6,25,0,8,13,8,2,0,0,0,1,4,1,0,0,8,12,4,1,0,11496.5088845
20191,1129003558,10,5,5,0,0,2,0,1,7,0,0,1,0,0,4,0,0,1,0,1,3,3635.4763951
20191,1129003560,30,7,23,0,8,5,9,7,1,0,0,1,1,5,0,0,8,4,8,2,1,4382.42548896
20191,1129003561,14,9,5,0,0,3,7,4,0,0,0,2,3,4,0,0,0,1,4,0,0,10339.5582671
20191,1129003566,7,5,2,0,0,1,0,3,3,0,0,1,0,2,2,0,0,0,0,1,1,4002.07989979
20191,1129003569,2,1,1,0,0,0,2,0,0,0,0,0,1,0,0,0,0,0,1,0,0,3362.24094154
20191,1129003570,15,5,10,1,4,3,2,4,1,0,0,1,0,3,1,1,4,2,2,1,0,4095.43017248
20191,1129003571,2,2,0,0,1,0,1,0,0,0,1,0,1,0,0,0,0,0,0,0,0,2099.64748224
20191,1129003572,24,12,12,0,1,3,3,14,3,0,0,1,3,6,2,0,1,2,0,8,1,11735.0325811
20191,1129003573,32,17,15,0,1,6,5,9,11,0,0,2,2,3,10,0,1,4,3,6,1,1383.15053281
20191,1129003582,6,5,1,0,0,0,1,4,1,0,0,0,1,3,1,0,0,0,0,1,0,7974.24061043
20191,1129003591,5,0,5,0,0,3,1,1,0,0,0,0,0,0,0,0,0,3,1,1,0,35057.7791291
20191,1129003592,57,20,37,0,4,12,19,17,5,0,0,3,4,9,4,0,4,9,15,8,1,2108.21308021
20191,1129003595,8,3,5,0,0,1,1,4,2,0,0,0,1,1,1,0,0,1,0,3,1,10796.8229576
20191,1129003597,31,5,26,0,5,6,6,6,8,0,0,0,0,2,3,0,5,6,6,4,5,66883.6004134
20191,1129003602,3,2,1,0,0,0,1,0,2,0,0,0,0,0,2,0,0,0,1,0,0,741.211959753
20191,1129003605,3,2,1,0,1,0,2,0,0,0,1,0,1,0,0,0,0,0,1,0,0,14460.250442
20191,1129003609,500,466,34,0,2,50,168,203,77,0,2,48,156,187,73,0,0,2,12,16,4,23371.0695476
20191,1129003612,87,18,69,0,12,27,23,18,7,0,0,4,3,4,7,0,12,23,20,14,0,14747.2569598
20191,1129003618,3,3,0,0,0,0,1,1,1,0,0,0,1,1,1,0,0,0,0,0,0,79557.1906265
20191,1129003620,134,68,66,0,8,14,21,58,33,0,2,5,11,30,20,0,6,9,10,28,13,395610.609931
20191,1129003622,12,9,3,0,0,2,5,2,3,0,0,0,5,2,2,0,0,2,0,0,1,364030.393388
20191,1129003626,2,1,1,0,0,1,0,1,0,0,0,1,0,0,0,0,0,0,0,1,0,1229.95861833
20191,1129003630,4,3,1,0,0,1,0,0,3,0,0,1,0,0,2,0,0,0,0,0,1,2618.16952078
20191,1129003631,9,7,2,0,1,0,2,3,3,0,0,0,2,2,3,0,1,0,0,1,0,3410.75305058
20191,1129003635,37,18,19,0,10,9,6,8,4,0,3,6,2,4,3,0,7,3,4,4,1,4196.59967382
20191,1129003636,1,1,0,0,0,0,0,1,0,0,0,0,0,1,0,0,0,0,0,0,0,1536.80669176
20191,1129003638,51,29,22,0,9,13,18,8,3,0,5,8,8,7,1,0,4,5,10,1,2,15226.2434879
20191,1129003639,6,3,3,0,0,2,0,0,4,0,0,1,0,0,2,0,0,1,0,0,2,2934.13519498
20191,1129003641,5,3,2,0,0,0,0,5,0,0,0,0,0,3,0,0,0,0,0,2,0,6431.09085552
20191,1129003642,3,2,1,0,0,0,1,1,1,0,0,0,1,1,0,0,0,0,0,0,1,5897.5778106
20191,1129003643,26,15,11,0,1,12,6,6,1,0,0,9,2,3,1,0,1,3,4,3,0,6837.4161208
20191,1129003644,58,46,12,0,10,22,16,9,1,0,5,19,15,6,1,0,5,3,1,3,0,5193.41238891
20191,1129003645,2,1,1,0,0,0,1,1,0,0,0,0,1,0,0,0,0,0,0,1,0,4580.15754293
20191,1129003646,9,4,5,0,2,2,0,2,3,0,1,1,0,1,1,0,1,1,0,1,2,3918.47960485
20191,1129003648,169,39,130,0,57,31,28,42,11,0,13,12,7,5,2,0,44,19,21,37,9,8662.37507444
20191,1129003649,72,18,54,0,11,24,20,14,3,0,2,7,4,3,2,0,9,17,16,11,1,15138.197714
20191,1129003653,11,3,8,0,1,2,7,1,0,0,1,1,1,0,0,0,0,1,6,1,0,4437.25472213
20191,1129003654,16,8,8,0,5,3,3,2,3,0,5,0,1,1,1,0,0,3,2,1,2,4859.55705745
20191,1129003655,5,3,2,0,0,0,2,2,1,0,0,0,0,2,1,0,0,0,2,0,0,4714.13827799
20191,1129003656,25,15,10,0,4,12,5,3,1,0,3,5,4,2,1,0,1,7,1,1,0,11004.0351229
20191,1129003658,6,5,1,0,0,0,1,0,5,0,0,0,0,0,5,0,0,0,1,0,0,3651.79258725
20191,1129003659,1,1,0,0,0,0,1,0,0,0,0,0,1,0,0,0,0,0,0,0,0,413.388019907
20191,1129003661,4,2,2,0,0,0,1,2,1,0,0,0,0,1,1,0,0,0,1,1,0,70721.8136508
20191,1129003662,14,11,3,0,1,0,6,5,2,0,0,0,4,5,2,0,1,0,2,0,0,6772.06650861
20191,1129003664,62,31,31,0,3,6,12,28,13,0,0,1,6,14,10,0,3,5,6,14,3,7449.32944136
20191,1129003665,106,17,89,0,18,27,39,17,5,0,3,4,3,3,4,0,15,23,36,14,1,13974.4349701
20191,1129003667,90,29,61,0,5,42,19,20,4,0,1,15,9,4,0,0,4,27,10,16,4,57211.4187645
20191,1129003668,43,18,25,0,8,8,16,10,1,0,2,2,9,4,1,0,6,6,7,6,0,3861.22013661
20191,1129003670,1,1,0,0,0,0,1,0,0,0,0,0,1,0,0,0,0,0,0,0,0,611.222759244
20191,1129003673,4,2,2,0,0,2,2,0,0,0,0,1,1,0,0,0,0,1,1,0,0,1344.2277183
20191,1129003674,4,4,0,0,1,1,0,0,2,0,1,1,0,0,2,0,0,0,0,0,0,2663.69531166
20191,1129003676,11,3,8,0,0,2,4,2,3,0,0,0,0,0,3,0,0,2,4,2,0,2757.3207121
20191,1129003682,36,10,26,0,9,10,5,9,3,0,2,3,1,3,1,0,7,7,4,6,2,9509.29100522
20191,1129003683,98,61,37,0,8,12,36,31,11,0,4,9,20,19,9,0,4,3,16,12,2,32502.5464158
20191,1129003685,5,4,1,0,0,1,1,2,1,0,0,0,1,2,1,0,0,1,0,0,0,894.553037451
20191,1129003686,14,7,7,0,4,4,0,3,3,0,3,2,0,1,1,0,1,2,0,2,2,3100.33448527
20191,1129003687,7,7,0,0,0,1,3,1,2,0,0,1,3,1,2,0,0,0,0,0,0,1262.95309331
20191,1129003688,20,9,11,0,0,2,4,8,6,0,0,1,1,3,4,0,0,1,3,5,2,2580.03319568
20191,1129003689,30,12,18,0,5,8,8,6,3,0,2,3,5,1,1,0,3,5,3,5,2,4895.55031041
20191,1129003691,19,3,16,0,1,1,3,7,7,0,0,0,0,1,2,0,1,1,3,6,5,2512.19308667
20191,1129003692,26,10,16,0,0,4,11,8,3,0,0,1,3,3,3,0,0,3,8,5,0,1654.19259011
20191,1129003697,7,3,4,0,0,1,2,3,1,0,0,0,0,2,1,0,0,1,2,1,0,2650.5658643
20191,1129003699,24,13,11,1,8,12,3,0,0,0,2,8,3,0,0,1,6,4,0,0,0,2031.82730318
20191,1129003702,3,2,1,0,0,0,2,1,0,0,0,0,1,1,0,0,0,0,1,0,0,3102.31526898
20191,1129003703,5,3,2,0,3,0,0,2,0,0,2,0,0,1,0,0,1,0,0,1,0,1769.7597185
20191,1129003704,22,13,9,0,6,3,0,1,12,0,5,2,0,1,5,0,1,1,0,0,7,2304.22527278
20191,1129003707,103,28,75,1,20,33,23,17,9,1,3,10,7,3,4,0,17,23,16,14,5,3578.19044182
20191,1129003708,3,2,1,0,0,1,0,2,0,0,0,1,0,1,0,0,0,0,0,1,0,4508.21204408
20191,1129003709,3,1,2,0,0,1,1,1,0,0,0,0,1,0,0,0,0,1,0,1,0,2703.26186374
20191,1129003710,2,1,1,0,0,0,2,0,0,0,0,0,1,0,0,0,0,0,1,0,0,3126.04878375
20191,1129003713,9,1,8,0,0,0,0,4,5,0,0,0,0,0,1,0,0,0,0,4,4,3855.67425809
20191,1129003714,12,6,6,0,1,2,5,4,0,0,1,1,3,1,0,0,0,1,2,3,0,3992.61757975
20191,1129003720,23,2,21,0,6,1,10,4,2,0,0,0,0,0,2,0,6,1,10,4,0,2265.44052878
20191,1129003722,6,4,2,0,1,1,3,1,0,0,1,1,2,0,0,0,0,0,1,1,0,6548.44868383
20191,1129003723,2,2,0,0,0,1,1,0,0,0,0,1,1,0,0,0,0,0,0,0,0,2282.67102585
20191,1129003725,4,3,1,0,0,0,1,3,0,0,0,0,1,2,0,0,0,0,0,1,0,4107.18027335
20191,1129003727,7,3,4,1,0,2,0,3,1,0,0,1,0,1,1,1,0,1,0,2,0,3192.44174462
20191,1129003729,11,6,5,0,2,2,3,0,4,0,1,2,1,0,2,0,1,0,2,0,2,3776.13080065
20191,1129003730,15,12,3,0,0,0,5,5,5,0,0,0,5,4,3,0,0,0,0,1,2,4859.02020555
20191,1129003731,2,1,1,0,0,0,2,0,0,0,0,0,1,0,0,0,0,0,1,0,0,704.917835416
20191,1129003732,14,2,12,0,3,5,3,1,2,0,0,1,0,0,1,0,3,4,3,1,1,2142.35929972
20191,1129003741,14,8,6,0,0,1,3,7,3,0,0,0,2,5,1,0,0,1,1,2,2,4936.46713229
20191,1129003742,40,21,19,0,16,9,11,2,2,0,11,4,5,0,1,0,5,5,6,2,1,3731.55817055
20191,1129003743,5,4,1,0,0,1,3,0,1,0,0,1,2,0,1,0,0,0,1,0,0,9426.09054684
20191,1129003746,11,7,4,0,1,2,6,2,0,0,1,2,3,1,0,0,0,0,3,1,0,4076.74131701
20191,1129003747,24,14,10,0,1,4,6,7,6,0,1,3,4,2,4,0,0,1,2,5,2,98983.2011773
20191,1129003749,122,30,92,0,21,15,21,44,21,0,7,7,6,4,6,0,14,8,15,40,15,6088.11954373
20191,1129003751,6,2,4,0,1,5,0,0,0,0,1,1,0,0,0,0,0,4,0,0,0,1528.28089229
20191,1129003753,42,8,34,0,4,5,13,5,15,0,0,1,0,2,5,0,4,4,13,3,10,2722.10885391
20191,1129003754,2,1,1,0,1,0,0,1,0,0,1,0,0,0,0,0,0,0,0,1,0,642.713286877
20191,1129003755,20,3,17,0,4,1,4,4,7,0,0,0,1,1,1,0,4,1,3,3,6,5675.39728984
20191,1129003758,5,3,2,0,1,2,0,1,1,0,1,1,0,0,1,0,0,1,0,1,0,7810.12637188
20191,1129003760,8,4,4,0,1,1,4,1,1,0,0,1,2,0,1,0,1,0,2,1,0,7787.7343781
20191,1129003761,42,22,20,0,9,7,11,9,6,0,4,5,5,3,5,0,5,2,6,6,1,4804.4487743
20191,1129003762,2,1,1,0,0,0,0,2,0,0,0,0,0,1,0,0,0,0,0,1,0,1726.39945318
20191,1129003763,21,16,5,0,2,9,5,2,3,0,0,9,3,1,3,0,2,0,2,1,0,2296.15955491
20191,1129003765,36,19,17,1,8,9,10,5,3,0,3,7,6,1,2,1,5,2,4,4,1,4923.71898931
20191,1129003769,1,1,0,0,0,0,0,1,0,0,0,0,0,1,0,0,0,0,0,0,0,1080.53169284
20191,1129003771,40,10,30,1,8,7,16,7,1,0,1,3,3,2,1,1,7,4,13,5,0,5358.36544716
20191,1129003773,61,28,33,0,7,11,6,19,18,0,5,6,3,9,5,0,2,5,3,10,13,13314.3166489
20191,1129003782,2,1,1,0,0,2,0,0,0,0,0,1,0,0,0,0,0,1,0,0,0,1548.99743626
20191,1129003783,5,3,2,0,0,1,2,2,0,0,0,1,1,1,0,0,0,0,1,1,0,3051.7287323
20191,1129003787,18,10,8,0,6,5,2,3,2,0,4,2,2,1,1,0,2,3,0,2,1,4562.82370902
20191,1129003788,2,2,0,0,0,0,1,0,1,0,0,0,1,0,1,0,0,0,0,0,0,2742.0891634
20191,1129003789,19,10,9,0,0,2,4,10,3,0,0,2,3,4,1,0,0,0,1,6,2,5673.86036683
20191,1129003794,2,1,1,0,1,0,1,0,0,0,1,0,0,0,0,0,0,0,1,0,0,964.486390573
20191,1129003796,13,10,3,0,4,0,6,3,0,0,2,0,5,3,0,0,2,0,1,0,0,12054.9248195
20191,1129003798,53,13,40,0,6,11,22,14,0,0,2,2,8,1,0,0,4,9,14,13,0,4385.2380074
20191,1129003800,31,7,24,0,9,7,8,6,1,0,1,1,3,1,1,0,8,6,5,5,0,5733.59436
20191,1129003804,6,3,3,0,0,0,0,4,2,0,0,0,0,2,1,0,0,0,0,2,1,2957.85152396
20191,1129003805,75,16,59,0,13,18,21,17,6,0,1,4,3,4,4,0,12,14,18,13,2,10312.166553
20191,1129003807,25,5,20,0,10,4,2,6,3,0,0,2,0,2,1,0,10,2,2,4,2,4031.21743756
20191,1129003808,29,11,18,0,10,6,10,2,1,0,2,1,6,1,1,0,8,5,4,1,0,4077.87335975
20191,1129003819,26,14,12,1,4,4,7,10,0,1,1,4,3,5,0,0,3,0,4,5,0,2623.44244625
20191,1129003820,5,3,2,0,0,1,0,3,1,0,0,0,0,2,1,0,0,1,0,1,0,5536.82197231
20191,1129003822,208,16,192,0,11,24,40,70,63,0,1,0,11,2,2,0,10,24,29,68,61,9233.31269517
20191,1129003823,1,0,1,0,0,0,1,0,0,0,0,0,0,0,0,0,0,0,1,0,0,1812.02780823
20191,1129003824,4,3,1,0,1,0,3,0,0,0,1,0,2,0,0,0,0,0,1,0,0,693.118114648
20191,1129003831,24,3,21,0,7,6,7,2,2,0,0,0,2,0,1,0,7,6,5,2,1,8360.25277104
20191,1129003832,17,9,8,0,0,2,4,9,2,0,0,1,2,5,1,0,0,1,2,4,1,8841.87290226
20191,1129003834,2,2,0,0,0,1,1,0,0,0,0,1,1,0,0,0,0,0,0,0,0,1516.13519142
20191,1129003835,5,3,2,0,0,0,1,2,2,0,0,0,1,1,1,0,0,0,0,1,1,1413.22551397
20191,1129003836,4,4,0,0,0,0,1,3,0,0,0,0,1,3,0,0,0,0,0,0,0,3192.73090815
20191,1129003837,33,12,21,0,10,6,4,10,3,0,1,2,2,6,1,0,9,4,2,4,2,3653.93374724
20191,1129003841,17,5,12,0,0,1,9,3,4,0,0,0,5,0,0,0,0,1,4,3,4,5801.40639592
20191,1129003848,106,31,75,0,27,12,34,15,18,0,3,1,7,8,12,0,24,11,27,7,6,4439.32277955
20191,1129003849,8,3,5,0,1,2,4,1,0,0,0,0,2,1,0,0,1,2,2,0,0,4910.47737648
20191,1129003850,8,6,2,0,0,6,1,1,0,0,0,4,1,1,0,0,0,2,0,0,0,3680.25513449
20191,1129003851,5,5,0,0,0,4,1,0,0,0,0,4,1,0,0,0,0,0,0,0,0,1400.24063134
20191,1129003852,116,61,55,0,18,25,31,24,18,0,9,11,15,15,11,0,9,14,16,9,7,4897.45106624
20191,1129003853,15,1,14,0,1,4,7,1,2,0,0,0,0,0,1,0,1,4,7,1,1,51772.1790006
20191,1129003857,10,7,3,1,0,0,3,4,2,0,0,0,2,4,1,1,0,0,1,0,1,3379.62576794
20191,1129003862,67,28,39,1,18,21,16,7,4,0,0,12,10,4,2,1,18,9,6,3,2,2598.50552677
20191,1129003871,2,0,2,0,0,0,2,0,0,0,0,0,0,0,0,0,0,0,2,0,0,1757.92421975
20191,1129003874,19,8,11,0,1,3,10,4,1,0,1,3,3,1,0,0,0,0,7,3,1,2742.85222461
20191,1129003878,40,13,27,0,5,8,15,12,0,0,0,3,3,7,0,0,5,5,12,5,0,2181.72728471
20191,1129003880,54,24,30,0,7,7,6,19,15,0,3,3,4,6,8,0,4,4,2,13,7,4487.40751104
20191,1129003883,4,1,3,1,0,0,1,2,0,0,0,0,1,0,0,1,0,0,0,2,0,2187.00235115
20191,1129003894,4,2,2,0,0,0,2,1,1,0,0,0,1,0,1,0,0,0,1,1,0,2327.0315911
20191,1129003895,89,38,51,1,30,30,19,8,1,0,8,14,11,5,0,1,22,16,8,3,1,8573.68921877
20191,1129003898,449,378,71,0,41,132,127,140,9,0,25,103,108,135,7,0,16,29,19,5,2,6673.68426042
20191,1129003903,54,30,24,0,3,6,1,11,33,0,0,1,0,5,24,0,3,5,1,6,9,5240.00585508
20191,1129003904,5,4,1,0,0,4,1,0,0,0,0,3,1,0,0,0,0,1,0,0,0,1802.43582599
20191,1129003906,268,235,33,0,35,79,75,76,3,0,29,72,62,71,1,0,6,7,13,5,2,3646.97607484
20191,1129003908,13,9,4,1,1,5,1,4,1,1,1,5,0,1,1,0,0,0,1,3,0,4202.02410167
20191,1129003910,2,0,2,0,0,1,1,0,0,0,0,0,0,0,0,0,0,1,1,0,0,3654.51063992
20191,1129003911,24,6,18,0,3,3,10,7,1,0,0,0,2,3,1,0,3,3,8,4,0,1356.87277141
20191,1129003914,77,18,59,0,11,12,29,20,5,0,1,2,8,4,3,0,10,10,21,16,2,6337.81086175
20191,1129003915,5,3,2,0,1,1,1,2,0,0,1,0,1,1,0,0,0,1,0,1,0,3504.52930645
20191,1129003916,20,7,13,0,0,4,10,4,2,0,0,3,3,0,1,0,0,1,7,4,1,2544.18164403
20191,1129003918,81,15,66,0,4,8,23,28,18,0,1,1,7,6,0,0,3,7,16,22,18,3065.12168171
20191,1129003919,12,6,6,0,0,3,4,3,2,0,0,3,2,0,1,0,0,0,2,3,1,1914.5535802
20194,1123000001,120,55,65,0,7,10,27,32,44,0,1,2,14,11,27,0,6,8,13,21,17,4017.03275138
20194,1123000002,6,3,3,0,0,1,0,3,2,0,0,0,0,1,2,0,0,1,0,2,0,4030.88106728
20194,1123000003,5,4,1,0,0,2,2,0,1,0,0,2,1,0,1,0,0,0,1,0,0,2781.85755149
20194,1123000004,764,299,465,2,92,103,227,194,146,0,51,55,53,59,81,2,41,48,174,135,65,3286.03019847
20194,1123000005,113,57,56,0,27,36,24,14,12,0,7,14,16,10,10,0,20,22,8,4,2,6411.81232975
20194,1123000006,8,3,5,0,1,1,2,3,1,0,0,1,0,1,1,0,1,0,2,2,0,1289.78300619
20194,1123000007,8,7,1,0,1,2,1,1,3,0,0,2,1,1,3,0,1,0,0,0,0,4301.33006743
20194,1123000008,24,9,15,0,5,0,6,5,8,0,0,0,2,3,4,0,5,0,4,2,4,3931.99356818
20194,1123000010,3,2,1,0,0,0,2,1,0,0,0,0,1,1,0,0,0,0,1,0,0,946.498084201
20194,1123000012,75,41,34,0,9,14,22,21,9,0,5,10,12,7,7,0,4,4,10,14,2,6062.06191538
20194,1123000013,2,2,0,0,0,1,0,0,1,0,0,1,0,0,1,0,0,0,0,0,0,1035.68562879
20194,1123000014,2,1,1,0,0,0,2,0,0,0,0,0,1,0,0,0,0,0,1,0,0,2203.81881846
20194,1123000015,8,5,3,0,0,1,4,2,1,0,0,0,3,1,1,0,0,1,1,1,0,2393.8773718
20194,1123000017,28,18,10,0,9,12,6,1,0,0,7,9,1,1,0,0,2,3,5,0,0,2824.91954045
20194,1123000018,14,9,5,0,0,0,1,1,12,0,0,0,0,0,9,0,0,0,1,1,3,6616.95583478
20194,1123000020,3,3,0,0,0,2,0,1,0,0,0,2,0,1,0,0,0,0,0,0,0,2175.39408638
20194,1123000021,11,9,2,0,0,0,1,5,5,0,0,0,1,5,3,0,0,0,0,0,2,5430.30601674
20194,1123000022,3058,1155,1903,1,468,643,945,966,35,1,373,482,237,55,7,0,95,161,708,911,28,5528.57732009
20194,1123000023,2,2,0,0,0,0,1,1,0,0,0,0,1,1,0,0,0,0,0,0,0,840.798748147
20194,1123000024,2,1,1,0,0,1,0,1,0,0,0,0,0,1,0,0,0,1,0,0,0,2048.15282661
20194,1123000025,7,1,6,0,0,2,0,4,1,0,0,1,0,0,0,0,0,1,0,4,1,1447.24906033
20194,1123000026,10,8,2,0,0,3,5,1,1,0,0,2,5,1,0,0,0,1,0,0,1,3915.09617768
20194,1123000027,24,19,5,0,0,5,6,7,6,0,0,3,4,6,6,0,0,2,2,1,0,2555.75910236
20194,1123000029,52,37,15,0,1,5,15,11,20,0,0,2,9,7,19,0,1,3,6,4,1,7199.08930214
20194,1123000031,4,3,1,0,0,0,0,1,3,0,0,0,0,1,2,0,0,0,0,0,1,1903.20900952
20194,1123000033,2,2,0,0,0,1,0,0,1,0,0,1,0,0,1,0,0,0,0,0,0,1491.58486878
20194,1123000034,21,18,3,0,5,9,3,3,1,0,4,9,2,3,0,0,1,0,1,0,1,6220.61213951
20194,1123000035,25,17,8,1,0,4,8,5,7,0,0,4,7,2,4,1,0,0,1,3,3,6605.30271984
20194,1123000037,178,111,67,0,5,12,14,13,134,0,0,9,6,5,91,0,5,3,8,8,43,8207.61627371
20194,1123000038,27,20,7,0,11,2,5,5,4,0,8,2,2,4,4,0,3,0,3,1,0,803.762450547
20194,1123000040,387,293,94,1,93,150,74,47,22,0,61,103,65,43,21,1,32,47,9,4,1,8138.33113334
20194,1123000044,1,0,1,0,0,0,1,0,0,0,0,0,0,0,0,0,0,0,1,0,0,2137.75890075
20194,1123000045,83,13,70,0,9,29,27,17,1,0,0,5,5,3,0,0,9,24,22,14,1,15648.5004924
20194,1123000046,5,5,0,0,0,0,0,4,1,0,0,0,0,4,1,0,0,0,0,0,0,1130.86507
20194,1123000048,10,7,3,0,0,1,3,3,3,0,0,1,2,2,2,0,0,0,1,1,1,1083.1532696
20194,1123000054,31,15,16,0,2,8,10,10,1,0,0,6,4,5,0,0,2,2,6,5,1,15357.967654
20194,1123000055,20,13,7,0,0,3,3,5,9,0,0,2,1,4,6,0,0,1,2,1,3,7092.9507577
20194,1123000056,3,2,1,0,0,1,1,0,1,0,0,1,0,0,1,0,0,0,1,0,0,577.232722192
20194,1123000057,42,28,14,1,5,20,4,8,4,0,2,13,2,7,4,1,3,7,2,1,0,3234.22420105
20194,1123000059,2,1,1,0,0,0,0,0,2,0,0,0,0,0,1,0,0,0,0,0,1,4698.91175408
20194,1123000060,42,30,12,0,2,5,6,14,15,0,1,3,4,10,12,0,1,2,2,4,3,5016.86744303
20194,1123000062,46,28,18,0,1,6,14,11,14,0,0,2,8,8,10,0,1,4,6,3,4,4520.76958669
20194,1123000064,11,8,3,0,6,3,2,0,0,0,5,2,1,0,0,0,1,1,1,0,0,2714.33596439
20194,1123000068,12,7,5,0,0,1,6,2,3,0,0,1,3,2,1,0,0,0,3,0,2,2571.36398479
20194,1123000074,9,7,2,0,0,1,5,2,1,0,0,1,4,1,1,0,0,0,1,1,0,5678.60586915
20194,1123000076,8,3,5,0,1,2,2,3,0,0,0,0,1,2,0,0,1,2,1,1,0,1888.01799067
20194,1123000080,12,11,1,0,1,1,5,3,2,0,1,1,4,3,2,0,0,0,1,0,0,4204.1555437
20194,1123000081,2,0,2,0,1,0,1,0,0,0,0,0,0,0,0,0,1,0,1,0,0,1220.34719234
20194,1123000086,35,29,6,0,8,2,13,7,5,0,8,1,10,5,5,0,0,1,3,2,0,6094.20213656
20194,1123000087,31,17,14,0,1,5,13,10,2,0,0,2,7,7,1,0,1,3,6,3,1,6170.24214404
20194,1123000095,97,76,21,0,15,15,13,39,15,0,12,13,10,30,11,0,3,2,3,9,4,6888.55564025
20194,1123000101,3,1,2,0,0,0,0,0,3,0,0,0,0,0,1,0,0,0,0,0,2,3102.44110675
20194,1123000110,4,4,0,0,1,0,0,1,2,0,1,0,0,1,2,0,0,0,0,0,0,5124.86166655
20194,1123000115,15,0,15,0,4,5,1,5,0,0,0,0,0,0,0,0,4,5,1,5,0,1516.72095658
20194,1123000118,2,2,0,0,0,2,0,0,0,0,0,2,0,0,0,0,0,0,0,0,0,3624.99097869
20194,1123000121,7,4,3,0,1,2,2,1,1,0,0,0,2,1,1,0,1,2,0,0,0,3406.21207151
20194,1123000125,10,8,2,0,0,1,1,7,1,0,0,1,1,5,1,0,0,0,0,2,0,6931.85762841
20194,1123000126,35,14,21,0,3,12,10,8,2,0,1,3,6,3,1,0,2,9,4,5,1,3836.44843671
20194,1123000133,38,24,14,0,0,5,15,10,8,0,0,0,9,8,7,0,0,5,6,2,1,2259.47066943
20194,1123000134,3,2,1,0,0,0,0,3,0,0,0,0,0,2,0,0,0,0,0,1,0,3499.19733522
20194,1123000136,2,2,0,0,0,0,1,0,1,0,0,0,1,0,1,0,0,0,0,0,0,1596.34807451
20194,1123000137,34,24,10,0,8,1,9,11,5,0,4,0,6,10,4,0,4,1,3,1,1,2979.24347907
20194,1123000142,8,5,3,0,2,2,2,2,0,0,1,2,1,1,0,0,1,0,1,1,0,5931.98452651
20194,1123000145,41,28,13,0,7,18,13,2,1,0,1,18,7,2,0,0,6,0,6,0,1,2671.59923204
20194,1123000148,15,12,3,0,0,2,7,3,3,0,0,2,6,1,3,0,0,0,1,2,0,4354.43292439
20194,1123000151,2,1,1,0,0,0,1,1,0,0,0,0,0,1,0,0,0,0,1,0,0,3625.53155849
20194,1123000153,2,2,0,0,0,0,0,0,2,0,0,0,0,0,2,0,0,0,0,0,0,4067.70923234
20194,1123000159,64,49,15,3,27,12,5,5,12,3,21,8,2,4,11,0,6,4,3,1,1,4181.10209351
20194,1123000160,8,5,3,0,0,1,2,4,1,0,0,1,1,3,0,0,0,0,1,1,1,4134.06663485
20194,1123000161,9,4,5,0,1,0,4,4,0,0,0,0,3,1,0,0,1,0,1,3,0,4211.32107547
20194,1123000162,50,32,18,0,3,10,9,15,13,0,2,2,4,12,12,0,1,8,5,3,1,3010.23207377
20194,1123000165,3,2,1,0,0,0,0,2,1,0,0,0,0,1,1,0,0,0,0,1,0,3316.38080846
20194,1123000167,13,6,7,0,1,1,4,3,4,0,0,0,0,3,3,0,1,1,4,0,1,4511.13210114
20194,1123000168,40,5,35,0,6,13,9,12,0,0,1,2,0,2,0,0,5,11,9,10,0,9387.61218208
20194,1123000171,3,2,1,0,0,0,3,0,0,0,0,0,2,0,0,0,0,0,1,0,0,6299.9018049
20194,1123000172,53,44,9,0,10,8,20,12,3,0,8,6,15,12,3,0,2,2,5,0,0,4813.26234244
20194,1123000180,23,20,3,0,1,4,14,4,0,0,1,4,11,4,0,0,0,0,3,0,0,2999.47522755
20194,1123000183,105,84,21,0,12,26,40,14,13,0,8,21,31,13,11,0,4,5,9,1,2,7375.44148827
20194,1123000188,128,82,46,0,33,28,19,35,13,0,26,18,10,22,6,0,7,10,9,13,7,10463.6082986
20194,1123000190,1,0,1,0,0,0,1,0,0,0,0,0,0,0,0,0,0,0,1,0,0,2329.28483175
20194,1123000192,34,12,22,0,4,7,11,6,6,0,2,2,3,1,4,0,2,5,8,5,2,13732.0907677
20194,1123000194,19,13,6,0,1,5,6,2,5,0,1,3,4,2,3,0,0,2,2,0,2,2892.15962561
20194,1123000197,10,0,10,0,4,4,1,1,0,0,0,0,0,0,0,0,4,4,1,1,0,1557.20047538
20194,1123000198,2,1,1,0,0,0,1,1,0,0,0,0,1,0,0,0,0,0,0,1,0,1248.0171003
20194,1123000203,2,0,2,0,0,0,2,0,0,0,0,0,0,0,0,0,0,0,2,0,0,2573.41998702
20194,1123000204,2,2,0,0,0,0,0,0,2,0,0,0,0,0,2,0,0,0,0,0,0,4623.78894414
20194,1123000206,48,21,27,0,9,3,10,19,7,0,2,1,1,13,4,0,7,2,9,6,3,10040.5122401
20194,1123000211,220,165,55,0,5,31,40,54,90,0,4,12,26,44,79,0,1,19,14,10,11,9339.31922521
20194,1123000212,8,5,3,0,1,0,2,3,2,0,1,0,1,2,1,0,0,0,1,1,1,1225.44547636
20194,1123000213,20,15,5,0,2,5,2,5,6,0,2,4,2,4,3,0,0,1,0,1,3,1361.05161365
20194,1123000214,75,52,23,1,2,8,22,21,21,0,1,5,16,17,13,1,1,3,6,4,8,9506.07577589
20194,1123000215,8,7,1,0,0,1,3,2,2,0,0,1,2,2,2,0,0,0,1,0,0,1592.80154171
20194,1123000216,28,21,7,0,2,6,9,7,4,0,2,6,7,4,2,0,0,0,2,3,2,4814.16819106
20194,1123000217,7,5,2,0,1,1,3,0,2,0,1,0,2,0,2,0,0,1,1,0,0,956.60642855
20194,1123000218,9,9,0,0,0,2,4,0,3,0,0,2,4,0,3,0,0,0,0,0,0,1529.83558997
20194,1123000219,5,3,2,0,1,2,1,1,0,0,0,2,1,0,0,0,1,0,0,1,0,1074.32345325
20194,1123000220,16,16,0,0,0,7,3,3,3,0,0,7,3,3,3,0,0,0,0,0,0,1245.18242562
20194,1123000221,1098,985,113,18,431,435,151,44,19,18,379,393,143,35,17,0,52,42,8,9,2,12392.3332501
20194,1123000222,26,17,9,0,2,10,4,5,5,0,2,10,2,1,2,0,0,0,2,4,3,3245.18033155
20194,1123000223,6,5,1,0,0,0,4,2,0,0,0,0,3,2,0,0,0,0,1,0,0,2695.61471883
20194,1123000224,17,12,5,0,3,1,7,5,1,0,1,1,6,3,1,0,2,0,1,2,0,2963.33981399
20194,1123000225,216,166,50,1,18,45,60,47,45,1,13,36,48,31,37,0,5,9,12,16,8,19707.8622913
20194,1123000228,351,324,27,1,8,57,154,111,20,1,5,53,138,107,20,0,3,4,16,4,0,9404.49919757
20194,1123000229,2,1,1,0,0,0,0,1,1,0,0,0,0,0,1,0,0,0,0,1,0,1641.22956229
20194,1123000232,3,3,0,0,0,0,0,0,3,0,0,0,0,0,3,0,0,0,0,0,0,2148.40184801
20194,1123000233,20,19,1,0,1,2,7,8,2,0,1,2,7,8,1,0,0,0,0,0,1,3411.02784581
20194,1123000234,17,14,3,0,4,3,2,6,2,0,3,3,1,5,2,0,1,0,1,1,0,2866.74679435
20194,1123000236,115,87,28,0,3,23,35,35,19,0,2,17,28,24,16,0,1,6,7,11,3,3607.98985246
20194,1123000237,13,12,1,0,0,1,4,5,3,0,0,1,4,4,3,0,0,0,0,1,0,1646.85913787
20194,1123000241,2,2,0,0,0,0,0,0,2,0,0,0,0,0,2,0,0,0,0,0,0,445.409192279
20194,1123000242,63,37,26,0,11,15,22,10,5,0,5,7,13,8,4,0,6,8,9,2,1,1345.95386629
20194,1123000245,6,5,1,0,0,0,1,2,3,0,0,0,1,2,2,0,0,0,0,0,1,715.106846907
20194,1123000247,25,14,11,0,3,11,2,4,5,0,1,6,1,1,5,0,2,5,1,3,0,6884.19895901
20194,1123000254,42,27,15,0,4,11,7,14,6,0,2,6,6,9,4,0,2,5,1,5,2,8772.93835973
20194,1123000255,3,2,1,0,0,1,0,0,2,0,0,0,0,0,2,0,0,1,0,0,0,865.097427369
20194,1123000258,7,2,5,0,0,2,5,0,0,0,0,1,1,0,0,0,0,1,4,0,0,3039.18561101
20194,1123000264,2,2,0,0,0,0,2,0,0,0,0,0,2,0,0,0,0,0,0,0,0,4542.37238945
20194,1123000268,4,2,2,0,0,0,1,1,2,0,0,0,0,1,1,0,0,0,1,0,1,3047.33205643
20194,1123000270,4,3,1,0,0,1,2,1,0,0,0,1,1,1,0,0,0,0,1,0,0,2018.08693897
20194,1123000273,3,1,2,0,0,0,1,2,0,0,0,0,1,0,0,0,0,0,0,2,0,1054.94377933
20194,1123000282,22,18,4,0,3,3,5,7,4,0,3,3,4,6,2,0,0,0,1,1,2,3938.34616373
20194,1123000288,2,1,1,0,0,0,0,0,2,0,0,0,0,0,1,0,0,0,0,0,1,1980.02887542
20194,1123000289,3,1,2,0,0,0,0,2,1,0,0,0,0,1,0,0,0,0,0,1,1,668.536327817
20194,1123000291,2,1,1,0,0,1,1,0,0,0,0,1,0,0,0,0,0,0,1,0,0,793.763677092
20194,1123000292,10,4,6,0,0,4,1,5,0,0,0,1,1,2,0,0,0,3,0,3,0,2326.45340104
20194,1123000294,8,1,7,0,0,1,6,0,1,0,0,0,0,0,1,0,0,1,6,0,0,3352.07177196
20194,1123000297,10,0,10,0,1,2,1,5,1,0,0,0,0,0,0,0,1,2,1,5,1,3062.31488374
20194,1123000304,3,1,2,0,0,1,0,2,0,0,0,1,0,0,0,0,0,0,0,2,0,1243.07871428
20194,1123000311,219,138,81,0,5,16,35,64,99,0,3,10,25,41,59,0,2,6,10,23,40,12826.3621649
20194,1123000313,21,7,14,0,5,3,4,8,1,0,1,1,3,1,1,0,4,2,1,7,0,12629.6218867
20194,1123000315,2,2,0,0,0,0,2,0,0,0,0,0,2,0,0,0,0,0,0,0,0,1196.27749514
20194,1123000317,4,4,0,0,0,1,2,1,0,0,0,1,2,1,0,0,0,0,0,0,0,3370.5653296
20194,1123000318,12,8,4,0,1,2,5,2,2,0,1,2,2,1,2,0,0,0,3,1,0,3924.42055462
20194,1123000321,232,135,97,0,28,37,48,66,53,0,18,21,25,36,35,0,10,16,23,30,18,3145.08825278
20194,1123000322,39,18,21,0,9,10,12,6,2,0,2,6,6,4,0,0,7,4,6,2,2,5494.435008
20194,1123000323,225,130,95,4,32,36,51,58,44,3,6,18,32,39,32,1,26,18,19,19,12,2897.72268167
20194,1123000329,18,16,2,0,1,0,8,9,0,0,1,0,6,9,0,0,0,0,2,0,0,1998.48206724
20194,1123000332,3,1,2,0,0,0,3,0,0,0,0,0,1,0,0,0,0,0,2,0,0,3759.87692997
20194,1123000334,1,0,1,0,0,0,0,0,1,0,0,0,0,0,0,0,0,0,0,0,1,6665.12189398
20194,1123000337,36,24,12,0,7,3,8,6,12,0,3,2,5,6,8,0,4,1,3,0,4,7347.94807207
20194,1123000339,6,4,2,0,0,1,2,2,1,0,0,1,1,2,0,0,0,0,1,0,1,5393.1096788
20194,1123000342,26,15,11,0,5,7,3,6,5,0,1,4,2,3,5,0,4,3,1,3,0,3548.83810834
20194,1123000343,5,5,0,0,0,1,0,2,2,0,0,1,0,2,2,0,0,0,0,0,0,2410.66251465
20194,1123000346,34,28,6,2,3,5,6,4,14,2,1,3,4,4,14,0,2,2,2,0,0,2914.34643421
20194,1123000351,24,13,11,0,4,4,7,9,0,0,2,3,3,5,0,0,2,1,4,4,0,6009.65176534
20194,1123000353,2,2,0,0,0,0,0,0,2,0,0,0,0,0,2,0,0,0,0,0,0,4416.74960542
20194,1123000354,11,9,2,0,0,3,4,1,3,0,0,3,2,1,3,0,0,0,2,0,0,7580.06307624
20194,1123000355,11,7,4,0,0,2,2,4,3,0,0,1,1,2,3,0,0,1,1,2,0,2469.91902325
20194,1123000358,3,2,1,0,0,0,2,1,0,0,0,0,2,0,0,0,0,0,0,1,0,1726.38569282
20194,1123000359,19,5,14,0,3,0,7,6,3,0,0,0,0,2,3,0,3,0,7,4,0,7190.05473792
20194,1123000360,73,5,68,0,1,2,4,23,43,0,0,0,0,2,3,0,1,2,4,21,40,4869.81765984
20194,1123000361,3,3,0,0,0,0,0,3,0,0,0,0,0,3,0,0,0,0,0,0,0,4014.57137912
20194,1123000364,136,68,68,0,14,19,27,27,49,0,3,8,5,16,36,0,11,11,22,11,13,6876.32152484
20194,1123000365,8,6,2,0,0,3,2,2,1,0,0,2,2,1,1,0,0,1,0,1,0,5372.32479558
20194,1123000366,23,15,8,0,2,3,5,11,2,0,0,2,2,9,2,0,2,1,3,2,0,4162.11914876
20194,1123000368,6,2,4,0,0,0,1,4,1,0,0,0,0,1,1,0,0,0,1,3,0,2351.50251293
20194,1123000369,10,3,7,0,1,5,2,2,0,0,1,1,0,1,0,0,0,4,2,1,0,4316.36084581
20194,1123000371,2,2,0,0,0,0,2,0,0,0,0,0,2,0,0,0,0,0,0,0,0,1550.74502717
20194,1123000372,6,4,2,0,0,2,0,3,1,0,0,1,0,2,1,0,0,1,0,1,0,1115.26464071
20194,1123000373,9,6,3,0,2,2,1,2,2,0,1,1,1,1,2,0,1,1,0,1,0,4975.55561046
20194,1123000375,41,26,15,0,5,12,18,4,2,0,4,8,10,3,1,0,1,4,8,1,1,2225.89671569
20194,1123000380,3,2,1,0,0,1,2,0,0,0,0,1,1,0,0,0,0,0,1,0,0,4071.00695357
20194,1123000381,18,8,10,0,2,7,1,5,3,0,1,3,1,2,1,0,1,4,0,3,2,7013.37792937
20194,1123000390,72,45,27,2,3,12,23,24,8,1,2,9,14,11,8,1,1,3,9,13,0,3143.25258799
20194,1123000394,82,32,50,2,19,22,19,8,12,2,4,7,8,4,7,0,15,15,11,4,5,6970.93472206
20194,1123000395,29,27,2,0,1,1,5,4,18,0,1,0,4,4,18,0,0,1,1,0,0,1955.64644102
20194,1123000404,2,1,1,0,0,0,1,0,1,0,0,0,1,0,0,0,0,0,0,0,1,1100.26549614
20194,1123000405,9,8,1,0,2,2,3,2,0,0,2,2,2,2,0,0,0,0,1,0,0,3238.00246143
20194,1123000407,167,127,40,0,18,25,42,39,43,0,15,20,34,29,29,0,3,5,8,10,14,5142.13964751
20194,1123000416,26,11,15,0,2,5,11,6,2,0,0,2,6,2,1,0,2,3,5,4,1,2358.77187609
20194,1123000419,1,0,1,0,0,0,1,0,0,0,0,0,0,0,0,0,0,0,1,0,0,5899.06983397
20194,1123000423,26,12,14,1,5,7,6,4,3,0,2,1,5,2,2,1,3,6,1,2,1,80846.9160056
20194,1123000427,5,4,1,0,0,0,0,2,3,0,0,0,0,2,2,0,0,0,0,0,1,4144.48299325
20194,1123000428,4,3,1,0,1,0,1,0,2,0,1,0,0,0,2,0,0,0,1,0,0,2514.57657256
20194,1123000432,66,44,22,1,6,20,14,19,6,1,2,10,8,17,6,0,4,10,6,2,0,8280.65284575
20194,1123000433,16,14,2,0,0,1,3,5,7,0,0,1,3,4,6,0,0,0,0,1,1,2436.63949994
20194,1123000434,5,2,3,0,1,1,0,1,2,0,0,0,0,1,1,0,1,1,0,0,1,2050.92057543
20194,1123000436,425,337,88,8,73,143,142,45,14,2,46,123,125,30,11,6,27,20,17,15,3,16972.1355696
20194,1123000437,203,171,32,1,27,41,36,77,21,1,21,36,29,66,18,0,6,5,7,11,3,7210.75269373
20194,1123000438,29,16,13,0,1,1,4,17,6,0,0,1,3,9,3,0,1,0,1,8,3,4989.62584016
20194,1123000439,4,4,0,0,0,1,1,2,0,0,0,1,1,2,0,0,0,0,0,0,0,2152.19965666
20194,1123000440,6,5,1,0,0,0,1,4,1,0,0,0,1,3,1,0,0,0,0,1,0,1731.8187245
20194,1123000443,5,4,1,0,1,1,0,3,0,0,1,0,0,3,0,0,0,1,0,0,0,2988.77858266
20194,1123000447,16,10,6,0,2,1,6,7,0,0,2,1,2,5,0,0,0,0,4,2,0,2908.54500871
20194,1123000448,7,4,3,0,0,2,3,1,1,0,0,1,2,0,1,0,0,1,1,1,0,853.51796658
20194,1123000450,2,1,1,0,0,0,0,1,1,0,0,0,0,0,1,0,0,0,0,1,0,1195.79720661
20194,1123000454,4,1,3,0,0,0,1,2,1,0,0,0,0,1,0,0,0,0,1,1,1,2146.1138515
20194,1123000457,118,67,51,0,21,22,19,20,36,0,7,13,10,10,27,0,14,9,9,10,9,11178.8074975
20194,1123000458,2,1,1,0,0,0,0,2,0,0,0,0,0,1,0,0,0,0,0,1,0,3221.82682212
20194,1123000459,2,2,0,0,1,0,1,0,0,0,1,0,1,0,0,0,0,0,0,0,0,799.119568551
20194,1123000460,3,1,2,0,0,0,0,1,2,0,0,0,0,0,1,0,0,0,0,1,1,9542.1815697
20194,1123000461,35,24,11,0,6,6,6,10,7,0,1,4,4,10,5,0,5,2,2,0,2,5926.29449319
20194,1123000462,21,17,4,0,0,2,3,9,7,0,0,2,2,7,6,0,0,0,1,2,1,2433.26987734
20194,1123000464,12,5,7,0,0,2,4,5,1,0,0,1,2,2,0,0,0,1,2,3,1,4303.51701822
20194,1123000465,8,7,1,0,1,0,5,0,2,0,1,0,4,0,2,0,0,0,1,0,0,1400.30853031
20194,1123000467,16,13,3,0,0,3,2,3,8,0,0,1,1,3,8,0,0,2,1,0,0,1320.06597028
20194,1123000468,77,58,19,0,6,19,15,22,15,0,4,13,14,14,13,0,2,6,1,8,2,7189.43543783
20194,1123000469,18,15,3,0,1,1,8,5,3,0,1,1,6,4,3,0,0,0,2,1,0,4414.45263074
20194,1123000470,1111,664,447,11,132,99,135,222,512,11,108,71,81,118,275,0,24,28,54,104,237,3949.34350749
20194,1123000472,9,6,3,0,1,4,3,1,0,0,1,3,1,1,0,0,0,1,2,0,0,2634.71533759
20194,1123000473,84,73,11,0,2,9,12,32,29,0,1,5,11,29,27,0,1,4,1,3,2,3108.66796867
20194,1123000474,12,9,3,0,0,1,2,8,1,0,0,1,1,7,0,0,0,0,1,1,1,4981.89738597
20194,1123000475,47,25,22,0,5,7,14,13,8,0,3,5,4,8,5,0,2,2,10,5,3,3133.02543881
20194,1123000480,26,10,16,0,1,2,6,10,7,0,0,1,3,3,3,0,1,1,3,7,4,1601.86981027
20194,1123000486,10,5,5,0,3,1,1,3,2,0,1,1,0,1,2,0,2,0,1,2,0,3329.54903351
20194,1123000487,3,2,1,0,0,0,1,0,2,0,0,0,1,0,1,0,0,0,0,0,1,2778.91643329
20194,1123000488,9,8,1,0,0,0,1,3,5,0,0,0,1,2,5,0,0,0,0,1,0,4935.64771254
20194,1123000489,1,0,1,0,0,1,0,0,0,0,0,0,0,0,0,0,0,1,0,0,0,10553.4898352
20194,1123000490,20,12,8,0,2,3,4,6,5,0,2,2,3,2,3,0,0,1,1,4,2,2577.10429151
20194,1123000492,25,20,5,0,0,3,12,6,4,0,0,2,10,4,4,0,0,1,2,2,0,9511.98057188
20194,1123000498,72,59,13,0,8,11,14,19,20,0,5,9,11,17,17,0,3,2,3,2,3,6570.05535661
20194,1123000501,22,12,10,0,1,5,6,5,5,0,0,1,5,2,4,0,1,4,1,3,1,4448.66788869
20194,1123000503,4,3,1,0,0,0,1,3,0,0,0,0,1,2,0,0,0,0,0,1,0,3128.38591877
20194,1123000504,7,6,1,0,0,0,2,3,2,0,0,0,1,3,2,0,0,0,1,0,0,2190.7864261
20194,1123000505,9,7,2,0,1,1,1,4,2,0,1,1,0,3,2,0,0,0,1,1,0,13294.2598484
20194,1123000507,5,4,1,0,0,0,1,2,2,0,0,0,0,2,2,0,0,0,1,0,0,952.686306164
20194,1123000512,64,38,26,0,13,23,16,8,4,0,3,14,13,5,3,0,10,9,3,3,1,3553.68808835
20194,1123000516,14,10,4,0,2,5,5,2,0,0,1,5,2,2,0,0,1,0,3,0,0,1917.43399775
20194,1123000517,62,48,14,0,0,2,11,23,26,0,0,0,6,18,24,0,0,2,5,5,2,2068.40407842
20194,1123000519,15,11,4,0,1,4,3,5,2,0,1,4,0,4,2,0,0,0,3,1,0,1913.52529964
20194,1123000520,8,7,1,0,0,0,2,4,2,0,0,0,2,3,2,0,0,0,0,1,0,6492.02410893
20194,1123000521,11,7,4,0,0,1,3,0,7,0,0,0,2,0,5,0,0,1,1,0,2,2853.66387992
20194,1123000524,7,0,7,0,2,1,0,2,2,0,0,0,0,0,0,0,2,1,0,2,2,3560.15397671
20194,1123000525,38,28,10,0,3,9,5,8,13,0,1,6,2,8,11,0,2,3,3,0,2,3848.48964201
20194,1123000526,166,99,67,0,18,64,42,24,18,0,3,23,36,21,16,0,15,41,6,3,2,5716.78029794
20194,1123000527,14,8,6,0,3,2,2,4,3,0,3,1,0,1,3,0,0,1,2,3,0,2035.00329444
20194,1123000529,3,3,0,0,0,0,0,2,1,0,0,0,0,2,1,0,0,0,0,0,0,2224.52256163
20194,1123000530,8,7,1,0,0,2,1,4,1,0,0,2,1,3,1,0,0,0,0,1,0,2197.52072203
20194,1123000531,53,44,9,0,5,3,19,16,10,0,5,2,13,15,9,0,0,1,6,1,1,1922.42265679
20194,1123000532,21,14,7,0,1,0,4,12,4,0,1,0,3,7,3,0,0,0,1,5,1,2005.12669396
20194,1123000533,34,17,17,0,1,6,8,14,5,0,1,3,7,3,3,0,0,3,1,11,2,6303.82036938
20194,1123000534,9,4,5,0,0,4,3,2,0,0,0,0,3,1,0,0,0,4,0,1,0,969.415456872
20194,1123000535,9,5,4,0,3,0,4,2,0,0,2,0,2,1,0,0,1,0,2,1,0,3600.84699736
20194,1123000539,16,13,3,0,2,6,2,2,4,0,0,6,2,2,3,0,2,0,0,0,1,1962.13418735
20194,1123000541,3,0,3,0,0,1,1,1,0,0,0,0,0,0,0,0,0,1,1,1,0,3446.23332823
20194,1123000542,6,5,1,1,0,0,3,0,2,1,0,0,2,0,2,0,0,0,1,0,0,21216.7836092
20194,1123000543,9,6,3,0,1,0,4,1,3,0,0,0,2,1,3,0,1,0,2,0,0,11651.5127601
20194,1123000544,6,3,3,0,0,1,3,1,1,0,0,1,1,0,1,0,0,0,2,1,0,1591.94412169
20194,1123000547,11,4,7,0,3,2,1,5,0,0,0,2,1,1,0,0,3,0,0,4,0,2448.82469674
20194,1123000548,15,7,8,0,2,4,3,5,1,0,0,2,1,3,1,0,2,2,2,2,0,2482.52158477
20194,1123000549,4,2,2,0,0,1,0,1,2,0,0,0,0,1,1,0,0,1,0,0,1,1777.54923764
20194,1123000551,4655,1984,2671,6,295,1163,1725,1337,129,1,151,742,691,371,28,5,144,421,1034,966,101,10360.0348741
20194,1123000552,2,1,1,0,0,0,0,2,0,0,0,0,0,1,0,0,0,0,0,1,0,2822.15133736
20194,1123000554,4,3,1,0,0,0,3,1,0,0,0,0,3,0,0,0,0,0,0,1,0,797.064897408
20194,1123000555,89,55,34,0,9,11,27,29,13,0,2,5,18,19,11,0,7,6,9,10,2,3369.23975255
20194,1123000556,40,26,14,0,5,6,14,8,7,0,2,3,9,7,5,0,3,3,5,1,2,9303.72420376
20194,1123000557,9,4,5,0,0,0,1,6,2,0,0,0,0,4,0,0,0,0,1,2,2,2772.82436557
20194,1123000558,27,19,8,0,2,2,12,6,5,0,1,1,7,5,5,0,1,1,5,1,0,2539.3125673
20194,1123000560,11,8,3,0,0,4,3,1,3,0,0,2,3,0,3,0,0,2,0,1,0,2934.61586342
20194,1123000561,6,5,1,0,1,1,2,1,1,0,1,1,2,0,1,0,0,0,0,1,0,1737.6047196
20194,1123000562,3,2,1,0,0,0,1,1,1,0,0,0,1,1,0,0,0,0,0,0,1,1811.24298432
20194,1123000563,2,1,1,0,0,0,0,1,1,0,0,0,0,0,1,0,0,0,0,1,0,2957.4947786
20194,1123000564,24,17,7,0,3,2,8,8,3,0,1,2,5,6,3,0,2,0,3,2,0,2121.6648195
20194,1123000565,56,29,27,0,6,12,13,17,8,0,1,8,6,9,5,0,5,4,7,8,3,4675.14201419
20194,1123000566,12,8,4,0,0,1,7,1,3,0,0,0,5,1,2,0,0,1,2,0,1,2470.47226513
20194,1123000567,18,14,4,0,0,2,5,6,5,0,0,2,3,5,4,0,0,0,2,1,1,2431.47574291
20194,1123000568,88,67,21,2,15,22,22,20,7,0,9,18,17,17,6,2,6,4,5,3,1,2209.02915775
20194,1123000569,20,10,10,0,0,0,4,11,5,0,0,0,1,7,2,0,0,0,3,4,3,4287.90569515
20194,1123000570,2,1,1,0,0,0,0,1,1,0,0,0,0,0,1,0,0,0,0,1,0,2939.5225765
20194,1123000571,4,4,0,0,0,2,2,0,0,0,0,2,2,0,0,0,0,0,0,0,0,1716.47034127
20194,1123000576,40,14,26,0,9,16,6,7,2,0,3,5,4,1,1,0,6,11,2,6,1,3058.24911753
20194,1123000577,21,15,6,0,0,3,4,8,6,0,0,1,4,6,4,0,0,2,0,2,2,1907.65500781
20194,1123000580,33,31,2,0,1,8,18,4,2,0,0,8,17,4,2,0,1,0,1,0,0,2259.46977601
20194,1123000581,48,31,17,0,9,5,13,6,15,0,4,2,7,6,12,0,5,3,6,0,3,10109.4401727
20194,1123000582,7,7,0,0,0,0,1,2,4,0,0,0,1,2,4,0,0,0,0,0,0,1138.96438792
20194,1123000583,26,13,13,0,2,8,4,7,5,0,2,2,1,5,3,0,0,6,3,2,2,6558.03722184
20194,1123000584,6,4,2,0,3,2,0,1,0,0,2,2,0,0,0,0,1,0,0,1,0,988.926394008
20194,1123000585,8,6,2,0,1,1,3,3,0,0,1,1,2,2,0,0,0,0,1,1,0,3607.9552115
20194,1123000587,33,20,13,0,1,10,9,6,7,0,0,5,3,6,6,0,1,5,6,0,1,1691.30119912
20194,1123000588,1951,944,1007,3,231,487,493,608,129,2,94,193,182,389,84,1,137,294,311,219,45,13586.4982094
20194,1123000589,479,159,320,1,97,137,104,56,84,0,11,27,31,29,61,1,86,110,73,27,23,9406.4401534
20194,1123000590,23,10,13,0,2,13,3,5,0,0,1,5,2,2,0,0,1,8,1,3,0,12965.2219511
20194,1123000592,40,22,18,0,2,1,12,17,8,0,2,0,6,11,3,0,0,1,6,6,5,2045.69248671
20194,1123000593,5,3,2,0,0,0,0,4,1,0,0,0,0,3,0,0,0,0,0,1,1,2224.96319264
20194,1123000594,10,8,2,0,3,1,1,1,4,0,2,1,1,1,3,0,1,0,0,0,1,1405.42039128
20194,1123000595,4,2,2,0,0,0,0,0,4,0,0,0,0,0,2,0,0,0,0,0,2,1885.58957413
20194,1123000596,35,11,24,0,2,9,11,8,5,0,1,1,2,5,2,0,1,8,9,3,3,2079.86290593
20194,1123000598,5,4,1,0,1,0,1,2,1,0,0,0,1,2,1,0,1,0,0,0,0,1951.17131422
20194,1123000599,12,9,3,0,0,2,3,2,5,0,0,1,3,2,3,0,0,1,0,0,2,1823.27345438
20194,1123000600,27,12,15,0,2,9,8,5,3,0,1,2,4,3,2,0,1,7,4,2,1,2162.62447898
20194,1123000602,3,1,2,0,0,2,0,0,1,0,0,1,0,0,0,0,0,1,0,0,1,2931.45358807
20194,1123000603,3,1,2,0,3,0,0,0,0,0,1,0,0,0,0,0,2,0,0,0,0,2358.07625861
20194,1123000605,1646,1312,334,1,135,280,466,403,361,1,92,225,408,329,257,0,43,55,58,74,104,4346.21841473
20194,1123000606,4,2,2,0,0,1,1,1,1,0,0,0,0,1,1,0,0,1,1,0,0,3125.15005907
20194,1123000607,2,2,0,0,0,2,0,0,0,0,0,2,0,0,0,0,0,0,0,0,0,3249.3479218
20194,1123000608,27,16,11,0,1,5,10,5,6,0,1,3,4,4,4,0,0,2,6,1,2,2625.83904468
20194,1123000613,16,10,6,0,3,5,2,2,4,0,0,3,2,2,3,0,3,2,0,0,1,1818.15010802
20194,1123000614,2,2,0,0,0,0,0,1,1,0,0,0,0,1,1,0,0,0,0,0,0,3246.01714871
20194,1123000615,11,8,3,1,3,2,0,5,0,1,1,2,0,4,0,0,2,0,0,1,0,1543.17841073
20194,1123000616,329,78,251,0,56,119,75,64,15,0,6,22,21,24,5,0,50,97,54,40,10,7002.64869002
20194,1123000621,3,3,0,0,0,0,0,1,2,0,0,0,0,1,2,0,0,0,0,0,0,1668.83691379
20194,1123000622,920,430,490,0,44,61,113,269,433,0,23,37,66,94,210,0,21,24,47,175,223,8139.28415819
20194,1123000623,1,1,0,0,0,0,0,0,1,0,0,0,0,0,1,0,0,0,0,0,0,3248.84264715
20194,1123000624,27,16,11,0,3,7,10,1,6,0,1,4,6,1,4,0,2,3,4,0,2,4937.56851411
20194,1123000626,26,17,9,0,2,3,5,4,12,0,2,1,3,2,9,0,0,2,2,2,3,3635.86047217
20194,1123000627,94,41,53,0,3,28,36,15,12,0,2,12,15,6,6,0,1,16,21,9,6,8179.49828885
20194,1123000628,15,9,6,0,0,3,4,4,4,0,0,3,0,3,3,0,0,0,4,1,1,3183.56836114
20194,1123000630,4,1,3,0,0,0,0,3,1,0,0,0,0,1,0,0,0,0,0,2,1,4726.51273309
20194,1123000634,19,16,3,0,3,4,5,6,1,0,2,4,3,6,1,0,1,0,2,0,0,2162.78508597
20194,1123000635,27,23,4,0,3,2,7,11,4,0,2,2,6,9,4,0,1,0,1,2,0,2254.37723106
20194,1123000636,9,5,4,0,1,2,2,2,2,0,1,1,1,2,0,0,0,1,1,0,2,2583.12862341
20194,1123000638,3,2,1,0,0,0,2,1,0,0,0,0,1,1,0,0,0,0,1,0,0,4376.3797947
20194,1123000639,37,14,23,0,5,6,13,6,7,0,1,4,3,2,4,0,4,2,10,4,3,5975.26547421
20194,1123000640,2,0,2,0,0,0,1,1,0,0,0,0,0,0,0,0,0,0,1,1,0,2418.28491108
20194,1123000642,539,192,347,1,37,55,61,156,229,0,16,11,21,40,104,1,21,44,40,116,125,9087.70959967
20194,1123000645,7,6,1,0,0,2,4,1,0,0,0,2,3,1,0,0,0,0,1,0,0,1601.23263639
20194,1123000646,5,4,1,0,0,1,4,0,0,0,0,1,3,0,0,0,0,0,1,0,0,1378.44414946
20194,1123000653,274,170,104,2,21,36,73,89,53,0,4,18,45,60,43,2,17,18,28,29,10,8637.43186113
20194,1123000654,39,25,14,0,10,7,6,9,7,0,6,3,3,8,5,0,4,4,3,1,2,6619.07270546
20194,1123000656,13,10,3,0,1,1,4,1,6,0,1,1,3,1,4,0,0,0,1,0,2,2449.27811575
20194,1123000657,14,13,1,0,0,0,4,7,3,0,0,0,4,7,2,0,0,0,0,0,1,1230.53015294
20194,1123000659,6,5,1,0,0,2,1,2,1,0,0,2,0,2,1,0,0,0,1,0,0,6366.2523986
20194,1123000660,1571,1415,156,12,367,530,409,231,22,6,334,479,375,207,14,6,33,51,34,24,8,2911.98424896
20194,1123000661,77,33,44,0,34,35,5,2,1,0,10,17,4,2,0,0,24,18,1,0,1,2518.69245769
20194,1123000662,26,14,12,0,3,7,7,5,4,0,1,4,3,3,3,0,2,3,4,2,1,5277.1018916
20194,1123000664,140,30,110,0,26,70,22,9,13,0,4,9,1,6,10,0,22,61,21,3,3,5699.66764004
20194,1123000665,15,3,12,0,1,4,8,1,1,0,0,2,1,0,0,0,1,2,7,1,1,2503.09760121
20194,1123000666,35,18,17,0,4,6,8,11,6,0,2,2,4,7,3,0,2,4,4,4,3,5564.95403295
20194,1123000667,143,90,53,0,13,20,37,33,40,0,6,6,22,18,38,0,7,14,15,15,2,4317.78726912
20194,1123000669,2,1,1,0,0,0,1,0,1,0,0,0,0,0,1,0,0,0,1,0,0,1884.05125028
20194,1123000670,56,44,12,0,4,15,12,13,12,0,2,12,9,11,10,0,2,3,3,2,2,4668.64406334
20194,1123000671,5,4,1,0,0,0,0,5,0,0,0,0,0,4,0,0,0,0,0,1,0,1747.18607916
20194,1123000672,13,7,6,0,0,0,1,7,5,0,0,0,1,4,2,0,0,0,0,3,3,2895.57394366
20194,1123000674,61,12,49,0,13,9,21,13,5,0,4,1,2,1,4,0,9,8,19,12,1,22176.719608
20194,1123000675,98,40,58,0,7,19,28,22,22,0,2,8,8,11,11,0,5,11,20,11,11,7731.02447436
20194,1123000678,29,18,11,0,0,4,4,15,6,0,0,0,3,10,5,0,0,4,1,5,1,1902.95409476
20194,1123000680,21,14,7,0,2,4,7,6,2,0,1,3,3,6,1,0,1,1,4,0,1,903.699622706
20194,1123000681,3,2,1,0,0,0,1,0,2,0,0,0,1,0,1,0,0,0,0,0,1,5436.58843236
20194,1123000682,11,8,3,0,0,3,3,3,2,0,0,2,2,2,2,0,0,1,1,1,0,5662.97446008
20194,1123000689,15,6,9,0,1,1,4,6,3,0,0,0,1,4,1,0,1,1,3,2,2,3315.67715596
20194,1123000692,2,0,2,0,0,0,2,0,0,0,0,0,0,0,0,0,0,0,2,0,0,4347.51199684
20194,1123000693,4,2,2,0,0,1,0,1,2,0,0,0,0,1,1,0,0,1,0,0,1,1490.47639101
20194,1123000697,11,6,5,0,1,3,1,3,3,0,0,1,0,2,3,0,1,2,1,1,0,3301.47939503
20194,1123000698,2,0,2,0,0,0,0,2,0,0,0,0,0,0,0,0,0,0,0,2,0,699.943944066
20194,1123000704,3,2,1,0,0,1,0,0,2,0,0,1,0,0,1,0,0,0,0,0,1,3082.5145774
20194,1123000707,18,11,7,0,3,5,7,2,1,0,1,2,6,1,1,0,2,3,1,1,0,11145.9383493
20194,1123000710,5,4,1,0,0,1,0,2,2,0,0,0,0,2,2,0,0,1,0,0,0,2036.58428895
20194,1123000715,6,0,6,0,1,1,2,2,0,0,0,0,0,0,0,0,1,1,2,2,0,1539.3655359
20194,1123000717,107,73,34,0,19,19,22,33,14,0,13,14,15,22,9,0,6,5,7,11,5,2914.74706095
20194,1123000718,2,2,0,0,0,0,0,1,1,0,0,0,0,1,1,0,0,0,0,0,0,1772.5989134
20194,1123000719,3,2,1,0,0,0,1,0,2,0,0,0,0,0,2,0,0,0,1,0,0,1984.39986253
20194,1123000720,170,89,81,0,29,64,53,17,7,0,8,34,29,12,6,0,21,30,24,5,1,8968.58069041
20194,1123000721,5,0,5,0,2,0,2,1,0,0,0,0,0,0,0,0,2,0,2,1,0,1360.06184532
20194,1123000725,4,3,1,0,0,1,1,2,0,0,0,1,0,2,0,0,0,0,1,0,0,770.437710314
20194,1123000727,70,57,13,0,4,2,9,8,47,0,4,0,3,4,46,0,0,2,6,4,1,5519.61595065
20194,1123000728,3133,562,2571,1,433,588,566,988,557,0,97,230,171,46,18,1,336,358,395,942,539,2847.02821333
20194,1123000732,13,8,5,0,0,6,5,1,1,0,0,3,5,0,0,0,0,3,0,1,1,2573.09926262
20194,1123000733,3,1,2,0,0,0,2,0,1,0,0,0,0,0,1,0,0,0,2,0,0,5735.67251126
20194,1123000736,93,49,44,0,15,26,22,17,13,0,6,16,14,10,3,0,9,10,8,7,10,9188.41281174
20194,1123000737,4,3,1,0,1,0,1,1,1,0,1,0,1,0,1,0,0,0,0,1,0,5914.93846871
20194,1123000738,129,88,41,0,4,1,6,12,106,0,2,1,3,5,77,0,2,0,3,7,29,3820.80092312
20194,1123000739,25,10,15,0,4,3,3,13,2,0,2,0,1,6,1,0,2,3,2,7,1,8825.02822343
20194,1123000740,9,4,5,0,0,0,2,3,4,0,0,0,1,1,2,0,0,0,1,2,2,3158.56877521
20194,1123000742,1,1,0,0,0,0,0,0,1,0,0,0,0,0,1,0,0,0,0,0,0,4244.76656106
20194,1123000746,40,11,29,0,19,9,5,4,3,0,4,4,1,2,0,0,15,5,4,2,3,3797.5155461
20194,1123000747,4,1,3,0,1,0,3,0,0,0,0,0,1,0,0,0,1,0,2,0,0,4229.15002906
20194,1123000748,1,1,0,0,0,0,0,0,1,0,0,0,0,0,1,0,0,0,0,0,0,6652.09689504
20194,1123000749,116,80,36,0,29,38,20,13,16,0,19,23,14,9,15,0,10,15,6,4,1,4240.11981196
20194,1123000751,198,127,71,0,25,90,22,18,43,0,8,56,17,10,36,0,17,34,5,8,7,4006.09273558
20194,1123000753,27,10,17,1,8,5,4,3,6,0,3,1,1,3,2,1,5,4,3,0,4,3640.99294239
20194,1123000754,6,5,1,0,1,2,1,2,0,0,1,2,0,2,0,0,0,0,1,0,0,3635.66513278
20194,1123000756,282,122,160,0,65,83,57,33,44,0,12,30,19,17,44,0,53,53,38,16,0,4338.63340236
20194,1123000758,108,60,48,0,6,10,16,18,58,0,5,9,12,10,24,0,1,1,4,8,34,4095.62700985
20194,1123000759,5,1,4,0,0,1,1,1,2,0,0,1,0,0,0,0,0,0,1,1,2,2448.02260624
20194,1123000761,554,268,286,3,210,201,94,35,11,1,78,100,48,31,10,2,132,101,46,4,1,6890.23982491
20194,1123000762,15,9,6,0,1,2,5,3,4,0,0,0,3,2,4,0,1,2,2,1,0,16004.2052743
20194,1123000764,9,7,2,0,0,3,2,0,4,0,0,1,2,0,4,0,0,2,0,0,0,4110.25781179
20194,1123000766,2,2,0,0,0,0,2,0,0,0,0,0,2,0,0,0,0,0,0,0,0,1247.24874098
20194,1123000767,20,11,9,0,0,10,8,1,1,0,0,3,6,1,1,0,0,7,2,0,0,1901.15458958
20194,1123000769,9,5,4,0,0,1,2,1,5,0,0,0,0,1,4,0,0,1,2,0,1,2206.66753405
20194,1123000770,55,34,21,0,6,7,21,12,9,0,1,4,14,8,7,0,5,3,7,4,2,11464.3050017
20194,1123000772,3,2,1,0,0,0,0,0,3,0,0,0,0,0,2,0,0,0,0,0,1,4132.53707003
20194,1123000774,16,6,10,0,1,4,6,3,2,0,0,1,2,1,2,0,1,3,4,2,0,2395.23824756
20194,1123000775,1,0,1,0,0,0,0,1,0,0,0,0,0,0,0,0,0,0,0,1,0,7559.6167189
20194,1123000776,14,10,4,0,0,1,5,7,1,0,0,0,3,6,1,0,0,1,2,1,0,4645.15896643
20194,1123000777,5,2,3,0,0,0,0,1,4,0,0,0,0,0,2,0,0,0,0,1,2,4637.37759361
20194,1123000779,6,6,0,0,1,2,2,0,1,0,1,2,2,0,1,0,0,0,0,0,0,3420.31595081
20194,1123000783,10,4,6,0,0,2,4,2,2,0,0,1,0,1,2,0,0,1,4,1,0,2849.07207398
20194,1123000784,24,22,2,0,3,2,10,5,4,0,3,2,9,4,4,0,0,0,1,1,0,9942.58958689
20194,1123000785,28,25,3,0,1,5,10,10,2,0,1,3,9,10,2,0,0,2,1,0,0,3943.49847808
20194,1123000787,8,6,2,0,2,2,0,2,2,0,0,2,0,2,2,0,2,0,0,0,0,2845.04936832
20194,1123000788,16,3,13,0,0,4,6,1,5,0,0,0,0,0,3,0,0,4,6,1,2,2837.51426934
20194,1123000790,7,3,4,0,3,3,0,1,0,0,1,1,0,1,0,0,2,2,0,0,0,7394.77884981
20194,1123000791,4,2,2,0,0,0,2,0,2,0,0,0,0,0,2,0,0,0,2,0,0,6190.17818905
20194,1123000792,210,134,76,0,35,92,39,24,20,0,10,61,26,22,15,0,25,31,13,2,5,3241.68558175
20194,1123000794,4,2,2,0,0,0,1,2,1,0,0,0,0,1,1,0,0,0,1,1,0,5526.98765954
20194,1123000796,3,0,3,0,0,0,2,1,0,0,0,0,0,0,0,0,0,0,2,1,0,2548.54200245
20194,1123000797,13,9,4,0,1,5,6,0,1,0,0,5,3,0,1,0,1,0,3,0,0,8036.97057082
20194,1123000799,90,50,40,0,6,32,22,24,6,0,3,13,14,14,6,0,3,19,8,10,0,35453.1704954
20194,1123000804,2,0,2,0,0,0,0,2,0,0,0,0,0,0,0,0,0,0,0,2,0,6529.5723876
20194,1123000805,1,0,1,0,0,0,0,1,0,0,0,0,0,0,0,0,0,0,0,1,0,8770.34867432
20194,1123000806,2,2,0,0,0,0,0,1,1,0,0,0,0,1,1,0,0,0,0,0,0,3574.87789573
20194,1123000809,5,4,1,0,0,0,2,1,2,0,0,0,1,1,2,0,0,0,1,0,0,4624.25370529
20194,1123000810,4,3,1,0,0,0,0,1,3,0,0,0,0,0,3,0,0,0,0,1,0,1262.72374307
20194,1123000811,4,2,2,0,1,0,1,1,1,0,0,0,1,0,1,0,1,0,0,1,0,1581.86584045
20194,1123000812,74,55,19,0,9,15,19,20,11,0,7,12,14,13,9,0,2,3,5,7,2,3035.88478622
20194,1123000814,13,6,7,0,2,2,4,1,4,0,0,1,3,0,2,0,2,1,1,1,2,6328.78202065
20194,1123000817,2,2,0,0,0,0,0,2,0,0,0,0,0,2,0,0,0,0,0,0,0,3092.94501325
20194,1123000818,7,6,1,0,0,1,0,2,4,0,0,1,0,2,3,0,0,0,0,0,1,11921.0973824
20194,1123000821,7,3,4,0,0,0,1,3,3,0,0,0,0,1,2,0,0,0,1,2,1,6999.5667647
20194,1123000822,24,12,12,0,0,4,10,3,7,0,0,2,3,2,5,0,0,2,7,1,2,6013.87445249
20194,1123000823,8,6,2,0,0,1,3,1,3,0,0,1,1,1,3,0,0,0,2,0,0,2165.13348129
20194,1123000824,1,0,1,0,0,0,1,0,0,0,0,0,0,0,0,0,0,0,1,0,0,2499.86282906
20194,1123000826,15,7,8,0,0,0,2,7,6,0,0,0,2,2,3,0,0,0,0,5,3,4934.16602867
20194,1123000828,4,2,2,0,2,0,1,1,0,0,1,0,0,1,0,0,1,0,1,0,0,2999.95610432
20194,1123000829,9,8,1,0,1,2,1,2,3,0,1,2,1,1,3,0,0,0,0,1,0,10360.8752738
20194,1123000830,22,19,3,0,3,3,8,3,5,0,3,3,6,2,5,0,0,0,2,1,0,7393.05431544
20194,1123000831,16,9,7,0,0,4,5,2,5,0,0,3,1,2,3,0,0,1,4,0,2,2969.82232353
20194,1123000832,13,10,3,0,1,2,1,5,4,0,1,2,1,3,3,0,0,0,0,2,1,595.572774367
20194,1123000833,39,16,23,0,9,7,13,5,5,0,1,7,5,1,2,0,8,0,8,4,3,11952.4452845
20194,1123000834,8,7,1,0,0,0,2,6,0,0,0,0,1,6,0,0,0,0,1,0,0,2598.71345033
20194,1123000835,5,5,0,0,0,0,3,2,0,0,0,0,3,2,0,0,0,0,0,0,0,1111.49576141
20194,1123000836,26,17,9,0,0,5,8,10,3,0,0,3,5,7,2,0,0,2,3,3,1,2788.69944117
20194,1123000837,2,1,1,0,0,0,0,0,2,0,0,0,0,0,1,0,0,0,0,0,1,2386.50490123
20194,1123000838,12,8,4,0,1,4,1,5,1,0,0,3,1,4,0,0,1,1,0,1,1,1206.35704805
20194,1123000840,12,10,2,0,0,1,3,3,5,0,0,1,3,2,4,0,0,0,0,1,1,3559.81870719
20194,1123000841,114,96,18,0,3,16,10,13,72,0,0,7,8,10,71,0,3,9,2,3,1,17054.004377
20194,1123000842,24,23,1,0,3,4,5,8,4,0,2,4,5,8,4,0,1,0,0,0,0,2172.34562805
20194,1123000843,5,3,2,0,1,2,0,0,2,0,0,1,0,0,2,0,1,1,0,0,0,2048.99462376
20194,1123000844,42,31,11,0,5,4,13,12,8,0,4,1,10,9,7,0,1,3,3,3,1,3432.34716877
20194,1123000845,7,3,4,0,2,0,1,3,1,0,0,0,0,2,1,0,2,0,1,1,0,2260.48510389
20194,1123000846,48,17,31,0,9,11,17,6,5,0,1,5,7,2,2,0,8,6,10,4,3,2268.05573689
20194,1123000847,29,23,6,0,2,7,6,4,10,0,2,6,4,2,9,0,0,1,2,2,1,2418.13496029
20194,1123000848,32,22,10,0,2,9,11,7,3,0,0,5,10,6,1,0,2,4,1,1,2,3474.14869826
20194,1123000849,1,1,0,0,0,0,0,1,0,0,0,0,0,1,0,0,0,0,0,0,0,2202.90659378
20194,1123000850,10,6,4,0,2,3,3,2,0,0,1,2,1,2,0,0,1,1,2,0,0,3219.71305901
20194,1123000851,6,1,5,0,0,2,2,1,1,0,0,0,0,1,0,0,0,2,2,0,1,5606.01333844
20194,1123000852,4,4,0,0,0,0,2,0,2,0,0,0,2,0,2,0,0,0,0,0,0,1578.57854434
20194,1123000854,4,1,3,0,1,1,2,0,0,0,0,0,1,0,0,0,1,1,1,0,0,865.51864328
20194,1123000856,4,1,3,0,1,0,0,3,0,0,0,0,0,1,0,0,1,0,0,2,0,2204.64945203
20194,1123000857,10,0,10,0,7,1,1,1,0,0,0,0,0,0,0,0,7,1,1,1,0,3051.58675781
20194,1123000858,120,86,34,1,17,26,35,26,15,0,11,17,23,23,12,1,6,9,12,3,3,2766.90389094
20194,1123000860,107,69,38,0,17,54,13,12,11,0,7,40,9,5,8,0,10,14,4,7,3,8391.36259807
20194,1123000871,6,3,3,0,2,1,1,0,2,0,0,0,1,0,2,0,2,1,0,0,0,6143.96655999
20194,1123000873,14,10,4,0,0,3,3,5,3,0,0,2,2,4,2,0,0,1,1,1,1,3531.93565764
20194,1123000875,1446,334,1112,0,497,549,301,93,6,0,69,150,90,20,5,0,428,399,211,73,1,3194.71731579
20194,1123000877,3,2,1,0,0,1,0,1,1,0,0,1,0,0,1,0,0,0,0,1,0,2928.75373941
20194,1123000878,4,4,0,0,0,0,3,0,1,0,0,0,3,0,1,0,0,0,0,0,0,2378.11521735
20194,1123000879,28,12,16,0,4,2,8,12,2,0,3,2,4,2,1,0,1,0,4,10,1,3399.64835843
20194,1123000880,8,1,7,0,0,2,4,0,2,0,0,0,0,0,1,0,0,2,4,0,1,3422.0005008
20194,1123000882,2,0,2,0,1,0,0,1,0,0,0,0,0,0,0,0,1,0,0,1,0,3512.74773724
20194,1123000883,8,6,2,0,0,1,2,2,3,0,0,1,2,2,1,0,0,0,0,0,2,2125.16655741
20194,1123000887,48,28,20,0,9,15,11,5,8,0,3,8,7,3,7,0,6,7,4,2,1,8606.23512171
20194,1123000889,2,1,1,0,0,0,1,0,1,0,0,0,0,0,1,0,0,0,1,0,0,2234.79247841
20194,1123000892,6,4,2,0,0,0,2,1,3,0,0,0,0,1,3,0,0,0,2,0,0,1482.01424451
20194,1123000896,4,2,2,0,0,0,2,1,1,0,0,0,1,0,1,0,0,0,1,1,0,3852.66229586
20194,1123000899,4,4,0,0,1,1,1,1,0,0,1,1,1,1,0,0,0,0,0,0,0,1424.06439015
20194,1123000900,9,2,7,0,0,3,4,1,1,0,0,1,0,0,1,0,0,2,4,1,0,8449.230904
20194,1123000903,4,2,2,0,0,0,0,2,2,0,0,0,0,1,1,0,0,0,0,1,1,4101.30733984
20194,1123000911,5,3,2,0,1,0,2,1,1,0,0,0,1,1,1,0,1,0,1,0,0,2662.73336807
20194,1123000916,16,13,3,0,5,3,6,1,1,0,3,3,5,1,1,0,2,0,1,0,0,926.997156386
20194,1123000920,37,23,14,0,2,8,19,7,1,0,2,6,11,3,1,0,0,2,8,4,0,1086.18995356
20194,1123000922,4,1,3,0,1,0,1,1,1,0,0,0,1,0,0,0,1,0,0,1,1,2397.62565878
20194,1123000924,7,2,5,0,0,3,2,2,0,0,0,0,0,2,0,0,0,3,2,0,0,3349.21343777
20194,1123000925,64,33,31,0,11,17,13,21,2,0,4,11,9,8,1,0,7,6,4,13,1,3732.67537
20194,1123000933,22,9,13,0,10,1,3,6,2,0,2,0,1,5,1,0,8,1,2,1,1,2075.67256411
20194,1123000934,12,8,4,0,1,1,5,2,3,0,0,0,4,2,2,0,1,1,1,0,1,5033.75205013
20194,1123000935,4,3,1,0,2,0,0,2,0,0,1,0,0,2,0,0,1,0,0,0,0,5658.86112854
20194,1123000938,21,7,14,0,4,5,7,5,0,0,0,1,3,3,0,0,4,4,4,2,0,1822.39100718
20194,1123000940,2,2,0,0,0,0,1,1,0,0,0,0,1,1,0,0,0,0,0,0,0,3083.36377762
20194,1123000942,47,43,4,0,1,7,19,15,5,0,1,5,18,15,4,0,0,2,1,0,1,2469.10378439
20194,1123000944,6,3,3,0,0,1,3,1,1,0,0,1,0,1,1,0,0,0,3,0,0,2541.94115157
20194,1123000949,18,10,8,0,3,10,2,1,2,0,1,4,2,1,2,0,2,6,0,0,0,1253.45301219
20194,1123000954,11,1,10,0,2,0,5,4,0,0,0,0,1,0,0,0,2,0,4,4,0,4708.06271298
20194,1123000957,8,7,1,0,0,0,1,4,3,0,0,0,1,3,3,0,0,0,0,1,0,2804.75312681
20194,1123000958,35,24,11,0,1,7,10,9,8,0,1,3,6,7,7,0,0,4,4,2,1,6868.69509997
20194,1123000960,3,3,0,0,0,0,2,1,0,0,0,0,2,1,0,0,0,0,0,0,0,1899.39653633
20194,1123000961,13,5,8,0,3,4,2,3,1,0,1,0,1,2,1,0,2,4,1,1,0,9874.45124892
20194,1123000969,50,22,28,1,0,5,25,16,3,1,0,3,8,7,3,0,0,2,17,9,0,3966.53727376
20194,1123000974,3,2,1,0,0,0,1,2,0,0,0,0,1,1,0,0,0,0,0,1,0,1212.71752248
20194,1123000975,2,2,0,0,0,0,2,0,0,0,0,0,2,0,0,0,0,0,0,0,0,4277.10327787
20194,1123000978,3,3,0,0,0,1,0,1,1,0,0,1,0,1,1,0,0,0,0,0,0,1836.00903797
20194,1123000979,3,1,2,0,0,0,0,2,1,0,0,0,0,1,0,0,0,0,0,1,1,9758.30407219
20194,1123000980,1,1,0,0,0,0,0,1,0,0,0,0,0,1,0,0,0,0,0,0,0,1117.58018808
20194,1123000983,7,3,4,0,2,2,1,1,1,0,2,1,0,0,0,0,0,1,1,1,1,2366.24545472
20194,1123000984,2,2,0,0,0,0,1,1,0,0,0,0,1,1,0,0,0,0,0,0,0,3077.86066463
20194,1123000990,2,1,1,0,0,0,0,0,2,0,0,0,0,0,1,0,0,0,0,0,1,1305.98708829
20194,1123000995,15,2,13,0,8,1,5,0,1,0,0,0,1,0,1,0,8,1,4,0,0,3073.87166788
20194,1123000999,4,4,0,0,0,1,0,1,2,0,0,1,0,1,2,0,0,0,0,0,0,4074.72198537
20194,1123001000,1,1,0,0,0,0,0,0,1,0,0,0,0,0,1,0,0,0,0,0,0,2394.42581509
20194,1123001002,5,1,4,0,0,0,2,1,2,0,0,0,1,0,0,0,0,0,1,1,2,4405.99332393
20194,1123001005,30,15,15,0,4,5,14,5,2,0,0,3,7,5,0,0,4,2,7,0,2,6633.87725523
20194,1123001006,4,3,1,0,0,1,0,1,2,0,0,1,0,0,2,0,0,0,0,1,0,830.165903969
20194,1123001008,8,7,1,0,0,0,0,5,3,0,0,0,0,4,3,0,0,0,0,1,0,4966.72047992
20194,1123001009,2,2,0,0,2,0,0,0,0,0,2,0,0,0,0,0,0,0,0,0,0,3491.88435607
20194,1123001010,4,2,2,0,0,2,0,2,0,0,0,1,0,1,0,0,0,1,0,1,0,2510.94937435
20194,1123001012,4,2,2,0,0,0,0,3,1,0,0,0,0,1,1,0,0,0,0,2,0,654.762584036
20194,1123001013,2,2,0,0,1,0,1,0,0,0,1,0,1,0,0,0,0,0,0,0,0,2311.56558557
20194,1123001015,17,6,11,0,6,8,1,1,1,0,2,2,0,1,1,0,4,6,1,0,0,1381.14508248
20194,1123001020,4,4,0,0,0,3,1,0,0,0,0,3,1,0,0,0,0,0,0,0,0,3282.08490934
20194,1123001021,7,4,3,0,0,2,3,1,1,0,0,2,2,0,0,0,0,0,1,1,1,2792.34741787
20194,1123001022,702,498,204,0,5,92,243,248,114,0,3,42,152,202,99,0,2,50,91,46,15,75357.7962421
20194,1123001024,2,2,0,0,0,1,1,0,0,0,0,1,1,0,0,0,0,0,0,0,0,1737.81831967
20194,1123001030,3,1,2,0,2,1,0,0,0,0,0,1,0,0,0,0,2,0,0,0,0,2631.50546448
20194,1123001031,15,7,8,0,6,3,6,0,0,0,3,2,2,0,0,0,3,1,4,0,0,2513.51861358
20194,1123001034,3,1,2,0,0,1,1,1,0,0,0,0,0,1,0,0,0,1,1,0,0,2937.58974716
20194,1123001035,6,1,5,0,1,0,3,1,1,0,0,0,1,0,0,0,1,0,2,1,1,2582.97069588
20194,1123001036,14,7,7,0,4,3,3,4,0,0,1,1,2,3,0,0,3,2,1,1,0,86181.752073
20194,1123001038,3,2,1,0,0,1,1,0,1,0,0,1,0,0,1,0,0,0,1,0,0,702.517798597
20194,1123001039,13,9,4,0,1,1,2,3,6,0,0,0,2,2,5,0,1,1,0,1,1,26947.7282141
20194,1123001040,5,3,2,0,0,1,1,3,0,0,0,0,0,3,0,0,0,1,1,0,0,2564.67134806
20194,1123001041,14,5,9,0,0,1,7,6,0,0,0,1,3,1,0,0,0,0,4,5,0,3891.79118463
20194,1123001043,14,8,6,0,0,3,5,3,3,0,0,2,4,1,1,0,0,1,1,2,2,2174.7425155
20194,1123001047,2,1,1,0,0,0,0,2,0,0,0,0,0,1,0,0,0,0,0,1,0,5773.03312329
20194,1123001048,19,13,6,0,1,1,10,4,3,0,0,1,7,3,2,0,1,0,3,1,1,5667.90612722
20194,1123001049,4,3,1,0,0,2,1,1,0,0,0,1,1,1,0,0,0,1,0,0,0,2908.9263683
20194,1123001051,128,40,88,0,7,10,27,30,54,0,0,4,13,5,18,0,7,6,14,25,36,12705.1673298
20194,1123001052,4,1,3,0,0,1,0,2,1,0,0,0,0,0,1,0,0,1,0,2,0,2913.25226694
20194,1123001057,11,5,6,0,1,2,3,3,2,0,0,1,2,1,1,0,1,1,1,2,1,3302.94712939
20194,1123001063,7,4,3,0,1,1,2,2,1,0,0,0,1,2,1,0,1,1,1,0,0,1036.60154414
20194,1123001070,7,6,1,0,4,0,1,2,0,0,3,0,1,2,0,0,1,0,0,0,0,5731.46337646
20194,1123001071,25,10,15,0,6,5,6,6,2,0,0,3,2,4,1,0,6,2,4,2,1,3146.20831367
20194,1123001077,4,2,2,0,0,1,1,1,1,0,0,0,1,1,0,0,0,1,0,0,1,1921.47218633
20194,1123001078,35,18,17,0,3,6,7,13,6,0,1,3,2,8,4,0,2,3,5,5,2,6464.12246345
20194,1123001082,4,4,0,0,0,0,2,1,1,0,0,0,2,1,1,0,0,0,0,0,0,1952.94323736
20194,1123001085,238,127,111,0,35,53,83,51,16,0,11,26,55,25,10,0,24,27,28,26,6,5762.89541679
20194,1123001088,3,3,0,0,0,0,0,0,3,0,0,0,0,0,3,0,0,0,0,0,0,8042.30153718
20194,1123001089,3,1,2,0,0,0,1,1,1,0,0,0,0,0,1,0,0,0,1,1,0,9030.19472157
20194,1123001091,2,1,1,0,0,0,0,1,1,0,0,0,0,0,1,0,0,0,0,1,0,2168.0241135
20194,1123001093,2,1,1,0,0,1,1,0,0,0,0,0,1,0,0,0,0,1,0,0,0,3166.72280181
20194,1123001102,4,3,1,0,1,0,0,2,1,0,1,0,0,1,1,0,0,0,0,1,0,2096.36169548
20194,1123001103,3,1,2,0,0,1,2,0,0,0,0,0,1,0,0,0,0,1,1,0,0,5580.69721502
20194,1123001115,72,36,36,1,28,11,15,4,13,1,14,6,8,2,5,0,14,5,7,2,8,38244.3507977
20194,1123001117,7,5,2,0,2,3,2,0,0,0,1,3,1,0,0,0,1,0,1,0,0,1137.74013892
20194,1123001118,4,3,1,0,1,0,0,3,0,0,0,0,0,3,0,0,1,0,0,0,0,1306.08891639
20194,1123001119,5,2,3,0,1,0,0,1,3,0,0,0,0,0,2,0,1,0,0,1,1,1619.08847219
20194,1123001121,2,2,0,0,0,0,0,0,2,0,0,0,0,0,2,0,0,0,0,0,0,1470.25396391
20194,1123001123,3,1,2,0,1,1,1,0,0,0,0,0,1,0,0,0,1,1,0,0,0,5027.21683106
20194,1123001125,219,69,150,0,41,56,60,47,15,0,8,15,14,20,12,0,33,41,46,27,3,4184.06575642
20194,1123001126,9,7,2,0,0,1,4,3,1,0,0,1,3,2,1,0,0,0,1,1,0,3173.32707008
20194,1123001131,7,3,4,0,0,3,1,2,1,0,0,1,1,1,0,0,0,2,0,1,1,5769.86987865
20194,1123001136,5,5,0,0,0,3,2,0,0,0,0,3,2,0,0,0,0,0,0,0,0,1115.19650562
20194,1123001138,4,4,0,0,0,1,3,0,0,0,0,1,3,0,0,0,0,0,0,0,0,995.522197245
20194,1123001140,2,1,1,0,0,1,0,1,0,0,0,0,0,1,0,0,0,1,0,0,0,2198.20008866
20194,1123001141,10,5,5,0,0,2,2,3,3,0,0,0,1,1,3,0,0,2,1,2,0,2710.43756067
20194,1123001147,4,3,1,0,0,1,0,2,1,0,0,1,0,1,1,0,0,0,0,1,0,2089.71271821
20194,1123001154,58,48,10,0,2,7,13,28,8,0,1,6,9,25,7,0,1,1,4,3,1,3163.5209142
20194,1123001159,9,5,4,0,0,5,1,2,1,0,0,1,1,2,1,0,0,4,0,0,0,615.770390618
20194,1123001164,1,1,0,0,0,0,0,0,1,0,0,0,0,0,1,0,0,0,0,0,0,845.324753447
20194,1123001169,5,4,1,0,1,1,2,1,0,0,0,1,2,1,0,0,1,0,0,0,0,1885.21017967
20194,1123001178,7,6,1,0,1,4,1,0,1,0,1,4,0,0,1,0,0,0,1,0,0,948.704945047
20194,1123001184,6,2,4,0,0,0,1,5,0,0,0,0,0,2,0,0,0,0,1,3,0,1621.91633535
20194,1123001188,3,3,0,0,0,0,0,3,0,0,0,0,0,3,0,0,0,0,0,0,0,4681.36199995
20194,1123001192,6,3,3,0,0,0,1,5,0,0,0,0,0,3,0,0,0,0,1,2,0,1363.00514833
20194,1123001196,6,2,4,0,0,1,0,1,4,0,0,0,0,1,1,0,0,1,0,0,3,2983.07530735
20194,1123001203,3,1,2,0,0,0,1,2,0,0,0,0,1,0,0,0,0,0,0,2,0,3334.59171495
20194,1123001204,25,9,16,0,3,3,8,8,3,0,1,1,1,4,2,0,2,2,7,4,1,5537.27314008
20194,1123001212,912,386,526,2,141,195,202,221,151,1,48,91,84,77,85,1,93,104,118,144,66,3424.08233721
20194,1123001225,4,3,1,0,0,0,3,0,1,0,0,0,3,0,0,0,0,0,0,0,1,1620.38956919
20194,1123001227,1,1,0,0,0,0,1,0,0,0,0,0,1,0,0,0,0,0,0,0,0,2568.4614047
20194,1123001229,9,7,2,0,0,1,2,4,2,0,0,1,2,2,2,0,0,0,0,2,0,2638.75401326
20194,1123001230,11,9,2,0,1,2,5,3,0,0,1,2,4,2,0,0,0,0,1,1,0,2574.61545223
20194,1123001232,2,2,0,0,0,1,0,0,1,0,0,1,0,0,1,0,0,0,0,0,0,4104.49026507
20194,1123001233,124,88,36,0,13,23,29,20,39,0,6,16,17,13,36,0,7,7,12,7,3,4361.97528672
20194,1123001234,4,0,4,0,0,1,2,1,0,0,0,0,0,0,0,0,0,1,2,1,0,2265.87993922
20194,1123001243,7,7,0,0,0,0,2,4,1,0,0,0,2,4,1,0,0,0,0,0,0,412.873694887
20194,1123001247,3,2,1,0,0,0,3,0,0,0,0,0,2,0,0,0,0,0,1,0,0,2593.29276002
20194,1123001251,1,1,0,0,0,0,0,1,0,0,0,0,0,1,0,0,0,0,0,0,0,1806.93515137
20194,1123001252,4,3,1,0,1,0,0,2,1,0,1,0,0,1,1,0,0,0,0,1,0,3972.39225777
20194,1123001262,3,1,2,0,0,0,1,2,0,0,0,0,1,0,0,0,0,0,0,2,0,1388.2020094
20194,1123001265,21,2,19,0,2,5,6,6,2,0,0,0,1,0,1,0,2,5,5,6,1,2131.82584228
20194,1123001266,99,19,80,0,11,27,27,24,10,0,0,3,7,2,7,0,11,24,20,22,3,17231.4819426
20194,1123001269,2,1,1,0,0,0,1,1,0,0,0,0,0,1,0,0,0,0,1,0,0,1705.87460823
20194,1123001271,12,7,5,0,0,3,4,3,2,0,0,2,1,2,2,0,0,1,3,1,0,3031.587709
20194,1123001272,30,18,12,0,5,5,9,9,2,0,5,2,3,6,2,0,0,3,6,3,0,3015.47768558
20194,1123001273,8,5,3,0,1,1,3,3,0,0,0,1,2,2,0,0,1,0,1,1,0,9357.04827425
20194,1123001280,4,2,2,0,0,0,1,2,1,0,0,0,0,2,0,0,0,0,1,0,1,3600.74066953
20194,1123001282,4,0,4,0,1,0,0,3,0,0,0,0,0,0,0,0,1,0,0,3,0,1476.08055255
20194,1123001284,5,1,4,0,3,0,0,2,0,0,0,0,0,1,0,0,3,0,0,1,0,4095.01648466
20194,1123001285,3,1,2,0,1,0,1,1,0,0,0,0,0,1,0,0,1,0,1,0,0,1094.09394927
20194,1123001286,7,2,5,0,0,1,6,0,0,0,0,0,2,0,0,0,0,1,4,0,0,2682.5819701
20194,1123001292,4,2,2,0,2,0,1,0,1,0,2,0,0,0,0,0,0,0,1,0,1,1340.74481648
20194,1123001295,7,4,3,0,0,0,1,4,2,0,0,0,1,1,2,0,0,0,0,3,0,3050.30695554
20194,1123001298,3,0,3,0,1,0,0,2,0,0,0,0,0,0,0,0,1,0,0,2,0,1490.37942704
20194,1123001299,160,94,66,0,20,53,32,39,16,0,5,20,23,34,12,0,15,33,9,5,4,3095.68658882
20194,1123001301,51,43,8,0,2,30,18,1,0,0,2,27,13,1,0,0,0,3,5,0,0,5649.15500544
20194,1123001306,33,11,22,0,7,9,9,4,4,0,1,5,2,1,2,0,6,4,7,3,2,6314.75504802
20194,1123001309,14,11,3,0,2,7,0,3,2,0,1,6,0,2,2,0,1,1,0,1,0,3176.70006711
20194,1123001317,5,4,1,0,0,0,0,1,4,0,0,0,0,1,3,0,0,0,0,0,1,7574.59307796
20194,1123001319,8,7,1,0,2,2,2,2,0,0,2,2,1,2,0,0,0,0,1,0,0,4983.2483172
20194,1123001326,399,226,173,0,43,89,100,103,64,0,17,41,45,74,49,0,26,48,55,29,15,5658.17166803
20194,1123001329,7,2,5,0,3,2,0,2,0,0,0,0,0,2,0,0,3,2,0,0,0,5200.27360612
20194,1123001330,134,129,5,0,1,1,11,56,65,0,0,1,10,53,65,0,1,0,1,3,0,4968.44184638
20194,1123001331,9,8,1,0,0,0,1,2,6,0,0,0,1,2,5,0,0,0,0,0,1,6572.33371418
20194,1123001333,25,23,2,0,0,2,0,2,21,0,0,1,0,1,21,0,0,1,0,1,0,142300.960354
20194,1123001335,71,48,23,0,9,15,19,14,14,0,5,10,13,11,9,0,4,5,6,3,5,14580.2287956
20194,1123001336,163,85,78,0,18,70,44,14,17,0,6,36,24,8,11,0,12,34,20,6,6,13518.2484709
20194,1123001338,72,42,30,1,8,15,13,17,18,1,4,5,7,10,15,0,4,10,6,7,3,14034.7598661
20194,1123001339,20,15,5,0,3,2,6,7,2,0,2,2,4,5,2,0,1,0,2,2,0,3086.2119734
20194,1123001341,135,72,63,3,11,26,38,38,19,3,7,14,20,15,13,0,4,12,18,23,6,14753.5555328
20194,1123001342,84,66,18,0,10,20,27,17,10,0,7,16,22,12,9,0,3,4,5,5,1,4890.27737582
20194,1123001344,111,107,4,0,0,5,17,32,57,0,0,4,15,31,57,0,0,1,2,1,0,10344.9087969
20194,1123001346,153,99,54,0,27,37,40,28,21,0,13,24,24,18,20,0,14,13,16,10,1,14228.9395352
20194,1123001348,18,7,11,0,5,5,3,4,1,0,1,1,2,2,1,0,4,4,1,2,0,1516.73077499
20194,1123001349,40,27,13,0,5,3,9,13,10,0,1,3,6,8,9,0,4,0,3,5,1,6100.05561612
20194,1123001350,524,310,214,0,51,45,36,91,301,0,44,40,32,48,146,0,7,5,4,43,155,7800.16063219
20194,1123001351,139,75,64,0,19,39,31,33,17,0,2,18,19,24,12,0,17,21,12,9,5,13334.0678012
20194,1123001352,48,35,13,0,11,8,11,10,8,0,8,5,8,7,7,0,3,3,3,3,1,5923.45945574
20194,1123001353,438,296,142,2,9,11,28,37,351,0,2,3,15,16,260,2,7,8,13,21,91,7192.62815346
20194,1123001354,12,8,4,0,1,1,3,6,1,0,1,1,1,4,1,0,0,0,2,2,0,1388.96975073
20194,1123001355,8,4,4,0,0,2,2,3,1,0,0,0,1,3,0,0,0,2,1,0,1,2977.99793061
20194,1123001356,69,64,5,0,1,3,8,14,43,0,1,2,6,13,42,0,0,1,2,1,1,3433.71335463
20194,1123001357,10,6,4,0,2,0,3,3,2,0,1,0,2,2,1,0,1,0,1,1,1,5898.85922386
20194,1123001358,52,33,19,0,10,12,18,9,3,0,5,7,12,7,2,0,5,5,6,2,1,8534.43284344
20194,1123001359,10,5,5,0,0,5,4,1,0,0,0,3,2,0,0,0,0,2,2,1,0,3743.21790007
20194,1123001360,4,2,2,0,2,0,0,2,0,0,1,0,0,1,0,0,1,0,0,1,0,1355.34837445
20194,1123001362,56,35,21,0,6,7,8,20,15,0,1,3,4,16,11,0,5,4,4,4,4,6518.33570488
20194,1123001365,516,416,100,0,145,141,122,55,53,0,119,123,94,35,45,0,26,18,28,20,8,14057.3660987
20194,1123001366,4,1,3,0,0,1,0,1,2,0,0,0,0,0,1,0,0,1,0,1,1,343.514960473
20194,1123001367,58,44,14,0,3,6,16,8,25,0,2,3,7,8,24,0,1,3,9,0,1,7875.80489619
20194,1123001368,38,18,20,0,3,5,10,15,5,0,0,2,5,10,1,0,3,3,5,5,4,7981.48969243
20194,1123001371,9,8,1,0,0,0,5,2,2,0,0,0,5,2,1,0,0,0,0,0,1,3789.31894149
20194,1123001372,83,45,38,0,10,26,26,15,6,0,7,10,16,11,1,0,3,16,10,4,5,7544.30183205
20194,1123001373,2,2,0,0,0,0,0,1,1,0,0,0,0,1,1,0,0,0,0,0,0,267.986559413
20194,1123001374,25,17,8,0,5,5,3,6,6,0,3,4,2,4,4,0,2,1,1,2,2,3448.47641737
20194,1123001375,416,298,118,6,31,74,106,78,121,5,11,44,71,62,105,1,20,30,35,16,16,14113.5126472
20194,1123001376,10,6,4,0,0,0,1,4,5,0,0,0,0,2,4,0,0,0,1,2,1,5273.24260925
20194,1123001377,6,6,0,0,0,2,0,1,3,0,0,2,0,1,3,0,0,0,0,0,0,2621.53512107
20194,1123001379,10,6,4,0,0,2,2,4,2,0,0,0,1,3,2,0,0,2,1,1,0,5566.7657525
20194,1123001381,18,14,4,0,0,1,8,4,5,0,0,1,6,3,4,0,0,0,2,1,1,4734.4584569
20194,1123001384,13,3,10,0,6,3,2,1,1,0,0,1,2,0,0,0,6,2,0,1,1,5199.24676573
20194,1123001385,139,75,64,0,14,30,44,33,18,0,4,15,25,18,13,0,10,15,19,15,5,8042.37328887
20194,1123001386,18,11,7,0,1,2,8,4,3,0,1,2,4,2,2,0,0,0,4,2,1,2931.89741529
20194,1123001388,25,13,12,0,3,2,4,15,1,0,2,1,0,9,1,0,1,1,4,6,0,6419.41771923
20194,1123001389,15,10,5,0,0,3,3,5,4,0,0,1,2,3,4,0,0,2,1,2,0,5354.60233294
20194,1123001391,271,249,22,0,22,94,72,80,3,0,18,87,67,76,1,0,4,7,5,4,2,5470.59872095
20194,1123001392,38,9,29,0,17,5,4,8,4,0,0,3,1,3,2,0,17,2,3,5,2,6654.32879763
20194,1123001393,44,32,12,0,12,6,11,8,7,0,9,4,8,5,6,0,3,2,3,3,1,6374.30314091
20194,1123001397,24,14,10,0,5,5,5,8,1,0,5,2,4,2,1,0,0,3,1,6,0,6525.81560154
20194,1123001398,7,3,4,0,1,3,0,2,1,0,0,2,0,0,1,0,1,1,0,2,0,4536.20935954
20194,1123001399,10,4,6,0,0,1,4,5,0,0,0,0,1,3,0,0,0,1,3,2,0,6474.82609417
20194,1123001400,6,5,1,0,0,1,1,2,2,0,0,1,0,2,2,0,0,0,1,0,0,11320.3183701
20194,1123001401,27,5,22,0,2,5,7,7,6,0,0,0,0,0,5,0,2,5,7,7,1,15122.9864546
20194,1123001402,3,2,1,0,0,1,1,0,1,0,0,1,0,0,1,0,0,0,1,0,0,3221.89739034
20194,1123001403,38,23,15,0,2,8,11,7,10,0,1,3,8,3,8,0,1,5,3,4,2,4867.70086789
20194,1123001404,18,16,2,0,2,5,5,5,1,0,2,5,5,3,1,0,0,0,0,2,0,1810.52620531
20194,1123001405,72,35,37,0,23,14,16,12,7,0,9,10,6,6,4,0,14,4,10,6,3,5917.4011449
20194,1123001406,10,9,1,0,0,0,1,7,2,0,0,0,1,6,2,0,0,0,0,1,0,6501.7530575
20194,1123001407,16,13,3,0,1,4,7,3,1,0,0,3,7,2,1,0,1,1,0,1,0,6368.72709123
20194,1123001408,25,12,13,0,6,5,7,4,3,0,2,2,3,2,3,0,4,3,4,2,0,1000.0890138
20194,1123001409,2,2,0,0,0,0,1,0,1,0,0,0,1,0,1,0,0,0,0,0,0,1020.5928757
20194,1123001411,7,7,0,0,1,0,1,1,4,0,1,0,1,1,4,0,0,0,0,0,0,2523.75545318
20194,1123001413,100,75,25,0,6,33,28,15,18,0,1,26,23,11,14,0,5,7,5,4,4,11519.4560242
20194,1123001414,2,2,0,0,0,0,0,0,2,0,0,0,0,0,2,0,0,0,0,0,0,1137.48089262
20194,1123001416,5,2,3,0,0,1,2,1,1,0,0,0,1,0,1,0,0,1,1,1,0,3778.67687162
20194,1123001417,181,143,38,1,56,42,37,31,14,0,43,32,32,26,10,1,13,10,5,5,4,7514.87708392
20194,1123001419,10,8,2,0,0,1,0,5,4,0,0,0,0,5,3,0,0,1,0,0,1,9775.13424425
20194,1123001421,14,4,10,0,3,3,2,5,1,0,1,1,1,0,1,0,2,2,1,5,0,6014.44502704
20194,1123001422,2,2,0,0,0,0,2,0,0,0,0,0,2,0,0,0,0,0,0,0,0,1880.3633536
20194,1123001424,101,99,2,0,1,0,8,42,50,0,1,0,8,40,50,0,0,0,0,2,0,4932.16320077
20194,1123001425,147,79,68,0,31,51,22,21,22,0,12,28,12,12,15,0,19,23,10,9,7,13280.7704614
20194,1123001426,13,10,3,0,0,3,5,4,1,0,0,3,4,2,1,0,0,0,1,2,0,5658.04577768
20194,1123001427,21,9,12,0,3,6,3,3,6,0,0,3,0,1,5,0,3,3,3,2,1,3280.33657303
20194,1123001429,15,11,4,0,0,6,3,3,3,0,0,4,2,2,3,0,0,2,1,1,0,5682.75460762
20194,1123001431,3,2,1,0,0,0,1,1,1,0,0,0,1,1,0,0,0,0,0,0,1,1921.24713238
20194,1123001433,5,5,0,0,0,1,2,2,0,0,0,1,2,2,0,0,0,0,0,0,0,5496.50228721
20194,1123001434,68,43,25,0,11,21,14,11,11,0,3,13,9,8,10,0,8,8,5,3,1,5145.44003317
20194,1123001437,8,6,2,0,1,0,1,2,4,0,0,0,1,2,3,0,1,0,0,0,1,2326.9723399
20194,1123001440,20,14,6,0,0,3,5,7,5,0,0,1,4,6,3,0,0,2,1,1,2,7213.35894654
20194,1123001441,3,1,2,0,0,1,0,1,1,0,0,0,0,0,1,0,0,1,0,1,0,1457.86495565
20194,1123001442,38,17,21,0,1,4,3,22,8,0,0,1,2,11,3,0,1,3,1,11,5,4977.86546705
20194,1123001443,24,6,18,0,2,7,7,3,5,0,0,1,1,1,3,0,2,6,6,2,2,4730.21808241
20194,1123001444,96,13,83,0,7,19,34,30,6,0,1,3,2,2,5,0,6,16,32,28,1,13746.4756124
20194,1123001445,5,4,1,0,0,0,2,3,0,0,0,0,2,2,0,0,0,0,0,1,0,2480.22846466
20194,1123001448,3,2,1,0,0,1,0,0,2,0,0,0,0,0,2,0,0,1,0,0,0,4354.47016014
20194,1123001450,4,4,0,0,0,2,0,2,0,0,0,2,0,2,0,0,0,0,0,0,0,3045.99398529
20194,1123001451,2,1,1,0,0,1,0,0,1,0,0,1,0,0,0,0,0,0,0,0,1,4503.51955396
20194,1123001452,103,52,51,0,22,31,23,16,11,0,9,14,12,7,10,0,13,17,11,9,1,5180.56802312
20194,1123001453,11,10,1,0,2,2,3,3,1,0,2,1,3,3,1,0,0,1,0,0,0,2969.74191804
20194,1123001454,2,2,0,0,0,1,0,1,0,0,0,1,0,1,0,0,0,0,0,0,0,1674.43272639
20194,1123001455,24,12,12,0,2,1,7,9,5,0,2,1,3,5,1,0,0,0,4,4,4,6837.64911032
20194,1123001456,164,148,16,0,26,35,45,37,21,0,19,31,44,34,20,0,7,4,1,3,1,5126.12306402
20194,1123001459,3,3,0,0,0,0,1,1,1,0,0,0,1,1,1,0,0,0,0,0,0,2630.20227803
20194,1123001460,9,6,3,0,0,1,7,0,1,0,0,1,4,0,1,0,0,0,3,0,0,1541.02592783
20194,1123001462,122,65,57,0,9,20,35,36,22,0,6,10,17,20,12,0,3,10,18,16,10,3894.32687889
20194,1123001464,5,4,1,0,2,0,1,1,1,0,2,0,1,1,0,0,0,0,0,0,1,8432.94970331
20194,1123001465,46,11,35,0,9,14,8,13,2,0,2,3,1,4,1,0,7,11,7,9,1,18246.4413529
20194,1123001467,21,9,12,0,0,0,4,10,7,0,0,0,2,5,2,0,0,0,2,5,5,4736.76092528
20194,1123001473,126,91,35,0,21,31,31,26,17,0,16,18,22,20,15,0,5,13,9,6,2,2709.17188854
20194,1123001474,59,30,29,0,3,12,28,10,6,0,3,9,14,1,3,0,0,3,14,9,3,8476.88203593
20194,1123001476,5,4,1,0,1,1,1,1,1,0,1,0,1,1,1,0,0,1,0,0,0,7063.28036857
20194,1123001477,13,9,4,0,2,1,4,4,2,0,1,0,4,2,2,0,1,1,0,2,0,6953.99217491
20194,1123001479,10,9,1,0,0,1,5,3,1,0,0,0,5,3,1,0,0,1,0,0,0,6990.62090556
20194,1123001480,23,11,12,0,0,3,4,11,5,0,0,1,2,6,2,0,0,2,2,5,3,7085.04358612
20194,1123001481,57,35,22,0,6,17,15,13,6,0,1,13,10,8,3,0,5,4,5,5,3,8895.96901651
20194,1123001482,60,33,27,0,5,11,14,23,7,0,3,8,6,10,6,0,2,3,8,13,1,6110.90501105
20194,1123001483,27,12,15,0,3,5,9,10,0,0,2,4,2,4,0,0,1,1,7,6,0,6160.22952037
20194,1123001484,47,31,16,2,10,14,10,9,2,2,7,5,7,8,2,0,3,9,3,1,0,3076.36896317
20194,1123001486,7,3,4,0,0,0,2,2,3,0,0,0,0,1,2,0,0,0,2,1,1,5359.76878647
20194,1123001487,11,10,1,0,1,1,3,3,3,0,1,1,2,3,3,0,0,0,1,0,0,3386.07192793
20194,1123001488,7,4,3,0,0,1,6,0,0,0,0,0,4,0,0,0,0,1,2,0,0,3019.7420794
20194,1123001489,15,11,4,0,4,5,4,1,1,0,3,3,3,1,1,0,1,2,1,0,0,3187.30133804
20194,1123001491,16,6,10,0,3,5,3,4,1,0,0,2,1,2,1,0,3,3,2,2,0,25154.3285933
20194,1123001493,2,2,0,0,1,0,0,1,0,0,1,0,0,1,0,0,0,0,0,0,0,3174.20676325
20194,1123001494,92,25,67,0,13,15,16,22,26,0,4,9,6,2,4,0,9,6,10,20,22,7379.14624136
20194,1123001497,6,6,0,0,0,0,3,2,1,0,0,0,3,2,1,0,0,0,0,0,0,2817.87552365
20194,1123001498,16,1,15,0,5,3,2,4,2,0,0,0,0,0,1,0,5,3,2,4,1,1808.47977986
20194,1123001499,6,4,2,0,2,1,1,2,0,0,2,1,0,1,0,0,0,0,1,1,0,1821.86097926
20194,1123001501,16,9,7,0,0,6,2,8,0,0,0,4,1,4,0,0,0,2,1,4,0,1697.95252412
20194,1123001505,8,4,4,0,0,4,1,2,1,0,0,2,1,1,0,0,0,2,0,1,1,7638.06405978
20194,1123001509,110,75,35,0,7,25,30,30,18,0,6,17,21,17,14,0,1,8,9,13,4,10862.3147481
20194,1123001514,724,301,423,0,14,16,59,178,457,0,11,9,33,67,181,0,3,7,26,111,276,3651.64655198
20194,1123001516,22,2,20,0,5,7,3,3,4,0,0,0,0,0,2,0,5,7,3,3,2,7303.2756489
20194,1123001518,41,21,20,0,8,7,4,17,5,0,5,3,2,7,4,0,3,4,2,10,1,6825.94748015
20194,1123001520,19,15,4,0,6,3,7,2,1,0,3,3,6,2,1,0,3,0,1,0,0,2442.67438422
20194,1123001526,13,9,4,0,0,2,7,3,1,0,0,1,5,2,1,0,0,1,2,1,0,3198.73780029
20194,1123001530,23,11,12,0,4,6,7,3,3,0,2,0,5,1,3,0,2,6,2,2,0,7635.80977453
20194,1123001534,44,25,19,1,8,11,16,5,3,1,3,6,11,4,0,0,5,5,5,1,3,9796.04396006
20194,1123001536,7,6,1,0,0,1,3,0,3,0,0,1,2,0,3,0,0,0,1,0,0,6330.7126506
20194,1123001537,3,3,0,0,0,2,0,1,0,0,0,2,0,1,0,0,0,0,0,0,0,770.712491337
20194,1123001540,5,3,2,0,0,1,0,2,2,0,0,0,0,1,2,0,0,1,0,1,0,365.90759133
20194,1123001541,27,13,14,0,1,4,6,7,9,0,0,2,3,3,5,0,1,2,3,4,4,2661.1772161
20194,1123001542,12,9,3,0,0,1,4,5,2,0,0,0,3,4,2,0,0,1,1,1,0,2955.87505828
20194,1123001543,3,3,0,0,0,0,2,1,0,0,0,0,2,1,0,0,0,0,0,0,0,8596.90806714
20194,1123001548,7,2,5,0,3,1,1,2,0,0,1,0,0,1,0,0,2,1,1,1,0,2383.501796
20194,1123001552,1,0,1,0,0,0,0,0,1,0,0,0,0,0,0,0,0,0,0,0,1,780.11637716
20194,1123001555,15,7,8,0,0,3,3,5,4,0,0,1,1,2,3,0,0,2,2,3,1,2318.38621465
20194,1123001557,9,4,5,0,1,2,4,1,1,0,0,1,2,0,1,0,1,1,2,1,0,2655.03621618
20194,1123001562,2,2,0,0,0,0,0,1,1,0,0,0,0,1,1,0,0,0,0,0,0,2385.05822121
20194,1123001563,1,1,0,0,0,0,0,0,1,0,0,0,0,0,1,0,0,0,0,0,0,1105.44703502
20194,1123001564,155,114,41,0,21,31,37,46,20,0,16,26,25,31,16,0,5,5,12,15,4,9502.44158873
20194,1123001567,2,0,2,0,1,1,0,0,0,0,0,0,0,0,0,0,1,1,0,0,0,5111.96050348
20194,1123001571,12,8,4,0,0,1,1,8,2,0,0,1,0,5,2,0,0,0,1,3,0,2768.6736512
20194,1123001572,4,3,1,0,0,0,0,2,2,0,0,0,0,1,2,0,0,0,0,1,0,1958.7063422
20194,1123001573,2115,1411,704,12,473,565,537,385,143,9,328,398,329,244,103,3,145,167,208,141,40,5441.91728221
20194,1123001578,14,10,4,0,2,3,4,2,3,0,0,3,3,2,2,0,2,0,1,0,1,1097.38995478
20194,1123001579,49,7,42,0,0,5,9,31,4,0,0,1,2,2,2,0,0,4,7,29,2,807.433710519
20194,1123001583,2,2,0,0,0,0,0,1,1,0,0,0,0,1,1,0,0,0,0,0,0,1005.17816963
20194,1123001584,280,107,173,1,43,63,76,67,30,0,3,22,33,33,16,1,40,41,43,34,14,7992.12693281
20194,1123001588,272,248,24,0,1,7,37,98,129,0,0,2,27,94,125,0,1,5,10,4,4,6658.18866416
20194,1123001589,16,9,7,0,1,2,2,7,4,0,0,0,1,5,3,0,1,2,1,2,1,6674.14783146
20194,1123001592,13,8,5,0,0,3,8,2,0,0,0,1,5,2,0,0,0,2,3,0,0,9422.71776574
20194,1123001593,49,21,28,0,1,10,10,14,14,0,0,1,3,8,9,0,1,9,7,6,5,4203.23962719
20194,1123001594,82,38,44,0,10,16,17,23,16,0,8,11,5,9,5,0,2,5,12,14,11,6043.8271992
20194,1123001595,285,155,130,5,58,72,66,66,18,5,35,46,36,21,12,0,23,26,30,45,6,8134.30016491
20194,1123001596,7,2,5,0,0,0,0,1,6,0,0,0,0,0,2,0,0,0,0,1,4,2177.99281376
20194,1123001597,7,2,5,0,0,0,2,3,2,0,0,0,0,1,1,0,0,0,2,2,1,4043.53997307
20194,1123001598,9,6,3,0,0,2,1,3,3,0,0,1,0,3,2,0,0,1,1,0,1,8201.99578759
20194,1123001599,18,7,11,0,5,2,3,8,0,0,2,1,0,4,0,0,3,1,3,4,0,4523.47937648
20194,1123001603,10,7,3,0,2,1,4,3,0,0,0,1,4,2,0,0,2,0,0,1,0,2900.42462842
20194,1123001604,24,21,3,0,3,2,8,8,3,0,3,2,6,8,2,0,0,0,2,0,1,5674.69976032
20194,1123001606,45,24,21,0,2,11,13,13,6,0,1,8,4,8,3,0,1,3,9,5,3,8286.57684344
20194,1123001608,11,9,2,0,0,2,8,1,0,0,0,2,7,0,0,0,0,0,1,1,0,2528.02648496
20194,1123001609,13,5,8,0,4,5,4,0,0,0,1,2,2,0,0,0,3,3,2,0,0,5641.27108116
20194,1123001610,2,1,1,0,0,1,1,0,0,0,0,0,1,0,0,0,0,1,0,0,0,5021.12982437
20194,1123001611,24,16,8,0,2,5,8,7,2,0,0,3,6,5,2,0,2,2,2,2,0,2432.27787358
20194,1123001612,18,16,2,0,1,4,5,4,4,0,1,4,3,4,4,0,0,0,2,0,0,1069.3195533
20194,1123001614,2,1,1,0,0,0,0,2,0,0,0,0,0,1,0,0,0,0,0,1,0,4159.12468628
20194,1123001615,7,6,1,0,1,0,2,3,1,0,1,0,2,2,1,0,0,0,0,1,0,3305.78195532
20194,1123001617,15,4,11,0,1,9,3,2,0,0,0,1,2,1,0,0,1,8,1,1,0,6957.9189275
20194,1123001618,3,1,2,0,0,0,0,2,1,0,0,0,0,0,1,0,0,0,0,2,0,5984.21590529
20194,1123001621,7,0,7,0,0,1,1,4,1,0,0,0,0,0,0,0,0,1,1,4,1,4874.31694985
20194,1123001623,2,0,2,0,1,0,0,1,0,0,0,0,0,0,0,0,1,0,0,1,0,7212.21447054
20194,1123001625,40,26,14,0,5,3,9,12,11,0,4,2,5,6,9,0,1,1,4,6,2,10200.3265225
20194,1123001627,56,44,12,0,5,11,15,13,12,0,3,9,13,8,11,0,2,2,2,5,1,1501.43628989
20194,1123001629,24,12,12,0,6,4,7,5,2,0,4,1,1,4,2,0,2,3,6,1,0,1240.72513743
20194,1123001630,36,29,7,0,2,3,3,3,25,0,0,2,2,3,22,0,2,1,1,0,3,9988.33228846
20194,1123001631,26,9,17,0,1,0,5,10,10,0,0,0,2,2,5,0,1,0,3,8,5,3305.8485222
20194,1123001632,84,61,23,0,22,38,15,7,2,0,15,28,13,4,1,0,7,10,2,3,1,6750.31116411
20194,1123001633,2,1,1,0,0,0,1,1,0,0,0,0,0,1,0,0,0,0,1,0,0,6884.56562242
20194,1123001634,30,22,8,0,1,2,11,13,3,0,1,1,7,10,3,0,0,1,4,3,0,10865.4088096
20194,1123001635,20,7,13,0,4,2,7,5,2,0,3,2,1,1,0,0,1,0,6,4,2,10148.5998149
20194,1123001636,14,11,3,0,0,7,4,2,1,0,0,5,4,1,1,0,0,2,0,1,0,16477.1155956
20194,1123001637,66,26,40,0,4,6,14,25,17,0,0,0,7,10,9,0,4,6,7,15,8,10103.7257895
20194,1123001638,46,13,33,0,4,10,11,13,8,0,1,1,1,5,5,0,3,9,10,8,3,6998.01461805
20194,1123001639,55,23,32,0,9,20,13,9,4,0,3,6,8,4,2,0,6,14,5,5,2,7302.31771112
20194,1123001640,502,68,434,0,105,138,196,60,3,0,7,32,19,8,2,0,98,106,177,52,1,7463.03189471
20194,1123001642,106,84,22,1,25,33,21,13,13,1,20,29,11,12,11,0,5,4,10,1,2,6188.93719982
20194,1123001646,10,6,4,0,1,2,2,4,1,0,0,1,2,2,1,0,1,1,0,2,0,6821.34012799
20194,1123001649,7,5,2,0,0,3,3,0,1,0,0,3,2,0,0,0,0,0,1,0,1,4254.85928562
20194,1123001653,3,1,2,0,0,1,1,1,0,0,0,0,0,1,0,0,0,1,1,0,0,3074.36091837
20194,1123001654,35,16,19,0,2,3,14,5,11,0,1,2,10,2,1,0,1,1,4,3,10,4366.01332506
20194,1123001655,4,4,0,0,0,1,0,1,2,0,0,1,0,1,2,0,0,0,0,0,0,2515.36345007
20194,1123001672,2,0,2,0,0,1,1,0,0,0,0,0,0,0,0,0,0,1,1,0,0,770.715518982
20194,1123001673,67,10,57,0,7,15,31,14,0,0,1,4,4,1,0,0,6,11,27,13,0,15586.8132153
20194,1123001674,100,49,51,0,12,16,21,34,17,0,2,6,12,19,10,0,10,10,9,15,7,9743.13897554
20194,1123001675,79,34,45,0,11,13,13,27,15,0,4,6,6,7,11,0,7,7,7,20,4,9263.09745605
20194,1123001681,15,11,4,0,1,4,6,3,1,0,1,4,3,2,1,0,0,0,3,1,0,6276.58377682
20194,1123001683,2,1,1,0,1,0,1,0,0,0,1,0,0,0,0,0,0,0,1,0,0,1870.34371462
20194,1123001686,5,4,1,0,0,0,0,1,4,0,0,0,0,1,3,0,0,0,0,0,1,6396.27500015
20194,1123001692,5,3,2,0,0,0,1,2,2,0,0,0,0,1,2,0,0,0,1,1,0,5573.72641073
20194,1123001695,1718,1041,677,39,1366,276,32,4,1,23,780,204,29,4,1,16,586,72,3,0,0,3319.13818758
20194,1123001699,8,6,2,1,2,0,1,4,0,1,1,0,0,4,0,0,1,0,1,0,0,1514.18148639
20194,1123001704,235,117,118,1,34,48,80,38,34,1,10,19,38,24,25,0,24,29,42,14,9,5036.11964138
20194,1123001705,6,5,1,0,1,0,0,4,1,0,1,0,0,3,1,0,0,0,0,1,0,6642.42426424
20194,1123001706,49,14,35,0,14,14,13,5,3,0,3,1,4,3,3,0,11,13,9,2,0,3728.42218296
20194,1123001707,330,155,175,1,43,47,73,98,68,0,17,24,31,43,40,1,26,23,42,55,28,8545.53019173
20194,1123001708,95,66,29,0,29,28,16,8,14,0,18,25,10,4,9,0,11,3,6,4,5,8154.01474872
20194,1123001717,6,2,4,0,0,0,1,3,2,0,0,0,0,1,1,0,0,0,1,2,1,2678.28882192
20194,1123001718,4,3,1,0,0,1,0,1,2,0,0,0,0,1,2,0,0,1,0,0,0,6806.22010542
20194,1123001719,10,2,8,0,0,2,4,4,0,0,0,0,2,0,0,0,0,2,2,4,0,5209.53403597
20194,1123001722,6,0,6,0,1,3,1,1,0,0,0,0,0,0,0,0,1,3,1,1,0,2305.30489082
20194,1123001723,18,8,10,0,0,3,3,5,7,0,0,0,3,3,2,0,0,3,0,2,5,2202.31947404
20194,1123001728,3,1,2,0,0,2,1,0,0,0,0,0,1,0,0,0,0,2,0,0,0,1362.15195814
20194,1123001729,11,7,4,0,0,3,3,1,4,0,0,2,2,0,3,0,0,1,1,1,1,6839.26936854
20194,1123001731,45,26,19,0,5,6,16,13,5,0,0,4,11,6,5,0,5,2,5,7,0,8658.17422558
20194,1123001733,29,5,24,0,0,1,2,16,10,0,0,0,0,2,3,0,0,1,2,14,7,8296.31010887
20194,1123001738,5,5,0,0,2,1,0,0,2,0,2,1,0,0,2,0,0,0,0,0,0,1801.07270536
20194,1123001740,4,3,1,0,0,1,1,2,0,0,0,0,1,2,0,0,0,1,0,0,0,980.194432809
20194,1123001742,3,1,2,0,0,0,0,2,1,0,0,0,0,0,1,0,0,0,0,2,0,6160.8449913
20194,1123001747,452,214,238,1,43,103,138,141,26,0,25,60,68,47,14,1,18,43,70,94,12,4357.42417553
20194,1123001748,4,3,1,0,0,0,3,1,0,0,0,0,3,0,0,0,0,0,0,1,0,1241.384888
20194,1123001751,5,3,2,0,0,0,0,3,2,0,0,0,0,1,2,0,0,0,0,2,0,1670.12238524
20194,1123001752,13,8,5,0,0,1,2,8,2,0,0,1,2,3,2,0,0,0,0,5,0,3872.14504388
20194,1123001753,62,28,34,0,18,19,13,11,1,0,7,11,6,3,1,0,11,8,7,8,0,8907.81809772
20194,1123001754,3,2,1,0,0,0,1,2,0,0,0,0,1,1,0,0,0,0,0,1,0,1928.37964443
20194,1123001756,11,1,10,0,2,1,3,4,1,0,0,0,0,1,0,0,2,1,3,3,1,1925.65316767
20194,1123001757,9,7,2,0,1,1,5,1,1,0,0,1,4,1,1,0,1,0,1,0,0,3068.65804359
20194,1123001760,18,10,8,0,5,3,2,6,2,0,3,3,0,3,1,0,2,0,2,3,1,3977.20013561
20194,1123001761,2,2,0,0,0,0,1,1,0,0,0,0,1,1,0,0,0,0,0,0,0,4276.03451425
20194,1123001762,56,40,16,0,1,11,17,19,8,0,0,10,14,11,5,0,1,1,3,8,3,9550.87826095
20194,1123001765,5,3,2,0,2,0,0,2,1,0,1,0,0,1,1,0,1,0,0,1,0,3834.09074247
20194,1123001766,167,54,113,0,8,20,64,70,5,0,6,10,20,14,4,0,2,10,44,56,1,9297.4510458
20194,1123001772,19,15,4,0,3,3,1,7,5,0,3,3,0,5,4,0,0,0,1,2,1,6309.01429743
20194,1123001774,26,9,17,0,3,9,7,4,3,0,1,3,2,0,3,0,2,6,5,4,0,1681.53295582
20194,1123001775,7,6,1,0,0,1,4,0,2,0,0,1,3,0,2,0,0,0,1,0,0,6648.50062046
20194,1123001776,15,9,6,0,3,1,4,2,5,0,3,1,1,2,2,0,0,0,3,0,3,6692.04152494
20194,1123001777,77,42,35,0,5,16,22,22,12,0,4,7,11,10,10,0,1,9,11,12,2,13677.9660346
20194,1123001779,6,3,3,0,0,1,2,2,1,0,0,1,0,1,1,0,0,0,2,1,0,2915.40789666
20194,1123001780,50,37,13,0,3,9,17,15,6,0,1,6,13,13,4,0,2,3,4,2,2,7472.38544568
20194,1123001782,35,24,11,0,3,3,4,17,8,0,1,1,3,13,6,0,2,2,1,4,2,7896.5910533
20194,1123001784,29,20,9,0,0,4,9,12,4,0,0,4,5,8,3,0,0,0,4,4,1,28284.9379399
20194,1123001785,21,15,6,0,3,1,4,8,5,0,2,1,3,4,5,0,1,0,1,4,0,8923.63552952
20194,1123001786,14,8,6,0,3,5,3,3,0,0,1,3,2,2,0,0,2,2,1,1,0,4933.04247039
20194,1123001788,3,1,2,0,0,0,0,1,2,0,0,0,0,0,1,0,0,0,0,1,1,3354.96691417
20194,1123001790,222,216,6,0,0,2,24,88,108,0,0,1,22,87,106,0,0,1,2,1,2,6949.65081213
20194,1123001791,4,2,2,0,0,0,3,1,0,0,0,0,2,0,0,0,0,0,1,1,0,2909.24675782
20194,1123001793,12,0,12,0,0,4,5,1,2,0,0,0,0,0,0,0,0,4,5,1,2,1359.01102341
20194,1123001794,35,9,26,0,1,1,2,7,24,0,0,0,1,1,7,0,1,1,1,6,17,8827.21551829
20194,1123001795,13,10,3,0,0,0,3,5,5,0,0,0,3,4,3,0,0,0,0,1,2,11121.5233736
20194,1123001796,13,9,4,0,2,4,2,2,3,0,1,3,2,1,2,0,1,1,0,1,1,1051.54566169
20194,1123001797,14,6,8,0,0,5,7,2,0,0,0,2,3,1,0,0,0,3,4,1,0,4748.95147149
20194,1123001799,113,56,57,0,24,49,19,10,11,0,9,29,6,5,7,0,15,20,13,5,4,6519.11709223
20194,1123001800,25,8,17,0,1,6,6,10,2,0,1,2,3,2,0,0,0,4,3,8,2,5864.04942963
20194,1123001802,43,33,10,0,4,9,7,11,12,0,2,5,6,8,12,0,2,4,1,3,0,4983.96641971
20194,1123001803,90,85,5,0,0,4,12,28,46,0,0,3,10,28,44,0,0,1,2,0,2,4187.58088906
20194,1123001804,7,5,2,0,1,2,3,1,0,0,1,2,2,0,0,0,0,0,1,1,0,6604.14337509
20194,1123001805,8,2,6,0,1,3,4,0,0,0,0,0,2,0,0,0,1,3,2,0,0,14862.3520205
20194,1123001808,3,2,1,0,0,0,1,1,1,0,0,0,0,1,1,0,0,0,1,0,0,2977.21670631
20194,1123001810,5,3,2,0,1,0,1,3,0,0,1,0,1,1,0,0,0,0,0,2,0,4445.49689001
20194,1123001812,184,120,64,1,29,55,40,40,19,0,13,44,28,19,16,1,16,11,12,21,3,5745.42206838
20194,1123001814,9,6,3,0,0,1,5,3,0,0,0,1,3,2,0,0,0,0,2,1,0,2557.57993975
20194,1123001816,1,0,1,0,0,1,0,0,0,0,0,0,0,0,0,0,0,1,0,0,0,9384.3475861
20194,1123001819,21,18,3,0,3,8,5,3,2,0,2,6,5,3,2,0,1,2,0,0,0,1904.36639678
20194,1123001822,9,6,3,0,0,1,3,4,1,0,0,1,2,3,0,0,0,0,1,1,1,5127.23001287
20194,1123001824,3,3,0,0,1,0,0,2,0,0,1,0,0,2,0,0,0,0,0,0,0,3710.02490604
20194,1123001827,2,2,0,0,0,0,0,1,1,0,0,0,0,1,1,0,0,0,0,0,0,2452.77132621
20194,1123001829,10,3,7,0,2,3,3,2,0,0,0,1,1,1,0,0,2,2,2,1,0,2538.48517068
20194,1123001831,140,51,89,1,18,35,45,34,7,1,6,23,14,5,2,0,12,12,31,29,5,13598.1602686
20194,1123001847,23,18,5,1,4,3,6,6,3,0,4,3,3,5,3,1,0,0,3,1,0,5390.73527039
20194,1123001849,35,26,9,0,3,6,9,12,5,0,3,5,6,8,4,0,0,1,3,4,1,15884.2258296
20194,1123001853,41,34,7,0,2,2,7,15,15,0,0,2,6,11,15,0,2,0,1,4,0,3521.82595606
20194,1123001857,121,94,27,0,25,27,35,22,12,0,22,20,25,17,10,0,3,7,10,5,2,6295.81292237
20194,1123001859,8,8,0,0,1,1,5,1,0,0,1,1,5,1,0,0,0,0,0,0,0,1491.61008874
20194,1123001864,47,27,20,0,8,15,6,9,9,0,5,8,5,3,6,0,3,7,1,6,3,19668.2728815
20194,1123001869,4,3,1,0,0,2,1,0,1,0,0,1,1,0,1,0,0,1,0,0,0,5910.88547042
20194,1123001876,21,7,14,0,2,1,7,6,5,0,1,0,1,2,3,0,1,1,6,4,2,12264.955188
20194,1123001878,3,2,1,0,0,0,2,1,0,0,0,0,1,1,0,0,0,0,1,0,0,4265.14826027
20194,1123001885,39,16,23,0,6,12,6,9,6,0,3,5,1,6,1,0,3,7,5,3,5,3511.67954615
20194,1123001894,6,4,2,0,0,0,2,4,0,0,0,0,2,2,0,0,0,0,0,2,0,10382.5596797
20194,1123001898,13,3,10,0,2,3,4,1,3,0,0,0,2,0,1,0,2,3,2,1,2,10202.9924044
20194,1123001904,7,5,2,0,0,2,1,2,2,0,0,2,1,1,1,0,0,0,0,1,1,5919.14861411
20194,1123001907,3,2,1,0,1,0,1,1,0,0,0,0,1,1,0,0,1,0,0,0,0,2825.53634447
20194,1123001908,18,15,3,0,0,1,7,6,4,0,0,0,5,6,4,0,0,1,2,0,0,1786.3873178
20194,1123001909,4,3,1,0,0,0,0,2,2,0,0,0,0,1,2,0,0,0,0,1,0,1326.48799967
20194,1123001918,47,32,15,0,8,20,13,6,0,0,6,12,9,5,0,0,2,8,4,1,0,3609.02175634
20194,1123001924,2,2,0,0,0,0,0,1,1,0,0,0,0,1,1,0,0,0,0,0,0,2746.53735723
20194,1123001930,19,15,4,0,0,3,12,2,2,0,0,2,11,1,1,0,0,1,1,1,1,1972.12600563
20194,1123001935,7,3,4,0,1,0,2,3,1,0,0,0,1,1,1,0,1,0,1,2,0,16835.9273328
20194,1123001939,2,1,1,0,0,1,1,0,0,0,0,1,0,0,0,0,0,0,1,0,0,2390.50075085
20194,1123001940,85,19,66,0,5,5,11,23,41,0,5,1,9,3,1,0,0,4,2,20,40,1322.5410897
20194,1123001941,10,7,3,0,3,5,1,1,0,0,2,3,1,1,0,0,1,2,0,0,0,1211.01319982
20194,1123001944,7,1,6,0,0,1,2,4,0,0,0,0,0,1,0,0,0,1,2,3,0,4627.34944165
20194,1123001947,8,7,1,0,0,1,4,2,1,0,0,1,4,1,1,0,0,0,0,1,0,2646.56892023
20194,1123001957,3,0,3,0,1,0,1,0,1,0,0,0,0,0,0,0,1,0,1,0,1,2612.62853264
20194,1123001958,3,0,3,0,0,0,0,2,1,0,0,0,0,0,0,0,0,0,0,2,1,5223.47490317
20194,1123001965,5,3,2,0,1,0,1,2,1,0,0,0,1,1,1,0,1,0,0,1,0,2944.25809345
20194,1123001966,11,5,6,0,2,4,2,1,2,0,1,2,0,1,1,0,1,2,2,0,1,2149.47353253
20194,1123001973,14,0,14,0,1,3,3,4,3,0,0,0,0,0,0,0,1,3,3,4,3,4827.13451998
20194,1123001984,32,17,15,0,15,4,7,3,3,0,6,3,4,1,3,0,9,1,3,2,0,6624.73440979
20194,1123001986,10,4,6,0,1,0,5,0,4,0,1,0,0,0,3,0,0,0,5,0,1,2525.93626494
20194,1123001987,2,2,0,0,0,1,0,0,1,0,0,1,0,0,1,0,0,0,0,0,0,3663.45874161
20194,1123001990,9,3,6,0,0,2,2,2,3,0,0,2,1,0,0,0,0,0,1,2,3,4991.96970388
20194,1123001991,4,3,1,0,0,0,2,2,0,0,0,0,2,1,0,0,0,0,0,1,0,2957.58181393
20194,1123001992,440,323,117,1,52,73,136,142,36,0,34,47,100,115,27,1,18,26,36,27,9,2659.19958978
20194,1123001993,4,3,1,0,1,1,1,0,1,0,1,1,1,0,0,0,0,0,0,0,1,732.657724252
20194,1123001994,31,11,20,0,6,7,3,10,5,0,0,3,0,3,5,0,6,4,3,7,0,9181.08458714
20194,1123001999,4,2,2,0,0,1,0,3,0,0,0,0,0,2,0,0,0,1,0,1,0,5188.80815538
20194,1123002000,2,1,1,0,0,0,0,2,0,0,0,0,0,1,0,0,0,0,0,1,0,2839.57107339
20194,1123002004,2,0,2,0,0,0,0,1,1,0,0,0,0,0,0,0,0,0,0,1,1,3090.53973316
20194,1123002006,3,2,1,0,0,1,1,1,0,0,0,1,1,0,0,0,0,0,0,1,0,5106.74938669
20194,1123002009,2,0,2,0,0,0,1,1,0,0,0,0,0,0,0,0,0,0,1,1,0,3389.01848664
20194,1123002011,11,8,3,0,3,0,2,1,5,0,2,0,1,1,4,0,1,0,1,0,1,5210.0495317
20194,1123002014,8,6,2,0,0,1,6,0,1,0,0,1,4,0,1,0,0,0,2,0,0,4830.5152482
20194,1123002018,140,91,49,0,8,18,22,41,51,0,7,18,19,22,25,0,1,0,3,19,26,970.851822096
20194,1123002019,3,3,0,0,1,0,1,1,0,0,1,0,1,1,0,0,0,0,0,0,0,1411.74946427
20194,1123002021,4,2,2,0,0,1,1,2,0,0,0,0,0,2,0,0,0,1,1,0,0,3880.10666176
20194,1123002023,4,2,2,0,0,0,0,3,1,0,0,0,0,2,0,0,0,0,0,1,1,2546.96203805
20194,1123002027,5,5,0,0,1,2,2,0,0,0,1,2,2,0,0,0,0,0,0,0,0,1900.110492
20194,1123002036,2,2,0,0,0,0,1,1,0,0,0,0,1,1,0,0,0,0,0,0,0,3863.14836129
20194,1123002037,12,3,9,0,0,4,5,1,2,0,0,2,0,1,0,0,0,2,5,0,2,2698.79656527
20194,1123002043,18,15,3,0,2,2,5,5,4,0,2,2,3,4,4,0,0,0,2,1,0,2092.60410656
20194,1123002048,4,0,4,0,0,0,2,2,0,0,0,0,0,0,0,0,0,0,2,2,0,3539.71342265
20194,1123002056,3,1,2,0,1,0,1,0,1,0,0,0,0,0,1,0,1,0,1,0,0,5004.34740564
20194,1123002061,6,5,1,0,0,1,2,2,1,0,0,0,2,2,1,0,0,1,0,0,0,2221.79576457
20194,1123002064,29,9,20,0,3,9,7,8,2,0,1,3,1,2,2,0,2,6,6,6,0,1401.43957703
20194,1123002066,2,0,2,0,0,0,1,0,1,0,0,0,0,0,0,0,0,0,1,0,1,3561.66451619
20194,1123002070,9,6,3,0,2,1,2,2,2,0,2,1,1,1,1,0,0,0,1,1,1,3039.62631581
20194,1123002072,14,10,4,0,0,5,2,3,4,0,0,3,1,2,4,0,0,2,1,1,0,2242.76260131
20194,1123002074,4,1,3,0,0,0,0,3,1,0,0,0,0,1,0,0,0,0,0,2,1,2312.74095862
20194,1123002076,6,4,2,0,2,3,1,0,0,0,0,3,1,0,0,0,2,0,0,0,0,2454.79125138
20194,1123002078,8,3,5,0,1,0,4,1,2,0,0,0,2,0,1,0,1,0,2,1,1,13384.042897
20194,1123002082,2,1,1,0,0,1,0,0,1,0,0,1,0,0,0,0,0,0,0,0,1,1643.38839658
20194,1123002091,27,14,13,0,1,4,10,6,6,0,0,2,7,1,4,0,1,2,3,5,2,189650.855414
20194,1123002092,18,12,6,0,1,3,5,6,3,0,1,2,3,5,1,0,0,1,2,1,2,2870.71374496
20194,1123002095,14,4,10,0,3,2,4,3,2,0,1,0,0,1,2,0,2,2,4,2,0,26205.3453911
20194,1123002099,2,1,1,0,0,0,0,1,1,0,0,0,0,0,1,0,0,0,0,1,0,2225.95049321
20194,1123002102,1,0,1,0,0,1,0,0,0,0,0,0,0,0,0,0,0,1,0,0,0,1058.83492936
20194,1123002106,2,1,1,0,0,0,2,0,0,0,0,0,1,0,0,0,0,0,1,0,0,1729.18324543
20194,1123002110,8,7,1,0,0,3,1,4,0,0,0,3,1,3,0,0,0,0,0,1,0,4444.17989109
20194,1123002112,10,7,3,0,0,1,2,6,1,0,0,0,2,4,1,0,0,1,0,2,0,15684.4861607
20194,1123002117,28,14,14,0,1,5,11,10,1,0,0,3,4,6,1,0,1,2,7,4,0,5186.12357986
20194,1123002121,14,4,10,0,2,7,3,2,0,0,0,2,0,2,0,0,2,5,3,0,0,2346.17358884
20194,1123002126,664,359,305,1,62,131,186,167,117,0,26,74,88,93,78,1,36,57,98,74,39,4292.3381603
20194,1123002137,6,3,3,0,0,0,3,1,2,0,0,0,2,0,1,0,0,0,1,1,1,7388.25522622
20194,1123002138,146,95,51,0,27,42,40,24,13,0,10,26,28,20,11,0,17,16,12,4,2,10821.3304508
20194,1123002140,599,420,179,0,51,130,176,140,102,0,34,88,128,97,73,0,17,42,48,43,29,1806.47154327
20194,1123002143,3,3,0,0,0,1,0,1,1,0,0,1,0,1,1,0,0,0,0,0,0,2788.7430648
20194,1123002147,13,10,3,0,4,0,5,3,1,0,3,0,4,2,1,0,1,0,1,1,0,2812.86100703
20194,1123002149,131,77,54,0,24,35,20,29,23,0,16,26,15,9,11,0,8,9,5,20,12,1077.17964895
20194,1123002154,23,17,6,0,6,10,3,3,1,0,4,9,3,1,0,0,2,1,0,2,1,1062.3166324
20194,1123002155,5,4,1,0,0,1,1,2,1,0,0,1,1,1,1,0,0,0,0,1,0,2775.26012818
20194,1123002156,49,8,41,0,0,9,14,17,9,0,0,3,1,0,4,0,0,6,13,17,5,5600.48497582
20194,1123002158,7,4,3,0,0,0,4,3,0,0,0,0,3,1,0,0,0,0,1,2,0,3268.57726876
20194,1123002159,10,3,7,0,1,1,2,2,4,0,0,0,1,1,1,0,1,1,1,1,3,8732.50187672
20194,1123002160,169,34,135,0,6,9,33,72,49,0,3,3,9,7,12,0,3,6,24,65,37,5820.05613738
20194,1123002162,18,5,13,0,1,2,5,5,5,0,0,0,1,2,2,0,1,2,4,3,3,4503.00374877
20194,1123002166,4,3,1,0,0,0,0,0,4,0,0,0,0,0,3,0,0,0,0,0,1,4374.58570695
20194,1123002171,3,0,3,0,0,1,2,0,0,0,0,0,0,0,0,0,0,1,2,0,0,4935.77759267
20194,1123002173,70,33,37,0,8,17,10,19,16,0,1,5,4,10,13,0,7,12,6,9,3,4747.74478704
20194,1123002174,26,3,23,0,4,7,7,7,1,0,1,2,0,0,0,0,3,5,7,7,1,2632.94803202
20194,1123002175,11,10,1,0,3,2,6,0,0,0,3,2,5,0,0,0,0,0,1,0,0,4021.82257158
20194,1123002178,2,1,1,0,0,0,2,0,0,0,0,0,1,0,0,0,0,0,1,0,0,2490.52703263
20194,1123002179,9,6,3,0,1,1,1,5,1,0,1,0,1,3,1,0,0,1,0,2,0,4191.7694339
20194,1123002180,19,7,12,0,0,6,9,3,1,0,0,2,4,0,1,0,0,4,5,3,0,5056.23016698
20194,1123002183,88,11,77,0,7,28,28,21,4,0,2,2,3,2,2,0,5,26,25,19,2,16977.1701846
20194,1123002186,2,1,1,0,0,0,0,2,0,0,0,0,0,1,0,0,0,0,0,1,0,637.874780302
20194,1123002190,150,55,95,1,26,38,48,33,4,1,10,12,16,14,2,0,16,26,32,19,2,6912.98431199
20194,1123002191,2,1,1,0,0,0,0,1,1,0,0,0,0,0,1,0,0,0,0,1,0,4523.1297816
20194,1123002198,9,4,5,0,0,0,5,2,2,0,0,0,1,1,2,0,0,0,4,1,0,3443.34547656
20194,1123002199,2,0,2,0,1,0,1,0,0,0,0,0,0,0,0,0,1,0,1,0,0,2459.30964445
20194,1123002201,3,2,1,0,0,0,1,2,0,0,0,0,1,1,0,0,0,0,0,1,0,2464.20029723
20194,1123002204,24,10,14,0,2,6,4,6,6,0,0,4,2,0,4,0,2,2,2,6,2,1491.48814953
20194,1123002207,66,11,55,0,8,8,21,25,4,0,2,0,3,4,2,0,6,8,18,21,2,20535.5716621
20194,1123002209,23,6,17,0,3,2,6,8,4,0,1,2,1,0,2,0,2,0,5,8,2,13140.2743558
20194,1123002210,2,2,0,0,0,0,1,0,1,0,0,0,1,0,1,0,0,0,0,0,0,3223.23791026
20194,1123002215,5,2,3,0,0,1,3,1,0,0,0,0,2,0,0,0,0,1,1,1,0,3490.69604892
20194,1123002218,2,2,0,0,0,0,0,0,2,0,0,0,0,0,2,0,0,0,0,0,0,6562.4026054
20194,1123002220,54,21,33,0,15,17,11,5,6,0,1,3,8,4,5,0,14,14,3,1,1,16768.3859252
20194,1123002222,132,83,49,0,22,16,24,48,22,0,14,8,15,30,16,0,8,8,9,18,6,5179.10626493
20194,1123002224,1,1,0,0,0,0,0,1,0,0,0,0,0,1,0,0,0,0,0,0,0,5155.47349608
20194,1123002227,55,31,24,0,0,3,21,25,6,0,0,1,9,17,4,0,0,2,12,8,2,4133.41379771
20194,1123002229,29,6,23,0,0,6,10,11,2,0,0,1,2,1,2,0,0,5,8,10,0,25744.5218007
20194,1123002232,56,13,43,0,7,19,15,14,1,0,1,5,3,3,1,0,6,14,12,11,0,20769.5395934
20194,1123002235,349,138,211,2,87,67,59,92,42,0,20,40,37,19,22,2,67,27,22,73,20,4026.98877548
20194,1123002239,13,8,5,0,0,1,4,3,5,0,0,0,2,3,3,0,0,1,2,0,2,2505.9275616
20194,1123002241,917,558,359,0,89,219,256,253,100,0,40,72,162,195,89,0,49,147,94,58,11,264120.405593
20194,1123002242,12,8,4,0,0,6,3,3,0,0,0,4,2,2,0,0,0,2,1,1,0,3622.2253219
20194,1123002243,27,20,7,0,2,3,5,7,10,0,2,2,5,5,6,0,0,1,0,2,4,6707.2140141
20194,1123002244,33,18,15,0,5,8,8,9,3,0,0,3,4,9,2,0,5,5,4,0,1,5366.84284805
20194,1123002246,14,13,1,0,0,0,2,6,6,0,0,0,2,6,5,0,0,0,0,0,1,3571.80590865
20194,1123002247,68,27,41,0,13,24,14,9,8,0,2,9,6,5,5,0,11,15,8,4,3,3412.74802572
20194,1123002248,220,83,137,0,10,12,52,97,49,0,6,5,21,34,17,0,4,7,31,63,32,4472.11898723
20194,1123002249,46,24,22,0,2,6,10,5,23,0,1,2,5,2,14,0,1,4,5,3,9,6566.48065377
20194,1123002250,45,28,17,0,4,1,9,13,18,0,2,0,4,11,11,0,2,1,5,2,7,3517.35178291
20194,1123002251,40,21,19,0,9,4,6,8,13,0,1,2,5,6,7,0,8,2,1,2,6,7174.54945447
20194,1123002253,38,30,8,0,3,8,12,7,8,0,2,6,9,7,6,0,1,2,3,0,2,4171.19225771
20194,1123002254,12,7,5,0,0,3,2,2,5,0,0,1,2,1,3,0,0,2,0,1,2,7304.62080241
20194,1123002257,583,464,119,0,23,75,116,111,258,0,17,64,107,92,184,0,6,11,9,19,74,4505.1525303
20194,1123002262,42,15,27,0,7,12,13,5,5,0,0,3,8,1,3,0,7,9,5,4,2,6922.57938222
20194,1123002263,23,12,11,0,0,3,6,2,12,0,0,0,3,2,7,0,0,3,3,0,5,6290.75318039
20194,1123002265,3,2,1,0,0,0,1,0,2,0,0,0,0,0,2,0,0,0,1,0,0,1874.69934541
20194,1123002266,3,2,1,0,0,0,0,2,1,0,0,0,0,2,0,0,0,0,0,0,1,1316.81873043
20194,1123002267,12,6,6,0,3,2,0,3,4,0,0,0,0,3,3,0,3,2,0,0,1,11343.4469245
20194,1123002270,5,4,1,0,0,0,2,2,1,0,0,0,2,1,1,0,0,0,0,1,0,680.022418855
20194,1123002272,5,3,2,0,0,0,1,2,2,0,0,0,1,0,2,0,0,0,0,2,0,2539.19443165
20194,1123002274,144,83,61,1,27,44,27,26,19,0,4,23,21,21,14,1,23,21,6,5,5,6450.61661385
20194,1123002276,22,11,11,0,1,6,7,3,5,0,0,3,5,1,2,0,1,3,2,2,3,6759.87866561
20194,1123002279,6,3,3,0,0,0,2,2,2,0,0,0,0,1,2,0,0,0,2,1,0,7141.81428832
20194,1123002281,7,6,1,0,1,2,1,3,0,0,1,1,1,3,0,0,0,1,0,0,0,1074.11712513
20194,1123002282,1,1,0,0,1,0,0,0,0,0,1,0,0,0,0,0,0,0,0,0,0,1740.97410592
20194,1123002283,4,3,1,0,0,1,1,2,0,0,0,1,1,1,0,0,0,0,0,1,0,1532.81553405
20194,1123002286,2,2,0,0,0,0,0,1,1,0,0,0,0,1,1,0,0,0,0,0,0,923.55901947
20194,1123002288,3,2,1,0,0,2,0,0,1,0,0,1,0,0,1,0,0,1,0,0,0,2666.28772958
20194,1123002290,8,5,3,0,0,0,1,5,2,0,0,0,0,3,2,0,0,0,1,2,0,5663.67935415
20194,1123002291,53,27,26,2,6,12,13,15,5,0,3,12,6,4,2,2,3,0,7,11,3,1857.36362904
20194,1123002292,6,6,0,0,0,1,2,0,3,0,0,1,2,0,3,0,0,0,0,0,0,5095.5741118
20194,1123002298,13,9,4,0,3,9,1,0,0,0,3,5,1,0,0,0,0,4,0,0,0,1788.32139912
20194,1123002300,24,13,11,0,0,4,4,7,9,0,0,2,2,3,6,0,0,2,2,4,3,5551.81187853
20194,1123002301,4,4,0,0,0,0,0,2,2,0,0,0,0,2,2,0,0,0,0,0,0,5556.88182803
20194,1123002303,3,1,2,0,0,1,0,1,1,0,0,0,0,0,1,0,0,1,0,1,0,1968.87547387
20194,1123002304,209,92,117,0,42,68,44,25,30,0,3,19,25,16,29,0,39,49,19,9,1,4136.59020888
20194,1123002311,7,6,1,0,0,0,1,4,2,0,0,0,1,3,2,0,0,0,0,1,0,2692.41951674
20194,1123002312,11,8,3,0,2,0,2,4,3,0,2,0,0,4,2,0,0,0,2,0,1,4527.89056143
20194,1123002313,3,2,1,0,0,0,0,1,2,0,0,0,0,1,1,0,0,0,0,0,1,6984.39564968
20194,1123002314,2,1,1,0,0,0,0,1,1,0,0,0,0,1,0,0,0,0,0,0,1,3617.12360981
20194,1123002315,30,3,27,0,0,3,2,19,6,0,0,1,0,1,1,0,0,2,2,18,5,3189.24692818
20194,1123002316,2,2,0,0,0,0,2,0,0,0,0,0,2,0,0,0,0,0,0,0,0,1090.98235375
20194,1123002321,6,1,5,0,1,1,1,2,1,0,0,0,0,0,1,0,1,1,1,2,0,3434.18195563
20194,1123002326,31,23,8,0,3,10,8,6,4,0,1,6,7,5,4,0,2,4,1,1,0,9551.84924255
20194,1123002327,4,2,2,0,0,0,0,1,3,0,0,0,0,1,1,0,0,0,0,0,2,3611.62367222
20194,1123002328,579,384,195,1,156,277,142,2,1,0,64,193,124,2,1,1,92,84,18,0,0,8105.10463962
20194,1123002330,7,6,1,0,0,1,3,1,2,0,0,1,3,1,1,0,0,0,0,0,1,4794.39141547
20194,1123002332,19,12,7,0,2,4,2,5,6,0,2,2,1,3,4,0,0,2,1,2,2,5008.30370071
20194,1123002333,2,1,1,0,1,0,0,1,0,0,1,0,0,0,0,0,0,0,0,1,0,1544.57627638
20194,1123002334,28,11,17,0,2,2,3,14,7,0,2,1,0,3,5,0,0,1,3,11,2,3360.12192372
20194,1123002335,3,2,1,0,0,0,1,1,1,0,0,0,0,1,1,0,0,0,1,0,0,2991.9522189
20194,1123002340,582,300,282,3,179,249,105,45,1,1,82,132,49,35,1,2,97,117,56,10,0,4844.07531438
20194,1123002341,55,14,41,0,8,15,17,11,4,0,3,3,3,1,4,0,5,12,14,10,0,16193.3263142
20194,1123002343,2,1,1,0,0,1,1,0,0,0,0,0,1,0,0,0,0,1,0,0,0,1511.35400755
20194,1123002345,104,75,29,0,13,31,37,11,12,0,7,26,29,8,5,0,6,5,8,3,7,3137.59640447
20194,1123002348,2,2,0,0,0,0,0,1,1,0,0,0,0,1,1,0,0,0,0,0,0,2043.68568529
20194,1123002351,52,17,35,0,1,0,14,30,7,0,0,0,6,6,5,0,1,0,8,24,2,2120.67131279
20194,1123002352,3,2,1,0,0,1,2,0,0,0,0,1,1,0,0,0,0,0,1,0,0,1209.85285074
20194,1123002353,9,6,3,0,0,0,0,5,4,0,0,0,0,3,3,0,0,0,0,2,1,4499.28234407
20194,1123002354,2,0,2,0,0,0,0,2,0,0,0,0,0,0,0,0,0,0,0,2,0,1737.93589134
20194,1123002358,18,11,7,0,1,3,6,6,2,0,1,1,4,3,2,0,0,2,2,3,0,2912.30757317
20194,1123002359,49,5,44,0,12,11,11,14,1,0,1,2,1,1,0,0,11,9,10,13,1,17341.5030527
20194,1123002360,120,70,50,0,15,27,24,39,15,0,11,20,18,16,5,0,4,7,6,23,10,4894.46703079
20194,1123002361,4,4,0,0,0,0,0,2,2,0,0,0,0,2,2,0,0,0,0,0,0,1614.26543567
20194,1123002362,13,8,5,0,4,1,4,3,1,0,2,1,2,2,1,0,2,0,2,1,0,4788.69494573
20194,1123002363,3,1,2,0,0,0,0,2,1,0,0,0,0,1,0,0,0,0,0,1,1,1850.30512168
20194,1123002365,25,19,6,0,6,3,9,5,2,0,4,3,7,3,2,0,2,0,2,2,0,4822.82214585
20194,1123002367,12,5,7,0,1,0,6,4,1,0,0,0,4,1,0,0,1,0,2,3,1,5047.00025452
20194,1123002368,2,2,0,0,0,0,1,1,0,0,0,0,1,1,0,0,0,0,0,0,0,3987.13698327
20194,1123002369,2,2,0,0,0,2,0,0,0,0,0,2,0,0,0,0,0,0,0,0,0,1163.20300487
20194,1123002372,4,4,0,0,0,1,1,1,1,0,0,1,1,1,1,0,0,0,0,0,0,1012.48171616
20194,1123002374,13,7,6,0,0,0,2,7,4,0,0,0,0,4,3,0,0,0,2,3,1,4366.4474611
20194,1123002379,36,31,5,0,2,4,2,9,19,0,0,4,1,8,18,0,2,0,1,1,1,11334.9830522
20194,1123002380,41,27,14,0,5,10,9,12,5,0,2,8,4,9,4,0,3,2,5,3,1,6193.59377387
20194,1123002382,29,15,14,0,1,8,10,6,4,0,0,5,6,3,1,0,1,3,4,3,3,4402.09264046
20194,1123002385,6,3,3,0,0,3,1,2,0,0,0,1,1,1,0,0,0,2,0,1,0,3269.75525522
20194,1123002386,3,3,0,0,0,1,0,2,0,0,0,1,0,2,0,0,0,0,0,0,0,1483.74198814
20194,1123002387,41,22,19,0,5,10,14,7,5,0,3,4,6,5,4,0,2,6,8,2,1,9483.39448294
20194,1123002388,9,6,3,0,0,0,2,4,3,0,0,0,1,3,2,0,0,0,1,1,1,3319.92875618
20194,1123002390,26,18,8,0,4,6,7,6,3,0,3,4,4,5,2,0,1,2,3,1,1,2716.47116399
20194,1123002392,8,7,1,0,0,0,2,4,2,0,0,0,2,3,2,0,0,0,0,1,0,6124.54651913
20194,1123002393,3,3,0,0,0,0,0,2,1,0,0,0,0,2,1,0,0,0,0,0,0,5701.47397597
20194,1123002394,4,3,1,0,0,0,1,3,0,0,0,0,1,2,0,0,0,0,0,1,0,2626.38319737
20194,1123002395,2,2,0,0,0,0,2,0,0,0,0,0,2,0,0,0,0,0,0,0,0,4594.25587329
20194,1123002401,2,1,1,0,0,0,0,1,1,0,0,0,0,0,1,0,0,0,0,1,0,1058.91228679
20194,1123002403,2,2,0,0,0,1,0,0,1,0,0,1,0,0,1,0,0,0,0,0,0,1549.284005
20194,1123002404,6,5,1,0,0,0,1,5,0,0,0,0,1,4,0,0,0,0,0,1,0,3479.13120395
20194,1123002405,2,2,0,1,0,0,0,1,0,1,0,0,0,1,0,0,0,0,0,0,0,2106.21908255
20194,1123002406,5,2,3,0,2,0,2,0,1,0,1,0,0,0,1,0,1,0,2,0,0,4386.64720564
20194,1123002407,17,12,5,0,3,3,7,4,0,0,2,2,6,2,0,0,1,1,1,2,0,2975.2159031
20194,1123002409,6,3,3,0,0,0,2,0,4,0,0,0,1,0,2,0,0,0,1,0,2,2822.09873085
20194,1123002410,2,1,1,0,0,0,1,0,1,0,0,0,1,0,0,0,0,0,0,0,1,6012.36030651
20194,1123002412,5,2,3,0,0,1,2,2,0,0,0,0,1,1,0,0,0,1,1,1,0,872.237863966
20194,1123002417,218,146,72,0,24,43,56,55,40,0,11,33,37,36,29,0,13,10,19,19,11,4639.88905157
20194,1123002418,5,0,5,0,0,0,1,3,1,0,0,0,0,0,0,0,0,0,1,3,1,1213.57278641
20194,1123002419,21,16,5,0,6,5,3,5,2,0,3,5,3,3,2,0,3,0,0,2,0,2466.30164489
20194,1123002422,29,21,8,0,9,9,1,9,1,0,8,5,1,6,1,0,1,4,0,3,0,5463.57178712
20194,1123002423,2,1,1,0,0,0,0,0,2,0,0,0,0,0,1,0,0,0,0,0,1,3874.95893226
20194,1123002424,15,7,8,0,1,9,3,0,2,0,1,3,2,0,1,0,0,6,1,0,1,1624.32393773
20194,1123002429,2,1,1,0,1,0,0,1,0,0,1,0,0,0,0,0,0,0,0,1,0,3171.77296686
20194,1123002430,7,5,2,0,0,1,2,4,0,0,0,1,1,3,0,0,0,0,1,1,0,1099.48313509
20194,1123002433,5,4,1,0,1,2,2,0,0,0,1,2,1,0,0,0,0,0,1,0,0,5130.40644399
20194,1123002434,24,17,7,0,0,0,12,7,5,0,0,0,9,5,3,0,0,0,3,2,2,5237.79948596
20194,1123002435,8,0,8,0,2,0,3,3,0,0,0,0,0,0,0,0,2,0,3,3,0,1498.45916254
20194,1123002440,4,2,2,0,1,0,1,1,1,0,0,0,1,0,1,0,1,0,0,1,0,1820.12008515
20194,1123002442,35,10,25,0,9,7,7,7,5,0,0,4,4,1,1,0,9,3,3,6,4,7620.53064753
20194,1123002445,32,9,23,0,2,10,5,5,10,0,0,1,5,1,2,0,2,9,0,4,8,3643.97908972
20194,1123002449,12,10,2,0,0,0,4,5,3,0,0,0,4,4,2,0,0,0,0,1,1,1637.41295732
20194,1123002450,93,46,47,1,9,15,26,31,11,0,5,7,8,16,10,1,4,8,18,15,1,8693.4001718
20194,1123002451,2,2,0,0,0,1,0,1,0,0,0,1,0,1,0,0,0,0,0,0,0,25580.1575984
20194,1123002452,17,13,4,0,1,4,1,8,3,0,1,2,1,7,2,0,0,2,0,1,1,2091.21336345
20194,1123002453,17,10,7,0,0,6,6,3,2,0,0,5,3,1,1,0,0,1,3,2,1,2457.9287146
20194,1123002454,38,33,5,0,1,14,12,10,1,0,1,11,10,10,1,0,0,3,2,0,0,2569.66618771
20194,1123002456,5,1,4,0,3,1,0,1,0,0,0,0,0,1,0,0,3,1,0,0,0,3951.77681175
20194,1123002457,48,29,19,0,1,3,7,6,31,0,0,3,2,2,22,0,1,0,5,4,9,5512.94256361
20194,1123002463,12,8,4,0,2,3,4,3,0,0,1,3,1,3,0,0,1,0,3,0,0,1523.82829576
20194,1123002464,7,5,2,0,0,1,4,2,0,0,0,1,3,1,0,0,0,0,1,1,0,5197.6500563
20194,1123002465,2,1,1,0,1,0,0,0,1,0,0,0,0,0,1,0,1,0,0,0,0,705.889362071
20194,1123002472,8,5,3,0,2,3,1,2,0,0,0,3,1,1,0,0,2,0,0,1,0,2905.04995382
20194,1123002475,10,7,3,0,0,1,1,3,5,0,0,1,1,1,4,0,0,0,0,2,1,5663.62654563
20194,1123002476,10,6,4,0,0,0,4,6,0,0,0,0,2,4,0,0,0,0,2,2,0,5499.72654896
20194,1123002478,12,9,3,0,0,1,2,7,2,0,0,0,1,6,2,0,0,1,1,1,0,1990.85372177
20194,1123002481,58,34,24,0,3,7,5,10,33,0,2,6,4,5,17,0,1,1,1,5,16,4628.88604209
20194,1123002485,14,8,6,0,8,0,2,4,0,0,6,0,0,2,0,0,2,0,2,2,0,4853.07922671
20194,1123002487,5,1,4,0,1,1,1,2,0,0,0,0,0,1,0,0,1,1,1,1,0,4611.10094684
20194,1123002489,2,1,1,0,0,0,0,0,2,0,0,0,0,0,1,0,0,0,0,0,1,7850.86244173
20194,1123002491,3,2,1,0,0,0,3,0,0,0,0,0,2,0,0,0,0,0,1,0,0,10097.4603887
20194,1123002494,15,12,3,0,2,4,4,1,4,0,2,4,2,1,3,0,0,0,2,0,1,4066.33760414
20194,1123002495,2,1,1,0,0,2,0,0,0,0,0,1,0,0,0,0,0,1,0,0,0,1145.19459214
20194,1123002498,53,21,32,0,0,2,11,36,4,0,0,1,6,11,3,0,0,1,5,25,1,6402.8538519
20194,1123002501,3,0,3,0,0,2,1,0,0,0,0,0,0,0,0,0,0,2,1,0,0,2280.57526831
20194,1123002502,2,1,1,0,0,0,0,2,0,0,0,0,0,1,0,0,0,0,0,1,0,3705.71252493
20194,1123002503,8,6,2,0,1,3,3,1,0,0,1,2,2,1,0,0,0,1,1,0,0,2292.53695395
20194,1123002509,2,2,0,0,0,0,1,1,0,0,0,0,1,1,0,0,0,0,0,0,0,6278.93086133
20194,1123002510,32,11,21,0,0,6,18,5,3,0,0,3,3,2,3,0,0,3,15,3,0,4955.8233255
20194,1123002513,66,12,54,0,8,19,21,14,4,0,1,2,2,3,4,0,7,17,19,11,0,13354.7864847
20194,1123002514,4,4,0,0,0,0,0,3,1,0,0,0,0,3,1,0,0,0,0,0,0,6745.76887548
20194,1123002515,4,4,0,0,0,1,0,0,3,0,0,1,0,0,3,0,0,0,0,0,0,3045.27256202
20194,1123002519,24,21,3,0,0,5,9,3,7,0,0,5,7,3,6,0,0,0,2,0,1,3643.99151507
20194,1123002520,2,1,1,0,0,0,1,1,0,0,0,0,1,0,0,0,0,0,0,1,0,4076.11845592
20194,1123002531,5,5,0,0,1,2,1,1,0,0,1,2,1,1,0,0,0,0,0,0,0,2836.64684626
20194,1123002536,4,3,1,0,0,0,4,0,0,0,0,0,3,0,0,0,0,0,1,0,0,3622.11421246
20194,1123002550,1,1,0,0,0,0,1,0,0,0,0,0,1,0,0,0,0,0,0,0,0,820.199193503
20194,1123002554,2,2,0,0,0,0,1,1,0,0,0,0,1,1,0,0,0,0,0,0,0,3691.36341801
20194,1123002565,8,6,2,0,0,3,2,1,2,0,0,2,1,1,2,0,0,1,1,0,0,1404.58152604
20194,1123002567,5,5,0,0,0,0,3,1,1,0,0,0,3,1,1,0,0,0,0,0,0,832.129823743
20194,1123002568,452,314,138,1,20,81,163,130,57,1,13,36,115,96,53,0,7,45,48,34,4,1831.48307665
20194,1123002578,6,6,0,0,1,1,0,3,1,0,1,1,0,3,1,0,0,0,0,0,0,4279.2552907
20194,1123002582,2,2,0,0,0,0,1,0,1,0,0,0,1,0,1,0,0,0,0,0,0,2176.99092134
20194,1123002589,2,1,1,0,0,1,1,0,0,0,0,0,1,0,0,0,0,1,0,0,0,1155.38552059
20194,1123002593,5,3,2,0,0,3,0,1,1,0,0,2,0,0,1,0,0,1,0,1,0,8385.24352629
20194,1123002601,49,33,16,0,8,17,22,2,0,0,4,13,15,1,0,0,4,4,7,1,0,1841.85327599
20194,1123002605,34,29,5,0,5,6,7,10,6,0,3,4,6,10,6,0,2,2,1,0,0,13237.1194942
20194,1123002606,4,2,2,0,0,1,1,0,2,0,0,0,1,0,1,0,0,1,0,0,1,4138.75667684
20194,1123002607,91,44,47,0,10,18,31,25,7,0,3,17,10,8,6,0,7,1,21,17,1,3940.03439716
20194,1123002608,5,2,3,0,0,3,0,0,2,0,0,1,0,0,1,0,0,2,0,0,1,7654.08675125
20194,1123002616,60,16,44,0,7,2,10,10,31,0,0,0,2,5,9,0,7,2,8,5,22,9243.73748842
20194,1123002618,11,5,6,0,2,2,1,0,6,0,0,1,0,0,4,0,2,1,1,0,2,6978.0957187
20194,1123002621,17,10,7,0,1,4,5,4,3,0,1,2,3,2,2,0,0,2,2,2,1,3854.78339284
20194,1123002622,207,117,90,3,56,37,45,44,22,2,26,23,30,23,13,1,30,14,15,21,9,2178.13917658
20194,1123002623,14,8,6,0,0,2,1,5,6,0,0,0,0,4,4,0,0,2,1,1,2,5821.58192479
20194,1123002627,4,3,1,0,1,2,1,0,0,0,1,1,1,0,0,0,0,1,0,0,0,3243.50498842
20194,1123002628,120,68,52,0,14,22,18,33,33,0,10,9,8,17,24,0,4,13,10,16,9,14535.9802083
20194,1123002629,80,28,52,0,5,14,17,27,17,0,3,5,8,6,6,0,2,9,9,21,11,3361.02961059
20194,1123002631,21,8,13,0,7,5,2,6,1,0,2,2,0,3,1,0,5,3,2,3,0,9423.44799531
20194,1123002633,237,141,96,0,12,26,41,58,100,0,7,17,19,35,63,0,5,9,22,23,37,10295.3038033
20194,1123002634,3,1,2,0,0,0,0,2,1,0,0,0,0,1,0,0,0,0,0,1,1,4481.7189554
20194,1123002635,14,3,11,0,0,1,5,4,4,0,0,0,2,0,1,0,0,1,3,4,3,2678.94766554
20194,1123002636,5,3,2,0,1,0,2,1,1,0,0,0,1,1,1,0,1,0,1,0,0,1044.62139714
20194,1123002638,8,3,5,0,0,1,2,2,3,0,0,0,1,0,2,0,0,1,1,2,1,3139.23114956
20194,1123002639,37,8,29,0,3,8,8,8,10,0,0,0,0,2,6,0,3,8,8,6,4,5673.18015791
20194,1123002640,216,125,91,0,22,19,29,58,88,0,11,14,13,27,60,0,11,5,16,31,28,7504.99769694
20194,1123002641,4,2,2,0,2,0,0,2,0,0,0,0,0,2,0,0,2,0,0,0,0,1893.06739058
20194,1123002643,15,3,12,0,4,3,1,3,4,0,0,0,0,0,3,0,4,3,1,3,1,5369.47236959
20194,1123002644,6,3,3,0,1,1,0,2,2,0,0,1,0,2,0,0,1,0,0,0,2,1270.4937998
20194,1123002645,10,3,7,0,1,3,2,3,1,0,0,0,0,2,1,0,1,3,2,1,0,5111.00326465
20194,1123002647,11,8,3,0,0,1,6,2,2,0,0,1,5,1,1,0,0,0,1,1,1,1792.53377292
20194,1123002650,54,35,19,0,3,15,6,12,18,0,1,11,3,6,14,0,2,4,3,6,4,3281.86765659
20194,1123002651,353,87,266,0,96,98,86,56,17,0,12,25,19,18,13,0,84,73,67,38,4,6172.00839944
20194,1123002654,3,2,1,0,1,0,2,0,0,0,0,0,2,0,0,0,1,0,0,0,0,3893.0683886
20194,1123002660,26,20,6,1,0,2,16,5,2,1,0,0,13,4,2,0,0,2,3,1,0,4042.42087228
20194,1123002662,8,4,4,0,0,0,3,4,1,0,0,0,2,1,1,0,0,0,1,3,0,1085.16450444
20194,1123002669,2,2,0,0,0,1,0,1,0,0,0,1,0,1,0,0,0,0,0,0,0,934.769917878
20194,1123002674,23,11,12,0,2,2,6,5,8,0,1,1,3,1,5,0,1,1,3,4,3,4746.99512161
20194,1123002677,6,4,2,0,1,2,1,1,1,0,0,2,1,0,1,0,1,0,0,1,0,719.96882156
20194,1123002683,22,18,4,0,0,5,8,9,0,0,0,2,7,9,0,0,0,3,1,0,0,781.21546642
20194,1123002684,3,1,2,0,1,0,0,2,0,0,0,0,0,1,0,0,1,0,0,1,0,1603.46469515
20194,1123002690,4,2,2,0,0,0,2,2,0,0,0,0,1,1,0,0,0,0,1,1,0,2896.75745726
20194,1123002692,10,0,10,0,0,3,3,4,0,0,0,0,0,0,0,0,0,3,3,4,0,1233.39585641
20194,1123002697,4,2,2,0,0,0,0,2,2,0,0,0,0,0,2,0,0,0,0,2,0,1989.42465704
20194,1123002699,10,9,1,0,1,5,2,1,1,0,1,4,2,1,1,0,0,1,0,0,0,926.081338484
20194,1123002701,5,4,1,0,0,0,5,0,0,0,0,0,4,0,0,0,0,0,1,0,0,778.779638929
20194,1123002706,2,0,2,0,0,0,1,1,0,0,0,0,0,0,0,0,0,0,1,1,0,1445.25842996
20194,1123002707,47,42,5,0,0,1,10,5,31,0,0,1,5,5,31,0,0,0,5,0,0,10946.0681679
20194,1123002708,6,2,4,0,0,2,3,0,1,0,0,0,2,0,0,0,0,2,1,0,1,4176.15077947
20194,1123002713,3,1,2,0,0,0,0,3,0,0,0,0,0,1,0,0,0,0,0,2,0,9693.84098584
20194,1123002714,43,27,16,0,8,8,15,5,7,0,5,3,8,4,7,0,3,5,7,1,0,4680.70346453
20194,1123002715,1,1,0,0,0,0,0,1,0,0,0,0,0,1,0,0,0,0,0,0,0,1253.9989814
20194,1123002717,2,2,0,0,0,0,1,1,0,0,0,0,1,1,0,0,0,0,0,0,0,2431.05873191
20194,1123002719,2,2,0,0,0,0,2,0,0,0,0,0,2,0,0,0,0,0,0,0,0,975.571989327
20194,1123002723,55,33,22,0,8,11,21,11,4,0,4,4,14,8,3,0,4,7,7,3,1,6040.37530546
20194,1123002725,2,2,0,0,0,0,1,0,1,0,0,0,1,0,1,0,0,0,0,0,0,3743.19124982
20194,1123002729,4,1,3,0,0,0,0,3,1,0,0,0,0,1,0,0,0,0,0,2,1,2279.12340816
20194,1123002733,16,13,3,0,1,4,5,6,0,0,0,4,4,5,0,0,1,0,1,1,0,5199.83648477
20194,1123002734,1,1,0,0,0,0,1,0,0,0,0,0,1,0,0,0,0,0,0,0,0,1502.51419786
20194,1123002736,6,5,1,0,1,0,3,2,0,0,0,0,3,2,0,0,1,0,0,0,0,2096.69549657
20194,1123002738,19,11,8,0,2,9,5,3,0,0,1,7,1,2,0,0,1,2,4,1,0,5995.60777454
20194,1123002742,6,5,1,0,0,1,1,3,1,0,0,0,1,3,1,0,0,1,0,0,0,5582.61413012
20194,1123002746,6,4,2,0,3,1,1,1,0,0,3,0,0,1,0,0,0,1,1,0,0,574.036106706
20194,1123002749,1,1,0,0,0,0,0,0,1,0,0,0,0,0,1,0,0,0,0,0,0,787.454644106
20194,1123002751,19,7,12,0,8,8,2,1,0,0,2,4,1,0,0,0,6,4,1,1,0,4083.93505586
20194,1123002755,249,59,190,1,30,20,16,43,139,1,6,10,9,5,28,0,24,10,7,38,111,7310.33141785
20194,1123002756,11,4,7,0,1,0,3,6,1,0,0,0,2,2,0,0,1,0,1,4,1,6327.95327245
20194,1123002757,1,1,0,0,0,0,0,1,0,0,0,0,0,1,0,0,0,0,0,0,0,5494.58312936
20194,1123002761,13,8,5,0,3,3,4,1,2,0,3,0,3,0,2,0,0,3,1,1,0,3105.93828489
20194,1123002766,18,3,15,0,5,5,3,3,2,0,0,1,2,0,0,0,5,4,1,3,2,7574.87214461
20194,1123002767,8,8,0,0,1,2,2,3,0,0,1,2,2,3,0,0,0,0,0,0,0,4733.72402152
20194,1123002769,2,2,0,0,0,0,0,0,2,0,0,0,0,0,2,0,0,0,0,0,0,2698.34449133
20194,1123002774,7,5,2,0,0,0,2,3,2,0,0,0,0,3,2,0,0,0,2,0,0,2959.69723667
20194,1123002776,802,598,204,0,138,382,114,113,55,0,87,323,78,80,30,0,51,59,36,33,25,5416.71290985
20194,1123002781,10,1,9,0,0,1,1,6,2,0,0,0,0,1,0,0,0,1,1,5,2,5162.70193978
20194,1123002784,19,8,11,0,1,6,7,4,1,0,1,4,2,1,0,0,0,2,5,3,1,2008.60643332
20194,1123002785,36,12,24,0,7,10,6,13,0,0,2,1,2,7,0,0,5,9,4,6,0,18019.1780333
20194,1123002786,6,2,4,0,1,0,2,3,0,0,0,0,1,1,0,0,1,0,1,2,0,4069.79125929
20194,1123002791,2,2,0,0,0,0,0,0,2,0,0,0,0,0,2,0,0,0,0,0,0,4494.47104337
20194,1123002792,9,4,5,0,1,3,1,4,0,0,0,0,1,3,0,0,1,3,0,1,0,2008.5003708
20194,1123002794,3,2,1,0,0,0,2,1,0,0,0,0,1,1,0,0,0,0,1,0,0,1972.92056067
20194,1123002797,114,27,87,0,21,25,25,23,20,0,9,8,3,3,4,0,12,17,22,20,16,13109.7705542
20194,1123002807,30,12,18,0,1,16,7,5,1,0,1,5,2,3,1,0,0,11,5,2,0,18763.0717535
20194,1123002811,5,4,1,0,1,1,1,2,0,0,1,1,0,2,0,0,0,0,1,0,0,823.418927319
20194,1123002814,14,6,8,0,1,4,2,3,4,0,0,3,0,0,3,0,1,1,2,3,1,6168.85521255
20194,1123002823,13,9,4,0,0,1,11,1,0,0,0,1,8,0,0,0,0,0,3,1,0,1481.26778293
20194,1123002827,5,4,1,0,0,1,1,1,2,0,0,1,1,1,1,0,0,0,0,0,1,1070.50199421
20194,1123002829,15,12,3,0,0,2,3,7,3,0,0,2,3,6,1,0,0,0,0,1,2,4181.02332029
20194,1123002831,3,1,2,0,0,0,1,0,2,0,0,0,1,0,0,0,0,0,0,0,2,5406.19270289
20194,1123002832,36,3,33,0,2,7,17,8,2,0,0,0,2,1,0,0,2,7,15,7,2,16011.9000326
20194,1123002833,2,1,1,0,0,0,1,1,0,0,0,0,0,1,0,0,0,0,1,0,0,4835.77166826
20194,1123002834,386,244,142,0,45,106,101,105,29,0,9,48,76,87,24,0,36,58,25,18,5,145231.340463
20194,1123002839,433,279,154,1,101,179,87,46,19,1,44,116,66,39,13,0,57,63,21,7,6,86929.4344295
20194,1123002840,783,366,417,1,238,302,113,86,43,0,79,128,68,55,36,1,159,174,45,31,7,204928.740361
20194,1123002845,1,0,1,0,0,0,0,1,0,0,0,0,0,0,0,0,0,0,0,1,0,1857.92952282
20194,1123002847,2,1,1,0,0,1,0,1,0,0,0,0,0,1,0,0,0,1,0,0,0,1332.09506987
20194,1123002848,4,0,4,0,0,2,0,2,0,0,0,0,0,0,0,0,0,2,0,2,0,2581.0345929
20194,1123002851,46,40,6,0,0,2,1,9,34,0,0,0,0,6,34,0,0,2,1,3,0,1452.37187066
20194,1123002865,4,1,3,0,2,0,0,2,0,0,0,0,0,1,0,0,2,0,0,1,0,5373.72049496
20194,1123002868,260,121,139,0,37,62,57,70,34,0,9,21,32,33,26,0,28,41,25,37,8,1510.91950751
20194,1123002876,47,26,21,1,5,18,15,6,2,1,3,10,9,3,0,0,2,8,6,3,2,15017.9680694
20194,1123002877,4,0,4,0,0,0,4,0,0,0,0,0,0,0,0,0,0,0,4,0,0,1607.11077524
20194,1123002880,4,4,0,0,0,3,1,0,0,0,0,3,1,0,0,0,0,0,0,0,0,6573.82251752
20194,1123002883,2,1,1,0,0,0,0,2,0,0,0,0,0,1,0,0,0,0,0,1,0,1318.55705442
20194,1123002886,2,1,1,0,0,0,1,1,0,0,0,0,0,1,0,0,0,0,1,0,0,2935.76638306
20194,1123002891,17,7,10,0,3,2,7,5,0,0,0,2,2,3,0,0,3,0,5,2,0,9962.6035372
20194,1123002895,14,7,7,0,0,2,3,4,5,0,0,2,1,1,3,0,0,0,2,3,2,4137.9390375
20194,1123002896,3,0,3,0,1,2,0,0,0,0,0,0,0,0,0,0,1,2,0,0,0,3959.52459558
20194,1123002898,28,6,22,0,6,10,5,5,2,0,2,1,1,1,1,0,4,9,4,4,1,6010.32442575
20194,1123002899,4,4,0,0,2,0,0,1,1,0,2,0,0,1,1,0,0,0,0,0,0,3200.76256493
20194,1123002900,25,18,7,0,0,6,9,7,3,0,0,5,5,6,2,0,0,1,4,1,1,13063.948137
20194,1123002901,13,9,4,0,1,0,1,5,6,0,0,0,0,5,4,0,1,0,1,0,2,3447.72831246
20194,1123002903,2,2,0,0,0,0,1,1,0,0,0,0,1,1,0,0,0,0,0,0,0,4492.04775526
20194,1123002905,10,9,1,0,5,2,0,0,3,0,4,2,0,0,3,0,1,0,0,0,0,5201.55250318
20194,1123002906,2,1,1,0,0,0,0,0,2,0,0,0,0,0,1,0,0,0,0,0,1,1563.78613036
20194,1123002907,5,2,3,0,0,0,2,1,2,0,0,0,1,0,1,0,0,0,1,1,1,4459.29513123
20194,1123002908,5,0,5,0,0,1,2,2,0,0,0,0,0,0,0,0,0,1,2,2,0,1661.85417865
20194,1123002911,6,0,6,0,0,0,4,1,1,0,0,0,0,0,0,0,0,0,4,1,1,3750.41693968
20194,1123002914,6,2,4,0,1,1,1,2,1,0,0,0,1,1,0,0,1,1,0,1,1,4604.29294001
20194,1123002915,13,5,8,0,1,2,4,1,5,0,0,2,2,0,1,0,1,0,2,1,4,4925.59184714
20194,1123002916,4,1,3,0,0,0,2,2,0,0,0,0,0,1,0,0,0,0,2,1,0,4142.42363309
20194,1123002917,4,3,1,0,0,1,0,2,1,0,0,1,0,1,1,0,0,0,0,1,0,603.027519223
20194,1123002918,9,0,9,0,3,3,1,0,2,0,0,0,0,0,0,0,3,3,1,0,2,1004.19322794
20194,1123002919,91,14,77,0,6,25,33,22,5,0,1,4,4,1,4,0,5,21,29,21,1,17689.5856703
20194,1123002920,5,4,1,0,0,0,0,2,3,0,0,0,0,2,2,0,0,0,0,0,1,2780.02974491
20194,1123002923,6,2,4,0,1,0,2,2,1,0,0,0,0,2,0,0,1,0,2,0,1,4296.91466037
20194,1123002924,15,6,9,0,2,8,2,0,3,0,0,4,1,0,1,0,2,4,1,0,2,3736.83245655
20194,1123002925,5,1,4,0,1,1,1,1,1,0,1,0,0,0,0,0,0,1,1,1,1,2422.05723758
20194,1123002926,22,9,13,0,4,6,4,3,5,0,4,1,1,1,2,0,0,5,3,2,3,1926.12998818
20194,1123002928,7,3,4,0,3,2,1,1,0,0,0,1,1,1,0,0,3,1,0,0,0,5427.73148192
20194,1123002929,17,11,6,0,0,6,5,2,4,0,0,4,5,1,1,0,0,2,0,1,3,6990.87268715
20194,1123002931,3,2,1,0,0,1,1,1,0,0,0,0,1,1,0,0,0,1,0,0,0,2471.75163454
20194,1123002937,52,42,10,0,1,9,20,11,11,0,1,7,16,8,10,0,0,2,4,3,1,34094.480476
20194,1123002938,15,6,9,0,8,2,5,0,0,0,1,1,4,0,0,0,7,1,1,0,0,68381.0030704
20194,1123002941,8,7,1,0,0,1,2,2,3,0,0,1,2,2,2,0,0,0,0,0,1,2186.89832288
20194,1123002942,16,9,7,1,1,5,2,3,4,0,0,3,1,2,3,1,1,2,1,1,1,8655.7840371
20194,1123002943,34,17,17,0,5,9,9,5,6,0,3,5,3,3,3,0,2,4,6,2,3,11806.3933984
20194,1123002946,1,1,0,0,1,0,0,0,0,0,1,0,0,0,0,0,0,0,0,0,0,2280.66381413
20194,1123002949,7,6,1,0,0,0,2,5,0,0,0,0,2,4,0,0,0,0,0,1,0,1173.42272159
20194,1123002951,15,9,6,0,1,1,4,3,6,0,1,1,3,0,4,0,0,0,1,3,2,3091.96541572
20194,1123002952,3,2,1,0,0,1,1,0,1,0,0,1,1,0,0,0,0,0,0,0,1,3942.64469453
20194,1123002953,5,3,2,1,1,0,1,1,1,1,0,0,1,1,0,0,1,0,0,0,1,4089.65904967
20194,1123002954,20,9,11,0,6,8,2,1,3,0,1,4,1,0,3,0,5,4,1,1,0,5493.46665185
20194,1123002956,4,4,0,0,0,0,0,1,3,0,0,0,0,1,3,0,0,0,0,0,0,22550.5034436
20194,1123002959,7,6,1,0,0,0,3,2,2,0,0,0,3,1,2,0,0,0,0,1,0,1461.94013885
20194,1123002960,3,1,2,0,0,1,1,1,0,0,0,0,0,1,0,0,0,1,1,0,0,2876.59289452
20194,1123002964,20,17,3,0,0,3,2,6,9,0,0,2,2,4,9,0,0,1,0,2,0,10333.6074492
20194,1123002965,2,1,1,0,0,1,0,0,1,0,0,0,0,0,1,0,0,1,0,0,0,1421.04892608
20194,1123002966,27,15,12,0,6,2,4,6,9,0,2,2,2,2,7,0,4,0,2,4,2,3956.03477432
20194,1123002967,84,54,30,0,14,8,28,25,9,0,8,6,15,17,8,0,6,2,13,8,1,13051.1044731
20194,1123002968,2,1,1,0,0,0,0,1,1,0,0,0,0,0,1,0,0,0,0,1,0,6251.95843482
20194,1123002974,319,252,67,0,20,58,110,115,16,0,10,50,85,96,11,0,10,8,25,19,5,4514.14451559
20194,1123002982,2,2,0,0,0,0,1,0,1,0,0,0,1,0,1,0,0,0,0,0,0,5860.91184551
20194,1123002985,230,126,104,0,26,57,60,49,38,0,11,36,41,30,8,0,15,21,19,19,30,1232.6863747
20194,1123002986,5,4,1,0,0,0,2,1,2,0,0,0,2,0,2,0,0,0,0,1,0,7121.21524291
20194,1123002990,47,33,14,0,7,4,12,14,10,0,5,4,6,9,9,0,2,0,6,5,1,12047.0287981
20194,1123002991,37,23,14,0,3,5,7,8,14,0,2,2,3,4,12,0,1,3,4,4,2,5781.13744145
20194,1123002993,4,4,0,0,0,0,2,0,2,0,0,0,2,0,2,0,0,0,0,0,0,6875.16128071
20194,1123002995,5,1,4,0,2,2,1,0,0,0,0,0,1,0,0,0,2,2,0,0,0,1339.17571596
20194,1123002996,92,27,65,0,10,15,14,5,48,0,3,6,3,2,13,0,7,9,11,3,35,7871.0655319
20194,1123002998,3,0,3,0,2,0,0,1,0,0,0,0,0,0,0,0,2,0,0,1,0,2231.43201635
20194,1123002999,2,2,0,0,0,0,1,1,0,0,0,0,1,1,0,0,0,0,0,0,0,1162.60106867
20194,1123003009,35,17,18,1,3,9,14,7,1,0,2,1,8,5,1,1,1,8,6,2,0,5556.41635339
20194,1123003012,8,5,3,0,1,2,2,2,1,0,0,0,2,2,1,0,1,2,0,0,0,1218.34512365
20194,1123003014,3,2,1,0,0,2,0,0,1,0,0,1,0,0,1,0,0,1,0,0,0,1182.30404241
20194,1123003018,12,11,1,0,0,2,1,5,4,0,0,2,0,5,4,0,0,0,1,0,0,8835.50062464
20194,1123003020,14,8,6,0,3,3,4,3,1,0,3,2,2,1,0,0,0,1,2,2,1,7216.11136233
20194,1123003022,2,1,1,0,0,0,2,0,0,0,0,0,1,0,0,0,0,0,1,0,0,1677.00612323
20194,1123003023,39,7,32,0,5,11,9,9,5,0,1,0,2,2,2,0,4,11,7,7,3,2959.45200321
20194,1123003024,17,2,15,0,0,5,5,4,3,0,0,0,0,0,2,0,0,5,5,4,1,1400.23542553
20194,1123003025,4,3,1,0,0,2,1,1,0,0,0,1,1,1,0,0,0,1,0,0,0,3303.94673515
20194,1123003029,5,4,1,0,0,0,0,5,0,0,0,0,0,4,0,0,0,0,0,1,0,4524.61911672
20194,1123003032,115,63,52,2,22,34,19,28,10,0,2,14,13,25,9,2,20,20,6,3,1,12058.3743236
20194,1123003034,5,1,4,0,0,0,1,4,0,0,0,0,0,1,0,0,0,0,1,3,0,2565.69065106
20194,1123003037,2,1,1,0,0,0,0,1,1,0,0,0,0,1,0,0,0,0,0,0,1,3638.95708217
20194,1123003038,9,4,5,0,0,1,1,3,4,0,0,1,0,2,1,0,0,0,1,1,3,3698.24780991
20194,1123003044,3,3,0,0,0,1,2,0,0,0,0,1,2,0,0,0,0,0,0,0,0,3574.12178366
20194,1123003046,3,2,1,0,0,0,1,1,1,0,0,0,1,0,1,0,0,0,0,1,0,3867.1605798
20194,1123003052,31,7,24,0,3,0,1,7,20,0,1,0,1,2,3,0,2,0,0,5,17,3927.52294582
20194,1123003057,10,6,4,0,1,0,2,3,4,0,1,0,1,1,3,0,0,0,1,2,1,3167.75738429
20194,1123003059,5,4,1,0,0,2,0,1,2,0,0,2,0,0,2,0,0,0,0,1,0,1313.90936941
20194,1123003060,16,12,4,0,1,1,4,8,2,0,0,1,3,6,2,0,1,0,1,2,0,3224.03133839
20194,1123003061,2,2,0,0,0,0,2,0,0,0,0,0,2,0,0,0,0,0,0,0,0,3218.04294109
20194,1123003063,13,6,7,0,5,2,2,1,3,0,1,1,1,1,2,0,4,1,1,0,1,9640.84880546
20194,1123003065,3,2,1,0,0,2,0,0,1,0,0,1,0,0,1,0,0,1,0,0,0,3022.13577466
20194,1123003066,17,3,14,0,0,7,3,6,1,0,0,1,0,2,0,0,0,6,3,4,1,1166.57534
20194,1123003067,18,1,17,0,3,5,3,4,3,0,0,0,0,0,1,0,3,5,3,4,2,1538.43611938
20194,1123003068,7,7,0,0,0,0,2,4,1,0,0,0,2,4,1,0,0,0,0,0,0,4541.00568846
20194,1123003069,3,2,1,0,1,0,0,2,0,0,0,0,0,2,0,0,1,0,0,0,0,1889.17113346
20194,1123003070,16,8,8,0,0,1,2,2,11,0,0,1,1,1,5,0,0,0,1,1,6,11129.0370473
20194,1123003078,2,2,0,0,0,0,1,1,0,0,0,0,1,1,0,0,0,0,0,0,0,1068.36855711
20194,1123003082,105,41,64,0,8,31,37,23,6,0,2,8,12,15,4,0,6,23,25,8,2,2342.93071185
20194,1123003094,186,107,79,0,22,45,48,46,25,0,10,21,23,29,24,0,12,24,25,17,1,5618.47306291
20194,1123003100,18,2,16,0,5,4,6,1,2,0,0,0,0,1,1,0,5,4,6,0,1,7604.23128972
20194,1123003105,39,18,21,0,9,10,9,9,2,0,3,3,5,5,2,0,6,7,4,4,0,3015.93063789
20194,1123003107,678,421,257,5,58,126,204,175,110,3,26,61,117,113,101,2,32,65,87,62,9,4626.95567548
20194,1123003118,4,3,1,0,0,0,2,2,0,0,0,0,2,1,0,0,0,0,0,1,0,4249.76234106
20194,1123003119,50,39,11,0,3,20,18,1,8,0,2,17,11,1,8,0,1,3,7,0,0,12868.6711485
20194,1123003120,25,15,10,0,1,2,7,13,2,0,1,2,6,6,0,0,0,0,1,7,2,11398.4598182
20194,1123003122,10,1,9,0,3,2,1,2,2,0,0,0,0,0,1,0,3,2,1,2,1,3272.18602586
20194,1123003124,185,82,103,0,26,43,43,59,14,0,13,15,9,35,10,0,13,28,34,24,4,19358.6191889
20194,1123003128,9,3,6,0,2,5,0,1,1,0,0,2,0,0,1,0,2,3,0,1,0,12928.1814159
20194,1123003129,22,17,5,0,2,5,8,6,1,0,2,3,7,4,1,0,0,2,1,2,0,4091.84871842
20194,1123003130,4,3,1,0,0,0,1,1,2,0,0,0,1,1,1,0,0,0,0,0,1,1471.64044485
20194,1123003131,4,2,2,0,0,0,1,2,1,0,0,0,0,1,1,0,0,0,1,1,0,3349.4808711
20194,1123003136,2,1,1,0,0,1,1,0,0,0,0,0,1,0,0,0,0,1,0,0,0,884.504306945
20194,1123003137,314,221,93,0,24,118,122,50,0,0,13,77,91,40,0,0,11,41,31,10,0,27614.2424638
20194,1123003138,18,7,11,0,0,0,6,9,3,0,0,0,3,2,2,0,0,0,3,7,1,8513.5283851
20194,1123003139,34,11,23,0,4,11,5,14,0,0,0,2,2,7,0,0,4,9,3,7,0,15038.7415062
20194,1123003144,5,3,2,0,0,0,0,3,2,0,0,0,0,1,2,0,0,0,0,2,0,1993.21277869
20194,1123003146,19,16,3,0,5,2,1,7,4,0,5,2,0,5,4,0,0,0,1,2,0,2252.1967799
20194,1123003147,67,10,57,0,8,15,18,22,4,0,1,2,0,3,4,0,7,13,18,19,0,17303.1775195
20194,1123003148,2,1,1,0,0,0,2,0,0,0,0,0,1,0,0,0,0,0,1,0,0,3128.59616429
20194,1123003150,297,225,72,1,6,12,9,21,248,1,2,7,1,12,202,0,4,5,8,9,46,5558.46557363
20194,1123003151,2,2,0,0,1,1,0,0,0,0,1,1,0,0,0,0,0,0,0,0,0,1743.12974971
20194,1123003153,19,3,16,0,0,6,4,7,2,0,0,1,1,0,1,0,0,5,3,7,1,2316.69666325
20194,1123003154,3,3,0,0,0,0,2,1,0,0,0,0,2,1,0,0,0,0,0,0,0,6281.24073051
20194,1123003155,20,11,9,0,1,0,3,11,5,0,1,0,2,4,4,0,0,0,1,7,1,3363.2077305
20194,1123003156,1,1,0,0,0,0,1,0,0,0,0,0,1,0,0,0,0,0,0,0,0,1373.31387675
20194,1123003158,18,16,2,0,0,3,5,4,6,0,0,3,4,4,5,0,0,0,1,0,1,8970.64619539
20194,1123003159,63,51,12,0,7,17,23,13,3,0,4,13,19,12,3,0,3,4,4,1,0,5480.83401
20194,1123003161,1,1,0,0,0,0,0,1,0,0,0,0,0,1,0,0,0,0,0,0,0,23579.4917903
20194,1123003166,3,1,2,0,0,1,0,1,1,0,0,0,0,0,1,0,0,1,0,1,0,3247.92058127
20194,1123003171,53,15,38,0,6,15,14,17,1,0,1,3,4,7,0,0,5,12,10,10,1,13633.9854419
20194,1123003175,8,7,1,0,0,1,2,2,3,0,0,1,2,2,2,0,0,0,0,0,1,9316.32131498
20194,1123003181,6,5,1,0,0,2,0,3,1,0,0,2,0,2,1,0,0,0,0,1,0,3407.7166487
20194,1123003182,3,2,1,0,0,1,1,1,0,0,0,0,1,1,0,0,0,1,0,0,0,2931.7594135
20194,1123003184,2,0,2,0,0,0,1,0,1,0,0,0,0,0,0,0,0,0,1,0,1,1837.34800783
20194,1123003186,55,37,18,0,3,14,19,19,0,0,1,7,11,18,0,0,2,7,8,1,0,1775.20415458
20194,1123003187,4,3,1,0,0,1,1,2,0,0,0,1,0,2,0,0,0,0,1,0,0,2689.88167951
20194,1123003192,4,4,0,0,0,0,1,3,0,0,0,0,1,3,0,0,0,0,0,0,0,3395.39822332
20194,1123003194,5,4,1,0,1,0,3,1,0,0,1,0,2,1,0,0,0,0,1,0,0,3940.78552013
20194,1123003195,7,4,3,0,0,0,1,5,1,0,0,0,1,3,0,0,0,0,0,2,1,2096.1240028
20194,1123003198,1,1,0,0,0,0,0,0,1,0,0,0,0,0,1,0,0,0,0,0,0,1773.35958788
20194,1123003199,13,8,5,0,1,5,3,3,1,0,1,2,1,3,1,0,0,3,2,0,0,11968.2079724
20194,1123003200,5,2,3,0,0,0,2,0,3,0,0,0,0,0,2,0,0,0,2,0,1,3125.45551703
20194,1123003201,126,50,76,0,22,34,37,19,14,0,2,11,15,10,12,0,20,23,22,9,2,3733.1613408
20194,1123003202,6,5,1,0,0,2,3,1,0,0,0,2,2,1,0,0,0,0,1,0,0,11987.7122254
20194,1123003204,4,4,0,0,0,0,1,1,2,0,0,0,1,1,2,0,0,0,0,0,0,3210.21328573
20194,1123003208,3,2,1,0,0,2,0,0,1,0,0,1,0,0,1,0,0,1,0,0,0,3851.541978
20194,1123003210,1,0,1,0,0,0,1,0,0,0,0,0,0,0,0,0,0,0,1,0,0,4020.53359944
20194,1123003211,62,45,17,0,12,16,17,12,5,0,8,13,12,8,4,0,4,3,5,4,1,8274.21403272
20194,1123003213,15,0,15,0,2,4,4,5,0,0,0,0,0,0,0,0,2,4,4,5,0,5956.24610527
20194,1123003214,7,0,7,0,0,0,4,2,1,0,0,0,0,0,0,0,0,0,4,2,1,1257.14468851
20194,1123003216,6,6,0,0,0,0,2,4,0,0,0,0,2,4,0,0,0,0,0,0,0,2667.28280985
20194,1123003217,6,2,4,1,0,2,2,1,0,0,0,1,0,1,0,1,0,1,2,0,0,3329.87581324
20194,1123003221,4,2,2,0,0,1,3,0,0,0,0,1,1,0,0,0,0,0,2,0,0,2101.70309045
20194,1123003222,7,2,5,0,0,1,4,1,1,0,0,1,0,1,0,0,0,0,4,0,1,2742.40524015
20194,1123003223,2,2,0,0,2,0,0,0,0,0,2,0,0,0,0,0,0,0,0,0,0,610.98000847
20194,1123003225,28,11,17,0,3,4,9,2,10,0,0,0,2,1,8,0,3,4,7,1,2,10602.3289047
20194,1123003227,5,3,2,0,0,1,1,1,2,0,0,0,0,1,2,0,0,1,1,0,0,3652.08823396
20194,1123003228,1,0,1,0,0,1,0,0,0,0,0,0,0,0,0,0,0,1,0,0,0,2456.07411552
20194,1123003230,163,52,111,0,15,17,34,42,55,0,7,8,17,11,9,0,8,9,17,31,46,141007.569639
20194,1123003231,1499,630,869,0,323,352,359,382,83,0,64,161,193,169,43,0,259,191,166,213,40,4303.94168553
20194,1123003242,4,2,2,0,0,0,0,1,3,0,0,0,0,1,1,0,0,0,0,0,2,6594.92086151
20194,1123003243,15,12,3,0,1,5,5,3,1,0,1,5,3,2,1,0,0,0,2,1,0,4674.05976834
20194,1123003244,5,3,2,0,1,0,0,2,2,0,0,0,0,1,2,0,1,0,0,1,0,2617.4533702
20194,1123003245,38,8,30,0,2,7,16,11,2,0,0,1,3,3,1,0,2,6,13,8,1,3968.17004883
20194,1129000001,19,1,18,0,4,6,4,3,2,0,0,0,0,0,1,0,4,6,4,3,1,3003.00535396
20194,1129000003,63,37,26,0,4,17,18,16,8,0,0,10,7,13,7,0,4,7,11,3,1,2810.55308507
20194,1129000008,88,19,69,0,36,24,10,8,10,0,2,5,3,2,7,0,34,19,7,6,3,7946.14242889
20194,1129000013,4,1,3,0,1,0,2,1,0,0,0,0,0,1,0,0,1,0,2,0,0,2883.14216599
20194,1129000016,2,0,2,0,0,0,1,0,1,0,0,0,0,0,0,0,0,0,1,0,1,1720.46424123
20194,1129000026,19,2,17,0,5,5,4,3,2,0,0,0,0,0,2,0,5,5,4,3,0,677.896615756
20194,1129000031,173,89,84,0,16,45,43,46,23,0,6,26,26,15,16,0,10,19,17,31,7,7682.32234575
20194,1129000032,8,4,4,0,0,2,1,2,3,0,0,2,0,0,2,0,0,0,1,2,1,3930.49844048
20194,1129000039,6,4,2,0,0,1,2,0,3,0,0,0,1,0,3,0,0,1,1,0,0,2677.49029149
20194,1129000042,5,0,5,0,0,0,2,0,3,0,0,0,0,0,0,0,0,0,2,0,3,17067.9713324
20194,1129000047,4,1,3,0,0,0,3,1,0,0,0,0,0,1,0,0,0,0,3,0,0,10290.4625534
20194,1129000049,42,9,33,0,12,7,11,8,4,0,0,0,5,2,2,0,12,7,6,6,2,8054.58226851
20194,1129000051,89,52,37,0,16,21,30,15,7,0,7,15,17,8,5,0,9,6,13,7,2,3961.21404433
20194,1129000062,218,74,144,1,29,62,65,38,23,0,13,20,16,14,11,1,16,42,49,24,12,2211.8899486
20194,1129000063,1,0,1,0,0,1,0,0,0,0,0,0,0,0,0,0,0,1,0,0,0,1984.38510667
20194,1129000070,358,154,204,0,45,52,105,117,39,0,22,25,42,40,25,0,23,27,63,77,14,27762.0060369
20194,1129000078,26,24,2,0,0,4,15,6,1,0,0,4,14,5,1,0,0,0,1,1,0,2532.94933053
20194,1129000086,104,47,57,0,28,16,25,17,18,0,10,7,10,7,13,0,18,9,15,10,5,2544.84774991
20194,1129000099,7,0,7,0,0,0,0,5,2,0,0,0,0,0,0,0,0,0,0,5,2,4588.45491458
20194,1129000104,29,12,17,0,0,7,10,5,7,0,0,3,4,2,3,0,0,4,6,3,4,7549.06429063
20194,1129000105,21,13,8,0,0,1,10,6,4,0,0,0,5,4,4,0,0,1,5,2,0,9426.87632765
20194,1129000115,120,68,52,1,33,41,24,16,5,0,16,27,10,10,5,1,17,14,14,6,0,1328.92312917
20194,1129000117,48,33,15,0,4,8,16,14,6,0,3,5,10,10,5,0,1,3,6,4,1,6622.64540695
20194,1129000118,20,3,17,0,1,6,8,4,1,0,0,0,1,1,1,0,1,6,7,3,0,5725.0525603
20194,1129000119,235,179,56,2,12,33,48,57,83,0,3,22,34,42,78,2,9,11,14,15,5,3283.84044582
20194,1129000131,35,9,26,0,10,12,6,4,3,0,0,3,3,2,1,0,10,9,3,2,2,4121.38126759
20194,1129000141,23,3,20,0,3,5,7,6,2,0,0,0,1,1,1,0,3,5,6,5,1,5649.8863137
20194,1129000149,272,135,137,0,32,45,106,66,23,0,12,21,50,42,10,0,20,24,56,24,13,3072.52310862
20194,1129000151,103,15,88,0,13,36,28,24,2,0,0,4,5,4,2,0,13,32,23,20,0,19784.0317989
20194,1129000154,4104,2068,2036,415,1905,1079,431,183,91,176,863,612,254,88,75,239,1042,467,177,95,16,2911.71914429
20194,1129000199,51,10,41,0,2,9,19,11,10,0,0,1,1,1,7,0,2,8,18,10,3,14872.3100721
20194,1129000200,32,29,3,0,0,1,3,8,20,0,0,1,3,5,20,0,0,0,0,3,0,4605.01613628
20194,1129000205,45,14,31,0,12,8,5,15,5,0,4,1,2,4,3,0,8,7,3,11,2,9684.75492897
20194,1129000216,15,9,6,0,1,1,5,4,4,0,0,0,3,3,3,0,1,1,2,1,1,7192.74839825
20194,1129000217,4,3,1,0,1,0,3,0,0,0,1,0,2,0,0,0,0,0,1,0,0,4529.78713502
20194,1129000218,6,3,3,0,0,0,3,2,1,0,0,0,1,2,0,0,0,0,2,0,1,2002.22047374
20194,1129000222,1,0,1,0,0,0,0,1,0,0,0,0,0,0,0,0,0,0,0,1,0,2355.9686265
20194,1129000226,25,18,7,0,0,5,11,4,5,0,0,2,10,2,4,0,0,3,1,2,1,5691.90574767
20194,1129000231,7,3,4,0,1,4,1,1,0,0,1,2,0,0,0,0,0,2,1,1,0,28476.078963
20194,1129000236,7,5,2,0,0,0,2,2,3,0,0,0,1,1,3,0,0,0,1,1,0,3825.23928098
20194,1129000238,18,13,5,0,0,5,2,7,4,0,0,2,2,7,2,0,0,3,0,0,2,10132.1033128
20194,1129000239,28,7,21,0,1,6,8,12,1,0,0,1,1,5,0,0,1,5,7,7,1,1974.53794165
20194,1129000240,19,12,7,0,2,4,4,5,4,0,1,2,2,3,4,0,1,2,2,2,0,5983.87898946
20194,1129000242,25,10,15,0,0,3,8,6,8,0,0,1,1,3,5,0,0,2,7,3,3,5381.7570772
20194,1129000243,10,7,3,1,0,3,6,0,0,0,0,3,4,0,0,1,0,0,2,0,0,5539.74042375
20194,1129000248,59,8,51,0,0,4,16,28,11,0,0,0,1,3,4,0,0,4,15,25,7,3053.45355792
20194,1129000249,93,19,74,0,12,17,19,26,19,0,2,5,5,1,6,0,10,12,14,25,13,11260.2036519
20194,1129000250,10,8,2,0,1,6,3,0,0,0,1,5,2,0,0,0,0,1,1,0,0,2917.0277682
20194,1129000252,25,16,9,0,1,9,7,6,2,0,1,6,4,4,1,0,0,3,3,2,1,2494.45260442
20194,1129000253,80,38,42,1,10,20,28,14,7,1,0,9,18,7,3,0,10,11,10,7,4,10863.379154
20194,1129000255,39,29,10,0,8,8,9,10,4,0,8,6,7,5,3,0,0,2,2,5,1,18553.8109315
20194,1129000259,2,1,1,0,0,0,1,1,0,0,0,0,1,0,0,0,0,0,0,1,0,3430.41905732
20194,1129000260,22,9,13,1,7,5,3,3,3,1,4,1,1,1,1,0,3,4,2,2,2,11322.6441677
20194,1129000262,38,10,28,0,11,7,9,9,2,0,5,1,1,2,1,0,6,6,8,7,1,3209.41082252
20194,1129000265,5,1,4,0,0,2,0,2,1,0,0,0,0,1,0,0,0,2,0,1,1,3424.79930994
20194,1129000273,12,7,5,0,1,2,5,3,1,0,1,2,2,2,0,0,0,0,3,1,1,4934.1020933
20194,1129000275,10,0,10,0,2,3,2,2,1,0,0,0,0,0,0,0,2,3,2,2,1,3805.91350446
20194,1129000280,12,7,5,0,1,1,3,3,4,0,1,1,1,1,3,0,0,0,2,2,1,2940.64197682
20194,1129000281,2,1,1,0,0,0,0,1,1,0,0,0,0,0,1,0,0,0,0,1,0,1873.3090004
20194,1129000284,50,25,25,0,3,10,14,14,9,0,2,5,9,6,3,0,1,5,5,8,6,17453.3113364
20194,1129000294,6,1,5,0,0,1,1,2,2,0,0,0,0,1,0,0,0,1,1,1,2,2356.93864494
20194,1129000303,5,3,2,0,0,0,2,3,0,0,0,0,1,2,0,0,0,0,1,1,0,5690.15376419
20194,1129000318,17,7,10,0,2,1,1,7,6,0,2,1,1,1,2,0,0,0,0,6,4,3832.52510983
20194,1129000321,23,12,11,0,3,3,7,5,5,0,1,2,3,3,3,0,2,1,4,2,2,18802.7956365
20194,1129000322,2,1,1,0,0,0,2,0,0,0,0,0,1,0,0,0,0,0,1,0,0,1228.72102
20194,1129000330,75,13,62,0,10,20,23,16,6,0,0,5,3,1,4,0,10,15,20,15,2,10218.1411501
20194,1129000335,92,60,32,0,3,16,25,21,27,0,2,9,12,13,24,0,1,7,13,8,3,6807.09646108
20194,1129000337,2,1,1,0,0,0,1,1,0,0,0,0,1,0,0,0,0,0,0,1,0,2139.15375133
20194,1129000341,50,14,36,0,4,14,15,17,0,0,0,2,8,4,0,0,4,12,7,13,0,22886.0896876
20194,1129000342,29,6,23,1,6,6,9,5,2,0,1,1,3,0,1,1,5,5,6,5,1,6058.26392649
20194,1129000343,3,0,3,0,0,0,0,2,1,0,0,0,0,0,0,0,0,0,0,2,1,66423.1669351
20194,1129000346,4,2,2,0,0,0,2,1,1,0,0,0,1,0,1,0,0,0,1,1,0,1669.7726758
20194,1129000350,2,1,1,0,0,0,0,1,1,0,0,0,0,0,1,0,0,0,0,1,0,2010.27400729
20194,1129000352,364,228,136,0,69,87,80,74,54,0,21,59,47,52,49,0,48,28,33,22,5,5464.41808822
20194,1129000354,1,1,0,0,0,0,0,1,0,0,0,0,0,1,0,0,0,0,0,0,0,1341.11667629
20194,1129000355,26,18,8,0,6,5,8,2,5,0,4,2,5,2,5,0,2,3,3,0,0,7105.56749095
20194,1129000360,4,0,4,0,0,1,2,1,0,0,0,0,0,0,0,0,0,1,2,1,0,7460.8954622
20194,1129000370,6,2,4,0,1,3,1,1,0,0,0,1,0,1,0,0,1,2,1,0,0,6500.29653181
20194,1129000387,7,3,4,0,0,0,2,5,0,0,0,0,1,2,0,0,0,0,1,3,0,876.585080906
20194,1129000393,23,14,9,0,7,6,4,5,1,0,4,4,2,3,1,0,3,2,2,2,0,6937.07027254
20194,1129000399,90,18,72,0,10,27,25,23,5,0,1,5,5,3,4,0,9,22,20,20,1,8017.20566594
20194,1129000404,8,7,1,0,0,4,0,3,1,0,0,3,0,3,1,0,0,1,0,0,0,4420.05960458
20194,1129000407,1103,298,805,8,497,361,132,79,26,0,75,125,37,39,22,8,422,236,95,40,4,5834.86487691
20194,1129000415,1,0,1,0,0,0,0,1,0,0,0,0,0,0,0,0,0,0,0,1,0,2012.5937853
20194,1129000417,14,3,11,0,1,2,7,4,0,0,0,1,1,1,0,0,1,1,6,3,0,8582.69223261
20194,1129000424,425,378,47,0,63,153,148,58,3,0,54,135,131,56,2,0,9,18,17,2,1,2187.70909293
20194,1129000438,10940,6783,4157,44,1682,2620,3536,1917,1141,13,807,1596,2417,1469,481,31,875,1024,1119,448,660,5266.54340769
20194,1129000448,95,43,52,0,13,39,21,14,8,0,3,21,4,9,6,0,10,18,17,5,2,3699.66282137
20194,1129000462,7,5,2,0,1,0,0,4,2,0,1,0,0,2,2,0,0,0,0,2,0,689.729106096
20194,1129000470,294,123,171,0,69,72,68,50,35,0,15,30,36,20,22,0,54,42,32,30,13,1437.52877038
20194,1129000482,49,40,9,0,3,9,9,14,14,0,3,6,7,12,12,0,0,3,2,2,2,3268.92247078
20194,1129000484,1,0,1,0,0,1,0,0,0,0,0,0,0,0,0,0,0,1,0,0,0,1194.0456133
20194,1129000486,1,1,0,0,0,0,0,0,1,0,0,0,0,0,1,0,0,0,0,0,0,3854.01878954
20194,1129000500,4,1,3,0,0,1,2,0,1,0,0,0,1,0,0,0,0,1,1,0,1,2258.24613742
20194,1129000514,15,11,4,0,0,2,4,3,6,0,0,1,2,2,6,0,0,1,2,1,0,5772.87533006
20194,1129000517,101,10,91,0,18,27,28,18,10,0,1,3,0,2,4,0,17,24,28,16,6,11352.5183472
20194,1129000518,7,5,2,0,1,2,2,1,1,0,1,1,1,1,1,0,0,1,1,0,0,2724.82460008
20194,1129000522,2,2,0,0,0,1,0,1,0,0,0,1,0,1,0,0,0,0,0,0,0,2964.98986681
20194,1129000532,192,57,135,0,12,36,46,61,37,0,1,12,11,17,16,0,11,24,35,44,21,4846.91070091
20194,1129000538,18,9,9,0,7,3,5,0,3,0,2,1,4,0,2,0,5,2,1,0,1,1874.16530021
20194,1129000540,20,11,9,0,5,1,8,6,0,0,4,0,3,4,0,0,1,1,5,2,0,3323.50657324
20194,1129000541,3,1,2,0,0,0,1,0,2,0,0,0,0,0,1,0,0,0,1,0,1,1485.44957098
20194,1129000543,18,6,12,0,1,2,2,3,10,0,1,2,1,0,2,0,0,0,1,3,8,1192.47309019
20194,1129000546,3,3,0,0,0,0,2,1,0,0,0,0,2,1,0,0,0,0,0,0,0,1322.72303375
20194,1129000548,4,3,1,0,1,3,0,0,0,0,1,2,0,0,0,0,0,1,0,0,0,1589.5683156
20194,1129000552,2,2,0,0,0,1,1,0,0,0,0,1,1,0,0,0,0,0,0,0,0,1015.37985709
20194,1129000556,3,1,2,0,0,1,0,0,2,0,0,0,0,0,1,0,0,1,0,0,1,4026.61390601
20194,1129000565,71,53,18,0,5,21,28,11,6,0,2,18,21,8,4,0,3,3,7,3,2,6219.92172054
20194,1129000568,56,7,49,0,2,4,9,31,10,0,1,2,1,1,2,0,1,2,8,30,8,10578.8997692
20194,1129000569,14,9,5,0,0,3,6,4,1,0,0,1,4,4,0,0,0,2,2,0,1,4116.63364968
20194,1129000570,4,2,2,0,0,0,0,2,2,0,0,0,0,1,1,0,0,0,0,1,1,2954.14405097
20194,1129000572,32,11,21,6,8,7,3,1,7,0,2,2,1,1,5,6,6,5,2,0,2,5876.21166167
20194,1129000573,2,2,0,0,0,0,1,0,1,0,0,0,1,0,1,0,0,0,0,0,0,3795.13387217
20194,1129000574,3,2,1,0,0,1,1,0,1,0,0,1,0,0,1,0,0,0,1,0,0,1854.58815205
20194,1129000577,145,53,92,0,15,45,46,30,9,0,3,12,15,17,6,0,12,33,31,13,3,5099.32249693
20194,1129000580,2,1,1,0,1,1,0,0,0,0,0,1,0,0,0,0,1,0,0,0,0,5278.8403183
20194,1129000581,5,4,1,0,2,1,2,0,0,0,2,1,1,0,0,0,0,0,1,0,0,728.809803529
20194,1129000582,5,5,0,0,0,0,0,1,4,0,0,0,0,1,4,0,0,0,0,0,0,4293.84573068
20194,1129000585,1,1,0,0,0,0,0,0,1,0,0,0,0,0,1,0,0,0,0,0,0,1119.84348948
20194,1129000586,4,3,1,0,0,0,3,1,0,0,0,0,2,1,0,0,0,0,1,0,0,676.027180238
20194,1129000588,10,5,5,0,0,6,0,2,2,0,0,3,0,1,1,0,0,3,0,1,1,745.10447959
20194,1129000590,15,8,7,0,3,4,7,1,0,0,0,2,5,1,0,0,3,2,2,0,0,5246.14530073
20194,1129000591,160,52,108,0,18,35,20,50,37,0,4,11,2,19,16,0,14,24,18,31,21,6663.82873504
20194,1129000592,14,6,8,0,1,2,1,3,7,0,0,1,1,1,3,0,1,1,0,2,4,3894.73715712
20194,1129000593,9,1,8,0,1,2,3,2,1,0,0,0,0,0,1,0,1,2,3,2,0,2662.32106892
20194,1129000595,30,20,10,1,9,10,4,5,1,0,5,7,4,3,1,1,4,3,0,2,0,5676.7046914
20194,1129000596,5,1,4,0,3,1,1,0,0,0,0,0,1,0,0,0,3,1,0,0,0,1686.97972103
20194,1129000597,16,15,1,0,0,1,5,8,2,0,0,1,4,8,2,0,0,0,1,0,0,7609.66171191
20194,1129000598,9,4,5,0,6,1,0,1,1,0,3,0,0,1,0,0,3,1,0,0,1,938.028927433
20194,1129000600,4,1,3,0,1,0,0,1,2,0,0,0,0,0,1,0,1,0,0,1,1,1907.89325531
20194,1129000601,6,6,0,0,0,2,2,2,0,0,0,2,2,2,0,0,0,0,0,0,0,4871.77079929
20194,1129000602,8,5,3,0,0,0,1,4,3,0,0,0,0,2,3,0,0,0,1,2,0,4921.87835847
20194,1129000603,12,5,7,0,0,5,3,2,2,0,0,1,2,1,1,0,0,4,1,1,1,5263.74067975
20194,1129000604,54,49,5,3,23,13,10,4,1,3,21,12,9,3,1,0,2,1,1,1,0,2010.8517074
20194,1129000605,47,12,35,0,20,11,9,3,4,0,0,1,6,1,4,0,20,10,3,2,0,4003.49988732
20194,1129000607,51,8,43,0,21,16,4,6,4,0,0,3,1,1,3,0,21,13,3,5,1,68994.1344654
20194,1129000608,11,3,8,0,1,2,2,3,3,0,0,0,0,1,2,0,1,2,2,2,1,3124.22075666
20194,1129000609,4,1,3,0,0,1,0,0,3,0,0,0,0,0,1,0,0,1,0,0,2,1166.11048829
20194,1129000610,13,2,11,0,4,2,4,2,1,0,0,0,1,1,0,0,4,2,3,1,1,4836.51376301
20194,1129000611,4,3,1,0,1,1,0,0,2,0,1,1,0,0,1,0,0,0,0,0,1,3119.89985555
20194,1129000612,59,29,30,8,1,9,17,17,7,8,1,4,2,8,6,0,0,5,15,9,1,6324.36993047
20194,1129000613,1,1,0,0,0,0,0,0,1,0,0,0,0,0,1,0,0,0,0,0,0,3121.35319166
20194,1129000614,1,1,0,0,0,0,0,0,1,0,0,0,0,0,1,0,0,0,0,0,0,16336.6769814
20194,1129000617,15,11,4,0,1,2,7,5,0,0,1,1,4,5,0,0,0,1,3,0,0,6965.76464849
20194,1129000618,6,5,1,0,0,2,4,0,0,0,0,2,3,0,0,0,0,0,1,0,0,1358.76041947
20194,1129000619,3,2,1,0,0,0,1,1,1,0,0,0,0,1,1,0,0,0,1,0,0,9165.84179353
20194,1129000620,8,6,2,0,0,1,1,5,1,0,0,1,1,4,0,0,0,0,0,1,1,5582.26139068
20194,1129000623,23,16,7,1,2,4,9,2,5,1,1,3,8,2,1,0,1,1,1,0,4,6312.11690292
20194,1129000624,1,1,0,0,0,0,0,0,1,0,0,0,0,0,1,0,0,0,0,0,0,4073.47087871
20194,1129000625,100,21,79,0,18,30,29,17,6,0,5,3,4,4,5,0,13,27,25,13,1,22975.5460365
20194,1129000626,14,10,4,0,0,4,3,3,4,0,0,2,1,3,4,0,0,2,2,0,0,2776.82359155
20194,1129000628,2,2,0,0,0,1,0,0,1,0,0,1,0,0,1,0,0,0,0,0,0,1896.74297675
20194,1129000629,13,3,10,0,2,5,5,1,0,0,0,0,3,0,0,0,2,5,2,1,0,4551.06674819
20194,1129000631,2,1,1,0,1,0,0,0,1,0,1,0,0,0,0,0,0,0,0,0,1,1112.3063394
20194,1129000632,21,16,5,0,2,3,5,8,3,0,1,2,3,7,3,0,1,1,2,1,0,6503.32882222
20194,1129000633,3,3,0,0,0,0,0,3,0,0,0,0,0,3,0,0,0,0,0,0,0,1283.48139986
20194,1129000634,4,4,0,0,0,0,2,1,1,0,0,0,2,1,1,0,0,0,0,0,0,2672.64788193
20194,1129000636,78,58,20,0,6,20,19,28,5,0,1,12,15,26,4,0,5,8,4,2,1,4855.63914073
20194,1129000639,2,0,2,0,0,0,1,0,1,0,0,0,0,0,0,0,0,0,1,0,1,3292.56368116
20194,1129000640,89,25,64,1,8,30,20,26,4,0,1,8,5,8,3,1,7,22,15,18,1,4755.49564657
20194,1129000643,5,2,3,0,1,1,2,0,1,0,1,0,1,0,0,0,0,1,1,0,1,808.10269634
20194,1129000645,4,4,0,0,0,0,2,1,1,0,0,0,2,1,1,0,0,0,0,0,0,940.508483314
20194,1129000646,5,1,4,0,1,1,0,1,2,0,0,0,0,0,1,0,1,1,0,1,1,4479.38114258
20194,1129000647,17,5,12,0,8,6,1,0,2,0,1,2,1,0,1,0,7,4,0,0,1,1143.15161662
20194,1129000648,9,7,2,0,0,4,4,0,1,0,0,3,3,0,1,0,0,1,1,0,0,4866.52521645
20194,1129000655,4,2,2,0,2,0,1,1,0,0,0,0,1,1,0,0,2,0,0,0,0,4900.26869254
20194,1129000659,3,1,2,0,0,0,2,0,1,0,0,0,1,0,0,0,0,0,1,0,1,4392.09165753
20194,1129000661,2,2,0,0,0,0,0,1,1,0,0,0,0,1,1,0,0,0,0,0,0,2164.75701438
20194,1129000662,28,17,11,0,0,4,5,7,12,0,0,1,3,3,10,0,0,3,2,4,2,6949.62737076
20194,1129000664,18,14,4,0,1,4,3,4,6,0,0,2,2,4,6,0,1,2,1,0,0,2356.89097495
20194,1129000665,130,116,14,0,0,5,21,41,63,0,0,3,18,33,62,0,0,2,3,8,1,7379.49035939
20194,1129000669,34,21,13,1,5,4,6,12,6,0,2,2,1,10,6,1,3,2,5,2,0,1685.18047767
20194,1129000670,2,1,1,0,0,0,2,0,0,0,0,0,1,0,0,0,0,0,1,0,0,1294.96423569
20194,1129000672,11,3,8,0,0,1,0,6,4,0,0,0,0,1,2,0,0,1,0,5,2,5713.46465004
20194,1129000673,9,1,8,0,5,3,1,0,0,0,0,0,1,0,0,0,5,3,0,0,0,2509.59399613
20194,1129000674,8,5,3,0,1,1,0,4,2,0,1,0,0,3,1,0,0,1,0,1,1,3918.578309
20194,1129000679,153,34,119,0,10,19,40,52,32,0,2,6,8,11,7,0,8,13,32,41,25,6096.61899836
20194,1129000680,20,12,8,1,0,6,6,4,3,0,0,3,4,3,2,1,0,3,2,1,1,4333.18084148
20194,1129000681,62,26,36,1,27,10,8,14,2,0,13,4,2,5,2,1,14,6,6,9,0,4869.75500874
20194,1129000683,9,8,1,0,1,1,2,3,2,0,1,1,1,3,2,0,0,0,1,0,0,1752.87978491
20194,1129000684,154,82,72,0,31,34,34,33,22,0,8,20,22,18,14,0,23,14,12,15,8,3738.99523684
20194,1129000685,12,9,3,0,0,3,3,4,2,0,0,2,2,4,1,0,0,1,1,0,1,4592.83741425
20194,1129000690,4,3,1,0,0,0,0,3,1,0,0,0,0,2,1,0,0,0,0,1,0,4005.13853828
20194,1129000692,15,2,13,0,3,2,5,3,2,0,0,0,1,1,0,0,3,2,4,2,2,6129.40076765
20194,1129000695,6,4,2,0,0,1,1,1,3,0,0,1,0,1,2,0,0,0,1,0,1,2472.25712337
20194,1129000696,13,5,8,0,0,2,5,2,4,0,0,0,1,2,2,0,0,2,4,0,2,6057.95367591
20194,1129000697,19,4,15,0,0,0,0,13,6,0,0,0,0,4,0,0,0,0,0,9,6,6087.19119562
20194,1129000698,2,1,1,0,0,0,0,2,0,0,0,0,0,1,0,0,0,0,0,1,0,1985.0563129
20194,1129000700,107,58,49,1,4,12,22,29,39,1,2,8,8,9,30,0,2,4,14,20,9,5151.86605373
20194,1129000701,3,1,2,0,0,1,1,1,0,0,0,0,0,1,0,0,0,1,1,0,0,1456.7712311
20194,1129000702,26,10,16,0,4,7,8,2,5,0,1,4,0,1,4,0,3,3,8,1,1,9990.66616499
20194,1129000703,38,33,5,0,1,4,12,13,8,0,1,3,11,10,8,0,0,1,1,3,0,4548.97385831
20194,1129000706,11,6,5,0,1,6,3,1,0,0,0,4,1,1,0,0,1,2,2,0,0,11643.727626
20194,1129000713,65,40,25,0,20,27,12,6,0,0,11,14,10,5,0,0,9,13,2,1,0,5438.45813851
20194,1129000714,15,10,5,0,1,2,2,8,2,0,1,0,0,7,2,0,0,2,2,1,0,6700.82958602
20194,1129000716,25,3,22,0,1,2,1,0,21,0,0,2,0,0,1,0,1,0,1,0,20,7504.20334069
20194,1129000717,20,18,2,0,1,2,5,11,1,0,1,1,5,10,1,0,0,1,0,1,0,923.785981563
20194,1129000720,11,7,4,0,1,1,6,3,0,0,1,1,3,2,0,0,0,0,3,1,0,6136.7999923
20194,1129000722,67,35,32,0,9,19,17,20,2,0,4,7,11,12,1,0,5,12,6,8,1,5894.81091272
20194,1129000723,8,5,3,0,0,2,3,1,2,0,0,2,1,1,1,0,0,0,2,0,1,1944.3136627
20194,1129000724,2,2,0,0,0,2,0,0,0,0,0,2,0,0,0,0,0,0,0,0,0,2235.58839446
20194,1129000726,31,24,7,3,2,4,8,10,4,3,1,1,6,9,4,0,1,3,2,1,0,3738.97601094
20194,1129000732,3,3,0,0,0,0,2,1,0,0,0,0,2,1,0,0,0,0,0,0,0,3050.11966354
20194,1129000739,37,30,7,0,4,7,11,8,7,0,3,5,9,7,6,0,1,2,2,1,1,8202.46308964
20194,1129000740,145,97,48,0,7,36,38,41,23,0,3,17,25,31,21,0,4,19,13,10,2,9541.93127465
20194,1129000741,56,20,36,0,3,16,17,14,6,0,0,6,6,4,4,0,3,10,11,10,2,4143.61013048
20194,1129000742,3,2,1,0,0,0,1,2,0,0,0,0,0,2,0,0,0,0,1,0,0,1431.23791778
20194,1129000743,61,42,19,0,1,11,14,23,12,0,0,7,8,16,11,0,1,4,6,7,1,7113.146768
20194,1129000744,757,537,220,0,2,7,21,54,673,0,2,6,9,25,495,0,0,1,12,29,178,904.36961389
20194,1129000745,15,13,2,0,1,3,4,6,1,0,0,2,4,6,1,0,1,1,0,0,0,3710.29729485
20194,1129000746,2,2,0,0,0,1,1,0,0,0,0,1,1,0,0,0,0,0,0,0,0,2143.21195944
20194,1129000748,10,7,3,0,1,1,6,0,2,0,0,1,5,0,1,0,1,0,1,0,1,1118.38182539
20194,1129000749,8,7,1,0,0,3,5,0,0,0,0,3,4,0,0,0,0,0,1,0,0,948.530638041
20194,1129000756,58,36,22,0,19,13,19,7,0,0,9,6,17,4,0,0,10,7,2,3,0,4848.63238981
20194,1129000758,87,21,66,0,12,11,27,27,10,0,3,3,8,2,5,0,9,8,19,25,5,4746.70127887
20194,1129000759,8,6,2,0,0,3,2,1,2,0,0,1,2,1,2,0,0,2,0,0,0,4198.54580256
20194,1129000763,40,22,18,0,2,7,17,8,6,0,1,6,10,3,2,0,1,1,7,5,4,4077.80120428
20194,1129000767,1,0,1,0,0,1,0,0,0,0,0,0,0,0,0,0,0,1,0,0,0,3633.36732999
20194,1129000770,9,6,3,0,0,0,6,2,1,0,0,0,3,2,1,0,0,0,3,0,0,4494.64404784
20194,1129000773,2,0,2,0,0,0,2,0,0,0,0,0,0,0,0,0,0,0,2,0,0,3472.2940408
20194,1129000774,7,3,4,0,1,2,4,0,0,0,0,0,3,0,0,0,1,2,1,0,0,4345.99394664
20194,1129000775,9,2,7,0,1,4,2,2,0,0,0,1,0,1,0,0,1,3,2,1,0,3136.78108163
20194,1129000776,14,11,3,0,1,5,4,4,0,0,0,4,4,3,0,0,1,1,0,1,0,3585.98635768
20194,1129000780,1,1,0,0,0,0,0,1,0,0,0,0,0,1,0,0,0,0,0,0,0,9422.77781434
20194,1129000781,28,19,9,0,6,4,10,6,2,0,2,3,7,5,2,0,4,1,3,1,0,2547.94772849
20194,1129000782,24,8,16,3,3,4,11,2,1,0,0,2,5,0,1,3,3,2,6,2,0,5348.99714237
20194,1129000784,15,5,10,0,1,7,4,2,1,0,0,1,2,1,1,0,1,6,2,1,0,5119.40646325
20194,1129000787,10,4,6,0,5,2,1,1,1,0,1,2,0,0,1,0,4,0,1,1,0,3394.73541103
20194,1129000794,24,19,5,0,0,0,7,6,11,0,0,0,5,5,9,0,0,0,2,1,2,4926.52656172
20194,1129000796,12,8,4,0,0,0,2,4,6,0,0,0,1,3,4,0,0,0,1,1,2,4710.51065289
20194,1129000798,13,11,2,0,0,1,3,7,2,0,0,1,2,6,2,0,0,0,1,1,0,4172.81334224
20194,1129000800,23,20,3,0,5,2,5,6,5,0,5,2,3,6,4,0,0,0,2,0,1,9189.49733779
20194,1129000801,9,2,7,0,0,0,2,4,3,0,0,0,0,0,2,0,0,0,2,4,1,3116.91508343
20194,1129000802,2843,2591,252,0,311,1334,571,583,44,0,227,1193,545,582,44,0,84,141,26,1,0,1396.42794887
20194,1129000805,10,10,0,0,0,1,5,1,3,0,0,1,5,1,3,0,0,0,0,0,0,2544.69833752
20194,1129000806,7,7,0,0,1,1,2,3,0,0,1,1,2,3,0,0,0,0,0,0,0,4868.1024665
20194,1129000810,3,1,2,0,0,2,0,1,0,0,0,1,0,0,0,0,0,1,0,1,0,2902.12756064
20194,1129000811,106,87,19,2,12,20,28,21,23,1,6,18,24,19,19,1,6,2,4,2,4,4712.19466275
20194,1129000812,716,470,246,0,18,67,86,152,393,0,16,61,81,83,229,0,2,6,5,69,164,2416.06728545
20194,1129000814,1,0,1,0,0,0,0,0,1,0,0,0,0,0,0,0,0,0,0,0,1,3535.76576188
20194,1129000815,21,4,17,0,7,4,4,5,1,0,0,0,1,2,1,0,7,4,3,3,0,2705.47322857
20194,1129000818,22,12,10,0,2,4,5,8,3,0,2,3,3,2,2,0,0,1,2,6,1,5225.811889
20194,1129000819,99,23,76,0,17,14,21,39,8,0,1,7,10,3,2,0,16,7,11,36,6,5554.98911301
20194,1129000823,42,25,17,0,7,6,8,9,12,0,2,4,3,7,9,0,5,2,5,2,3,5420.59526373
20194,1129000826,45,35,10,1,8,8,10,15,3,1,5,7,6,13,3,0,3,1,4,2,0,4070.9246453
20194,1129000827,2,1,1,0,0,0,0,2,0,0,0,0,0,1,0,0,0,0,0,1,0,8345.35970478
20194,1129000829,8,3,5,0,1,2,2,2,1,0,0,2,1,0,0,0,1,0,1,2,1,838.622725244
20194,1129000831,2,1,1,0,0,0,0,2,0,0,0,0,0,1,0,0,0,0,0,1,0,4537.91626988
20194,1129000832,9,2,7,0,0,0,4,3,2,0,0,0,0,1,1,0,0,0,4,2,1,2183.68107382
20194,1129000833,3,2,1,0,0,0,0,0,3,0,0,0,0,0,2,0,0,0,0,0,1,879.295476845
20194,1129000837,3,3,0,0,0,1,1,1,0,0,0,1,1,1,0,0,0,0,0,0,0,6468.44824669
20194,1129000840,1,0,1,0,0,0,1,0,0,0,0,0,0,0,0,0,0,0,1,0,0,3295.81688917
20194,1129000841,13,6,7,0,1,5,4,1,2,0,1,2,1,1,1,0,0,3,3,0,1,5206.56465917
20194,1129000842,27,8,19,0,6,7,7,4,3,0,1,2,2,1,2,0,5,5,5,3,1,41579.382174
20194,1129000848,4,4,0,0,0,0,2,2,0,0,0,0,2,2,0,0,0,0,0,0,0,3721.90256055
20194,1129000852,1324,924,400,0,185,375,407,339,18,0,68,233,313,295,15,0,117,142,94,44,3,2298.98810316
20194,1129000856,17,7,10,0,0,2,7,4,4,0,0,0,2,2,3,0,0,2,5,2,1,7003.62599755
20194,1129000858,6,2,4,0,1,0,1,0,4,0,0,0,0,0,2,0,1,0,1,0,2,6460.11439249
20194,1129000860,4,3,1,0,0,2,2,0,0,0,0,1,2,0,0,0,0,1,0,0,0,11302.0638409
20194,1129000865,11,2,9,0,0,1,6,4,0,0,0,0,2,0,0,0,0,1,4,4,0,5324.17018796
20194,1129000866,63,47,16,0,7,24,17,11,4,0,2,16,16,9,4,0,5,8,1,2,0,5136.25425065
20194,1129000867,23,6,17,0,4,3,8,7,1,0,1,0,1,4,0,0,3,3,7,3,1,5045.4005423
20194,1129000868,24,19,5,0,4,13,5,1,1,0,3,11,3,1,1,0,1,2,2,0,0,9852.24429658
20194,1129000874,2,2,0,0,0,0,1,1,0,0,0,0,1,1,0,0,0,0,0,0,0,1406.93640558
20194,1129000885,2,2,0,0,0,1,0,1,0,0,0,1,0,1,0,0,0,0,0,0,0,5231.8062761
20194,1129000893,241,226,15,0,10,91,87,39,14,0,9,87,84,33,13,0,1,4,3,6,1,2119.1117736
20194,1129000903,6,5,1,0,1,1,4,0,0,0,1,0,4,0,0,0,0,1,0,0,0,1007.05343671
20194,1129000907,3,2,1,0,0,0,2,1,0,0,0,0,1,1,0,0,0,0,1,0,0,48087.2623084
20194,1129000909,2,1,1,0,0,0,0,2,0,0,0,0,0,1,0,0,0,0,0,1,0,5166.2689427
20194,1129000918,16,0,16,0,5,2,5,4,0,0,0,0,0,0,0,0,5,2,5,4,0,14185.5072107
20194,1129000922,24,19,5,0,2,5,9,3,5,0,2,5,6,2,4,0,0,0,3,1,1,1524.11613458
20194,1129000928,185,109,76,0,23,27,34,38,63,0,7,15,22,23,42,0,16,12,12,15,21,1558.34090415
20194,1129000931,51,8,43,0,0,1,3,15,32,0,0,1,1,4,2,0,0,0,2,11,30,5185.99555115
20194,1129000932,4,3,1,0,0,1,1,2,0,0,0,1,1,1,0,0,0,0,0,1,0,2642.08715849
20194,1129000933,3,1,2,0,1,2,0,0,0,0,0,1,0,0,0,0,1,1,0,0,0,4002.61665704
20194,1129000936,2,1,1,0,0,0,0,2,0,0,0,0,0,1,0,0,0,0,0,1,0,1776.85046849
20194,1129000937,2,2,0,0,0,0,2,0,0,0,0,0,2,0,0,0,0,0,0,0,0,4500.351309
20194,1129000938,7,3,4,0,1,0,2,2,2,0,0,0,1,1,1,0,1,0,1,1,1,2365.00968403
20194,1129000943,3,0,3,0,0,0,0,2,1,0,0,0,0,0,0,0,0,0,0,2,1,11980.392721
20194,1129000945,2,1,1,0,0,0,1,1,0,0,0,0,1,0,0,0,0,0,0,1,0,1689.85260309
20194,1129000947,3,3,0,0,0,0,3,0,0,0,0,0,3,0,0,0,0,0,0,0,0,2011.29263515
20194,1129000948,11,3,8,0,1,0,0,7,3,0,0,0,0,3,0,0,1,0,0,4,3,4031.43145234
20194,1129000949,3,1,2,0,1,2,0,0,0,0,0,1,0,0,0,0,1,1,0,0,0,1465.83435404
20194,1129000950,2,1,1,0,0,0,2,0,0,0,0,0,1,0,0,0,0,0,1,0,0,4461.30782734
20194,1129000951,6,4,2,0,3,0,0,2,1,0,1,0,0,2,1,0,2,0,0,0,0,3920.70547856
20194,1129000953,3,1,2,0,0,0,2,1,0,0,0,0,1,0,0,0,0,0,1,1,0,2073.78218536
20194,1129000955,2,1,1,0,0,1,1,0,0,0,0,0,1,0,0,0,0,1,0,0,0,8279.33715161
20194,1129000961,8,0,8,0,0,1,5,2,0,0,0,0,0,0,0,0,0,1,5,2,0,1027.71170842
20194,1129000963,1,0,1,0,0,0,0,1,0,0,0,0,0,0,0,0,0,0,0,1,0,2936.63904732
20194,1129000966,5,3,2,0,1,1,2,1,0,0,0,1,1,1,0,0,1,0,1,0,0,3996.60147507
20194,1129000967,23,10,13,0,1,2,10,8,2,0,0,0,6,4,0,0,1,2,4,4,2,5835.11929548
20194,1129000968,21,16,5,0,3,5,1,6,6,0,3,4,1,5,3,0,0,1,0,1,3,5025.1413773
20194,1129000969,38,16,22,0,6,14,11,6,1,0,1,7,4,3,1,0,5,7,7,3,0,4441.18787613
20194,1129000975,23,4,19,0,5,4,7,6,1,0,0,2,0,1,1,0,5,2,7,5,0,2796.2155936
20194,1129000977,4,3,1,0,0,1,2,1,0,0,0,1,1,1,0,0,0,0,1,0,0,4341.64748414
20194,1129000978,5,2,3,0,0,0,1,4,0,0,0,0,0,2,0,0,0,0,1,2,0,1726.0931747
20194,1129000980,76,60,16,1,6,15,21,16,17,0,5,9,19,14,13,1,1,6,2,2,4,5095.56778035
20194,1129000981,1,1,0,0,0,0,0,1,0,0,0,0,0,1,0,0,0,0,0,0,0,1652.94656966
20194,1129000985,4,3,1,0,0,0,0,2,2,0,0,0,0,1,2,0,0,0,0,1,0,3395.58049285
20194,1129000986,4,1,3,0,0,2,1,0,1,0,0,0,0,0,1,0,0,2,1,0,0,4952.45455533
20194,1129000989,4,3,1,0,1,0,1,0,2,0,0,0,1,0,2,0,1,0,0,0,0,3070.24257225
20194,1129000991,3,2,1,0,0,0,0,1,2,0,0,0,0,1,1,0,0,0,0,0,1,2224.03921715
20194,1129000992,3,1,2,0,0,1,1,0,1,0,0,0,0,0,1,0,0,1,1,0,0,2179.81448763
20194,1129000993,77,10,67,0,12,23,28,12,2,0,3,2,4,1,0,0,9,21,24,11,2,23159.967845
20194,1129000994,70,32,38,0,12,11,14,29,4,0,12,6,7,4,3,0,0,5,7,25,1,6404.97706942
20194,1129000996,13,11,2,0,1,2,5,5,0,0,1,0,5,5,0,0,0,2,0,0,0,4348.20984225
20194,1129001000,20,5,15,0,3,1,10,4,2,0,1,0,1,2,1,0,2,1,9,2,1,2206.90975883
20194,1129001001,24,18,6,0,3,9,4,6,2,0,1,6,4,5,2,0,2,3,0,1,0,2175.0936737
20194,1129001004,3,2,1,0,0,0,0,3,0,0,0,0,0,2,0,0,0,0,0,1,0,841.776469571
20194,1129001005,6,4,2,0,0,0,0,2,4,0,0,0,0,2,2,0,0,0,0,0,2,5383.81920806
20194,1129001013,1,0,1,0,0,0,1,0,0,0,0,0,0,0,0,0,0,0,1,0,0,1362.66134975
20194,1129001014,2,0,2,0,1,0,1,0,0,0,0,0,0,0,0,0,1,0,1,0,0,2521.91071702
20194,1129001017,4,1,3,1,1,0,0,2,0,0,0,0,0,1,0,1,1,0,0,1,0,547.046863162
20194,1129001018,1,1,0,0,0,0,1,0,0,0,0,0,1,0,0,0,0,0,0,0,0,6064.97069654
20194,1129001023,3,2,1,0,0,2,0,0,1,0,0,1,0,0,1,0,0,1,0,0,0,3199.33517688
20194,1129001025,5,2,3,0,0,2,2,1,0,0,0,1,1,0,0,0,0,1,1,1,0,3103.11723382
20194,1129001028,12,11,1,0,2,3,2,5,0,0,2,3,2,4,0,0,0,0,0,1,0,9120.23713948
20194,1129001030,2,2,0,0,1,0,0,1,0,0,1,0,0,1,0,0,0,0,0,0,0,1108.05236748
20194,1129001032,3,2,1,0,0,1,1,1,0,0,0,0,1,1,0,0,0,1,0,0,0,4876.98694464
20194,1129001037,25,10,15,0,0,8,8,5,4,0,0,1,2,3,4,0,0,7,6,2,0,3751.77947069
20194,1129001038,13,11,2,0,2,2,2,5,2,0,2,1,2,4,2,0,0,1,0,1,0,3626.80682001
20194,1129001042,5,4,1,0,0,0,2,2,1,0,0,0,1,2,1,0,0,0,1,0,0,1140.02472102
20194,1129001043,82,49,33,0,13,18,23,13,15,0,5,11,13,6,14,0,8,7,10,7,1,5254.32926294
20194,1129001044,6,5,1,0,0,0,1,0,5,0,0,0,0,0,5,0,0,0,1,0,0,4353.42759836
20194,1129001045,2,0,2,0,0,2,0,0,0,0,0,0,0,0,0,0,0,2,0,0,0,1745.5788188
20194,1129001046,10,2,8,0,2,1,6,0,1,0,0,0,1,0,1,0,2,1,5,0,0,5524.71091009
20194,1129001047,10,6,4,0,0,1,1,5,3,0,0,0,1,3,2,0,0,1,0,2,1,1830.36775806
20194,1129001051,7,5,2,0,5,0,2,0,0,0,4,0,1,0,0,0,1,0,1,0,0,5735.56898147
20194,1129001052,8,3,5,0,1,3,2,1,1,0,0,1,1,0,1,0,1,2,1,1,0,2746.02079493
20194,1129001054,6,4,2,0,0,3,3,0,0,0,0,2,2,0,0,0,0,1,1,0,0,1503.74960553
20194,1129001055,101,58,43,0,6,18,20,23,34,0,4,17,11,12,14,0,2,1,9,11,20,6147.10025989
20194,1129001056,4,3,1,0,0,2,1,0,1,0,0,1,1,0,1,0,0,1,0,0,0,1075.18881478
20194,1129001057,7,2,5,0,0,2,1,2,2,0,0,0,1,0,1,0,0,2,0,2,1,6251.77217275
20194,1129001058,21,15,6,0,0,3,4,7,7,0,0,2,2,6,5,0,0,1,2,1,2,2296.71578448
20194,1129001059,83,35,48,0,11,16,22,21,13,0,3,5,12,6,9,0,8,11,10,15,4,4413.11239033
20194,1129001060,9,3,6,0,0,1,2,3,3,0,0,1,0,1,1,0,0,0,2,2,2,3498.04703902
20194,1129001061,11,4,7,0,1,4,2,1,3,0,0,0,2,1,1,0,1,4,0,0,2,7049.04775842
20194,1129001063,11,9,2,0,0,1,1,3,6,0,0,1,1,1,6,0,0,0,0,2,0,1505.11098439
20194,1129001066,3,1,2,0,1,1,0,0,1,0,0,0,0,0,1,0,1,1,0,0,0,4832.92958376
20194,1129001067,3,2,1,0,0,0,0,1,2,0,0,0,0,1,1,0,0,0,0,0,1,1016.29541208
20194,1129001068,107,32,75,0,20,23,17,28,19,0,5,12,5,5,5,0,15,11,12,23,14,5273.02720483
20194,1129001069,30,7,23,0,3,6,9,10,2,0,0,1,3,3,0,0,3,5,6,7,2,7790.76766504
20194,1129001070,43,22,21,0,7,8,10,9,9,0,0,2,9,4,7,0,7,6,1,5,2,7140.29290074
20194,1129001071,13,9,4,0,2,4,3,2,2,0,1,3,3,1,1,0,1,1,0,1,1,4726.6933964
20194,1129001074,73,26,47,0,4,6,9,26,28,0,4,4,4,11,3,0,0,2,5,15,25,5494.36833374
20194,1129001078,38,8,30,0,4,14,12,8,0,0,0,2,3,3,0,0,4,12,9,5,0,5059.85190985
20194,1129001079,5,5,0,0,0,1,1,0,3,0,0,1,1,0,3,0,0,0,0,0,0,4938.48442309
20194,1129001081,21,11,10,0,1,1,11,5,3,0,0,0,7,2,2,0,1,1,4,3,1,5816.87580394
20194,1129001084,3,2,1,0,0,0,1,1,1,0,0,0,1,1,0,0,0,0,0,0,1,1218.13032825
20194,1129001086,4,3,1,0,1,0,0,3,0,0,1,0,0,2,0,0,0,0,0,1,0,1258.83208564
20194,1129001087,1888,974,914,2,173,552,489,562,110,2,59,199,237,388,89,0,114,353,252,174,21,4652.20452983
20194,1129001089,36,11,25,1,9,3,9,12,2,1,2,1,3,2,2,0,7,2,6,10,0,6911.31536168
20194,1129001090,41,25,16,0,0,5,7,14,15,0,0,3,4,10,8,0,0,2,3,4,7,8753.21672797
20194,1129001091,72,38,34,0,14,13,24,13,8,0,8,9,8,8,5,0,6,4,16,5,3,4886.54686968
20194,1129001093,11,7,4,0,1,4,2,2,2,0,0,2,2,1,2,0,1,2,0,1,0,2522.29532956
20194,1129001094,23,11,12,0,2,4,9,3,5,0,0,1,6,2,2,0,2,3,3,1,3,4647.07777335
20194,1129001096,10,5,5,0,1,1,1,3,4,0,0,1,0,2,2,0,1,0,1,1,2,4122.46900647
20194,1129001097,3,2,1,0,0,0,1,0,2,0,0,0,1,0,1,0,0,0,0,0,1,2761.41092864
20194,1129001098,569,476,93,0,50,99,195,215,10,0,28,69,161,211,7,0,22,30,34,4,3,8358.05920776
20194,1129001101,7,3,4,0,1,1,4,0,1,0,1,0,1,0,1,0,0,1,3,0,0,4987.15848152
20194,1129001103,7,6,1,0,0,1,4,0,2,0,0,1,3,0,2,0,0,0,1,0,0,489.322619795
20194,1129001104,74,3,71,0,2,4,4,23,41,0,0,0,0,1,2,0,2,4,4,22,39,4061.42766531
20194,1129001105,13,5,8,0,1,5,2,5,0,0,0,2,1,2,0,0,1,3,1,3,0,4728.46195577
20194,1129001108,63,11,52,1,5,15,13,19,10,0,1,1,1,5,3,1,4,14,12,14,7,4633.23802407
20194,1129001111,1440,504,936,0,168,388,622,235,27,0,45,127,183,129,20,0,123,261,439,106,7,3581.21371223
20194,1129001115,10,5,5,0,2,2,5,1,0,0,0,1,3,1,0,0,2,1,2,0,0,1857.22107275
20194,1129001117,42,28,14,0,15,15,8,3,1,0,9,8,7,3,1,0,6,7,1,0,0,5669.0010691
20194,1129001120,4,2,2,0,0,0,1,1,2,0,0,0,0,1,1,0,0,0,1,0,1,4580.96899217
20194,1129001122,97,36,61,1,32,5,12,19,28,1,11,3,6,3,12,0,21,2,6,16,16,7421.26712276
20194,1129001123,2,1,1,0,0,0,0,0,2,0,0,0,0,0,1,0,0,0,0,0,1,1696.64153036
20194,1129001129,19,6,13,0,3,3,5,5,3,0,0,2,1,3,0,0,3,1,4,2,3,3607.41567548
20194,1129001130,6,0,6,0,0,0,1,1,4,0,0,0,0,0,0,0,0,0,1,1,4,2583.55293079
20194,1129001131,23,5,18,0,2,8,6,4,3,0,0,0,2,1,2,0,2,8,4,3,1,4133.48659791
20194,1129001133,95,66,29,0,8,14,24,15,34,0,4,10,20,7,25,0,4,4,4,8,9,3183.55152703
20194,1129001135,2,1,1,0,0,0,0,2,0,0,0,0,0,1,0,0,0,0,0,1,0,2058.40180891
20194,1129001136,10,8,2,0,1,4,3,2,0,0,0,4,2,2,0,0,1,0,1,0,0,3266.05569003
20194,1129001138,4,2,2,0,1,0,1,2,0,0,0,0,1,1,0,0,1,0,0,1,0,585.791870285
20194,1129001139,2,0,2,0,0,0,1,0,1,0,0,0,0,0,0,0,0,0,1,0,1,1302.75915144
20194,1129001140,28,5,23,0,6,8,7,7,0,0,0,0,2,3,0,0,6,8,5,4,0,3436.02822603
20194,1129001141,42,10,32,1,11,9,12,3,6,0,0,0,4,1,5,1,11,9,8,2,1,3221.74481827
20194,1129001142,66,57,9,0,5,9,27,20,5,0,4,8,22,18,5,0,1,1,5,2,0,5276.16119067
20194,1129001148,9,0,9,0,0,1,6,1,1,0,0,0,0,0,0,0,0,1,6,1,1,2789.06820654
20194,1129001160,26,23,3,0,2,0,6,10,8,0,1,0,6,8,8,0,1,0,0,2,0,2685.46833113
20194,1129001162,10,0,10,0,5,1,3,1,0,0,0,0,0,0,0,0,5,1,3,1,0,1353.70511579
20194,1129001177,2,1,1,0,0,0,1,1,0,0,0,0,0,1,0,0,0,0,1,0,0,2909.55795781
20194,1129001189,7,0,7,0,0,1,3,3,0,0,0,0,0,0,0,0,0,1,3,3,0,1309.27820178
20194,1129001193,5,5,0,0,0,0,0,0,5,0,0,0,0,0,5,0,0,0,0,0,0,1998.83080038
20194,1129001197,2,1,1,0,1,0,0,1,0,0,1,0,0,0,0,0,0,0,0,1,0,99605.7962169
20194,1129001209,3,1,2,0,1,1,1,0,0,0,0,1,0,0,0,0,1,0,1,0,0,1209.571331
20194,1129001212,63,40,23,0,4,6,14,14,25,0,3,3,8,9,17,0,1,3,6,5,8,3228.87013375
20194,1129001213,11,11,0,0,0,0,5,3,3,0,0,0,5,3,3,0,0,0,0,0,0,11869.6987014
20194,1129001216,2,2,0,0,0,0,1,0,1,0,0,0,1,0,1,0,0,0,0,0,0,1419.54481761
20194,1129001222,5,1,4,0,0,2,2,0,1,0,0,0,0,0,1,0,0,2,2,0,0,1470.5223192
20194,1129001224,12,9,3,0,1,1,3,4,3,0,0,1,2,3,3,0,1,0,1,1,0,4565.34861939
20194,1129001225,281,216,65,3,41,118,74,36,9,0,15,96,63,33,9,3,26,22,11,3,0,10829.4942014
20194,1129001229,23,12,11,0,1,5,7,7,3,0,1,2,3,4,2,0,0,3,4,3,1,5993.1940868
20194,1129001230,2,1,1,0,0,0,0,1,1,0,0,0,0,0,1,0,0,0,0,1,0,2293.41197725
20194,1129001231,3,2,1,0,0,1,2,0,0,0,0,0,2,0,0,0,0,1,0,0,0,936.311347998
20194,1129001233,2,1,1,0,0,0,1,0,1,0,0,0,0,0,1,0,0,0,1,0,0,1892.3058786
20194,1129001234,8,3,5,0,0,3,0,5,0,0,0,2,0,1,0,0,0,1,0,4,0,1664.17872038
20194,1129001236,3,1,2,0,0,0,3,0,0,0,0,0,1,0,0,0,0,0,2,0,0,2740.33162369
20194,1129001237,9,6,3,0,0,1,2,2,4,0,0,0,2,2,2,0,0,1,0,0,2,4341.85360475
20194,1129001244,2,0,2,0,0,0,1,0,1,0,0,0,0,0,0,0,0,0,1,0,1,1992.77634823
20194,1129001248,2,2,0,0,0,0,1,1,0,0,0,0,1,1,0,0,0,0,0,0,0,1114.64235579
20194,1129001249,15,13,2,0,1,2,4,3,5,0,1,2,3,3,4,0,0,0,1,0,1,2931.45226285
20194,1129001251,3,2,1,0,0,0,1,2,0,0,0,0,1,1,0,0,0,0,0,1,0,923.601009438
20194,1129001252,3,2,1,0,0,2,1,0,0,0,0,1,1,0,0,0,0,1,0,0,0,2599.71738132
20194,1129001254,6,5,1,0,1,1,3,0,1,0,1,1,2,0,1,0,0,0,1,0,0,5550.75628274
20194,1129001258,18,12,6,0,3,4,3,7,1,0,2,2,2,5,1,0,1,2,1,2,0,3363.37529125
20194,1129001282,1,0,1,0,0,0,1,0,0,0,0,0,0,0,0,0,0,0,1,0,0,754.959099717
20194,1129001285,51,41,10,0,4,7,10,15,15,0,3,4,7,13,14,0,1,3,3,2,1,658.550706345
20194,1129001289,5,1,4,0,1,0,1,2,1,0,0,0,0,1,0,0,1,0,1,1,1,3968.07642543
20194,1129001291,69,19,50,0,14,15,22,14,4,0,5,5,4,3,2,0,9,10,18,11,2,17632.6150367
20194,1129001292,20,15,5,0,0,4,1,3,12,0,0,1,1,2,11,0,0,3,0,1,1,4902.26588196
20194,1129001300,6,5,1,0,2,1,1,1,1,0,1,1,1,1,1,0,1,0,0,0,0,1001.19178283
20194,1129001301,13,10,3,0,0,5,2,6,0,0,0,4,1,5,0,0,0,1,1,1,0,1508.07996165
20194,1129001311,16,15,1,0,0,5,5,5,1,0,0,4,5,5,1,0,0,1,0,0,0,1419.37916464
20194,1129001315,13,8,5,0,1,4,2,5,1,0,0,3,1,3,1,0,1,1,1,2,0,7326.73988324
20194,1129001318,15,13,2,0,0,0,6,5,4,0,0,0,4,5,4,0,0,0,2,0,0,5437.55591509
20194,1129001320,4,1,3,0,0,2,0,1,1,0,0,1,0,0,0,0,0,1,0,1,1,1903.80143801
20194,1129001323,3,2,1,0,0,0,0,1,2,0,0,0,0,1,1,0,0,0,0,0,1,2120.45093986
20194,1129001326,2,1,1,0,1,0,0,1,0,0,1,0,0,0,0,0,0,0,0,1,0,918.664044957
20194,1129001327,22,19,3,0,0,8,6,7,1,0,0,7,5,6,1,0,0,1,1,1,0,4622.36804481
20194,1129001330,2,0,2,0,0,0,0,1,1,0,0,0,0,0,0,0,0,0,0,1,1,1084.26803368
20194,1129001334,4,4,0,0,0,4,0,0,0,0,0,4,0,0,0,0,0,0,0,0,0,5649.95803163
20194,1129001336,5,4,1,0,1,2,0,2,0,0,1,2,0,1,0,0,0,0,0,1,0,2715.72165908
20194,1129001346,4,2,2,0,0,0,2,1,1,0,0,0,1,1,0,0,0,0,1,0,1,2308.39439091
20194,1129001348,8,1,7,0,1,1,1,4,1,0,0,0,0,0,1,0,1,1,1,4,0,4790.86921001
20194,1129001350,95,50,45,0,14,19,24,17,21,0,1,9,13,10,17,0,13,10,11,7,4,3080.69931178
20194,1129001354,38,9,29,0,12,14,5,7,0,0,2,2,2,3,0,0,10,12,3,4,0,2816.14414283
20194,1129001360,92,77,15,0,22,21,14,30,5,0,22,17,8,25,5,0,0,4,6,5,0,2836.0672573
20194,1129001363,4,2,2,0,0,1,0,1,2,0,0,0,0,1,1,0,0,1,0,0,1,3231.17273356
20194,1129001364,18,17,1,0,1,3,4,6,4,0,1,3,4,5,4,0,0,0,0,1,0,2347.55049009
20194,1129001369,2,2,0,0,0,1,1,0,0,0,0,1,1,0,0,0,0,0,0,0,0,1727.63892008
20194,1129001371,5,1,4,0,2,0,0,2,1,0,0,0,0,1,0,0,2,0,0,1,1,3301.08702655
20194,1129001376,10,8,2,0,0,2,3,1,4,0,0,2,3,1,2,0,0,0,0,0,2,4852.52882864
20194,1129001379,6,4,2,0,1,0,1,4,0,0,1,0,0,3,0,0,0,0,1,1,0,2566.67596289
20194,1129001380,8,4,4,0,0,1,2,1,4,0,0,1,1,1,1,0,0,0,1,0,3,3835.571848
20194,1129001382,3,2,1,0,0,1,0,2,0,0,0,1,0,1,0,0,0,0,0,1,0,1341.3151994
20194,1129001384,11,7,4,0,0,5,2,3,1,0,0,3,2,1,1,0,0,2,0,2,0,2434.41465641
20194,1129001389,3,3,0,0,0,0,1,1,1,0,0,0,1,1,1,0,0,0,0,0,0,1455.30132018
20194,1129001391,3,2,1,0,0,0,1,2,0,0,0,0,1,1,0,0,0,0,0,1,0,4600.61349277
20194,1129001397,2,1,1,0,0,0,0,1,1,0,0,0,0,1,0,0,0,0,0,0,1,868.923957791
20194,1129001400,8,5,3,0,1,1,0,4,2,0,0,0,0,3,2,0,1,1,0,1,0,2443.09056824
20194,1129001402,8,6,2,0,0,2,2,3,1,0,0,1,2,2,1,0,0,1,0,1,0,1363.18684457
20194,1129001405,7,4,3,0,0,0,1,2,4,0,0,0,0,1,3,0,0,0,1,1,1,3773.12069376
20194,1129001409,7,4,3,0,3,2,1,1,0,0,2,1,1,0,0,0,1,1,0,1,0,3687.19811542
20194,1129001411,1,0,1,0,0,0,1,0,0,0,0,0,0,0,0,0,0,0,1,0,0,893.065313794
20194,1129001415,3,2,1,0,0,0,2,1,0,0,0,0,2,0,0,0,0,0,0,1,0,2578.26555068
20194,1129001416,16,8,8,0,2,3,6,4,1,0,0,1,4,2,1,0,2,2,2,2,0,2382.94063562
20194,1129001422,82,34,48,0,10,19,16,19,18,0,0,4,6,8,16,0,10,15,10,11,2,10522.4008775
20194,1129001424,71,57,14,0,4,10,20,34,3,0,3,5,14,32,3,0,1,5,6,2,0,5099.14970665
20194,1129001427,9,4,5,0,0,0,1,6,2,0,0,0,0,3,1,0,0,0,1,3,1,2764.31163355
20194,1129001428,58,25,33,0,6,15,15,17,5,0,3,4,5,9,4,0,3,11,10,8,1,24849.9049279
20194,1129001430,40,39,1,0,2,3,4,23,8,0,2,3,3,23,8,0,0,0,1,0,0,1719.2810491
20194,1129001433,1,0,1,0,0,1,0,0,0,0,0,0,0,0,0,0,0,1,0,0,0,4161.82129936
20194,1129001434,8,8,0,0,0,2,2,1,3,0,0,2,2,1,3,0,0,0,0,0,0,3140.00692645
20194,1129001436,3,3,0,0,0,0,1,0,2,0,0,0,1,0,2,0,0,0,0,0,0,1922.30098389
20194,1129001437,4,2,2,0,1,1,0,2,0,0,0,1,0,1,0,0,1,0,0,1,0,1054.98095312
20194,1129001440,37,8,29,0,2,7,11,12,5,0,2,1,1,0,4,0,0,6,10,12,1,12902.9829544
20194,1129001441,3,1,2,0,2,0,0,1,0,0,1,0,0,0,0,0,1,0,0,1,0,2441.66146192
20194,1129001442,10,10,0,0,0,3,5,2,0,0,0,3,5,2,0,0,0,0,0,0,0,2677.91136473
20194,1129001444,9,3,6,0,3,1,1,4,0,0,1,0,1,1,0,0,2,1,0,3,0,8911.19997696
20194,1129001445,1,0,1,0,0,0,0,1,0,0,0,0,0,0,0,0,0,0,0,1,0,2572.54803552
20194,1129001446,129,54,75,1,31,34,27,12,24,0,6,10,19,8,11,1,25,24,8,4,13,6222.99353583
20194,1129001449,10,8,2,0,4,1,1,3,1,0,3,1,1,2,1,0,1,0,0,1,0,1638.67995197
20194,1129001450,41,39,2,0,1,5,4,13,18,0,1,4,4,12,18,0,0,1,0,1,0,3137.43463678
20194,1129001451,3,2,1,0,0,0,1,1,1,0,0,0,1,1,0,0,0,0,0,0,1,1471.26951474
20194,1129001454,44,39,5,0,0,2,7,12,23,0,0,2,4,11,22,0,0,0,3,1,1,3278.69548523
20194,1129001457,4,3,1,0,0,1,0,2,1,0,0,1,0,1,1,0,0,0,0,1,0,2809.34675755
20194,1129001465,6,5,1,0,0,0,3,2,1,0,0,0,2,2,1,0,0,0,1,0,0,4592.43662789
20194,1129001468,6,2,4,0,0,2,1,2,1,0,0,1,0,1,0,0,0,1,1,1,1,5275.84700193
20194,1129001471,9,4,5,0,0,3,1,0,5,0,0,0,0,0,4,0,0,3,1,0,1,3885.02788991
20194,1129001473,6,5,1,0,0,0,4,2,0,0,0,0,3,2,0,0,0,0,1,0,0,1611.55927305
20194,1129001476,12,10,2,0,2,1,4,3,2,0,2,1,4,1,2,0,0,0,0,2,0,3534.0133398
20194,1129001489,907,703,204,0,4,10,19,44,830,0,0,7,6,26,664,0,4,3,13,18,166,3463.59476813
20194,1129001491,3,1,2,0,0,0,3,0,0,0,0,0,1,0,0,0,0,0,2,0,0,3906.08988199
20194,1129001498,19,12,7,0,0,2,6,5,6,0,0,1,4,2,5,0,0,1,2,3,1,1347.21113131
20194,1129001499,4,4,0,0,3,1,0,0,0,0,3,1,0,0,0,0,0,0,0,0,0,1754.1850392
20194,1129001500,4,1,3,0,0,1,3,0,0,0,0,0,1,0,0,0,0,1,2,0,0,863.468436994
20194,1129001503,37,34,3,0,4,7,7,9,10,0,3,6,6,9,10,0,1,1,1,0,0,6648.95313586
20194,1129001508,23,11,12,0,1,0,9,9,4,0,1,0,4,3,3,0,0,0,5,6,1,2775.16339585
20194,1129001511,6,2,4,0,0,1,3,2,0,0,0,0,0,2,0,0,0,1,3,0,0,2425.55832245
20194,1129001512,3,3,0,0,0,0,3,0,0,0,0,0,3,0,0,0,0,0,0,0,0,2482.12818792
20194,1129001516,3,1,2,0,0,0,1,2,0,0,0,0,0,1,0,0,0,0,1,1,0,10269.6729421
20194,1129001517,8,2,6,0,4,1,3,0,0,0,1,0,1,0,0,0,3,1,2,0,0,2946.1416121
20194,1129001520,24,19,5,0,0,0,3,4,17,0,0,0,2,3,14,0,0,0,1,1,3,112264.001808
20194,1129001527,21,3,18,1,3,7,6,3,1,0,1,0,1,0,1,1,2,7,5,3,0,1815.25704643
20194,1129001529,836,443,393,10,107,148,194,210,167,8,67,96,91,95,86,2,40,52,103,115,81,3244.91565666
20194,1129001533,12,6,6,0,1,2,5,3,1,0,1,2,0,2,1,0,0,0,5,1,0,7005.07258843
20194,1129001541,4,2,2,0,0,0,3,1,0,0,0,0,1,1,0,0,0,0,2,0,0,5582.10152217
20194,1129001542,35,21,14,0,6,12,6,9,2,0,0,8,5,7,1,0,6,4,1,2,1,10809.4800919
20194,1129001543,9,5,4,0,2,4,2,0,1,0,2,2,1,0,0,0,0,2,1,0,1,4252.23772058
20194,1129001544,13,7,6,0,2,2,3,3,3,0,1,1,3,0,2,0,1,1,0,3,1,2769.46438583
20194,1129001546,41,13,28,4,14,5,9,8,1,0,3,3,3,4,0,4,11,2,6,4,1,3700.23516321
20194,1129001547,8,4,4,0,0,1,1,2,4,0,0,0,0,1,3,0,0,1,1,1,1,2283.89334788
20194,1129001549,3,2,1,0,0,0,0,1,2,0,0,0,0,0,2,0,0,0,0,1,0,3082.87086879
20194,1129001550,17,7,10,0,4,4,0,5,4,0,0,0,0,5,2,0,4,4,0,0,2,3963.01710403
20194,1129001551,3,2,1,0,0,0,2,1,0,0,0,0,1,1,0,0,0,0,1,0,0,1255.51300215
20194,1129001552,11,4,7,0,3,4,0,4,0,0,0,2,0,2,0,0,3,2,0,2,0,2288.87004357
20194,1129001553,3,0,3,0,0,1,1,0,1,0,0,0,0,0,0,0,0,1,1,0,1,1312.89575304
20194,1129001554,20,13,7,0,0,3,4,10,3,0,0,1,1,9,2,0,0,2,3,1,1,4500.72589937
20194,1129001556,2,1,1,0,0,0,1,0,1,0,0,0,0,0,1,0,0,0,1,0,0,2130.03979263
20194,1129001557,22,10,12,0,3,2,5,4,8,0,2,0,2,2,4,0,1,2,3,2,4,1823.5022601
20194,1129001558,4,2,2,0,0,0,4,0,0,0,0,0,2,0,0,0,0,0,2,0,0,4102.41936634
20194,1129001561,2,1,1,0,0,0,1,0,1,0,0,0,0,0,1,0,0,0,1,0,0,1632.12625983
20194,1129001564,2,1,1,0,0,0,1,0,1,0,0,0,0,0,1,0,0,0,1,0,0,13747.5201953
20194,1129001566,8,5,3,0,1,0,2,3,2,0,0,0,2,2,1,0,1,0,0,1,1,2783.57534131
20194,1129001567,3,0,3,0,1,0,0,2,0,0,0,0,0,0,0,0,1,0,0,2,0,10023.0335707
20194,1129001568,24,14,10,0,2,6,2,7,7,0,0,2,2,5,5,0,2,4,0,2,2,4343.0355389
20194,1129001569,26,13,13,0,3,5,8,5,5,0,1,2,4,2,4,0,2,3,4,3,1,14381.065832
20194,1129001570,13,10,3,0,0,3,2,5,3,0,0,3,1,3,3,0,0,0,1,2,0,1730.01425553
20194,1129001571,432,90,342,1,41,96,188,103,3,0,11,40,30,7,2,1,30,56,158,96,1,3964.85927945
20194,1129001572,362,112,250,0,18,131,177,24,12,0,6,34,48,12,12,0,12,97,129,12,0,8056.7275957
20194,1129001573,5,4,1,0,0,3,0,1,1,0,0,2,0,1,1,0,0,1,0,0,0,3278.67060907
20194,1129001574,14,9,5,0,2,3,6,2,1,0,1,2,3,2,1,0,1,1,3,0,0,5029.25642128
20194,1129001575,45,16,29,0,8,7,8,14,8,0,3,3,0,6,4,0,5,4,8,8,4,8008.16925497
20194,1129001576,20,13,7,0,2,6,6,5,1,0,2,3,5,3,0,0,0,3,1,2,1,2056.06663506
20194,1129001577,59,11,48,0,11,11,6,29,2,0,2,4,5,0,0,0,9,7,1,29,2,4200.93537208
20194,1129001578,122,88,34,0,3,13,50,42,14,0,0,11,38,31,8,0,3,2,12,11,6,5359.15774984
20194,1129001580,12,1,11,0,1,2,2,3,4,0,0,0,0,0,1,0,1,2,2,3,3,2692.58656665
20194,1129001581,16,6,10,0,1,3,4,4,4,0,0,0,2,1,3,0,1,3,2,3,1,5943.67095631
20194,1129001582,5,1,4,0,2,0,1,1,1,0,1,0,0,0,0,0,1,0,1,1,1,3755.61358973
20194,1129001583,188,60,128,0,40,88,41,12,7,0,9,26,16,4,5,0,31,62,25,8,2,2705.58063208
20194,1129001584,682,558,124,3,110,218,218,92,41,3,79,184,190,69,33,0,31,34,28,23,8,12585.539396
20194,1129001585,62,15,47,0,4,22,21,13,2,0,0,7,3,4,1,0,4,15,18,9,1,18159.6794215
20194,1129001586,236,75,161,0,33,30,40,49,84,0,11,13,13,11,27,0,22,17,27,38,57,6965.9160308
20194,1129001588,23,9,14,0,4,5,5,6,3,0,2,0,2,2,3,0,2,5,3,4,0,28616.6529241
20194,1129001589,9,5,4,0,1,1,3,4,0,0,0,1,1,3,0,0,1,0,2,1,0,2947.70634045
20194,1129001590,27,17,10,1,2,9,7,6,2,0,2,6,4,4,1,1,0,3,3,2,1,4798.23307808
20194,1129001591,21,10,11,0,5,3,6,4,3,0,1,2,3,2,2,0,4,1,3,2,1,2138.14774143
20194,1129001595,16,12,4,0,0,7,1,6,2,0,0,5,0,5,2,0,0,2,1,1,0,1784.00920877
20194,1129001602,6,5,1,0,0,0,1,3,2,0,0,0,1,2,2,0,0,0,0,1,0,2389.19628428
20194,1129001604,7,2,5,0,2,0,3,2,0,0,1,0,0,1,0,0,1,0,3,1,0,13313.163929
20194,1129001607,60,51,9,0,1,11,10,24,14,0,1,5,9,23,13,0,0,6,1,1,1,7635.27289405
20194,1129001610,53,30,23,0,4,21,12,4,12,0,1,13,5,4,7,0,3,8,7,0,5,23111.2737032
20194,1129001611,19,18,1,0,6,5,2,3,3,0,6,5,2,3,2,0,0,0,0,0,1,9148.49375224
20194,1129001612,2,2,0,0,0,0,1,1,0,0,0,0,1,1,0,0,0,0,0,0,0,3095.44501609
20194,1129001616,124,24,100,0,14,20,35,50,5,0,7,4,7,5,1,0,7,16,28,45,4,8470.10363357
20194,1129001617,42,23,19,0,6,9,18,1,8,0,1,3,12,0,7,0,5,6,6,1,1,14624.148448
20194,1129001618,24,18,6,0,6,5,8,4,1,0,4,3,6,4,1,0,2,2,2,0,0,6027.49492595
20194,1129001619,3,1,2,0,0,2,0,0,1,0,0,0,0,0,1,0,0,2,0,0,0,1286.20306618
20194,1129001620,4,3,1,0,0,0,1,3,0,0,0,0,1,2,0,0,0,0,0,1,0,3699.48213505
20194,1129001624,1,1,0,0,0,0,1,0,0,0,0,0,1,0,0,0,0,0,0,0,0,1939.28228487
20194,1129001628,9,6,3,0,1,1,2,2,3,0,0,1,2,1,2,0,1,0,0,1,1,2708.79202984
20194,1129001629,8,8,0,0,2,0,4,1,1,0,2,0,4,1,1,0,0,0,0,0,0,3474.47241604
20194,1129001631,2,1,1,0,0,0,0,1,1,0,0,0,0,1,0,0,0,0,0,0,1,2526.9182402
20194,1129001640,2,2,0,0,0,0,0,2,0,0,0,0,0,2,0,0,0,0,0,0,0,6906.31589345
20194,1129001644,62,42,20,0,1,11,18,24,8,0,0,5,13,18,6,0,1,6,5,6,2,17096.9992394
20194,1129001645,6,2,4,0,0,1,1,0,4,0,0,0,1,0,1,0,0,1,0,0,3,1706.17310916
20194,1129001646,15,10,5,0,1,2,3,4,5,0,1,1,3,2,3,0,0,1,0,2,2,7776.28594244
20194,1129001649,6,3,3,0,1,1,0,2,2,0,1,0,0,1,1,0,0,1,0,1,1,3571.2929428
20194,1129001652,59,54,5,0,4,7,31,16,1,0,4,5,28,16,1,0,0,2,3,0,0,11076.9615897
20194,1129001653,1,1,0,0,0,0,0,0,1,0,0,0,0,0,1,0,0,0,0,0,0,531.4830948
20194,1129001657,20,12,8,0,3,1,4,6,6,0,1,1,1,4,5,0,2,0,3,2,1,7318.72766697
20194,1129001659,117,110,7,0,23,26,40,21,7,0,19,24,39,21,7,0,4,2,1,0,0,4489.0919205
20194,1129001660,2,0,2,0,0,0,0,1,1,0,0,0,0,0,0,0,0,0,0,1,1,1786.09024829
20194,1129001661,3,2,1,0,1,1,0,1,0,0,0,1,0,1,0,0,1,0,0,0,0,4540.41539848
20194,1129001663,3,1,2,0,1,0,0,2,0,0,0,0,0,1,0,0,1,0,0,1,0,2767.61504058
20194,1129001666,35,4,31,0,7,11,10,7,0,0,0,1,2,1,0,0,7,10,8,6,0,13506.0754743
20194,1129001668,20,11,9,0,1,4,5,2,8,0,0,2,4,1,4,0,1,2,1,1,4,8051.24339719
20194,1129001669,3,2,1,0,1,0,0,1,1,0,1,0,0,0,1,0,0,0,0,1,0,4217.65010909
20194,1129001670,2,1,1,0,0,0,1,1,0,0,0,0,0,1,0,0,0,0,1,0,0,4432.79953572
20194,1129001673,107,36,71,0,5,23,47,26,6,0,1,5,15,11,4,0,4,18,32,15,2,42048.6372977
20194,1129001674,6,5,1,0,0,1,0,5,0,0,0,1,0,4,0,0,0,0,0,1,0,5319.85616062
20194,1129001675,8,4,4,0,1,5,1,1,0,0,0,4,0,0,0,0,1,1,1,1,0,4405.43144491
20194,1129001677,5,3,2,0,0,1,2,1,1,0,0,1,1,1,0,0,0,0,1,0,1,18777.2333451
20194,1129001678,253,207,46,5,27,75,82,40,24,1,11,70,74,34,17,4,16,5,8,6,7,31709.101242
20194,1129001680,275,110,165,0,46,115,62,31,21,0,12,37,35,12,14,0,34,78,27,19,7,31423.9957706
20194,1129001681,159,124,35,6,42,59,35,11,6,6,36,54,23,5,0,0,6,5,12,6,6,4056.36903134
20194,1129001683,56,29,27,0,4,9,16,19,8,0,2,2,6,13,6,0,2,7,10,6,2,57347.5502962
20194,1129001685,31,17,14,0,6,10,9,4,2,0,4,8,4,0,1,0,2,2,5,4,1,9737.43556297
20194,1129001686,292,231,61,0,42,76,122,35,17,0,24,64,106,28,9,0,18,12,16,7,8,11872.4971689
20194,1129001687,15,3,12,0,6,3,2,3,1,0,0,0,0,2,1,0,6,3,2,1,0,6060.75766147
20194,1129001691,34,26,8,0,4,6,12,5,7,0,2,4,9,5,6,0,2,2,3,0,1,3565.23037215
20194,1129001695,29,10,19,0,3,2,7,8,9,0,2,2,4,1,1,0,1,0,3,7,8,9635.54196006
20194,1129001696,8,5,3,0,0,0,3,4,1,0,0,0,2,2,1,0,0,0,1,2,0,21940.0663842
20194,1129001697,287,166,121,3,123,71,40,34,16,0,56,46,29,24,11,3,67,25,11,10,5,3701.5317609
20194,1129001698,113,56,57,0,14,35,33,25,6,0,4,14,13,20,5,0,10,21,20,5,1,36366.1105139
20194,1129001699,203,155,48,0,19,62,53,60,9,0,13,46,43,45,8,0,6,16,10,15,1,18370.718007
20194,1129001701,55,33,22,0,9,10,11,13,12,0,5,7,7,7,7,0,4,3,4,6,5,14579.7433132
20194,1129001706,10,4,6,0,2,1,1,2,4,0,0,0,0,1,3,0,2,1,1,1,1,8823.65887523
20194,1129001707,100,41,59,0,17,42,34,5,2,0,5,12,20,2,2,0,12,30,14,3,0,2298.36418357
20194,1129001710,7,3,4,0,1,0,4,0,2,0,0,0,1,0,2,0,1,0,3,0,0,9280.69115543
20194,1129001711,1,1,0,0,0,0,0,0,1,0,0,0,0,0,1,0,0,0,0,0,0,3813.48944324
20194,1129001712,389,264,125,3,93,154,89,33,17,0,50,111,61,26,16,3,43,43,28,7,1,50964.5354988
20194,1129001713,7,6,1,0,0,0,3,2,2,0,0,0,2,2,2,0,0,0,1,0,0,15040.4546882
20194,1129001714,2,1,1,0,0,0,1,1,0,0,0,0,1,0,0,0,0,0,0,1,0,61113.2339719
20194,1129001717,5,3,2,0,0,0,3,1,1,0,0,0,2,0,1,0,0,0,1,1,0,2859.45799565
20194,1129001718,20,20,0,0,1,2,4,10,3,0,1,2,4,10,3,0,0,0,0,0,0,5182.60388761
20194,1129001720,113,81,32,0,9,24,27,35,18,0,3,17,20,25,16,0,6,7,7,10,2,14588.5181186
20194,1129001721,2,2,0,0,0,1,0,0,1,0,0,1,0,0,1,0,0,0,0,0,0,35726.6010143
20194,1129001722,115,50,65,3,39,21,21,23,8,1,20,10,12,6,1,2,19,11,9,17,7,208944.212216
20194,1129001723,1007,400,607,4,392,409,176,22,4,1,168,178,43,6,4,3,224,231,133,16,0,17351.2547931
20194,1129001725,115,105,10,0,14,26,36,30,9,0,11,24,33,29,8,0,3,2,3,1,1,3211.27340679
20194,1129001727,60,37,23,0,16,23,16,4,1,0,10,15,9,3,0,0,6,8,7,1,1,11404.1999449
20194,1129001728,122,113,9,0,0,3,13,52,54,0,0,1,11,49,52,0,0,2,2,3,2,10298.3745181
20194,1129001729,39,21,18,0,9,8,16,5,1,0,1,3,13,4,0,0,8,5,3,1,1,14429.3177552
20194,1129001731,352,338,14,0,36,100,101,105,10,0,32,96,96,105,9,0,4,4,5,0,1,15322.0620527
20194,1129001732,22,14,8,0,3,5,4,8,2,0,3,4,2,4,1,0,0,1,2,4,1,7008.62593422
20194,1129001733,507,385,122,1,154,156,83,102,11,0,74,127,72,102,10,1,80,29,11,0,1,14141.332928
20194,1129001734,11,5,6,0,4,1,2,2,2,0,1,1,1,1,1,0,3,0,1,1,1,16218.749889
20194,1129001735,2,1,1,0,1,0,1,0,0,0,0,0,1,0,0,0,1,0,0,0,0,3143.56685703
20194,1129001736,888,751,137,0,105,305,278,187,13,0,54,259,248,178,12,0,51,46,30,9,1,20885.5474179
20194,1129001737,4,4,0,0,0,1,2,0,1,0,0,1,2,0,1,0,0,0,0,0,0,6677.97298018
20194,1129001738,12087,11233,854,5,892,2435,3701,4847,207,0,725,2094,3516,4751,147,5,167,341,185,96,60,36702.3474634
20194,1129001739,61,36,25,0,1,19,25,12,4,0,0,11,11,10,4,0,1,8,14,2,0,3342.16520041
20194,1129001740,7,4,3,0,0,2,3,1,1,0,0,1,2,1,0,0,0,1,1,0,1,11136.2202808
20194,1129001741,19,8,11,1,5,1,7,3,2,0,4,0,3,0,1,1,1,1,4,3,1,14491.8325383
20194,1129001742,82,45,37,0,8,18,22,15,19,0,4,7,10,10,14,0,4,11,12,5,5,59407.2168511
20194,1129001743,35,22,13,0,7,11,9,6,2,0,5,7,6,3,1,0,2,4,3,3,1,45676.2336692
20194,1129001744,277,230,47,1,36,85,92,55,8,0,23,60,87,53,7,1,13,25,5,2,1,4252.37959544
20194,1129001747,554,197,357,0,114,176,203,59,2,0,31,48,81,35,2,0,83,128,122,24,0,62215.1849167
20194,1129001748,22,18,4,0,1,4,5,8,4,0,0,4,3,8,3,0,1,0,2,0,1,13250.2462508
20194,1129001750,62,55,7,1,3,5,11,21,21,1,2,4,10,19,19,0,1,1,1,2,2,4991.29551256
20194,1129001752,268,138,130,2,94,38,39,37,58,0,42,19,26,18,33,2,52,19,13,19,25,32129.1420407
20194,1129001754,37,21,16,0,4,9,13,5,6,0,3,6,4,2,6,0,1,3,9,3,0,56238.503021
20194,1129001755,8,5,3,0,0,3,1,1,3,0,0,2,1,1,1,0,0,1,0,0,2,15866.9890591
20194,1129001757,971,449,522,0,262,307,224,139,39,0,77,122,129,93,28,0,185,185,95,46,11,115183.835906
20194,1129001758,9,6,3,0,0,2,1,1,5,0,0,1,0,0,5,0,0,1,1,1,0,461704.104484
20194,1129001759,21,9,12,0,4,6,7,3,1,0,0,2,3,3,1,0,4,4,4,0,0,127972.990805
20194,1129001760,12,5,7,0,0,2,5,3,2,0,0,0,1,2,2,0,0,2,4,1,0,173578.137983
20194,1129001762,81,60,21,0,9,13,26,17,16,0,6,10,17,13,14,0,3,3,9,4,2,3792.49172069
20194,1129001763,38,19,19,0,7,9,11,9,2,0,2,5,5,6,1,0,5,4,6,3,1,3685.11917834
20194,1129001765,89,64,25,0,7,10,25,24,23,0,2,6,19,20,17,0,5,4,6,4,6,3195.51657621
20194,1129001766,84,69,15,0,11,13,23,28,9,0,7,10,20,23,9,0,4,3,3,5,0,2626.50736881
20194,1129001767,4,3,1,0,1,0,0,0,3,0,0,0,0,0,3,0,1,0,0,0,0,2362.44833114
20194,1129001769,7,5,2,0,0,0,1,4,2,0,0,0,0,3,2,0,0,0,1,1,0,7690.69074465
20194,1129001771,28,18,10,0,1,5,12,7,3,0,1,2,6,6,3,0,0,3,6,1,0,5002.07761172
20194,1129001772,2,2,0,0,0,0,0,1,1,0,0,0,0,1,1,0,0,0,0,0,0,5441.09988607
20194,1129001775,22,17,5,0,7,10,2,1,2,0,5,9,2,1,0,0,2,1,0,0,2,4574.31319467
20194,1129001777,676,506,170,3,121,184,150,147,71,3,79,140,120,117,47,0,42,44,30,30,24,5672.70743044
20194,1129001780,39,24,15,0,2,13,9,10,5,0,1,11,4,4,4,0,1,2,5,6,1,12966.6739742
20194,1129001781,49,27,22,1,13,11,10,11,3,0,5,6,9,4,3,1,8,5,1,7,0,679.953867576
20194,1129001782,301,249,52,1,33,90,111,66,0,0,26,81,91,51,0,1,7,9,20,15,0,5627.30439485
20194,1129001787,5,2,3,0,0,2,0,2,1,0,0,1,0,0,1,0,0,1,0,2,0,1932.05015884
20194,1129001790,2,2,0,0,0,0,2,0,0,0,0,0,2,0,0,0,0,0,0,0,0,953.419858708
20194,1129001791,23,13,10,0,12,9,1,1,0,0,6,6,1,0,0,0,6,3,0,1,0,5521.52808952
20194,1129001792,4,2,2,0,0,0,1,3,0,0,0,0,0,2,0,0,0,0,1,1,0,6575.87772822
20194,1129001793,8,4,4,0,0,1,0,3,4,0,0,1,0,0,3,0,0,0,0,3,1,1556.47288448
20194,1129001796,2,1,1,0,0,0,0,2,0,0,0,0,0,1,0,0,0,0,0,1,0,5927.95159607
20194,1129001797,3,3,0,0,0,0,0,3,0,0,0,0,0,3,0,0,0,0,0,0,0,3749.07707306
20194,1129001798,4,2,2,0,0,0,2,0,2,0,0,0,2,0,0,0,0,0,0,0,2,2491.22563213
20194,1129001799,7,1,6,0,3,3,0,0,1,0,1,0,0,0,0,0,2,3,0,0,1,3497.66272857
20194,1129001800,22,6,16,1,10,7,2,0,2,0,0,3,2,0,1,1,10,4,0,0,1,2929.06750307
20194,1129001802,5,4,1,0,0,1,2,2,0,0,0,1,1,2,0,0,0,0,1,0,0,1957.18080496
20194,1129001803,10,1,9,0,2,5,2,0,1,0,0,1,0,0,0,0,2,4,2,0,1,3701.79853524
20194,1129001805,173,162,11,0,3,13,17,56,84,0,2,10,15,54,81,0,1,3,2,2,3,7603.20550094
20194,1129001806,6,5,1,0,0,1,0,3,2,0,0,1,0,3,1,0,0,0,0,0,1,6103.56689588
20194,1129001809,393,366,27,0,18,51,87,144,93,0,15,49,81,132,89,0,3,2,6,12,4,4015.54869065
20194,1129001811,3,1,2,0,0,1,1,0,1,0,0,0,0,0,1,0,0,1,1,0,0,4013.3108732
20194,1129001813,1027,535,492,0,91,342,397,191,6,0,29,148,235,117,6,0,62,194,162,74,0,1236.84460347
20194,1129001817,15,9,6,0,0,4,3,1,7,0,0,1,2,0,6,0,0,3,1,1,1,4900.68402436
20194,1129001819,70,66,4,0,3,0,9,33,25,0,1,0,8,33,24,0,2,0,1,0,1,2866.42817973
20194,1129001821,437,335,102,1,126,198,91,17,4,0,86,158,76,13,2,1,40,40,15,4,2,6101.43159287
20194,1129001822,121,44,77,0,27,24,36,19,15,0,10,8,10,10,6,0,17,16,26,9,9,3977.64529884
20194,1129001823,12,7,5,0,0,0,1,3,8,0,0,0,1,0,6,0,0,0,0,3,2,9128.55318805
20194,1129001824,16,9,7,0,4,4,3,2,3,0,3,2,2,0,2,0,1,2,1,2,1,8815.50505784
20194,1129001826,7,6,1,0,3,3,1,0,0,0,2,3,1,0,0,0,1,0,0,0,0,1169.4131382
20194,1129001831,24,19,5,0,3,4,9,5,3,0,2,2,8,4,3,0,1,2,1,1,0,3705.6866103
20194,1129001834,2,1,1,0,0,1,1,0,0,0,0,0,1,0,0,0,0,1,0,0,0,1737.95598376
20194,1129001837,5,2,3,0,0,0,2,1,2,0,0,0,0,0,2,0,0,0,2,1,0,4200.31347075
20194,1129001838,20,0,20,0,9,2,4,5,0,0,0,0,0,0,0,0,9,2,4,5,0,1605.0396624
20194,1129001839,2,1,1,0,0,0,1,1,0,0,0,0,0,1,0,0,0,0,1,0,0,2216.78679614
20194,1129001843,16,5,11,1,3,4,2,4,2,0,0,1,2,1,1,1,3,3,0,3,1,6201.15364473
20194,1129001844,8,1,7,0,1,2,1,0,4,0,0,0,0,0,1,0,1,2,1,0,3,1180.56938563
20194,1129001845,6,2,4,0,2,1,1,0,2,0,0,1,0,0,1,0,2,0,1,0,1,1469.88884095
20194,1129001846,2,2,0,0,0,0,1,0,1,0,0,0,1,0,1,0,0,0,0,0,0,4253.98061194
20194,1129001847,10,9,1,0,2,5,3,0,0,0,2,4,3,0,0,0,0,1,0,0,0,3085.97983842
20194,1129001849,5,2,3,0,1,0,1,3,0,0,1,0,0,1,0,0,0,0,1,2,0,1774.29074096
20194,1129001852,14,2,12,0,1,3,7,2,1,0,0,0,1,1,0,0,1,3,6,1,1,5600.35205905
20194,1129001854,28,7,21,0,12,9,5,1,1,0,0,2,3,1,1,0,12,7,2,0,0,2237.60939737
20194,1129001855,3,1,2,0,1,1,0,1,0,0,0,0,0,1,0,0,1,1,0,0,0,2625.55521993
20194,1129001856,11,8,3,0,0,3,5,3,0,0,0,3,3,2,0,0,0,0,2,1,0,2524.69968364
20194,1129001857,12,6,6,0,0,6,3,2,1,0,0,2,1,2,1,0,0,4,2,0,0,1269.0379333
20194,1129001858,9,6,3,0,0,1,2,1,5,0,0,1,0,1,4,0,0,0,2,0,1,2440.06803089
20194,1129001859,4,2,2,0,0,1,1,2,0,0,0,1,0,1,0,0,0,0,1,1,0,1274.74125263
20194,1129001862,22,11,11,0,3,3,6,5,5,0,0,2,3,3,3,0,3,1,3,2,2,1344.83088156
20194,1129001864,15,7,8,0,5,2,0,2,6,0,1,1,0,1,4,0,4,1,0,1,2,4159.64299935
20194,1129001865,13,10,3,0,1,5,2,4,1,0,0,4,2,3,1,0,1,1,0,1,0,5431.32381959
20194,1129001866,9,5,4,0,0,1,5,3,0,0,0,1,1,3,0,0,0,0,4,0,0,1978.40387727
20194,1129001868,6,4,2,0,1,4,0,0,1,0,0,3,0,0,1,0,1,1,0,0,0,2023.40280659
20194,1129001869,17,11,6,0,0,2,7,5,3,0,0,1,3,4,3,0,0,1,4,1,0,1213.87136607
20194,1129001871,20,6,14,0,4,3,6,7,0,0,0,2,0,4,0,0,4,1,6,3,0,5937.41628291
20194,1129001872,81,44,37,0,6,10,25,30,10,0,4,7,12,16,5,0,2,3,13,14,5,4385.11483318
20194,1129001873,17,10,7,0,0,2,9,3,3,0,0,2,5,0,3,0,0,0,4,3,0,6423.12726131
20194,1129001874,3,1,2,0,0,0,3,0,0,0,0,0,1,0,0,0,0,0,2,0,0,3041.35607503
20194,1129001877,24,17,7,0,1,2,11,5,5,0,1,1,8,3,4,0,0,1,3,2,1,2379.96039316
20194,1129001880,88,32,56,0,11,17,22,17,21,0,6,5,2,8,11,0,5,12,20,9,10,11745.6973191
20194,1129001882,7,5,2,0,0,0,1,6,0,0,0,0,0,5,0,0,0,0,1,1,0,2567.74991221
20194,1129001885,15,9,6,0,5,5,2,3,0,0,4,1,2,2,0,0,1,4,0,1,0,4631.45059836
20194,1129001890,2,2,0,0,0,0,2,0,0,0,0,0,2,0,0,0,0,0,0,0,0,1215.75226458
20194,1129001892,5,1,4,0,0,0,0,4,1,0,0,0,0,1,0,0,0,0,0,3,1,4712.9194268
20194,1129001893,7,6,1,0,2,1,3,0,1,0,2,1,3,0,0,0,0,0,0,0,1,4072.76141789
20194,1129001894,11,5,6,0,5,3,2,0,1,0,0,2,2,0,1,0,5,1,0,0,0,5014.25878933
20194,1129001895,20,4,16,0,1,0,5,12,2,0,0,0,0,3,1,0,1,0,5,9,1,4594.51232741
20194,1129001900,2,2,0,0,0,0,1,0,1,0,0,0,1,0,1,0,0,0,0,0,0,1438.37091732
20194,1129001902,6,4,2,0,1,1,0,0,4,0,1,1,0,0,2,0,0,0,0,0,2,2446.56008202
20194,1129001905,73,25,48,0,14,19,20,12,8,0,5,4,6,5,5,0,9,15,14,7,3,76031.7400242
20194,1129001908,9,3,6,0,1,2,4,1,1,0,0,1,1,0,1,0,1,1,3,1,0,2639.12239581
20194,1129001910,10,5,5,0,0,5,3,2,0,0,0,2,1,2,0,0,0,3,2,0,0,3448.69916309
20194,1129001911,9,3,6,0,0,0,6,2,1,0,0,0,3,0,0,0,0,0,3,2,1,4654.39745712
20194,1129001912,5,4,1,0,0,1,0,2,2,0,0,1,0,2,1,0,0,0,0,0,1,1587.62560515
20194,1129001913,4,4,0,0,0,1,0,2,1,0,0,1,0,2,1,0,0,0,0,0,0,1322.62881485
20194,1129001919,3,1,2,0,0,3,0,0,0,0,0,1,0,0,0,0,0,2,0,0,0,1226.92166334
20194,1129001921,1,0,1,0,0,1,0,0,0,0,0,0,0,0,0,0,0,1,0,0,0,1330.40119407
20194,1129001923,128,38,90,0,10,24,53,30,11,0,4,5,15,9,5,0,6,19,38,21,6,3420.0104574
20194,1129001932,3,0,3,0,1,0,0,2,0,0,0,0,0,0,0,0,1,0,0,2,0,2467.5735448
20194,1129001936,3,2,1,0,0,0,0,3,0,0,0,0,0,2,0,0,0,0,0,1,0,9166.11253513
20194,1129001941,46,12,34,0,16,13,7,8,2,0,4,4,3,0,1,0,12,9,4,8,1,9370.09863927
20194,1129001942,26,12,14,0,18,3,3,2,0,0,7,2,1,2,0,0,11,1,2,0,0,437947.697653
20194,1129001945,2,2,0,0,0,0,0,1,1,0,0,0,0,1,1,0,0,0,0,0,0,1967.90878546
20194,1129001946,6,6,0,0,0,3,3,0,0,0,0,3,3,0,0,0,0,0,0,0,0,1541.27775852
20194,1129001947,2,1,1,0,0,1,0,0,1,0,0,0,0,0,1,0,0,1,0,0,0,7388.18419486
20194,1129001948,44,12,32,0,5,1,14,17,7,0,1,1,2,3,5,0,4,0,12,14,2,16156.7338016
20194,1129001950,7,5,2,0,0,4,2,1,0,0,0,2,2,1,0,0,0,2,0,0,0,3221.76775899
20194,1129001953,6,4,2,0,0,0,3,3,0,0,0,0,2,2,0,0,0,0,1,1,0,9974.66027638
20194,1129001954,17,4,13,0,4,3,7,2,1,0,0,1,2,0,1,0,4,2,5,2,0,6849.4671825
20194,1129001955,56,37,19,0,11,16,13,11,5,0,8,11,9,6,3,0,3,5,4,5,2,3092.29561786
20194,1129001959,5,4,1,0,0,0,2,3,0,0,0,0,1,3,0,0,0,0,1,0,0,3289.24841544
20194,1129001960,2,2,0,0,0,0,1,1,0,0,0,0,1,1,0,0,0,0,0,0,0,1295.03307299
20194,1129001962,6,5,1,0,1,1,2,0,2,0,1,1,1,0,2,0,0,0,1,0,0,1859.69998736
20194,1129001964,243,154,89,2,21,47,70,68,35,2,16,28,39,47,22,0,5,19,31,21,13,4677.16547515
20194,1129001967,40,38,2,0,0,3,7,26,4,0,0,3,6,26,3,0,0,0,1,0,1,2753.5521339
20194,1129001968,155,134,21,0,4,8,23,64,56,0,1,7,16,58,52,0,3,1,7,6,4,1484.80235144
20194,1129001970,989,763,226,0,20,25,102,137,705,0,17,19,68,110,549,0,3,6,34,27,156,10142.1060422
20194,1129001981,8,8,0,0,0,1,6,1,0,0,0,1,6,1,0,0,0,0,0,0,0,1991.0859651
20194,1129001983,2,2,0,0,0,0,1,0,1,0,0,0,1,0,1,0,0,0,0,0,0,3496.91527157
20194,1129001986,11,0,11,0,1,3,4,1,2,0,0,0,0,0,0,0,1,3,4,1,2,1822.66614489
20194,1129001997,48,37,11,0,9,3,4,23,9,0,5,2,2,21,7,0,4,1,2,2,2,6168.94218231
20194,1129002002,1,1,0,0,0,0,0,1,0,0,0,0,0,1,0,0,0,0,0,0,0,3881.52250267
20194,1129002003,4,2,2,0,0,0,1,2,1,0,0,0,0,1,1,0,0,0,1,1,0,1632.91902632
20194,1129002007,9,2,7,0,2,1,5,1,0,0,0,0,1,1,0,0,2,1,4,0,0,4233.0347951
20194,1129002009,3,2,1,0,0,0,2,1,0,0,0,0,1,1,0,0,0,0,1,0,0,2124.45724996
20194,1129002012,15,4,11,0,0,0,3,11,1,0,0,0,1,2,1,0,0,0,2,9,0,1507.14214812
20194,1129002016,24,11,13,0,5,5,7,4,3,0,0,3,5,2,1,0,5,2,2,2,2,3779.15199954
20194,1129002021,8,6,2,0,0,4,2,2,0,0,0,4,0,2,0,0,0,0,2,0,0,1576.48788212
20194,1129002022,4,2,2,0,1,0,2,0,1,0,0,0,1,0,1,0,1,0,1,0,0,4191.55035887
20194,1129002023,116,57,59,0,21,31,27,22,15,0,8,13,11,14,11,0,13,18,16,8,4,11480.5519753
20194,1129002039,2,2,0,0,1,0,0,1,0,0,1,0,0,1,0,0,0,0,0,0,0,1334.84037769
20194,1129002043,3,3,0,0,0,0,0,1,2,0,0,0,0,1,2,0,0,0,0,0,0,1435.64434277
20194,1129002046,58,14,44,0,0,4,13,18,23,0,0,4,4,4,2,0,0,0,9,14,21,8749.50762102
20194,1129002047,2,1,1,0,0,0,1,1,0,0,0,0,1,0,0,0,0,0,0,1,0,3870.47638498
20194,1129002048,5,3,2,0,0,1,1,2,1,0,0,0,1,2,0,0,0,1,0,0,1,1443.41986327
20194,1129002049,11,10,1,0,0,2,3,4,2,0,0,2,2,4,2,0,0,0,1,0,0,1672.3509793
20194,1129002053,21,5,16,0,2,10,4,5,0,0,0,5,0,0,0,0,2,5,4,5,0,1894.38440958
20194,1129002059,84,61,23,1,11,22,35,11,4,1,6,19,30,5,0,0,5,3,5,6,4,4709.91195331
20194,1129002060,13,6,7,0,6,3,2,2,0,0,2,1,1,2,0,0,4,2,1,0,0,1810.84668155
20194,1129002068,3,1,2,0,0,0,3,0,0,0,0,0,1,0,0,0,0,0,2,0,0,2267.13034229
20194,1129002072,3,3,0,0,0,0,0,2,1,0,0,0,0,2,1,0,0,0,0,0,0,1338.37583629
20194,1129002077,13,4,9,0,7,2,2,1,1,0,0,1,2,0,1,0,7,1,0,1,0,1355.91522144
20194,1129002080,10,0,10,0,1,3,3,2,1,0,0,0,0,0,0,0,1,3,3,2,1,2501.95897082
20194,1129002083,3,0,3,0,1,2,0,0,0,0,0,0,0,0,0,0,1,2,0,0,0,2980.77335471
20194,1129002084,179,29,150,0,34,58,48,38,1,0,3,8,9,9,0,0,31,50,39,29,1,13593.4671353
20194,1129002086,5,4,1,0,0,0,1,3,1,0,0,0,1,2,1,0,0,0,0,1,0,5751.88011396
20194,1129002087,10,0,10,0,1,3,4,2,0,0,0,0,0,0,0,0,1,3,4,2,0,1676.80587636
20194,1129002090,6,5,1,0,0,2,1,3,0,0,0,2,1,2,0,0,0,0,0,1,0,1737.84172402
20194,1129002091,4,3,1,0,0,0,0,3,1,0,0,0,0,2,1,0,0,0,0,1,0,3879.23639159
20194,1129002093,7,5,2,0,1,1,3,2,0,0,1,1,2,1,0,0,0,0,1,1,0,1683.362008
20194,1129002094,2,1,1,0,0,1,1,0,0,0,0,1,0,0,0,0,0,0,1,0,0,2410.06826046
20194,1129002105,3,2,1,0,0,1,2,0,0,0,0,1,1,0,0,0,0,0,1,0,0,2036.80540496
20194,1129002107,11,4,7,0,0,4,4,2,1,0,0,0,2,1,1,0,0,4,2,1,0,4800.9954326
20194,1129002118,2,1,1,0,0,2,0,0,0,0,0,1,0,0,0,0,0,1,0,0,0,2098.21971208
20194,1129002124,5,2,3,0,0,1,0,2,2,0,0,1,0,0,1,0,0,0,0,2,1,2433.43492417
20194,1129002126,173,72,101,0,14,29,53,27,50,0,4,10,28,12,18,0,10,19,25,15,32,2709.43073191
20194,1129002128,10,1,9,0,1,0,2,6,1,0,0,0,0,0,1,0,1,0,2,6,0,3326.39011218
20194,1129002138,1,1,0,0,0,0,1,0,0,0,0,0,1,0,0,0,0,0,0,0,0,533.733970255
20194,1129002154,54,15,39,1,10,21,16,3,3,1,2,5,6,1,0,0,8,16,10,2,3,5325.53662008
20194,1129002156,35,9,26,0,3,5,4,5,18,0,0,2,3,1,3,0,3,3,1,4,15,4538.77153372
20194,1129002163,23,5,18,0,6,1,10,6,0,0,0,0,1,4,0,0,6,1,9,2,0,6501.85395217
20194,1129002168,30,13,17,0,3,6,11,4,6,0,0,1,7,0,5,0,3,5,4,4,1,5826.40881998
20194,1129002171,2,0,2,0,0,2,0,0,0,0,0,0,0,0,0,0,0,2,0,0,0,10329.6850449
20194,1129002181,3,3,0,0,0,1,1,0,1,0,0,1,1,0,1,0,0,0,0,0,0,5679.50517494
20194,1129002182,224,140,84,1,30,64,82,29,18,0,17,43,44,21,15,1,13,21,38,8,3,3129.97681504
20194,1129002184,4,2,2,0,0,3,1,0,0,0,0,2,0,0,0,0,0,1,1,0,0,1770.72861873
20194,1129002185,3,2,1,0,1,0,1,1,0,0,1,0,1,0,0,0,0,0,0,1,0,1834.70040303
20194,1129002186,2,1,1,0,0,0,2,0,0,0,0,0,1,0,0,0,0,0,1,0,0,3832.37423793
20194,1129002188,3,2,1,0,0,0,1,2,0,0,0,0,0,2,0,0,0,0,1,0,0,3403.37784519
20194,1129002190,2,2,0,0,0,1,0,1,0,0,0,1,0,1,0,0,0,0,0,0,0,3530.87557737
20194,1129002192,2,2,0,0,0,0,0,2,0,0,0,0,0,2,0,0,0,0,0,0,0,3566.39001961
20194,1129002193,3,2,1,0,0,0,0,2,1,0,0,0,0,1,1,0,0,0,0,1,0,3217.46525943
20194,1129002195,101,69,32,0,11,24,31,13,22,0,6,18,22,10,13,0,5,6,9,3,9,22349.1448746
20194,1129002196,4,2,2,0,1,2,0,1,0,0,0,1,0,1,0,0,1,1,0,0,0,1252.91435252
20194,1129002198,35,22,13,0,1,7,8,9,10,0,1,3,3,7,8,0,0,4,5,2,2,7752.24972337
20194,1129002199,2,1,1,0,0,1,0,1,0,0,0,0,0,1,0,0,0,1,0,0,0,3624.71100486
20194,1129002201,2,1,1,0,0,0,0,0,2,0,0,0,0,0,1,0,0,0,0,0,1,2906.53584558
20194,1129002203,36,32,4,0,4,3,11,12,6,0,4,2,9,11,6,0,0,1,2,1,0,4622.10989553
20194,1129002204,7,4,3,0,1,3,2,0,1,0,0,1,2,0,1,0,1,2,0,0,0,8681.19333025
20194,1129002205,6,0,6,0,1,2,0,3,0,0,0,0,0,0,0,0,1,2,0,3,0,8030.38680177
20194,1129002207,23,12,11,0,1,6,3,6,7,0,0,3,1,2,6,0,1,3,2,4,1,4035.81071771
20194,1129002208,332,173,159,0,32,101,104,63,32,0,12,50,64,28,19,0,20,51,40,35,13,10145.1995628
20194,1129002209,5,0,5,0,0,2,1,1,1,0,0,0,0,0,0,0,0,2,1,1,1,1273.98623352
20194,1129002210,38,15,23,0,7,8,9,7,7,0,2,3,2,3,5,0,5,5,7,4,2,8120.09588535
20194,1129002211,21,9,12,0,0,1,5,8,7,0,0,1,1,3,4,0,0,0,4,5,3,4500.74404008
20194,1129002212,65,35,30,0,5,14,13,16,17,0,2,9,6,11,7,0,3,5,7,5,10,8957.09524743
20194,1129002213,45,22,23,0,2,7,16,16,4,0,1,3,7,9,2,0,1,4,9,7,2,14995.2650451
20194,1129002214,7,6,1,0,0,1,2,1,3,0,0,1,2,0,3,0,0,0,0,1,0,1731.99791452
20194,1129002215,6,2,4,0,1,0,2,2,1,0,0,0,1,0,1,0,1,0,1,2,0,3440.34008297
20194,1129002218,52,34,18,1,10,13,16,8,4,0,5,9,12,6,2,1,5,4,4,2,2,14864.3252315
20194,1129002219,7,5,2,0,2,1,2,2,0,0,1,1,1,2,0,0,1,0,1,0,0,5857.28448504
20194,1129002221,22,10,12,0,4,6,2,5,5,0,1,1,0,4,4,0,3,5,2,1,1,12600.4196396
20194,1129002223,6,2,4,0,0,0,2,4,0,0,0,0,0,2,0,0,0,0,2,2,0,3021.59637702
20194,1129002225,16,6,10,0,1,4,6,3,2,0,0,1,4,0,1,0,1,3,2,3,1,3273.96716563
20194,1129002229,1627,1166,461,0,310,658,319,221,119,0,169,480,226,177,114,0,141,178,93,44,5,441421.287997
20194,1129002231,26,12,14,0,0,5,13,3,5,0,0,1,6,1,4,0,0,4,7,2,1,5168.98395907
20194,1129002233,3,1,2,0,0,0,1,0,2,0,0,0,0,0,1,0,0,0,1,0,1,3429.18856967
20194,1129002236,9,2,7,0,2,5,2,0,0,0,0,2,0,0,0,0,2,3,2,0,0,5999.12956369
20194,1129002238,5,4,1,0,1,2,2,0,0,0,1,2,1,0,0,0,0,0,1,0,0,8420.20371284
20194,1129002243,17,1,16,0,3,7,4,2,1,0,0,0,0,0,1,0,3,7,4,2,0,169635.383512
20194,1129002244,14,2,12,0,4,2,4,3,1,0,0,0,0,2,0,0,4,2,4,1,1,5380.12712583
20194,1129002245,6,3,3,0,2,1,1,0,2,0,1,1,1,0,0,0,1,0,0,0,2,2074.48980596
20194,1129002248,3,2,1,0,1,0,0,2,0,0,1,0,0,1,0,0,0,0,0,1,0,956.49386295
20194,1129002249,282,263,19,0,7,10,13,15,237,0,6,7,4,12,234,0,1,3,9,3,3,19442.8273689
20194,1129002250,55,19,36,0,26,15,8,4,2,0,5,7,4,1,2,0,21,8,4,3,0,14181.1653138
20194,1129002252,2,2,0,0,0,0,2,0,0,0,0,0,2,0,0,0,0,0,0,0,0,3337.16519792
20194,1129002253,2,2,0,0,0,0,0,2,0,0,0,0,0,2,0,0,0,0,0,0,0,2807.55795774
20194,1129002254,132,97,35,0,5,46,53,24,4,0,1,32,41,20,3,0,4,14,12,4,1,5285.01129929
20194,1129002259,2,1,1,0,0,0,0,1,1,0,0,0,0,0,1,0,0,0,0,1,0,2217.39757024
20194,1129002262,10,1,9,0,0,3,1,2,4,0,0,0,0,0,1,0,0,3,1,2,3,2223.12867025
20194,1129002263,6,4,2,0,0,0,1,4,1,0,0,0,0,4,0,0,0,0,1,0,1,3466.09500634
20194,1129002264,2,0,2,0,0,0,1,0,1,0,0,0,0,0,0,0,0,0,1,0,1,4824.49219195
20194,1129002265,6,1,5,0,0,1,4,1,0,0,0,0,1,0,0,0,0,1,3,1,0,1242.80683928
20194,1129002267,20,5,15,2,12,1,4,0,1,0,2,0,2,0,1,2,10,1,2,0,0,2775.1633575
20194,1129002268,168,57,111,0,37,23,26,55,27,0,13,15,12,11,6,0,24,8,14,44,21,36458.9526739
20194,1129002270,17,10,7,0,4,5,1,5,2,0,4,4,1,0,1,0,0,1,0,5,1,1475.42593303
20194,1129002274,16,1,15,0,5,6,1,1,3,0,0,0,0,0,1,0,5,6,1,1,2,4669.56432472
20194,1129002279,92,31,61,0,9,28,25,27,3,0,5,4,10,9,3,0,4,24,15,18,0,10094.5325662
20194,1129002282,158,116,42,1,28,64,40,15,10,1,22,53,22,9,9,0,6,11,18,6,1,4021.73304909
20194,1129002289,19,5,14,0,4,2,5,8,0,0,1,0,1,3,0,0,3,2,4,5,0,9705.0365792
20194,1129002290,250,137,113,0,7,22,88,97,36,0,0,8,52,54,23,0,7,14,36,43,13,42011.6324016
20194,1129002291,2,1,1,0,0,0,0,2,0,0,0,0,0,1,0,0,0,0,0,1,0,929.497139492
20194,1129002292,9,7,2,0,0,1,3,4,1,0,0,1,2,3,1,0,0,0,1,1,0,3039.09428775
20194,1129002293,6,5,1,0,1,1,3,1,0,0,0,1,3,1,0,0,1,0,0,0,0,2077.61239976
20194,1129002294,7,6,1,0,1,0,4,2,0,0,1,0,4,1,0,0,0,0,0,1,0,8727.81815393
20194,1129002301,2,1,1,0,0,0,0,0,2,0,0,0,0,0,1,0,0,0,0,0,1,1077.75832975
20194,1129002303,19,14,5,0,1,4,8,4,2,0,1,2,6,3,2,0,0,2,2,1,0,1920.66345941
20194,1129002307,26,15,11,0,1,3,8,10,4,0,1,3,5,4,2,0,0,0,3,6,2,13700.153053
20194,1129002313,2,1,1,0,0,1,1,0,0,0,0,0,1,0,0,0,0,1,0,0,0,826.490001464
20194,1129002318,666,429,237,1,166,159,181,111,48,0,91,118,113,64,43,1,75,41,68,47,5,3428.74690881
20194,1129002319,2,0,2,0,0,0,0,0,2,0,0,0,0,0,0,0,0,0,0,0,2,4658.41670517
20194,1129002323,2,1,1,0,0,0,0,2,0,0,0,0,0,1,0,0,0,0,0,1,0,475.323322453
20194,1129002326,1,1,0,0,0,0,0,1,0,0,0,0,0,1,0,0,0,0,0,0,0,2359.65263058
20194,1129002327,6,2,4,0,1,0,3,1,1,0,1,0,1,0,0,0,0,0,2,1,1,2827.66203477
20194,1129002328,10,0,10,0,1,5,2,2,0,0,0,0,0,0,0,0,1,5,2,2,0,80656.4532543
20194,1129002333,14,3,11,0,3,3,5,2,1,0,0,1,2,0,0,0,3,2,3,2,1,3902.50395142
20194,1129002335,19,10,9,0,2,3,4,5,5,0,1,1,3,2,3,0,1,2,1,3,2,4812.48497944
20194,1129002336,69,15,54,0,14,15,20,16,4,0,4,3,2,4,2,0,10,12,18,12,2,11972.4676867
20194,1129002339,3,2,1,0,0,0,0,3,0,0,0,0,0,2,0,0,0,0,0,1,0,2735.23796963
20194,1129002341,13,6,7,0,7,3,2,1,0,0,3,2,1,0,0,0,4,1,1,1,0,1288.63460844
20194,1129002342,13,8,5,0,4,3,5,0,1,0,3,2,2,0,1,0,1,1,3,0,0,1763.56480908
20194,1129002343,1,1,0,0,0,0,1,0,0,0,0,0,1,0,0,0,0,0,0,0,0,760.370671509
20194,1129002345,2,2,0,0,0,2,0,0,0,0,0,2,0,0,0,0,0,0,0,0,0,2031.83967628
20194,1129002347,2,1,1,0,0,1,1,0,0,0,0,0,1,0,0,0,0,1,0,0,0,2901.35365091
20194,1129002355,2,2,0,0,0,0,0,0,2,0,0,0,0,0,2,0,0,0,0,0,0,5650.48804124
20194,1129002357,28,2,26,0,1,2,2,6,17,0,0,1,0,0,1,0,1,1,2,6,16,3529.63067203
20194,1129002361,70,41,29,0,19,16,17,14,4,0,13,11,11,4,2,0,6,5,6,10,2,1643.30826449
20194,1129002362,2,2,0,0,0,0,0,2,0,0,0,0,0,2,0,0,0,0,0,0,0,2039.82799501
20194,1129002369,20,6,14,0,0,2,6,5,7,0,0,1,4,0,1,0,0,1,2,5,6,4270.19633829
20194,1129002370,98,39,59,0,58,26,8,4,2,0,20,11,3,3,2,0,38,15,5,1,0,1985.52759671
20194,1129002375,12,8,4,0,1,0,3,0,8,0,0,0,1,0,7,0,1,0,2,0,1,2627.26094901
20194,1129002376,10,9,1,0,1,4,3,1,1,0,1,4,2,1,1,0,0,0,1,0,0,2230.4637765
20194,1129002379,4,1,3,0,1,2,0,1,0,0,0,0,0,1,0,0,1,2,0,0,0,6381.68159416
20194,1129002380,1,0,1,0,0,0,0,0,1,0,0,0,0,0,0,0,0,0,0,0,1,1272.59744782
20194,1129002382,1,0,1,0,0,0,1,0,0,0,0,0,0,0,0,0,0,0,1,0,0,1731.38142829
20194,1129002386,7,2,5,0,0,0,4,3,0,0,0,0,0,2,0,0,0,0,4,1,0,7508.23601006
20194,1129002390,1,1,0,0,0,0,0,1,0,0,0,0,0,1,0,0,0,0,0,0,0,2112.76016803
20194,1129002391,7,2,5,0,0,0,4,1,2,0,0,0,0,1,1,0,0,0,4,0,1,5430.82202861
20194,1129002392,1,1,0,0,0,0,0,0,1,0,0,0,0,0,1,0,0,0,0,0,0,1825.03622874
20194,1129002395,5,4,1,0,1,0,2,0,2,0,1,0,1,0,2,0,0,0,1,0,0,2343.15160373
20194,1129002397,2,2,0,0,0,0,0,1,1,0,0,0,0,1,1,0,0,0,0,0,0,2736.41121504
20194,1129002398,3,1,2,0,0,0,2,1,0,0,0,0,0,1,0,0,0,0,2,0,0,4258.27755876
20194,1129002403,3,2,1,0,0,1,0,1,1,0,0,1,0,0,1,0,0,0,0,1,0,2180.53800508
20194,1129002404,13,6,7,0,1,3,2,5,2,0,1,0,0,4,1,0,0,3,2,1,1,5544.70553907
20194,1129002405,12,7,5,0,4,4,2,1,1,0,1,2,2,1,1,0,3,2,0,0,0,2490.9383013
20194,1129002406,14,3,11,0,1,3,4,4,2,0,0,0,1,0,2,0,1,3,3,4,0,3280.74419166
20194,1129002409,8,3,5,0,0,1,1,2,4,0,0,1,0,0,2,0,0,0,1,2,2,3821.27002589
20194,1129002412,8,6,2,0,0,1,2,0,5,0,0,0,1,0,5,0,0,1,1,0,0,2119.41136724
20194,1129002413,37,22,15,0,8,11,10,5,3,0,1,9,8,2,2,0,7,2,2,3,1,2392.79185618
20194,1129002415,10,3,7,0,0,3,6,1,0,0,0,1,2,0,0,0,0,2,4,1,0,5882.43759393
20194,1129002416,9,2,7,0,3,0,4,1,1,0,0,0,1,0,1,0,3,0,3,1,0,4144.25181428
20194,1129002420,4,3,1,0,0,1,0,0,3,0,0,1,0,0,2,0,0,0,0,0,1,1918.4246657
20194,1129002421,3,2,1,0,0,1,0,1,1,0,0,1,0,1,0,0,0,0,0,0,1,2282.14404754
20194,1129002423,10,9,1,0,0,4,5,0,1,0,0,4,4,0,1,0,0,0,1,0,0,1426.14195618
20194,1129002426,14,12,2,1,3,2,2,3,3,1,3,2,1,2,3,0,0,0,1,1,0,1877.15047981
20194,1129002428,18,12,6,0,7,9,2,0,0,0,4,6,2,0,0,0,3,3,0,0,0,3078.12933764
20194,1129002429,2,2,0,0,0,0,1,0,1,0,0,0,1,0,1,0,0,0,0,0,0,2232.8242843
20194,1129002430,8,6,2,0,0,0,1,5,2,0,0,0,0,4,2,0,0,0,1,1,0,13886.5299447
20194,1129002433,3,1,2,0,0,0,1,2,0,0,0,0,0,1,0,0,0,0,1,1,0,1679.41447793
20194,1129002437,3,2,1,0,0,3,0,0,0,0,0,2,0,0,0,0,0,1,0,0,0,2518.39681814
20194,1129002439,11,7,4,0,2,5,4,0,0,0,0,3,4,0,0,0,2,2,0,0,0,2025.83551952
20194,1129002444,7,3,4,0,1,0,0,2,4,0,0,0,0,1,2,0,1,0,0,1,2,2545.97590097
20194,1129002449,2,2,0,0,0,0,0,0,2,0,0,0,0,0,2,0,0,0,0,0,0,2169.3399566
20194,1129002451,9,5,4,0,0,0,0,2,7,0,0,0,0,0,5,0,0,0,0,2,2,2290.52617839
20194,1129002453,5,3,2,0,0,4,0,0,1,0,0,2,0,0,1,0,0,2,0,0,0,1245.12249191
20194,1129002454,2,1,1,0,0,0,1,0,1,0,0,0,1,0,0,0,0,0,0,0,1,3108.32565961
20194,1129002457,2,1,1,0,0,0,1,1,0,0,0,0,1,0,0,0,0,0,0,1,0,3014.48060882
20194,1129002462,2,1,1,0,0,0,0,2,0,0,0,0,0,1,0,0,0,0,0,1,0,3213.42681059
20194,1129002463,46,6,40,0,0,3,1,13,29,0,0,1,1,2,2,0,0,2,0,11,27,14562.7530353
20194,1129002464,1,1,0,0,0,0,0,0,1,0,0,0,0,0,1,0,0,0,0,0,0,3533.36701361
20194,1129002467,2,2,0,0,0,1,1,0,0,0,0,1,1,0,0,0,0,0,0,0,0,2186.23762408
20194,1129002470,69,61,8,0,2,2,7,24,34,0,1,2,4,22,32,0,1,0,3,2,2,2916.52868226
20194,1129002474,6,0,6,0,0,1,3,2,0,0,0,0,0,0,0,0,0,1,3,2,0,9060.60967438
20194,1129002482,5,2,3,0,0,1,2,2,0,0,0,1,1,0,0,0,0,0,1,2,0,1741.45926861
20194,1129002484,3,0,3,0,0,1,1,1,0,0,0,0,0,0,0,0,0,1,1,1,0,1774.65046696
20194,1129002487,1,1,0,0,0,0,0,0,1,0,0,0,0,0,1,0,0,0,0,0,0,2343.96339767
20194,1129002488,3,1,2,0,0,2,1,0,0,0,0,0,1,0,0,0,0,2,0,0,0,2971.3173049
20194,1129002491,36,14,22,0,12,10,7,6,1,0,1,4,3,5,1,0,11,6,4,1,0,2242.56079871
20194,1129002492,16,10,6,0,2,3,2,7,2,0,0,3,1,5,1,0,2,0,1,2,1,2698.26202527
20194,1129002493,91,72,19,1,24,22,19,23,2,0,19,20,16,15,2,1,5,2,3,8,0,22204.6778074
20194,1129002498,3,1,2,0,0,0,0,2,1,0,0,0,0,1,0,0,0,0,0,1,1,2956.82137497
20194,1129002500,3,1,2,0,0,0,0,2,1,0,0,0,0,0,1,0,0,0,0,2,0,2674.87043327
20194,1129002508,2,2,0,0,0,0,2,0,0,0,0,0,2,0,0,0,0,0,0,0,0,640.758253747
20194,1129002509,9,6,3,0,0,3,3,0,3,0,0,1,3,0,2,0,0,2,0,0,1,2180.93167491
20194,1129002512,71,8,63,0,11,18,24,13,5,0,0,1,2,2,3,0,11,17,22,11,2,7718.56578093
20194,1129002514,81,66,15,0,5,7,28,24,17,0,5,5,21,21,14,0,0,2,7,3,3,6885.78435703
20194,1129002517,20,11,9,0,3,1,5,7,4,0,3,0,3,3,2,0,0,1,2,4,2,6198.49964574
20194,1129002518,2,1,1,0,0,0,1,1,0,0,0,0,1,0,0,0,0,0,0,1,0,1750.54834621
20194,1129002519,1,0,1,0,0,0,1,0,0,0,0,0,0,0,0,0,0,0,1,0,0,1924.32225221
20194,1129002522,26,3,23,0,0,11,6,8,1,0,0,2,0,0,1,0,0,9,6,8,0,1422.1478076
20194,1129002523,2,1,1,0,0,0,1,1,0,0,0,0,0,1,0,0,0,0,1,0,0,1923.59277048
20194,1129002528,62,28,34,0,14,11,18,14,5,0,6,2,10,6,4,0,8,9,8,8,1,6990.71006168
20194,1129002531,28,5,23,0,2,7,9,8,2,0,2,2,0,0,1,0,0,5,9,8,1,2532.3398918
20194,1129002532,5,2,3,0,0,1,3,1,0,0,0,0,1,1,0,0,0,1,2,0,0,2521.78054879
20194,1129002533,5,3,2,0,0,1,0,1,3,0,0,1,0,0,2,0,0,0,0,1,1,2229.75860671
20194,1129002534,1,1,0,0,0,0,0,1,0,0,0,0,0,1,0,0,0,0,0,0,0,8743.6121695
20194,1129002535,85,75,10,0,20,34,21,7,3,0,16,34,18,5,2,0,4,0,3,2,1,4971.15181774
20194,1129002537,6,5,1,0,1,0,1,4,0,0,1,0,1,3,0,0,0,0,0,1,0,11342.1650667
20194,1129002539,4,4,0,0,0,0,3,0,1,0,0,0,3,0,1,0,0,0,0,0,0,3522.04385972
20194,1129002542,1,1,0,0,0,0,1,0,0,0,0,0,1,0,0,0,0,0,0,0,0,1660.90262781
20194,1129002543,4,1,3,0,1,1,0,2,0,0,0,0,0,1,0,0,1,1,0,1,0,3896.95655528
20194,1129002545,10,7,3,0,0,3,5,2,0,0,0,2,4,1,0,0,0,1,1,1,0,15484.5253364
20194,1129002546,11,8,3,0,1,2,4,3,1,0,1,1,3,2,1,0,0,1,1,1,0,7008.05892493
20194,1129002548,2,1,1,0,0,0,1,0,1,0,0,0,0,0,1,0,0,0,1,0,0,5635.99295671
20194,1129002550,7,5,2,0,0,0,5,1,1,0,0,0,4,1,0,0,0,0,1,0,1,7405.71073134
20194,1129002552,9,4,5,0,1,0,3,1,4,0,0,0,1,0,3,0,1,0,2,1,1,3098.04765708
20194,1129002553,15,3,12,0,1,4,5,3,2,0,0,1,0,0,2,0,1,3,5,3,0,2702.38072329
20194,1129002556,5,3,2,0,1,1,1,2,0,0,1,1,1,0,0,0,0,0,0,2,0,7467.18653729
20194,1129002557,5,4,1,0,0,0,2,1,2,0,0,0,1,1,2,0,0,0,1,0,0,4019.66509373
20194,1129002561,5,4,1,0,0,2,2,1,0,0,0,1,2,1,0,0,0,1,0,0,0,3554.67848052
20194,1129002564,5,5,0,0,0,4,1,0,0,0,0,4,1,0,0,0,0,0,0,0,0,1731.86539079
20194,1129002565,10,3,7,0,1,2,3,2,2,0,0,0,1,1,1,0,1,2,2,1,1,2994.35731247
20194,1129002567,5,4,1,0,2,0,1,0,2,0,2,0,1,0,1,0,0,0,0,0,1,3720.18244896
20194,1129002568,81,42,39,0,10,23,17,21,10,0,1,8,9,16,8,0,9,15,8,5,2,8196.50899983
20194,1129002573,1,1,0,0,0,0,1,0,0,0,0,0,1,0,0,0,0,0,0,0,0,3339.90812729
20194,1129002576,63,46,17,1,18,17,10,10,7,0,13,11,10,7,5,1,5,6,0,3,2,5967.04350769
20194,1129002579,34,21,13,0,6,7,9,10,2,0,1,6,7,6,1,0,5,1,2,4,1,17053.0103439
20194,1129002581,18,2,16,0,1,4,5,6,2,0,0,0,0,0,2,0,1,4,5,6,0,17905.3775233
20194,1129002584,2,2,0,0,0,0,2,0,0,0,0,0,2,0,0,0,0,0,0,0,0,1879.20285652
20194,1129002585,6,5,1,0,0,0,1,4,1,0,0,0,1,3,1,0,0,0,0,1,0,3239.42151105
20194,1129002587,8,6,2,0,1,3,0,3,1,0,0,2,0,3,1,0,1,1,0,0,0,4051.08703834
20194,1129002589,14,11,3,0,0,3,4,3,4,0,0,2,4,3,2,0,0,1,0,0,2,2754.49652676
20194,1129002592,9,7,2,0,2,0,2,3,2,0,1,0,1,3,2,0,1,0,1,0,0,2916.68001354
20194,1129002593,2,1,1,0,1,0,1,0,0,0,1,0,0,0,0,0,0,0,1,0,0,3089.87851531
20194,1129002595,3,2,1,0,0,1,0,0,2,0,0,1,0,0,1,0,0,0,0,0,1,2743.62446279
20194,1129002596,30,21,9,0,8,4,7,9,2,0,5,4,4,7,1,0,3,0,3,2,1,5096.81294101
20194,1129002598,6,2,4,0,0,1,2,3,0,0,0,0,0,2,0,0,0,1,2,1,0,2954.52081688
20194,1129002599,2,1,1,0,0,0,0,0,2,0,0,0,0,0,1,0,0,0,0,0,1,3322.787428
20194,1129002601,4,0,4,0,1,2,0,0,1,0,0,0,0,0,0,0,1,2,0,0,1,2887.5691553
20194,1129002604,5,2,3,0,0,4,0,0,1,0,0,1,0,0,1,0,0,3,0,0,0,2945.37651993
20194,1129002605,16,11,5,0,3,5,6,0,2,0,0,5,4,0,2,0,3,0,2,0,0,5030.79771549
20194,1129002606,5,0,5,0,2,1,1,1,0,0,0,0,0,0,0,0,2,1,1,1,0,3406.6579324
20194,1129002607,7,6,1,0,0,0,2,2,3,0,0,0,2,1,3,0,0,0,0,1,0,2853.63565329
20194,1129002608,5,5,0,0,1,0,0,4,0,0,1,0,0,4,0,0,0,0,0,0,0,1764.44399597
20194,1129002609,1,1,0,0,0,0,0,0,1,0,0,0,0,0,1,0,0,0,0,0,0,3407.97190945
20194,1129002611,7,3,4,0,1,2,1,2,1,0,1,0,1,1,0,0,0,2,0,1,1,4435.69379108
20194,1129002615,4,2,2,0,1,0,1,2,0,0,1,0,0,1,0,0,0,0,1,1,0,4732.48136469
20194,1129002617,4,4,0,0,0,1,2,1,0,0,0,1,2,1,0,0,0,0,0,0,0,5978.98811612
20194,1129002625,8,5,3,0,0,4,2,1,1,0,0,2,2,0,1,0,0,2,0,1,0,2978.60877262
20194,1129002627,16,10,6,0,3,3,6,4,0,0,1,3,3,3,0,0,2,0,3,1,0,2139.47305022
20194,1129002628,3,0,3,0,1,0,0,1,1,0,0,0,0,0,0,0,1,0,0,1,1,4128.76653444
20194,1129002629,5,1,4,0,0,0,2,1,2,0,0,0,1,0,0,0,0,0,1,1,2,6003.37456971
20194,1129002630,4,1,3,0,0,0,2,0,2,0,0,0,1,0,0,0,0,0,1,0,2,2510.37714457
20194,1129002631,148,126,22,0,3,6,15,12,112,0,1,3,8,10,104,0,2,3,7,2,8,8749.39789924
20194,1129002632,27,19,8,0,0,0,2,0,25,0,0,0,1,0,18,0,0,0,1,0,7,5589.46694678
20194,1129002633,114,29,85,0,20,18,28,34,14,0,3,10,9,5,2,0,17,8,19,29,12,4306.09884985
20194,1129002635,3,1,2,0,0,0,1,2,0,0,0,0,0,1,0,0,0,0,1,1,0,5819.94689896
20194,1129002636,4,4,0,0,0,0,2,2,0,0,0,0,2,2,0,0,0,0,0,0,0,4374.28950998
20194,1129002639,7,1,6,0,0,0,2,2,3,0,0,0,0,0,1,0,0,0,2,2,2,2129.56325532
20194,1129002640,6,4,2,0,1,2,1,0,2,0,0,1,1,0,2,0,1,1,0,0,0,2527.55636928
20194,1129002642,10,7,3,0,1,1,3,4,1,0,1,1,3,1,1,0,0,0,0,3,0,4197.10978617
20194,1129002643,2,2,0,0,0,0,1,0,1,0,0,0,1,0,1,0,0,0,0,0,0,2360.88167132
20194,1129002648,2,2,0,0,0,0,0,1,1,0,0,0,0,1,1,0,0,0,0,0,0,1571.21259162
20194,1129002649,87,12,75,0,11,25,31,14,6,0,1,3,3,2,3,0,10,22,28,12,3,16350.8188163
20194,1129002654,1,0,1,0,0,0,0,1,0,0,0,0,0,0,0,0,0,0,0,1,0,1823.49051811
20194,1129002655,1,1,0,0,0,0,1,0,0,0,0,0,1,0,0,0,0,0,0,0,0,1060.44170941
20194,1129002658,11,7,4,0,0,1,1,8,1,0,0,0,1,5,1,0,0,1,0,3,0,4985.03332929
20194,1129002662,25,9,16,0,1,4,10,9,1,0,0,2,3,4,0,0,1,2,7,5,1,6278.119058
20194,1129002663,11,3,8,0,0,0,2,5,4,0,0,0,0,1,2,0,0,0,2,4,2,1731.77395699
20194,1129002664,3,1,2,0,1,0,1,1,0,0,0,0,0,1,0,0,1,0,1,0,0,1453.55747439
20194,1129002665,10,4,6,0,0,2,3,3,2,0,0,1,0,2,1,0,0,1,3,1,1,5747.70521949
20194,1129002666,12,5,7,0,2,2,0,1,7,0,0,0,0,1,4,0,2,2,0,0,3,5995.61155262
20194,1129002668,10,3,7,0,1,2,3,2,2,0,0,0,1,1,1,0,1,2,2,1,1,5851.72137031
20194,1129002670,2,2,0,0,0,0,0,2,0,0,0,0,0,2,0,0,0,0,0,0,0,2788.75526557
20194,1129002673,27,21,6,0,0,2,1,3,21,0,0,1,1,2,17,0,0,1,0,1,4,4862.8791621
20194,1129002674,4,0,4,0,1,0,2,1,0,0,0,0,0,0,0,0,1,0,2,1,0,2498.35934028
20194,1129002677,12,4,8,0,4,1,4,2,1,0,0,0,2,1,1,0,4,1,2,1,0,1904.20590089
20194,1129002679,3,2,1,0,0,0,0,0,3,0,0,0,0,0,2,0,0,0,0,0,1,4924.09713631
20194,1129002682,9,1,8,0,0,0,1,3,5,0,0,0,0,0,1,0,0,0,1,3,4,2644.42795867
20194,1129002683,6,6,0,0,0,2,0,2,2,0,0,2,0,2,2,0,0,0,0,0,0,3570.53634428
20194,1129002684,7,1,6,0,0,0,4,2,1,0,0,0,0,0,1,0,0,0,4,2,0,3253.26233681
20194,1129002685,3,1,2,0,0,0,1,2,0,0,0,0,1,0,0,0,0,0,0,2,0,2742.11007194
20194,1129002687,10,7,3,0,0,5,1,2,2,0,0,5,1,0,1,0,0,0,0,2,1,7938.3393892
20194,1129002690,18,8,10,0,2,6,3,4,3,0,0,3,1,2,2,0,2,3,2,2,1,3714.12072191
20194,1129002695,4,3,1,0,0,1,2,1,0,0,0,0,2,1,0,0,0,1,0,0,0,4085.75902319
20194,1129002702,5,3,2,0,0,1,0,1,3,0,0,1,0,0,2,0,0,0,0,1,1,3769.06679114
20194,1129002704,7,6,1,0,0,1,4,2,0,0,0,1,3,2,0,0,0,0,1,0,0,4457.02163493
20194,1129002707,9,6,3,0,1,0,2,2,4,0,0,0,1,2,3,0,1,0,1,0,1,5398.11540919
20194,1129002715,12,5,7,0,0,5,2,2,3,0,0,1,0,1,3,0,0,4,2,1,0,3266.53012563
20194,1129002716,3,0,3,0,0,1,0,1,1,0,0,0,0,0,0,0,0,1,0,1,1,1931.37648281
20194,1129002717,36,29,7,0,0,1,1,4,30,0,0,1,1,2,25,0,0,0,0,2,5,3688.56911079
20194,1129002719,2,2,0,0,1,0,0,0,1,0,1,0,0,0,1,0,0,0,0,0,0,3254.93154777
20194,1129002720,565,404,161,2,38,93,150,164,118,2,20,49,104,131,98,0,18,44,46,33,20,2077.2126593
20194,1129002725,2,1,1,0,0,0,0,1,1,0,0,0,0,0,1,0,0,0,0,1,0,3499.02911257
20194,1129002726,2,1,1,0,0,0,0,1,1,0,0,0,0,0,1,0,0,0,0,1,0,1933.88301606
20194,1129002730,2,2,0,0,0,0,0,2,0,0,0,0,0,2,0,0,0,0,0,0,0,3282.77444721
20194,1129002734,5,4,1,0,0,1,2,1,1,0,0,0,2,1,1,0,0,1,0,0,0,847.865646984
20194,1129002736,4,3,1,0,0,0,1,0,3,0,0,0,1,0,2,0,0,0,0,0,1,5694.24589366
20194,1129002737,4,2,2,0,0,1,2,0,1,0,0,0,1,0,1,0,0,1,1,0,0,2754.77750146
20194,1129002741,2,1,1,0,0,0,1,0,1,0,0,0,0,0,1,0,0,0,1,0,0,2562.34874275
20194,1129002745,9,7,2,0,0,2,2,3,2,0,0,2,2,2,1,0,0,0,0,1,1,5084.56377248
20194,1129002750,3,2,1,0,0,1,0,0,2,0,0,1,0,0,1,0,0,0,0,0,1,1751.86419898
20194,1129002758,4,1,3,0,0,1,2,0,1,0,0,0,1,0,0,0,0,1,1,0,1,2032.30119427
20194,1129002761,2,0,2,0,1,0,0,1,0,0,0,0,0,0,0,0,1,0,0,1,0,1916.7802284
20194,1129002766,2,1,1,0,1,0,0,1,0,0,0,0,0,1,0,0,1,0,0,0,0,1371.74301888
20194,1129002767,7,3,4,0,4,2,1,0,0,0,1,1,1,0,0,0,3,1,0,0,0,6720.94929957
20194,1129002773,7,7,0,0,0,1,1,2,3,0,0,1,1,2,3,0,0,0,0,0,0,2500.34206656
20194,1129002774,16,5,11,0,9,6,1,0,0,0,2,2,1,0,0,0,7,4,0,0,0,3943.36895136
20194,1129002775,2,2,0,0,1,0,0,1,0,0,1,0,0,1,0,0,0,0,0,0,0,3814.52448146
20194,1129002776,10,7,3,0,0,4,3,3,0,0,0,2,2,3,0,0,0,2,1,0,0,1532.19359293
20194,1129002778,23,18,5,0,2,6,5,7,3,0,2,4,4,5,3,0,0,2,1,2,0,12590.4931161
20194,1129002779,3,1,2,0,1,0,1,1,0,0,0,0,1,0,0,0,1,0,0,1,0,1372.59984558
20194,1129002781,2,2,0,0,0,0,0,1,1,0,0,0,0,1,1,0,0,0,0,0,0,2261.09676806
20194,1129002784,125,123,2,0,2,0,11,40,72,0,1,0,11,39,72,0,1,0,0,1,0,3693.64751755
20194,1129002785,4,2,2,0,0,0,2,2,0,0,0,0,1,1,0,0,0,0,1,1,0,3498.06829637
20194,1129002786,4,1,3,0,0,2,2,0,0,0,0,0,1,0,0,0,0,2,1,0,0,655.826889159
20194,1129002787,2,1,1,0,0,0,0,2,0,0,0,0,0,1,0,0,0,0,0,1,0,2345.73109473
20194,1129002790,3,2,1,0,0,0,2,1,0,0,0,0,1,1,0,0,0,0,1,0,0,1652.94996883
20194,1129002791,8,6,2,0,0,0,3,2,3,0,0,0,2,1,3,0,0,0,1,1,0,2938.08656253
20194,1129002792,126,122,4,0,0,2,16,52,56,0,0,1,14,52,55,0,0,1,2,0,1,6214.95408465
20194,1129002793,41,17,24,0,15,11,4,9,2,0,7,3,2,3,2,0,8,8,2,6,0,6260.91425155
20194,1129002796,5,4,1,0,0,0,2,1,2,0,0,0,2,1,1,0,0,0,0,0,1,2930.33158532
20194,1129002797,2,2,0,0,0,0,0,2,0,0,0,0,0,2,0,0,0,0,0,0,0,1334.1946941
20194,1129002800,120,42,78,0,21,28,28,34,9,0,4,14,13,8,3,0,17,14,15,26,6,12145.2760122
20194,1129002801,6,4,2,0,0,0,2,3,1,0,0,0,1,2,1,0,0,0,1,1,0,5325.02844834
20194,1129002805,46,21,25,0,13,11,12,7,3,0,5,6,6,3,1,0,8,5,6,4,2,2487.99968821
20194,1129002807,4,2,2,0,0,2,0,2,0,0,0,1,0,1,0,0,0,1,0,1,0,1227.61801799
20194,1129002816,12,9,3,0,1,3,3,5,0,0,0,3,2,4,0,0,1,0,1,1,0,1079.26453681
20194,1129002817,2,2,0,0,0,0,2,0,0,0,0,0,2,0,0,0,0,0,0,0,0,726.300693196
20194,1129002819,55,30,25,5,18,10,14,5,3,1,11,7,8,2,1,4,7,3,6,3,2,4943.48173046
20194,1129002823,5,4,1,0,0,1,2,2,0,0,0,0,2,2,0,0,0,1,0,0,0,1760.40886155
20194,1129002832,3,2,1,0,0,0,2,1,0,0,0,0,1,1,0,0,0,0,1,0,0,4964.84332294
20194,1129002834,2,2,0,0,0,0,0,0,2,0,0,0,0,0,2,0,0,0,0,0,0,2475.34126798
20194,1129002837,5,3,2,0,1,0,1,3,0,0,0,0,0,3,0,0,1,0,1,0,0,5796.65856921
20194,1129002840,5,4,1,0,0,1,2,1,1,0,0,1,1,1,1,0,0,0,1,0,0,1827.81869652
20194,1129002842,7,2,5,0,1,3,1,2,0,0,0,1,0,1,0,0,1,2,1,1,0,6284.94124142
20194,1129002851,15,4,11,0,3,0,1,7,4,0,2,0,0,1,1,0,1,0,1,6,3,8720.90612591
20194,1129002852,12,5,7,0,0,2,3,4,3,0,0,2,0,1,2,0,0,0,3,3,1,1698.31759891
20194,1129002853,7,6,1,0,0,1,1,2,3,0,0,1,1,1,3,0,0,0,0,1,0,5516.51261701
20194,1129002854,4,4,0,0,0,1,2,1,0,0,0,1,2,1,0,0,0,0,0,0,0,2710.35363206
20194,1129002858,7,6,1,1,0,2,1,2,1,1,0,2,1,1,1,0,0,0,0,1,0,3073.05659004
20194,1129002859,2,2,0,0,0,0,0,2,0,0,0,0,0,2,0,0,0,0,0,0,0,912.377375488
20194,1129002864,19,0,19,0,6,4,6,3,0,0,0,0,0,0,0,0,6,4,6,3,0,5241.47265617
20194,1129002868,87,36,51,0,32,49,4,0,2,0,4,30,1,0,1,0,28,19,3,0,1,4778.24848515
20194,1129002869,26,19,7,0,1,4,9,12,0,0,1,1,7,10,0,0,0,3,2,2,0,4862.19712695
20194,1129002886,61,26,35,0,6,26,16,10,3,0,3,13,5,2,3,0,3,13,11,8,0,12937.086627
20194,1129002910,3,2,1,0,0,0,2,0,1,0,0,0,1,0,1,0,0,0,1,0,0,2748.40653281
20194,1129002919,4,1,3,0,1,0,1,0,2,0,0,0,0,0,1,0,1,0,1,0,1,5346.90475408
20194,1129002927,2,1,1,0,0,0,0,0,2,0,0,0,0,0,1,0,0,0,0,0,1,2031.61796756
20194,1129002930,11,7,4,0,1,4,4,1,1,0,0,2,3,1,1,0,1,2,1,0,0,2917.91822692
20194,1129002931,99,57,42,0,20,18,34,13,14,0,12,12,16,6,11,0,8,6,18,7,3,5917.60132611
20194,1129002935,5,3,2,0,0,2,0,2,1,0,0,2,0,0,1,0,0,0,0,2,0,2788.91613672
20194,1129002936,8,6,2,0,0,1,0,4,3,0,0,1,0,2,3,0,0,0,0,2,0,4209.43661227
20194,1129002937,9,5,4,0,1,2,2,3,1,0,1,1,2,1,0,0,0,1,0,2,1,3205.47302214
20194,1129002941,27,3,24,0,0,7,7,10,3,0,0,1,0,0,2,0,0,6,7,10,1,9462.01415392
20194,1129002944,8,5,3,0,0,1,2,2,3,0,0,0,1,1,3,0,0,1,1,1,0,2238.99396323
20194,1129002948,67,51,16,0,2,4,23,19,19,0,2,3,19,10,17,0,0,1,4,9,2,2873.86745986
20194,1129002949,10,7,3,0,0,0,3,1,6,0,0,0,1,1,5,0,0,0,2,0,1,3938.87154449
20194,1129002951,40,20,20,0,13,7,8,8,4,0,6,2,3,6,3,0,7,5,5,2,1,5828.0541768
20194,1129002972,2,1,1,0,0,0,0,0,2,0,0,0,0,0,1,0,0,0,0,0,1,2621.12324854
20194,1129002974,155,88,67,0,18,40,27,50,20,0,7,17,14,33,17,0,11,23,13,17,3,3755.62725514
20194,1129002975,33,20,13,0,5,11,12,2,3,0,1,6,10,2,1,0,4,5,2,0,2,5364.05410242
20194,1129002983,1,0,1,0,0,1,0,0,0,0,0,0,0,0,0,0,0,1,0,0,0,3203.53912984
20194,1129002986,7,7,0,0,1,0,3,2,1,0,1,0,3,2,1,0,0,0,0,0,0,1964.76823561
20194,1129002992,2,1,1,0,1,0,1,0,0,0,0,0,1,0,0,0,1,0,0,0,0,3620.09909732
20194,1129003001,2,1,1,0,0,0,2,0,0,0,0,0,1,0,0,0,0,0,1,0,0,1209.95623379
20194,1129003002,28,18,10,0,0,3,8,11,6,0,0,1,2,10,5,0,0,2,6,1,1,3486.72686105
20194,1129003004,4,2,2,0,1,0,1,1,1,0,0,0,1,0,1,0,1,0,0,1,0,3460.20011502
20194,1129003006,1,1,0,0,0,0,0,0,1,0,0,0,0,0,1,0,0,0,0,0,0,1059.83553501
20194,1129003009,6,6,0,0,1,0,3,1,1,0,1,0,3,1,1,0,0,0,0,0,0,1450.63182255
20194,1129003011,16,4,12,0,2,2,7,3,2,0,0,0,3,0,1,0,2,2,4,3,1,3668.58276496
20194,1129003012,2,0,2,0,0,0,0,1,1,0,0,0,0,0,0,0,0,0,0,1,1,3522.87732936
20194,1129003015,3,2,1,0,1,0,1,1,0,0,1,0,1,0,0,0,0,0,0,1,0,9087.93614223
20194,1129003017,28,8,20,0,2,8,8,7,3,0,0,0,1,4,3,0,2,8,7,3,0,1183.50498078
20194,1129003018,136,133,3,0,1,1,12,38,84,0,1,0,10,38,84,0,0,1,2,0,0,2062.31053703
20194,1129003019,10,7,3,0,1,1,6,1,1,0,1,0,4,1,1,0,0,1,2,0,0,4045.47881746
20194,1129003020,2,1,1,0,0,0,2,0,0,0,0,0,1,0,0,0,0,0,1,0,0,1942.32683499
20194,1129003027,20,7,13,0,5,3,3,5,4,0,0,0,1,3,3,0,5,3,2,2,1,8796.2157041
20194,1129003034,8,5,3,0,0,6,2,0,0,0,0,4,1,0,0,0,0,2,1,0,0,2252.69009991
20194,1129003035,10,5,5,0,0,2,5,2,1,0,0,0,2,2,1,0,0,2,3,0,0,3717.01820287
20194,1129003037,24,10,14,0,2,5,9,7,1,0,0,1,3,5,1,0,2,4,6,2,0,3592.73380512
20194,1129003040,7,2,5,0,0,3,2,2,0,0,0,0,0,2,0,0,0,3,2,0,0,1806.45537376
20194,1129003041,32,14,18,0,0,3,8,13,8,0,0,1,4,6,3,0,0,2,4,7,5,1171.40095398
20194,1129003042,38,15,23,2,8,11,8,6,3,0,1,4,2,5,3,2,7,7,6,1,0,3380.26247304
20194,1129003044,33,7,26,1,8,9,4,8,3,0,0,2,0,3,2,1,8,7,4,5,1,4444.42123654
20194,1129003048,3,1,2,0,0,0,1,2,0,0,0,0,0,1,0,0,0,0,1,1,0,2832.81298506
20194,1129003053,13,8,5,0,2,3,3,1,4,0,2,3,1,0,2,0,0,0,2,1,2,4899.77519327
20194,1129003056,55,19,36,0,16,7,16,9,7,0,1,2,6,4,6,0,15,5,10,5,1,9543.35996833
20194,1129003057,266,130,136,2,34,33,57,86,54,1,11,14,27,40,37,1,23,19,30,46,17,3459.89958581
20194,1129003065,1,1,0,0,0,0,0,1,0,0,0,0,0,1,0,0,0,0,0,0,0,3031.1257573
20194,1129003067,116,53,63,1,31,45,23,11,5,0,9,19,15,6,4,1,22,26,8,5,1,1960.73629351
20194,1129003070,6,0,6,0,0,1,4,0,1,0,0,0,0,0,0,0,0,1,4,0,1,5567.76679718
20194,1129003072,65,31,34,0,9,5,17,23,11,0,4,0,9,11,7,0,5,5,8,12,4,4084.44073694
20194,1129003076,3,1,2,0,0,1,0,1,1,0,0,0,0,0,1,0,0,1,0,1,0,3919.40052077
20194,1129003086,14,12,2,0,0,2,3,3,6,0,0,0,3,3,6,0,0,2,0,0,0,3887.31598407
20194,1129003093,25,1,24,0,4,12,6,3,0,0,0,0,1,0,0,0,4,12,5,3,0,3041.20758308
20194,1129003094,3,2,1,0,0,0,3,0,0,0,0,0,2,0,0,0,0,0,1,0,0,8172.03536645
20194,1129003095,7,4,3,0,1,0,3,2,1,0,1,0,1,1,1,0,0,0,2,1,0,3287.98730611
20194,1129003097,23,13,10,0,0,3,5,9,6,0,0,3,3,3,4,0,0,0,2,6,2,3464.49313751
20194,1129003099,3,1,2,0,0,1,2,0,0,0,0,0,1,0,0,0,0,1,1,0,0,2437.33057751
20194,1129003101,6,2,4,0,0,2,2,2,0,0,0,0,1,1,0,0,0,2,1,1,0,2336.92079312
20194,1129003107,6,4,2,0,0,2,2,0,2,0,0,0,2,0,2,0,0,2,0,0,0,7505.19828178
20194,1129003109,12,6,6,0,0,3,3,2,4,0,0,2,0,2,2,0,0,1,3,0,2,18992.0131998
20194,1129003111,2,1,1,0,0,2,0,0,0,0,0,1,0,0,0,0,0,1,0,0,0,4060.99282654
20194,1129003113,18,12,6,0,0,4,10,2,2,0,0,3,7,0,2,0,0,1,3,2,0,2851.67362311
20194,1129003114,3,2,1,0,0,0,1,2,0,0,0,0,1,1,0,0,0,0,0,1,0,4542.76132568
20194,1129003115,41,17,24,0,13,14,12,2,0,0,2,5,8,2,0,0,11,9,4,0,0,2321.60310198
20194,1129003118,2,1,1,0,0,0,0,1,1,0,0,0,0,0,1,0,0,0,0,1,0,8901.25138938
20194,1129003120,8,4,4,0,0,4,4,0,0,0,0,1,3,0,0,0,0,3,1,0,0,2976.72600347
20194,1129003121,27,11,16,0,2,7,8,7,3,0,1,3,3,1,3,0,1,4,5,6,0,7438.25700464
20194,1129003124,21,17,4,0,3,7,4,4,3,0,3,7,2,3,2,0,0,0,2,1,1,3758.3609374
20194,1129003126,20,4,16,0,4,9,1,4,2,0,0,3,0,0,1,0,4,6,1,4,1,10382.2676633
20194,1129003127,12,7,5,0,4,6,1,1,0,0,0,5,1,1,0,0,4,1,0,0,0,8359.50708252
20194,1129003138,7,3,4,0,1,3,3,0,0,0,0,2,1,0,0,0,1,1,2,0,0,3398.92620896
20194,1129003145,22,9,13,0,0,6,7,8,1,0,0,1,1,6,1,0,0,5,6,2,0,18146.0066388
20194,1129003166,14,5,9,0,3,5,3,2,1,0,0,2,1,2,0,0,3,3,2,0,1,1747.5660384
20194,1129003168,3,2,1,0,0,1,0,0,2,0,0,1,0,0,1,0,0,0,0,0,1,3334.32217404
20194,1129003174,171,86,85,0,29,43,52,38,9,0,15,28,26,12,5,0,14,15,26,26,4,4851.09342493
20194,1129003176,6,2,4,0,0,0,1,3,2,0,0,0,0,2,0,0,0,0,1,1,2,181549.710325
20194,1129003179,11,1,10,0,1,1,7,2,0,0,1,0,0,0,0,0,0,1,7,2,0,3261.56125899
20194,1129003182,4,2,2,0,0,1,0,1,2,0,0,0,0,1,1,0,0,1,0,0,1,1980.18975681
20194,1129003189,55,13,42,0,5,15,16,12,7,0,0,2,2,3,6,0,5,13,14,9,1,12230.9123414
20194,1129003190,16,7,9,0,0,2,6,3,5,0,0,1,2,2,2,0,0,1,4,1,3,3942.95807901
20194,1129003193,22,10,12,0,0,3,3,12,4,0,0,0,1,6,3,0,0,3,2,6,1,1670.69693616
20194,1129003196,121,20,101,0,13,36,43,22,7,0,0,6,4,6,4,0,13,30,39,16,3,24379.2435096
20194,1129003197,10,3,7,0,1,2,5,1,1,0,0,2,1,0,0,0,1,0,4,1,1,2403.76775529
20194,1129003198,1,0,1,0,0,0,0,1,0,0,0,0,0,0,0,0,0,0,0,1,0,769.525965648
20194,1129003200,6,6,0,0,0,2,3,1,0,0,0,2,3,1,0,0,0,0,0,0,0,4424.47588641
20194,1129003202,2,1,1,0,0,0,2,0,0,0,0,0,1,0,0,0,0,0,1,0,0,7898.64081648
20194,1129003205,4,4,0,0,0,2,2,0,0,0,0,2,2,0,0,0,0,0,0,0,0,1771.36682709
20194,1129003206,3,2,1,0,0,1,0,2,0,0,0,1,0,1,0,0,0,0,0,1,0,5373.71201391
20194,1129003208,1,1,0,0,0,0,0,0,1,0,0,0,0,0,1,0,0,0,0,0,0,1465.64428187
20194,1129003209,6,5,1,0,0,0,3,3,0,0,0,0,2,3,0,0,0,0,1,0,0,1361.52460671
20194,1129003212,17,8,9,0,0,0,8,6,3,0,0,0,4,2,2,0,0,0,4,4,1,9885.7222336
20194,1129003222,31,19,12,0,5,7,11,4,4,0,3,6,7,2,1,0,2,1,4,2,3,3405.47119231
20194,1129003226,86,43,43,0,14,15,21,22,14,0,5,9,10,12,7,0,9,6,11,10,7,4535.9669593
20194,1129003227,533,183,350,0,153,150,124,77,29,0,34,55,33,33,28,0,119,95,91,44,1,8808.63119494
20194,1129003232,5,2,3,0,1,1,0,1,2,0,1,0,0,0,1,0,0,1,0,1,1,856.310424617
20194,1129003239,33,16,17,0,5,7,10,6,5,0,0,5,4,3,4,0,5,2,6,3,1,23681.685196
20194,1129003245,4,3,1,0,1,0,2,1,0,0,1,0,1,1,0,0,0,0,1,0,0,2856.74893881
20194,1129003249,12,9,3,0,1,3,3,2,3,0,1,1,2,2,3,0,0,2,1,0,0,1993.59907756
20194,1129003251,59,31,28,0,2,10,17,22,8,0,1,5,11,10,4,0,1,5,6,12,4,16240.7449186
20194,1129003252,12,5,7,0,1,3,5,2,1,0,0,1,3,1,0,0,1,2,2,1,1,5033.99382824
20194,1129003253,12,7,5,0,0,0,1,3,8,0,0,0,0,1,6,0,0,0,1,2,2,2129.75096584
20194,1129003256,19,9,10,0,6,6,4,2,1,0,0,5,2,2,0,0,6,1,2,0,1,3204.65340618
20194,1129003259,2,1,1,0,0,0,0,1,1,0,0,0,0,1,0,0,0,0,0,0,1,2732.20612794
20194,1129003260,29,18,11,0,5,1,7,15,1,0,2,1,7,7,1,0,3,0,0,8,0,1707.01936264
20194,1129003263,24,7,17,0,2,9,6,4,3,0,0,3,1,0,3,0,2,6,5,4,0,9576.02661646
20194,1129003264,4,4,0,0,0,0,2,2,0,0,0,0,2,2,0,0,0,0,0,0,0,1866.95626467
20194,1129003266,10,5,5,0,1,1,3,4,1,0,0,1,1,2,1,0,1,0,2,2,0,15326.443464
20194,1129003268,2,1,1,0,0,0,1,0,1,0,0,0,0,0,1,0,0,0,1,0,0,1968.88106601
20194,1129003269,18,3,15,0,2,1,5,9,1,0,1,1,0,1,0,0,1,0,5,8,1,7699.40582463
20194,1129003272,10,6,4,0,2,3,2,1,2,0,1,2,2,0,1,0,1,1,0,1,1,2717.33802711
20194,1129003274,8,3,5,0,0,2,4,2,0,0,0,1,0,2,0,0,0,1,4,0,0,8069.38302156
20194,1129003276,2,1,1,0,0,0,0,0,2,0,0,0,0,0,1,0,0,0,0,0,1,2821.19217976
20194,1129003277,101,98,3,0,1,0,14,42,44,0,1,0,13,41,43,0,0,0,1,1,1,1796.42265556
20194,1129003286,14,10,4,0,0,1,3,6,4,0,0,1,1,4,4,0,0,0,2,2,0,2803.45377912
20194,1129003291,62,14,48,0,16,15,11,16,4,0,6,0,3,1,4,0,10,15,8,15,0,9791.84305715
20194,1129003295,10,7,3,0,0,3,5,1,1,0,0,1,4,1,1,0,0,2,1,0,0,150658.194233
20194,1129003297,23,8,15,0,2,5,6,7,3,0,2,2,2,1,1,0,0,3,4,6,2,9142.43887075
20194,1129003298,25,13,12,0,3,9,3,7,3,0,2,3,1,4,3,0,1,6,2,3,0,153132.017996
20194,1129003301,20,14,6,0,3,1,6,6,4,0,2,0,5,4,3,0,1,1,1,2,1,1986.76351246
20194,1129003304,3,3,0,0,0,2,1,0,0,0,0,2,1,0,0,0,0,0,0,0,0,1672.5735129
20194,1129003306,666,585,81,0,148,331,158,26,3,0,103,307,146,26,3,0,45,24,12,0,0,1713.6508946
20194,1129003307,370,339,31,0,8,32,123,158,49,0,3,30,113,151,42,0,5,2,10,7,7,19495.1816125
20194,1129003308,120,56,64,0,0,6,11,6,97,0,0,3,6,2,45,0,0,3,5,4,52,10581.0911798
20194,1129003310,102,47,55,0,5,39,36,19,3,0,1,12,17,14,3,0,4,27,19,5,0,2770.65655474
20194,1129003312,141,122,19,13,33,39,25,25,6,12,27,34,22,21,6,1,6,5,3,4,0,7673.80725909
20194,1129003313,3,3,0,0,0,0,0,0,3,0,0,0,0,0,3,0,0,0,0,0,0,3708.91559748
20194,1129003315,28,17,11,0,2,6,6,10,4,0,2,3,3,6,3,0,0,3,3,4,1,2017.5094654
20194,1129003316,3,3,0,0,0,1,0,2,0,0,0,1,0,2,0,0,0,0,0,0,0,7841.78248881
20194,1129003318,3,3,0,0,0,1,2,0,0,0,0,1,2,0,0,0,0,0,0,0,0,3548.22422424
20194,1129003322,12,10,2,0,0,1,4,5,2,0,0,1,3,4,2,0,0,0,1,1,0,10755.1635351
20194,1129003324,16,11,5,0,1,2,5,4,4,0,1,2,2,3,3,0,0,0,3,1,1,1769.06303048
20194,1129003327,7,4,3,0,0,0,1,0,6,0,0,0,0,0,4,0,0,0,1,0,2,5166.20165654
20194,1129003328,3,2,1,0,0,1,2,0,0,0,0,0,2,0,0,0,0,1,0,0,0,3729.29810905
20194,1129003329,4,2,2,0,0,0,2,1,1,0,0,0,1,0,1,0,0,0,1,1,0,1848.52853895
20194,1129003331,22,19,3,0,3,4,4,6,5,0,2,3,4,5,5,0,1,1,0,1,0,7748.36793471
20194,1129003332,55,37,18,2,20,10,13,6,4,2,14,8,6,4,3,0,6,2,7,2,1,215719.067956
20194,1129003335,28,12,16,0,1,3,9,12,3,0,0,1,6,4,1,0,1,2,3,8,2,2418.6848547
20194,1129003342,3,1,2,0,0,0,3,0,0,0,0,0,1,0,0,0,0,0,2,0,0,2311.70677967
20194,1129003344,45,37,8,0,4,18,17,3,3,0,4,15,12,3,3,0,0,3,5,0,0,5244.6227638
20194,1129003345,2,1,1,0,0,1,0,1,0,0,0,0,0,1,0,0,0,1,0,0,0,28853.8807185
20194,1129003346,11,6,5,0,0,0,6,4,1,0,0,0,3,2,1,0,0,0,3,2,0,2029.67296716
20194,1129003350,4,1,3,0,1,0,1,0,2,0,0,0,0,0,1,0,1,0,1,0,1,10586.870596
20194,1129003353,3,2,1,0,0,0,0,2,1,0,0,0,0,2,0,0,0,0,0,0,1,461.241539054
20194,1129003354,10,1,9,0,3,1,2,4,0,0,0,0,0,1,0,0,3,1,2,3,0,2251.90633398
20194,1129003359,2,1,1,0,0,0,0,0,2,0,0,0,0,0,1,0,0,0,0,0,1,1821.31091352
20194,1129003364,9,5,4,0,1,2,2,2,2,0,0,2,1,1,1,0,1,0,1,1,1,11256.0176298
20194,1129003367,20,14,6,0,3,2,6,9,0,0,2,2,6,4,0,0,1,0,0,5,0,8646.12487479
20194,1129003374,23,4,19,0,6,5,7,3,2,0,2,1,0,0,1,0,4,4,7,3,1,2200.62430712
20194,1129003382,16,14,2,0,6,4,3,3,0,0,5,4,3,2,0,0,1,0,0,1,0,3529.9245972
20194,1129003383,6,4,2,0,1,1,1,1,2,0,0,1,0,1,2,0,1,0,1,0,0,3301.58478418
20194,1129003386,1,0,1,0,0,0,1,0,0,0,0,0,0,0,0,0,0,0,1,0,0,9178.45469356
20194,1129003387,46,1,45,0,3,5,2,12,24,0,0,0,0,0,1,0,3,5,2,12,23,14015.5105883
20194,1129003389,39,6,33,0,9,7,12,7,4,0,1,2,1,1,1,0,8,5,11,6,3,4351.27532063
20194,1129003396,6,3,3,0,1,2,0,3,0,0,0,1,0,2,0,0,1,1,0,1,0,3011.66059464
20194,1129003398,10,10,0,0,0,3,1,3,3,0,0,3,1,3,3,0,0,0,0,0,0,5080.71253135
20194,1129003399,16,9,7,0,2,3,7,3,1,0,1,2,2,3,1,0,1,1,5,0,0,3711.03540675
20194,1129003402,19,10,9,0,2,3,7,2,5,0,0,2,2,2,4,0,2,1,5,0,1,12604.4376944
20194,1129003403,42,9,33,0,7,18,10,7,0,0,0,7,1,1,0,0,7,11,9,6,0,18062.061525
20194,1129003404,7,1,6,0,2,4,1,0,0,0,0,0,1,0,0,0,2,4,0,0,0,5851.29808174
20194,1129003405,3,2,1,0,0,0,0,2,1,0,0,0,0,1,1,0,0,0,0,1,0,4626.82329492
20194,1129003407,4,2,2,0,1,2,1,0,0,0,0,1,1,0,0,0,1,1,0,0,0,5369.19492692
20194,1129003413,215,79,136,0,76,90,36,9,4,0,22,30,18,6,3,0,54,60,18,3,1,176517.546399
20194,1129003416,13,5,8,0,0,0,2,4,7,0,0,0,1,0,4,0,0,0,1,4,3,43289.3628752
20194,1129003420,2,1,1,0,0,0,1,0,1,0,0,0,0,0,1,0,0,0,1,0,0,5783.34671246
20194,1129003425,7,3,4,0,1,0,1,5,0,0,1,0,0,2,0,0,0,0,1,3,0,13173.9466361
20194,1129003430,9,5,4,0,1,1,0,4,3,0,0,0,0,2,3,0,1,1,0,2,0,11398.3199726
20194,1129003438,6,3,3,0,2,0,0,2,2,0,2,0,0,0,1,0,0,0,0,2,1,5201.4781763
20194,1129003439,7,3,4,0,1,0,0,3,3,0,1,0,0,1,1,0,0,0,0,2,2,3907.40446867
20194,1129003449,95,65,30,0,5,11,27,19,33,0,1,6,14,16,28,0,4,5,13,3,5,187810.655269
20194,1129003454,4,1,3,0,0,1,2,0,1,0,0,0,0,0,1,0,0,1,2,0,0,1635.74900217
20194,1129003458,5,2,3,0,0,0,0,2,3,0,0,0,0,1,1,0,0,0,0,1,2,3125.20783225
20194,1129003459,5,2,3,0,2,2,0,1,0,0,0,1,0,1,0,0,2,1,0,0,0,5154.16300387
20194,1129003461,9,2,7,0,0,4,2,3,0,0,0,0,1,1,0,0,0,4,1,2,0,895.469127812
20194,1129003462,6,5,1,0,2,1,3,0,0,0,2,1,2,0,0,0,0,0,1,0,0,2256.17247661
20194,1129003463,2,1,1,0,0,0,0,0,2,0,0,0,0,0,1,0,0,0,0,0,1,2883.31968909
20194,1129003464,2,1,1,0,0,0,0,2,0,0,0,0,0,1,0,0,0,0,0,1,0,6440.32625528
20194,1129003465,20,4,16,0,8,2,5,4,1,0,1,0,1,2,0,0,7,2,4,2,1,10892.0161003
20194,1129003466,5,3,2,0,0,1,1,2,1,0,0,1,0,1,1,0,0,0,1,1,0,1605.80721062
20194,1129003471,185,147,38,0,1,2,19,73,90,0,0,2,16,64,65,0,1,0,3,9,25,11444.966217
20194,1129003472,9,3,6,0,0,1,6,1,1,0,0,0,2,0,1,0,0,1,4,1,0,4741.68292349
20194,1129003473,6,4,2,0,1,0,1,3,1,0,1,0,1,2,0,0,0,0,0,1,1,7415.77253621
20194,1129003475,28,14,14,0,0,2,10,7,9,0,0,0,4,3,7,0,0,2,6,4,2,15399.1824614
20194,1129003478,9,8,1,0,0,0,2,3,4,0,0,0,1,3,4,0,0,0,1,0,0,2173.44061398
20194,1129003481,4,3,1,0,0,1,2,0,1,0,0,1,1,0,1,0,0,0,1,0,0,2720.8337914
20194,1129003488,12,10,2,0,0,2,5,3,2,0,0,2,3,3,2,0,0,0,2,0,0,2759.1334116
20194,1129003490,64,55,9,0,7,3,9,19,26,0,7,0,7,17,24,0,0,3,2,2,2,5127.06380089
20194,1129003491,5,5,0,0,0,0,1,3,1,0,0,0,1,3,1,0,0,0,0,0,0,3840.8570141
20194,1129003492,14,3,11,0,1,1,7,1,4,0,0,0,0,0,3,0,1,1,7,1,1,4444.62520214
20194,1129003494,54,43,11,0,1,4,13,25,11,0,0,4,10,20,9,0,1,0,3,5,2,10865.6456726
20194,1129003495,1,0,1,0,0,0,0,0,1,0,0,0,0,0,0,0,0,0,0,0,1,7080.28371426
20194,1129003497,43,24,19,0,5,12,12,7,7,0,3,7,4,6,4,0,2,5,8,1,3,12197.3477535
20194,1129003501,50,18,32,0,11,11,7,15,6,0,0,1,3,9,5,0,11,10,4,6,1,9558.81610453
20194,1129003502,3,1,2,0,0,1,1,1,0,0,0,0,0,1,0,0,0,1,1,0,0,2814.81008911
20194,1129003503,9,7,2,0,1,0,3,4,1,0,1,0,2,3,1,0,0,0,1,1,0,4808.585719
20194,1129003504,13,11,2,0,0,1,3,3,6,0,0,1,3,2,5,0,0,0,0,1,1,2850.58247671
20194,1129003505,1,0,1,0,0,0,1,0,0,0,0,0,0,0,0,0,0,0,1,0,0,5077.2057616
20194,1129003507,2,0,2,0,0,0,1,1,0,0,0,0,0,0,0,0,0,0,1,1,0,2091.02593302
20194,1129003512,9,7,2,0,1,0,4,2,2,0,1,0,3,1,2,0,0,0,1,1,0,8231.56905744
20194,1129003516,6,3,3,0,3,1,2,0,0,0,1,1,1,0,0,0,2,0,1,0,0,15508.1357462
20194,1129003518,15,1,14,0,6,2,3,4,0,0,0,0,1,0,0,0,6,2,2,4,0,3969.57837388
20194,1129003529,13,10,3,0,0,4,8,0,1,0,0,3,6,0,1,0,0,1,2,0,0,9025.84763106
20194,1129003532,285,130,155,0,41,53,67,68,56,0,10,24,34,28,34,0,31,29,33,40,22,918.580815296
20194,1129003535,15,13,2,0,0,1,3,7,4,0,0,1,3,6,3,0,0,0,0,1,1,7701.9239029
20194,1129003538,161,38,123,0,14,11,21,59,56,0,8,9,5,11,5,0,6,2,16,48,51,2352.87876807
20194,1129003552,154,119,35,0,15,10,38,66,25,0,0,6,33,57,23,0,15,4,5,9,2,7836.58501461
20194,1129003553,3,3,0,0,3,0,0,0,0,0,3,0,0,0,0,0,0,0,0,0,0,66923.920245
20194,1129003554,11,5,6,0,0,1,1,8,1,0,0,0,0,4,1,0,0,1,1,4,0,3190.56101361
20194,1129003556,32,12,20,0,5,8,9,8,2,0,2,2,4,2,2,0,3,6,5,6,0,5942.08922072
20194,1129003557,2,0,2,0,1,1,0,0,0,0,0,0,0,0,0,0,1,1,0,0,0,11496.5088845
20194,1129003558,6,3,3,0,0,0,0,1,5,0,0,0,0,0,3,0,0,0,0,1,2,3635.4763951
20194,1129003560,4,1,3,2,1,1,0,0,0,0,0,1,0,0,0,2,1,0,0,0,0,4382.42548896
20194,1129003561,4,1,3,0,0,1,2,1,0,0,0,0,0,1,0,0,0,1,2,0,0,10339.5582671
20194,1129003562,9,8,1,0,0,0,1,3,5,0,0,0,1,2,5,0,0,0,0,1,0,2384.24060202
20194,1129003566,2,1,1,0,0,1,0,1,0,0,0,1,0,0,0,0,0,0,0,1,0,4002.07989979
20194,1129003569,3,1,2,0,0,0,2,0,1,0,0,0,1,0,0,0,0,0,1,0,1,3362.24094154
20194,1129003570,7,4,3,0,0,0,2,4,1,0,0,0,0,3,1,0,0,0,2,1,0,4095.43017248
20194,1129003571,68,33,35,0,5,17,16,21,9,0,2,11,7,5,8,0,3,6,9,16,1,2099.64748224
20194,1129003572,7,2,5,0,0,0,2,4,1,0,0,0,1,0,1,0,0,0,1,4,0,11735.0325811
20194,1129003573,210,85,125,0,35,68,46,32,29,0,9,24,17,15,20,0,26,44,29,17,9,1383.15053281
20194,1129003583,2,2,0,0,0,0,0,1,1,0,0,0,0,1,1,0,0,0,0,0,0,9062.71641534
20194,1129003584,24,16,8,0,0,3,12,8,1,0,0,1,9,5,1,0,0,2,3,3,0,7500.91627999
20194,1129003591,5,0,5,0,2,1,1,1,0,0,0,0,0,0,0,0,2,1,1,1,0,35057.7791291
20194,1129003592,4,0,4,0,0,1,3,0,0,0,0,0,0,0,0,0,0,1,3,0,0,2108.21308021
20194,1129003595,6,2,4,0,0,1,1,2,2,0,0,0,1,0,1,0,0,1,0,2,1,10796.8229576
20194,1129003597,3,1,2,0,0,0,1,1,1,0,0,0,0,0,1,0,0,0,1,1,0,66883.6004134
20194,1129003605,21,12,9,0,2,5,5,4,5,0,1,1,2,4,4,0,1,4,3,0,1,14460.250442
20194,1129003609,510,474,36,0,3,51,162,213,81,0,3,47,150,199,75,0,0,4,12,14,6,23371.0695476
20194,1129003612,80,19,61,0,13,21,23,18,5,0,3,2,5,4,5,0,10,19,18,14,0,14747.2569598
20194,1129003617,21,7,14,0,3,12,1,4,1,0,1,4,0,1,1,0,2,8,1,3,0,91824.7350045
20194,1129003622,129,77,52,0,10,36,30,36,17,0,5,23,23,19,7,0,5,13,7,17,10,364030.393388
20194,1129003626,2,1,1,0,0,1,0,1,0,0,0,1,0,0,0,0,0,0,0,1,0,1229.95861833
20194,1129003631,15,12,3,0,1,2,4,5,3,0,0,2,3,5,2,0,1,0,1,0,1,3410.75305058
20194,1129003632,10,0,10,0,1,2,4,1,2,0,0,0,0,0,0,0,1,2,4,1,2,2647.76767072
20194,1129003635,24,12,12,0,0,4,6,10,4,0,0,1,3,6,2,0,0,3,3,4,2,4196.59967382
20194,1129003637,2,1,1,0,0,0,0,1,1,0,0,0,0,0,1,0,0,0,0,1,0,8049.11175236
20194,1129003638,17,12,5,0,0,5,7,4,1,0,0,4,4,4,0,0,0,1,3,0,1,15226.2434879
20194,1129003639,5,3,2,0,0,1,0,0,4,0,0,1,0,0,2,0,0,0,0,0,2,2934.13519498
20194,1129003642,4,4,0,0,0,0,2,1,1,0,0,0,2,1,1,0,0,0,0,0,0,5897.5778106
20194,1129003643,11,1,10,0,1,2,5,2,1,0,0,0,0,0,1,0,1,2,5,2,0,6837.4161208
20194,1129003644,25,19,6,0,4,6,10,5,0,0,2,4,10,3,0,0,2,2,0,2,0,5193.41238891
20194,1129003645,2,1,1,0,0,0,1,1,0,0,0,0,1,0,0,0,0,0,0,1,0,4580.15754293
20194,1129003646,5,1,4,0,0,0,0,2,3,0,0,0,0,0,1,0,0,0,0,2,2,3918.47960485
20194,1129003647,4,3,1,0,0,1,1,0,2,0,0,1,1,0,1,0,0,0,0,0,1,1771.93214574
20194,1129003648,10,3,7,0,0,3,1,2,4,0,0,1,0,1,1,0,0,2,1,1,3,8662.37507444
20194,1129003649,73,17,56,0,10,25,19,17,2,0,2,7,2,4,2,0,8,18,17,13,0,15138.197714
20194,1129003650,2,2,0,0,0,0,1,1,0,0,0,0,1,1,0,0,0,0,0,0,0,3109.9158624
20194,1129003652,16,12,4,0,3,4,5,2,2,0,3,4,3,1,1,0,0,0,2,1,1,3606.45113363
20194,1129003653,11,5,6,0,1,7,0,2,1,0,0,4,0,0,1,0,1,3,0,2,0,4437.25472213
20194,1129003654,299,135,164,0,16,91,127,63,2,0,3,29,57,46,0,0,13,62,70,17,2,4859.55705745
20194,1129003656,21,12,9,0,8,7,4,1,1,0,5,4,2,1,0,0,3,3,2,0,1,11004.0351229
20194,1129003661,1,1,0,0,0,0,0,1,0,0,0,0,0,1,0,0,0,0,0,0,0,70721.8136508
20194,1129003662,226,216,10,0,0,6,55,122,43,0,0,5,50,120,41,0,0,1,5,2,2,6772.06650861
20194,1129003664,23,12,11,0,1,5,4,10,3,0,0,2,2,7,1,0,1,3,2,3,2,7449.32944136
20194,1129003666,5,4,1,0,1,1,1,2,0,0,1,0,1,2,0,0,0,1,0,0,0,1856.63367865
20194,1129003668,3,1,2,0,0,1,0,2,0,0,0,0,0,1,0,0,0,1,0,1,0,3861.22013661
20194,1129003669,5,4,1,0,0,0,0,2,3,0,0,0,0,2,2,0,0,0,0,0,1,11254.8578306
20194,1129003675,7,3,4,0,0,1,3,3,0,0,0,0,2,1,0,0,0,1,1,2,0,8134.38017431
20194,1129003676,6,2,4,0,0,1,2,1,2,0,0,0,0,0,2,0,0,1,2,1,0,2757.3207121
20194,1129003683,43,34,9,0,1,4,18,10,10,0,1,3,11,9,10,0,0,1,7,1,0,32502.5464158
20194,1129003686,12,6,6,0,2,2,1,2,5,0,1,1,0,1,3,0,1,1,1,1,2,3100.33448527
20194,1129003688,2,0,2,0,0,0,0,2,0,0,0,0,0,0,0,0,0,0,0,2,0,2580.03319568
20194,1129003689,12,9,3,0,0,2,4,2,4,0,0,1,3,1,4,0,0,1,1,1,0,4895.55031041
20194,1129003690,28,16,12,0,7,4,9,7,1,0,2,1,7,5,1,0,5,3,2,2,0,7512.16445146
20194,1129003691,16,3,13,0,0,0,2,6,8,0,0,0,0,1,2,0,0,0,2,5,6,2512.19308667
20194,1129003692,93,44,49,0,10,18,35,18,12,0,2,11,16,10,5,0,8,7,19,8,7,1654.19259011
20194,1129003707,104,30,74,0,27,21,31,13,12,0,6,5,12,2,5,0,21,16,19,11,7,3578.19044182
20194,1129003708,3,2,1,0,1,1,1,0,0,0,0,1,1,0,0,0,1,0,0,0,0,4508.21204408
20194,1129003709,7,6,1,1,0,4,1,1,0,1,0,4,1,0,0,0,0,0,0,1,0,2703.26186374
20194,1129003713,2,1,1,0,0,1,0,1,0,0,0,1,0,0,0,0,0,0,0,1,0,3855.67425809
20194,1129003714,4,2,2,0,0,1,2,0,1,0,0,1,1,0,0,0,0,0,1,0,1,3992.61757975
20194,1129003715,7,0,7,0,0,2,5,0,0,0,0,0,0,0,0,0,0,2,5,0,0,2863.81754593
20194,1129003718,7,5,2,0,0,4,0,3,0,0,0,2,0,3,0,0,0,2,0,0,0,2765.49020333
20194,1129003722,14,11,3,0,1,2,5,6,0,0,1,2,4,4,0,0,0,0,1,2,0,6548.44868383
20194,1129003730,22,18,4,0,0,0,7,10,5,0,0,0,7,8,3,0,0,0,0,2,2,4859.02020555
20194,1129003733,1,1,0,0,0,0,1,0,0,0,0,0,1,0,0,0,0,0,0,0,0,1375.8279614
20194,1129003736,2,1,1,0,0,0,2,0,0,0,0,0,1,0,0,0,0,0,1,0,0,1815.04522933
20194,1129003738,1,1,0,0,0,0,1,0,0,0,0,0,1,0,0,0,0,0,0,0,0,972.19093857
20194,1129003741,4,1,3,0,0,2,2,0,0,0,0,0,1,0,0,0,0,2,1,0,0,4936.46713229
20194,1129003742,4,1,3,0,1,0,2,1,0,0,0,0,0,1,0,0,1,0,2,0,0,3731.55817055
20194,1129003743,10,4,6,0,2,3,1,4,0,0,1,2,0,1,0,0,1,1,1,3,0,9426.09054684
20194,1129003747,13,10,3,0,2,1,5,4,1,0,2,1,3,3,1,0,0,0,2,1,0,98983.2011773
20194,1129003749,7,6,1,0,0,1,1,2,3,0,0,1,1,2,2,0,0,0,0,0,1,6088.11954373
20194,1129003752,3,2,1,0,0,0,0,1,2,0,0,0,0,1,1,0,0,0,0,0,1,8476.50519957
20194,1129003753,18227,9407,8820,55,1380,4733,6768,5234,57,12,578,1554,2999,4214,50,43,802,3179,3769,1020,7,2722.10885391
20194,1129003755,51,15,36,0,11,10,19,9,2,0,2,6,4,1,2,0,9,4,15,8,0,5675.39728984
20194,1129003757,2,1,1,0,0,0,2,0,0,0,0,0,1,0,0,0,0,0,1,0,0,3853.97568297
20194,1129003758,37,16,21,0,13,13,7,3,1,0,4,10,1,1,0,0,9,3,6,2,1,7810.12637188
20194,1129003761,17,11,6,0,1,4,6,4,2,0,1,3,2,3,2,0,0,1,4,1,0,4804.4487743
20194,1129003763,2,1,1,0,0,0,0,0,2,0,0,0,0,0,1,0,0,0,0,0,1,2296.15955491
20194,1129003765,11,3,8,0,1,0,5,3,2,0,0,0,2,0,1,0,1,0,3,3,1,4923.71898931
20194,1129003769,5,4,1,0,0,0,0,4,1,0,0,0,0,3,1,0,0,0,0,1,0,1080.53169284
20194,1129003770,2,1,1,0,0,0,0,1,1,0,0,0,0,0,1,0,0,0,0,1,0,1966.90108742
20194,1129003773,66,30,36,0,6,10,11,15,24,0,3,8,5,8,6,0,3,2,6,7,18,13314.3166489
20194,1129003776,17,8,9,0,2,1,3,7,4,0,1,1,2,4,0,0,1,0,1,3,4,1237.35871907
20194,1129003782,2,1,1,0,0,1,1,0,0,0,0,1,0,0,0,0,0,0,1,0,0,1548.99743626
20194,1129003783,7,4,3,0,0,1,2,2,2,0,0,1,1,1,1,0,0,0,1,1,1,3051.7287323
20194,1129003789,4,2,2,0,0,1,0,1,2,0,0,0,0,0,2,0,0,1,0,1,0,5673.86036683
20194,1129003796,7,3,4,0,0,1,4,0,2,0,0,0,1,0,2,0,0,1,3,0,0,12054.9248195
20194,1129003798,95,20,75,0,13,29,33,18,2,0,5,6,2,6,1,0,8,23,31,12,1,4385.2380074
20194,1129003800,28,6,22,0,5,8,6,8,1,0,1,0,2,2,1,0,4,8,4,6,0,5733.59436
20194,1129003804,10,2,8,0,3,3,1,1,2,0,0,1,0,0,1,0,3,2,1,1,1,2957.85152396
20194,1129003805,78,18,60,0,16,15,25,16,6,0,3,3,5,2,5,0,13,12,20,14,1,10312.166553
20194,1129003807,28,3,25,0,8,4,4,8,4,0,1,1,0,0,1,0,7,3,4,8,3,4031.21743756
20194,1129003808,26,17,9,0,13,4,6,2,1,0,11,1,3,1,1,0,2,3,3,1,0,4077.87335975
20194,1129003818,12,6,6,0,1,3,1,2,5,0,0,2,0,1,3,0,1,1,1,1,2,406.991142185
20194,1129003819,3,2,1,0,1,1,1,0,0,0,0,1,1,0,0,0,1,0,0,0,0,2623.44244625
20194,1129003822,8,6,2,0,0,2,1,2,3,0,0,1,1,1,3,0,0,1,0,1,0,9233.31269517
20194,1129003831,213,3,210,0,14,8,35,87,69,0,0,0,1,0,2,0,14,8,34,87,67,8360.25277104
20194,1129003832,3,3,0,0,1,1,1,0,0,0,1,1,1,0,0,0,0,0,0,0,0,8841.87290226
20194,1129003836,4,4,0,0,0,0,1,3,0,0,0,0,1,3,0,0,0,0,0,0,0,3192.73090815
20194,1129003837,8,2,6,0,1,1,1,5,0,0,0,0,0,2,0,0,1,1,1,3,0,3653.93374724
20194,1129003841,16,9,7,0,0,3,5,7,1,0,0,1,3,5,0,0,0,2,2,2,1,5801.40639592
20194,1129003848,247,155,92,1,26,53,56,75,36,0,16,30,34,50,25,1,10,23,22,25,11,4439.32277955
20194,1129003850,8,7,1,0,0,1,2,5,0,0,0,1,1,5,0,0,0,0,1,0,0,3680.25513449
20194,1129003852,66,39,27,1,6,10,13,18,18,0,1,2,9,14,13,1,5,8,4,4,5,4897.45106624
20194,1129003853,18,2,16,0,1,2,11,0,4,0,0,0,0,0,2,0,1,2,11,0,2,51772.1790006
20194,1129003874,12,8,4,0,8,0,1,3,0,0,6,0,1,1,0,0,2,0,0,2,0,2742.85222461
20194,1129003878,477,304,173,2,79,108,113,136,39,0,45,65,68,95,31,2,34,43,45,41,8,2181.72728471
20194,1129003880,45,17,28,0,12,8,2,12,11,0,1,3,2,3,8,0,11,5,0,9,3,4487.40751104
20194,1129003883,16,9,7,0,2,4,5,5,0,0,0,2,5,2,0,0,2,2,0,3,0,2187.00235115
20194,1129003895,45,22,23,0,15,12,15,2,1,0,6,6,10,0,0,0,9,6,5,2,1,8573.68921877
20194,1129003898,444,373,71,0,49,136,113,140,6,0,30,110,93,134,6,0,19,26,20,6,0,6673.68426042
20194,1129003904,11,5,6,0,1,4,4,1,1,0,0,2,2,0,1,0,1,2,2,1,0,1802.43582599
20194,1129003906,257,232,25,0,32,90,55,79,1,0,29,80,48,74,1,0,3,10,7,5,0,3646.97607484
20194,1129003910,4,2,2,0,0,1,1,1,1,0,0,1,1,0,0,0,0,0,0,1,1,3654.51063992
20194,1129003911,187,135,52,2,37,45,51,29,23,0,22,34,40,22,17,2,15,11,11,7,6,1356.87277141
20194,1129003914,66,13,53,1,8,11,22,15,9,0,0,2,3,4,4,1,8,9,19,11,5,6337.81086175
20194,1129003915,2,1,1,0,0,1,0,1,0,0,0,1,0,0,0,0,0,0,0,1,0,3504.52930645
20194,1129003916,7,1,6,0,0,0,2,3,2,0,0,0,0,0,1,0,0,0,2,3,1,2544.18164403
20194,1129003918,2,1,1,0,0,0,0,0,2,0,0,0,0,0,1,0,0,0,0,0,1,3065.12168171
20201,1123000001,120,55,65,0,7,10,27,32,44,0,1,2,14,11,27,0,6,8,13,21,17,4017.03275138
20201,1123000002,6,3,3,0,0,1,0,3,2,0,0,0,0,1,2,0,0,1,0,2,0,4030.88106728
20201,1123000003,5,4,1,0,0,2,2,0,1,0,0,2,1,0,1,0,0,0,1,0,0,2781.85755149
20201,1123000004,764,299,465,2,92,103,227,194,146,0,51,55,53,59,81,2,41,48,174,135,65,3286.03019847
20201,1123000005,113,57,56,0,27,36,24,14,12,0,7,14,16,10,10,0,20,22,8,4,2,6411.81232975
20201,1123000006,8,3,5,0,1,1,2,3,1,0,0,1,0,1,1,0,1,0,2,2,0,1289.78300619
20201,1123000007,8,7,1,0,1,2,1,1,3,0,0,2,1,1,3,0,1,0,0,0,0,4301.33006743
20201,1123000008,24,9,15,0,5,0,6,5,8,0,0,0,2,3,4,0,5,0,4,2,4,3931.99356818
20201,1123000010,3,2,1,0,0,0,2,1,0,0,0,0,1,1,0,0,0,0,1,0,0,946.498084201
20201,1123000012,75,41,34,0,9,14,22,21,9,0,5,10,12,7,7,0,4,4,10,14,2,6062.06191538
20201,1123000013,2,2,0,0,0,1,0,0,1,0,0,1,0,0,1,0,0,0,0,0,0,1035.68562879
20201,1123000014,2,1,1,0,0,0,2,0,0,0,0,0,1,0,0,0,0,0,1,0,0,2203.81881846
20201,1123000015,8,5,3,0,0,1,4,2,1,0,0,0,3,1,1,0,0,1,1,1,0,2393.8773718
20201,1123000017,28,18,10,0,9,12,6,1,0,0,7,9,1,1,0,0,2,3,5,0,0,2824.91954045
20201,1123000018,14,9,5,0,0,0,1,1,12,0,0,0,0,0,9,0,0,0,1,1,3,6616.95583478
20201,1123000020,3,3,0,0,0,2,0,1,0,0,0,2,0,1,0,0,0,0,0,0,0,2175.39408638
20201,1123000021,11,9,2,0,0,0,1,5,5,0,0,0,1,5,3,0,0,0,0,0,2,5430.30601674
20201,1123000022,3058,1155,1903,1,468,643,945,966,35,1,373,482,237,55,7,0,95,161,708,911,28,5528.57732009
20201,1123000023,2,2,0,0,0,0,1,1,0,0,0,0,1,1,0,0,0,0,0,0,0,840.798748147
20201,1123000024,2,1,1,0,0,1,0,1,0,0,0,0,0,1,0,0,0,1,0,0,0,2048.15282661
20201,1123000025,7,1,6,0,0,2,0,4,1,0,0,1,0,0,0,0,0,1,0,4,1,1447.24906033
20201,1123000026,10,8,2,0,0,3,5,1,1,0,0,2,5,1,0,0,0,1,0,0,1,3915.09617768
20201,1123000027,24,19,5,0,0,5,6,7,6,0,0,3,4,6,6,0,0,2,2,1,0,2555.75910236
20201,1123000029,52,37,15,0,1,5,15,11,20,0,0,2,9,7,19,0,1,3,6,4,1,7199.08930214
20201,1123000031,4,3,1,0,0,0,0,1,3,0,0,0,0,1,2,0,0,0,0,0,1,1903.20900952
20201,1123000033,2,2,0,0,0,1,0,0,1,0,0,1,0,0,1,0,0,0,0,0,0,1491.58486878
20201,1123000034,21,18,3,0,5,9,3,3,1,0,4,9,2,3,0,0,1,0,1,0,1,6220.61213951
20201,1123000035,25,17,8,1,0,4,8,5,7,0,0,4,7,2,4,1,0,0,1,3,3,6605.30271984
20201,1123000037,178,111,67,0,5,12,14,13,134,0,0,9,6,5,91,0,5,3,8,8,43,8207.61627371
20201,1123000038,27,20,7,0,11,2,5,5,4,0,8,2,2,4,4,0,3,0,3,1,0,803.762450547
20201,1123000040,387,293,94,1,93,150,74,47,22,0,61,103,65,43,21,1,32,47,9,4,1,8138.33113334
20201,1123000044,1,0,1,0,0,0,1,0,0,0,0,0,0,0,0,0,0,0,1,0,0,2137.75890075
20201,1123000045,83,13,70,0,9,29,27,17,1,0,0,5,5,3,0,0,9,24,22,14,1,15648.5004924
20201,1123000046,5,5,0,0,0,0,0,4,1,0,0,0,0,4,1,0,0,0,0,0,0,1130.86507
20201,1123000048,10,7,3,0,0,1,3,3,3,0,0,1,2,2,2,0,0,0,1,1,1,1083.1532696
20201,1123000054,31,15,16,0,2,8,10,10,1,0,0,6,4,5,0,0,2,2,6,5,1,15357.967654
20201,1123000055,20,13,7,0,0,3,3,5,9,0,0,2,1,4,6,0,0,1,2,1,3,7092.9507577
20201,1123000056,3,2,1,0,0,1,1,0,1,0,0,1,0,0,1,0,0,0,1,0,0,577.232722192
20201,1123000057,42,28,14,1,5,20,4,8,4,0,2,13,2,7,4,1,3,7,2,1,0,3234.22420105
20201,1123000059,2,1,1,0,0,0,0,0,2,0,0,0,0,0,1,0,0,0,0,0,1,4698.91175408
20201,1123000060,42,30,12,0,2,5,6,14,15,0,1,3,4,10,12,0,1,2,2,4,3,5016.86744303
20201,1123000062,46,28,18,0,1,6,14,11,14,0,0,2,8,8,10,0,1,4,6,3,4,4520.76958669
20201,1123000064,11,8,3,0,6,3,2,0,0,0,5,2,1,0,0,0,1,1,1,0,0,2714.33596439
20201,1123000068,12,7,5,0,0,1,6,2,3,0,0,1,3,2,1,0,0,0,3,0,2,2571.36398479
20201,1123000074,9,7,2,0,0,1,5,2,1,0,0,1,4,1,1,0,0,0,1,1,0,5678.60586915
20201,1123000076,8,3,5,0,1,2,2,3,0,0,0,0,1,2,0,0,1,2,1,1,0,1888.01799067
20201,1123000080,12,11,1,0,1,1,5,3,2,0,1,1,4,3,2,0,0,0,1,0,0,4204.1555437
20201,1123000081,2,0,2,0,1,0,1,0,0,0,0,0,0,0,0,0,1,0,1,0,0,1220.34719234
20201,1123000086,35,29,6,0,8,2,13,7,5,0,8,1,10,5,5,0,0,1,3,2,0,6094.20213656
20201,1123000087,31,17,14,0,1,5,13,10,2,0,0,2,7,7,1,0,1,3,6,3,1,6170.24214404
20201,1123000095,97,76,21,0,15,15,13,39,15,0,12,13,10,30,11,0,3,2,3,9,4,6888.55564025
20201,1123000101,3,1,2,0,0,0,0,0,3,0,0,0,0,0,1,0,0,0,0,0,2,3102.44110675
20201,1123000110,4,4,0,0,1,0,0,1,2,0,1,0,0,1,2,0,0,0,0,0,0,5124.86166655
20201,1123000115,15,0,15,0,4,5,1,5,0,0,0,0,0,0,0,0,4,5,1,5,0,1516.72095658
20201,1123000118,2,2,0,0,0,2,0,0,0,0,0,2,0,0,0,0,0,0,0,0,0,3624.99097869
20201,1123000121,7,4,3,0,1,2,2,1,1,0,0,0,2,1,1,0,1,2,0,0,0,3406.21207151
20201,1123000125,10,8,2,0,0,1,1,7,1,0,0,1,1,5,1,0,0,0,0,2,0,6931.85762841
20201,1123000126,35,14,21,0,3,12,10,8,2,0,1,3,6,3,1,0,2,9,4,5,1,3836.44843671
20201,1123000133,38,24,14,0,0,5,15,10,8,0,0,0,9,8,7,0,0,5,6,2,1,2259.47066943
20201,1123000134,3,2,1,0,0,0,0,3,0,0,0,0,0,2,0,0,0,0,0,1,0,3499.19733522
20201,1123000136,2,2,0,0,0,0,1,0,1,0,0,0,1,0,1,0,0,0,0,0,0,1596.34807451
20201,1123000137,34,24,10,0,8,1,9,11,5,0,4,0,6,10,4,0,4,1,3,1,1,2979.24347907
20201,1123000142,8,5,3,0,2,2,2,2,0,0,1,2,1,1,0,0,1,0,1,1,0,5931.98452651
20201,1123000145,41,28,13,0,7,18,13,2,1,0,1,18,7,2,0,0,6,0,6,0,1,2671.59923204
20201,1123000148,15,12,3,0,0,2,7,3,3,0,0,2,6,1,3,0,0,0,1,2,0,4354.43292439
20201,1123000151,2,1,1,0,0,0,1,1,0,0,0,0,0,1,0,0,0,0,1,0,0,3625.53155849
20201,1123000153,2,2,0,0,0,0,0,0,2,0,0,0,0,0,2,0,0,0,0,0,0,4067.70923234
20201,1123000159,64,49,15,3,27,12,5,5,12,3,21,8,2,4,11,0,6,4,3,1,1,4181.10209351
20201,1123000160,8,5,3,0,0,1,2,4,1,0,0,1,1,3,0,0,0,0,1,1,1,4134.06663485
20201,1123000161,9,4,5,0,1,0,4,4,0,0,0,0,3,1,0,0,1,0,1,3,0,4211.32107547
20201,1123000162,50,32,18,0,3,10,9,15,13,0,2,2,4,12,12,0,1,8,5,3,1,3010.23207377
20201,1123000165,3,2,1,0,0,0,0,2,1,0,0,0,0,1,1,0,0,0,0,1,0,3316.38080846
20201,1123000167,13,6,7,0,1,1,4,3,4,0,0,0,0,3,3,0,1,1,4,0,1,4511.13210114
20201,1123000168,40,5,35,0,6,13,9,12,0,0,1,2,0,2,0,0,5,11,9,10,0,9387.61218208
20201,1123000171,3,2,1,0,0,0,3,0,0,0,0,0,2,0,0,0,0,0,1,0,0,6299.9018049
20201,1123000172,53,44,9,0,10,8,20,12,3,0,8,6,15,12,3,0,2,2,5,0,0,4813.26234244
20201,1123000180,23,20,3,0,1,4,14,4,0,0,1,4,11,4,0,0,0,0,3,0,0,2999.47522755
20201,1123000183,105,84,21,0,12,26,40,14,13,0,8,21,31,13,11,0,4,5,9,1,2,7375.44148827
20201,1123000188,128,82,46,0,33,28,19,35,13,0,26,18,10,22,6,0,7,10,9,13,7,10463.6082986
20201,1123000190,1,0,1,0,0,0,1,0,0,0,0,0,0,0,0,0,0,0,1,0,0,2329.28483175
20201,1123000192,34,12,22,0,4,7,11,6,6,0,2,2,3,1,4,0,2,5,8,5,2,13732.0907677
20201,1123000194,19,13,6,0,1,5,6,2,5,0,1,3,4,2,3,0,0,2,2,0,2,2892.15962561
20201,1123000197,10,0,10,0,4,4,1,1,0,0,0,0,0,0,0,0,4,4,1,1,0,1557.20047538
20201,1123000198,2,1,1,0,0,0,1,1,0,0,0,0,1,0,0,0,0,0,0,1,0,1248.0171003
20201,1123000203,2,0,2,0,0,0,2,0,0,0,0,0,0,0,0,0,0,0,2,0,0,2573.41998702
20201,1123000204,2,2,0,0,0,0,0,0,2,0,0,0,0,0,2,0,0,0,0,0,0,4623.78894414
20201,1123000206,48,21,27,0,9,3,10,19,7,0,2,1,1,13,4,0,7,2,9,6,3,10040.5122401
20201,1123000211,220,165,55,0,5,31,40,54,90,0,4,12,26,44,79,0,1,19,14,10,11,9339.31922521
20201,1123000212,8,5,3,0,1,0,2,3,2,0,1,0,1,2,1,0,0,0,1,1,1,1225.44547636
20201,1123000213,20,15,5,0,2,5,2,5,6,0,2,4,2,4,3,0,0,1,0,1,3,1361.05161365
20201,1123000214,75,52,23,1,2,8,22,21,21,0,1,5,16,17,13,1,1,3,6,4,8,9506.07577589
20201,1123000215,8,7,1,0,0,1,3,2,2,0,0,1,2,2,2,0,0,0,1,0,0,1592.80154171
20201,1123000216,28,21,7,0,2,6,9,7,4,0,2,6,7,4,2,0,0,0,2,3,2,4814.16819106
20201,1123000217,7,5,2,0,1,1,3,0,2,0,1,0,2,0,2,0,0,1,1,0,0,956.60642855
20201,1123000218,9,9,0,0,0,2,4,0,3,0,0,2,4,0,3,0,0,0,0,0,0,1529.83558997
20201,1123000219,5,3,2,0,1,2,1,1,0,0,0,2,1,0,0,0,1,0,0,1,0,1074.32345325
20201,1123000220,16,16,0,0,0,7,3,3,3,0,0,7,3,3,3,0,0,0,0,0,0,1245.18242562
20201,1123000221,1098,985,113,18,431,435,151,44,19,18,379,393,143,35,17,0,52,42,8,9,2,12392.3332501
20201,1123000222,26,17,9,0,2,10,4,5,5,0,2,10,2,1,2,0,0,0,2,4,3,3245.18033155
20201,1123000223,6,5,1,0,0,0,4,2,0,0,0,0,3,2,0,0,0,0,1,0,0,2695.61471883
20201,1123000224,17,12,5,0,3,1,7,5,1,0,1,1,6,3,1,0,2,0,1,2,0,2963.33981399
20201,1123000225,216,166,50,1,18,45,60,47,45,1,13,36,48,31,37,0,5,9,12,16,8,19707.8622913
20201,1123000228,351,324,27,1,8,57,154,111,20,1,5,53,138,107,20,0,3,4,16,4,0,9404.49919757
20201,1123000229,2,1,1,0,0,0,0,1,1,0,0,0,0,0,1,0,0,0,0,1,0,1641.22956229
20201,1123000232,3,3,0,0,0,0,0,0,3,0,0,0,0,0,3,0,0,0,0,0,0,2148.40184801
20201,1123000233,20,19,1,0,1,2,7,8,2,0,1,2,7,8,1,0,0,0,0,0,1,3411.02784581
20201,1123000234,17,14,3,0,4,3,2,6,2,0,3,3,1,5,2,0,1,0,1,1,0,2866.74679435
20201,1123000236,115,87,28,0,3,23,35,35,19,0,2,17,28,24,16,0,1,6,7,11,3,3607.98985246
20201,1123000237,13,12,1,0,0,1,4,5,3,0,0,1,4,4,3,0,0,0,0,1,0,1646.85913787
20201,1123000241,2,2,0,0,0,0,0,0,2,0,0,0,0,0,2,0,0,0,0,0,0,445.409192279
20201,1123000242,63,37,26,0,11,15,22,10,5,0,5,7,13,8,4,0,6,8,9,2,1,1345.95386629
20201,1123000245,6,5,1,0,0,0,1,2,3,0,0,0,1,2,2,0,0,0,0,0,1,715.106846907
20201,1123000247,25,14,11,0,3,11,2,4,5,0,1,6,1,1,5,0,2,5,1,3,0,6884.19895901
20201,1123000254,42,27,15,0,4,11,7,14,6,0,2,6,6,9,4,0,2,5,1,5,2,8772.93835973
20201,1123000255,3,2,1,0,0,1,0,0,2,0,0,0,0,0,2,0,0,1,0,0,0,865.097427369
20201,1123000258,7,2,5,0,0,2,5,0,0,0,0,1,1,0,0,0,0,1,4,0,0,3039.18561101
20201,1123000264,2,2,0,0,0,0,2,0,0,0,0,0,2,0,0,0,0,0,0,0,0,4542.37238945
20201,1123000268,4,2,2,0,0,0,1,1,2,0,0,0,0,1,1,0,0,0,1,0,1,3047.33205643
20201,1123000270,4,3,1,0,0,1,2,1,0,0,0,1,1,1,0,0,0,0,1,0,0,2018.08693897
20201,1123000273,3,1,2,0,0,0,1,2,0,0,0,0,1,0,0,0,0,0,0,2,0,1054.94377933
20201,1123000282,22,18,4,0,3,3,5,7,4,0,3,3,4,6,2,0,0,0,1,1,2,3938.34616373
20201,1123000288,2,1,1,0,0,0,0,0,2,0,0,0,0,0,1,0,0,0,0,0,1,1980.02887542
20201,1123000289,3,1,2,0,0,0,0,2,1,0,0,0,0,1,0,0,0,0,0,1,1,668.536327817
20201,1123000291,2,1,1,0,0,1,1,0,0,0,0,1,0,0,0,0,0,0,1,0,0,793.763677092
20201,1123000292,10,4,6,0,0,4,1,5,0,0,0,1,1,2,0,0,0,3,0,3,0,2326.45340104
20201,1123000294,8,1,7,0,0,1,6,0,1,0,0,0,0,0,1,0,0,1,6,0,0,3352.07177196
20201,1123000297,10,0,10,0,1,2,1,5,1,0,0,0,0,0,0,0,1,2,1,5,1,3062.31488374
20201,1123000304,3,1,2,0,0,1,0,2,0,0,0,1,0,0,0,0,0,0,0,2,0,1243.07871428
20201,1123000311,219,138,81,0,5,16,35,64,99,0,3,10,25,41,59,0,2,6,10,23,40,12826.3621649
20201,1123000313,21,7,14,0,5,3,4,8,1,0,1,1,3,1,1,0,4,2,1,7,0,12629.6218867
20201,1123000315,2,2,0,0,0,0,2,0,0,0,0,0,2,0,0,0,0,0,0,0,0,1196.27749514
20201,1123000317,4,4,0,0,0,1,2,1,0,0,0,1,2,1,0,0,0,0,0,0,0,3370.5653296
20201,1123000318,12,8,4,0,1,2,5,2,2,0,1,2,2,1,2,0,0,0,3,1,0,3924.42055462
20201,1123000321,232,135,97,0,28,37,48,66,53,0,18,21,25,36,35,0,10,16,23,30,18,3145.08825278
20201,1123000322,39,18,21,0,9,10,12,6,2,0,2,6,6,4,0,0,7,4,6,2,2,5494.435008
20201,1123000323,225,130,95,4,32,36,51,58,44,3,6,18,32,39,32,1,26,18,19,19,12,2897.72268167
20201,1123000329,18,16,2,0,1,0,8,9,0,0,1,0,6,9,0,0,0,0,2,0,0,1998.48206724
20201,1123000332,3,1,2,0,0,0,3,0,0,0,0,0,1,0,0,0,0,0,2,0,0,3759.87692997
20201,1123000334,1,0,1,0,0,0,0,0,1,0,0,0,0,0,0,0,0,0,0,0,1,6665.12189398
20201,1123000337,36,24,12,0,7,3,8,6,12,0,3,2,5,6,8,0,4,1,3,0,4,7347.94807207
20201,1123000339,6,4,2,0,0,1,2,2,1,0,0,1,1,2,0,0,0,0,1,0,1,5393.1096788
20201,1123000342,26,15,11,0,5,7,3,6,5,0,1,4,2,3,5,0,4,3,1,3,0,3548.83810834
20201,1123000343,5,5,0,0,0,1,0,2,2,0,0,1,0,2,2,0,0,0,0,0,0,2410.66251465
20201,1123000346,34,28,6,2,3,5,6,4,14,2,1,3,4,4,14,0,2,2,2,0,0,2914.34643421
20201,1123000351,24,13,11,0,4,4,7,9,0,0,2,3,3,5,0,0,2,1,4,4,0,6009.65176534
20201,1123000353,2,2,0,0,0,0,0,0,2,0,0,0,0,0,2,0,0,0,0,0,0,4416.74960542
20201,1123000354,11,9,2,0,0,3,4,1,3,0,0,3,2,1,3,0,0,0,2,0,0,7580.06307624
20201,1123000355,11,7,4,0,0,2,2,4,3,0,0,1,1,2,3,0,0,1,1,2,0,2469.91902325
20201,1123000358,3,2,1,0,0,0,2,1,0,0,0,0,2,0,0,0,0,0,0,1,0,1726.38569282
20201,1123000359,19,5,14,0,3,0,7,6,3,0,0,0,0,2,3,0,3,0,7,4,0,7190.05473792
20201,1123000360,73,5,68,0,1,2,4,23,43,0,0,0,0,2,3,0,1,2,4,21,40,4869.81765984
20201,1123000361,3,3,0,0,0,0,0,3,0,0,0,0,0,3,0,0,0,0,0,0,0,4014.57137912
20201,1123000364,136,68,68,0,14,19,27,27,49,0,3,8,5,16,36,0,11,11,22,11,13,6876.32152484
20201,1123000365,8,6,2,0,0,3,2,2,1,0,0,2,2,1,1,0,0,1,0,1,0,5372.32479558
20201,1123000366,23,15,8,0,2,3,5,11,2,0,0,2,2,9,2,0,2,1,3,2,0,4162.11914876
20201,1123000368,6,2,4,0,0,0,1,4,1,0,0,0,0,1,1,0,0,0,1,3,0,2351.50251293
20201,1123000369,10,3,7,0,1,5,2,2,0,0,1,1,0,1,0,0,0,4,2,1,0,4316.36084581
20201,1123000371,2,2,0,0,0,0,2,0,0,0,0,0,2,0,0,0,0,0,0,0,0,1550.74502717
20201,1123000372,6,4,2,0,0,2,0,3,1,0,0,1,0,2,1,0,0,1,0,1,0,1115.26464071
20201,1123000373,9,6,3,0,2,2,1,2,2,0,1,1,1,1,2,0,1,1,0,1,0,4975.55561046
20201,1123000375,41,26,15,0,5,12,18,4,2,0,4,8,10,3,1,0,1,4,8,1,1,2225.89671569
20201,1123000380,3,2,1,0,0,1,2,0,0,0,0,1,1,0,0,0,0,0,1,0,0,4071.00695357
20201,1123000381,18,8,10,0,2,7,1,5,3,0,1,3,1,2,1,0,1,4,0,3,2,7013.37792937
20201,1123000390,72,45,27,2,3,12,23,24,8,1,2,9,14,11,8,1,1,3,9,13,0,3143.25258799
20201,1123000394,82,32,50,2,19,22,19,8,12,2,4,7,8,4,7,0,15,15,11,4,5,6970.93472206
20201,1123000395,29,27,2,0,1,1,5,4,18,0,1,0,4,4,18,0,0,1,1,0,0,1955.64644102
20201,1123000404,2,1,1,0,0,0,1,0,1,0,0,0,1,0,0,0,0,0,0,0,1,1100.26549614
20201,1123000405,9,8,1,0,2,2,3,2,0,0,2,2,2,2,0,0,0,0,1,0,0,3238.00246143
20201,1123000407,167,127,40,0,18,25,42,39,43,0,15,20,34,29,29,0,3,5,8,10,14,5142.13964751
20201,1123000416,26,11,15,0,2,5,11,6,2,0,0,2,6,2,1,0,2,3,5,4,1,2358.77187609
20201,1123000419,1,0,1,0,0,0,1,0,0,0,0,0,0,0,0,0,0,0,1,0,0,5899.06983397
20201,1123000423,26,12,14,1,5,7,6,4,3,0,2,1,5,2,2,1,3,6,1,2,1,80846.9160056
20201,1123000427,5,4,1,0,0,0,0,2,3,0,0,0,0,2,2,0,0,0,0,0,1,4144.48299325
20201,1123000428,4,3,1,0,1,0,1,0,2,0,1,0,0,0,2,0,0,0,1,0,0,2514.57657256
20201,1123000432,66,44,22,1,6,20,14,19,6,1,2,10,8,17,6,0,4,10,6,2,0,8280.65284575
20201,1123000433,16,14,2,0,0,1,3,5,7,0,0,1,3,4,6,0,0,0,0,1,1,2436.63949994
20201,1123000434,5,2,3,0,1,1,0,1,2,0,0,0,0,1,1,0,1,1,0,0,1,2050.92057543
20201,1123000436,425,337,88,8,73,143,142,45,14,2,46,123,125,30,11,6,27,20,17,15,3,16972.1355696
20201,1123000437,203,171,32,1,27,41,36,77,21,1,21,36,29,66,18,0,6,5,7,11,3,7210.75269373
20201,1123000438,29,16,13,0,1,1,4,17,6,0,0,1,3,9,3,0,1,0,1,8,3,4989.62584016
20201,1123000439,4,4,0,0,0,1,1,2,0,0,0,1,1,2,0,0,0,0,0,0,0,2152.19965666
20201,1123000440,6,5,1,0,0,0,1,4,1,0,0,0,1,3,1,0,0,0,0,1,0,1731.8187245
20201,1123000443,5,4,1,0,1,1,0,3,0,0,1,0,0,3,0,0,0,1,0,0,0,2988.77858266
20201,1123000447,16,10,6,0,2,1,6,7,0,0,2,1,2,5,0,0,0,0,4,2,0,2908.54500871
20201,1123000448,7,4,3,0,0,2,3,1,1,0,0,1,2,0,1,0,0,1,1,1,0,853.51796658
20201,1123000450,2,1,1,0,0,0,0,1,1,0,0,0,0,0,1,0,0,0,0,1,0,1195.79720661
20201,1123000454,4,1,3,0,0,0,1,2,1,0,0,0,0,1,0,0,0,0,1,1,1,2146.1138515
20201,1123000457,118,67,51,0,21,22,19,20,36,0,7,13,10,10,27,0,14,9,9,10,9,11178.8074975
20201,1123000458,2,1,1,0,0,0,0,2,0,0,0,0,0,1,0,0,0,0,0,1,0,3221.82682212
20201,1123000459,2,2,0,0,1,0,1,0,0,0,1,0,1,0,0,0,0,0,0,0,0,799.119568551
20201,1123000460,3,1,2,0,0,0,0,1,2,0,0,0,0,0,1,0,0,0,0,1,1,9542.1815697
20201,1123000461,35,24,11,0,6,6,6,10,7,0,1,4,4,10,5,0,5,2,2,0,2,5926.29449319
20201,1123000462,21,17,4,0,0,2,3,9,7,0,0,2,2,7,6,0,0,0,1,2,1,2433.26987734
20201,1123000464,12,5,7,0,0,2,4,5,1,0,0,1,2,2,0,0,0,1,2,3,1,4303.51701822
20201,1123000465,8,7,1,0,1,0,5,0,2,0,1,0,4,0,2,0,0,0,1,0,0,1400.30853031
20201,1123000467,16,13,3,0,0,3,2,3,8,0,0,1,1,3,8,0,0,2,1,0,0,1320.06597028
20201,1123000468,77,58,19,0,6,19,15,22,15,0,4,13,14,14,13,0,2,6,1,8,2,7189.43543783
20201,1123000469,18,15,3,0,1,1,8,5,3,0,1,1,6,4,3,0,0,0,2,1,0,4414.45263074
20201,1123000470,1111,664,447,11,132,99,135,222,512,11,108,71,81,118,275,0,24,28,54,104,237,3949.34350749
20201,1123000472,9,6,3,0,1,4,3,1,0,0,1,3,1,1,0,0,0,1,2,0,0,2634.71533759
20201,1123000473,84,73,11,0,2,9,12,32,29,0,1,5,11,29,27,0,1,4,1,3,2,3108.66796867
20201,1123000474,12,9,3,0,0,1,2,8,1,0,0,1,1,7,0,0,0,0,1,1,1,4981.89738597
20201,1123000475,47,25,22,0,5,7,14,13,8,0,3,5,4,8,5,0,2,2,10,5,3,3133.02543881
20201,1123000480,26,10,16,0,1,2,6,10,7,0,0,1,3,3,3,0,1,1,3,7,4,1601.86981027
20201,1123000486,10,5,5,0,3,1,1,3,2,0,1,1,0,1,2,0,2,0,1,2,0,3329.54903351
20201,1123000487,3,2,1,0,0,0,1,0,2,0,0,0,1,0,1,0,0,0,0,0,1,2778.91643329
20201,1123000488,9,8,1,0,0,0,1,3,5,0,0,0,1,2,5,0,0,0,0,1,0,4935.64771254
20201,1123000489,1,0,1,0,0,1,0,0,0,0,0,0,0,0,0,0,0,1,0,0,0,10553.4898352
20201,1123000490,20,12,8,0,2,3,4,6,5,0,2,2,3,2,3,0,0,1,1,4,2,2577.10429151
20201,1123000492,25,20,5,0,0,3,12,6,4,0,0,2,10,4,4,0,0,1,2,2,0,9511.98057188
20201,1123000498,72,59,13,0,8,11,14,19,20,0,5,9,11,17,17,0,3,2,3,2,3,6570.05535661
20201,1123000501,22,12,10,0,1,5,6,5,5,0,0,1,5,2,4,0,1,4,1,3,1,4448.66788869
20201,1123000503,4,3,1,0,0,0,1,3,0,0,0,0,1,2,0,0,0,0,0,1,0,3128.38591877
20201,1123000504,7,6,1,0,0,0,2,3,2,0,0,0,1,3,2,0,0,0,1,0,0,2190.7864261
20201,1123000505,9,7,2,0,1,1,1,4,2,0,1,1,0,3,2,0,0,0,1,1,0,13294.2598484
20201,1123000507,5,4,1,0,0,0,1,2,2,0,0,0,0,2,2,0,0,0,1,0,0,952.686306164
20201,1123000512,64,38,26,0,13,23,16,8,4,0,3,14,13,5,3,0,10,9,3,3,1,3553.68808835
20201,1123000516,14,10,4,0,2,5,5,2,0,0,1,5,2,2,0,0,1,0,3,0,0,1917.43399775
20201,1123000517,62,48,14,0,0,2,11,23,26,0,0,0,6,18,24,0,0,2,5,5,2,2068.40407842
20201,1123000519,15,11,4,0,1,4,3,5,2,0,1,4,0,4,2,0,0,0,3,1,0,1913.52529964
20201,1123000520,8,7,1,0,0,0,2,4,2,0,0,0,2,3,2,0,0,0,0,1,0,6492.02410893
20201,1123000521,11,7,4,0,0,1,3,0,7,0,0,0,2,0,5,0,0,1,1,0,2,2853.66387992
20201,1123000524,7,0,7,0,2,1,0,2,2,0,0,0,0,0,0,0,2,1,0,2,2,3560.15397671
20201,1123000525,38,28,10,0,3,9,5,8,13,0,1,6,2,8,11,0,2,3,3,0,2,3848.48964201
20201,1123000526,166,99,67,0,18,64,42,24,18,0,3,23,36,21,16,0,15,41,6,3,2,5716.78029794
20201,1123000527,14,8,6,0,3,2,2,4,3,0,3,1,0,1,3,0,0,1,2,3,0,2035.00329444
20201,1123000529,3,3,0,0,0,0,0,2,1,0,0,0,0,2,1,0,0,0,0,0,0,2224.52256163
20201,1123000530,8,7,1,0,0,2,1,4,1,0,0,2,1,3,1,0,0,0,0,1,0,2197.52072203
20201,1123000531,53,44,9,0,5,3,19,16,10,0,5,2,13,15,9,0,0,1,6,1,1,1922.42265679
20201,1123000532,21,14,7,0,1,0,4,12,4,0,1,0,3,7,3,0,0,0,1,5,1,2005.12669396
20201,1123000533,34,17,17,0,1,6,8,14,5,0,1,3,7,3,3,0,0,3,1,11,2,6303.82036938
20201,1123000534,9,4,5,0,0,4,3,2,0,0,0,0,3,1,0,0,0,4,0,1,0,969.415456872
20201,1123000535,9,5,4,0,3,0,4,2,0,0,2,0,2,1,0,0,1,0,2,1,0,3600.84699736
20201,1123000539,16,13,3,0,2,6,2,2,4,0,0,6,2,2,3,0,2,0,0,0,1,1962.13418735
20201,1123000541,3,0,3,0,0,1,1,1,0,0,0,0,0,0,0,0,0,1,1,1,0,3446.23332823
20201,1123000542,6,5,1,1,0,0,3,0,2,1,0,0,2,0,2,0,0,0,1,0,0,21216.7836092
20201,1123000543,9,6,3,0,1,0,4,1,3,0,0,0,2,1,3,0,1,0,2,0,0,11651.5127601
20201,1123000544,6,3,3,0,0,1,3,1,1,0,0,1,1,0,1,0,0,0,2,1,0,1591.94412169
20201,1123000547,11,4,7,0,3,2,1,5,0,0,0,2,1,1,0,0,3,0,0,4,0,2448.82469674
20201,1123000548,15,7,8,0,2,4,3,5,1,0,0,2,1,3,1,0,2,2,2,2,0,2482.52158477
20201,1123000549,4,2,2,0,0,1,0,1,2,0,0,0,0,1,1,0,0,1,0,0,1,1777.54923764
20201,1123000551,4655,1984,2671,6,295,1163,1725,1337,129,1,151,742,691,371,28,5,144,421,1034,966,101,10360.0348741
20201,1123000552,2,1,1,0,0,0,0,2,0,0,0,0,0,1,0,0,0,0,0,1,0,2822.15133736
20201,1123000554,4,3,1,0,0,0,3,1,0,0,0,0,3,0,0,0,0,0,0,1,0,797.064897408
20201,1123000555,89,55,34,0,9,11,27,29,13,0,2,5,18,19,11,0,7,6,9,10,2,3369.23975255
20201,1123000556,40,26,14,0,5,6,14,8,7,0,2,3,9,7,5,0,3,3,5,1,2,9303.72420376
20201,1123000557,9,4,5,0,0,0,1,6,2,0,0,0,0,4,0,0,0,0,1,2,2,2772.82436557
20201,1123000558,27,19,8,0,2,2,12,6,5,0,1,1,7,5,5,0,1,1,5,1,0,2539.3125673
20201,1123000560,11,8,3,0,0,4,3,1,3,0,0,2,3,0,3,0,0,2,0,1,0,2934.61586342
20201,1123000561,6,5,1,0,1,1,2,1,1,0,1,1,2,0,1,0,0,0,0,1,0,1737.6047196
20201,1123000562,3,2,1,0,0,0,1,1,1,0,0,0,1,1,0,0,0,0,0,0,1,1811.24298432
20201,1123000563,2,1,1,0,0,0,0,1,1,0,0,0,0,0,1,0,0,0,0,1,0,2957.4947786
20201,1123000564,24,17,7,0,3,2,8,8,3,0,1,2,5,6,3,0,2,0,3,2,0,2121.6648195
20201,1123000565,56,29,27,0,6,12,13,17,8,0,1,8,6,9,5,0,5,4,7,8,3,4675.14201419
20201,1123000566,12,8,4,0,0,1,7,1,3,0,0,0,5,1,2,0,0,1,2,0,1,2470.47226513
20201,1123000567,18,14,4,0,0,2,5,6,5,0,0,2,3,5,4,0,0,0,2,1,1,2431.47574291
20201,1123000568,88,67,21,2,15,22,22,20,7,0,9,18,17,17,6,2,6,4,5,3,1,2209.02915775
20201,1123000569,20,10,10,0,0,0,4,11,5,0,0,0,1,7,2,0,0,0,3,4,3,4287.90569515
20201,1123000570,2,1,1,0,0,0,0,1,1,0,0,0,0,0,1,0,0,0,0,1,0,2939.5225765
20201,1123000571,4,4,0,0,0,2,2,0,0,0,0,2,2,0,0,0,0,0,0,0,0,1716.47034127
20201,1123000576,40,14,26,0,9,16,6,7,2,0,3,5,4,1,1,0,6,11,2,6,1,3058.24911753
20201,1123000577,21,15,6,0,0,3,4,8,6,0,0,1,4,6,4,0,0,2,0,2,2,1907.65500781
20201,1123000580,33,31,2,0,1,8,18,4,2,0,0,8,17,4,2,0,1,0,1,0,0,2259.46977601
20201,1123000581,48,31,17,0,9,5,13,6,15,0,4,2,7,6,12,0,5,3,6,0,3,10109.4401727
20201,1123000582,7,7,0,0,0,0,1,2,4,0,0,0,1,2,4,0,0,0,0,0,0,1138.96438792
20201,1123000583,26,13,13,0,2,8,4,7,5,0,2,2,1,5,3,0,0,6,3,2,2,6558.03722184
20201,1123000584,6,4,2,0,3,2,0,1,0,0,2,2,0,0,0,0,1,0,0,1,0,988.926394008
20201,1123000585,8,6,2,0,1,1,3,3,0,0,1,1,2,2,0,0,0,0,1,1,0,3607.9552115
20201,1123000587,33,20,13,0,1,10,9,6,7,0,0,5,3,6,6,0,1,5,6,0,1,1691.30119912
20201,1123000588,1951,944,1007,3,231,487,493,608,129,2,94,193,182,389,84,1,137,294,311,219,45,13586.4982094
20201,1123000589,479,159,320,1,97,137,104,56,84,0,11,27,31,29,61,1,86,110,73,27,23,9406.4401534
20201,1123000590,23,10,13,0,2,13,3,5,0,0,1,5,2,2,0,0,1,8,1,3,0,12965.2219511
20201,1123000592,40,22,18,0,2,1,12,17,8,0,2,0,6,11,3,0,0,1,6,6,5,2045.69248671
20201,1123000593,5,3,2,0,0,0,0,4,1,0,0,0,0,3,0,0,0,0,0,1,1,2224.96319264
20201,1123000594,10,8,2,0,3,1,1,1,4,0,2,1,1,1,3,0,1,0,0,0,1,1405.42039128
20201,1123000595,4,2,2,0,0,0,0,0,4,0,0,0,0,0,2,0,0,0,0,0,2,1885.58957413
20201,1123000596,35,11,24,0,2,9,11,8,5,0,1,1,2,5,2,0,1,8,9,3,3,2079.86290593
20201,1123000598,5,4,1,0,1,0,1,2,1,0,0,0,1,2,1,0,1,0,0,0,0,1951.17131422
20201,1123000599,12,9,3,0,0,2,3,2,5,0,0,1,3,2,3,0,0,1,0,0,2,1823.27345438
20201,1123000600,27,12,15,0,2,9,8,5,3,0,1,2,4,3,2,0,1,7,4,2,1,2162.62447898
20201,1123000602,3,1,2,0,0,2,0,0,1,0,0,1,0,0,0,0,0,1,0,0,1,2931.45358807
20201,1123000603,3,1,2,0,3,0,0,0,0,0,1,0,0,0,0,0,2,0,0,0,0,2358.07625861
20201,1123000605,1646,1312,334,1,135,280,466,403,361,1,92,225,408,329,257,0,43,55,58,74,104,4346.21841473
20201,1123000606,4,2,2,0,0,1,1,1,1,0,0,0,0,1,1,0,0,1,1,0,0,3125.15005907
20201,1123000607,2,2,0,0,0,2,0,0,0,0,0,2,0,0,0,0,0,0,0,0,0,3249.3479218
20201,1123000608,27,16,11,0,1,5,10,5,6,0,1,3,4,4,4,0,0,2,6,1,2,2625.83904468
20201,1123000613,16,10,6,0,3,5,2,2,4,0,0,3,2,2,3,0,3,2,0,0,1,1818.15010802
20201,1123000614,2,2,0,0,0,0,0,1,1,0,0,0,0,1,1,0,0,0,0,0,0,3246.01714871
20201,1123000615,11,8,3,1,3,2,0,5,0,1,1,2,0,4,0,0,2,0,0,1,0,1543.17841073
20201,1123000616,329,78,251,0,56,119,75,64,15,0,6,22,21,24,5,0,50,97,54,40,10,7002.64869002
20201,1123000621,3,3,0,0,0,0,0,1,2,0,0,0,0,1,2,0,0,0,0,0,0,1668.83691379
20201,1123000622,920,430,490,0,44,61,113,269,433,0,23,37,66,94,210,0,21,24,47,175,223,8139.28415819
20201,1123000623,1,1,0,0,0,0,0,0,1,0,0,0,0,0,1,0,0,0,0,0,0,3248.84264715
20201,1123000624,27,16,11,0,3,7,10,1,6,0,1,4,6,1,4,0,2,3,4,0,2,4937.56851411
20201,1123000626,26,17,9,0,2,3,5,4,12,0,2,1,3,2,9,0,0,2,2,2,3,3635.86047217
20201,1123000627,94,41,53,0,3,28,36,15,12,0,2,12,15,6,6,0,1,16,21,9,6,8179.49828885
20201,1123000628,15,9,6,0,0,3,4,4,4,0,0,3,0,3,3,0,0,0,4,1,1,3183.56836114
20201,1123000630,4,1,3,0,0,0,0,3,1,0,0,0,0,1,0,0,0,0,0,2,1,4726.51273309
20201,1123000634,19,16,3,0,3,4,5,6,1,0,2,4,3,6,1,0,1,0,2,0,0,2162.78508597
20201,1123000635,27,23,4,0,3,2,7,11,4,0,2,2,6,9,4,0,1,0,1,2,0,2254.37723106
20201,1123000636,9,5,4,0,1,2,2,2,2,0,1,1,1,2,0,0,0,1,1,0,2,2583.12862341
20201,1123000638,3,2,1,0,0,0,2,1,0,0,0,0,1,1,0,0,0,0,1,0,0,4376.3797947
20201,1123000639,37,14,23,0,5,6,13,6,7,0,1,4,3,2,4,0,4,2,10,4,3,5975.26547421
20201,1123000640,2,0,2,0,0,0,1,1,0,0,0,0,0,0,0,0,0,0,1,1,0,2418.28491108
20201,1123000642,539,192,347,1,37,55,61,156,229,0,16,11,21,40,104,1,21,44,40,116,125,9087.70959967
20201,1123000645,7,6,1,0,0,2,4,1,0,0,0,2,3,1,0,0,0,0,1,0,0,1601.23263639
20201,1123000646,5,4,1,0,0,1,4,0,0,0,0,1,3,0,0,0,0,0,1,0,0,1378.44414946
20201,1123000653,274,170,104,2,21,36,73,89,53,0,4,18,45,60,43,2,17,18,28,29,10,8637.43186113
20201,1123000654,39,25,14,0,10,7,6,9,7,0,6,3,3,8,5,0,4,4,3,1,2,6619.07270546
20201,1123000656,13,10,3,0,1,1,4,1,6,0,1,1,3,1,4,0,0,0,1,0,2,2449.27811575
20201,1123000657,14,13,1,0,0,0,4,7,3,0,0,0,4,7,2,0,0,0,0,0,1,1230.53015294
20201,1123000659,6,5,1,0,0,2,1,2,1,0,0,2,0,2,1,0,0,0,1,0,0,6366.2523986
20201,1123000660,1571,1415,156,12,367,530,409,231,22,6,334,479,375,207,14,6,33,51,34,24,8,2911.98424896
20201,1123000661,77,33,44,0,34,35,5,2,1,0,10,17,4,2,0,0,24,18,1,0,1,2518.69245769
20201,1123000662,26,14,12,0,3,7,7,5,4,0,1,4,3,3,3,0,2,3,4,2,1,5277.1018916
20201,1123000664,140,30,110,0,26,70,22,9,13,0,4,9,1,6,10,0,22,61,21,3,3,5699.66764004
20201,1123000665,15,3,12,0,1,4,8,1,1,0,0,2,1,0,0,0,1,2,7,1,1,2503.09760121
20201,1123000666,35,18,17,0,4,6,8,11,6,0,2,2,4,7,3,0,2,4,4,4,3,5564.95403295
20201,1123000667,143,90,53,0,13,20,37,33,40,0,6,6,22,18,38,0,7,14,15,15,2,4317.78726912
20201,1123000669,2,1,1,0,0,0,1,0,1,0,0,0,0,0,1,0,0,0,1,0,0,1884.05125028
20201,1123000670,56,44,12,0,4,15,12,13,12,0,2,12,9,11,10,0,2,3,3,2,2,4668.64406334
20201,1123000671,5,4,1,0,0,0,0,5,0,0,0,0,0,4,0,0,0,0,0,1,0,1747.18607916
20201,1123000672,13,7,6,0,0,0,1,7,5,0,0,0,1,4,2,0,0,0,0,3,3,2895.57394366
20201,1123000674,61,12,49,0,13,9,21,13,5,0,4,1,2,1,4,0,9,8,19,12,1,22176.719608
20201,1123000675,98,40,58,0,7,19,28,22,22,0,2,8,8,11,11,0,5,11,20,11,11,7731.02447436
20201,1123000678,29,18,11,0,0,4,4,15,6,0,0,0,3,10,5,0,0,4,1,5,1,1902.95409476
20201,1123000680,21,14,7,0,2,4,7,6,2,0,1,3,3,6,1,0,1,1,4,0,1,903.699622706
20201,1123000681,3,2,1,0,0,0,1,0,2,0,0,0,1,0,1,0,0,0,0,0,1,5436.58843236
20201,1123000682,11,8,3,0,0,3,3,3,2,0,0,2,2,2,2,0,0,1,1,1,0,5662.97446008
20201,1123000689,15,6,9,0,1,1,4,6,3,0,0,0,1,4,1,0,1,1,3,2,2,3315.67715596
20201,1123000692,2,0,2,0,0,0,2,0,0,0,0,0,0,0,0,0,0,0,2,0,0,4347.51199684
20201,1123000693,4,2,2,0,0,1,0,1,2,0,0,0,0,1,1,0,0,1,0,0,1,1490.47639101
20201,1123000697,11,6,5,0,1,3,1,3,3,0,0,1,0,2,3,0,1,2,1,1,0,3301.47939503
20201,1123000698,2,0,2,0,0,0,0,2,0,0,0,0,0,0,0,0,0,0,0,2,0,699.943944066
20201,1123000704,3,2,1,0,0,1,0,0,2,0,0,1,0,0,1,0,0,0,0,0,1,3082.5145774
20201,1123000707,18,11,7,0,3,5,7,2,1,0,1,2,6,1,1,0,2,3,1,1,0,11145.9383493
20201,1123000710,5,4,1,0,0,1,0,2,2,0,0,0,0,2,2,0,0,1,0,0,0,2036.58428895
20201,1123000715,6,0,6,0,1,1,2,2,0,0,0,0,0,0,0,0,1,1,2,2,0,1539.3655359
20201,1123000717,107,73,34,0,19,19,22,33,14,0,13,14,15,22,9,0,6,5,7,11,5,2914.74706095
20201,1123000718,2,2,0,0,0,0,0,1,1,0,0,0,0,1,1,0,0,0,0,0,0,1772.5989134
20201,1123000719,3,2,1,0,0,0,1,0,2,0,0,0,0,0,2,0,0,0,1,0,0,1984.39986253
20201,1123000720,170,89,81,0,29,64,53,17,7,0,8,34,29,12,6,0,21,30,24,5,1,8968.58069041
20201,1123000721,5,0,5,0,2,0,2,1,0,0,0,0,0,0,0,0,2,0,2,1,0,1360.06184532
20201,1123000725,4,3,1,0,0,1,1,2,0,0,0,1,0,2,0,0,0,0,1,0,0,770.437710314
20201,1123000727,70,57,13,0,4,2,9,8,47,0,4,0,3,4,46,0,0,2,6,4,1,5519.61595065
20201,1123000728,3133,562,2571,1,433,588,566,988,557,0,97,230,171,46,18,1,336,358,395,942,539,2847.02821333
20201,1123000732,13,8,5,0,0,6,5,1,1,0,0,3,5,0,0,0,0,3,0,1,1,2573.09926262
20201,1123000733,3,1,2,0,0,0,2,0,1,0,0,0,0,0,1,0,0,0,2,0,0,5735.67251126
20201,1123000736,93,49,44,0,15,26,22,17,13,0,6,16,14,10,3,0,9,10,8,7,10,9188.41281174
20201,1123000737,4,3,1,0,1,0,1,1,1,0,1,0,1,0,1,0,0,0,0,1,0,5914.93846871
20201,1123000738,129,88,41,0,4,1,6,12,106,0,2,1,3,5,77,0,2,0,3,7,29,3820.80092312
20201,1123000739,25,10,15,0,4,3,3,13,2,0,2,0,1,6,1,0,2,3,2,7,1,8825.02822343
20201,1123000740,9,4,5,0,0,0,2,3,4,0,0,0,1,1,2,0,0,0,1,2,2,3158.56877521
20201,1123000742,1,1,0,0,0,0,0,0,1,0,0,0,0,0,1,0,0,0,0,0,0,4244.76656106
20201,1123000746,40,11,29,0,19,9,5,4,3,0,4,4,1,2,0,0,15,5,4,2,3,3797.5155461
20201,1123000747,4,1,3,0,1,0,3,0,0,0,0,0,1,0,0,0,1,0,2,0,0,4229.15002906
20201,1123000748,1,1,0,0,0,0,0,0,1,0,0,0,0,0,1,0,0,0,0,0,0,6652.09689504
20201,1123000749,116,80,36,0,29,38,20,13,16,0,19,23,14,9,15,0,10,15,6,4,1,4240.11981196
20201,1123000751,198,127,71,0,25,90,22,18,43,0,8,56,17,10,36,0,17,34,5,8,7,4006.09273558
20201,1123000753,27,10,17,1,8,5,4,3,6,0,3,1,1,3,2,1,5,4,3,0,4,3640.99294239
20201,1123000754,6,5,1,0,1,2,1,2,0,0,1,2,0,2,0,0,0,0,1,0,0,3635.66513278
20201,1123000756,282,122,160,0,65,83,57,33,44,0,12,30,19,17,44,0,53,53,38,16,0,4338.63340236
20201,1123000758,108,60,48,0,6,10,16,18,58,0,5,9,12,10,24,0,1,1,4,8,34,4095.62700985
20201,1123000759,5,1,4,0,0,1,1,1,2,0,0,1,0,0,0,0,0,0,1,1,2,2448.02260624
20201,1123000761,554,268,286,3,210,201,94,35,11,1,78,100,48,31,10,2,132,101,46,4,1,6890.23982491
20201,1123000762,15,9,6,0,1,2,5,3,4,0,0,0,3,2,4,0,1,2,2,1,0,16004.2052743
20201,1123000764,9,7,2,0,0,3,2,0,4,0,0,1,2,0,4,0,0,2,0,0,0,4110.25781179
20201,1123000766,2,2,0,0,0,0,2,0,0,0,0,0,2,0,0,0,0,0,0,0,0,1247.24874098
20201,1123000767,20,11,9,0,0,10,8,1,1,0,0,3,6,1,1,0,0,7,2,0,0,1901.15458958
20201,1123000769,9,5,4,0,0,1,2,1,5,0,0,0,0,1,4,0,0,1,2,0,1,2206.66753405
20201,1123000770,55,34,21,0,6,7,21,12,9,0,1,4,14,8,7,0,5,3,7,4,2,11464.3050017
20201,1123000772,3,2,1,0,0,0,0,0,3,0,0,0,0,0,2,0,0,0,0,0,1,4132.53707003
20201,1123000774,16,6,10,0,1,4,6,3,2,0,0,1,2,1,2,0,1,3,4,2,0,2395.23824756
20201,1123000775,1,0,1,0,0,0,0,1,0,0,0,0,0,0,0,0,0,0,0,1,0,7559.6167189
20201,1123000776,14,10,4,0,0,1,5,7,1,0,0,0,3,6,1,0,0,1,2,1,0,4645.15896643
20201,1123000777,5,2,3,0,0,0,0,1,4,0,0,0,0,0,2,0,0,0,0,1,2,4637.37759361
20201,1123000779,6,6,0,0,1,2,2,0,1,0,1,2,2,0,1,0,0,0,0,0,0,3420.31595081
20201,1123000783,10,4,6,0,0,2,4,2,2,0,0,1,0,1,2,0,0,1,4,1,0,2849.07207398
20201,1123000784,24,22,2,0,3,2,10,5,4,0,3,2,9,4,4,0,0,0,1,1,0,9942.58958689
20201,1123000785,28,25,3,0,1,5,10,10,2,0,1,3,9,10,2,0,0,2,1,0,0,3943.49847808
20201,1123000787,8,6,2,0,2,2,0,2,2,0,0,2,0,2,2,0,2,0,0,0,0,2845.04936832
20201,1123000788,16,3,13,0,0,4,6,1,5,0,0,0,0,0,3,0,0,4,6,1,2,2837.51426934
20201,1123000790,7,3,4,0,3,3,0,1,0,0,1,1,0,1,0,0,2,2,0,0,0,7394.77884981
20201,1123000791,4,2,2,0,0,0,2,0,2,0,0,0,0,0,2,0,0,0,2,0,0,6190.17818905
20201,1123000792,210,134,76,0,35,92,39,24,20,0,10,61,26,22,15,0,25,31,13,2,5,3241.68558175
20201,1123000794,4,2,2,0,0,0,1,2,1,0,0,0,0,1,1,0,0,0,1,1,0,5526.98765954
20201,1123000796,3,0,3,0,0,0,2,1,0,0,0,0,0,0,0,0,0,0,2,1,0,2548.54200245
20201,1123000797,13,9,4,0,1,5,6,0,1,0,0,5,3,0,1,0,1,0,3,0,0,8036.97057082
20201,1123000799,90,50,40,0,6,32,22,24,6,0,3,13,14,14,6,0,3,19,8,10,0,35453.1704954
20201,1123000804,2,0,2,0,0,0,0,2,0,0,0,0,0,0,0,0,0,0,0,2,0,6529.5723876
20201,1123000805,1,0,1,0,0,0,0,1,0,0,0,0,0,0,0,0,0,0,0,1,0,8770.34867432
20201,1123000806,2,2,0,0,0,0,0,1,1,0,0,0,0,1,1,0,0,0,0,0,0,3574.87789573
20201,1123000809,5,4,1,0,0,0,2,1,2,0,0,0,1,1,2,0,0,0,1,0,0,4624.25370529
20201,1123000810,4,3,1,0,0,0,0,1,3,0,0,0,0,0,3,0,0,0,0,1,0,1262.72374307
20201,1123000811,4,2,2,0,1,0,1,1,1,0,0,0,1,0,1,0,1,0,0,1,0,1581.86584045
20201,1123000812,74,55,19,0,9,15,19,20,11,0,7,12,14,13,9,0,2,3,5,7,2,3035.88478622
20201,1123000814,13,6,7,0,2,2,4,1,4,0,0,1,3,0,2,0,2,1,1,1,2,6328.78202065
20201,1123000817,2,2,0,0,0,0,0,2,0,0,0,0,0,2,0,0,0,0,0,0,0,3092.94501325
20201,1123000818,7,6,1,0,0,1,0,2,4,0,0,1,0,2,3,0,0,0,0,0,1,11921.0973824
20201,1123000821,7,3,4,0,0,0,1,3,3,0,0,0,0,1,2,0,0,0,1,2,1,6999.5667647
20201,1123000822,24,12,12,0,0,4,10,3,7,0,0,2,3,2,5,0,0,2,7,1,2,6013.87445249
20201,1123000823,8,6,2,0,0,1,3,1,3,0,0,1,1,1,3,0,0,0,2,0,0,2165.13348129
20201,1123000824,1,0,1,0,0,0,1,0,0,0,0,0,0,0,0,0,0,0,1,0,0,2499.86282906
20201,1123000826,15,7,8,0,0,0,2,7,6,0,0,0,2,2,3,0,0,0,0,5,3,4934.16602867
20201,1123000828,4,2,2,0,2,0,1,1,0,0,1,0,0,1,0,0,1,0,1,0,0,2999.95610432
20201,1123000829,9,8,1,0,1,2,1,2,3,0,1,2,1,1,3,0,0,0,0,1,0,10360.8752738
20201,1123000830,22,19,3,0,3,3,8,3,5,0,3,3,6,2,5,0,0,0,2,1,0,7393.05431544
20201,1123000831,16,9,7,0,0,4,5,2,5,0,0,3,1,2,3,0,0,1,4,0,2,2969.82232353
20201,1123000832,13,10,3,0,1,2,1,5,4,0,1,2,1,3,3,0,0,0,0,2,1,595.572774367
20201,1123000833,39,16,23,0,9,7,13,5,5,0,1,7,5,1,2,0,8,0,8,4,3,11952.4452845
20201,1123000834,8,7,1,0,0,0,2,6,0,0,0,0,1,6,0,0,0,0,1,0,0,2598.71345033
20201,1123000835,5,5,0,0,0,0,3,2,0,0,0,0,3,2,0,0,0,0,0,0,0,1111.49576141
20201,1123000836,26,17,9,0,0,5,8,10,3,0,0,3,5,7,2,0,0,2,3,3,1,2788.69944117
20201,1123000837,2,1,1,0,0,0,0,0,2,0,0,0,0,0,1,0,0,0,0,0,1,2386.50490123
20201,1123000838,12,8,4,0,1,4,1,5,1,0,0,3,1,4,0,0,1,1,0,1,1,1206.35704805
20201,1123000840,12,10,2,0,0,1,3,3,5,0,0,1,3,2,4,0,0,0,0,1,1,3559.81870719
20201,1123000841,114,96,18,0,3,16,10,13,72,0,0,7,8,10,71,0,3,9,2,3,1,17054.004377
20201,1123000842,24,23,1,0,3,4,5,8,4,0,2,4,5,8,4,0,1,0,0,0,0,2172.34562805
20201,1123000843,5,3,2,0,1,2,0,0,2,0,0,1,0,0,2,0,1,1,0,0,0,2048.99462376
20201,1123000844,42,31,11,0,5,4,13,12,8,0,4,1,10,9,7,0,1,3,3,3,1,3432.34716877
20201,1123000845,7,3,4,0,2,0,1,3,1,0,0,0,0,2,1,0,2,0,1,1,0,2260.48510389
20201,1123000846,48,17,31,0,9,11,17,6,5,0,1,5,7,2,2,0,8,6,10,4,3,2268.05573689
20201,1123000847,29,23,6,0,2,7,6,4,10,0,2,6,4,2,9,0,0,1,2,2,1,2418.13496029
20201,1123000848,32,22,10,0,2,9,11,7,3,0,0,5,10,6,1,0,2,4,1,1,2,3474.14869826
20201,1123000849,1,1,0,0,0,0,0,1,0,0,0,0,0,1,0,0,0,0,0,0,0,2202.90659378
20201,1123000850,10,6,4,0,2,3,3,2,0,0,1,2,1,2,0,0,1,1,2,0,0,3219.71305901
20201,1123000851,6,1,5,0,0,2,2,1,1,0,0,0,0,1,0,0,0,2,2,0,1,5606.01333844
20201,1123000852,4,4,0,0,0,0,2,0,2,0,0,0,2,0,2,0,0,0,0,0,0,1578.57854434
20201,1123000854,4,1,3,0,1,1,2,0,0,0,0,0,1,0,0,0,1,1,1,0,0,865.51864328
20201,1123000856,4,1,3,0,1,0,0,3,0,0,0,0,0,1,0,0,1,0,0,2,0,2204.64945203
20201,1123000857,10,0,10,0,7,1,1,1,0,0,0,0,0,0,0,0,7,1,1,1,0,3051.58675781
20201,1123000858,120,86,34,1,17,26,35,26,15,0,11,17,23,23,12,1,6,9,12,3,3,2766.90389094
20201,1123000860,107,69,38,0,17,54,13,12,11,0,7,40,9,5,8,0,10,14,4,7,3,8391.36259807
20201,1123000871,6,3,3,0,2,1,1,0,2,0,0,0,1,0,2,0,2,1,0,0,0,6143.96655999
20201,1123000873,14,10,4,0,0,3,3,5,3,0,0,2,2,4,2,0,0,1,1,1,1,3531.93565764
20201,1123000875,1446,334,1112,0,497,549,301,93,6,0,69,150,90,20,5,0,428,399,211,73,1,3194.71731579
20201,1123000877,3,2,1,0,0,1,0,1,1,0,0,1,0,0,1,0,0,0,0,1,0,2928.75373941
20201,1123000878,4,4,0,0,0,0,3,0,1,0,0,0,3,0,1,0,0,0,0,0,0,2378.11521735
20201,1123000879,28,12,16,0,4,2,8,12,2,0,3,2,4,2,1,0,1,0,4,10,1,3399.64835843
20201,1123000880,8,1,7,0,0,2,4,0,2,0,0,0,0,0,1,0,0,2,4,0,1,3422.0005008
20201,1123000882,2,0,2,0,1,0,0,1,0,0,0,0,0,0,0,0,1,0,0,1,0,3512.74773724
20201,1123000883,8,6,2,0,0,1,2,2,3,0,0,1,2,2,1,0,0,0,0,0,2,2125.16655741
20201,1123000887,48,28,20,0,9,15,11,5,8,0,3,8,7,3,7,0,6,7,4,2,1,8606.23512171
20201,1123000889,2,1,1,0,0,0,1,0,1,0,0,0,0,0,1,0,0,0,1,0,0,2234.79247841
20201,1123000892,6,4,2,0,0,0,2,1,3,0,0,0,0,1,3,0,0,0,2,0,0,1482.01424451
20201,1123000896,4,2,2,0,0,0,2,1,1,0,0,0,1,0,1,0,0,0,1,1,0,3852.66229586
20201,1123000899,4,4,0,0,1,1,1,1,0,0,1,1,1,1,0,0,0,0,0,0,0,1424.06439015
20201,1123000900,9,2,7,0,0,3,4,1,1,0,0,1,0,0,1,0,0,2,4,1,0,8449.230904
20201,1123000903,4,2,2,0,0,0,0,2,2,0,0,0,0,1,1,0,0,0,0,1,1,4101.30733984
20201,1123000911,5,3,2,0,1,0,2,1,1,0,0,0,1,1,1,0,1,0,1,0,0,2662.73336807
20201,1123000916,16,13,3,0,5,3,6,1,1,0,3,3,5,1,1,0,2,0,1,0,0,926.997156386
20201,1123000920,37,23,14,0,2,8,19,7,1,0,2,6,11,3,1,0,0,2,8,4,0,1086.18995356
20201,1123000922,4,1,3,0,1,0,1,1,1,0,0,0,1,0,0,0,1,0,0,1,1,2397.62565878
20201,1123000924,7,2,5,0,0,3,2,2,0,0,0,0,0,2,0,0,0,3,2,0,0,3349.21343777
20201,1123000925,64,33,31,0,11,17,13,21,2,0,4,11,9,8,1,0,7,6,4,13,1,3732.67537
20201,1123000933,22,9,13,0,10,1,3,6,2,0,2,0,1,5,1,0,8,1,2,1,1,2075.67256411
20201,1123000934,12,8,4,0,1,1,5,2,3,0,0,0,4,2,2,0,1,1,1,0,1,5033.75205013
20201,1123000935,4,3,1,0,2,0,0,2,0,0,1,0,0,2,0,0,1,0,0,0,0,5658.86112854
20201,1123000938,21,7,14,0,4,5,7,5,0,0,0,1,3,3,0,0,4,4,4,2,0,1822.39100718
20201,1123000940,2,2,0,0,0,0,1,1,0,0,0,0,1,1,0,0,0,0,0,0,0,3083.36377762
20201,1123000942,47,43,4,0,1,7,19,15,5,0,1,5,18,15,4,0,0,2,1,0,1,2469.10378439
20201,1123000944,6,3,3,0,0,1,3,1,1,0,0,1,0,1,1,0,0,0,3,0,0,2541.94115157
20201,1123000949,18,10,8,0,3,10,2,1,2,0,1,4,2,1,2,0,2,6,0,0,0,1253.45301219
20201,1123000954,11,1,10,0,2,0,5,4,0,0,0,0,1,0,0,0,2,0,4,4,0,4708.06271298
20201,1123000957,8,7,1,0,0,0,1,4,3,0,0,0,1,3,3,0,0,0,0,1,0,2804.75312681
20201,1123000958,35,24,11,0,1,7,10,9,8,0,1,3,6,7,7,0,0,4,4,2,1,6868.69509997
20201,1123000960,3,3,0,0,0,0,2,1,0,0,0,0,2,1,0,0,0,0,0,0,0,1899.39653633
20201,1123000961,13,5,8,0,3,4,2,3,1,0,1,0,1,2,1,0,2,4,1,1,0,9874.45124892
20201,1123000969,50,22,28,1,0,5,25,16,3,1,0,3,8,7,3,0,0,2,17,9,0,3966.53727376
20201,1123000974,3,2,1,0,0,0,1,2,0,0,0,0,1,1,0,0,0,0,0,1,0,1212.71752248
20201,1123000975,2,2,0,0,0,0,2,0,0,0,0,0,2,0,0,0,0,0,0,0,0,4277.10327787
20201,1123000978,3,3,0,0,0,1,0,1,1,0,0,1,0,1,1,0,0,0,0,0,0,1836.00903797
20201,1123000979,3,1,2,0,0,0,0,2,1,0,0,0,0,1,0,0,0,0,0,1,1,9758.30407219
20201,1123000980,1,1,0,0,0,0,0,1,0,0,0,0,0,1,0,0,0,0,0,0,0,1117.58018808
20201,1123000983,7,3,4,0,2,2,1,1,1,0,2,1,0,0,0,0,0,1,1,1,1,2366.24545472
20201,1123000984,2,2,0,0,0,0,1,1,0,0,0,0,1,1,0,0,0,0,0,0,0,3077.86066463
20201,1123000990,2,1,1,0,0,0,0,0,2,0,0,0,0,0,1,0,0,0,0,0,1,1305.98708829
20201,1123000995,15,2,13,0,8,1,5,0,1,0,0,0,1,0,1,0,8,1,4,0,0,3073.87166788
20201,1123000999,4,4,0,0,0,1,0,1,2,0,0,1,0,1,2,0,0,0,0,0,0,4074.72198537
20201,1123001000,1,1,0,0,0,0,0,0,1,0,0,0,0,0,1,0,0,0,0,0,0,2394.42581509
20201,1123001002,5,1,4,0,0,0,2,1,2,0,0,0,1,0,0,0,0,0,1,1,2,4405.99332393
20201,1123001005,30,15,15,0,4,5,14,5,2,0,0,3,7,5,0,0,4,2,7,0,2,6633.87725523
20201,1123001006,4,3,1,0,0,1,0,1,2,0,0,1,0,0,2,0,0,0,0,1,0,830.165903969
20201,1123001008,8,7,1,0,0,0,0,5,3,0,0,0,0,4,3,0,0,0,0,1,0,4966.72047992
20201,1123001009,2,2,0,0,2,0,0,0,0,0,2,0,0,0,0,0,0,0,0,0,0,3491.88435607
20201,1123001010,4,2,2,0,0,2,0,2,0,0,0,1,0,1,0,0,0,1,0,1,0,2510.94937435
20201,1123001012,4,2,2,0,0,0,0,3,1,0,0,0,0,1,1,0,0,0,0,2,0,654.762584036
20201,1123001013,2,2,0,0,1,0,1,0,0,0,1,0,1,0,0,0,0,0,0,0,0,2311.56558557
20201,1123001015,17,6,11,0,6,8,1,1,1,0,2,2,0,1,1,0,4,6,1,0,0,1381.14508248
20201,1123001020,4,4,0,0,0,3,1,0,0,0,0,3,1,0,0,0,0,0,0,0,0,3282.08490934
20201,1123001021,7,4,3,0,0,2,3,1,1,0,0,2,2,0,0,0,0,0,1,1,1,2792.34741787
20201,1123001022,702,498,204,0,5,92,243,248,114,0,3,42,152,202,99,0,2,50,91,46,15,75357.7962421
20201,1123001024,2,2,0,0,0,1,1,0,0,0,0,1,1,0,0,0,0,0,0,0,0,1737.81831967
20201,1123001030,3,1,2,0,2,1,0,0,0,0,0,1,0,0,0,0,2,0,0,0,0,2631.50546448
20201,1123001031,15,7,8,0,6,3,6,0,0,0,3,2,2,0,0,0,3,1,4,0,0,2513.51861358
20201,1123001034,3,1,2,0,0,1,1,1,0,0,0,0,0,1,0,0,0,1,1,0,0,2937.58974716
20201,1123001035,6,1,5,0,1,0,3,1,1,0,0,0,1,0,0,0,1,0,2,1,1,2582.97069588
20201,1123001036,14,7,7,0,4,3,3,4,0,0,1,1,2,3,0,0,3,2,1,1,0,86181.752073
20201,1123001038,3,2,1,0,0,1,1,0,1,0,0,1,0,0,1,0,0,0,1,0,0,702.517798597
20201,1123001039,13,9,4,0,1,1,2,3,6,0,0,0,2,2,5,0,1,1,0,1,1,26947.7282141
20201,1123001040,5,3,2,0,0,1,1,3,0,0,0,0,0,3,0,0,0,1,1,0,0,2564.67134806
20201,1123001041,14,5,9,0,0,1,7,6,0,0,0,1,3,1,0,0,0,0,4,5,0,3891.79118463
20201,1123001043,14,8,6,0,0,3,5,3,3,0,0,2,4,1,1,0,0,1,1,2,2,2174.7425155
20201,1123001047,2,1,1,0,0,0,0,2,0,0,0,0,0,1,0,0,0,0,0,1,0,5773.03312329
20201,1123001048,19,13,6,0,1,1,10,4,3,0,0,1,7,3,2,0,1,0,3,1,1,5667.90612722
20201,1123001049,4,3,1,0,0,2,1,1,0,0,0,1,1,1,0,0,0,1,0,0,0,2908.9263683
20201,1123001051,128,40,88,0,7,10,27,30,54,0,0,4,13,5,18,0,7,6,14,25,36,12705.1673298
20201,1123001052,4,1,3,0,0,1,0,2,1,0,0,0,0,0,1,0,0,1,0,2,0,2913.25226694
20201,1123001057,11,5,6,0,1,2,3,3,2,0,0,1,2,1,1,0,1,1,1,2,1,3302.94712939
20201,1123001063,7,4,3,0,1,1,2,2,1,0,0,0,1,2,1,0,1,1,1,0,0,1036.60154414
20201,1123001070,7,6,1,0,4,0,1,2,0,0,3,0,1,2,0,0,1,0,0,0,0,5731.46337646
20201,1123001071,25,10,15,0,6,5,6,6,2,0,0,3,2,4,1,0,6,2,4,2,1,3146.20831367
20201,1123001077,4,2,2,0,0,1,1,1,1,0,0,0,1,1,0,0,0,1,0,0,1,1921.47218633
20201,1123001078,35,18,17,0,3,6,7,13,6,0,1,3,2,8,4,0,2,3,5,5,2,6464.12246345
20201,1123001082,4,4,0,0,0,0,2,1,1,0,0,0,2,1,1,0,0,0,0,0,0,1952.94323736
20201,1123001085,238,127,111,0,35,53,83,51,16,0,11,26,55,25,10,0,24,27,28,26,6,5762.89541679
20201,1123001088,3,3,0,0,0,0,0,0,3,0,0,0,0,0,3,0,0,0,0,0,0,8042.30153718
20201,1123001089,3,1,2,0,0,0,1,1,1,0,0,0,0,0,1,0,0,0,1,1,0,9030.19472157
20201,1123001091,2,1,1,0,0,0,0,1,1,0,0,0,0,0,1,0,0,0,0,1,0,2168.0241135
20201,1123001093,2,1,1,0,0,1,1,0,0,0,0,0,1,0,0,0,0,1,0,0,0,3166.72280181
20201,1123001102,4,3,1,0,1,0,0,2,1,0,1,0,0,1,1,0,0,0,0,1,0,2096.36169548
20201,1123001103,3,1,2,0,0,1,2,0,0,0,0,0,1,0,0,0,0,1,1,0,0,5580.69721502
20201,1123001115,72,36,36,1,28,11,15,4,13,1,14,6,8,2,5,0,14,5,7,2,8,38244.3507977
20201,1123001117,7,5,2,0,2,3,2,0,0,0,1,3,1,0,0,0,1,0,1,0,0,1137.74013892
20201,1123001118,4,3,1,0,1,0,0,3,0,0,0,0,0,3,0,0,1,0,0,0,0,1306.08891639
20201,1123001119,5,2,3,0,1,0,0,1,3,0,0,0,0,0,2,0,1,0,0,1,1,1619.08847219
20201,1123001121,2,2,0,0,0,0,0,0,2,0,0,0,0,0,2,0,0,0,0,0,0,1470.25396391
20201,1123001123,3,1,2,0,1,1,1,0,0,0,0,0,1,0,0,0,1,1,0,0,0,5027.21683106
20201,1123001125,219,69,150,0,41,56,60,47,15,0,8,15,14,20,12,0,33,41,46,27,3,4184.06575642
20201,1123001126,9,7,2,0,0,1,4,3,1,0,0,1,3,2,1,0,0,0,1,1,0,3173.32707008
20201,1123001131,7,3,4,0,0,3,1,2,1,0,0,1,1,1,0,0,0,2,0,1,1,5769.86987865
20201,1123001136,5,5,0,0,0,3,2,0,0,0,0,3,2,0,0,0,0,0,0,0,0,1115.19650562
20201,1123001138,4,4,0,0,0,1,3,0,0,0,0,1,3,0,0,0,0,0,0,0,0,995.522197245
20201,1123001140,2,1,1,0,0,1,0,1,0,0,0,0,0,1,0,0,0,1,0,0,0,2198.20008866
20201,1123001141,10,5,5,0,0,2,2,3,3,0,0,0,1,1,3,0,0,2,1,2,0,2710.43756067
20201,1123001147,4,3,1,0,0,1,0,2,1,0,0,1,0,1,1,0,0,0,0,1,0,2089.71271821
20201,1123001154,58,48,10,0,2,7,13,28,8,0,1,6,9,25,7,0,1,1,4,3,1,3163.5209142
20201,1123001159,9,5,4,0,0,5,1,2,1,0,0,1,1,2,1,0,0,4,0,0,0,615.770390618
20201,1123001164,1,1,0,0,0,0,0,0,1,0,0,0,0,0,1,0,0,0,0,0,0,845.324753447
20201,1123001169,5,4,1,0,1,1,2,1,0,0,0,1,2,1,0,0,1,0,0,0,0,1885.21017967
20201,1123001178,7,6,1,0,1,4,1,0,1,0,1,4,0,0,1,0,0,0,1,0,0,948.704945047
20201,1123001184,6,2,4,0,0,0,1,5,0,0,0,0,0,2,0,0,0,0,1,3,0,1621.91633535
20201,1123001188,3,3,0,0,0,0,0,3,0,0,0,0,0,3,0,0,0,0,0,0,0,4681.36199995
20201,1123001192,6,3,3,0,0,0,1,5,0,0,0,0,0,3,0,0,0,0,1,2,0,1363.00514833
20201,1123001196,6,2,4,0,0,1,0,1,4,0,0,0,0,1,1,0,0,1,0,0,3,2983.07530735
20201,1123001203,3,1,2,0,0,0,1,2,0,0,0,0,1,0,0,0,0,0,0,2,0,3334.59171495
20201,1123001204,25,9,16,0,3,3,8,8,3,0,1,1,1,4,2,0,2,2,7,4,1,5537.27314008
20201,1123001212,912,386,526,2,141,195,202,221,151,1,48,91,84,77,85,1,93,104,118,144,66,3424.08233721
20201,1123001225,4,3,1,0,0,0,3,0,1,0,0,0,3,0,0,0,0,0,0,0,1,1620.38956919
20201,1123001227,1,1,0,0,0,0,1,0,0,0,0,0,1,0,0,0,0,0,0,0,0,2568.4614047
20201,1123001229,9,7,2,0,0,1,2,4,2,0,0,1,2,2,2,0,0,0,0,2,0,2638.75401326
20201,1123001230,11,9,2,0,1,2,5,3,0,0,1,2,4,2,0,0,0,0,1,1,0,2574.61545223
20201,1123001232,2,2,0,0,0,1,0,0,1,0,0,1,0,0,1,0,0,0,0,0,0,4104.49026507
20201,1123001233,124,88,36,0,13,23,29,20,39,0,6,16,17,13,36,0,7,7,12,7,3,4361.97528672
20201,1123001234,4,0,4,0,0,1,2,1,0,0,0,0,0,0,0,0,0,1,2,1,0,2265.87993922
20201,1123001243,7,7,0,0,0,0,2,4,1,0,0,0,2,4,1,0,0,0,0,0,0,412.873694887
20201,1123001247,3,2,1,0,0,0,3,0,0,0,0,0,2,0,0,0,0,0,1,0,0,2593.29276002
20201,1123001251,1,1,0,0,0,0,0,1,0,0,0,0,0,1,0,0,0,0,0,0,0,1806.93515137
20201,1123001252,4,3,1,0,1,0,0,2,1,0,1,0,0,1,1,0,0,0,0,1,0,3972.39225777
20201,1123001262,3,1,2,0,0,0,1,2,0,0,0,0,1,0,0,0,0,0,0,2,0,1388.2020094
20201,1123001265,21,2,19,0,2,5,6,6,2,0,0,0,1,0,1,0,2,5,5,6,1,2131.82584228
20201,1123001266,99,19,80,0,11,27,27,24,10,0,0,3,7,2,7,0,11,24,20,22,3,17231.4819426
20201,1123001269,2,1,1,0,0,0,1,1,0,0,0,0,0,1,0,0,0,0,1,0,0,1705.87460823
20201,1123001271,12,7,5,0,0,3,4,3,2,0,0,2,1,2,2,0,0,1,3,1,0,3031.587709
20201,1123001272,30,18,12,0,5,5,9,9,2,0,5,2,3,6,2,0,0,3,6,3,0,3015.47768558
20201,1123001273,8,5,3,0,1,1,3,3,0,0,0,1,2,2,0,0,1,0,1,1,0,9357.04827425
20201,1123001280,4,2,2,0,0,0,1,2,1,0,0,0,0,2,0,0,0,0,1,0,1,3600.74066953
20201,1123001282,4,0,4,0,1,0,0,3,0,0,0,0,0,0,0,0,1,0,0,3,0,1476.08055255
20201,1123001284,5,1,4,0,3,0,0,2,0,0,0,0,0,1,0,0,3,0,0,1,0,4095.01648466
20201,1123001285,3,1,2,0,1,0,1,1,0,0,0,0,0,1,0,0,1,0,1,0,0,1094.09394927
20201,1123001286,7,2,5,0,0,1,6,0,0,0,0,0,2,0,0,0,0,1,4,0,0,2682.5819701
20201,1123001292,4,2,2,0,2,0,1,0,1,0,2,0,0,0,0,0,0,0,1,0,1,1340.74481648
20201,1123001295,7,4,3,0,0,0,1,4,2,0,0,0,1,1,2,0,0,0,0,3,0,3050.30695554
20201,1123001298,3,0,3,0,1,0,0,2,0,0,0,0,0,0,0,0,1,0,0,2,0,1490.37942704
20201,1123001299,160,94,66,0,20,53,32,39,16,0,5,20,23,34,12,0,15,33,9,5,4,3095.68658882
20201,1123001301,51,43,8,0,2,30,18,1,0,0,2,27,13,1,0,0,0,3,5,0,0,5649.15500544
20201,1123001306,33,11,22,0,7,9,9,4,4,0,1,5,2,1,2,0,6,4,7,3,2,6314.75504802
20201,1123001309,14,11,3,0,2,7,0,3,2,0,1,6,0,2,2,0,1,1,0,1,0,3176.70006711
20201,1123001317,5,4,1,0,0,0,0,1,4,0,0,0,0,1,3,0,0,0,0,0,1,7574.59307796
20201,1123001319,8,7,1,0,2,2,2,2,0,0,2,2,1,2,0,0,0,0,1,0,0,4983.2483172
20201,1123001326,399,226,173,0,43,89,100,103,64,0,17,41,45,74,49,0,26,48,55,29,15,5658.17166803
20201,1123001329,7,2,5,0,3,2,0,2,0,0,0,0,0,2,0,0,3,2,0,0,0,5200.27360612
20201,1123001330,134,129,5,0,1,1,11,56,65,0,0,1,10,53,65,0,1,0,1,3,0,4968.44184638
20201,1123001331,9,8,1,0,0,0,1,2,6,0,0,0,1,2,5,0,0,0,0,0,1,6572.33371418
20201,1123001333,25,23,2,0,0,2,0,2,21,0,0,1,0,1,21,0,0,1,0,1,0,142300.960354
20201,1123001335,71,48,23,0,9,15,19,14,14,0,5,10,13,11,9,0,4,5,6,3,5,14580.2287956
20201,1123001336,163,85,78,0,18,70,44,14,17,0,6,36,24,8,11,0,12,34,20,6,6,13518.2484709
20201,1123001338,72,42,30,1,8,15,13,17,18,1,4,5,7,10,15,0,4,10,6,7,3,14034.7598661
20201,1123001339,20,15,5,0,3,2,6,7,2,0,2,2,4,5,2,0,1,0,2,2,0,3086.2119734
20201,1123001341,135,72,63,3,11,26,38,38,19,3,7,14,20,15,13,0,4,12,18,23,6,14753.5555328
20201,1123001342,84,66,18,0,10,20,27,17,10,0,7,16,22,12,9,0,3,4,5,5,1,4890.27737582
20201,1123001344,111,107,4,0,0,5,17,32,57,0,0,4,15,31,57,0,0,1,2,1,0,10344.9087969
20201,1123001346,153,99,54,0,27,37,40,28,21,0,13,24,24,18,20,0,14,13,16,10,1,14228.9395352
20201,1123001348,18,7,11,0,5,5,3,4,1,0,1,1,2,2,1,0,4,4,1,2,0,1516.73077499
20201,1123001349,40,27,13,0,5,3,9,13,10,0,1,3,6,8,9,0,4,0,3,5,1,6100.05561612
20201,1123001350,524,310,214,0,51,45,36,91,301,0,44,40,32,48,146,0,7,5,4,43,155,7800.16063219
20201,1123001351,139,75,64,0,19,39,31,33,17,0,2,18,19,24,12,0,17,21,12,9,5,13334.0678012
20201,1123001352,48,35,13,0,11,8,11,10,8,0,8,5,8,7,7,0,3,3,3,3,1,5923.45945574
20201,1123001353,438,296,142,2,9,11,28,37,351,0,2,3,15,16,260,2,7,8,13,21,91,7192.62815346
20201,1123001354,12,8,4,0,1,1,3,6,1,0,1,1,1,4,1,0,0,0,2,2,0,1388.96975073
20201,1123001355,8,4,4,0,0,2,2,3,1,0,0,0,1,3,0,0,0,2,1,0,1,2977.99793061
20201,1123001356,69,64,5,0,1,3,8,14,43,0,1,2,6,13,42,0,0,1,2,1,1,3433.71335463
20201,1123001357,10,6,4,0,2,0,3,3,2,0,1,0,2,2,1,0,1,0,1,1,1,5898.85922386
20201,1123001358,52,33,19,0,10,12,18,9,3,0,5,7,12,7,2,0,5,5,6,2,1,8534.43284344
20201,1123001359,10,5,5,0,0,5,4,1,0,0,0,3,2,0,0,0,0,2,2,1,0,3743.21790007
20201,1123001360,4,2,2,0,2,0,0,2,0,0,1,0,0,1,0,0,1,0,0,1,0,1355.34837445
20201,1123001362,56,35,21,0,6,7,8,20,15,0,1,3,4,16,11,0,5,4,4,4,4,6518.33570488
20201,1123001365,516,416,100,0,145,141,122,55,53,0,119,123,94,35,45,0,26,18,28,20,8,14057.3660987
20201,1123001366,4,1,3,0,0,1,0,1,2,0,0,0,0,0,1,0,0,1,0,1,1,343.514960473
20201,1123001367,58,44,14,0,3,6,16,8,25,0,2,3,7,8,24,0,1,3,9,0,1,7875.80489619
20201,1123001368,38,18,20,0,3,5,10,15,5,0,0,2,5,10,1,0,3,3,5,5,4,7981.48969243
20201,1123001371,9,8,1,0,0,0,5,2,2,0,0,0,5,2,1,0,0,0,0,0,1,3789.31894149
20201,1123001372,83,45,38,0,10,26,26,15,6,0,7,10,16,11,1,0,3,16,10,4,5,7544.30183205
20201,1123001373,2,2,0,0,0,0,0,1,1,0,0,0,0,1,1,0,0,0,0,0,0,267.986559413
20201,1123001374,25,17,8,0,5,5,3,6,6,0,3,4,2,4,4,0,2,1,1,2,2,3448.47641737
20201,1123001375,416,298,118,6,31,74,106,78,121,5,11,44,71,62,105,1,20,30,35,16,16,14113.5126472
20201,1123001376,10,6,4,0,0,0,1,4,5,0,0,0,0,2,4,0,0,0,1,2,1,5273.24260925
20201,1123001377,6,6,0,0,0,2,0,1,3,0,0,2,0,1,3,0,0,0,0,0,0,2621.53512107
20201,1123001379,10,6,4,0,0,2,2,4,2,0,0,0,1,3,2,0,0,2,1,1,0,5566.7657525
20201,1123001381,18,14,4,0,0,1,8,4,5,0,0,1,6,3,4,0,0,0,2,1,1,4734.4584569
20201,1123001384,13,3,10,0,6,3,2,1,1,0,0,1,2,0,0,0,6,2,0,1,1,5199.24676573
20201,1123001385,139,75,64,0,14,30,44,33,18,0,4,15,25,18,13,0,10,15,19,15,5,8042.37328887
20201,1123001386,18,11,7,0,1,2,8,4,3,0,1,2,4,2,2,0,0,0,4,2,1,2931.89741529
20201,1123001388,25,13,12,0,3,2,4,15,1,0,2,1,0,9,1,0,1,1,4,6,0,6419.41771923
20201,1123001389,15,10,5,0,0,3,3,5,4,0,0,1,2,3,4,0,0,2,1,2,0,5354.60233294
20201,1123001391,271,249,22,0,22,94,72,80,3,0,18,87,67,76,1,0,4,7,5,4,2,5470.59872095
20201,1123001392,38,9,29,0,17,5,4,8,4,0,0,3,1,3,2,0,17,2,3,5,2,6654.32879763
20201,1123001393,44,32,12,0,12,6,11,8,7,0,9,4,8,5,6,0,3,2,3,3,1,6374.30314091
20201,1123001397,24,14,10,0,5,5,5,8,1,0,5,2,4,2,1,0,0,3,1,6,0,6525.81560154
20201,1123001398,7,3,4,0,1,3,0,2,1,0,0,2,0,0,1,0,1,1,0,2,0,4536.20935954
20201,1123001399,10,4,6,0,0,1,4,5,0,0,0,0,1,3,0,0,0,1,3,2,0,6474.82609417
20201,1123001400,6,5,1,0,0,1,1,2,2,0,0,1,0,2,2,0,0,0,1,0,0,11320.3183701
20201,1123001401,27,5,22,0,2,5,7,7,6,0,0,0,0,0,5,0,2,5,7,7,1,15122.9864546
20201,1123001402,3,2,1,0,0,1,1,0,1,0,0,1,0,0,1,0,0,0,1,0,0,3221.89739034
20201,1123001403,38,23,15,0,2,8,11,7,10,0,1,3,8,3,8,0,1,5,3,4,2,4867.70086789
20201,1123001404,18,16,2,0,2,5,5,5,1,0,2,5,5,3,1,0,0,0,0,2,0,1810.52620531
20201,1123001405,72,35,37,0,23,14,16,12,7,0,9,10,6,6,4,0,14,4,10,6,3,5917.4011449
20201,1123001406,10,9,1,0,0,0,1,7,2,0,0,0,1,6,2,0,0,0,0,1,0,6501.7530575
20201,1123001407,16,13,3,0,1,4,7,3,1,0,0,3,7,2,1,0,1,1,0,1,0,6368.72709123
20201,1123001408,25,12,13,0,6,5,7,4,3,0,2,2,3,2,3,0,4,3,4,2,0,1000.0890138
20201,1123001409,2,2,0,0,0,0,1,0,1,0,0,0,1,0,1,0,0,0,0,0,0,1020.5928757
20201,1123001411,7,7,0,0,1,0,1,1,4,0,1,0,1,1,4,0,0,0,0,0,0,2523.75545318
20201,1123001413,100,75,25,0,6,33,28,15,18,0,1,26,23,11,14,0,5,7,5,4,4,11519.4560242
20201,1123001414,2,2,0,0,0,0,0,0,2,0,0,0,0,0,2,0,0,0,0,0,0,1137.48089262
20201,1123001416,5,2,3,0,0,1,2,1,1,0,0,0,1,0,1,0,0,1,1,1,0,3778.67687162
20201,1123001417,181,143,38,1,56,42,37,31,14,0,43,32,32,26,10,1,13,10,5,5,4,7514.87708392
20201,1123001419,10,8,2,0,0,1,0,5,4,0,0,0,0,5,3,0,0,1,0,0,1,9775.13424425
20201,1123001421,14,4,10,0,3,3,2,5,1,0,1,1,1,0,1,0,2,2,1,5,0,6014.44502704
20201,1123001422,2,2,0,0,0,0,2,0,0,0,0,0,2,0,0,0,0,0,0,0,0,1880.3633536
20201,1123001424,101,99,2,0,1,0,8,42,50,0,1,0,8,40,50,0,0,0,0,2,0,4932.16320077
20201,1123001425,147,79,68,0,31,51,22,21,22,0,12,28,12,12,15,0,19,23,10,9,7,13280.7704614
20201,1123001426,13,10,3,0,0,3,5,4,1,0,0,3,4,2,1,0,0,0,1,2,0,5658.04577768
20201,1123001427,21,9,12,0,3,6,3,3,6,0,0,3,0,1,5,0,3,3,3,2,1,3280.33657303
20201,1123001429,15,11,4,0,0,6,3,3,3,0,0,4,2,2,3,0,0,2,1,1,0,5682.75460762
20201,1123001431,3,2,1,0,0,0,1,1,1,0,0,0,1,1,0,0,0,0,0,0,1,1921.24713238
20201,1123001433,5,5,0,0,0,1,2,2,0,0,0,1,2,2,0,0,0,0,0,0,0,5496.50228721
20201,1123001434,68,43,25,0,11,21,14,11,11,0,3,13,9,8,10,0,8,8,5,3,1,5145.44003317
20201,1123001437,8,6,2,0,1,0,1,2,4,0,0,0,1,2,3,0,1,0,0,0,1,2326.9723399
20201,1123001440,20,14,6,0,0,3,5,7,5,0,0,1,4,6,3,0,0,2,1,1,2,7213.35894654
20201,1123001441,3,1,2,0,0,1,0,1,1,0,0,0,0,0,1,0,0,1,0,1,0,1457.86495565
20201,1123001442,38,17,21,0,1,4,3,22,8,0,0,1,2,11,3,0,1,3,1,11,5,4977.86546705
20201,1123001443,24,6,18,0,2,7,7,3,5,0,0,1,1,1,3,0,2,6,6,2,2,4730.21808241
20201,1123001444,96,13,83,0,7,19,34,30,6,0,1,3,2,2,5,0,6,16,32,28,1,13746.4756124
20201,1123001445,5,4,1,0,0,0,2,3,0,0,0,0,2,2,0,0,0,0,0,1,0,2480.22846466
20201,1123001448,3,2,1,0,0,1,0,0,2,0,0,0,0,0,2,0,0,1,0,0,0,4354.47016014
20201,1123001450,4,4,0,0,0,2,0,2,0,0,0,2,0,2,0,0,0,0,0,0,0,3045.99398529
20201,1123001451,2,1,1,0,0,1,0,0,1,0,0,1,0,0,0,0,0,0,0,0,1,4503.51955396
20201,1123001452,103,52,51,0,22,31,23,16,11,0,9,14,12,7,10,0,13,17,11,9,1,5180.56802312
20201,1123001453,11,10,1,0,2,2,3,3,1,0,2,1,3,3,1,0,0,1,0,0,0,2969.74191804
20201,1123001454,2,2,0,0,0,1,0,1,0,0,0,1,0,1,0,0,0,0,0,0,0,1674.43272639
20201,1123001455,24,12,12,0,2,1,7,9,5,0,2,1,3,5,1,0,0,0,4,4,4,6837.64911032
20201,1123001456,164,148,16,0,26,35,45,37,21,0,19,31,44,34,20,0,7,4,1,3,1,5126.12306402
20201,1123001459,3,3,0,0,0,0,1,1,1,0,0,0,1,1,1,0,0,0,0,0,0,2630.20227803
20201,1123001460,9,6,3,0,0,1,7,0,1,0,0,1,4,0,1,0,0,0,3,0,0,1541.02592783
20201,1123001462,122,65,57,0,9,20,35,36,22,0,6,10,17,20,12,0,3,10,18,16,10,3894.32687889
20201,1123001464,5,4,1,0,2,0,1,1,1,0,2,0,1,1,0,0,0,0,0,0,1,8432.94970331
20201,1123001465,46,11,35,0,9,14,8,13,2,0,2,3,1,4,1,0,7,11,7,9,1,18246.4413529
20201,1123001467,21,9,12,0,0,0,4,10,7,0,0,0,2,5,2,0,0,0,2,5,5,4736.76092528
20201,1123001473,126,91,35,0,21,31,31,26,17,0,16,18,22,20,15,0,5,13,9,6,2,2709.17188854
20201,1123001474,59,30,29,0,3,12,28,10,6,0,3,9,14,1,3,0,0,3,14,9,3,8476.88203593
20201,1123001476,5,4,1,0,1,1,1,1,1,0,1,0,1,1,1,0,0,1,0,0,0,7063.28036857
20201,1123001477,13,9,4,0,2,1,4,4,2,0,1,0,4,2,2,0,1,1,0,2,0,6953.99217491
20201,1123001479,10,9,1,0,0,1,5,3,1,0,0,0,5,3,1,0,0,1,0,0,0,6990.62090556
20201,1123001480,23,11,12,0,0,3,4,11,5,0,0,1,2,6,2,0,0,2,2,5,3,7085.04358612
20201,1123001481,57,35,22,0,6,17,15,13,6,0,1,13,10,8,3,0,5,4,5,5,3,8895.96901651
20201,1123001482,60,33,27,0,5,11,14,23,7,0,3,8,6,10,6,0,2,3,8,13,1,6110.90501105
20201,1123001483,27,12,15,0,3,5,9,10,0,0,2,4,2,4,0,0,1,1,7,6,0,6160.22952037
20201,1123001484,47,31,16,2,10,14,10,9,2,2,7,5,7,8,2,0,3,9,3,1,0,3076.36896317
20201,1123001486,7,3,4,0,0,0,2,2,3,0,0,0,0,1,2,0,0,0,2,1,1,5359.76878647
20201,1123001487,11,10,1,0,1,1,3,3,3,0,1,1,2,3,3,0,0,0,1,0,0,3386.07192793
20201,1123001488,7,4,3,0,0,1,6,0,0,0,0,0,4,0,0,0,0,1,2,0,0,3019.7420794
20201,1123001489,15,11,4,0,4,5,4,1,1,0,3,3,3,1,1,0,1,2,1,0,0,3187.30133804
20201,1123001491,16,6,10,0,3,5,3,4,1,0,0,2,1,2,1,0,3,3,2,2,0,25154.3285933
20201,1123001493,2,2,0,0,1,0,0,1,0,0,1,0,0,1,0,0,0,0,0,0,0,3174.20676325
20201,1123001494,92,25,67,0,13,15,16,22,26,0,4,9,6,2,4,0,9,6,10,20,22,7379.14624136
20201,1123001497,6,6,0,0,0,0,3,2,1,0,0,0,3,2,1,0,0,0,0,0,0,2817.87552365
20201,1123001498,16,1,15,0,5,3,2,4,2,0,0,0,0,0,1,0,5,3,2,4,1,1808.47977986
20201,1123001499,6,4,2,0,2,1,1,2,0,0,2,1,0,1,0,0,0,0,1,1,0,1821.86097926
20201,1123001501,16,9,7,0,0,6,2,8,0,0,0,4,1,4,0,0,0,2,1,4,0,1697.95252412
20201,1123001505,8,4,4,0,0,4,1,2,1,0,0,2,1,1,0,0,0,2,0,1,1,7638.06405978
20201,1123001509,110,75,35,0,7,25,30,30,18,0,6,17,21,17,14,0,1,8,9,13,4,10862.3147481
20201,1123001514,724,301,423,0,14,16,59,178,457,0,11,9,33,67,181,0,3,7,26,111,276,3651.64655198
20201,1123001516,22,2,20,0,5,7,3,3,4,0,0,0,0,0,2,0,5,7,3,3,2,7303.2756489
20201,1123001518,41,21,20,0,8,7,4,17,5,0,5,3,2,7,4,0,3,4,2,10,1,6825.94748015
20201,1123001520,19,15,4,0,6,3,7,2,1,0,3,3,6,2,1,0,3,0,1,0,0,2442.67438422
20201,1123001526,13,9,4,0,0,2,7,3,1,0,0,1,5,2,1,0,0,1,2,1,0,3198.73780029
20201,1123001530,23,11,12,0,4,6,7,3,3,0,2,0,5,1,3,0,2,6,2,2,0,7635.80977453
20201,1123001534,44,25,19,1,8,11,16,5,3,1,3,6,11,4,0,0,5,5,5,1,3,9796.04396006
20201,1123001536,7,6,1,0,0,1,3,0,3,0,0,1,2,0,3,0,0,0,1,0,0,6330.7126506
20201,1123001537,3,3,0,0,0,2,0,1,0,0,0,2,0,1,0,0,0,0,0,0,0,770.712491337
20201,1123001540,5,3,2,0,0,1,0,2,2,0,0,0,0,1,2,0,0,1,0,1,0,365.90759133
20201,1123001541,27,13,14,0,1,4,6,7,9,0,0,2,3,3,5,0,1,2,3,4,4,2661.1772161
20201,1123001542,12,9,3,0,0,1,4,5,2,0,0,0,3,4,2,0,0,1,1,1,0,2955.87505828
20201,1123001543,3,3,0,0,0,0,2,1,0,0,0,0,2,1,0,0,0,0,0,0,0,8596.90806714
20201,1123001548,7,2,5,0,3,1,1,2,0,0,1,0,0,1,0,0,2,1,1,1,0,2383.501796
20201,1123001552,1,0,1,0,0,0,0,0,1,0,0,0,0,0,0,0,0,0,0,0,1,780.11637716
20201,1123001555,15,7,8,0,0,3,3,5,4,0,0,1,1,2,3,0,0,2,2,3,1,2318.38621465
20201,1123001557,9,4,5,0,1,2,4,1,1,0,0,1,2,0,1,0,1,1,2,1,0,2655.03621618
20201,1123001562,2,2,0,0,0,0,0,1,1,0,0,0,0,1,1,0,0,0,0,0,0,2385.05822121
20201,1123001563,1,1,0,0,0,0,0,0,1,0,0,0,0,0,1,0,0,0,0,0,0,1105.44703502
20201,1123001564,155,114,41,0,21,31,37,46,20,0,16,26,25,31,16,0,5,5,12,15,4,9502.44158873
20201,1123001567,2,0,2,0,1,1,0,0,0,0,0,0,0,0,0,0,1,1,0,0,0,5111.96050348
20201,1123001571,12,8,4,0,0,1,1,8,2,0,0,1,0,5,2,0,0,0,1,3,0,2768.6736512
20201,1123001572,4,3,1,0,0,0,0,2,2,0,0,0,0,1,2,0,0,0,0,1,0,1958.7063422
20201,1123001573,2115,1411,704,12,473,565,537,385,143,9,328,398,329,244,103,3,145,167,208,141,40,5441.91728221
20201,1123001578,14,10,4,0,2,3,4,2,3,0,0,3,3,2,2,0,2,0,1,0,1,1097.38995478
20201,1123001579,49,7,42,0,0,5,9,31,4,0,0,1,2,2,2,0,0,4,7,29,2,807.433710519
20201,1123001583,2,2,0,0,0,0,0,1,1,0,0,0,0,1,1,0,0,0,0,0,0,1005.17816963
20201,1123001584,280,107,173,1,43,63,76,67,30,0,3,22,33,33,16,1,40,41,43,34,14,7992.12693281
20201,1123001588,272,248,24,0,1,7,37,98,129,0,0,2,27,94,125,0,1,5,10,4,4,6658.18866416
20201,1123001589,16,9,7,0,1,2,2,7,4,0,0,0,1,5,3,0,1,2,1,2,1,6674.14783146
20201,1123001592,13,8,5,0,0,3,8,2,0,0,0,1,5,2,0,0,0,2,3,0,0,9422.71776574
20201,1123001593,49,21,28,0,1,10,10,14,14,0,0,1,3,8,9,0,1,9,7,6,5,4203.23962719
20201,1123001594,82,38,44,0,10,16,17,23,16,0,8,11,5,9,5,0,2,5,12,14,11,6043.8271992
20201,1123001595,285,155,130,5,58,72,66,66,18,5,35,46,36,21,12,0,23,26,30,45,6,8134.30016491
20201,1123001596,7,2,5,0,0,0,0,1,6,0,0,0,0,0,2,0,0,0,0,1,4,2177.99281376
20201,1123001597,7,2,5,0,0,0,2,3,2,0,0,0,0,1,1,0,0,0,2,2,1,4043.53997307
20201,1123001598,9,6,3,0,0,2,1,3,3,0,0,1,0,3,2,0,0,1,1,0,1,8201.99578759
20201,1123001599,18,7,11,0,5,2,3,8,0,0,2,1,0,4,0,0,3,1,3,4,0,4523.47937648
20201,1123001603,10,7,3,0,2,1,4,3,0,0,0,1,4,2,0,0,2,0,0,1,0,2900.42462842
20201,1123001604,24,21,3,0,3,2,8,8,3,0,3,2,6,8,2,0,0,0,2,0,1,5674.69976032
20201,1123001606,45,24,21,0,2,11,13,13,6,0,1,8,4,8,3,0,1,3,9,5,3,8286.57684344
20201,1123001608,11,9,2,0,0,2,8,1,0,0,0,2,7,0,0,0,0,0,1,1,0,2528.02648496
20201,1123001609,13,5,8,0,4,5,4,0,0,0,1,2,2,0,0,0,3,3,2,0,0,5641.27108116
20201,1123001610,2,1,1,0,0,1,1,0,0,0,0,0,1,0,0,0,0,1,0,0,0,5021.12982437
20201,1123001611,24,16,8,0,2,5,8,7,2,0,0,3,6,5,2,0,2,2,2,2,0,2432.27787358
20201,1123001612,18,16,2,0,1,4,5,4,4,0,1,4,3,4,4,0,0,0,2,0,0,1069.3195533
20201,1123001614,2,1,1,0,0,0,0,2,0,0,0,0,0,1,0,0,0,0,0,1,0,4159.12468628
20201,1123001615,7,6,1,0,1,0,2,3,1,0,1,0,2,2,1,0,0,0,0,1,0,3305.78195532
20201,1123001617,15,4,11,0,1,9,3,2,0,0,0,1,2,1,0,0,1,8,1,1,0,6957.9189275
20201,1123001618,3,1,2,0,0,0,0,2,1,0,0,0,0,0,1,0,0,0,0,2,0,5984.21590529
20201,1123001621,7,0,7,0,0,1,1,4,1,0,0,0,0,0,0,0,0,1,1,4,1,4874.31694985
20201,1123001623,2,0,2,0,1,0,0,1,0,0,0,0,0,0,0,0,1,0,0,1,0,7212.21447054
20201,1123001625,40,26,14,0,5,3,9,12,11,0,4,2,5,6,9,0,1,1,4,6,2,10200.3265225
20201,1123001627,56,44,12,0,5,11,15,13,12,0,3,9,13,8,11,0,2,2,2,5,1,1501.43628989
20201,1123001629,24,12,12,0,6,4,7,5,2,0,4,1,1,4,2,0,2,3,6,1,0,1240.72513743
20201,1123001630,36,29,7,0,2,3,3,3,25,0,0,2,2,3,22,0,2,1,1,0,3,9988.33228846
20201,1123001631,26,9,17,0,1,0,5,10,10,0,0,0,2,2,5,0,1,0,3,8,5,3305.8485222
20201,1123001632,84,61,23,0,22,38,15,7,2,0,15,28,13,4,1,0,7,10,2,3,1,6750.31116411
20201,1123001633,2,1,1,0,0,0,1,1,0,0,0,0,0,1,0,0,0,0,1,0,0,6884.56562242
20201,1123001634,30,22,8,0,1,2,11,13,3,0,1,1,7,10,3,0,0,1,4,3,0,10865.4088096
20201,1123001635,20,7,13,0,4,2,7,5,2,0,3,2,1,1,0,0,1,0,6,4,2,10148.5998149
20201,1123001636,14,11,3,0,0,7,4,2,1,0,0,5,4,1,1,0,0,2,0,1,0,16477.1155956
20201,1123001637,66,26,40,0,4,6,14,25,17,0,0,0,7,10,9,0,4,6,7,15,8,10103.7257895
20201,1123001638,46,13,33,0,4,10,11,13,8,0,1,1,1,5,5,0,3,9,10,8,3,6998.01461805
20201,1123001639,55,23,32,0,9,20,13,9,4,0,3,6,8,4,2,0,6,14,5,5,2,7302.31771112
20201,1123001640,502,68,434,0,105,138,196,60,3,0,7,32,19,8,2,0,98,106,177,52,1,7463.03189471
20201,1123001642,106,84,22,1,25,33,21,13,13,1,20,29,11,12,11,0,5,4,10,1,2,6188.93719982
20201,1123001646,10,6,4,0,1,2,2,4,1,0,0,1,2,2,1,0,1,1,0,2,0,6821.34012799
20201,1123001649,7,5,2,0,0,3,3,0,1,0,0,3,2,0,0,0,0,0,1,0,1,4254.85928562
20201,1123001653,3,1,2,0,0,1,1,1,0,0,0,0,0,1,0,0,0,1,1,0,0,3074.36091837
20201,1123001654,35,16,19,0,2,3,14,5,11,0,1,2,10,2,1,0,1,1,4,3,10,4366.01332506
20201,1123001655,4,4,0,0,0,1,0,1,2,0,0,1,0,1,2,0,0,0,0,0,0,2515.36345007
20201,1123001672,2,0,2,0,0,1,1,0,0,0,0,0,0,0,0,0,0,1,1,0,0,770.715518982
20201,1123001673,67,10,57,0,7,15,31,14,0,0,1,4,4,1,0,0,6,11,27,13,0,15586.8132153
20201,1123001674,100,49,51,0,12,16,21,34,17,0,2,6,12,19,10,0,10,10,9,15,7,9743.13897554
20201,1123001675,79,34,45,0,11,13,13,27,15,0,4,6,6,7,11,0,7,7,7,20,4,9263.09745605
20201,1123001681,15,11,4,0,1,4,6,3,1,0,1,4,3,2,1,0,0,0,3,1,0,6276.58377682
20201,1123001683,2,1,1,0,1,0,1,0,0,0,1,0,0,0,0,0,0,0,1,0,0,1870.34371462
20201,1123001686,5,4,1,0,0,0,0,1,4,0,0,0,0,1,3,0,0,0,0,0,1,6396.27500015
20201,1123001692,5,3,2,0,0,0,1,2,2,0,0,0,0,1,2,0,0,0,1,1,0,5573.72641073
20201,1123001695,1718,1041,677,39,1366,276,32,4,1,23,780,204,29,4,1,16,586,72,3,0,0,3319.13818758
20201,1123001699,8,6,2,1,2,0,1,4,0,1,1,0,0,4,0,0,1,0,1,0,0,1514.18148639
20201,1123001704,235,117,118,1,34,48,80,38,34,1,10,19,38,24,25,0,24,29,42,14,9,5036.11964138
20201,1123001705,6,5,1,0,1,0,0,4,1,0,1,0,0,3,1,0,0,0,0,1,0,6642.42426424
20201,1123001706,49,14,35,0,14,14,13,5,3,0,3,1,4,3,3,0,11,13,9,2,0,3728.42218296
20201,1123001707,330,155,175,1,43,47,73,98,68,0,17,24,31,43,40,1,26,23,42,55,28,8545.53019173
20201,1123001708,95,66,29,0,29,28,16,8,14,0,18,25,10,4,9,0,11,3,6,4,5,8154.01474872
20201,1123001717,6,2,4,0,0,0,1,3,2,0,0,0,0,1,1,0,0,0,1,2,1,2678.28882192
20201,1123001718,4,3,1,0,0,1,0,1,2,0,0,0,0,1,2,0,0,1,0,0,0,6806.22010542
20201,1123001719,10,2,8,0,0,2,4,4,0,0,0,0,2,0,0,0,0,2,2,4,0,5209.53403597
20201,1123001722,6,0,6,0,1,3,1,1,0,0,0,0,0,0,0,0,1,3,1,1,0,2305.30489082
20201,1123001723,18,8,10,0,0,3,3,5,7,0,0,0,3,3,2,0,0,3,0,2,5,2202.31947404
20201,1123001728,3,1,2,0,0,2,1,0,0,0,0,0,1,0,0,0,0,2,0,0,0,1362.15195814
20201,1123001729,11,7,4,0,0,3,3,1,4,0,0,2,2,0,3,0,0,1,1,1,1,6839.26936854
20201,1123001731,45,26,19,0,5,6,16,13,5,0,0,4,11,6,5,0,5,2,5,7,0,8658.17422558
20201,1123001733,29,5,24,0,0,1,2,16,10,0,0,0,0,2,3,0,0,1,2,14,7,8296.31010887
20201,1123001738,5,5,0,0,2,1,0,0,2,0,2,1,0,0,2,0,0,0,0,0,0,1801.07270536
20201,1123001740,4,3,1,0,0,1,1,2,0,0,0,0,1,2,0,0,0,1,0,0,0,980.194432809
20201,1123001742,3,1,2,0,0,0,0,2,1,0,0,0,0,0,1,0,0,0,0,2,0,6160.8449913
20201,1123001747,452,214,238,1,43,103,138,141,26,0,25,60,68,47,14,1,18,43,70,94,12,4357.42417553
20201,1123001748,4,3,1,0,0,0,3,1,0,0,0,0,3,0,0,0,0,0,0,1,0,1241.384888
20201,1123001751,5,3,2,0,0,0,0,3,2,0,0,0,0,1,2,0,0,0,0,2,0,1670.12238524
20201,1123001752,13,8,5,0,0,1,2,8,2,0,0,1,2,3,2,0,0,0,0,5,0,3872.14504388
20201,1123001753,62,28,34,0,18,19,13,11,1,0,7,11,6,3,1,0,11,8,7,8,0,8907.81809772
20201,1123001754,3,2,1,0,0,0,1,2,0,0,0,0,1,1,0,0,0,0,0,1,0,1928.37964443
20201,1123001756,11,1,10,0,2,1,3,4,1,0,0,0,0,1,0,0,2,1,3,3,1,1925.65316767
20201,1123001757,9,7,2,0,1,1,5,1,1,0,0,1,4,1,1,0,1,0,1,0,0,3068.65804359
20201,1123001760,18,10,8,0,5,3,2,6,2,0,3,3,0,3,1,0,2,0,2,3,1,3977.20013561
20201,1123001761,2,2,0,0,0,0,1,1,0,0,0,0,1,1,0,0,0,0,0,0,0,4276.03451425
20201,1123001762,56,40,16,0,1,11,17,19,8,0,0,10,14,11,5,0,1,1,3,8,3,9550.87826095
20201,1123001765,5,3,2,0,2,0,0,2,1,0,1,0,0,1,1,0,1,0,0,1,0,3834.09074247
20201,1123001766,167,54,113,0,8,20,64,70,5,0,6,10,20,14,4,0,2,10,44,56,1,9297.4510458
20201,1123001772,19,15,4,0,3,3,1,7,5,0,3,3,0,5,4,0,0,0,1,2,1,6309.01429743
20201,1123001774,26,9,17,0,3,9,7,4,3,0,1,3,2,0,3,0,2,6,5,4,0,1681.53295582
20201,1123001775,7,6,1,0,0,1,4,0,2,0,0,1,3,0,2,0,0,0,1,0,0,6648.50062046
20201,1123001776,15,9,6,0,3,1,4,2,5,0,3,1,1,2,2,0,0,0,3,0,3,6692.04152494
20201,1123001777,77,42,35,0,5,16,22,22,12,0,4,7,11,10,10,0,1,9,11,12,2,13677.9660346
20201,1123001779,6,3,3,0,0,1,2,2,1,0,0,1,0,1,1,0,0,0,2,1,0,2915.40789666
20201,1123001780,50,37,13,0,3,9,17,15,6,0,1,6,13,13,4,0,2,3,4,2,2,7472.38544568
20201,1123001782,35,24,11,0,3,3,4,17,8,0,1,1,3,13,6,0,2,2,1,4,2,7896.5910533
20201,1123001784,29,20,9,0,0,4,9,12,4,0,0,4,5,8,3,0,0,0,4,4,1,28284.9379399
20201,1123001785,21,15,6,0,3,1,4,8,5,0,2,1,3,4,5,0,1,0,1,4,0,8923.63552952
20201,1123001786,14,8,6,0,3,5,3,3,0,0,1,3,2,2,0,0,2,2,1,1,0,4933.04247039
20201,1123001788,3,1,2,0,0,0,0,1,2,0,0,0,0,0,1,0,0,0,0,1,1,3354.96691417
20201,1123001790,222,216,6,0,0,2,24,88,108,0,0,1,22,87,106,0,0,1,2,1,2,6949.65081213
20201,1123001791,4,2,2,0,0,0,3,1,0,0,0,0,2,0,0,0,0,0,1,1,0,2909.24675782
20201,1123001793,12,0,12,0,0,4,5,1,2,0,0,0,0,0,0,0,0,4,5,1,2,1359.01102341
20201,1123001794,35,9,26,0,1,1,2,7,24,0,0,0,1,1,7,0,1,1,1,6,17,8827.21551829
20201,1123001795,13,10,3,0,0,0,3,5,5,0,0,0,3,4,3,0,0,0,0,1,2,11121.5233736
20201,1123001796,13,9,4,0,2,4,2,2,3,0,1,3,2,1,2,0,1,1,0,1,1,1051.54566169
20201,1123001797,14,6,8,0,0,5,7,2,0,0,0,2,3,1,0,0,0,3,4,1,0,4748.95147149
20201,1123001799,113,56,57,0,24,49,19,10,11,0,9,29,6,5,7,0,15,20,13,5,4,6519.11709223
20201,1123001800,25,8,17,0,1,6,6,10,2,0,1,2,3,2,0,0,0,4,3,8,2,5864.04942963
20201,1123001802,43,33,10,0,4,9,7,11,12,0,2,5,6,8,12,0,2,4,1,3,0,4983.96641971
20201,1123001803,90,85,5,0,0,4,12,28,46,0,0,3,10,28,44,0,0,1,2,0,2,4187.58088906
20201,1123001804,7,5,2,0,1,2,3,1,0,0,1,2,2,0,0,0,0,0,1,1,0,6604.14337509
20201,1123001805,8,2,6,0,1,3,4,0,0,0,0,0,2,0,0,0,1,3,2,0,0,14862.3520205
20201,1123001808,3,2,1,0,0,0,1,1,1,0,0,0,0,1,1,0,0,0,1,0,0,2977.21670631
20201,1123001810,5,3,2,0,1,0,1,3,0,0,1,0,1,1,0,0,0,0,0,2,0,4445.49689001
20201,1123001812,184,120,64,1,29,55,40,40,19,0,13,44,28,19,16,1,16,11,12,21,3,5745.42206838
20201,1123001814,9,6,3,0,0,1,5,3,0,0,0,1,3,2,0,0,0,0,2,1,0,2557.57993975
20201,1123001816,1,0,1,0,0,1,0,0,0,0,0,0,0,0,0,0,0,1,0,0,0,9384.3475861
20201,1123001819,21,18,3,0,3,8,5,3,2,0,2,6,5,3,2,0,1,2,0,0,0,1904.36639678
20201,1123001822,9,6,3,0,0,1,3,4,1,0,0,1,2,3,0,0,0,0,1,1,1,5127.23001287
20201,1123001824,3,3,0,0,1,0,0,2,0,0,1,0,0,2,0,0,0,0,0,0,0,3710.02490604
20201,1123001827,2,2,0,0,0,0,0,1,1,0,0,0,0,1,1,0,0,0,0,0,0,2452.77132621
20201,1123001829,10,3,7,0,2,3,3,2,0,0,0,1,1,1,0,0,2,2,2,1,0,2538.48517068
20201,1123001831,140,51,89,1,18,35,45,34,7,1,6,23,14,5,2,0,12,12,31,29,5,13598.1602686
20201,1123001847,23,18,5,1,4,3,6,6,3,0,4,3,3,5,3,1,0,0,3,1,0,5390.73527039
20201,1123001849,35,26,9,0,3,6,9,12,5,0,3,5,6,8,4,0,0,1,3,4,1,15884.2258296
20201,1123001853,41,34,7,0,2,2,7,15,15,0,0,2,6,11,15,0,2,0,1,4,0,3521.82595606
20201,1123001857,121,94,27,0,25,27,35,22,12,0,22,20,25,17,10,0,3,7,10,5,2,6295.81292237
20201,1123001859,8,8,0,0,1,1,5,1,0,0,1,1,5,1,0,0,0,0,0,0,0,1491.61008874
20201,1123001864,47,27,20,0,8,15,6,9,9,0,5,8,5,3,6,0,3,7,1,6,3,19668.2728815
20201,1123001869,4,3,1,0,0,2,1,0,1,0,0,1,1,0,1,0,0,1,0,0,0,5910.88547042
20201,1123001876,21,7,14,0,2,1,7,6,5,0,1,0,1,2,3,0,1,1,6,4,2,12264.955188
20201,1123001878,3,2,1,0,0,0,2,1,0,0,0,0,1,1,0,0,0,0,1,0,0,4265.14826027
20201,1123001885,39,16,23,0,6,12,6,9,6,0,3,5,1,6,1,0,3,7,5,3,5,3511.67954615
20201,1123001894,6,4,2,0,0,0,2,4,0,0,0,0,2,2,0,0,0,0,0,2,0,10382.5596797
20201,1123001898,13,3,10,0,2,3,4,1,3,0,0,0,2,0,1,0,2,3,2,1,2,10202.9924044
20201,1123001904,7,5,2,0,0,2,1,2,2,0,0,2,1,1,1,0,0,0,0,1,1,5919.14861411
20201,1123001907,3,2,1,0,1,0,1,1,0,0,0,0,1,1,0,0,1,0,0,0,0,2825.53634447
20201,1123001908,18,15,3,0,0,1,7,6,4,0,0,0,5,6,4,0,0,1,2,0,0,1786.3873178
20201,1123001909,4,3,1,0,0,0,0,2,2,0,0,0,0,1,2,0,0,0,0,1,0,1326.48799967
20201,1123001918,47,32,15,0,8,20,13,6,0,0,6,12,9,5,0,0,2,8,4,1,0,3609.02175634
20201,1123001924,2,2,0,0,0,0,0,1,1,0,0,0,0,1,1,0,0,0,0,0,0,2746.53735723
20201,1123001930,19,15,4,0,0,3,12,2,2,0,0,2,11,1,1,0,0,1,1,1,1,1972.12600563
20201,1123001935,7,3,4,0,1,0,2,3,1,0,0,0,1,1,1,0,1,0,1,2,0,16835.9273328
20201,1123001939,2,1,1,0,0,1,1,0,0,0,0,1,0,0,0,0,0,0,1,0,0,2390.50075085
20201,1123001940,85,19,66,0,5,5,11,23,41,0,5,1,9,3,1,0,0,4,2,20,40,1322.5410897
20201,1123001941,10,7,3,0,3,5,1,1,0,0,2,3,1,1,0,0,1,2,0,0,0,1211.01319982
20201,1123001944,7,1,6,0,0,1,2,4,0,0,0,0,0,1,0,0,0,1,2,3,0,4627.34944165
20201,1123001947,8,7,1,0,0,1,4,2,1,0,0,1,4,1,1,0,0,0,0,1,0,2646.56892023
20201,1123001957,3,0,3,0,1,0,1,0,1,0,0,0,0,0,0,0,1,0,1,0,1,2612.62853264
20201,1123001958,3,0,3,0,0,0,0,2,1,0,0,0,0,0,0,0,0,0,0,2,1,5223.47490317
20201,1123001965,5,3,2,0,1,0,1,2,1,0,0,0,1,1,1,0,1,0,0,1,0,2944.25809345
20201,1123001966,11,5,6,0,2,4,2,1,2,0,1,2,0,1,1,0,1,2,2,0,1,2149.47353253
20201,1123001973,14,0,14,0,1,3,3,4,3,0,0,0,0,0,0,0,1,3,3,4,3,4827.13451998
20201,1123001984,32,17,15,0,15,4,7,3,3,0,6,3,4,1,3,0,9,1,3,2,0,6624.73440979
20201,1123001986,10,4,6,0,1,0,5,0,4,0,1,0,0,0,3,0,0,0,5,0,1,2525.93626494
20201,1123001987,2,2,0,0,0,1,0,0,1,0,0,1,0,0,1,0,0,0,0,0,0,3663.45874161
20201,1123001990,9,3,6,0,0,2,2,2,3,0,0,2,1,0,0,0,0,0,1,2,3,4991.96970388
20201,1123001991,4,3,1,0,0,0,2,2,0,0,0,0,2,1,0,0,0,0,0,1,0,2957.58181393
20201,1123001992,440,323,117,1,52,73,136,142,36,0,34,47,100,115,27,1,18,26,36,27,9,2659.19958978
20201,1123001993,4,3,1,0,1,1,1,0,1,0,1,1,1,0,0,0,0,0,0,0,1,732.657724252
20201,1123001994,31,11,20,0,6,7,3,10,5,0,0,3,0,3,5,0,6,4,3,7,0,9181.08458714
20201,1123001999,4,2,2,0,0,1,0,3,0,0,0,0,0,2,0,0,0,1,0,1,0,5188.80815538
20201,1123002000,2,1,1,0,0,0,0,2,0,0,0,0,0,1,0,0,0,0,0,1,0,2839.57107339
20201,1123002004,2,0,2,0,0,0,0,1,1,0,0,0,0,0,0,0,0,0,0,1,1,3090.53973316
20201,1123002006,3,2,1,0,0,1,1,1,0,0,0,1,1,0,0,0,0,0,0,1,0,5106.74938669
20201,1123002009,2,0,2,0,0,0,1,1,0,0,0,0,0,0,0,0,0,0,1,1,0,3389.01848664
20201,1123002011,11,8,3,0,3,0,2,1,5,0,2,0,1,1,4,0,1,0,1,0,1,5210.0495317
20201,1123002014,8,6,2,0,0,1,6,0,1,0,0,1,4,0,1,0,0,0,2,0,0,4830.5152482
20201,1123002018,140,91,49,0,8,18,22,41,51,0,7,18,19,22,25,0,1,0,3,19,26,970.851822096
20201,1123002019,3,3,0,0,1,0,1,1,0,0,1,0,1,1,0,0,0,0,0,0,0,1411.74946427
20201,1123002021,4,2,2,0,0,1,1,2,0,0,0,0,0,2,0,0,0,1,1,0,0,3880.10666176
20201,1123002023,4,2,2,0,0,0,0,3,1,0,0,0,0,2,0,0,0,0,0,1,1,2546.96203805
20201,1123002027,5,5,0,0,1,2,2,0,0,0,1,2,2,0,0,0,0,0,0,0,0,1900.110492
20201,1123002036,2,2,0,0,0,0,1,1,0,0,0,0,1,1,0,0,0,0,0,0,0,3863.14836129
20201,1123002037,12,3,9,0,0,4,5,1,2,0,0,2,0,1,0,0,0,2,5,0,2,2698.79656527
20201,1123002043,18,15,3,0,2,2,5,5,4,0,2,2,3,4,4,0,0,0,2,1,0,2092.60410656
20201,1123002048,4,0,4,0,0,0,2,2,0,0,0,0,0,0,0,0,0,0,2,2,0,3539.71342265
20201,1123002056,3,1,2,0,1,0,1,0,1,0,0,0,0,0,1,0,1,0,1,0,0,5004.34740564
20201,1123002061,6,5,1,0,0,1,2,2,1,0,0,0,2,2,1,0,0,1,0,0,0,2221.79576457
20201,1123002064,29,9,20,0,3,9,7,8,2,0,1,3,1,2,2,0,2,6,6,6,0,1401.43957703
20201,1123002066,2,0,2,0,0,0,1,0,1,0,0,0,0,0,0,0,0,0,1,0,1,3561.66451619
20201,1123002070,9,6,3,0,2,1,2,2,2,0,2,1,1,1,1,0,0,0,1,1,1,3039.62631581
20201,1123002072,14,10,4,0,0,5,2,3,4,0,0,3,1,2,4,0,0,2,1,1,0,2242.76260131
20201,1123002074,4,1,3,0,0,0,0,3,1,0,0,0,0,1,0,0,0,0,0,2,1,2312.74095862
20201,1123002076,6,4,2,0,2,3,1,0,0,0,0,3,1,0,0,0,2,0,0,0,0,2454.79125138
20201,1123002078,8,3,5,0,1,0,4,1,2,0,0,0,2,0,1,0,1,0,2,1,1,13384.042897
20201,1123002082,2,1,1,0,0,1,0,0,1,0,0,1,0,0,0,0,0,0,0,0,1,1643.38839658
20201,1123002091,27,14,13,0,1,4,10,6,6,0,0,2,7,1,4,0,1,2,3,5,2,189650.855414
20201,1123002092,18,12,6,0,1,3,5,6,3,0,1,2,3,5,1,0,0,1,2,1,2,2870.71374496
20201,1123002095,14,4,10,0,3,2,4,3,2,0,1,0,0,1,2,0,2,2,4,2,0,26205.3453911
20201,1123002099,2,1,1,0,0,0,0,1,1,0,0,0,0,0,1,0,0,0,0,1,0,2225.95049321
20201,1123002102,1,0,1,0,0,1,0,0,0,0,0,0,0,0,0,0,0,1,0,0,0,1058.83492936
20201,1123002106,2,1,1,0,0,0,2,0,0,0,0,0,1,0,0,0,0,0,1,0,0,1729.18324543
20201,1123002110,8,7,1,0,0,3,1,4,0,0,0,3,1,3,0,0,0,0,0,1,0,4444.17989109
20201,1123002112,10,7,3,0,0,1,2,6,1,0,0,0,2,4,1,0,0,1,0,2,0,15684.4861607
20201,1123002117,28,14,14,0,1,5,11,10,1,0,0,3,4,6,1,0,1,2,7,4,0,5186.12357986
20201,1123002121,14,4,10,0,2,7,3,2,0,0,0,2,0,2,0,0,2,5,3,0,0,2346.17358884
20201,1123002126,664,359,305,1,62,131,186,167,117,0,26,74,88,93,78,1,36,57,98,74,39,4292.3381603
20201,1123002137,6,3,3,0,0,0,3,1,2,0,0,0,2,0,1,0,0,0,1,1,1,7388.25522622
20201,1123002138,146,95,51,0,27,42,40,24,13,0,10,26,28,20,11,0,17,16,12,4,2,10821.3304508
20201,1123002140,599,420,179,0,51,130,176,140,102,0,34,88,128,97,73,0,17,42,48,43,29,1806.47154327
20201,1123002143,3,3,0,0,0,1,0,1,1,0,0,1,0,1,1,0,0,0,0,0,0,2788.7430648
20201,1123002147,13,10,3,0,4,0,5,3,1,0,3,0,4,2,1,0,1,0,1,1,0,2812.86100703
20201,1123002149,131,77,54,0,24,35,20,29,23,0,16,26,15,9,11,0,8,9,5,20,12,1077.17964895
20201,1123002154,23,17,6,0,6,10,3,3,1,0,4,9,3,1,0,0,2,1,0,2,1,1062.3166324
20201,1123002155,5,4,1,0,0,1,1,2,1,0,0,1,1,1,1,0,0,0,0,1,0,2775.26012818
20201,1123002156,49,8,41,0,0,9,14,17,9,0,0,3,1,0,4,0,0,6,13,17,5,5600.48497582
20201,1123002158,7,4,3,0,0,0,4,3,0,0,0,0,3,1,0,0,0,0,1,2,0,3268.57726876
20201,1123002159,10,3,7,0,1,1,2,2,4,0,0,0,1,1,1,0,1,1,1,1,3,8732.50187672
20201,1123002160,169,34,135,0,6,9,33,72,49,0,3,3,9,7,12,0,3,6,24,65,37,5820.05613738
20201,1123002162,18,5,13,0,1,2,5,5,5,0,0,0,1,2,2,0,1,2,4,3,3,4503.00374877
20201,1123002166,4,3,1,0,0,0,0,0,4,0,0,0,0,0,3,0,0,0,0,0,1,4374.58570695
20201,1123002171,3,0,3,0,0,1,2,0,0,0,0,0,0,0,0,0,0,1,2,0,0,4935.77759267
20201,1123002173,70,33,37,0,8,17,10,19,16,0,1,5,4,10,13,0,7,12,6,9,3,4747.74478704
20201,1123002174,26,3,23,0,4,7,7,7,1,0,1,2,0,0,0,0,3,5,7,7,1,2632.94803202
20201,1123002175,11,10,1,0,3,2,6,0,0,0,3,2,5,0,0,0,0,0,1,0,0,4021.82257158
20201,1123002178,2,1,1,0,0,0,2,0,0,0,0,0,1,0,0,0,0,0,1,0,0,2490.52703263
20201,1123002179,9,6,3,0,1,1,1,5,1,0,1,0,1,3,1,0,0,1,0,2,0,4191.7694339
20201,1123002180,19,7,12,0,0,6,9,3,1,0,0,2,4,0,1,0,0,4,5,3,0,5056.23016698
20201,1123002183,88,11,77,0,7,28,28,21,4,0,2,2,3,2,2,0,5,26,25,19,2,16977.1701846
20201,1123002186,2,1,1,0,0,0,0,2,0,0,0,0,0,1,0,0,0,0,0,1,0,637.874780302
20201,1123002190,150,55,95,1,26,38,48,33,4,1,10,12,16,14,2,0,16,26,32,19,2,6912.98431199
20201,1123002191,2,1,1,0,0,0,0,1,1,0,0,0,0,0,1,0,0,0,0,1,0,4523.1297816
20201,1123002198,9,4,5,0,0,0,5,2,2,0,0,0,1,1,2,0,0,0,4,1,0,3443.34547656
20201,1123002199,2,0,2,0,1,0,1,0,0,0,0,0,0,0,0,0,1,0,1,0,0,2459.30964445
20201,1123002201,3,2,1,0,0,0,1,2,0,0,0,0,1,1,0,0,0,0,0,1,0,2464.20029723
20201,1123002204,24,10,14,0,2,6,4,6,6,0,0,4,2,0,4,0,2,2,2,6,2,1491.48814953
20201,1123002207,66,11,55,0,8,8,21,25,4,0,2,0,3,4,2,0,6,8,18,21,2,20535.5716621
20201,1123002209,23,6,17,0,3,2,6,8,4,0,1,2,1,0,2,0,2,0,5,8,2,13140.2743558
20201,1123002210,2,2,0,0,0,0,1,0,1,0,0,0,1,0,1,0,0,0,0,0,0,3223.23791026
20201,1123002215,5,2,3,0,0,1,3,1,0,0,0,0,2,0,0,0,0,1,1,1,0,3490.69604892
20201,1123002218,2,2,0,0,0,0,0,0,2,0,0,0,0,0,2,0,0,0,0,0,0,6562.4026054
20201,1123002220,54,21,33,0,15,17,11,5,6,0,1,3,8,4,5,0,14,14,3,1,1,16768.3859252
20201,1123002222,132,83,49,0,22,16,24,48,22,0,14,8,15,30,16,0,8,8,9,18,6,5179.10626493
20201,1123002224,1,1,0,0,0,0,0,1,0,0,0,0,0,1,0,0,0,0,0,0,0,5155.47349608
20201,1123002227,55,31,24,0,0,3,21,25,6,0,0,1,9,17,4,0,0,2,12,8,2,4133.41379771
20201,1123002229,29,6,23,0,0,6,10,11,2,0,0,1,2,1,2,0,0,5,8,10,0,25744.5218007
20201,1123002232,56,13,43,0,7,19,15,14,1,0,1,5,3,3,1,0,6,14,12,11,0,20769.5395934
20201,1123002235,349,138,211,2,87,67,59,92,42,0,20,40,37,19,22,2,67,27,22,73,20,4026.98877548
20201,1123002239,13,8,5,0,0,1,4,3,5,0,0,0,2,3,3,0,0,1,2,0,2,2505.9275616
20201,1123002241,917,558,359,0,89,219,256,253,100,0,40,72,162,195,89,0,49,147,94,58,11,264120.405593
20201,1123002242,12,8,4,0,0,6,3,3,0,0,0,4,2,2,0,0,0,2,1,1,0,3622.2253219
20201,1123002243,27,20,7,0,2,3,5,7,10,0,2,2,5,5,6,0,0,1,0,2,4,6707.2140141
20201,1123002244,33,18,15,0,5,8,8,9,3,0,0,3,4,9,2,0,5,5,4,0,1,5366.84284805
20201,1123002246,14,13,1,0,0,0,2,6,6,0,0,0,2,6,5,0,0,0,0,0,1,3571.80590865
20201,1123002247,68,27,41,0,13,24,14,9,8,0,2,9,6,5,5,0,11,15,8,4,3,3412.74802572
20201,1123002248,220,83,137,0,10,12,52,97,49,0,6,5,21,34,17,0,4,7,31,63,32,4472.11898723
20201,1123002249,46,24,22,0,2,6,10,5,23,0,1,2,5,2,14,0,1,4,5,3,9,6566.48065377
20201,1123002250,45,28,17,0,4,1,9,13,18,0,2,0,4,11,11,0,2,1,5,2,7,3517.35178291
20201,1123002251,40,21,19,0,9,4,6,8,13,0,1,2,5,6,7,0,8,2,1,2,6,7174.54945447
20201,1123002253,38,30,8,0,3,8,12,7,8,0,2,6,9,7,6,0,1,2,3,0,2,4171.19225771
20201,1123002254,12,7,5,0,0,3,2,2,5,0,0,1,2,1,3,0,0,2,0,1,2,7304.62080241
20201,1123002257,583,464,119,0,23,75,116,111,258,0,17,64,107,92,184,0,6,11,9,19,74,4505.1525303
20201,1123002262,42,15,27,0,7,12,13,5,5,0,0,3,8,1,3,0,7,9,5,4,2,6922.57938222
20201,1123002263,23,12,11,0,0,3,6,2,12,0,0,0,3,2,7,0,0,3,3,0,5,6290.75318039
20201,1123002265,3,2,1,0,0,0,1,0,2,0,0,0,0,0,2,0,0,0,1,0,0,1874.69934541
20201,1123002266,3,2,1,0,0,0,0,2,1,0,0,0,0,2,0,0,0,0,0,0,1,1316.81873043
20201,1123002267,12,6,6,0,3,2,0,3,4,0,0,0,0,3,3,0,3,2,0,0,1,11343.4469245
20201,1123002270,5,4,1,0,0,0,2,2,1,0,0,0,2,1,1,0,0,0,0,1,0,680.022418855
20201,1123002272,5,3,2,0,0,0,1,2,2,0,0,0,1,0,2,0,0,0,0,2,0,2539.19443165
20201,1123002274,144,83,61,1,27,44,27,26,19,0,4,23,21,21,14,1,23,21,6,5,5,6450.61661385
20201,1123002276,22,11,11,0,1,6,7,3,5,0,0,3,5,1,2,0,1,3,2,2,3,6759.87866561
20201,1123002279,6,3,3,0,0,0,2,2,2,0,0,0,0,1,2,0,0,0,2,1,0,7141.81428832
20201,1123002281,7,6,1,0,1,2,1,3,0,0,1,1,1,3,0,0,0,1,0,0,0,1074.11712513
20201,1123002282,1,1,0,0,1,0,0,0,0,0,1,0,0,0,0,0,0,0,0,0,0,1740.97410592
20201,1123002283,4,3,1,0,0,1,1,2,0,0,0,1,1,1,0,0,0,0,0,1,0,1532.81553405
20201,1123002286,2,2,0,0,0,0,0,1,1,0,0,0,0,1,1,0,0,0,0,0,0,923.55901947
20201,1123002288,3,2,1,0,0,2,0,0,1,0,0,1,0,0,1,0,0,1,0,0,0,2666.28772958
20201,1123002290,8,5,3,0,0,0,1,5,2,0,0,0,0,3,2,0,0,0,1,2,0,5663.67935415
20201,1123002291,53,27,26,2,6,12,13,15,5,0,3,12,6,4,2,2,3,0,7,11,3,1857.36362904
20201,1123002292,6,6,0,0,0,1,2,0,3,0,0,1,2,0,3,0,0,0,0,0,0,5095.5741118
20201,1123002298,13,9,4,0,3,9,1,0,0,0,3,5,1,0,0,0,0,4,0,0,0,1788.32139912
20201,1123002300,24,13,11,0,0,4,4,7,9,0,0,2,2,3,6,0,0,2,2,4,3,5551.81187853
20201,1123002301,4,4,0,0,0,0,0,2,2,0,0,0,0,2,2,0,0,0,0,0,0,5556.88182803
20201,1123002303,3,1,2,0,0,1,0,1,1,0,0,0,0,0,1,0,0,1,0,1,0,1968.87547387
20201,1123002304,209,92,117,0,42,68,44,25,30,0,3,19,25,16,29,0,39,49,19,9,1,4136.59020888
20201,1123002311,7,6,1,0,0,0,1,4,2,0,0,0,1,3,2,0,0,0,0,1,0,2692.41951674
20201,1123002312,11,8,3,0,2,0,2,4,3,0,2,0,0,4,2,0,0,0,2,0,1,4527.89056143
20201,1123002313,3,2,1,0,0,0,0,1,2,0,0,0,0,1,1,0,0,0,0,0,1,6984.39564968
20201,1123002314,2,1,1,0,0,0,0,1,1,0,0,0,0,1,0,0,0,0,0,0,1,3617.12360981
20201,1123002315,30,3,27,0,0,3,2,19,6,0,0,1,0,1,1,0,0,2,2,18,5,3189.24692818
20201,1123002316,2,2,0,0,0,0,2,0,0,0,0,0,2,0,0,0,0,0,0,0,0,1090.98235375
20201,1123002321,6,1,5,0,1,1,1,2,1,0,0,0,0,0,1,0,1,1,1,2,0,3434.18195563
20201,1123002326,31,23,8,0,3,10,8,6,4,0,1,6,7,5,4,0,2,4,1,1,0,9551.84924255
20201,1123002327,4,2,2,0,0,0,0,1,3,0,0,0,0,1,1,0,0,0,0,0,2,3611.62367222
20201,1123002328,579,384,195,1,156,277,142,2,1,0,64,193,124,2,1,1,92,84,18,0,0,8105.10463962
20201,1123002330,7,6,1,0,0,1,3,1,2,0,0,1,3,1,1,0,0,0,0,0,1,4794.39141547
20201,1123002332,19,12,7,0,2,4,2,5,6,0,2,2,1,3,4,0,0,2,1,2,2,5008.30370071
20201,1123002333,2,1,1,0,1,0,0,1,0,0,1,0,0,0,0,0,0,0,0,1,0,1544.57627638
20201,1123002334,28,11,17,0,2,2,3,14,7,0,2,1,0,3,5,0,0,1,3,11,2,3360.12192372
20201,1123002335,3,2,1,0,0,0,1,1,1,0,0,0,0,1,1,0,0,0,1,0,0,2991.9522189
20201,1123002340,582,300,282,3,179,249,105,45,1,1,82,132,49,35,1,2,97,117,56,10,0,4844.07531438
20201,1123002341,55,14,41,0,8,15,17,11,4,0,3,3,3,1,4,0,5,12,14,10,0,16193.3263142
20201,1123002343,2,1,1,0,0,1,1,0,0,0,0,0,1,0,0,0,0,1,0,0,0,1511.35400755
20201,1123002345,104,75,29,0,13,31,37,11,12,0,7,26,29,8,5,0,6,5,8,3,7,3137.59640447
20201,1123002348,2,2,0,0,0,0,0,1,1,0,0,0,0,1,1,0,0,0,0,0,0,2043.68568529
20201,1123002351,52,17,35,0,1,0,14,30,7,0,0,0,6,6,5,0,1,0,8,24,2,2120.67131279
20201,1123002352,3,2,1,0,0,1,2,0,0,0,0,1,1,0,0,0,0,0,1,0,0,1209.85285074
20201,1123002353,9,6,3,0,0,0,0,5,4,0,0,0,0,3,3,0,0,0,0,2,1,4499.28234407
20201,1123002354,2,0,2,0,0,0,0,2,0,0,0,0,0,0,0,0,0,0,0,2,0,1737.93589134
20201,1123002358,18,11,7,0,1,3,6,6,2,0,1,1,4,3,2,0,0,2,2,3,0,2912.30757317
20201,1123002359,49,5,44,0,12,11,11,14,1,0,1,2,1,1,0,0,11,9,10,13,1,17341.5030527
20201,1123002360,120,70,50,0,15,27,24,39,15,0,11,20,18,16,5,0,4,7,6,23,10,4894.46703079
20201,1123002361,4,4,0,0,0,0,0,2,2,0,0,0,0,2,2,0,0,0,0,0,0,1614.26543567
20201,1123002362,13,8,5,0,4,1,4,3,1,0,2,1,2,2,1,0,2,0,2,1,0,4788.69494573
20201,1123002363,3,1,2,0,0,0,0,2,1,0,0,0,0,1,0,0,0,0,0,1,1,1850.30512168
20201,1123002365,25,19,6,0,6,3,9,5,2,0,4,3,7,3,2,0,2,0,2,2,0,4822.82214585
20201,1123002367,12,5,7,0,1,0,6,4,1,0,0,0,4,1,0,0,1,0,2,3,1,5047.00025452
20201,1123002368,2,2,0,0,0,0,1,1,0,0,0,0,1,1,0,0,0,0,0,0,0,3987.13698327
20201,1123002369,2,2,0,0,0,2,0,0,0,0,0,2,0,0,0,0,0,0,0,0,0,1163.20300487
20201,1123002372,4,4,0,0,0,1,1,1,1,0,0,1,1,1,1,0,0,0,0,0,0,1012.48171616
20201,1123002374,13,7,6,0,0,0,2,7,4,0,0,0,0,4,3,0,0,0,2,3,1,4366.4474611
20201,1123002379,36,31,5,0,2,4,2,9,19,0,0,4,1,8,18,0,2,0,1,1,1,11334.9830522
20201,1123002380,41,27,14,0,5,10,9,12,5,0,2,8,4,9,4,0,3,2,5,3,1,6193.59377387
20201,1123002382,29,15,14,0,1,8,10,6,4,0,0,5,6,3,1,0,1,3,4,3,3,4402.09264046
20201,1123002385,6,3,3,0,0,3,1,2,0,0,0,1,1,1,0,0,0,2,0,1,0,3269.75525522
20201,1123002386,3,3,0,0,0,1,0,2,0,0,0,1,0,2,0,0,0,0,0,0,0,1483.74198814
20201,1123002387,41,22,19,0,5,10,14,7,5,0,3,4,6,5,4,0,2,6,8,2,1,9483.39448294
20201,1123002388,9,6,3,0,0,0,2,4,3,0,0,0,1,3,2,0,0,0,1,1,1,3319.92875618
20201,1123002390,26,18,8,0,4,6,7,6,3,0,3,4,4,5,2,0,1,2,3,1,1,2716.47116399
20201,1123002392,8,7,1,0,0,0,2,4,2,0,0,0,2,3,2,0,0,0,0,1,0,6124.54651913
20201,1123002393,3,3,0,0,0,0,0,2,1,0,0,0,0,2,1,0,0,0,0,0,0,5701.47397597
20201,1123002394,4,3,1,0,0,0,1,3,0,0,0,0,1,2,0,0,0,0,0,1,0,2626.38319737
20201,1123002395,2,2,0,0,0,0,2,0,0,0,0,0,2,0,0,0,0,0,0,0,0,4594.25587329
20201,1123002401,2,1,1,0,0,0,0,1,1,0,0,0,0,0,1,0,0,0,0,1,0,1058.91228679
20201,1123002403,2,2,0,0,0,1,0,0,1,0,0,1,0,0,1,0,0,0,0,0,0,1549.284005
20201,1123002404,6,5,1,0,0,0,1,5,0,0,0,0,1,4,0,0,0,0,0,1,0,3479.13120395
20201,1123002405,2,2,0,1,0,0,0,1,0,1,0,0,0,1,0,0,0,0,0,0,0,2106.21908255
20201,1123002406,5,2,3,0,2,0,2,0,1,0,1,0,0,0,1,0,1,0,2,0,0,4386.64720564
20201,1123002407,17,12,5,0,3,3,7,4,0,0,2,2,6,2,0,0,1,1,1,2,0,2975.2159031
20201,1123002409,6,3,3,0,0,0,2,0,4,0,0,0,1,0,2,0,0,0,1,0,2,2822.09873085
20201,1123002410,2,1,1,0,0,0,1,0,1,0,0,0,1,0,0,0,0,0,0,0,1,6012.36030651
20201,1123002412,5,2,3,0,0,1,2,2,0,0,0,0,1,1,0,0,0,1,1,1,0,872.237863966
20201,1123002417,218,146,72,0,24,43,56,55,40,0,11,33,37,36,29,0,13,10,19,19,11,4639.88905157
20201,1123002418,5,0,5,0,0,0,1,3,1,0,0,0,0,0,0,0,0,0,1,3,1,1213.57278641
20201,1123002419,21,16,5,0,6,5,3,5,2,0,3,5,3,3,2,0,3,0,0,2,0,2466.30164489
20201,1123002422,29,21,8,0,9,9,1,9,1,0,8,5,1,6,1,0,1,4,0,3,0,5463.57178712
20201,1123002423,2,1,1,0,0,0,0,0,2,0,0,0,0,0,1,0,0,0,0,0,1,3874.95893226
20201,1123002424,15,7,8,0,1,9,3,0,2,0,1,3,2,0,1,0,0,6,1,0,1,1624.32393773
20201,1123002429,2,1,1,0,1,0,0,1,0,0,1,0,0,0,0,0,0,0,0,1,0,3171.77296686
20201,1123002430,7,5,2,0,0,1,2,4,0,0,0,1,1,3,0,0,0,0,1,1,0,1099.48313509
20201,1123002433,5,4,1,0,1,2,2,0,0,0,1,2,1,0,0,0,0,0,1,0,0,5130.40644399
20201,1123002434,24,17,7,0,0,0,12,7,5,0,0,0,9,5,3,0,0,0,3,2,2,5237.79948596
20201,1123002435,8,0,8,0,2,0,3,3,0,0,0,0,0,0,0,0,2,0,3,3,0,1498.45916254
20201,1123002440,4,2,2,0,1,0,1,1,1,0,0,0,1,0,1,0,1,0,0,1,0,1820.12008515
20201,1123002442,35,10,25,0,9,7,7,7,5,0,0,4,4,1,1,0,9,3,3,6,4,7620.53064753
20201,1123002445,32,9,23,0,2,10,5,5,10,0,0,1,5,1,2,0,2,9,0,4,8,3643.97908972
20201,1123002449,12,10,2,0,0,0,4,5,3,0,0,0,4,4,2,0,0,0,0,1,1,1637.41295732
20201,1123002450,93,46,47,1,9,15,26,31,11,0,5,7,8,16,10,1,4,8,18,15,1,8693.4001718
20201,1123002451,2,2,0,0,0,1,0,1,0,0,0,1,0,1,0,0,0,0,0,0,0,25580.1575984
20201,1123002452,17,13,4,0,1,4,1,8,3,0,1,2,1,7,2,0,0,2,0,1,1,2091.21336345
20201,1123002453,17,10,7,0,0,6,6,3,2,0,0,5,3,1,1,0,0,1,3,2,1,2457.9287146
20201,1123002454,38,33,5,0,1,14,12,10,1,0,1,11,10,10,1,0,0,3,2,0,0,2569.66618771
20201,1123002456,5,1,4,0,3,1,0,1,0,0,0,0,0,1,0,0,3,1,0,0,0,3951.77681175
20201,1123002457,48,29,19,0,1,3,7,6,31,0,0,3,2,2,22,0,1,0,5,4,9,5512.94256361
20201,1123002463,12,8,4,0,2,3,4,3,0,0,1,3,1,3,0,0,1,0,3,0,0,1523.82829576
20201,1123002464,7,5,2,0,0,1,4,2,0,0,0,1,3,1,0,0,0,0,1,1,0,5197.6500563
20201,1123002465,2,1,1,0,1,0,0,0,1,0,0,0,0,0,1,0,1,0,0,0,0,705.889362071
20201,1123002472,8,5,3,0,2,3,1,2,0,0,0,3,1,1,0,0,2,0,0,1,0,2905.04995382
20201,1123002475,10,7,3,0,0,1,1,3,5,0,0,1,1,1,4,0,0,0,0,2,1,5663.62654563
20201,1123002476,10,6,4,0,0,0,4,6,0,0,0,0,2,4,0,0,0,0,2,2,0,5499.72654896
20201,1123002478,12,9,3,0,0,1,2,7,2,0,0,0,1,6,2,0,0,1,1,1,0,1990.85372177
20201,1123002481,58,34,24,0,3,7,5,10,33,0,2,6,4,5,17,0,1,1,1,5,16,4628.88604209
20201,1123002485,14,8,6,0,8,0,2,4,0,0,6,0,0,2,0,0,2,0,2,2,0,4853.07922671
20201,1123002487,5,1,4,0,1,1,1,2,0,0,0,0,0,1,0,0,1,1,1,1,0,4611.10094684
20201,1123002489,2,1,1,0,0,0,0,0,2,0,0,0,0,0,1,0,0,0,0,0,1,7850.86244173
20201,1123002491,3,2,1,0,0,0,3,0,0,0,0,0,2,0,0,0,0,0,1,0,0,10097.4603887
20201,1123002494,15,12,3,0,2,4,4,1,4,0,2,4,2,1,3,0,0,0,2,0,1,4066.33760414
20201,1123002495,2,1,1,0,0,2,0,0,0,0,0,1,0,0,0,0,0,1,0,0,0,1145.19459214
20201,1123002498,53,21,32,0,0,2,11,36,4,0,0,1,6,11,3,0,0,1,5,25,1,6402.8538519
20201,1123002501,3,0,3,0,0,2,1,0,0,0,0,0,0,0,0,0,0,2,1,0,0,2280.57526831
20201,1123002502,2,1,1,0,0,0,0,2,0,0,0,0,0,1,0,0,0,0,0,1,0,3705.71252493
20201,1123002503,8,6,2,0,1,3,3,1,0,0,1,2,2,1,0,0,0,1,1,0,0,2292.53695395
20201,1123002509,2,2,0,0,0,0,1,1,0,0,0,0,1,1,0,0,0,0,0,0,0,6278.93086133
20201,1123002510,32,11,21,0,0,6,18,5,3,0,0,3,3,2,3,0,0,3,15,3,0,4955.8233255
20201,1123002513,66,12,54,0,8,19,21,14,4,0,1,2,2,3,4,0,7,17,19,11,0,13354.7864847
20201,1123002514,4,4,0,0,0,0,0,3,1,0,0,0,0,3,1,0,0,0,0,0,0,6745.76887548
20201,1123002515,4,4,0,0,0,1,0,0,3,0,0,1,0,0,3,0,0,0,0,0,0,3045.27256202
20201,1123002519,24,21,3,0,0,5,9,3,7,0,0,5,7,3,6,0,0,0,2,0,1,3643.99151507
20201,1123002520,2,1,1,0,0,0,1,1,0,0,0,0,1,0,0,0,0,0,0,1,0,4076.11845592
20201,1123002531,5,5,0,0,1,2,1,1,0,0,1,2,1,1,0,0,0,0,0,0,0,2836.64684626
20201,1123002536,4,3,1,0,0,0,4,0,0,0,0,0,3,0,0,0,0,0,1,0,0,3622.11421246
20201,1123002550,1,1,0,0,0,0,1,0,0,0,0,0,1,0,0,0,0,0,0,0,0,820.199193503
20201,1123002554,2,2,0,0,0,0,1,1,0,0,0,0,1,1,0,0,0,0,0,0,0,3691.36341801
20201,1123002565,8,6,2,0,0,3,2,1,2,0,0,2,1,1,2,0,0,1,1,0,0,1404.58152604
20201,1123002567,5,5,0,0,0,0,3,1,1,0,0,0,3,1,1,0,0,0,0,0,0,832.129823743
20201,1123002568,452,314,138,1,20,81,163,130,57,1,13,36,115,96,53,0,7,45,48,34,4,1831.48307665
20201,1123002578,6,6,0,0,1,1,0,3,1,0,1,1,0,3,1,0,0,0,0,0,0,4279.2552907
20201,1123002582,2,2,0,0,0,0,1,0,1,0,0,0,1,0,1,0,0,0,0,0,0,2176.99092134
20201,1123002589,2,1,1,0,0,1,1,0,0,0,0,0,1,0,0,0,0,1,0,0,0,1155.38552059
20201,1123002593,5,3,2,0,0,3,0,1,1,0,0,2,0,0,1,0,0,1,0,1,0,8385.24352629
20201,1123002601,49,33,16,0,8,17,22,2,0,0,4,13,15,1,0,0,4,4,7,1,0,1841.85327599
20201,1123002605,34,29,5,0,5,6,7,10,6,0,3,4,6,10,6,0,2,2,1,0,0,13237.1194942
20201,1123002606,4,2,2,0,0,1,1,0,2,0,0,0,1,0,1,0,0,1,0,0,1,4138.75667684
20201,1123002607,91,44,47,0,10,18,31,25,7,0,3,17,10,8,6,0,7,1,21,17,1,3940.03439716
20201,1123002608,5,2,3,0,0,3,0,0,2,0,0,1,0,0,1,0,0,2,0,0,1,7654.08675125
20201,1123002616,60,16,44,0,7,2,10,10,31,0,0,0,2,5,9,0,7,2,8,5,22,9243.73748842
20201,1123002618,11,5,6,0,2,2,1,0,6,0,0,1,0,0,4,0,2,1,1,0,2,6978.0957187
20201,1123002621,17,10,7,0,1,4,5,4,3,0,1,2,3,2,2,0,0,2,2,2,1,3854.78339284
20201,1123002622,207,117,90,3,56,37,45,44,22,2,26,23,30,23,13,1,30,14,15,21,9,2178.13917658
20201,1123002623,14,8,6,0,0,2,1,5,6,0,0,0,0,4,4,0,0,2,1,1,2,5821.58192479
20201,1123002627,4,3,1,0,1,2,1,0,0,0,1,1,1,0,0,0,0,1,0,0,0,3243.50498842
20201,1123002628,120,68,52,0,14,22,18,33,33,0,10,9,8,17,24,0,4,13,10,16,9,14535.9802083
20201,1123002629,80,28,52,0,5,14,17,27,17,0,3,5,8,6,6,0,2,9,9,21,11,3361.02961059
20201,1123002631,21,8,13,0,7,5,2,6,1,0,2,2,0,3,1,0,5,3,2,3,0,9423.44799531
20201,1123002633,237,141,96,0,12,26,41,58,100,0,7,17,19,35,63,0,5,9,22,23,37,10295.3038033
20201,1123002634,3,1,2,0,0,0,0,2,1,0,0,0,0,1,0,0,0,0,0,1,1,4481.7189554
20201,1123002635,14,3,11,0,0,1,5,4,4,0,0,0,2,0,1,0,0,1,3,4,3,2678.94766554
20201,1123002636,5,3,2,0,1,0,2,1,1,0,0,0,1,1,1,0,1,0,1,0,0,1044.62139714
20201,1123002638,8,3,5,0,0,1,2,2,3,0,0,0,1,0,2,0,0,1,1,2,1,3139.23114956
20201,1123002639,37,8,29,0,3,8,8,8,10,0,0,0,0,2,6,0,3,8,8,6,4,5673.18015791
20201,1123002640,216,125,91,0,22,19,29,58,88,0,11,14,13,27,60,0,11,5,16,31,28,7504.99769694
20201,1123002641,4,2,2,0,2,0,0,2,0,0,0,0,0,2,0,0,2,0,0,0,0,1893.06739058
20201,1123002643,15,3,12,0,4,3,1,3,4,0,0,0,0,0,3,0,4,3,1,3,1,5369.47236959
20201,1123002644,6,3,3,0,1,1,0,2,2,0,0,1,0,2,0,0,1,0,0,0,2,1270.4937998
20201,1123002645,10,3,7,0,1,3,2,3,1,0,0,0,0,2,1,0,1,3,2,1,0,5111.00326465
20201,1123002647,11,8,3,0,0,1,6,2,2,0,0,1,5,1,1,0,0,0,1,1,1,1792.53377292
20201,1123002650,54,35,19,0,3,15,6,12,18,0,1,11,3,6,14,0,2,4,3,6,4,3281.86765659
20201,1123002651,353,87,266,0,96,98,86,56,17,0,12,25,19,18,13,0,84,73,67,38,4,6172.00839944
20201,1123002654,3,2,1,0,1,0,2,0,0,0,0,0,2,0,0,0,1,0,0,0,0,3893.0683886
20201,1123002660,26,20,6,1,0,2,16,5,2,1,0,0,13,4,2,0,0,2,3,1,0,4042.42087228
20201,1123002662,8,4,4,0,0,0,3,4,1,0,0,0,2,1,1,0,0,0,1,3,0,1085.16450444
20201,1123002669,2,2,0,0,0,1,0,1,0,0,0,1,0,1,0,0,0,0,0,0,0,934.769917878
20201,1123002674,23,11,12,0,2,2,6,5,8,0,1,1,3,1,5,0,1,1,3,4,3,4746.99512161
20201,1123002677,6,4,2,0,1,2,1,1,1,0,0,2,1,0,1,0,1,0,0,1,0,719.96882156
20201,1123002683,22,18,4,0,0,5,8,9,0,0,0,2,7,9,0,0,0,3,1,0,0,781.21546642
20201,1123002684,3,1,2,0,1,0,0,2,0,0,0,0,0,1,0,0,1,0,0,1,0,1603.46469515
20201,1123002690,4,2,2,0,0,0,2,2,0,0,0,0,1,1,0,0,0,0,1,1,0,2896.75745726
20201,1123002692,10,0,10,0,0,3,3,4,0,0,0,0,0,0,0,0,0,3,3,4,0,1233.39585641
20201,1123002697,4,2,2,0,0,0,0,2,2,0,0,0,0,0,2,0,0,0,0,2,0,1989.42465704
20201,1123002699,10,9,1,0,1,5,2,1,1,0,1,4,2,1,1,0,0,1,0,0,0,926.081338484
20201,1123002701,5,4,1,0,0,0,5,0,0,0,0,0,4,0,0,0,0,0,1,0,0,778.779638929
20201,1123002706,2,0,2,0,0,0,1,1,0,0,0,0,0,0,0,0,0,0,1,1,0,1445.25842996
20201,1123002707,47,42,5,0,0,1,10,5,31,0,0,1,5,5,31,0,0,0,5,0,0,10946.0681679
20201,1123002708,6,2,4,0,0,2,3,0,1,0,0,0,2,0,0,0,0,2,1,0,1,4176.15077947
20201,1123002713,3,1,2,0,0,0,0,3,0,0,0,0,0,1,0,0,0,0,0,2,0,9693.84098584
20201,1123002714,43,27,16,0,8,8,15,5,7,0,5,3,8,4,7,0,3,5,7,1,0,4680.70346453
20201,1123002715,1,1,0,0,0,0,0,1,0,0,0,0,0,1,0,0,0,0,0,0,0,1253.9989814
20201,1123002717,2,2,0,0,0,0,1,1,0,0,0,0,1,1,0,0,0,0,0,0,0,2431.05873191
20201,1123002719,2,2,0,0,0,0,2,0,0,0,0,0,2,0,0,0,0,0,0,0,0,975.571989327
20201,1123002723,55,33,22,0,8,11,21,11,4,0,4,4,14,8,3,0,4,7,7,3,1,6040.37530546
20201,1123002725,2,2,0,0,0,0,1,0,1,0,0,0,1,0,1,0,0,0,0,0,0,3743.19124982
20201,1123002729,4,1,3,0,0,0,0,3,1,0,0,0,0,1,0,0,0,0,0,2,1,2279.12340816
20201,1123002733,16,13,3,0,1,4,5,6,0,0,0,4,4,5,0,0,1,0,1,1,0,5199.83648477
20201,1123002734,1,1,0,0,0,0,1,0,0,0,0,0,1,0,0,0,0,0,0,0,0,1502.51419786
20201,1123002736,6,5,1,0,1,0,3,2,0,0,0,0,3,2,0,0,1,0,0,0,0,2096.69549657
20201,1123002738,19,11,8,0,2,9,5,3,0,0,1,7,1,2,0,0,1,2,4,1,0,5995.60777454
20201,1123002742,6,5,1,0,0,1,1,3,1,0,0,0,1,3,1,0,0,1,0,0,0,5582.61413012
20201,1123002746,6,4,2,0,3,1,1,1,0,0,3,0,0,1,0,0,0,1,1,0,0,574.036106706
20201,1123002749,1,1,0,0,0,0,0,0,1,0,0,0,0,0,1,0,0,0,0,0,0,787.454644106
20201,1123002751,19,7,12,0,8,8,2,1,0,0,2,4,1,0,0,0,6,4,1,1,0,4083.93505586
20201,1123002755,249,59,190,1,30,20,16,43,139,1,6,10,9,5,28,0,24,10,7,38,111,7310.33141785
20201,1123002756,11,4,7,0,1,0,3,6,1,0,0,0,2,2,0,0,1,0,1,4,1,6327.95327245
20201,1123002757,1,1,0,0,0,0,0,1,0,0,0,0,0,1,0,0,0,0,0,0,0,5494.58312936
20201,1123002761,13,8,5,0,3,3,4,1,2,0,3,0,3,0,2,0,0,3,1,1,0,3105.93828489
20201,1123002766,18,3,15,0,5,5,3,3,2,0,0,1,2,0,0,0,5,4,1,3,2,7574.87214461
20201,1123002767,8,8,0,0,1,2,2,3,0,0,1,2,2,3,0,0,0,0,0,0,0,4733.72402152
20201,1123002769,2,2,0,0,0,0,0,0,2,0,0,0,0,0,2,0,0,0,0,0,0,2698.34449133
20201,1123002774,7,5,2,0,0,0,2,3,2,0,0,0,0,3,2,0,0,0,2,0,0,2959.69723667
20201,1123002776,802,598,204,0,138,382,114,113,55,0,87,323,78,80,30,0,51,59,36,33,25,5416.71290985
20201,1123002781,10,1,9,0,0,1,1,6,2,0,0,0,0,1,0,0,0,1,1,5,2,5162.70193978
20201,1123002784,19,8,11,0,1,6,7,4,1,0,1,4,2,1,0,0,0,2,5,3,1,2008.60643332
20201,1123002785,36,12,24,0,7,10,6,13,0,0,2,1,2,7,0,0,5,9,4,6,0,18019.1780333
20201,1123002786,6,2,4,0,1,0,2,3,0,0,0,0,1,1,0,0,1,0,1,2,0,4069.79125929
20201,1123002791,2,2,0,0,0,0,0,0,2,0,0,0,0,0,2,0,0,0,0,0,0,4494.47104337
20201,1123002792,9,4,5,0,1,3,1,4,0,0,0,0,1,3,0,0,1,3,0,1,0,2008.5003708
20201,1123002794,3,2,1,0,0,0,2,1,0,0,0,0,1,1,0,0,0,0,1,0,0,1972.92056067
20201,1123002797,114,27,87,0,21,25,25,23,20,0,9,8,3,3,4,0,12,17,22,20,16,13109.7705542
20201,1123002807,30,12,18,0,1,16,7,5,1,0,1,5,2,3,1,0,0,11,5,2,0,18763.0717535
20201,1123002811,5,4,1,0,1,1,1,2,0,0,1,1,0,2,0,0,0,0,1,0,0,823.418927319
20201,1123002814,14,6,8,0,1,4,2,3,4,0,0,3,0,0,3,0,1,1,2,3,1,6168.85521255
20201,1123002823,13,9,4,0,0,1,11,1,0,0,0,1,8,0,0,0,0,0,3,1,0,1481.26778293
20201,1123002827,5,4,1,0,0,1,1,1,2,0,0,1,1,1,1,0,0,0,0,0,1,1070.50199421
20201,1123002829,15,12,3,0,0,2,3,7,3,0,0,2,3,6,1,0,0,0,0,1,2,4181.02332029
20201,1123002831,3,1,2,0,0,0,1,0,2,0,0,0,1,0,0,0,0,0,0,0,2,5406.19270289
20201,1123002832,36,3,33,0,2,7,17,8,2,0,0,0,2,1,0,0,2,7,15,7,2,16011.9000326
20201,1123002833,2,1,1,0,0,0,1,1,0,0,0,0,0,1,0,0,0,0,1,0,0,4835.77166826
20201,1123002834,386,244,142,0,45,106,101,105,29,0,9,48,76,87,24,0,36,58,25,18,5,145231.340463
20201,1123002839,433,279,154,1,101,179,87,46,19,1,44,116,66,39,13,0,57,63,21,7,6,86929.4344295
20201,1123002840,783,366,417,1,238,302,113,86,43,0,79,128,68,55,36,1,159,174,45,31,7,204928.740361
20201,1123002845,1,0,1,0,0,0,0,1,0,0,0,0,0,0,0,0,0,0,0,1,0,1857.92952282
20201,1123002847,2,1,1,0,0,1,0,1,0,0,0,0,0,1,0,0,0,1,0,0,0,1332.09506987
20201,1123002848,4,0,4,0,0,2,0,2,0,0,0,0,0,0,0,0,0,2,0,2,0,2581.0345929
20201,1123002851,46,40,6,0,0,2,1,9,34,0,0,0,0,6,34,0,0,2,1,3,0,1452.37187066
20201,1123002865,4,1,3,0,2,0,0,2,0,0,0,0,0,1,0,0,2,0,0,1,0,5373.72049496
20201,1123002868,260,121,139,0,37,62,57,70,34,0,9,21,32,33,26,0,28,41,25,37,8,1510.91950751
20201,1123002876,47,26,21,1,5,18,15,6,2,1,3,10,9,3,0,0,2,8,6,3,2,15017.9680694
20201,1123002877,4,0,4,0,0,0,4,0,0,0,0,0,0,0,0,0,0,0,4,0,0,1607.11077524
20201,1123002880,4,4,0,0,0,3,1,0,0,0,0,3,1,0,0,0,0,0,0,0,0,6573.82251752
20201,1123002883,2,1,1,0,0,0,0,2,0,0,0,0,0,1,0,0,0,0,0,1,0,1318.55705442
20201,1123002886,2,1,1,0,0,0,1,1,0,0,0,0,0,1,0,0,0,0,1,0,0,2935.76638306
20201,1123002891,17,7,10,0,3,2,7,5,0,0,0,2,2,3,0,0,3,0,5,2,0,9962.6035372
20201,1123002895,14,7,7,0,0,2,3,4,5,0,0,2,1,1,3,0,0,0,2,3,2,4137.9390375
20201,1123002896,3,0,3,0,1,2,0,0,0,0,0,0,0,0,0,0,1,2,0,0,0,3959.52459558
20201,1123002898,28,6,22,0,6,10,5,5,2,0,2,1,1,1,1,0,4,9,4,4,1,6010.32442575
20201,1123002899,4,4,0,0,2,0,0,1,1,0,2,0,0,1,1,0,0,0,0,0,0,3200.76256493
20201,1123002900,25,18,7,0,0,6,9,7,3,0,0,5,5,6,2,0,0,1,4,1,1,13063.948137
20201,1123002901,13,9,4,0,1,0,1,5,6,0,0,0,0,5,4,0,1,0,1,0,2,3447.72831246
20201,1123002903,2,2,0,0,0,0,1,1,0,0,0,0,1,1,0,0,0,0,0,0,0,4492.04775526
20201,1123002905,10,9,1,0,5,2,0,0,3,0,4,2,0,0,3,0,1,0,0,0,0,5201.55250318
20201,1123002906,2,1,1,0,0,0,0,0,2,0,0,0,0,0,1,0,0,0,0,0,1,1563.78613036
20201,1123002907,5,2,3,0,0,0,2,1,2,0,0,0,1,0,1,0,0,0,1,1,1,4459.29513123
20201,1123002908,5,0,5,0,0,1,2,2,0,0,0,0,0,0,0,0,0,1,2,2,0,1661.85417865
20201,1123002911,6,0,6,0,0,0,4,1,1,0,0,0,0,0,0,0,0,0,4,1,1,3750.41693968
20201,1123002914,6,2,4,0,1,1,1,2,1,0,0,0,1,1,0,0,1,1,0,1,1,4604.29294001
20201,1123002915,13,5,8,0,1,2,4,1,5,0,0,2,2,0,1,0,1,0,2,1,4,4925.59184714
20201,1123002916,4,1,3,0,0,0,2,2,0,0,0,0,0,1,0,0,0,0,2,1,0,4142.42363309
20201,1123002917,4,3,1,0,0,1,0,2,1,0,0,1,0,1,1,0,0,0,0,1,0,603.027519223
20201,1123002918,9,0,9,0,3,3,1,0,2,0,0,0,0,0,0,0,3,3,1,0,2,1004.19322794
20201,1123002919,91,14,77,0,6,25,33,22,5,0,1,4,4,1,4,0,5,21,29,21,1,17689.5856703
20201,1123002920,5,4,1,0,0,0,0,2,3,0,0,0,0,2,2,0,0,0,0,0,1,2780.02974491
20201,1123002923,6,2,4,0,1,0,2,2,1,0,0,0,0,2,0,0,1,0,2,0,1,4296.91466037
20201,1123002924,15,6,9,0,2,8,2,0,3,0,0,4,1,0,1,0,2,4,1,0,2,3736.83245655
20201,1123002925,5,1,4,0,1,1,1,1,1,0,1,0,0,0,0,0,0,1,1,1,1,2422.05723758
20201,1123002926,22,9,13,0,4,6,4,3,5,0,4,1,1,1,2,0,0,5,3,2,3,1926.12998818
20201,1123002928,7,3,4,0,3,2,1,1,0,0,0,1,1,1,0,0,3,1,0,0,0,5427.73148192
20201,1123002929,17,11,6,0,0,6,5,2,4,0,0,4,5,1,1,0,0,2,0,1,3,6990.87268715
20201,1123002931,3,2,1,0,0,1,1,1,0,0,0,0,1,1,0,0,0,1,0,0,0,2471.75163454
20201,1123002937,52,42,10,0,1,9,20,11,11,0,1,7,16,8,10,0,0,2,4,3,1,34094.480476
20201,1123002938,15,6,9,0,8,2,5,0,0,0,1,1,4,0,0,0,7,1,1,0,0,68381.0030704
20201,1123002941,8,7,1,0,0,1,2,2,3,0,0,1,2,2,2,0,0,0,0,0,1,2186.89832288
20201,1123002942,16,9,7,1,1,5,2,3,4,0,0,3,1,2,3,1,1,2,1,1,1,8655.7840371
20201,1123002943,34,17,17,0,5,9,9,5,6,0,3,5,3,3,3,0,2,4,6,2,3,11806.3933984
20201,1123002946,1,1,0,0,1,0,0,0,0,0,1,0,0,0,0,0,0,0,0,0,0,2280.66381413
20201,1123002949,7,6,1,0,0,0,2,5,0,0,0,0,2,4,0,0,0,0,0,1,0,1173.42272159
20201,1123002951,15,9,6,0,1,1,4,3,6,0,1,1,3,0,4,0,0,0,1,3,2,3091.96541572
20201,1123002952,3,2,1,0,0,1,1,0,1,0,0,1,1,0,0,0,0,0,0,0,1,3942.64469453
20201,1123002953,5,3,2,1,1,0,1,1,1,1,0,0,1,1,0,0,1,0,0,0,1,4089.65904967
20201,1123002954,20,9,11,0,6,8,2,1,3,0,1,4,1,0,3,0,5,4,1,1,0,5493.46665185
20201,1123002956,4,4,0,0,0,0,0,1,3,0,0,0,0,1,3,0,0,0,0,0,0,22550.5034436
20201,1123002959,7,6,1,0,0,0,3,2,2,0,0,0,3,1,2,0,0,0,0,1,0,1461.94013885
20201,1123002960,3,1,2,0,0,1,1,1,0,0,0,0,0,1,0,0,0,1,1,0,0,2876.59289452
20201,1123002964,20,17,3,0,0,3,2,6,9,0,0,2,2,4,9,0,0,1,0,2,0,10333.6074492
20201,1123002965,2,1,1,0,0,1,0,0,1,0,0,0,0,0,1,0,0,1,0,0,0,1421.04892608
20201,1123002966,27,15,12,0,6,2,4,6,9,0,2,2,2,2,7,0,4,0,2,4,2,3956.03477432
20201,1123002967,84,54,30,0,14,8,28,25,9,0,8,6,15,17,8,0,6,2,13,8,1,13051.1044731
20201,1123002968,2,1,1,0,0,0,0,1,1,0,0,0,0,0,1,0,0,0,0,1,0,6251.95843482
20201,1123002974,319,252,67,0,20,58,110,115,16,0,10,50,85,96,11,0,10,8,25,19,5,4514.14451559
20201,1123002982,2,2,0,0,0,0,1,0,1,0,0,0,1,0,1,0,0,0,0,0,0,5860.91184551
20201,1123002985,230,126,104,0,26,57,60,49,38,0,11,36,41,30,8,0,15,21,19,19,30,1232.6863747
20201,1123002986,5,4,1,0,0,0,2,1,2,0,0,0,2,0,2,0,0,0,0,1,0,7121.21524291
20201,1123002990,47,33,14,0,7,4,12,14,10,0,5,4,6,9,9,0,2,0,6,5,1,12047.0287981
20201,1123002991,37,23,14,0,3,5,7,8,14,0,2,2,3,4,12,0,1,3,4,4,2,5781.13744145
20201,1123002993,4,4,0,0,0,0,2,0,2,0,0,0,2,0,2,0,0,0,0,0,0,6875.16128071
20201,1123002995,5,1,4,0,2,2,1,0,0,0,0,0,1,0,0,0,2,2,0,0,0,1339.17571596
20201,1123002996,92,27,65,0,10,15,14,5,48,0,3,6,3,2,13,0,7,9,11,3,35,7871.0655319
20201,1123002998,3,0,3,0,2,0,0,1,0,0,0,0,0,0,0,0,2,0,0,1,0,2231.43201635
20201,1123002999,2,2,0,0,0,0,1,1,0,0,0,0,1,1,0,0,0,0,0,0,0,1162.60106867
20201,1123003009,35,17,18,1,3,9,14,7,1,0,2,1,8,5,1,1,1,8,6,2,0,5556.41635339
20201,1123003012,8,5,3,0,1,2,2,2,1,0,0,0,2,2,1,0,1,2,0,0,0,1218.34512365
20201,1123003014,3,2,1,0,0,2,0,0,1,0,0,1,0,0,1,0,0,1,0,0,0,1182.30404241
20201,1123003018,12,11,1,0,0,2,1,5,4,0,0,2,0,5,4,0,0,0,1,0,0,8835.50062464
20201,1123003020,14,8,6,0,3,3,4,3,1,0,3,2,2,1,0,0,0,1,2,2,1,7216.11136233
20201,1123003022,2,1,1,0,0,0,2,0,0,0,0,0,1,0,0,0,0,0,1,0,0,1677.00612323
20201,1123003023,39,7,32,0,5,11,9,9,5,0,1,0,2,2,2,0,4,11,7,7,3,2959.45200321
20201,1123003024,17,2,15,0,0,5,5,4,3,0,0,0,0,0,2,0,0,5,5,4,1,1400.23542553
20201,1123003025,4,3,1,0,0,2,1,1,0,0,0,1,1,1,0,0,0,1,0,0,0,3303.94673515
20201,1123003029,5,4,1,0,0,0,0,5,0,0,0,0,0,4,0,0,0,0,0,1,0,4524.61911672
20201,1123003032,115,63,52,2,22,34,19,28,10,0,2,14,13,25,9,2,20,20,6,3,1,12058.3743236
20201,1123003034,5,1,4,0,0,0,1,4,0,0,0,0,0,1,0,0,0,0,1,3,0,2565.69065106
20201,1123003037,2,1,1,0,0,0,0,1,1,0,0,0,0,1,0,0,0,0,0,0,1,3638.95708217
20201,1123003038,9,4,5,0,0,1,1,3,4,0,0,1,0,2,1,0,0,0,1,1,3,3698.24780991
20201,1123003044,3,3,0,0,0,1,2,0,0,0,0,1,2,0,0,0,0,0,0,0,0,3574.12178366
20201,1123003046,3,2,1,0,0,0,1,1,1,0,0,0,1,0,1,0,0,0,0,1,0,3867.1605798
20201,1123003052,31,7,24,0,3,0,1,7,20,0,1,0,1,2,3,0,2,0,0,5,17,3927.52294582
20201,1123003057,10,6,4,0,1,0,2,3,4,0,1,0,1,1,3,0,0,0,1,2,1,3167.75738429
20201,1123003059,5,4,1,0,0,2,0,1,2,0,0,2,0,0,2,0,0,0,0,1,0,1313.90936941
20201,1123003060,16,12,4,0,1,1,4,8,2,0,0,1,3,6,2,0,1,0,1,2,0,3224.03133839
20201,1123003061,2,2,0,0,0,0,2,0,0,0,0,0,2,0,0,0,0,0,0,0,0,3218.04294109
20201,1123003063,13,6,7,0,5,2,2,1,3,0,1,1,1,1,2,0,4,1,1,0,1,9640.84880546
20201,1123003065,3,2,1,0,0,2,0,0,1,0,0,1,0,0,1,0,0,1,0,0,0,3022.13577466
20201,1123003066,17,3,14,0,0,7,3,6,1,0,0,1,0,2,0,0,0,6,3,4,1,1166.57534
20201,1123003067,18,1,17,0,3,5,3,4,3,0,0,0,0,0,1,0,3,5,3,4,2,1538.43611938
20201,1123003068,7,7,0,0,0,0,2,4,1,0,0,0,2,4,1,0,0,0,0,0,0,4541.00568846
20201,1123003069,3,2,1,0,1,0,0,2,0,0,0,0,0,2,0,0,1,0,0,0,0,1889.17113346
20201,1123003070,16,8,8,0,0,1,2,2,11,0,0,1,1,1,5,0,0,0,1,1,6,11129.0370473
20201,1123003078,2,2,0,0,0,0,1,1,0,0,0,0,1,1,0,0,0,0,0,0,0,1068.36855711
20201,1123003082,105,41,64,0,8,31,37,23,6,0,2,8,12,15,4,0,6,23,25,8,2,2342.93071185
20201,1123003094,186,107,79,0,22,45,48,46,25,0,10,21,23,29,24,0,12,24,25,17,1,5618.47306291
20201,1123003100,18,2,16,0,5,4,6,1,2,0,0,0,0,1,1,0,5,4,6,0,1,7604.23128972
20201,1123003105,39,18,21,0,9,10,9,9,2,0,3,3,5,5,2,0,6,7,4,4,0,3015.93063789
20201,1123003107,678,421,257,5,58,126,204,175,110,3,26,61,117,113,101,2,32,65,87,62,9,4626.95567548
20201,1123003118,4,3,1,0,0,0,2,2,0,0,0,0,2,1,0,0,0,0,0,1,0,4249.76234106
20201,1123003119,50,39,11,0,3,20,18,1,8,0,2,17,11,1,8,0,1,3,7,0,0,12868.6711485
20201,1123003120,25,15,10,0,1,2,7,13,2,0,1,2,6,6,0,0,0,0,1,7,2,11398.4598182
20201,1123003122,10,1,9,0,3,2,1,2,2,0,0,0,0,0,1,0,3,2,1,2,1,3272.18602586
20201,1123003124,185,82,103,0,26,43,43,59,14,0,13,15,9,35,10,0,13,28,34,24,4,19358.6191889
20201,1123003128,9,3,6,0,2,5,0,1,1,0,0,2,0,0,1,0,2,3,0,1,0,12928.1814159
20201,1123003129,22,17,5,0,2,5,8,6,1,0,2,3,7,4,1,0,0,2,1,2,0,4091.84871842
20201,1123003130,4,3,1,0,0,0,1,1,2,0,0,0,1,1,1,0,0,0,0,0,1,1471.64044485
20201,1123003131,4,2,2,0,0,0,1,2,1,0,0,0,0,1,1,0,0,0,1,1,0,3349.4808711
20201,1123003136,2,1,1,0,0,1,1,0,0,0,0,0,1,0,0,0,0,1,0,0,0,884.504306945
20201,1123003137,314,221,93,0,24,118,122,50,0,0,13,77,91,40,0,0,11,41,31,10,0,27614.2424638
20201,1123003138,18,7,11,0,0,0,6,9,3,0,0,0,3,2,2,0,0,0,3,7,1,8513.5283851
20201,1123003139,34,11,23,0,4,11,5,14,0,0,0,2,2,7,0,0,4,9,3,7,0,15038.7415062
20201,1123003144,5,3,2,0,0,0,0,3,2,0,0,0,0,1,2,0,0,0,0,2,0,1993.21277869
20201,1123003146,19,16,3,0,5,2,1,7,4,0,5,2,0,5,4,0,0,0,1,2,0,2252.1967799
20201,1123003147,67,10,57,0,8,15,18,22,4,0,1,2,0,3,4,0,7,13,18,19,0,17303.1775195
20201,1123003148,2,1,1,0,0,0,2,0,0,0,0,0,1,0,0,0,0,0,1,0,0,3128.59616429
20201,1123003150,297,225,72,1,6,12,9,21,248,1,2,7,1,12,202,0,4,5,8,9,46,5558.46557363
20201,1123003151,2,2,0,0,1,1,0,0,0,0,1,1,0,0,0,0,0,0,0,0,0,1743.12974971
20201,1123003153,19,3,16,0,0,6,4,7,2,0,0,1,1,0,1,0,0,5,3,7,1,2316.69666325
20201,1123003154,3,3,0,0,0,0,2,1,0,0,0,0,2,1,0,0,0,0,0,0,0,6281.24073051
20201,1123003155,20,11,9,0,1,0,3,11,5,0,1,0,2,4,4,0,0,0,1,7,1,3363.2077305
20201,1123003156,1,1,0,0,0,0,1,0,0,0,0,0,1,0,0,0,0,0,0,0,0,1373.31387675
20201,1123003158,18,16,2,0,0,3,5,4,6,0,0,3,4,4,5,0,0,0,1,0,1,8970.64619539
20201,1123003159,63,51,12,0,7,17,23,13,3,0,4,13,19,12,3,0,3,4,4,1,0,5480.83401
20201,1123003161,1,1,0,0,0,0,0,1,0,0,0,0,0,1,0,0,0,0,0,0,0,23579.4917903
20201,1123003166,3,1,2,0,0,1,0,1,1,0,0,0,0,0,1,0,0,1,0,1,0,3247.92058127
20201,1123003171,53,15,38,0,6,15,14,17,1,0,1,3,4,7,0,0,5,12,10,10,1,13633.9854419
20201,1123003175,8,7,1,0,0,1,2,2,3,0,0,1,2,2,2,0,0,0,0,0,1,9316.32131498
20201,1123003181,6,5,1,0,0,2,0,3,1,0,0,2,0,2,1,0,0,0,0,1,0,3407.7166487
20201,1123003182,3,2,1,0,0,1,1,1,0,0,0,0,1,1,0,0,0,1,0,0,0,2931.7594135
20201,1123003184,2,0,2,0,0,0,1,0,1,0,0,0,0,0,0,0,0,0,1,0,1,1837.34800783
20201,1123003186,55,37,18,0,3,14,19,19,0,0,1,7,11,18,0,0,2,7,8,1,0,1775.20415458
20201,1123003187,4,3,1,0,0,1,1,2,0,0,0,1,0,2,0,0,0,0,1,0,0,2689.88167951
20201,1123003192,4,4,0,0,0,0,1,3,0,0,0,0,1,3,0,0,0,0,0,0,0,3395.39822332
20201,1123003194,5,4,1,0,1,0,3,1,0,0,1,0,2,1,0,0,0,0,1,0,0,3940.78552013
20201,1123003195,7,4,3,0,0,0,1,5,1,0,0,0,1,3,0,0,0,0,0,2,1,2096.1240028
20201,1123003198,1,1,0,0,0,0,0,0,1,0,0,0,0,0,1,0,0,0,0,0,0,1773.35958788
20201,1123003199,13,8,5,0,1,5,3,3,1,0,1,2,1,3,1,0,0,3,2,0,0,11968.2079724
20201,1123003200,5,2,3,0,0,0,2,0,3,0,0,0,0,0,2,0,0,0,2,0,1,3125.45551703
20201,1123003201,126,50,76,0,22,34,37,19,14,0,2,11,15,10,12,0,20,23,22,9,2,3733.1613408
20201,1123003202,6,5,1,0,0,2,3,1,0,0,0,2,2,1,0,0,0,0,1,0,0,11987.7122254
20201,1123003204,4,4,0,0,0,0,1,1,2,0,0,0,1,1,2,0,0,0,0,0,0,3210.21328573
20201,1123003208,3,2,1,0,0,2,0,0,1,0,0,1,0,0,1,0,0,1,0,0,0,3851.541978
20201,1123003210,1,0,1,0,0,0,1,0,0,0,0,0,0,0,0,0,0,0,1,0,0,4020.53359944
20201,1123003211,62,45,17,0,12,16,17,12,5,0,8,13,12,8,4,0,4,3,5,4,1,8274.21403272
20201,1123003213,15,0,15,0,2,4,4,5,0,0,0,0,0,0,0,0,2,4,4,5,0,5956.24610527
20201,1123003214,7,0,7,0,0,0,4,2,1,0,0,0,0,0,0,0,0,0,4,2,1,1257.14468851
20201,1123003216,6,6,0,0,0,0,2,4,0,0,0,0,2,4,0,0,0,0,0,0,0,2667.28280985
20201,1123003217,6,2,4,1,0,2,2,1,0,0,0,1,0,1,0,1,0,1,2,0,0,3329.87581324
20201,1123003221,4,2,2,0,0,1,3,0,0,0,0,1,1,0,0,0,0,0,2,0,0,2101.70309045
20201,1123003222,7,2,5,0,0,1,4,1,1,0,0,1,0,1,0,0,0,0,4,0,1,2742.40524015
20201,1123003223,2,2,0,0,2,0,0,0,0,0,2,0,0,0,0,0,0,0,0,0,0,610.98000847
20201,1123003225,28,11,17,0,3,4,9,2,10,0,0,0,2,1,8,0,3,4,7,1,2,10602.3289047
20201,1123003227,5,3,2,0,0,1,1,1,2,0,0,0,0,1,2,0,0,1,1,0,0,3652.08823396
20201,1123003228,1,0,1,0,0,1,0,0,0,0,0,0,0,0,0,0,0,1,0,0,0,2456.07411552
20201,1123003230,163,52,111,0,15,17,34,42,55,0,7,8,17,11,9,0,8,9,17,31,46,141007.569639
20201,1123003231,1499,630,869,0,323,352,359,382,83,0,64,161,193,169,43,0,259,191,166,213,40,4303.94168553
20201,1123003242,4,2,2,0,0,0,0,1,3,0,0,0,0,1,1,0,0,0,0,0,2,6594.92086151
20201,1123003243,15,12,3,0,1,5,5,3,1,0,1,5,3,2,1,0,0,0,2,1,0,4674.05976834
20201,1123003244,5,3,2,0,1,0,0,2,2,0,0,0,0,1,2,0,1,0,0,1,0,2617.4533702
20201,1123003245,38,8,30,0,2,7,16,11,2,0,0,1,3,3,1,0,2,6,13,8,1,3968.17004883
20201,1129000001,19,1,18,0,4,6,4,3,2,0,0,0,0,0,1,0,4,6,4,3,1,3003.00535396
20201,1129000003,63,37,26,0,4,17,18,16,8,0,0,10,7,13,7,0,4,7,11,3,1,2810.55308507
20201,1129000008,88,19,69,0,36,24,10,8,10,0,2,5,3,2,7,0,34,19,7,6,3,7946.14242889
20201,1129000013,4,1,3,0,1,0,2,1,0,0,0,0,0,1,0,0,1,0,2,0,0,2883.14216599
20201,1129000016,2,0,2,0,0,0,1,0,1,0,0,0,0,0,0,0,0,0,1,0,1,1720.46424123
20201,1129000026,19,2,17,0,5,5,4,3,2,0,0,0,0,0,2,0,5,5,4,3,0,677.896615756
20201,1129000031,173,89,84,0,16,45,43,46,23,0,6,26,26,15,16,0,10,19,17,31,7,7682.32234575
20201,1129000032,8,4,4,0,0,2,1,2,3,0,0,2,0,0,2,0,0,0,1,2,1,3930.49844048
20201,1129000039,6,4,2,0,0,1,2,0,3,0,0,0,1,0,3,0,0,1,1,0,0,2677.49029149
20201,1129000042,5,0,5,0,0,0,2,0,3,0,0,0,0,0,0,0,0,0,2,0,3,17067.9713324
20201,1129000047,4,1,3,0,0,0,3,1,0,0,0,0,0,1,0,0,0,0,3,0,0,10290.4625534
20201,1129000049,42,9,33,0,12,7,11,8,4,0,0,0,5,2,2,0,12,7,6,6,2,8054.58226851
20201,1129000051,89,52,37,0,16,21,30,15,7,0,7,15,17,8,5,0,9,6,13,7,2,3961.21404433
20201,1129000062,218,74,144,1,29,62,65,38,23,0,13,20,16,14,11,1,16,42,49,24,12,2211.8899486
20201,1129000063,1,0,1,0,0,1,0,0,0,0,0,0,0,0,0,0,0,1,0,0,0,1984.38510667
20201,1129000070,358,154,204,0,45,52,105,117,39,0,22,25,42,40,25,0,23,27,63,77,14,27762.0060369
20201,1129000078,26,24,2,0,0,4,15,6,1,0,0,4,14,5,1,0,0,0,1,1,0,2532.94933053
20201,1129000086,104,47,57,0,28,16,25,17,18,0,10,7,10,7,13,0,18,9,15,10,5,2544.84774991
20201,1129000099,7,0,7,0,0,0,0,5,2,0,0,0,0,0,0,0,0,0,0,5,2,4588.45491458
20201,1129000104,29,12,17,0,0,7,10,5,7,0,0,3,4,2,3,0,0,4,6,3,4,7549.06429063
20201,1129000105,21,13,8,0,0,1,10,6,4,0,0,0,5,4,4,0,0,1,5,2,0,9426.87632765
20201,1129000115,120,68,52,1,33,41,24,16,5,0,16,27,10,10,5,1,17,14,14,6,0,1328.92312917
20201,1129000117,48,33,15,0,4,8,16,14,6,0,3,5,10,10,5,0,1,3,6,4,1,6622.64540695
20201,1129000118,20,3,17,0,1,6,8,4,1,0,0,0,1,1,1,0,1,6,7,3,0,5725.0525603
20201,1129000119,235,179,56,2,12,33,48,57,83,0,3,22,34,42,78,2,9,11,14,15,5,3283.84044582
20201,1129000131,35,9,26,0,10,12,6,4,3,0,0,3,3,2,1,0,10,9,3,2,2,4121.38126759
20201,1129000141,23,3,20,0,3,5,7,6,2,0,0,0,1,1,1,0,3,5,6,5,1,5649.8863137
20201,1129000149,272,135,137,0,32,45,106,66,23,0,12,21,50,42,10,0,20,24,56,24,13,3072.52310862
20201,1129000151,103,15,88,0,13,36,28,24,2,0,0,4,5,4,2,0,13,32,23,20,0,19784.0317989
20201,1129000154,4104,2068,2036,415,1905,1079,431,183,91,176,863,612,254,88,75,239,1042,467,177,95,16,2911.71914429
20201,1129000199,51,10,41,0,2,9,19,11,10,0,0,1,1,1,7,0,2,8,18,10,3,14872.3100721
20201,1129000200,32,29,3,0,0,1,3,8,20,0,0,1,3,5,20,0,0,0,0,3,0,4605.01613628
20201,1129000205,45,14,31,0,12,8,5,15,5,0,4,1,2,4,3,0,8,7,3,11,2,9684.75492897
20201,1129000216,15,9,6,0,1,1,5,4,4,0,0,0,3,3,3,0,1,1,2,1,1,7192.74839825
20201,1129000217,4,3,1,0,1,0,3,0,0,0,1,0,2,0,0,0,0,0,1,0,0,4529.78713502
20201,1129000218,6,3,3,0,0,0,3,2,1,0,0,0,1,2,0,0,0,0,2,0,1,2002.22047374
20201,1129000222,1,0,1,0,0,0,0,1,0,0,0,0,0,0,0,0,0,0,0,1,0,2355.9686265
20201,1129000226,25,18,7,0,0,5,11,4,5,0,0,2,10,2,4,0,0,3,1,2,1,5691.90574767
20201,1129000231,7,3,4,0,1,4,1,1,0,0,1,2,0,0,0,0,0,2,1,1,0,28476.078963
20201,1129000236,7,5,2,0,0,0,2,2,3,0,0,0,1,1,3,0,0,0,1,1,0,3825.23928098
20201,1129000238,18,13,5,0,0,5,2,7,4,0,0,2,2,7,2,0,0,3,0,0,2,10132.1033128
20201,1129000239,28,7,21,0,1,6,8,12,1,0,0,1,1,5,0,0,1,5,7,7,1,1974.53794165
20201,1129000240,19,12,7,0,2,4,4,5,4,0,1,2,2,3,4,0,1,2,2,2,0,5983.87898946
20201,1129000242,25,10,15,0,0,3,8,6,8,0,0,1,1,3,5,0,0,2,7,3,3,5381.7570772
20201,1129000243,10,7,3,1,0,3,6,0,0,0,0,3,4,0,0,1,0,0,2,0,0,5539.74042375
20201,1129000248,59,8,51,0,0,4,16,28,11,0,0,0,1,3,4,0,0,4,15,25,7,3053.45355792
20201,1129000249,93,19,74,0,12,17,19,26,19,0,2,5,5,1,6,0,10,12,14,25,13,11260.2036519
20201,1129000250,10,8,2,0,1,6,3,0,0,0,1,5,2,0,0,0,0,1,1,0,0,2917.0277682
20201,1129000252,25,16,9,0,1,9,7,6,2,0,1,6,4,4,1,0,0,3,3,2,1,2494.45260442
20201,1129000253,80,38,42,1,10,20,28,14,7,1,0,9,18,7,3,0,10,11,10,7,4,10863.379154
20201,1129000255,39,29,10,0,8,8,9,10,4,0,8,6,7,5,3,0,0,2,2,5,1,18553.8109315
20201,1129000259,2,1,1,0,0,0,1,1,0,0,0,0,1,0,0,0,0,0,0,1,0,3430.41905732
20201,1129000260,22,9,13,1,7,5,3,3,3,1,4,1,1,1,1,0,3,4,2,2,2,11322.6441677
20201,1129000262,38,10,28,0,11,7,9,9,2,0,5,1,1,2,1,0,6,6,8,7,1,3209.41082252
20201,1129000265,5,1,4,0,0,2,0,2,1,0,0,0,0,1,0,0,0,2,0,1,1,3424.79930994
20201,1129000273,12,7,5,0,1,2,5,3,1,0,1,2,2,2,0,0,0,0,3,1,1,4934.1020933
20201,1129000275,10,0,10,0,2,3,2,2,1,0,0,0,0,0,0,0,2,3,2,2,1,3805.91350446
20201,1129000280,12,7,5,0,1,1,3,3,4,0,1,1,1,1,3,0,0,0,2,2,1,2940.64197682
20201,1129000281,2,1,1,0,0,0,0,1,1,0,0,0,0,0,1,0,0,0,0,1,0,1873.3090004
20201,1129000284,50,25,25,0,3,10,14,14,9,0,2,5,9,6,3,0,1,5,5,8,6,17453.3113364
20201,1129000294,6,1,5,0,0,1,1,2,2,0,0,0,0,1,0,0,0,1,1,1,2,2356.93864494
20201,1129000303,5,3,2,0,0,0,2,3,0,0,0,0,1,2,0,0,0,0,1,1,0,5690.15376419
20201,1129000318,17,7,10,0,2,1,1,7,6,0,2,1,1,1,2,0,0,0,0,6,4,3832.52510983
20201,1129000321,23,12,11,0,3,3,7,5,5,0,1,2,3,3,3,0,2,1,4,2,2,18802.7956365
20201,1129000322,2,1,1,0,0,0,2,0,0,0,0,0,1,0,0,0,0,0,1,0,0,1228.72102
20201,1129000330,75,13,62,0,10,20,23,16,6,0,0,5,3,1,4,0,10,15,20,15,2,10218.1411501
20201,1129000335,92,60,32,0,3,16,25,21,27,0,2,9,12,13,24,0,1,7,13,8,3,6807.09646108
20201,1129000337,2,1,1,0,0,0,1,1,0,0,0,0,1,0,0,0,0,0,0,1,0,2139.15375133
20201,1129000341,50,14,36,0,4,14,15,17,0,0,0,2,8,4,0,0,4,12,7,13,0,22886.0896876
20201,1129000342,29,6,23,1,6,6,9,5,2,0,1,1,3,0,1,1,5,5,6,5,1,6058.26392649
20201,1129000343,3,0,3,0,0,0,0,2,1,0,0,0,0,0,0,0,0,0,0,2,1,66423.1669351
20201,1129000346,4,2,2,0,0,0,2,1,1,0,0,0,1,0,1,0,0,0,1,1,0,1669.7726758
20201,1129000350,2,1,1,0,0,0,0,1,1,0,0,0,0,0,1,0,0,0,0,1,0,2010.27400729
20201,1129000352,364,228,136,0,69,87,80,74,54,0,21,59,47,52,49,0,48,28,33,22,5,5464.41808822
20201,1129000354,1,1,0,0,0,0,0,1,0,0,0,0,0,1,0,0,0,0,0,0,0,1341.11667629
20201,1129000355,26,18,8,0,6,5,8,2,5,0,4,2,5,2,5,0,2,3,3,0,0,7105.56749095
20201,1129000360,4,0,4,0,0,1,2,1,0,0,0,0,0,0,0,0,0,1,2,1,0,7460.8954622
20201,1129000370,6,2,4,0,1,3,1,1,0,0,0,1,0,1,0,0,1,2,1,0,0,6500.29653181
20201,1129000387,7,3,4,0,0,0,2,5,0,0,0,0,1,2,0,0,0,0,1,3,0,876.585080906
20201,1129000393,23,14,9,0,7,6,4,5,1,0,4,4,2,3,1,0,3,2,2,2,0,6937.07027254
20201,1129000399,90,18,72,0,10,27,25,23,5,0,1,5,5,3,4,0,9,22,20,20,1,8017.20566594
20201,1129000404,8,7,1,0,0,4,0,3,1,0,0,3,0,3,1,0,0,1,0,0,0,4420.05960458
20201,1129000407,1103,298,805,8,497,361,132,79,26,0,75,125,37,39,22,8,422,236,95,40,4,5834.86487691
20201,1129000415,1,0,1,0,0,0,0,1,0,0,0,0,0,0,0,0,0,0,0,1,0,2012.5937853
20201,1129000417,14,3,11,0,1,2,7,4,0,0,0,1,1,1,0,0,1,1,6,3,0,8582.69223261
20201,1129000424,425,378,47,0,63,153,148,58,3,0,54,135,131,56,2,0,9,18,17,2,1,2187.70909293
20201,1129000438,10940,6783,4157,44,1682,2620,3536,1917,1141,13,807,1596,2417,1469,481,31,875,1024,1119,448,660,5266.54340769
20201,1129000448,95,43,52,0,13,39,21,14,8,0,3,21,4,9,6,0,10,18,17,5,2,3699.66282137
20201,1129000462,7,5,2,0,1,0,0,4,2,0,1,0,0,2,2,0,0,0,0,2,0,689.729106096
20201,1129000470,294,123,171,0,69,72,68,50,35,0,15,30,36,20,22,0,54,42,32,30,13,1437.52877038
20201,1129000482,49,40,9,0,3,9,9,14,14,0,3,6,7,12,12,0,0,3,2,2,2,3268.92247078
20201,1129000484,1,0,1,0,0,1,0,0,0,0,0,0,0,0,0,0,0,1,0,0,0,1194.0456133
20201,1129000486,1,1,0,0,0,0,0,0,1,0,0,0,0,0,1,0,0,0,0,0,0,3854.01878954
20201,1129000500,4,1,3,0,0,1,2,0,1,0,0,0,1,0,0,0,0,1,1,0,1,2258.24613742
20201,1129000514,15,11,4,0,0,2,4,3,6,0,0,1,2,2,6,0,0,1,2,1,0,5772.87533006
20201,1129000517,101,10,91,0,18,27,28,18,10,0,1,3,0,2,4,0,17,24,28,16,6,11352.5183472
20201,1129000518,7,5,2,0,1,2,2,1,1,0,1,1,1,1,1,0,0,1,1,0,0,2724.82460008
20201,1129000522,2,2,0,0,0,1,0,1,0,0,0,1,0,1,0,0,0,0,0,0,0,2964.98986681
20201,1129000532,192,57,135,0,12,36,46,61,37,0,1,12,11,17,16,0,11,24,35,44,21,4846.91070091
20201,1129000538,18,9,9,0,7,3,5,0,3,0,2,1,4,0,2,0,5,2,1,0,1,1874.16530021
20201,1129000540,20,11,9,0,5,1,8,6,0,0,4,0,3,4,0,0,1,1,5,2,0,3323.50657324
20201,1129000541,3,1,2,0,0,0,1,0,2,0,0,0,0,0,1,0,0,0,1,0,1,1485.44957098
20201,1129000543,18,6,12,0,1,2,2,3,10,0,1,2,1,0,2,0,0,0,1,3,8,1192.47309019
20201,1129000546,3,3,0,0,0,0,2,1,0,0,0,0,2,1,0,0,0,0,0,0,0,1322.72303375
20201,1129000548,4,3,1,0,1,3,0,0,0,0,1,2,0,0,0,0,0,1,0,0,0,1589.5683156
20201,1129000552,2,2,0,0,0,1,1,0,0,0,0,1,1,0,0,0,0,0,0,0,0,1015.37985709
20201,1129000556,3,1,2,0,0,1,0,0,2,0,0,0,0,0,1,0,0,1,0,0,1,4026.61390601
20201,1129000565,71,53,18,0,5,21,28,11,6,0,2,18,21,8,4,0,3,3,7,3,2,6219.92172054
20201,1129000568,56,7,49,0,2,4,9,31,10,0,1,2,1,1,2,0,1,2,8,30,8,10578.8997692
20201,1129000569,14,9,5,0,0,3,6,4,1,0,0,1,4,4,0,0,0,2,2,0,1,4116.63364968
20201,1129000570,4,2,2,0,0,0,0,2,2,0,0,0,0,1,1,0,0,0,0,1,1,2954.14405097
20201,1129000572,32,11,21,6,8,7,3,1,7,0,2,2,1,1,5,6,6,5,2,0,2,5876.21166167
20201,1129000573,2,2,0,0,0,0,1,0,1,0,0,0,1,0,1,0,0,0,0,0,0,3795.13387217
20201,1129000574,3,2,1,0,0,1,1,0,1,0,0,1,0,0,1,0,0,0,1,0,0,1854.58815205
20201,1129000577,145,53,92,0,15,45,46,30,9,0,3,12,15,17,6,0,12,33,31,13,3,5099.32249693
20201,1129000580,2,1,1,0,1,1,0,0,0,0,0,1,0,0,0,0,1,0,0,0,0,5278.8403183
20201,1129000581,5,4,1,0,2,1,2,0,0,0,2,1,1,0,0,0,0,0,1,0,0,728.809803529
20201,1129000582,5,5,0,0,0,0,0,1,4,0,0,0,0,1,4,0,0,0,0,0,0,4293.84573068
20201,1129000585,1,1,0,0,0,0,0,0,1,0,0,0,0,0,1,0,0,0,0,0,0,1119.84348948
20201,1129000586,4,3,1,0,0,0,3,1,0,0,0,0,2,1,0,0,0,0,1,0,0,676.027180238
20201,1129000588,10,5,5,0,0,6,0,2,2,0,0,3,0,1,1,0,0,3,0,1,1,745.10447959
20201,1129000590,15,8,7,0,3,4,7,1,0,0,0,2,5,1,0,0,3,2,2,0,0,5246.14530073
20201,1129000591,160,52,108,0,18,35,20,50,37,0,4,11,2,19,16,0,14,24,18,31,21,6663.82873504
20201,1129000592,14,6,8,0,1,2,1,3,7,0,0,1,1,1,3,0,1,1,0,2,4,3894.73715712
20201,1129000593,9,1,8,0,1,2,3,2,1,0,0,0,0,0,1,0,1,2,3,2,0,2662.32106892
20201,1129000595,30,20,10,1,9,10,4,5,1,0,5,7,4,3,1,1,4,3,0,2,0,5676.7046914
20201,1129000596,5,1,4,0,3,1,1,0,0,0,0,0,1,0,0,0,3,1,0,0,0,1686.97972103
20201,1129000597,16,15,1,0,0,1,5,8,2,0,0,1,4,8,2,0,0,0,1,0,0,7609.66171191
20201,1129000598,9,4,5,0,6,1,0,1,1,0,3,0,0,1,0,0,3,1,0,0,1,938.028927433
20201,1129000600,4,1,3,0,1,0,0,1,2,0,0,0,0,0,1,0,1,0,0,1,1,1907.89325531
20201,1129000601,6,6,0,0,0,2,2,2,0,0,0,2,2,2,0,0,0,0,0,0,0,4871.77079929
20201,1129000602,8,5,3,0,0,0,1,4,3,0,0,0,0,2,3,0,0,0,1,2,0,4921.87835847
20201,1129000603,12,5,7,0,0,5,3,2,2,0,0,1,2,1,1,0,0,4,1,1,1,5263.74067975
20201,1129000604,54,49,5,3,23,13,10,4,1,3,21,12,9,3,1,0,2,1,1,1,0,2010.8517074
20201,1129000605,47,12,35,0,20,11,9,3,4,0,0,1,6,1,4,0,20,10,3,2,0,4003.49988732
20201,1129000607,51,8,43,0,21,16,4,6,4,0,0,3,1,1,3,0,21,13,3,5,1,68994.1344654
20201,1129000608,11,3,8,0,1,2,2,3,3,0,0,0,0,1,2,0,1,2,2,2,1,3124.22075666
20201,1129000609,4,1,3,0,0,1,0,0,3,0,0,0,0,0,1,0,0,1,0,0,2,1166.11048829
20201,1129000610,13,2,11,0,4,2,4,2,1,0,0,0,1,1,0,0,4,2,3,1,1,4836.51376301
20201,1129000611,4,3,1,0,1,1,0,0,2,0,1,1,0,0,1,0,0,0,0,0,1,3119.89985555
20201,1129000612,59,29,30,8,1,9,17,17,7,8,1,4,2,8,6,0,0,5,15,9,1,6324.36993047
20201,1129000613,1,1,0,0,0,0,0,0,1,0,0,0,0,0,1,0,0,0,0,0,0,3121.35319166
20201,1129000614,1,1,0,0,0,0,0,0,1,0,0,0,0,0,1,0,0,0,0,0,0,16336.6769814
20201,1129000617,15,11,4,0,1,2,7,5,0,0,1,1,4,5,0,0,0,1,3,0,0,6965.76464849
20201,1129000618,6,5,1,0,0,2,4,0,0,0,0,2,3,0,0,0,0,0,1,0,0,1358.76041947
20201,1129000619,3,2,1,0,0,0,1,1,1,0,0,0,0,1,1,0,0,0,1,0,0,9165.84179353
20201,1129000620,8,6,2,0,0,1,1,5,1,0,0,1,1,4,0,0,0,0,0,1,1,5582.26139068
20201,1129000623,23,16,7,1,2,4,9,2,5,1,1,3,8,2,1,0,1,1,1,0,4,6312.11690292
20201,1129000624,1,1,0,0,0,0,0,0,1,0,0,0,0,0,1,0,0,0,0,0,0,4073.47087871
20201,1129000625,100,21,79,0,18,30,29,17,6,0,5,3,4,4,5,0,13,27,25,13,1,22975.5460365
20201,1129000626,14,10,4,0,0,4,3,3,4,0,0,2,1,3,4,0,0,2,2,0,0,2776.82359155
20201,1129000628,2,2,0,0,0,1,0,0,1,0,0,1,0,0,1,0,0,0,0,0,0,1896.74297675
20201,1129000629,13,3,10,0,2,5,5,1,0,0,0,0,3,0,0,0,2,5,2,1,0,4551.06674819
20201,1129000631,2,1,1,0,1,0,0,0,1,0,1,0,0,0,0,0,0,0,0,0,1,1112.3063394
20201,1129000632,21,16,5,0,2,3,5,8,3,0,1,2,3,7,3,0,1,1,2,1,0,6503.32882222
20201,1129000633,3,3,0,0,0,0,0,3,0,0,0,0,0,3,0,0,0,0,0,0,0,1283.48139986
20201,1129000634,4,4,0,0,0,0,2,1,1,0,0,0,2,1,1,0,0,0,0,0,0,2672.64788193
20201,1129000636,78,58,20,0,6,20,19,28,5,0,1,12,15,26,4,0,5,8,4,2,1,4855.63914073
20201,1129000639,2,0,2,0,0,0,1,0,1,0,0,0,0,0,0,0,0,0,1,0,1,3292.56368116
20201,1129000640,89,25,64,1,8,30,20,26,4,0,1,8,5,8,3,1,7,22,15,18,1,4755.49564657
20201,1129000643,5,2,3,0,1,1,2,0,1,0,1,0,1,0,0,0,0,1,1,0,1,808.10269634
20201,1129000645,4,4,0,0,0,0,2,1,1,0,0,0,2,1,1,0,0,0,0,0,0,940.508483314
20201,1129000646,5,1,4,0,1,1,0,1,2,0,0,0,0,0,1,0,1,1,0,1,1,4479.38114258
20201,1129000647,17,5,12,0,8,6,1,0,2,0,1,2,1,0,1,0,7,4,0,0,1,1143.15161662
20201,1129000648,9,7,2,0,0,4,4,0,1,0,0,3,3,0,1,0,0,1,1,0,0,4866.52521645
20201,1129000655,4,2,2,0,2,0,1,1,0,0,0,0,1,1,0,0,2,0,0,0,0,4900.26869254
20201,1129000659,3,1,2,0,0,0,2,0,1,0,0,0,1,0,0,0,0,0,1,0,1,4392.09165753
20201,1129000661,2,2,0,0,0,0,0,1,1,0,0,0,0,1,1,0,0,0,0,0,0,2164.75701438
20201,1129000662,28,17,11,0,0,4,5,7,12,0,0,1,3,3,10,0,0,3,2,4,2,6949.62737076
20201,1129000664,18,14,4,0,1,4,3,4,6,0,0,2,2,4,6,0,1,2,1,0,0,2356.89097495
20201,1129000665,130,116,14,0,0,5,21,41,63,0,0,3,18,33,62,0,0,2,3,8,1,7379.49035939
20201,1129000669,34,21,13,1,5,4,6,12,6,0,2,2,1,10,6,1,3,2,5,2,0,1685.18047767
20201,1129000670,2,1,1,0,0,0,2,0,0,0,0,0,1,0,0,0,0,0,1,0,0,1294.96423569
20201,1129000672,11,3,8,0,0,1,0,6,4,0,0,0,0,1,2,0,0,1,0,5,2,5713.46465004
20201,1129000673,9,1,8,0,5,3,1,0,0,0,0,0,1,0,0,0,5,3,0,0,0,2509.59399613
20201,1129000674,8,5,3,0,1,1,0,4,2,0,1,0,0,3,1,0,0,1,0,1,1,3918.578309
20201,1129000679,153,34,119,0,10,19,40,52,32,0,2,6,8,11,7,0,8,13,32,41,25,6096.61899836
20201,1129000680,20,12,8,1,0,6,6,4,3,0,0,3,4,3,2,1,0,3,2,1,1,4333.18084148
20201,1129000681,62,26,36,1,27,10,8,14,2,0,13,4,2,5,2,1,14,6,6,9,0,4869.75500874
20201,1129000683,9,8,1,0,1,1,2,3,2,0,1,1,1,3,2,0,0,0,1,0,0,1752.87978491
20201,1129000684,154,82,72,0,31,34,34,33,22,0,8,20,22,18,14,0,23,14,12,15,8,3738.99523684
20201,1129000685,12,9,3,0,0,3,3,4,2,0,0,2,2,4,1,0,0,1,1,0,1,4592.83741425
20201,1129000690,4,3,1,0,0,0,0,3,1,0,0,0,0,2,1,0,0,0,0,1,0,4005.13853828
20201,1129000692,15,2,13,0,3,2,5,3,2,0,0,0,1,1,0,0,3,2,4,2,2,6129.40076765
20201,1129000695,6,4,2,0,0,1,1,1,3,0,0,1,0,1,2,0,0,0,1,0,1,2472.25712337
20201,1129000696,13,5,8,0,0,2,5,2,4,0,0,0,1,2,2,0,0,2,4,0,2,6057.95367591
20201,1129000697,19,4,15,0,0,0,0,13,6,0,0,0,0,4,0,0,0,0,0,9,6,6087.19119562
20201,1129000698,2,1,1,0,0,0,0,2,0,0,0,0,0,1,0,0,0,0,0,1,0,1985.0563129
20201,1129000700,107,58,49,1,4,12,22,29,39,1,2,8,8,9,30,0,2,4,14,20,9,5151.86605373
20201,1129000701,3,1,2,0,0,1,1,1,0,0,0,0,0,1,0,0,0,1,1,0,0,1456.7712311
20201,1129000702,26,10,16,0,4,7,8,2,5,0,1,4,0,1,4,0,3,3,8,1,1,9990.66616499
20201,1129000703,38,33,5,0,1,4,12,13,8,0,1,3,11,10,8,0,0,1,1,3,0,4548.97385831
20201,1129000706,11,6,5,0,1,6,3,1,0,0,0,4,1,1,0,0,1,2,2,0,0,11643.727626
20201,1129000713,65,40,25,0,20,27,12,6,0,0,11,14,10,5,0,0,9,13,2,1,0,5438.45813851
20201,1129000714,15,10,5,0,1,2,2,8,2,0,1,0,0,7,2,0,0,2,2,1,0,6700.82958602
20201,1129000716,25,3,22,0,1,2,1,0,21,0,0,2,0,0,1,0,1,0,1,0,20,7504.20334069
20201,1129000717,20,18,2,0,1,2,5,11,1,0,1,1,5,10,1,0,0,1,0,1,0,923.785981563
20201,1129000720,11,7,4,0,1,1,6,3,0,0,1,1,3,2,0,0,0,0,3,1,0,6136.7999923
20201,1129000722,67,35,32,0,9,19,17,20,2,0,4,7,11,12,1,0,5,12,6,8,1,5894.81091272
20201,1129000723,8,5,3,0,0,2,3,1,2,0,0,2,1,1,1,0,0,0,2,0,1,1944.3136627
20201,1129000724,2,2,0,0,0,2,0,0,0,0,0,2,0,0,0,0,0,0,0,0,0,2235.58839446
20201,1129000726,31,24,7,3,2,4,8,10,4,3,1,1,6,9,4,0,1,3,2,1,0,3738.97601094
20201,1129000732,3,3,0,0,0,0,2,1,0,0,0,0,2,1,0,0,0,0,0,0,0,3050.11966354
20201,1129000739,37,30,7,0,4,7,11,8,7,0,3,5,9,7,6,0,1,2,2,1,1,8202.46308964
20201,1129000740,145,97,48,0,7,36,38,41,23,0,3,17,25,31,21,0,4,19,13,10,2,9541.93127465
20201,1129000741,56,20,36,0,3,16,17,14,6,0,0,6,6,4,4,0,3,10,11,10,2,4143.61013048
20201,1129000742,3,2,1,0,0,0,1,2,0,0,0,0,0,2,0,0,0,0,1,0,0,1431.23791778
20201,1129000743,61,42,19,0,1,11,14,23,12,0,0,7,8,16,11,0,1,4,6,7,1,7113.146768
20201,1129000744,757,537,220,0,2,7,21,54,673,0,2,6,9,25,495,0,0,1,12,29,178,904.36961389
20201,1129000745,15,13,2,0,1,3,4,6,1,0,0,2,4,6,1,0,1,1,0,0,0,3710.29729485
20201,1129000746,2,2,0,0,0,1,1,0,0,0,0,1,1,0,0,0,0,0,0,0,0,2143.21195944
20201,1129000748,10,7,3,0,1,1,6,0,2,0,0,1,5,0,1,0,1,0,1,0,1,1118.38182539
20201,1129000749,8,7,1,0,0,3,5,0,0,0,0,3,4,0,0,0,0,0,1,0,0,948.530638041
20201,1129000756,58,36,22,0,19,13,19,7,0,0,9,6,17,4,0,0,10,7,2,3,0,4848.63238981
20201,1129000758,87,21,66,0,12,11,27,27,10,0,3,3,8,2,5,0,9,8,19,25,5,4746.70127887
20201,1129000759,8,6,2,0,0,3,2,1,2,0,0,1,2,1,2,0,0,2,0,0,0,4198.54580256
20201,1129000763,40,22,18,0,2,7,17,8,6,0,1,6,10,3,2,0,1,1,7,5,4,4077.80120428
20201,1129000767,1,0,1,0,0,1,0,0,0,0,0,0,0,0,0,0,0,1,0,0,0,3633.36732999
20201,1129000770,9,6,3,0,0,0,6,2,1,0,0,0,3,2,1,0,0,0,3,0,0,4494.64404784
20201,1129000773,2,0,2,0,0,0,2,0,0,0,0,0,0,0,0,0,0,0,2,0,0,3472.2940408
20201,1129000774,7,3,4,0,1,2,4,0,0,0,0,0,3,0,0,0,1,2,1,0,0,4345.99394664
20201,1129000775,9,2,7,0,1,4,2,2,0,0,0,1,0,1,0,0,1,3,2,1,0,3136.78108163
20201,1129000776,14,11,3,0,1,5,4,4,0,0,0,4,4,3,0,0,1,1,0,1,0,3585.98635768
20201,1129000780,1,1,0,0,0,0,0,1,0,0,0,0,0,1,0,0,0,0,0,0,0,9422.77781434
20201,1129000781,28,19,9,0,6,4,10,6,2,0,2,3,7,5,2,0,4,1,3,1,0,2547.94772849
20201,1129000782,24,8,16,3,3,4,11,2,1,0,0,2,5,0,1,3,3,2,6,2,0,5348.99714237
20201,1129000784,15,5,10,0,1,7,4,2,1,0,0,1,2,1,1,0,1,6,2,1,0,5119.40646325
20201,1129000787,10,4,6,0,5,2,1,1,1,0,1,2,0,0,1,0,4,0,1,1,0,3394.73541103
20201,1129000794,24,19,5,0,0,0,7,6,11,0,0,0,5,5,9,0,0,0,2,1,2,4926.52656172
20201,1129000796,12,8,4,0,0,0,2,4,6,0,0,0,1,3,4,0,0,0,1,1,2,4710.51065289
20201,1129000798,13,11,2,0,0,1,3,7,2,0,0,1,2,6,2,0,0,0,1,1,0,4172.81334224
20201,1129000800,23,20,3,0,5,2,5,6,5,0,5,2,3,6,4,0,0,0,2,0,1,9189.49733779
20201,1129000801,9,2,7,0,0,0,2,4,3,0,0,0,0,0,2,0,0,0,2,4,1,3116.91508343
20201,1129000802,2843,2591,252,0,311,1334,571,583,44,0,227,1193,545,582,44,0,84,141,26,1,0,1396.42794887
20201,1129000805,10,10,0,0,0,1,5,1,3,0,0,1,5,1,3,0,0,0,0,0,0,2544.69833752
20201,1129000806,7,7,0,0,1,1,2,3,0,0,1,1,2,3,0,0,0,0,0,0,0,4868.1024665
20201,1129000810,3,1,2,0,0,2,0,1,0,0,0,1,0,0,0,0,0,1,0,1,0,2902.12756064
20201,1129000811,106,87,19,2,12,20,28,21,23,1,6,18,24,19,19,1,6,2,4,2,4,4712.19466275
20201,1129000812,716,470,246,0,18,67,86,152,393,0,16,61,81,83,229,0,2,6,5,69,164,2416.06728545
20201,1129000814,1,0,1,0,0,0,0,0,1,0,0,0,0,0,0,0,0,0,0,0,1,3535.76576188
20201,1129000815,21,4,17,0,7,4,4,5,1,0,0,0,1,2,1,0,7,4,3,3,0,2705.47322857
20201,1129000818,22,12,10,0,2,4,5,8,3,0,2,3,3,2,2,0,0,1,2,6,1,5225.811889
20201,1129000819,99,23,76,0,17,14,21,39,8,0,1,7,10,3,2,0,16,7,11,36,6,5554.98911301
20201,1129000823,42,25,17,0,7,6,8,9,12,0,2,4,3,7,9,0,5,2,5,2,3,5420.59526373
20201,1129000826,45,35,10,1,8,8,10,15,3,1,5,7,6,13,3,0,3,1,4,2,0,4070.9246453
20201,1129000827,2,1,1,0,0,0,0,2,0,0,0,0,0,1,0,0,0,0,0,1,0,8345.35970478
20201,1129000829,8,3,5,0,1,2,2,2,1,0,0,2,1,0,0,0,1,0,1,2,1,838.622725244
20201,1129000831,2,1,1,0,0,0,0,2,0,0,0,0,0,1,0,0,0,0,0,1,0,4537.91626988
20201,1129000832,9,2,7,0,0,0,4,3,2,0,0,0,0,1,1,0,0,0,4,2,1,2183.68107382
20201,1129000833,3,2,1,0,0,0,0,0,3,0,0,0,0,0,2,0,0,0,0,0,1,879.295476845
20201,1129000837,3,3,0,0,0,1,1,1,0,0,0,1,1,1,0,0,0,0,0,0,0,6468.44824669
20201,1129000840,1,0,1,0,0,0,1,0,0,0,0,0,0,0,0,0,0,0,1,0,0,3295.81688917
20201,1129000841,13,6,7,0,1,5,4,1,2,0,1,2,1,1,1,0,0,3,3,0,1,5206.56465917
20201,1129000842,27,8,19,0,6,7,7,4,3,0,1,2,2,1,2,0,5,5,5,3,1,41579.382174
20201,1129000848,4,4,0,0,0,0,2,2,0,0,0,0,2,2,0,0,0,0,0,0,0,3721.90256055
20201,1129000852,1324,924,400,0,185,375,407,339,18,0,68,233,313,295,15,0,117,142,94,44,3,2298.98810316
20201,1129000856,17,7,10,0,0,2,7,4,4,0,0,0,2,2,3,0,0,2,5,2,1,7003.62599755
20201,1129000858,6,2,4,0,1,0,1,0,4,0,0,0,0,0,2,0,1,0,1,0,2,6460.11439249
20201,1129000860,4,3,1,0,0,2,2,0,0,0,0,1,2,0,0,0,0,1,0,0,0,11302.0638409
20201,1129000865,11,2,9,0,0,1,6,4,0,0,0,0,2,0,0,0,0,1,4,4,0,5324.17018796
20201,1129000866,63,47,16,0,7,24,17,11,4,0,2,16,16,9,4,0,5,8,1,2,0,5136.25425065
20201,1129000867,23,6,17,0,4,3,8,7,1,0,1,0,1,4,0,0,3,3,7,3,1,5045.4005423
20201,1129000868,24,19,5,0,4,13,5,1,1,0,3,11,3,1,1,0,1,2,2,0,0,9852.24429658
20201,1129000874,2,2,0,0,0,0,1,1,0,0,0,0,1,1,0,0,0,0,0,0,0,1406.93640558
20201,1129000885,2,2,0,0,0,1,0,1,0,0,0,1,0,1,0,0,0,0,0,0,0,5231.8062761
20201,1129000893,241,226,15,0,10,91,87,39,14,0,9,87,84,33,13,0,1,4,3,6,1,2119.1117736
20201,1129000903,6,5,1,0,1,1,4,0,0,0,1,0,4,0,0,0,0,1,0,0,0,1007.05343671
20201,1129000907,3,2,1,0,0,0,2,1,0,0,0,0,1,1,0,0,0,0,1,0,0,48087.2623084
20201,1129000909,2,1,1,0,0,0,0,2,0,0,0,0,0,1,0,0,0,0,0,1,0,5166.2689427
20201,1129000918,16,0,16,0,5,2,5,4,0,0,0,0,0,0,0,0,5,2,5,4,0,14185.5072107
20201,1129000922,24,19,5,0,2,5,9,3,5,0,2,5,6,2,4,0,0,0,3,1,1,1524.11613458
20201,1129000928,185,109,76,0,23,27,34,38,63,0,7,15,22,23,42,0,16,12,12,15,21,1558.34090415
20201,1129000931,51,8,43,0,0,1,3,15,32,0,0,1,1,4,2,0,0,0,2,11,30,5185.99555115
20201,1129000932,4,3,1,0,0,1,1,2,0,0,0,1,1,1,0,0,0,0,0,1,0,2642.08715849
20201,1129000933,3,1,2,0,1,2,0,0,0,0,0,1,0,0,0,0,1,1,0,0,0,4002.61665704
20201,1129000936,2,1,1,0,0,0,0,2,0,0,0,0,0,1,0,0,0,0,0,1,0,1776.85046849
20201,1129000937,2,2,0,0,0,0,2,0,0,0,0,0,2,0,0,0,0,0,0,0,0,4500.351309
20201,1129000938,7,3,4,0,1,0,2,2,2,0,0,0,1,1,1,0,1,0,1,1,1,2365.00968403
20201,1129000943,3,0,3,0,0,0,0,2,1,0,0,0,0,0,0,0,0,0,0,2,1,11980.392721
20201,1129000945,2,1,1,0,0,0,1,1,0,0,0,0,1,0,0,0,0,0,0,1,0,1689.85260309
20201,1129000947,3,3,0,0,0,0,3,0,0,0,0,0,3,0,0,0,0,0,0,0,0,2011.29263515
20201,1129000948,11,3,8,0,1,0,0,7,3,0,0,0,0,3,0,0,1,0,0,4,3,4031.43145234
20201,1129000949,3,1,2,0,1,2,0,0,0,0,0,1,0,0,0,0,1,1,0,0,0,1465.83435404
20201,1129000950,2,1,1,0,0,0,2,0,0,0,0,0,1,0,0,0,0,0,1,0,0,4461.30782734
20201,1129000951,6,4,2,0,3,0,0,2,1,0,1,0,0,2,1,0,2,0,0,0,0,3920.70547856
20201,1129000953,3,1,2,0,0,0,2,1,0,0,0,0,1,0,0,0,0,0,1,1,0,2073.78218536
20201,1129000955,2,1,1,0,0,1,1,0,0,0,0,0,1,0,0,0,0,1,0,0,0,8279.33715161
20201,1129000961,8,0,8,0,0,1,5,2,0,0,0,0,0,0,0,0,0,1,5,2,0,1027.71170842
20201,1129000963,1,0,1,0,0,0,0,1,0,0,0,0,0,0,0,0,0,0,0,1,0,2936.63904732
20201,1129000966,5,3,2,0,1,1,2,1,0,0,0,1,1,1,0,0,1,0,1,0,0,3996.60147507
20201,1129000967,23,10,13,0,1,2,10,8,2,0,0,0,6,4,0,0,1,2,4,4,2,5835.11929548
20201,1129000968,21,16,5,0,3,5,1,6,6,0,3,4,1,5,3,0,0,1,0,1,3,5025.1413773
20201,1129000969,38,16,22,0,6,14,11,6,1,0,1,7,4,3,1,0,5,7,7,3,0,4441.18787613
20201,1129000975,23,4,19,0,5,4,7,6,1,0,0,2,0,1,1,0,5,2,7,5,0,2796.2155936
20201,1129000977,4,3,1,0,0,1,2,1,0,0,0,1,1,1,0,0,0,0,1,0,0,4341.64748414
20201,1129000978,5,2,3,0,0,0,1,4,0,0,0,0,0,2,0,0,0,0,1,2,0,1726.0931747
20201,1129000980,76,60,16,1,6,15,21,16,17,0,5,9,19,14,13,1,1,6,2,2,4,5095.56778035
20201,1129000981,1,1,0,0,0,0,0,1,0,0,0,0,0,1,0,0,0,0,0,0,0,1652.94656966
20201,1129000985,4,3,1,0,0,0,0,2,2,0,0,0,0,1,2,0,0,0,0,1,0,3395.58049285
20201,1129000986,4,1,3,0,0,2,1,0,1,0,0,0,0,0,1,0,0,2,1,0,0,4952.45455533
20201,1129000989,4,3,1,0,1,0,1,0,2,0,0,0,1,0,2,0,1,0,0,0,0,3070.24257225
20201,1129000991,3,2,1,0,0,0,0,1,2,0,0,0,0,1,1,0,0,0,0,0,1,2224.03921715
20201,1129000992,3,1,2,0,0,1,1,0,1,0,0,0,0,0,1,0,0,1,1,0,0,2179.81448763
20201,1129000993,77,10,67,0,12,23,28,12,2,0,3,2,4,1,0,0,9,21,24,11,2,23159.967845
20201,1129000994,70,32,38,0,12,11,14,29,4,0,12,6,7,4,3,0,0,5,7,25,1,6404.97706942
20201,1129000996,13,11,2,0,1,2,5,5,0,0,1,0,5,5,0,0,0,2,0,0,0,4348.20984225
20201,1129001000,20,5,15,0,3,1,10,4,2,0,1,0,1,2,1,0,2,1,9,2,1,2206.90975883
20201,1129001001,24,18,6,0,3,9,4,6,2,0,1,6,4,5,2,0,2,3,0,1,0,2175.0936737
20201,1129001004,3,2,1,0,0,0,0,3,0,0,0,0,0,2,0,0,0,0,0,1,0,841.776469571
20201,1129001005,6,4,2,0,0,0,0,2,4,0,0,0,0,2,2,0,0,0,0,0,2,5383.81920806
20201,1129001013,1,0,1,0,0,0,1,0,0,0,0,0,0,0,0,0,0,0,1,0,0,1362.66134975
20201,1129001014,2,0,2,0,1,0,1,0,0,0,0,0,0,0,0,0,1,0,1,0,0,2521.91071702
20201,1129001017,4,1,3,1,1,0,0,2,0,0,0,0,0,1,0,1,1,0,0,1,0,547.046863162
20201,1129001018,1,1,0,0,0,0,1,0,0,0,0,0,1,0,0,0,0,0,0,0,0,6064.97069654
20201,1129001023,3,2,1,0,0,2,0,0,1,0,0,1,0,0,1,0,0,1,0,0,0,3199.33517688
20201,1129001025,5,2,3,0,0,2,2,1,0,0,0,1,1,0,0,0,0,1,1,1,0,3103.11723382
20201,1129001028,12,11,1,0,2,3,2,5,0,0,2,3,2,4,0,0,0,0,0,1,0,9120.23713948
20201,1129001030,2,2,0,0,1,0,0,1,0,0,1,0,0,1,0,0,0,0,0,0,0,1108.05236748
20201,1129001032,3,2,1,0,0,1,1,1,0,0,0,0,1,1,0,0,0,1,0,0,0,4876.98694464
20201,1129001037,25,10,15,0,0,8,8,5,4,0,0,1,2,3,4,0,0,7,6,2,0,3751.77947069
20201,1129001038,13,11,2,0,2,2,2,5,2,0,2,1,2,4,2,0,0,1,0,1,0,3626.80682001
20201,1129001042,5,4,1,0,0,0,2,2,1,0,0,0,1,2,1,0,0,0,1,0,0,1140.02472102
20201,1129001043,82,49,33,0,13,18,23,13,15,0,5,11,13,6,14,0,8,7,10,7,1,5254.32926294
20201,1129001044,6,5,1,0,0,0,1,0,5,0,0,0,0,0,5,0,0,0,1,0,0,4353.42759836
20201,1129001045,2,0,2,0,0,2,0,0,0,0,0,0,0,0,0,0,0,2,0,0,0,1745.5788188
20201,1129001046,10,2,8,0,2,1,6,0,1,0,0,0,1,0,1,0,2,1,5,0,0,5524.71091009
20201,1129001047,10,6,4,0,0,1,1,5,3,0,0,0,1,3,2,0,0,1,0,2,1,1830.36775806
20201,1129001051,7,5,2,0,5,0,2,0,0,0,4,0,1,0,0,0,1,0,1,0,0,5735.56898147
20201,1129001052,8,3,5,0,1,3,2,1,1,0,0,1,1,0,1,0,1,2,1,1,0,2746.02079493
20201,1129001054,6,4,2,0,0,3,3,0,0,0,0,2,2,0,0,0,0,1,1,0,0,1503.74960553
20201,1129001055,101,58,43,0,6,18,20,23,34,0,4,17,11,12,14,0,2,1,9,11,20,6147.10025989
20201,1129001056,4,3,1,0,0,2,1,0,1,0,0,1,1,0,1,0,0,1,0,0,0,1075.18881478
20201,1129001057,7,2,5,0,0,2,1,2,2,0,0,0,1,0,1,0,0,2,0,2,1,6251.77217275
20201,1129001058,21,15,6,0,0,3,4,7,7,0,0,2,2,6,5,0,0,1,2,1,2,2296.71578448
20201,1129001059,83,35,48,0,11,16,22,21,13,0,3,5,12,6,9,0,8,11,10,15,4,4413.11239033
20201,1129001060,9,3,6,0,0,1,2,3,3,0,0,1,0,1,1,0,0,0,2,2,2,3498.04703902
20201,1129001061,11,4,7,0,1,4,2,1,3,0,0,0,2,1,1,0,1,4,0,0,2,7049.04775842
20201,1129001063,11,9,2,0,0,1,1,3,6,0,0,1,1,1,6,0,0,0,0,2,0,1505.11098439
20201,1129001066,3,1,2,0,1,1,0,0,1,0,0,0,0,0,1,0,1,1,0,0,0,4832.92958376
20201,1129001067,3,2,1,0,0,0,0,1,2,0,0,0,0,1,1,0,0,0,0,0,1,1016.29541208
20201,1129001068,107,32,75,0,20,23,17,28,19,0,5,12,5,5,5,0,15,11,12,23,14,5273.02720483
20201,1129001069,30,7,23,0,3,6,9,10,2,0,0,1,3,3,0,0,3,5,6,7,2,7790.76766504
20201,1129001070,43,22,21,0,7,8,10,9,9,0,0,2,9,4,7,0,7,6,1,5,2,7140.29290074
20201,1129001071,13,9,4,0,2,4,3,2,2,0,1,3,3,1,1,0,1,1,0,1,1,4726.6933964
20201,1129001074,73,26,47,0,4,6,9,26,28,0,4,4,4,11,3,0,0,2,5,15,25,5494.36833374
20201,1129001078,38,8,30,0,4,14,12,8,0,0,0,2,3,3,0,0,4,12,9,5,0,5059.85190985
20201,1129001079,5,5,0,0,0,1,1,0,3,0,0,1,1,0,3,0,0,0,0,0,0,4938.48442309
20201,1129001081,21,11,10,0,1,1,11,5,3,0,0,0,7,2,2,0,1,1,4,3,1,5816.87580394
20201,1129001084,3,2,1,0,0,0,1,1,1,0,0,0,1,1,0,0,0,0,0,0,1,1218.13032825
20201,1129001086,4,3,1,0,1,0,0,3,0,0,1,0,0,2,0,0,0,0,0,1,0,1258.83208564
20201,1129001087,1888,974,914,2,173,552,489,562,110,2,59,199,237,388,89,0,114,353,252,174,21,4652.20452983
20201,1129001089,36,11,25,1,9,3,9,12,2,1,2,1,3,2,2,0,7,2,6,10,0,6911.31536168
20201,1129001090,41,25,16,0,0,5,7,14,15,0,0,3,4,10,8,0,0,2,3,4,7,8753.21672797
20201,1129001091,72,38,34,0,14,13,24,13,8,0,8,9,8,8,5,0,6,4,16,5,3,4886.54686968
20201,1129001093,11,7,4,0,1,4,2,2,2,0,0,2,2,1,2,0,1,2,0,1,0,2522.29532956
20201,1129001094,23,11,12,0,2,4,9,3,5,0,0,1,6,2,2,0,2,3,3,1,3,4647.07777335
20201,1129001096,10,5,5,0,1,1,1,3,4,0,0,1,0,2,2,0,1,0,1,1,2,4122.46900647
20201,1129001097,3,2,1,0,0,0,1,0,2,0,0,0,1,0,1,0,0,0,0,0,1,2761.41092864
20201,1129001098,569,476,93,0,50,99,195,215,10,0,28,69,161,211,7,0,22,30,34,4,3,8358.05920776
20201,1129001101,7,3,4,0,1,1,4,0,1,0,1,0,1,0,1,0,0,1,3,0,0,4987.15848152
20201,1129001103,7,6,1,0,0,1,4,0,2,0,0,1,3,0,2,0,0,0,1,0,0,489.322619795
20201,1129001104,74,3,71,0,2,4,4,23,41,0,0,0,0,1,2,0,2,4,4,22,39,4061.42766531
20201,1129001105,13,5,8,0,1,5,2,5,0,0,0,2,1,2,0,0,1,3,1,3,0,4728.46195577
20201,1129001108,63,11,52,1,5,15,13,19,10,0,1,1,1,5,3,1,4,14,12,14,7,4633.23802407
20201,1129001111,1440,504,936,0,168,388,622,235,27,0,45,127,183,129,20,0,123,261,439,106,7,3581.21371223
20201,1129001115,10,5,5,0,2,2,5,1,0,0,0,1,3,1,0,0,2,1,2,0,0,1857.22107275
20201,1129001117,42,28,14,0,15,15,8,3,1,0,9,8,7,3,1,0,6,7,1,0,0,5669.0010691
20201,1129001120,4,2,2,0,0,0,1,1,2,0,0,0,0,1,1,0,0,0,1,0,1,4580.96899217
20201,1129001122,97,36,61,1,32,5,12,19,28,1,11,3,6,3,12,0,21,2,6,16,16,7421.26712276
20201,1129001123,2,1,1,0,0,0,0,0,2,0,0,0,0,0,1,0,0,0,0,0,1,1696.64153036
20201,1129001129,19,6,13,0,3,3,5,5,3,0,0,2,1,3,0,0,3,1,4,2,3,3607.41567548
20201,1129001130,6,0,6,0,0,0,1,1,4,0,0,0,0,0,0,0,0,0,1,1,4,2583.55293079
20201,1129001131,23,5,18,0,2,8,6,4,3,0,0,0,2,1,2,0,2,8,4,3,1,4133.48659791
20201,1129001133,95,66,29,0,8,14,24,15,34,0,4,10,20,7,25,0,4,4,4,8,9,3183.55152703
20201,1129001135,2,1,1,0,0,0,0,2,0,0,0,0,0,1,0,0,0,0,0,1,0,2058.40180891
20201,1129001136,10,8,2,0,1,4,3,2,0,0,0,4,2,2,0,0,1,0,1,0,0,3266.05569003
20201,1129001138,4,2,2,0,1,0,1,2,0,0,0,0,1,1,0,0,1,0,0,1,0,585.791870285
20201,1129001139,2,0,2,0,0,0,1,0,1,0,0,0,0,0,0,0,0,0,1,0,1,1302.75915144
20201,1129001140,28,5,23,0,6,8,7,7,0,0,0,0,2,3,0,0,6,8,5,4,0,3436.02822603
20201,1129001141,42,10,32,1,11,9,12,3,6,0,0,0,4,1,5,1,11,9,8,2,1,3221.74481827
20201,1129001142,66,57,9,0,5,9,27,20,5,0,4,8,22,18,5,0,1,1,5,2,0,5276.16119067
20201,1129001148,9,0,9,0,0,1,6,1,1,0,0,0,0,0,0,0,0,1,6,1,1,2789.06820654
20201,1129001160,26,23,3,0,2,0,6,10,8,0,1,0,6,8,8,0,1,0,0,2,0,2685.46833113
20201,1129001162,10,0,10,0,5,1,3,1,0,0,0,0,0,0,0,0,5,1,3,1,0,1353.70511579
20201,1129001177,2,1,1,0,0,0,1,1,0,0,0,0,0,1,0,0,0,0,1,0,0,2909.55795781
20201,1129001189,7,0,7,0,0,1,3,3,0,0,0,0,0,0,0,0,0,1,3,3,0,1309.27820178
20201,1129001193,5,5,0,0,0,0,0,0,5,0,0,0,0,0,5,0,0,0,0,0,0,1998.83080038
20201,1129001197,2,1,1,0,1,0,0,1,0,0,1,0,0,0,0,0,0,0,0,1,0,99605.7962169
20201,1129001209,3,1,2,0,1,1,1,0,0,0,0,1,0,0,0,0,1,0,1,0,0,1209.571331
20201,1129001212,63,40,23,0,4,6,14,14,25,0,3,3,8,9,17,0,1,3,6,5,8,3228.87013375
20201,1129001213,11,11,0,0,0,0,5,3,3,0,0,0,5,3,3,0,0,0,0,0,0,11869.6987014
20201,1129001216,2,2,0,0,0,0,1,0,1,0,0,0,1,0,1,0,0,0,0,0,0,1419.54481761
20201,1129001222,5,1,4,0,0,2,2,0,1,0,0,0,0,0,1,0,0,2,2,0,0,1470.5223192
20201,1129001224,12,9,3,0,1,1,3,4,3,0,0,1,2,3,3,0,1,0,1,1,0,4565.34861939
20201,1129001225,281,216,65,3,41,118,74,36,9,0,15,96,63,33,9,3,26,22,11,3,0,10829.4942014
20201,1129001229,23,12,11,0,1,5,7,7,3,0,1,2,3,4,2,0,0,3,4,3,1,5993.1940868
20201,1129001230,2,1,1,0,0,0,0,1,1,0,0,0,0,0,1,0,0,0,0,1,0,2293.41197725
20201,1129001231,3,2,1,0,0,1,2,0,0,0,0,0,2,0,0,0,0,1,0,0,0,936.311347998
20201,1129001233,2,1,1,0,0,0,1,0,1,0,0,0,0,0,1,0,0,0,1,0,0,1892.3058786
20201,1129001234,8,3,5,0,0,3,0,5,0,0,0,2,0,1,0,0,0,1,0,4,0,1664.17872038
20201,1129001236,3,1,2,0,0,0,3,0,0,0,0,0,1,0,0,0,0,0,2,0,0,2740.33162369
20201,1129001237,9,6,3,0,0,1,2,2,4,0,0,0,2,2,2,0,0,1,0,0,2,4341.85360475
20201,1129001244,2,0,2,0,0,0,1,0,1,0,0,0,0,0,0,0,0,0,1,0,1,1992.77634823
20201,1129001248,2,2,0,0,0,0,1,1,0,0,0,0,1,1,0,0,0,0,0,0,0,1114.64235579
20201,1129001249,15,13,2,0,1,2,4,3,5,0,1,2,3,3,4,0,0,0,1,0,1,2931.45226285
20201,1129001251,3,2,1,0,0,0,1,2,0,0,0,0,1,1,0,0,0,0,0,1,0,923.601009438
20201,1129001252,3,2,1,0,0,2,1,0,0,0,0,1,1,0,0,0,0,1,0,0,0,2599.71738132
20201,1129001254,6,5,1,0,1,1,3,0,1,0,1,1,2,0,1,0,0,0,1,0,0,5550.75628274
20201,1129001258,18,12,6,0,3,4,3,7,1,0,2,2,2,5,1,0,1,2,1,2,0,3363.37529125
20201,1129001282,1,0,1,0,0,0,1,0,0,0,0,0,0,0,0,0,0,0,1,0,0,754.959099717
20201,1129001285,51,41,10,0,4,7,10,15,15,0,3,4,7,13,14,0,1,3,3,2,1,658.550706345
20201,1129001289,5,1,4,0,1,0,1,2,1,0,0,0,0,1,0,0,1,0,1,1,1,3968.07642543
20201,1129001291,69,19,50,0,14,15,22,14,4,0,5,5,4,3,2,0,9,10,18,11,2,17632.6150367
20201,1129001292,20,15,5,0,0,4,1,3,12,0,0,1,1,2,11,0,0,3,0,1,1,4902.26588196
20201,1129001300,6,5,1,0,2,1,1,1,1,0,1,1,1,1,1,0,1,0,0,0,0,1001.19178283
20201,1129001301,13,10,3,0,0,5,2,6,0,0,0,4,1,5,0,0,0,1,1,1,0,1508.07996165
20201,1129001311,16,15,1,0,0,5,5,5,1,0,0,4,5,5,1,0,0,1,0,0,0,1419.37916464
20201,1129001315,13,8,5,0,1,4,2,5,1,0,0,3,1,3,1,0,1,1,1,2,0,7326.73988324
20201,1129001318,15,13,2,0,0,0,6,5,4,0,0,0,4,5,4,0,0,0,2,0,0,5437.55591509
20201,1129001320,4,1,3,0,0,2,0,1,1,0,0,1,0,0,0,0,0,1,0,1,1,1903.80143801
20201,1129001323,3,2,1,0,0,0,0,1,2,0,0,0,0,1,1,0,0,0,0,0,1,2120.45093986
20201,1129001326,2,1,1,0,1,0,0,1,0,0,1,0,0,0,0,0,0,0,0,1,0,918.664044957
20201,1129001327,22,19,3,0,0,8,6,7,1,0,0,7,5,6,1,0,0,1,1,1,0,4622.36804481
20201,1129001330,2,0,2,0,0,0,0,1,1,0,0,0,0,0,0,0,0,0,0,1,1,1084.26803368
20201,1129001334,4,4,0,0,0,4,0,0,0,0,0,4,0,0,0,0,0,0,0,0,0,5649.95803163
20201,1129001336,5,4,1,0,1,2,0,2,0,0,1,2,0,1,0,0,0,0,0,1,0,2715.72165908
20201,1129001346,4,2,2,0,0,0,2,1,1,0,0,0,1,1,0,0,0,0,1,0,1,2308.39439091
20201,1129001348,8,1,7,0,1,1,1,4,1,0,0,0,0,0,1,0,1,1,1,4,0,4790.86921001
20201,1129001350,95,50,45,0,14,19,24,17,21,0,1,9,13,10,17,0,13,10,11,7,4,3080.69931178
20201,1129001354,38,9,29,0,12,14,5,7,0,0,2,2,2,3,0,0,10,12,3,4,0,2816.14414283
20201,1129001360,92,77,15,0,22,21,14,30,5,0,22,17,8,25,5,0,0,4,6,5,0,2836.0672573
20201,1129001363,4,2,2,0,0,1,0,1,2,0,0,0,0,1,1,0,0,1,0,0,1,3231.17273356
20201,1129001364,18,17,1,0,1,3,4,6,4,0,1,3,4,5,4,0,0,0,0,1,0,2347.55049009
20201,1129001369,2,2,0,0,0,1,1,0,0,0,0,1,1,0,0,0,0,0,0,0,0,1727.63892008
20201,1129001371,5,1,4,0,2,0,0,2,1,0,0,0,0,1,0,0,2,0,0,1,1,3301.08702655
20201,1129001376,10,8,2,0,0,2,3,1,4,0,0,2,3,1,2,0,0,0,0,0,2,4852.52882864
20201,1129001379,6,4,2,0,1,0,1,4,0,0,1,0,0,3,0,0,0,0,1,1,0,2566.67596289
20201,1129001380,8,4,4,0,0,1,2,1,4,0,0,1,1,1,1,0,0,0,1,0,3,3835.571848
20201,1129001382,3,2,1,0,0,1,0,2,0,0,0,1,0,1,0,0,0,0,0,1,0,1341.3151994
20201,1129001384,11,7,4,0,0,5,2,3,1,0,0,3,2,1,1,0,0,2,0,2,0,2434.41465641
20201,1129001389,3,3,0,0,0,0,1,1,1,0,0,0,1,1,1,0,0,0,0,0,0,1455.30132018
20201,1129001391,3,2,1,0,0,0,1,2,0,0,0,0,1,1,0,0,0,0,0,1,0,4600.61349277
20201,1129001397,2,1,1,0,0,0,0,1,1,0,0,0,0,1,0,0,0,0,0,0,1,868.923957791
20201,1129001400,8,5,3,0,1,1,0,4,2,0,0,0,0,3,2,0,1,1,0,1,0,2443.09056824
20201,1129001402,8,6,2,0,0,2,2,3,1,0,0,1,2,2,1,0,0,1,0,1,0,1363.18684457
20201,1129001405,7,4,3,0,0,0,1,2,4,0,0,0,0,1,3,0,0,0,1,1,1,3773.12069376
20201,1129001409,7,4,3,0,3,2,1,1,0,0,2,1,1,0,0,0,1,1,0,1,0,3687.19811542
20201,1129001411,1,0,1,0,0,0,1,0,0,0,0,0,0,0,0,0,0,0,1,0,0,893.065313794
20201,1129001415,3,2,1,0,0,0,2,1,0,0,0,0,2,0,0,0,0,0,0,1,0,2578.26555068
20201,1129001416,16,8,8,0,2,3,6,4,1,0,0,1,4,2,1,0,2,2,2,2,0,2382.94063562
20201,1129001422,82,34,48,0,10,19,16,19,18,0,0,4,6,8,16,0,10,15,10,11,2,10522.4008775
20201,1129001424,71,57,14,0,4,10,20,34,3,0,3,5,14,32,3,0,1,5,6,2,0,5099.14970665
20201,1129001427,9,4,5,0,0,0,1,6,2,0,0,0,0,3,1,0,0,0,1,3,1,2764.31163355
20201,1129001428,58,25,33,0,6,15,15,17,5,0,3,4,5,9,4,0,3,11,10,8,1,24849.9049279
20201,1129001430,40,39,1,0,2,3,4,23,8,0,2,3,3,23,8,0,0,0,1,0,0,1719.2810491
20201,1129001433,1,0,1,0,0,1,0,0,0,0,0,0,0,0,0,0,0,1,0,0,0,4161.82129936
20201,1129001434,8,8,0,0,0,2,2,1,3,0,0,2,2,1,3,0,0,0,0,0,0,3140.00692645
20201,1129001436,3,3,0,0,0,0,1,0,2,0,0,0,1,0,2,0,0,0,0,0,0,1922.30098389
20201,1129001437,4,2,2,0,1,1,0,2,0,0,0,1,0,1,0,0,1,0,0,1,0,1054.98095312
20201,1129001440,37,8,29,0,2,7,11,12,5,0,2,1,1,0,4,0,0,6,10,12,1,12902.9829544
20201,1129001441,3,1,2,0,2,0,0,1,0,0,1,0,0,0,0,0,1,0,0,1,0,2441.66146192
20201,1129001442,10,10,0,0,0,3,5,2,0,0,0,3,5,2,0,0,0,0,0,0,0,2677.91136473
20201,1129001444,9,3,6,0,3,1,1,4,0,0,1,0,1,1,0,0,2,1,0,3,0,8911.19997696
20201,1129001445,1,0,1,0,0,0,0,1,0,0,0,0,0,0,0,0,0,0,0,1,0,2572.54803552
20201,1129001446,129,54,75,1,31,34,27,12,24,0,6,10,19,8,11,1,25,24,8,4,13,6222.99353583
20201,1129001449,10,8,2,0,4,1,1,3,1,0,3,1,1,2,1,0,1,0,0,1,0,1638.67995197
20201,1129001450,41,39,2,0,1,5,4,13,18,0,1,4,4,12,18,0,0,1,0,1,0,3137.43463678
20201,1129001451,3,2,1,0,0,0,1,1,1,0,0,0,1,1,0,0,0,0,0,0,1,1471.26951474
20201,1129001454,44,39,5,0,0,2,7,12,23,0,0,2,4,11,22,0,0,0,3,1,1,3278.69548523
20201,1129001457,4,3,1,0,0,1,0,2,1,0,0,1,0,1,1,0,0,0,0,1,0,2809.34675755
20201,1129001465,6,5,1,0,0,0,3,2,1,0,0,0,2,2,1,0,0,0,1,0,0,4592.43662789
20201,1129001468,6,2,4,0,0,2,1,2,1,0,0,1,0,1,0,0,0,1,1,1,1,5275.84700193
20201,1129001471,9,4,5,0,0,3,1,0,5,0,0,0,0,0,4,0,0,3,1,0,1,3885.02788991
20201,1129001473,6,5,1,0,0,0,4,2,0,0,0,0,3,2,0,0,0,0,1,0,0,1611.55927305
20201,1129001476,12,10,2,0,2,1,4,3,2,0,2,1,4,1,2,0,0,0,0,2,0,3534.0133398
20201,1129001489,907,703,204,0,4,10,19,44,830,0,0,7,6,26,664,0,4,3,13,18,166,3463.59476813
20201,1129001491,3,1,2,0,0,0,3,0,0,0,0,0,1,0,0,0,0,0,2,0,0,3906.08988199
20201,1129001498,19,12,7,0,0,2,6,5,6,0,0,1,4,2,5,0,0,1,2,3,1,1347.21113131
20201,1129001499,4,4,0,0,3,1,0,0,0,0,3,1,0,0,0,0,0,0,0,0,0,1754.1850392
20201,1129001500,4,1,3,0,0,1,3,0,0,0,0,0,1,0,0,0,0,1,2,0,0,863.468436994
20201,1129001503,37,34,3,0,4,7,7,9,10,0,3,6,6,9,10,0,1,1,1,0,0,6648.95313586
20201,1129001508,23,11,12,0,1,0,9,9,4,0,1,0,4,3,3,0,0,0,5,6,1,2775.16339585
20201,1129001511,6,2,4,0,0,1,3,2,0,0,0,0,0,2,0,0,0,1,3,0,0,2425.55832245
20201,1129001512,3,3,0,0,0,0,3,0,0,0,0,0,3,0,0,0,0,0,0,0,0,2482.12818792
20201,1129001516,3,1,2,0,0,0,1,2,0,0,0,0,0,1,0,0,0,0,1,1,0,10269.6729421
20201,1129001517,8,2,6,0,4,1,3,0,0,0,1,0,1,0,0,0,3,1,2,0,0,2946.1416121
20201,1129001520,24,19,5,0,0,0,3,4,17,0,0,0,2,3,14,0,0,0,1,1,3,112264.001808
20201,1129001527,21,3,18,1,3,7,6,3,1,0,1,0,1,0,1,1,2,7,5,3,0,1815.25704643
20201,1129001529,836,443,393,10,107,148,194,210,167,8,67,96,91,95,86,2,40,52,103,115,81,3244.91565666
20201,1129001533,12,6,6,0,1,2,5,3,1,0,1,2,0,2,1,0,0,0,5,1,0,7005.07258843
20201,1129001541,4,2,2,0,0,0,3,1,0,0,0,0,1,1,0,0,0,0,2,0,0,5582.10152217
20201,1129001542,35,21,14,0,6,12,6,9,2,0,0,8,5,7,1,0,6,4,1,2,1,10809.4800919
20201,1129001543,9,5,4,0,2,4,2,0,1,0,2,2,1,0,0,0,0,2,1,0,1,4252.23772058
20201,1129001544,13,7,6,0,2,2,3,3,3,0,1,1,3,0,2,0,1,1,0,3,1,2769.46438583
20201,1129001546,41,13,28,4,14,5,9,8,1,0,3,3,3,4,0,4,11,2,6,4,1,3700.23516321
20201,1129001547,8,4,4,0,0,1,1,2,4,0,0,0,0,1,3,0,0,1,1,1,1,2283.89334788
20201,1129001549,3,2,1,0,0,0,0,1,2,0,0,0,0,0,2,0,0,0,0,1,0,3082.87086879
20201,1129001550,17,7,10,0,4,4,0,5,4,0,0,0,0,5,2,0,4,4,0,0,2,3963.01710403
20201,1129001551,3,2,1,0,0,0,2,1,0,0,0,0,1,1,0,0,0,0,1,0,0,1255.51300215
20201,1129001552,11,4,7,0,3,4,0,4,0,0,0,2,0,2,0,0,3,2,0,2,0,2288.87004357
20201,1129001553,3,0,3,0,0,1,1,0,1,0,0,0,0,0,0,0,0,1,1,0,1,1312.89575304
20201,1129001554,20,13,7,0,0,3,4,10,3,0,0,1,1,9,2,0,0,2,3,1,1,4500.72589937
20201,1129001556,2,1,1,0,0,0,1,0,1,0,0,0,0,0,1,0,0,0,1,0,0,2130.03979263
20201,1129001557,22,10,12,0,3,2,5,4,8,0,2,0,2,2,4,0,1,2,3,2,4,1823.5022601
20201,1129001558,4,2,2,0,0,0,4,0,0,0,0,0,2,0,0,0,0,0,2,0,0,4102.41936634
20201,1129001561,2,1,1,0,0,0,1,0,1,0,0,0,0,0,1,0,0,0,1,0,0,1632.12625983
20201,1129001564,2,1,1,0,0,0,1,0,1,0,0,0,0,0,1,0,0,0,1,0,0,13747.5201953
20201,1129001566,8,5,3,0,1,0,2,3,2,0,0,0,2,2,1,0,1,0,0,1,1,2783.57534131
20201,1129001567,3,0,3,0,1,0,0,2,0,0,0,0,0,0,0,0,1,0,0,2,0,10023.0335707
20201,1129001568,24,14,10,0,2,6,2,7,7,0,0,2,2,5,5,0,2,4,0,2,2,4343.0355389
20201,1129001569,26,13,13,0,3,5,8,5,5,0,1,2,4,2,4,0,2,3,4,3,1,14381.065832
20201,1129001570,13,10,3,0,0,3,2,5,3,0,0,3,1,3,3,0,0,0,1,2,0,1730.01425553
20201,1129001571,432,90,342,1,41,96,188,103,3,0,11,40,30,7,2,1,30,56,158,96,1,3964.85927945
20201,1129001572,362,112,250,0,18,131,177,24,12,0,6,34,48,12,12,0,12,97,129,12,0,8056.7275957
20201,1129001573,5,4,1,0,0,3,0,1,1,0,0,2,0,1,1,0,0,1,0,0,0,3278.67060907
20201,1129001574,14,9,5,0,2,3,6,2,1,0,1,2,3,2,1,0,1,1,3,0,0,5029.25642128
20201,1129001575,45,16,29,0,8,7,8,14,8,0,3,3,0,6,4,0,5,4,8,8,4,8008.16925497
20201,1129001576,20,13,7,0,2,6,6,5,1,0,2,3,5,3,0,0,0,3,1,2,1,2056.06663506
20201,1129001577,59,11,48,0,11,11,6,29,2,0,2,4,5,0,0,0,9,7,1,29,2,4200.93537208
20201,1129001578,122,88,34,0,3,13,50,42,14,0,0,11,38,31,8,0,3,2,12,11,6,5359.15774984
20201,1129001580,12,1,11,0,1,2,2,3,4,0,0,0,0,0,1,0,1,2,2,3,3,2692.58656665
20201,1129001581,16,6,10,0,1,3,4,4,4,0,0,0,2,1,3,0,1,3,2,3,1,5943.67095631
20201,1129001582,5,1,4,0,2,0,1,1,1,0,1,0,0,0,0,0,1,0,1,1,1,3755.61358973
20201,1129001583,188,60,128,0,40,88,41,12,7,0,9,26,16,4,5,0,31,62,25,8,2,2705.58063208
20201,1129001584,682,558,124,3,110,218,218,92,41,3,79,184,190,69,33,0,31,34,28,23,8,12585.539396
20201,1129001585,62,15,47,0,4,22,21,13,2,0,0,7,3,4,1,0,4,15,18,9,1,18159.6794215
20201,1129001586,236,75,161,0,33,30,40,49,84,0,11,13,13,11,27,0,22,17,27,38,57,6965.9160308
20201,1129001588,23,9,14,0,4,5,5,6,3,0,2,0,2,2,3,0,2,5,3,4,0,28616.6529241
20201,1129001589,9,5,4,0,1,1,3,4,0,0,0,1,1,3,0,0,1,0,2,1,0,2947.70634045
20201,1129001590,27,17,10,1,2,9,7,6,2,0,2,6,4,4,1,1,0,3,3,2,1,4798.23307808
20201,1129001591,21,10,11,0,5,3,6,4,3,0,1,2,3,2,2,0,4,1,3,2,1,2138.14774143
20201,1129001595,16,12,4,0,0,7,1,6,2,0,0,5,0,5,2,0,0,2,1,1,0,1784.00920877
20201,1129001602,6,5,1,0,0,0,1,3,2,0,0,0,1,2,2,0,0,0,0,1,0,2389.19628428
20201,1129001604,7,2,5,0,2,0,3,2,0,0,1,0,0,1,0,0,1,0,3,1,0,13313.163929
20201,1129001607,60,51,9,0,1,11,10,24,14,0,1,5,9,23,13,0,0,6,1,1,1,7635.27289405
20201,1129001610,53,30,23,0,4,21,12,4,12,0,1,13,5,4,7,0,3,8,7,0,5,23111.2737032
20201,1129001611,19,18,1,0,6,5,2,3,3,0,6,5,2,3,2,0,0,0,0,0,1,9148.49375224
20201,1129001612,2,2,0,0,0,0,1,1,0,0,0,0,1,1,0,0,0,0,0,0,0,3095.44501609
20201,1129001616,124,24,100,0,14,20,35,50,5,0,7,4,7,5,1,0,7,16,28,45,4,8470.10363357
20201,1129001617,42,23,19,0,6,9,18,1,8,0,1,3,12,0,7,0,5,6,6,1,1,14624.148448
20201,1129001618,24,18,6,0,6,5,8,4,1,0,4,3,6,4,1,0,2,2,2,0,0,6027.49492595
20201,1129001619,3,1,2,0,0,2,0,0,1,0,0,0,0,0,1,0,0,2,0,0,0,1286.20306618
20201,1129001620,4,3,1,0,0,0,1,3,0,0,0,0,1,2,0,0,0,0,0,1,0,3699.48213505
20201,1129001624,1,1,0,0,0,0,1,0,0,0,0,0,1,0,0,0,0,0,0,0,0,1939.28228487
20201,1129001628,9,6,3,0,1,1,2,2,3,0,0,1,2,1,2,0,1,0,0,1,1,2708.79202984
20201,1129001629,8,8,0,0,2,0,4,1,1,0,2,0,4,1,1,0,0,0,0,0,0,3474.47241604
20201,1129001631,2,1,1,0,0,0,0,1,1,0,0,0,0,1,0,0,0,0,0,0,1,2526.9182402
20201,1129001640,2,2,0,0,0,0,0,2,0,0,0,0,0,2,0,0,0,0,0,0,0,6906.31589345
20201,1129001644,62,42,20,0,1,11,18,24,8,0,0,5,13,18,6,0,1,6,5,6,2,17096.9992394
20201,1129001645,6,2,4,0,0,1,1,0,4,0,0,0,1,0,1,0,0,1,0,0,3,1706.17310916
20201,1129001646,15,10,5,0,1,2,3,4,5,0,1,1,3,2,3,0,0,1,0,2,2,7776.28594244
20201,1129001649,6,3,3,0,1,1,0,2,2,0,1,0,0,1,1,0,0,1,0,1,1,3571.2929428
20201,1129001652,59,54,5,0,4,7,31,16,1,0,4,5,28,16,1,0,0,2,3,0,0,11076.9615897
20201,1129001653,1,1,0,0,0,0,0,0,1,0,0,0,0,0,1,0,0,0,0,0,0,531.4830948
20201,1129001657,20,12,8,0,3,1,4,6,6,0,1,1,1,4,5,0,2,0,3,2,1,7318.72766697
20201,1129001659,117,110,7,0,23,26,40,21,7,0,19,24,39,21,7,0,4,2,1,0,0,4489.0919205
20201,1129001660,2,0,2,0,0,0,0,1,1,0,0,0,0,0,0,0,0,0,0,1,1,1786.09024829
20201,1129001661,3,2,1,0,1,1,0,1,0,0,0,1,0,1,0,0,1,0,0,0,0,4540.41539848
20201,1129001663,3,1,2,0,1,0,0,2,0,0,0,0,0,1,0,0,1,0,0,1,0,2767.61504058
20201,1129001666,35,4,31,0,7,11,10,7,0,0,0,1,2,1,0,0,7,10,8,6,0,13506.0754743
20201,1129001668,20,11,9,0,1,4,5,2,8,0,0,2,4,1,4,0,1,2,1,1,4,8051.24339719
20201,1129001669,3,2,1,0,1,0,0,1,1,0,1,0,0,0,1,0,0,0,0,1,0,4217.65010909
20201,1129001670,2,1,1,0,0,0,1,1,0,0,0,0,0,1,0,0,0,0,1,0,0,4432.79953572
20201,1129001673,107,36,71,0,5,23,47,26,6,0,1,5,15,11,4,0,4,18,32,15,2,42048.6372977
20201,1129001674,6,5,1,0,0,1,0,5,0,0,0,1,0,4,0,0,0,0,0,1,0,5319.85616062
20201,1129001675,8,4,4,0,1,5,1,1,0,0,0,4,0,0,0,0,1,1,1,1,0,4405.43144491
20201,1129001677,5,3,2,0,0,1,2,1,1,0,0,1,1,1,0,0,0,0,1,0,1,18777.2333451
20201,1129001678,253,207,46,5,27,75,82,40,24,1,11,70,74,34,17,4,16,5,8,6,7,31709.101242
20201,1129001680,275,110,165,0,46,115,62,31,21,0,12,37,35,12,14,0,34,78,27,19,7,31423.9957706
20201,1129001681,159,124,35,6,42,59,35,11,6,6,36,54,23,5,0,0,6,5,12,6,6,4056.36903134
20201,1129001683,56,29,27,0,4,9,16,19,8,0,2,2,6,13,6,0,2,7,10,6,2,57347.5502962
20201,1129001685,31,17,14,0,6,10,9,4,2,0,4,8,4,0,1,0,2,2,5,4,1,9737.43556297
20201,1129001686,292,231,61,0,42,76,122,35,17,0,24,64,106,28,9,0,18,12,16,7,8,11872.4971689
20201,1129001687,15,3,12,0,6,3,2,3,1,0,0,0,0,2,1,0,6,3,2,1,0,6060.75766147
20201,1129001691,34,26,8,0,4,6,12,5,7,0,2,4,9,5,6,0,2,2,3,0,1,3565.23037215
20201,1129001695,29,10,19,0,3,2,7,8,9,0,2,2,4,1,1,0,1,0,3,7,8,9635.54196006
20201,1129001696,8,5,3,0,0,0,3,4,1,0,0,0,2,2,1,0,0,0,1,2,0,21940.0663842
20201,1129001697,287,166,121,3,123,71,40,34,16,0,56,46,29,24,11,3,67,25,11,10,5,3701.5317609
20201,1129001698,113,56,57,0,14,35,33,25,6,0,4,14,13,20,5,0,10,21,20,5,1,36366.1105139
20201,1129001699,203,155,48,0,19,62,53,60,9,0,13,46,43,45,8,0,6,16,10,15,1,18370.718007
20201,1129001701,55,33,22,0,9,10,11,13,12,0,5,7,7,7,7,0,4,3,4,6,5,14579.7433132
20201,1129001706,10,4,6,0,2,1,1,2,4,0,0,0,0,1,3,0,2,1,1,1,1,8823.65887523
20201,1129001707,100,41,59,0,17,42,34,5,2,0,5,12,20,2,2,0,12,30,14,3,0,2298.36418357
20201,1129001710,7,3,4,0,1,0,4,0,2,0,0,0,1,0,2,0,1,0,3,0,0,9280.69115543
20201,1129001711,1,1,0,0,0,0,0,0,1,0,0,0,0,0,1,0,0,0,0,0,0,3813.48944324
20201,1129001712,389,264,125,3,93,154,89,33,17,0,50,111,61,26,16,3,43,43,28,7,1,50964.5354988
20201,1129001713,7,6,1,0,0,0,3,2,2,0,0,0,2,2,2,0,0,0,1,0,0,15040.4546882
20201,1129001714,2,1,1,0,0,0,1,1,0,0,0,0,1,0,0,0,0,0,0,1,0,61113.2339719
20201,1129001717,5,3,2,0,0,0,3,1,1,0,0,0,2,0,1,0,0,0,1,1,0,2859.45799565
20201,1129001718,20,20,0,0,1,2,4,10,3,0,1,2,4,10,3,0,0,0,0,0,0,5182.60388761
20201,1129001720,113,81,32,0,9,24,27,35,18,0,3,17,20,25,16,0,6,7,7,10,2,14588.5181186
20201,1129001721,2,2,0,0,0,1,0,0,1,0,0,1,0,0,1,0,0,0,0,0,0,35726.6010143
20201,1129001722,115,50,65,3,39,21,21,23,8,1,20,10,12,6,1,2,19,11,9,17,7,208944.212216
20201,1129001723,1007,400,607,4,392,409,176,22,4,1,168,178,43,6,4,3,224,231,133,16,0,17351.2547931
20201,1129001725,115,105,10,0,14,26,36,30,9,0,11,24,33,29,8,0,3,2,3,1,1,3211.27340679
20201,1129001727,60,37,23,0,16,23,16,4,1,0,10,15,9,3,0,0,6,8,7,1,1,11404.1999449
20201,1129001728,122,113,9,0,0,3,13,52,54,0,0,1,11,49,52,0,0,2,2,3,2,10298.3745181
20201,1129001729,39,21,18,0,9,8,16,5,1,0,1,3,13,4,0,0,8,5,3,1,1,14429.3177552
20201,1129001731,352,338,14,0,36,100,101,105,10,0,32,96,96,105,9,0,4,4,5,0,1,15322.0620527
20201,1129001732,22,14,8,0,3,5,4,8,2,0,3,4,2,4,1,0,0,1,2,4,1,7008.62593422
20201,1129001733,507,385,122,1,154,156,83,102,11,0,74,127,72,102,10,1,80,29,11,0,1,14141.332928
20201,1129001734,11,5,6,0,4,1,2,2,2,0,1,1,1,1,1,0,3,0,1,1,1,16218.749889
20201,1129001735,2,1,1,0,1,0,1,0,0,0,0,0,1,0,0,0,1,0,0,0,0,3143.56685703
20201,1129001736,888,751,137,0,105,305,278,187,13,0,54,259,248,178,12,0,51,46,30,9,1,20885.5474179
20201,1129001737,4,4,0,0,0,1,2,0,1,0,0,1,2,0,1,0,0,0,0,0,0,6677.97298018
20201,1129001738,12087,11233,854,5,892,2435,3701,4847,207,0,725,2094,3516,4751,147,5,167,341,185,96,60,36702.3474634
20201,1129001739,61,36,25,0,1,19,25,12,4,0,0,11,11,10,4,0,1,8,14,2,0,3342.16520041
20201,1129001740,7,4,3,0,0,2,3,1,1,0,0,1,2,1,0,0,0,1,1,0,1,11136.2202808
20201,1129001741,19,8,11,1,5,1,7,3,2,0,4,0,3,0,1,1,1,1,4,3,1,14491.8325383
20201,1129001742,82,45,37,0,8,18,22,15,19,0,4,7,10,10,14,0,4,11,12,5,5,59407.2168511
20201,1129001743,35,22,13,0,7,11,9,6,2,0,5,7,6,3,1,0,2,4,3,3,1,45676.2336692
20201,1129001744,277,230,47,1,36,85,92,55,8,0,23,60,87,53,7,1,13,25,5,2,1,4252.37959544
20201,1129001747,554,197,357,0,114,176,203,59,2,0,31,48,81,35,2,0,83,128,122,24,0,62215.1849167
20201,1129001748,22,18,4,0,1,4,5,8,4,0,0,4,3,8,3,0,1,0,2,0,1,13250.2462508
20201,1129001750,62,55,7,1,3,5,11,21,21,1,2,4,10,19,19,0,1,1,1,2,2,4991.29551256
20201,1129001752,268,138,130,2,94,38,39,37,58,0,42,19,26,18,33,2,52,19,13,19,25,32129.1420407
20201,1129001754,37,21,16,0,4,9,13,5,6,0,3,6,4,2,6,0,1,3,9,3,0,56238.503021
20201,1129001755,8,5,3,0,0,3,1,1,3,0,0,2,1,1,1,0,0,1,0,0,2,15866.9890591
20201,1129001757,971,449,522,0,262,307,224,139,39,0,77,122,129,93,28,0,185,185,95,46,11,115183.835906
20201,1129001758,9,6,3,0,0,2,1,1,5,0,0,1,0,0,5,0,0,1,1,1,0,461704.104484
20201,1129001759,21,9,12,0,4,6,7,3,1,0,0,2,3,3,1,0,4,4,4,0,0,127972.990805
20201,1129001760,12,5,7,0,0,2,5,3,2,0,0,0,1,2,2,0,0,2,4,1,0,173578.137983
20201,1129001762,81,60,21,0,9,13,26,17,16,0,6,10,17,13,14,0,3,3,9,4,2,3792.49172069
20201,1129001763,38,19,19,0,7,9,11,9,2,0,2,5,5,6,1,0,5,4,6,3,1,3685.11917834
20201,1129001765,89,64,25,0,7,10,25,24,23,0,2,6,19,20,17,0,5,4,6,4,6,3195.51657621
20201,1129001766,84,69,15,0,11,13,23,28,9,0,7,10,20,23,9,0,4,3,3,5,0,2626.50736881
20201,1129001767,4,3,1,0,1,0,0,0,3,0,0,0,0,0,3,0,1,0,0,0,0,2362.44833114
20201,1129001769,7,5,2,0,0,0,1,4,2,0,0,0,0,3,2,0,0,0,1,1,0,7690.69074465
20201,1129001771,28,18,10,0,1,5,12,7,3,0,1,2,6,6,3,0,0,3,6,1,0,5002.07761172
20201,1129001772,2,2,0,0,0,0,0,1,1,0,0,0,0,1,1,0,0,0,0,0,0,5441.09988607
20201,1129001775,22,17,5,0,7,10,2,1,2,0,5,9,2,1,0,0,2,1,0,0,2,4574.31319467
20201,1129001777,676,506,170,3,121,184,150,147,71,3,79,140,120,117,47,0,42,44,30,30,24,5672.70743044
20201,1129001780,39,24,15,0,2,13,9,10,5,0,1,11,4,4,4,0,1,2,5,6,1,12966.6739742
20201,1129001781,49,27,22,1,13,11,10,11,3,0,5,6,9,4,3,1,8,5,1,7,0,679.953867576
20201,1129001782,301,249,52,1,33,90,111,66,0,0,26,81,91,51,0,1,7,9,20,15,0,5627.30439485
20201,1129001787,5,2,3,0,0,2,0,2,1,0,0,1,0,0,1,0,0,1,0,2,0,1932.05015884
20201,1129001790,2,2,0,0,0,0,2,0,0,0,0,0,2,0,0,0,0,0,0,0,0,953.419858708
20201,1129001791,23,13,10,0,12,9,1,1,0,0,6,6,1,0,0,0,6,3,0,1,0,5521.52808952
20201,1129001792,4,2,2,0,0,0,1,3,0,0,0,0,0,2,0,0,0,0,1,1,0,6575.87772822
20201,1129001793,8,4,4,0,0,1,0,3,4,0,0,1,0,0,3,0,0,0,0,3,1,1556.47288448
20201,1129001796,2,1,1,0,0,0,0,2,0,0,0,0,0,1,0,0,0,0,0,1,0,5927.95159607
20201,1129001797,3,3,0,0,0,0,0,3,0,0,0,0,0,3,0,0,0,0,0,0,0,3749.07707306
20201,1129001798,4,2,2,0,0,0,2,0,2,0,0,0,2,0,0,0,0,0,0,0,2,2491.22563213
20201,1129001799,7,1,6,0,3,3,0,0,1,0,1,0,0,0,0,0,2,3,0,0,1,3497.66272857
20201,1129001800,22,6,16,1,10,7,2,0,2,0,0,3,2,0,1,1,10,4,0,0,1,2929.06750307
20201,1129001802,5,4,1,0,0,1,2,2,0,0,0,1,1,2,0,0,0,0,1,0,0,1957.18080496
20201,1129001803,10,1,9,0,2,5,2,0,1,0,0,1,0,0,0,0,2,4,2,0,1,3701.79853524
20201,1129001805,173,162,11,0,3,13,17,56,84,0,2,10,15,54,81,0,1,3,2,2,3,7603.20550094
20201,1129001806,6,5,1,0,0,1,0,3,2,0,0,1,0,3,1,0,0,0,0,0,1,6103.56689588
20201,1129001809,393,366,27,0,18,51,87,144,93,0,15,49,81,132,89,0,3,2,6,12,4,4015.54869065
20201,1129001811,3,1,2,0,0,1,1,0,1,0,0,0,0,0,1,0,0,1,1,0,0,4013.3108732
20201,1129001813,1027,535,492,0,91,342,397,191,6,0,29,148,235,117,6,0,62,194,162,74,0,1236.84460347
20201,1129001817,15,9,6,0,0,4,3,1,7,0,0,1,2,0,6,0,0,3,1,1,1,4900.68402436
20201,1129001819,70,66,4,0,3,0,9,33,25,0,1,0,8,33,24,0,2,0,1,0,1,2866.42817973
20201,1129001821,437,335,102,1,126,198,91,17,4,0,86,158,76,13,2,1,40,40,15,4,2,6101.43159287
20201,1129001822,121,44,77,0,27,24,36,19,15,0,10,8,10,10,6,0,17,16,26,9,9,3977.64529884
20201,1129001823,12,7,5,0,0,0,1,3,8,0,0,0,1,0,6,0,0,0,0,3,2,9128.55318805
20201,1129001824,16,9,7,0,4,4,3,2,3,0,3,2,2,0,2,0,1,2,1,2,1,8815.50505784
20201,1129001826,7,6,1,0,3,3,1,0,0,0,2,3,1,0,0,0,1,0,0,0,0,1169.4131382
20201,1129001831,24,19,5,0,3,4,9,5,3,0,2,2,8,4,3,0,1,2,1,1,0,3705.6866103
20201,1129001834,2,1,1,0,0,1,1,0,0,0,0,0,1,0,0,0,0,1,0,0,0,1737.95598376
20201,1129001837,5,2,3,0,0,0,2,1,2,0,0,0,0,0,2,0,0,0,2,1,0,4200.31347075
20201,1129001838,20,0,20,0,9,2,4,5,0,0,0,0,0,0,0,0,9,2,4,5,0,1605.0396624
20201,1129001839,2,1,1,0,0,0,1,1,0,0,0,0,0,1,0,0,0,0,1,0,0,2216.78679614
20201,1129001843,16,5,11,1,3,4,2,4,2,0,0,1,2,1,1,1,3,3,0,3,1,6201.15364473
20201,1129001844,8,1,7,0,1,2,1,0,4,0,0,0,0,0,1,0,1,2,1,0,3,1180.56938563
20201,1129001845,6,2,4,0,2,1,1,0,2,0,0,1,0,0,1,0,2,0,1,0,1,1469.88884095
20201,1129001846,2,2,0,0,0,0,1,0,1,0,0,0,1,0,1,0,0,0,0,0,0,4253.98061194
20201,1129001847,10,9,1,0,2,5,3,0,0,0,2,4,3,0,0,0,0,1,0,0,0,3085.97983842
20201,1129001849,5,2,3,0,1,0,1,3,0,0,1,0,0,1,0,0,0,0,1,2,0,1774.29074096
20201,1129001852,14,2,12,0,1,3,7,2,1,0,0,0,1,1,0,0,1,3,6,1,1,5600.35205905
20201,1129001854,28,7,21,0,12,9,5,1,1,0,0,2,3,1,1,0,12,7,2,0,0,2237.60939737
20201,1129001855,3,1,2,0,1,1,0,1,0,0,0,0,0,1,0,0,1,1,0,0,0,2625.55521993
20201,1129001856,11,8,3,0,0,3,5,3,0,0,0,3,3,2,0,0,0,0,2,1,0,2524.69968364
20201,1129001857,12,6,6,0,0,6,3,2,1,0,0,2,1,2,1,0,0,4,2,0,0,1269.0379333
20201,1129001858,9,6,3,0,0,1,2,1,5,0,0,1,0,1,4,0,0,0,2,0,1,2440.06803089
20201,1129001859,4,2,2,0,0,1,1,2,0,0,0,1,0,1,0,0,0,0,1,1,0,1274.74125263
20201,1129001862,22,11,11,0,3,3,6,5,5,0,0,2,3,3,3,0,3,1,3,2,2,1344.83088156
20201,1129001864,15,7,8,0,5,2,0,2,6,0,1,1,0,1,4,0,4,1,0,1,2,4159.64299935
20201,1129001865,13,10,3,0,1,5,2,4,1,0,0,4,2,3,1,0,1,1,0,1,0,5431.32381959
20201,1129001866,9,5,4,0,0,1,5,3,0,0,0,1,1,3,0,0,0,0,4,0,0,1978.40387727
20201,1129001868,6,4,2,0,1,4,0,0,1,0,0,3,0,0,1,0,1,1,0,0,0,2023.40280659
20201,1129001869,17,11,6,0,0,2,7,5,3,0,0,1,3,4,3,0,0,1,4,1,0,1213.87136607
20201,1129001871,20,6,14,0,4,3,6,7,0,0,0,2,0,4,0,0,4,1,6,3,0,5937.41628291
20201,1129001872,81,44,37,0,6,10,25,30,10,0,4,7,12,16,5,0,2,3,13,14,5,4385.11483318
20201,1129001873,17,10,7,0,0,2,9,3,3,0,0,2,5,0,3,0,0,0,4,3,0,6423.12726131
20201,1129001874,3,1,2,0,0,0,3,0,0,0,0,0,1,0,0,0,0,0,2,0,0,3041.35607503
20201,1129001877,24,17,7,0,1,2,11,5,5,0,1,1,8,3,4,0,0,1,3,2,1,2379.96039316
20201,1129001880,88,32,56,0,11,17,22,17,21,0,6,5,2,8,11,0,5,12,20,9,10,11745.6973191
20201,1129001882,7,5,2,0,0,0,1,6,0,0,0,0,0,5,0,0,0,0,1,1,0,2567.74991221
20201,1129001885,15,9,6,0,5,5,2,3,0,0,4,1,2,2,0,0,1,4,0,1,0,4631.45059836
20201,1129001890,2,2,0,0,0,0,2,0,0,0,0,0,2,0,0,0,0,0,0,0,0,1215.75226458
20201,1129001892,5,1,4,0,0,0,0,4,1,0,0,0,0,1,0,0,0,0,0,3,1,4712.9194268
20201,1129001893,7,6,1,0,2,1,3,0,1,0,2,1,3,0,0,0,0,0,0,0,1,4072.76141789
20201,1129001894,11,5,6,0,5,3,2,0,1,0,0,2,2,0,1,0,5,1,0,0,0,5014.25878933
20201,1129001895,20,4,16,0,1,0,5,12,2,0,0,0,0,3,1,0,1,0,5,9,1,4594.51232741
20201,1129001900,2,2,0,0,0,0,1,0,1,0,0,0,1,0,1,0,0,0,0,0,0,1438.37091732
20201,1129001902,6,4,2,0,1,1,0,0,4,0,1,1,0,0,2,0,0,0,0,0,2,2446.56008202
20201,1129001905,73,25,48,0,14,19,20,12,8,0,5,4,6,5,5,0,9,15,14,7,3,76031.7400242
20201,1129001908,9,3,6,0,1,2,4,1,1,0,0,1,1,0,1,0,1,1,3,1,0,2639.12239581
20201,1129001910,10,5,5,0,0,5,3,2,0,0,0,2,1,2,0,0,0,3,2,0,0,3448.69916309
20201,1129001911,9,3,6,0,0,0,6,2,1,0,0,0,3,0,0,0,0,0,3,2,1,4654.39745712
20201,1129001912,5,4,1,0,0,1,0,2,2,0,0,1,0,2,1,0,0,0,0,0,1,1587.62560515
20201,1129001913,4,4,0,0,0,1,0,2,1,0,0,1,0,2,1,0,0,0,0,0,0,1322.62881485
20201,1129001919,3,1,2,0,0,3,0,0,0,0,0,1,0,0,0,0,0,2,0,0,0,1226.92166334
20201,1129001921,1,0,1,0,0,1,0,0,0,0,0,0,0,0,0,0,0,1,0,0,0,1330.40119407
20201,1129001923,128,38,90,0,10,24,53,30,11,0,4,5,15,9,5,0,6,19,38,21,6,3420.0104574
20201,1129001932,3,0,3,0,1,0,0,2,0,0,0,0,0,0,0,0,1,0,0,2,0,2467.5735448
20201,1129001936,3,2,1,0,0,0,0,3,0,0,0,0,0,2,0,0,0,0,0,1,0,9166.11253513
20201,1129001941,46,12,34,0,16,13,7,8,2,0,4,4,3,0,1,0,12,9,4,8,1,9370.09863927
20201,1129001942,26,12,14,0,18,3,3,2,0,0,7,2,1,2,0,0,11,1,2,0,0,437947.697653
20201,1129001945,2,2,0,0,0,0,0,1,1,0,0,0,0,1,1,0,0,0,0,0,0,1967.90878546
20201,1129001946,6,6,0,0,0,3,3,0,0,0,0,3,3,0,0,0,0,0,0,0,0,1541.27775852
20201,1129001947,2,1,1,0,0,1,0,0,1,0,0,0,0,0,1,0,0,1,0,0,0,7388.18419486
20201,1129001948,44,12,32,0,5,1,14,17,7,0,1,1,2,3,5,0,4,0,12,14,2,16156.7338016
20201,1129001950,7,5,2,0,0,4,2,1,0,0,0,2,2,1,0,0,0,2,0,0,0,3221.76775899
20201,1129001953,6,4,2,0,0,0,3,3,0,0,0,0,2,2,0,0,0,0,1,1,0,9974.66027638
20201,1129001954,17,4,13,0,4,3,7,2,1,0,0,1,2,0,1,0,4,2,5,2,0,6849.4671825
20201,1129001955,56,37,19,0,11,16,13,11,5,0,8,11,9,6,3,0,3,5,4,5,2,3092.29561786
20201,1129001959,5,4,1,0,0,0,2,3,0,0,0,0,1,3,0,0,0,0,1,0,0,3289.24841544
20201,1129001960,2,2,0,0,0,0,1,1,0,0,0,0,1,1,0,0,0,0,0,0,0,1295.03307299
20201,1129001962,6,5,1,0,1,1,2,0,2,0,1,1,1,0,2,0,0,0,1,0,0,1859.69998736
20201,1129001964,243,154,89,2,21,47,70,68,35,2,16,28,39,47,22,0,5,19,31,21,13,4677.16547515
20201,1129001967,40,38,2,0,0,3,7,26,4,0,0,3,6,26,3,0,0,0,1,0,1,2753.5521339
20201,1129001968,155,134,21,0,4,8,23,64,56,0,1,7,16,58,52,0,3,1,7,6,4,1484.80235144
20201,1129001970,989,763,226,0,20,25,102,137,705,0,17,19,68,110,549,0,3,6,34,27,156,10142.1060422
20201,1129001981,8,8,0,0,0,1,6,1,0,0,0,1,6,1,0,0,0,0,0,0,0,1991.0859651
20201,1129001983,2,2,0,0,0,0,1,0,1,0,0,0,1,0,1,0,0,0,0,0,0,3496.91527157
20201,1129001986,11,0,11,0,1,3,4,1,2,0,0,0,0,0,0,0,1,3,4,1,2,1822.66614489
20201,1129001997,48,37,11,0,9,3,4,23,9,0,5,2,2,21,7,0,4,1,2,2,2,6168.94218231
20201,1129002002,1,1,0,0,0,0,0,1,0,0,0,0,0,1,0,0,0,0,0,0,0,3881.52250267
20201,1129002003,4,2,2,0,0,0,1,2,1,0,0,0,0,1,1,0,0,0,1,1,0,1632.91902632
20201,1129002007,9,2,7,0,2,1,5,1,0,0,0,0,1,1,0,0,2,1,4,0,0,4233.0347951
20201,1129002009,3,2,1,0,0,0,2,1,0,0,0,0,1,1,0,0,0,0,1,0,0,2124.45724996
20201,1129002012,15,4,11,0,0,0,3,11,1,0,0,0,1,2,1,0,0,0,2,9,0,1507.14214812
20201,1129002016,24,11,13,0,5,5,7,4,3,0,0,3,5,2,1,0,5,2,2,2,2,3779.15199954
20201,1129002021,8,6,2,0,0,4,2,2,0,0,0,4,0,2,0,0,0,0,2,0,0,1576.48788212
20201,1129002022,4,2,2,0,1,0,2,0,1,0,0,0,1,0,1,0,1,0,1,0,0,4191.55035887
20201,1129002023,116,57,59,0,21,31,27,22,15,0,8,13,11,14,11,0,13,18,16,8,4,11480.5519753
20201,1129002039,2,2,0,0,1,0,0,1,0,0,1,0,0,1,0,0,0,0,0,0,0,1334.84037769
20201,1129002043,3,3,0,0,0,0,0,1,2,0,0,0,0,1,2,0,0,0,0,0,0,1435.64434277
20201,1129002046,58,14,44,0,0,4,13,18,23,0,0,4,4,4,2,0,0,0,9,14,21,8749.50762102
20201,1129002047,2,1,1,0,0,0,1,1,0,0,0,0,1,0,0,0,0,0,0,1,0,3870.47638498
20201,1129002048,5,3,2,0,0,1,1,2,1,0,0,0,1,2,0,0,0,1,0,0,1,1443.41986327
20201,1129002049,11,10,1,0,0,2,3,4,2,0,0,2,2,4,2,0,0,0,1,0,0,1672.3509793
20201,1129002053,21,5,16,0,2,10,4,5,0,0,0,5,0,0,0,0,2,5,4,5,0,1894.38440958
20201,1129002059,84,61,23,1,11,22,35,11,4,1,6,19,30,5,0,0,5,3,5,6,4,4709.91195331
20201,1129002060,13,6,7,0,6,3,2,2,0,0,2,1,1,2,0,0,4,2,1,0,0,1810.84668155
20201,1129002068,3,1,2,0,0,0,3,0,0,0,0,0,1,0,0,0,0,0,2,0,0,2267.13034229
20201,1129002072,3,3,0,0,0,0,0,2,1,0,0,0,0,2,1,0,0,0,0,0,0,1338.37583629
20201,1129002077,13,4,9,0,7,2,2,1,1,0,0,1,2,0,1,0,7,1,0,1,0,1355.91522144
20201,1129002080,10,0,10,0,1,3,3,2,1,0,0,0,0,0,0,0,1,3,3,2,1,2501.95897082
20201,1129002083,3,0,3,0,1,2,0,0,0,0,0,0,0,0,0,0,1,2,0,0,0,2980.77335471
20201,1129002084,179,29,150,0,34,58,48,38,1,0,3,8,9,9,0,0,31,50,39,29,1,13593.4671353
20201,1129002086,5,4,1,0,0,0,1,3,1,0,0,0,1,2,1,0,0,0,0,1,0,5751.88011396
20201,1129002087,10,0,10,0,1,3,4,2,0,0,0,0,0,0,0,0,1,3,4,2,0,1676.80587636
20201,1129002090,6,5,1,0,0,2,1,3,0,0,0,2,1,2,0,0,0,0,0,1,0,1737.84172402
20201,1129002091,4,3,1,0,0,0,0,3,1,0,0,0,0,2,1,0,0,0,0,1,0,3879.23639159
20201,1129002093,7,5,2,0,1,1,3,2,0,0,1,1,2,1,0,0,0,0,1,1,0,1683.362008
20201,1129002094,2,1,1,0,0,1,1,0,0,0,0,1,0,0,0,0,0,0,1,0,0,2410.06826046
20201,1129002105,3,2,1,0,0,1,2,0,0,0,0,1,1,0,0,0,0,0,1,0,0,2036.80540496
20201,1129002107,11,4,7,0,0,4,4,2,1,0,0,0,2,1,1,0,0,4,2,1,0,4800.9954326
20201,1129002118,2,1,1,0,0,2,0,0,0,0,0,1,0,0,0,0,0,1,0,0,0,2098.21971208
20201,1129002124,5,2,3,0,0,1,0,2,2,0,0,1,0,0,1,0,0,0,0,2,1,2433.43492417
20201,1129002126,173,72,101,0,14,29,53,27,50,0,4,10,28,12,18,0,10,19,25,15,32,2709.43073191
20201,1129002128,10,1,9,0,1,0,2,6,1,0,0,0,0,0,1,0,1,0,2,6,0,3326.39011218
20201,1129002138,1,1,0,0,0,0,1,0,0,0,0,0,1,0,0,0,0,0,0,0,0,533.733970255
20201,1129002154,54,15,39,1,10,21,16,3,3,1,2,5,6,1,0,0,8,16,10,2,3,5325.53662008
20201,1129002156,35,9,26,0,3,5,4,5,18,0,0,2,3,1,3,0,3,3,1,4,15,4538.77153372
20201,1129002163,23,5,18,0,6,1,10,6,0,0,0,0,1,4,0,0,6,1,9,2,0,6501.85395217
20201,1129002168,30,13,17,0,3,6,11,4,6,0,0,1,7,0,5,0,3,5,4,4,1,5826.40881998
20201,1129002171,2,0,2,0,0,2,0,0,0,0,0,0,0,0,0,0,0,2,0,0,0,10329.6850449
20201,1129002181,3,3,0,0,0,1,1,0,1,0,0,1,1,0,1,0,0,0,0,0,0,5679.50517494
20201,1129002182,224,140,84,1,30,64,82,29,18,0,17,43,44,21,15,1,13,21,38,8,3,3129.97681504
20201,1129002184,4,2,2,0,0,3,1,0,0,0,0,2,0,0,0,0,0,1,1,0,0,1770.72861873
20201,1129002185,3,2,1,0,1,0,1,1,0,0,1,0,1,0,0,0,0,0,0,1,0,1834.70040303
20201,1129002186,2,1,1,0,0,0,2,0,0,0,0,0,1,0,0,0,0,0,1,0,0,3832.37423793
20201,1129002188,3,2,1,0,0,0,1,2,0,0,0,0,0,2,0,0,0,0,1,0,0,3403.37784519
20201,1129002190,2,2,0,0,0,1,0,1,0,0,0,1,0,1,0,0,0,0,0,0,0,3530.87557737
20201,1129002192,2,2,0,0,0,0,0,2,0,0,0,0,0,2,0,0,0,0,0,0,0,3566.39001961
20201,1129002193,3,2,1,0,0,0,0,2,1,0,0,0,0,1,1,0,0,0,0,1,0,3217.46525943
20201,1129002195,101,69,32,0,11,24,31,13,22,0,6,18,22,10,13,0,5,6,9,3,9,22349.1448746
20201,1129002196,4,2,2,0,1,2,0,1,0,0,0,1,0,1,0,0,1,1,0,0,0,1252.91435252
20201,1129002198,35,22,13,0,1,7,8,9,10,0,1,3,3,7,8,0,0,4,5,2,2,7752.24972337
20201,1129002199,2,1,1,0,0,1,0,1,0,0,0,0,0,1,0,0,0,1,0,0,0,3624.71100486
20201,1129002201,2,1,1,0,0,0,0,0,2,0,0,0,0,0,1,0,0,0,0,0,1,2906.53584558
20201,1129002203,36,32,4,0,4,3,11,12,6,0,4,2,9,11,6,0,0,1,2,1,0,4622.10989553
20201,1129002204,7,4,3,0,1,3,2,0,1,0,0,1,2,0,1,0,1,2,0,0,0,8681.19333025
20201,1129002205,6,0,6,0,1,2,0,3,0,0,0,0,0,0,0,0,1,2,0,3,0,8030.38680177
20201,1129002207,23,12,11,0,1,6,3,6,7,0,0,3,1,2,6,0,1,3,2,4,1,4035.81071771
20201,1129002208,332,173,159,0,32,101,104,63,32,0,12,50,64,28,19,0,20,51,40,35,13,10145.1995628
20201,1129002209,5,0,5,0,0,2,1,1,1,0,0,0,0,0,0,0,0,2,1,1,1,1273.98623352
20201,1129002210,38,15,23,0,7,8,9,7,7,0,2,3,2,3,5,0,5,5,7,4,2,8120.09588535
20201,1129002211,21,9,12,0,0,1,5,8,7,0,0,1,1,3,4,0,0,0,4,5,3,4500.74404008
20201,1129002212,65,35,30,0,5,14,13,16,17,0,2,9,6,11,7,0,3,5,7,5,10,8957.09524743
20201,1129002213,45,22,23,0,2,7,16,16,4,0,1,3,7,9,2,0,1,4,9,7,2,14995.2650451
20201,1129002214,7,6,1,0,0,1,2,1,3,0,0,1,2,0,3,0,0,0,0,1,0,1731.99791452
20201,1129002215,6,2,4,0,1,0,2,2,1,0,0,0,1,0,1,0,1,0,1,2,0,3440.34008297
20201,1129002218,52,34,18,1,10,13,16,8,4,0,5,9,12,6,2,1,5,4,4,2,2,14864.3252315
20201,1129002219,7,5,2,0,2,1,2,2,0,0,1,1,1,2,0,0,1,0,1,0,0,5857.28448504
20201,1129002221,22,10,12,0,4,6,2,5,5,0,1,1,0,4,4,0,3,5,2,1,1,12600.4196396
20201,1129002223,6,2,4,0,0,0,2,4,0,0,0,0,0,2,0,0,0,0,2,2,0,3021.59637702
20201,1129002225,16,6,10,0,1,4,6,3,2,0,0,1,4,0,1,0,1,3,2,3,1,3273.96716563
20201,1129002229,1627,1166,461,0,310,658,319,221,119,0,169,480,226,177,114,0,141,178,93,44,5,441421.287997
20201,1129002231,26,12,14,0,0,5,13,3,5,0,0,1,6,1,4,0,0,4,7,2,1,5168.98395907
20201,1129002233,3,1,2,0,0,0,1,0,2,0,0,0,0,0,1,0,0,0,1,0,1,3429.18856967
20201,1129002236,9,2,7,0,2,5,2,0,0,0,0,2,0,0,0,0,2,3,2,0,0,5999.12956369
20201,1129002238,5,4,1,0,1,2,2,0,0,0,1,2,1,0,0,0,0,0,1,0,0,8420.20371284
20201,1129002243,17,1,16,0,3,7,4,2,1,0,0,0,0,0,1,0,3,7,4,2,0,169635.383512
20201,1129002244,14,2,12,0,4,2,4,3,1,0,0,0,0,2,0,0,4,2,4,1,1,5380.12712583
20201,1129002245,6,3,3,0,2,1,1,0,2,0,1,1,1,0,0,0,1,0,0,0,2,2074.48980596
20201,1129002248,3,2,1,0,1,0,0,2,0,0,1,0,0,1,0,0,0,0,0,1,0,956.49386295
20201,1129002249,282,263,19,0,7,10,13,15,237,0,6,7,4,12,234,0,1,3,9,3,3,19442.8273689
20201,1129002250,55,19,36,0,26,15,8,4,2,0,5,7,4,1,2,0,21,8,4,3,0,14181.1653138
20201,1129002252,2,2,0,0,0,0,2,0,0,0,0,0,2,0,0,0,0,0,0,0,0,3337.16519792
20201,1129002253,2,2,0,0,0,0,0,2,0,0,0,0,0,2,0,0,0,0,0,0,0,2807.55795774
20201,1129002254,132,97,35,0,5,46,53,24,4,0,1,32,41,20,3,0,4,14,12,4,1,5285.01129929
20201,1129002259,2,1,1,0,0,0,0,1,1,0,0,0,0,0,1,0,0,0,0,1,0,2217.39757024
20201,1129002262,10,1,9,0,0,3,1,2,4,0,0,0,0,0,1,0,0,3,1,2,3,2223.12867025
20201,1129002263,6,4,2,0,0,0,1,4,1,0,0,0,0,4,0,0,0,0,1,0,1,3466.09500634
20201,1129002264,2,0,2,0,0,0,1,0,1,0,0,0,0,0,0,0,0,0,1,0,1,4824.49219195
20201,1129002265,6,1,5,0,0,1,4,1,0,0,0,0,1,0,0,0,0,1,3,1,0,1242.80683928
20201,1129002267,20,5,15,2,12,1,4,0,1,0,2,0,2,0,1,2,10,1,2,0,0,2775.1633575
20201,1129002268,168,57,111,0,37,23,26,55,27,0,13,15,12,11,6,0,24,8,14,44,21,36458.9526739
20201,1129002270,17,10,7,0,4,5,1,5,2,0,4,4,1,0,1,0,0,1,0,5,1,1475.42593303
20201,1129002274,16,1,15,0,5,6,1,1,3,0,0,0,0,0,1,0,5,6,1,1,2,4669.56432472
20201,1129002279,92,31,61,0,9,28,25,27,3,0,5,4,10,9,3,0,4,24,15,18,0,10094.5325662
20201,1129002282,158,116,42,1,28,64,40,15,10,1,22,53,22,9,9,0,6,11,18,6,1,4021.73304909
20201,1129002289,19,5,14,0,4,2,5,8,0,0,1,0,1,3,0,0,3,2,4,5,0,9705.0365792
20201,1129002290,250,137,113,0,7,22,88,97,36,0,0,8,52,54,23,0,7,14,36,43,13,42011.6324016
20201,1129002291,2,1,1,0,0,0,0,2,0,0,0,0,0,1,0,0,0,0,0,1,0,929.497139492
20201,1129002292,9,7,2,0,0,1,3,4,1,0,0,1,2,3,1,0,0,0,1,1,0,3039.09428775
20201,1129002293,6,5,1,0,1,1,3,1,0,0,0,1,3,1,0,0,1,0,0,0,0,2077.61239976
20201,1129002294,7,6,1,0,1,0,4,2,0,0,1,0,4,1,0,0,0,0,0,1,0,8727.81815393
20201,1129002301,2,1,1,0,0,0,0,0,2,0,0,0,0,0,1,0,0,0,0,0,1,1077.75832975
20201,1129002303,19,14,5,0,1,4,8,4,2,0,1,2,6,3,2,0,0,2,2,1,0,1920.66345941
20201,1129002307,26,15,11,0,1,3,8,10,4,0,1,3,5,4,2,0,0,0,3,6,2,13700.153053
20201,1129002313,2,1,1,0,0,1,1,0,0,0,0,0,1,0,0,0,0,1,0,0,0,826.490001464
20201,1129002318,666,429,237,1,166,159,181,111,48,0,91,118,113,64,43,1,75,41,68,47,5,3428.74690881
20201,1129002319,2,0,2,0,0,0,0,0,2,0,0,0,0,0,0,0,0,0,0,0,2,4658.41670517
20201,1129002323,2,1,1,0,0,0,0,2,0,0,0,0,0,1,0,0,0,0,0,1,0,475.323322453
20201,1129002326,1,1,0,0,0,0,0,1,0,0,0,0,0,1,0,0,0,0,0,0,0,2359.65263058
20201,1129002327,6,2,4,0,1,0,3,1,1,0,1,0,1,0,0,0,0,0,2,1,1,2827.66203477
20201,1129002328,10,0,10,0,1,5,2,2,0,0,0,0,0,0,0,0,1,5,2,2,0,80656.4532543
20201,1129002333,14,3,11,0,3,3,5,2,1,0,0,1,2,0,0,0,3,2,3,2,1,3902.50395142
20201,1129002335,19,10,9,0,2,3,4,5,5,0,1,1,3,2,3,0,1,2,1,3,2,4812.48497944
20201,1129002336,69,15,54,0,14,15,20,16,4,0,4,3,2,4,2,0,10,12,18,12,2,11972.4676867
20201,1129002339,3,2,1,0,0,0,0,3,0,0,0,0,0,2,0,0,0,0,0,1,0,2735.23796963
20201,1129002341,13,6,7,0,7,3,2,1,0,0,3,2,1,0,0,0,4,1,1,1,0,1288.63460844
20201,1129002342,13,8,5,0,4,3,5,0,1,0,3,2,2,0,1,0,1,1,3,0,0,1763.56480908
20201,1129002343,1,1,0,0,0,0,1,0,0,0,0,0,1,0,0,0,0,0,0,0,0,760.370671509
20201,1129002345,2,2,0,0,0,2,0,0,0,0,0,2,0,0,0,0,0,0,0,0,0,2031.83967628
20201,1129002347,2,1,1,0,0,1,1,0,0,0,0,0,1,0,0,0,0,1,0,0,0,2901.35365091
20201,1129002355,2,2,0,0,0,0,0,0,2,0,0,0,0,0,2,0,0,0,0,0,0,5650.48804124
20201,1129002357,28,2,26,0,1,2,2,6,17,0,0,1,0,0,1,0,1,1,2,6,16,3529.63067203
20201,1129002361,70,41,29,0,19,16,17,14,4,0,13,11,11,4,2,0,6,5,6,10,2,1643.30826449
20201,1129002362,2,2,0,0,0,0,0,2,0,0,0,0,0,2,0,0,0,0,0,0,0,2039.82799501
20201,1129002369,20,6,14,0,0,2,6,5,7,0,0,1,4,0,1,0,0,1,2,5,6,4270.19633829
20201,1129002370,98,39,59,0,58,26,8,4,2,0,20,11,3,3,2,0,38,15,5,1,0,1985.52759671
20201,1129002375,12,8,4,0,1,0,3,0,8,0,0,0,1,0,7,0,1,0,2,0,1,2627.26094901
20201,1129002376,10,9,1,0,1,4,3,1,1,0,1,4,2,1,1,0,0,0,1,0,0,2230.4637765
20201,1129002379,4,1,3,0,1,2,0,1,0,0,0,0,0,1,0,0,1,2,0,0,0,6381.68159416
20201,1129002380,1,0,1,0,0,0,0,0,1,0,0,0,0,0,0,0,0,0,0,0,1,1272.59744782
20201,1129002382,1,0,1,0,0,0,1,0,0,0,0,0,0,0,0,0,0,0,1,0,0,1731.38142829
20201,1129002386,7,2,5,0,0,0,4,3,0,0,0,0,0,2,0,0,0,0,4,1,0,7508.23601006
20201,1129002390,1,1,0,0,0,0,0,1,0,0,0,0,0,1,0,0,0,0,0,0,0,2112.76016803
20201,1129002391,7,2,5,0,0,0,4,1,2,0,0,0,0,1,1,0,0,0,4,0,1,5430.82202861
20201,1129002392,1,1,0,0,0,0,0,0,1,0,0,0,0,0,1,0,0,0,0,0,0,1825.03622874
20201,1129002395,5,4,1,0,1,0,2,0,2,0,1,0,1,0,2,0,0,0,1,0,0,2343.15160373
20201,1129002397,2,2,0,0,0,0,0,1,1,0,0,0,0,1,1,0,0,0,0,0,0,2736.41121504
20201,1129002398,3,1,2,0,0,0,2,1,0,0,0,0,0,1,0,0,0,0,2,0,0,4258.27755876
20201,1129002403,3,2,1,0,0,1,0,1,1,0,0,1,0,0,1,0,0,0,0,1,0,2180.53800508
20201,1129002404,13,6,7,0,1,3,2,5,2,0,1,0,0,4,1,0,0,3,2,1,1,5544.70553907
20201,1129002405,12,7,5,0,4,4,2,1,1,0,1,2,2,1,1,0,3,2,0,0,0,2490.9383013
20201,1129002406,14,3,11,0,1,3,4,4,2,0,0,0,1,0,2,0,1,3,3,4,0,3280.74419166
20201,1129002409,8,3,5,0,0,1,1,2,4,0,0,1,0,0,2,0,0,0,1,2,2,3821.27002589
20201,1129002412,8,6,2,0,0,1,2,0,5,0,0,0,1,0,5,0,0,1,1,0,0,2119.41136724
20201,1129002413,37,22,15,0,8,11,10,5,3,0,1,9,8,2,2,0,7,2,2,3,1,2392.79185618
20201,1129002415,10,3,7,0,0,3,6,1,0,0,0,1,2,0,0,0,0,2,4,1,0,5882.43759393
20201,1129002416,9,2,7,0,3,0,4,1,1,0,0,0,1,0,1,0,3,0,3,1,0,4144.25181428
20201,1129002420,4,3,1,0,0,1,0,0,3,0,0,1,0,0,2,0,0,0,0,0,1,1918.4246657
20201,1129002421,3,2,1,0,0,1,0,1,1,0,0,1,0,1,0,0,0,0,0,0,1,2282.14404754
20201,1129002423,10,9,1,0,0,4,5,0,1,0,0,4,4,0,1,0,0,0,1,0,0,1426.14195618
20201,1129002426,14,12,2,1,3,2,2,3,3,1,3,2,1,2,3,0,0,0,1,1,0,1877.15047981
20201,1129002428,18,12,6,0,7,9,2,0,0,0,4,6,2,0,0,0,3,3,0,0,0,3078.12933764
20201,1129002429,2,2,0,0,0,0,1,0,1,0,0,0,1,0,1,0,0,0,0,0,0,2232.8242843
20201,1129002430,8,6,2,0,0,0,1,5,2,0,0,0,0,4,2,0,0,0,1,1,0,13886.5299447
20201,1129002433,3,1,2,0,0,0,1,2,0,0,0,0,0,1,0,0,0,0,1,1,0,1679.41447793
20201,1129002437,3,2,1,0,0,3,0,0,0,0,0,2,0,0,0,0,0,1,0,0,0,2518.39681814
20201,1129002439,11,7,4,0,2,5,4,0,0,0,0,3,4,0,0,0,2,2,0,0,0,2025.83551952
20201,1129002444,7,3,4,0,1,0,0,2,4,0,0,0,0,1,2,0,1,0,0,1,2,2545.97590097
20201,1129002449,2,2,0,0,0,0,0,0,2,0,0,0,0,0,2,0,0,0,0,0,0,2169.3399566
20201,1129002451,9,5,4,0,0,0,0,2,7,0,0,0,0,0,5,0,0,0,0,2,2,2290.52617839
20201,1129002453,5,3,2,0,0,4,0,0,1,0,0,2,0,0,1,0,0,2,0,0,0,1245.12249191
20201,1129002454,2,1,1,0,0,0,1,0,1,0,0,0,1,0,0,0,0,0,0,0,1,3108.32565961
20201,1129002457,2,1,1,0,0,0,1,1,0,0,0,0,1,0,0,0,0,0,0,1,0,3014.48060882
20201,1129002462,2,1,1,0,0,0,0,2,0,0,0,0,0,1,0,0,0,0,0,1,0,3213.42681059
20201,1129002463,46,6,40,0,0,3,1,13,29,0,0,1,1,2,2,0,0,2,0,11,27,14562.7530353
20201,1129002464,1,1,0,0,0,0,0,0,1,0,0,0,0,0,1,0,0,0,0,0,0,3533.36701361
20201,1129002467,2,2,0,0,0,1,1,0,0,0,0,1,1,0,0,0,0,0,0,0,0,2186.23762408
20201,1129002470,69,61,8,0,2,2,7,24,34,0,1,2,4,22,32,0,1,0,3,2,2,2916.52868226
20201,1129002474,6,0,6,0,0,1,3,2,0,0,0,0,0,0,0,0,0,1,3,2,0,9060.60967438
20201,1129002482,5,2,3,0,0,1,2,2,0,0,0,1,1,0,0,0,0,0,1,2,0,1741.45926861
20201,1129002484,3,0,3,0,0,1,1,1,0,0,0,0,0,0,0,0,0,1,1,1,0,1774.65046696
20201,1129002487,1,1,0,0,0,0,0,0,1,0,0,0,0,0,1,0,0,0,0,0,0,2343.96339767
20201,1129002488,3,1,2,0,0,2,1,0,0,0,0,0,1,0,0,0,0,2,0,0,0,2971.3173049
20201,1129002491,36,14,22,0,12,10,7,6,1,0,1,4,3,5,1,0,11,6,4,1,0,2242.56079871
20201,1129002492,16,10,6,0,2,3,2,7,2,0,0,3,1,5,1,0,2,0,1,2,1,2698.26202527
20201,1129002493,91,72,19,1,24,22,19,23,2,0,19,20,16,15,2,1,5,2,3,8,0,22204.6778074
20201,1129002498,3,1,2,0,0,0,0,2,1,0,0,0,0,1,0,0,0,0,0,1,1,2956.82137497
20201,1129002500,3,1,2,0,0,0,0,2,1,0,0,0,0,0,1,0,0,0,0,2,0,2674.87043327
20201,1129002508,2,2,0,0,0,0,2,0,0,0,0,0,2,0,0,0,0,0,0,0,0,640.758253747
20201,1129002509,9,6,3,0,0,3,3,0,3,0,0,1,3,0,2,0,0,2,0,0,1,2180.93167491
20201,1129002512,71,8,63,0,11,18,24,13,5,0,0,1,2,2,3,0,11,17,22,11,2,7718.56578093
20201,1129002514,81,66,15,0,5,7,28,24,17,0,5,5,21,21,14,0,0,2,7,3,3,6885.78435703
20201,1129002517,20,11,9,0,3,1,5,7,4,0,3,0,3,3,2,0,0,1,2,4,2,6198.49964574
20201,1129002518,2,1,1,0,0,0,1,1,0,0,0,0,1,0,0,0,0,0,0,1,0,1750.54834621
20201,1129002519,1,0,1,0,0,0,1,0,0,0,0,0,0,0,0,0,0,0,1,0,0,1924.32225221
20201,1129002522,26,3,23,0,0,11,6,8,1,0,0,2,0,0,1,0,0,9,6,8,0,1422.1478076
20201,1129002523,2,1,1,0,0,0,1,1,0,0,0,0,0,1,0,0,0,0,1,0,0,1923.59277048
20201,1129002528,62,28,34,0,14,11,18,14,5,0,6,2,10,6,4,0,8,9,8,8,1,6990.71006168
20201,1129002531,28,5,23,0,2,7,9,8,2,0,2,2,0,0,1,0,0,5,9,8,1,2532.3398918
20201,1129002532,5,2,3,0,0,1,3,1,0,0,0,0,1,1,0,0,0,1,2,0,0,2521.78054879
20201,1129002533,5,3,2,0,0,1,0,1,3,0,0,1,0,0,2,0,0,0,0,1,1,2229.75860671
20201,1129002534,1,1,0,0,0,0,0,1,0,0,0,0,0,1,0,0,0,0,0,0,0,8743.6121695
20201,1129002535,85,75,10,0,20,34,21,7,3,0,16,34,18,5,2,0,4,0,3,2,1,4971.15181774
20201,1129002537,6,5,1,0,1,0,1,4,0,0,1,0,1,3,0,0,0,0,0,1,0,11342.1650667
20201,1129002539,4,4,0,0,0,0,3,0,1,0,0,0,3,0,1,0,0,0,0,0,0,3522.04385972
20201,1129002542,1,1,0,0,0,0,1,0,0,0,0,0,1,0,0,0,0,0,0,0,0,1660.90262781
20201,1129002543,4,1,3,0,1,1,0,2,0,0,0,0,0,1,0,0,1,1,0,1,0,3896.95655528
20201,1129002545,10,7,3,0,0,3,5,2,0,0,0,2,4,1,0,0,0,1,1,1,0,15484.5253364
20201,1129002546,11,8,3,0,1,2,4,3,1,0,1,1,3,2,1,0,0,1,1,1,0,7008.05892493
20201,1129002548,2,1,1,0,0,0,1,0,1,0,0,0,0,0,1,0,0,0,1,0,0,5635.99295671
20201,1129002550,7,5,2,0,0,0,5,1,1,0,0,0,4,1,0,0,0,0,1,0,1,7405.71073134
20201,1129002552,9,4,5,0,1,0,3,1,4,0,0,0,1,0,3,0,1,0,2,1,1,3098.04765708
20201,1129002553,15,3,12,0,1,4,5,3,2,0,0,1,0,0,2,0,1,3,5,3,0,2702.38072329
20201,1129002556,5,3,2,0,1,1,1,2,0,0,1,1,1,0,0,0,0,0,0,2,0,7467.18653729
20201,1129002557,5,4,1,0,0,0,2,1,2,0,0,0,1,1,2,0,0,0,1,0,0,4019.66509373
20201,1129002561,5,4,1,0,0,2,2,1,0,0,0,1,2,1,0,0,0,1,0,0,0,3554.67848052
20201,1129002564,5,5,0,0,0,4,1,0,0,0,0,4,1,0,0,0,0,0,0,0,0,1731.86539079
20201,1129002565,10,3,7,0,1,2,3,2,2,0,0,0,1,1,1,0,1,2,2,1,1,2994.35731247
20201,1129002567,5,4,1,0,2,0,1,0,2,0,2,0,1,0,1,0,0,0,0,0,1,3720.18244896
20201,1129002568,81,42,39,0,10,23,17,21,10,0,1,8,9,16,8,0,9,15,8,5,2,8196.50899983
20201,1129002573,1,1,0,0,0,0,1,0,0,0,0,0,1,0,0,0,0,0,0,0,0,3339.90812729
20201,1129002576,63,46,17,1,18,17,10,10,7,0,13,11,10,7,5,1,5,6,0,3,2,5967.04350769
20201,1129002579,34,21,13,0,6,7,9,10,2,0,1,6,7,6,1,0,5,1,2,4,1,17053.0103439
20201,1129002581,18,2,16,0,1,4,5,6,2,0,0,0,0,0,2,0,1,4,5,6,0,17905.3775233
20201,1129002584,2,2,0,0,0,0,2,0,0,0,0,0,2,0,0,0,0,0,0,0,0,1879.20285652
20201,1129002585,6,5,1,0,0,0,1,4,1,0,0,0,1,3,1,0,0,0,0,1,0,3239.42151105
20201,1129002587,8,6,2,0,1,3,0,3,1,0,0,2,0,3,1,0,1,1,0,0,0,4051.08703834
20201,1129002589,14,11,3,0,0,3,4,3,4,0,0,2,4,3,2,0,0,1,0,0,2,2754.49652676
20201,1129002592,9,7,2,0,2,0,2,3,2,0,1,0,1,3,2,0,1,0,1,0,0,2916.68001354
20201,1129002593,2,1,1,0,1,0,1,0,0,0,1,0,0,0,0,0,0,0,1,0,0,3089.87851531
20201,1129002595,3,2,1,0,0,1,0,0,2,0,0,1,0,0,1,0,0,0,0,0,1,2743.62446279
20201,1129002596,30,21,9,0,8,4,7,9,2,0,5,4,4,7,1,0,3,0,3,2,1,5096.81294101
20201,1129002598,6,2,4,0,0,1,2,3,0,0,0,0,0,2,0,0,0,1,2,1,0,2954.52081688
20201,1129002599,2,1,1,0,0,0,0,0,2,0,0,0,0,0,1,0,0,0,0,0,1,3322.787428
20201,1129002601,4,0,4,0,1,2,0,0,1,0,0,0,0,0,0,0,1,2,0,0,1,2887.5691553
20201,1129002604,5,2,3,0,0,4,0,0,1,0,0,1,0,0,1,0,0,3,0,0,0,2945.37651993
20201,1129002605,16,11,5,0,3,5,6,0,2,0,0,5,4,0,2,0,3,0,2,0,0,5030.79771549
20201,1129002606,5,0,5,0,2,1,1,1,0,0,0,0,0,0,0,0,2,1,1,1,0,3406.6579324
20201,1129002607,7,6,1,0,0,0,2,2,3,0,0,0,2,1,3,0,0,0,0,1,0,2853.63565329
20201,1129002608,5,5,0,0,1,0,0,4,0,0,1,0,0,4,0,0,0,0,0,0,0,1764.44399597
20201,1129002609,1,1,0,0,0,0,0,0,1,0,0,0,0,0,1,0,0,0,0,0,0,3407.97190945
20201,1129002611,7,3,4,0,1,2,1,2,1,0,1,0,1,1,0,0,0,2,0,1,1,4435.69379108
20201,1129002615,4,2,2,0,1,0,1,2,0,0,1,0,0,1,0,0,0,0,1,1,0,4732.48136469
20201,1129002617,4,4,0,0,0,1,2,1,0,0,0,1,2,1,0,0,0,0,0,0,0,5978.98811612
20201,1129002625,8,5,3,0,0,4,2,1,1,0,0,2,2,0,1,0,0,2,0,1,0,2978.60877262
20201,1129002627,16,10,6,0,3,3,6,4,0,0,1,3,3,3,0,0,2,0,3,1,0,2139.47305022
20201,1129002628,3,0,3,0,1,0,0,1,1,0,0,0,0,0,0,0,1,0,0,1,1,4128.76653444
20201,1129002629,5,1,4,0,0,0,2,1,2,0,0,0,1,0,0,0,0,0,1,1,2,6003.37456971
20201,1129002630,4,1,3,0,0,0,2,0,2,0,0,0,1,0,0,0,0,0,1,0,2,2510.37714457
20201,1129002631,148,126,22,0,3,6,15,12,112,0,1,3,8,10,104,0,2,3,7,2,8,8749.39789924
20201,1129002632,27,19,8,0,0,0,2,0,25,0,0,0,1,0,18,0,0,0,1,0,7,5589.46694678
20201,1129002633,114,29,85,0,20,18,28,34,14,0,3,10,9,5,2,0,17,8,19,29,12,4306.09884985
20201,1129002635,3,1,2,0,0,0,1,2,0,0,0,0,0,1,0,0,0,0,1,1,0,5819.94689896
20201,1129002636,4,4,0,0,0,0,2,2,0,0,0,0,2,2,0,0,0,0,0,0,0,4374.28950998
20201,1129002639,7,1,6,0,0,0,2,2,3,0,0,0,0,0,1,0,0,0,2,2,2,2129.56325532
20201,1129002640,6,4,2,0,1,2,1,0,2,0,0,1,1,0,2,0,1,1,0,0,0,2527.55636928
20201,1129002642,10,7,3,0,1,1,3,4,1,0,1,1,3,1,1,0,0,0,0,3,0,4197.10978617
20201,1129002643,2,2,0,0,0,0,1,0,1,0,0,0,1,0,1,0,0,0,0,0,0,2360.88167132
20201,1129002648,2,2,0,0,0,0,0,1,1,0,0,0,0,1,1,0,0,0,0,0,0,1571.21259162
20201,1129002649,87,12,75,0,11,25,31,14,6,0,1,3,3,2,3,0,10,22,28,12,3,16350.8188163
20201,1129002654,1,0,1,0,0,0,0,1,0,0,0,0,0,0,0,0,0,0,0,1,0,1823.49051811
20201,1129002655,1,1,0,0,0,0,1,0,0,0,0,0,1,0,0,0,0,0,0,0,0,1060.44170941
20201,1129002658,11,7,4,0,0,1,1,8,1,0,0,0,1,5,1,0,0,1,0,3,0,4985.03332929
20201,1129002662,25,9,16,0,1,4,10,9,1,0,0,2,3,4,0,0,1,2,7,5,1,6278.119058
20201,1129002663,11,3,8,0,0,0,2,5,4,0,0,0,0,1,2,0,0,0,2,4,2,1731.77395699
20201,1129002664,3,1,2,0,1,0,1,1,0,0,0,0,0,1,0,0,1,0,1,0,0,1453.55747439
20201,1129002665,10,4,6,0,0,2,3,3,2,0,0,1,0,2,1,0,0,1,3,1,1,5747.70521949
20201,1129002666,12,5,7,0,2,2,0,1,7,0,0,0,0,1,4,0,2,2,0,0,3,5995.61155262
20201,1129002668,10,3,7,0,1,2,3,2,2,0,0,0,1,1,1,0,1,2,2,1,1,5851.72137031
20201,1129002670,2,2,0,0,0,0,0,2,0,0,0,0,0,2,0,0,0,0,0,0,0,2788.75526557
20201,1129002673,27,21,6,0,0,2,1,3,21,0,0,1,1,2,17,0,0,1,0,1,4,4862.8791621
20201,1129002674,4,0,4,0,1,0,2,1,0,0,0,0,0,0,0,0,1,0,2,1,0,2498.35934028
20201,1129002677,12,4,8,0,4,1,4,2,1,0,0,0,2,1,1,0,4,1,2,1,0,1904.20590089
20201,1129002679,3,2,1,0,0,0,0,0,3,0,0,0,0,0,2,0,0,0,0,0,1,4924.09713631
20201,1129002682,9,1,8,0,0,0,1,3,5,0,0,0,0,0,1,0,0,0,1,3,4,2644.42795867
20201,1129002683,6,6,0,0,0,2,0,2,2,0,0,2,0,2,2,0,0,0,0,0,0,3570.53634428
20201,1129002684,7,1,6,0,0,0,4,2,1,0,0,0,0,0,1,0,0,0,4,2,0,3253.26233681
20201,1129002685,3,1,2,0,0,0,1,2,0,0,0,0,1,0,0,0,0,0,0,2,0,2742.11007194
20201,1129002687,10,7,3,0,0,5,1,2,2,0,0,5,1,0,1,0,0,0,0,2,1,7938.3393892
20201,1129002690,18,8,10,0,2,6,3,4,3,0,0,3,1,2,2,0,2,3,2,2,1,3714.12072191
20201,1129002695,4,3,1,0,0,1,2,1,0,0,0,0,2,1,0,0,0,1,0,0,0,4085.75902319
20201,1129002702,5,3,2,0,0,1,0,1,3,0,0,1,0,0,2,0,0,0,0,1,1,3769.06679114
20201,1129002704,7,6,1,0,0,1,4,2,0,0,0,1,3,2,0,0,0,0,1,0,0,4457.02163493
20201,1129002707,9,6,3,0,1,0,2,2,4,0,0,0,1,2,3,0,1,0,1,0,1,5398.11540919
20201,1129002715,12,5,7,0,0,5,2,2,3,0,0,1,0,1,3,0,0,4,2,1,0,3266.53012563
20201,1129002716,3,0,3,0,0,1,0,1,1,0,0,0,0,0,0,0,0,1,0,1,1,1931.37648281
20201,1129002717,36,29,7,0,0,1,1,4,30,0,0,1,1,2,25,0,0,0,0,2,5,3688.56911079
20201,1129002719,2,2,0,0,1,0,0,0,1,0,1,0,0,0,1,0,0,0,0,0,0,3254.93154777
20201,1129002720,565,404,161,2,38,93,150,164,118,2,20,49,104,131,98,0,18,44,46,33,20,2077.2126593
20201,1129002725,2,1,1,0,0,0,0,1,1,0,0,0,0,0,1,0,0,0,0,1,0,3499.02911257
20201,1129002726,2,1,1,0,0,0,0,1,1,0,0,0,0,0,1,0,0,0,0,1,0,1933.88301606
20201,1129002730,2,2,0,0,0,0,0,2,0,0,0,0,0,2,0,0,0,0,0,0,0,3282.77444721
20201,1129002734,5,4,1,0,0,1,2,1,1,0,0,0,2,1,1,0,0,1,0,0,0,847.865646984
20201,1129002736,4,3,1,0,0,0,1,0,3,0,0,0,1,0,2,0,0,0,0,0,1,5694.24589366
20201,1129002737,4,2,2,0,0,1,2,0,1,0,0,0,1,0,1,0,0,1,1,0,0,2754.77750146
20201,1129002741,2,1,1,0,0,0,1,0,1,0,0,0,0,0,1,0,0,0,1,0,0,2562.34874275
20201,1129002745,9,7,2,0,0,2,2,3,2,0,0,2,2,2,1,0,0,0,0,1,1,5084.56377248
20201,1129002750,3,2,1,0,0,1,0,0,2,0,0,1,0,0,1,0,0,0,0,0,1,1751.86419898
20201,1129002758,4,1,3,0,0,1,2,0,1,0,0,0,1,0,0,0,0,1,1,0,1,2032.30119427
20201,1129002761,2,0,2,0,1,0,0,1,0,0,0,0,0,0,0,0,1,0,0,1,0,1916.7802284
20201,1129002766,2,1,1,0,1,0,0,1,0,0,0,0,0,1,0,0,1,0,0,0,0,1371.74301888
20201,1129002767,7,3,4,0,4,2,1,0,0,0,1,1,1,0,0,0,3,1,0,0,0,6720.94929957
20201,1129002773,7,7,0,0,0,1,1,2,3,0,0,1,1,2,3,0,0,0,0,0,0,2500.34206656
20201,1129002774,16,5,11,0,9,6,1,0,0,0,2,2,1,0,0,0,7,4,0,0,0,3943.36895136
20201,1129002775,2,2,0,0,1,0,0,1,0,0,1,0,0,1,0,0,0,0,0,0,0,3814.52448146
20201,1129002776,10,7,3,0,0,4,3,3,0,0,0,2,2,3,0,0,0,2,1,0,0,1532.19359293
20201,1129002778,23,18,5,0,2,6,5,7,3,0,2,4,4,5,3,0,0,2,1,2,0,12590.4931161
20201,1129002779,3,1,2,0,1,0,1,1,0,0,0,0,1,0,0,0,1,0,0,1,0,1372.59984558
20201,1129002781,2,2,0,0,0,0,0,1,1,0,0,0,0,1,1,0,0,0,0,0,0,2261.09676806
20201,1129002784,125,123,2,0,2,0,11,40,72,0,1,0,11,39,72,0,1,0,0,1,0,3693.64751755
20201,1129002785,4,2,2,0,0,0,2,2,0,0,0,0,1,1,0,0,0,0,1,1,0,3498.06829637
20201,1129002786,4,1,3,0,0,2,2,0,0,0,0,0,1,0,0,0,0,2,1,0,0,655.826889159
20201,1129002787,2,1,1,0,0,0,0,2,0,0,0,0,0,1,0,0,0,0,0,1,0,2345.73109473
20201,1129002790,3,2,1,0,0,0,2,1,0,0,0,0,1,1,0,0,0,0,1,0,0,1652.94996883
20201,1129002791,8,6,2,0,0,0,3,2,3,0,0,0,2,1,3,0,0,0,1,1,0,2938.08656253
20201,1129002792,126,122,4,0,0,2,16,52,56,0,0,1,14,52,55,0,0,1,2,0,1,6214.95408465
20201,1129002793,41,17,24,0,15,11,4,9,2,0,7,3,2,3,2,0,8,8,2,6,0,6260.91425155
20201,1129002796,5,4,1,0,0,0,2,1,2,0,0,0,2,1,1,0,0,0,0,0,1,2930.33158532
20201,1129002797,2,2,0,0,0,0,0,2,0,0,0,0,0,2,0,0,0,0,0,0,0,1334.1946941
20201,1129002800,120,42,78,0,21,28,28,34,9,0,4,14,13,8,3,0,17,14,15,26,6,12145.2760122
20201,1129002801,6,4,2,0,0,0,2,3,1,0,0,0,1,2,1,0,0,0,1,1,0,5325.02844834
20201,1129002805,46,21,25,0,13,11,12,7,3,0,5,6,6,3,1,0,8,5,6,4,2,2487.99968821
20201,1129002807,4,2,2,0,0,2,0,2,0,0,0,1,0,1,0,0,0,1,0,1,0,1227.61801799
20201,1129002816,12,9,3,0,1,3,3,5,0,0,0,3,2,4,0,0,1,0,1,1,0,1079.26453681
20201,1129002817,2,2,0,0,0,0,2,0,0,0,0,0,2,0,0,0,0,0,0,0,0,726.300693196
20201,1129002819,55,30,25,5,18,10,14,5,3,1,11,7,8,2,1,4,7,3,6,3,2,4943.48173046
20201,1129002823,5,4,1,0,0,1,2,2,0,0,0,0,2,2,0,0,0,1,0,0,0,1760.40886155
20201,1129002832,3,2,1,0,0,0,2,1,0,0,0,0,1,1,0,0,0,0,1,0,0,4964.84332294
20201,1129002834,2,2,0,0,0,0,0,0,2,0,0,0,0,0,2,0,0,0,0,0,0,2475.34126798
20201,1129002837,5,3,2,0,1,0,1,3,0,0,0,0,0,3,0,0,1,0,1,0,0,5796.65856921
20201,1129002840,5,4,1,0,0,1,2,1,1,0,0,1,1,1,1,0,0,0,1,0,0,1827.81869652
20201,1129002842,7,2,5,0,1,3,1,2,0,0,0,1,0,1,0,0,1,2,1,1,0,6284.94124142
20201,1129002851,15,4,11,0,3,0,1,7,4,0,2,0,0,1,1,0,1,0,1,6,3,8720.90612591
20201,1129002852,12,5,7,0,0,2,3,4,3,0,0,2,0,1,2,0,0,0,3,3,1,1698.31759891
20201,1129002853,7,6,1,0,0,1,1,2,3,0,0,1,1,1,3,0,0,0,0,1,0,5516.51261701
20201,1129002854,4,4,0,0,0,1,2,1,0,0,0,1,2,1,0,0,0,0,0,0,0,2710.35363206
20201,1129002858,7,6,1,1,0,2,1,2,1,1,0,2,1,1,1,0,0,0,0,1,0,3073.05659004
20201,1129002859,2,2,0,0,0,0,0,2,0,0,0,0,0,2,0,0,0,0,0,0,0,912.377375488
20201,1129002864,19,0,19,0,6,4,6,3,0,0,0,0,0,0,0,0,6,4,6,3,0,5241.47265617
20201,1129002868,87,36,51,0,32,49,4,0,2,0,4,30,1,0,1,0,28,19,3,0,1,4778.24848515
20201,1129002869,26,19,7,0,1,4,9,12,0,0,1,1,7,10,0,0,0,3,2,2,0,4862.19712695
20201,1129002886,61,26,35,0,6,26,16,10,3,0,3,13,5,2,3,0,3,13,11,8,0,12937.086627
20201,1129002910,3,2,1,0,0,0,2,0,1,0,0,0,1,0,1,0,0,0,1,0,0,2748.40653281
20201,1129002919,4,1,3,0,1,0,1,0,2,0,0,0,0,0,1,0,1,0,1,0,1,5346.90475408
20201,1129002927,2,1,1,0,0,0,0,0,2,0,0,0,0,0,1,0,0,0,0,0,1,2031.61796756
20201,1129002930,11,7,4,0,1,4,4,1,1,0,0,2,3,1,1,0,1,2,1,0,0,2917.91822692
20201,1129002931,99,57,42,0,20,18,34,13,14,0,12,12,16,6,11,0,8,6,18,7,3,5917.60132611
20201,1129002935,5,3,2,0,0,2,0,2,1,0,0,2,0,0,1,0,0,0,0,2,0,2788.91613672
20201,1129002936,8,6,2,0,0,1,0,4,3,0,0,1,0,2,3,0,0,0,0,2,0,4209.43661227
20201,1129002937,9,5,4,0,1,2,2,3,1,0,1,1,2,1,0,0,0,1,0,2,1,3205.47302214
20201,1129002941,27,3,24,0,0,7,7,10,3,0,0,1,0,0,2,0,0,6,7,10,1,9462.01415392
20201,1129002944,8,5,3,0,0,1,2,2,3,0,0,0,1,1,3,0,0,1,1,1,0,2238.99396323
20201,1129002948,67,51,16,0,2,4,23,19,19,0,2,3,19,10,17,0,0,1,4,9,2,2873.86745986
20201,1129002949,10,7,3,0,0,0,3,1,6,0,0,0,1,1,5,0,0,0,2,0,1,3938.87154449
20201,1129002951,40,20,20,0,13,7,8,8,4,0,6,2,3,6,3,0,7,5,5,2,1,5828.0541768
20201,1129002972,2,1,1,0,0,0,0,0,2,0,0,0,0,0,1,0,0,0,0,0,1,2621.12324854
20201,1129002974,155,88,67,0,18,40,27,50,20,0,7,17,14,33,17,0,11,23,13,17,3,3755.62725514
20201,1129002975,33,20,13,0,5,11,12,2,3,0,1,6,10,2,1,0,4,5,2,0,2,5364.05410242
20201,1129002983,1,0,1,0,0,1,0,0,0,0,0,0,0,0,0,0,0,1,0,0,0,3203.53912984
20201,1129002986,7,7,0,0,1,0,3,2,1,0,1,0,3,2,1,0,0,0,0,0,0,1964.76823561
20201,1129002992,2,1,1,0,1,0,1,0,0,0,0,0,1,0,0,0,1,0,0,0,0,3620.09909732
20201,1129003001,2,1,1,0,0,0,2,0,0,0,0,0,1,0,0,0,0,0,1,0,0,1209.95623379
20201,1129003002,28,18,10,0,0,3,8,11,6,0,0,1,2,10,5,0,0,2,6,1,1,3486.72686105
20201,1129003004,4,2,2,0,1,0,1,1,1,0,0,0,1,0,1,0,1,0,0,1,0,3460.20011502
20201,1129003006,1,1,0,0,0,0,0,0,1,0,0,0,0,0,1,0,0,0,0,0,0,1059.83553501
20201,1129003009,6,6,0,0,1,0,3,1,1,0,1,0,3,1,1,0,0,0,0,0,0,1450.63182255
20201,1129003011,16,4,12,0,2,2,7,3,2,0,0,0,3,0,1,0,2,2,4,3,1,3668.58276496
20201,1129003012,2,0,2,0,0,0,0,1,1,0,0,0,0,0,0,0,0,0,0,1,1,3522.87732936
20201,1129003015,3,2,1,0,1,0,1,1,0,0,1,0,1,0,0,0,0,0,0,1,0,9087.93614223
20201,1129003017,28,8,20,0,2,8,8,7,3,0,0,0,1,4,3,0,2,8,7,3,0,1183.50498078
20201,1129003018,136,133,3,0,1,1,12,38,84,0,1,0,10,38,84,0,0,1,2,0,0,2062.31053703
20201,1129003019,10,7,3,0,1,1,6,1,1,0,1,0,4,1,1,0,0,1,2,0,0,4045.47881746
20201,1129003020,2,1,1,0,0,0,2,0,0,0,0,0,1,0,0,0,0,0,1,0,0,1942.32683499
20201,1129003027,20,7,13,0,5,3,3,5,4,0,0,0,1,3,3,0,5,3,2,2,1,8796.2157041
20201,1129003034,8,5,3,0,0,6,2,0,0,0,0,4,1,0,0,0,0,2,1,0,0,2252.69009991
20201,1129003035,10,5,5,0,0,2,5,2,1,0,0,0,2,2,1,0,0,2,3,0,0,3717.01820287
20201,1129003037,24,10,14,0,2,5,9,7,1,0,0,1,3,5,1,0,2,4,6,2,0,3592.73380512
20201,1129003040,7,2,5,0,0,3,2,2,0,0,0,0,0,2,0,0,0,3,2,0,0,1806.45537376
20201,1129003041,32,14,18,0,0,3,8,13,8,0,0,1,4,6,3,0,0,2,4,7,5,1171.40095398
20201,1129003042,38,15,23,2,8,11,8,6,3,0,1,4,2,5,3,2,7,7,6,1,0,3380.26247304
20201,1129003044,33,7,26,1,8,9,4,8,3,0,0,2,0,3,2,1,8,7,4,5,1,4444.42123654
20201,1129003048,3,1,2,0,0,0,1,2,0,0,0,0,0,1,0,0,0,0,1,1,0,2832.81298506
20201,1129003053,13,8,5,0,2,3,3,1,4,0,2,3,1,0,2,0,0,0,2,1,2,4899.77519327
20201,1129003056,55,19,36,0,16,7,16,9,7,0,1,2,6,4,6,0,15,5,10,5,1,9543.35996833
20201,1129003057,266,130,136,2,34,33,57,86,54,1,11,14,27,40,37,1,23,19,30,46,17,3459.89958581
20201,1129003065,1,1,0,0,0,0,0,1,0,0,0,0,0,1,0,0,0,0,0,0,0,3031.1257573
20201,1129003067,116,53,63,1,31,45,23,11,5,0,9,19,15,6,4,1,22,26,8,5,1,1960.73629351
20201,1129003070,6,0,6,0,0,1,4,0,1,0,0,0,0,0,0,0,0,1,4,0,1,5567.76679718
20201,1129003072,65,31,34,0,9,5,17,23,11,0,4,0,9,11,7,0,5,5,8,12,4,4084.44073694
20201,1129003076,3,1,2,0,0,1,0,1,1,0,0,0,0,0,1,0,0,1,0,1,0,3919.40052077
20201,1129003086,14,12,2,0,0,2,3,3,6,0,0,0,3,3,6,0,0,2,0,0,0,3887.31598407
20201,1129003093,25,1,24,0,4,12,6,3,0,0,0,0,1,0,0,0,4,12,5,3,0,3041.20758308
20201,1129003094,3,2,1,0,0,0,3,0,0,0,0,0,2,0,0,0,0,0,1,0,0,8172.03536645
20201,1129003095,7,4,3,0,1,0,3,2,1,0,1,0,1,1,1,0,0,0,2,1,0,3287.98730611
20201,1129003097,23,13,10,0,0,3,5,9,6,0,0,3,3,3,4,0,0,0,2,6,2,3464.49313751
20201,1129003099,3,1,2,0,0,1,2,0,0,0,0,0,1,0,0,0,0,1,1,0,0,2437.33057751
20201,1129003101,6,2,4,0,0,2,2,2,0,0,0,0,1,1,0,0,0,2,1,1,0,2336.92079312
20201,1129003107,6,4,2,0,0,2,2,0,2,0,0,0,2,0,2,0,0,2,0,0,0,7505.19828178
20201,1129003109,12,6,6,0,0,3,3,2,4,0,0,2,0,2,2,0,0,1,3,0,2,18992.0131998
20201,1129003111,2,1,1,0,0,2,0,0,0,0,0,1,0,0,0,0,0,1,0,0,0,4060.99282654
20201,1129003113,18,12,6,0,0,4,10,2,2,0,0,3,7,0,2,0,0,1,3,2,0,2851.67362311
20201,1129003114,3,2,1,0,0,0,1,2,0,0,0,0,1,1,0,0,0,0,0,1,0,4542.76132568
20201,1129003115,41,17,24,0,13,14,12,2,0,0,2,5,8,2,0,0,11,9,4,0,0,2321.60310198
20201,1129003118,2,1,1,0,0,0,0,1,1,0,0,0,0,0,1,0,0,0,0,1,0,8901.25138938
20201,1129003120,8,4,4,0,0,4,4,0,0,0,0,1,3,0,0,0,0,3,1,0,0,2976.72600347
20201,1129003121,27,11,16,0,2,7,8,7,3,0,1,3,3,1,3,0,1,4,5,6,0,7438.25700464
20201,1129003124,21,17,4,0,3,7,4,4,3,0,3,7,2,3,2,0,0,0,2,1,1,3758.3609374
20201,1129003126,20,4,16,0,4,9,1,4,2,0,0,3,0,0,1,0,4,6,1,4,1,10382.2676633
20201,1129003127,12,7,5,0,4,6,1,1,0,0,0,5,1,1,0,0,4,1,0,0,0,8359.50708252
20201,1129003138,7,3,4,0,1,3,3,0,0,0,0,2,1,0,0,0,1,1,2,0,0,3398.92620896
20201,1129003145,22,9,13,0,0,6,7,8,1,0,0,1,1,6,1,0,0,5,6,2,0,18146.0066388
20201,1129003166,14,5,9,0,3,5,3,2,1,0,0,2,1,2,0,0,3,3,2,0,1,1747.5660384
20201,1129003168,3,2,1,0,0,1,0,0,2,0,0,1,0,0,1,0,0,0,0,0,1,3334.32217404
20201,1129003174,171,86,85,0,29,43,52,38,9,0,15,28,26,12,5,0,14,15,26,26,4,4851.09342493
20201,1129003176,6,2,4,0,0,0,1,3,2,0,0,0,0,2,0,0,0,0,1,1,2,181549.710325
20201,1129003179,11,1,10,0,1,1,7,2,0,0,1,0,0,0,0,0,0,1,7,2,0,3261.56125899
20201,1129003182,4,2,2,0,0,1,0,1,2,0,0,0,0,1,1,0,0,1,0,0,1,1980.18975681
20201,1129003189,55,13,42,0,5,15,16,12,7,0,0,2,2,3,6,0,5,13,14,9,1,12230.9123414
20201,1129003190,16,7,9,0,0,2,6,3,5,0,0,1,2,2,2,0,0,1,4,1,3,3942.95807901
20201,1129003193,22,10,12,0,0,3,3,12,4,0,0,0,1,6,3,0,0,3,2,6,1,1670.69693616
20201,1129003196,121,20,101,0,13,36,43,22,7,0,0,6,4,6,4,0,13,30,39,16,3,24379.2435096
20201,1129003197,10,3,7,0,1,2,5,1,1,0,0,2,1,0,0,0,1,0,4,1,1,2403.76775529
20201,1129003198,1,0,1,0,0,0,0,1,0,0,0,0,0,0,0,0,0,0,0,1,0,769.525965648
20201,1129003200,6,6,0,0,0,2,3,1,0,0,0,2,3,1,0,0,0,0,0,0,0,4424.47588641
20201,1129003202,2,1,1,0,0,0,2,0,0,0,0,0,1,0,0,0,0,0,1,0,0,7898.64081648
20201,1129003205,4,4,0,0,0,2,2,0,0,0,0,2,2,0,0,0,0,0,0,0,0,1771.36682709
20201,1129003206,3,2,1,0,0,1,0,2,0,0,0,1,0,1,0,0,0,0,0,1,0,5373.71201391
20201,1129003208,1,1,0,0,0,0,0,0,1,0,0,0,0,0,1,0,0,0,0,0,0,1465.64428187
20201,1129003209,6,5,1,0,0,0,3,3,0,0,0,0,2,3,0,0,0,0,1,0,0,1361.52460671
20201,1129003212,17,8,9,0,0,0,8,6,3,0,0,0,4,2,2,0,0,0,4,4,1,9885.7222336
20201,1129003222,31,19,12,0,5,7,11,4,4,0,3,6,7,2,1,0,2,1,4,2,3,3405.47119231
20201,1129003226,86,43,43,0,14,15,21,22,14,0,5,9,10,12,7,0,9,6,11,10,7,4535.9669593
20201,1129003227,533,183,350,0,153,150,124,77,29,0,34,55,33,33,28,0,119,95,91,44,1,8808.63119494
20201,1129003232,5,2,3,0,1,1,0,1,2,0,1,0,0,0,1,0,0,1,0,1,1,856.310424617
20201,1129003239,33,16,17,0,5,7,10,6,5,0,0,5,4,3,4,0,5,2,6,3,1,23681.685196
20201,1129003245,4,3,1,0,1,0,2,1,0,0,1,0,1,1,0,0,0,0,1,0,0,2856.74893881
20201,1129003249,12,9,3,0,1,3,3,2,3,0,1,1,2,2,3,0,0,2,1,0,0,1993.59907756
20201,1129003251,59,31,28,0,2,10,17,22,8,0,1,5,11,10,4,0,1,5,6,12,4,16240.7449186
20201,1129003252,12,5,7,0,1,3,5,2,1,0,0,1,3,1,0,0,1,2,2,1,1,5033.99382824
20201,1129003253,12,7,5,0,0,0,1,3,8,0,0,0,0,1,6,0,0,0,1,2,2,2129.75096584
20201,1129003256,19,9,10,0,6,6,4,2,1,0,0,5,2,2,0,0,6,1,2,0,1,3204.65340618
20201,1129003259,2,1,1,0,0,0,0,1,1,0,0,0,0,1,0,0,0,0,0,0,1,2732.20612794
20201,1129003260,29,18,11,0,5,1,7,15,1,0,2,1,7,7,1,0,3,0,0,8,0,1707.01936264
20201,1129003263,24,7,17,0,2,9,6,4,3,0,0,3,1,0,3,0,2,6,5,4,0,9576.02661646
20201,1129003264,4,4,0,0,0,0,2,2,0,0,0,0,2,2,0,0,0,0,0,0,0,1866.95626467
20201,1129003266,10,5,5,0,1,1,3,4,1,0,0,1,1,2,1,0,1,0,2,2,0,15326.443464
20201,1129003268,2,1,1,0,0,0,1,0,1,0,0,0,0,0,1,0,0,0,1,0,0,1968.88106601
20201,1129003269,18,3,15,0,2,1,5,9,1,0,1,1,0,1,0,0,1,0,5,8,1,7699.40582463
20201,1129003272,10,6,4,0,2,3,2,1,2,0,1,2,2,0,1,0,1,1,0,1,1,2717.33802711
20201,1129003274,8,3,5,0,0,2,4,2,0,0,0,1,0,2,0,0,0,1,4,0,0,8069.38302156
20201,1129003276,2,1,1,0,0,0,0,0,2,0,0,0,0,0,1,0,0,0,0,0,1,2821.19217976
20201,1129003277,101,98,3,0,1,0,14,42,44,0,1,0,13,41,43,0,0,0,1,1,1,1796.42265556
20201,1129003286,14,10,4,0,0,1,3,6,4,0,0,1,1,4,4,0,0,0,2,2,0,2803.45377912
20201,1129003291,62,14,48,0,16,15,11,16,4,0,6,0,3,1,4,0,10,15,8,15,0,9791.84305715
20201,1129003295,10,7,3,0,0,3,5,1,1,0,0,1,4,1,1,0,0,2,1,0,0,150658.194233
20201,1129003297,23,8,15,0,2,5,6,7,3,0,2,2,2,1,1,0,0,3,4,6,2,9142.43887075
20201,1129003298,25,13,12,0,3,9,3,7,3,0,2,3,1,4,3,0,1,6,2,3,0,153132.017996
20201,1129003301,20,14,6,0,3,1,6,6,4,0,2,0,5,4,3,0,1,1,1,2,1,1986.76351246
20201,1129003304,3,3,0,0,0,2,1,0,0,0,0,2,1,0,0,0,0,0,0,0,0,1672.5735129
20201,1129003306,666,585,81,0,148,331,158,26,3,0,103,307,146,26,3,0,45,24,12,0,0,1713.6508946
20201,1129003307,370,339,31,0,8,32,123,158,49,0,3,30,113,151,42,0,5,2,10,7,7,19495.1816125
20201,1129003308,120,56,64,0,0,6,11,6,97,0,0,3,6,2,45,0,0,3,5,4,52,10581.0911798
20201,1129003310,102,47,55,0,5,39,36,19,3,0,1,12,17,14,3,0,4,27,19,5,0,2770.65655474
20201,1129003312,141,122,19,13,33,39,25,25,6,12,27,34,22,21,6,1,6,5,3,4,0,7673.80725909
20201,1129003313,3,3,0,0,0,0,0,0,3,0,0,0,0,0,3,0,0,0,0,0,0,3708.91559748
20201,1129003315,28,17,11,0,2,6,6,10,4,0,2,3,3,6,3,0,0,3,3,4,1,2017.5094654
20201,1129003316,3,3,0,0,0,1,0,2,0,0,0,1,0,2,0,0,0,0,0,0,0,7841.78248881
20201,1129003318,3,3,0,0,0,1,2,0,0,0,0,1,2,0,0,0,0,0,0,0,0,3548.22422424
20201,1129003322,12,10,2,0,0,1,4,5,2,0,0,1,3,4,2,0,0,0,1,1,0,10755.1635351
20201,1129003324,16,11,5,0,1,2,5,4,4,0,1,2,2,3,3,0,0,0,3,1,1,1769.06303048
20201,1129003327,7,4,3,0,0,0,1,0,6,0,0,0,0,0,4,0,0,0,1,0,2,5166.20165654
20201,1129003328,3,2,1,0,0,1,2,0,0,0,0,0,2,0,0,0,0,1,0,0,0,3729.29810905
20201,1129003329,4,2,2,0,0,0,2,1,1,0,0,0,1,0,1,0,0,0,1,1,0,1848.52853895
20201,1129003331,22,19,3,0,3,4,4,6,5,0,2,3,4,5,5,0,1,1,0,1,0,7748.36793471
20201,1129003332,55,37,18,2,20,10,13,6,4,2,14,8,6,4,3,0,6,2,7,2,1,215719.067956
20201,1129003335,28,12,16,0,1,3,9,12,3,0,0,1,6,4,1,0,1,2,3,8,2,2418.6848547
20201,1129003342,3,1,2,0,0,0,3,0,0,0,0,0,1,0,0,0,0,0,2,0,0,2311.70677967
20201,1129003344,45,37,8,0,4,18,17,3,3,0,4,15,12,3,3,0,0,3,5,0,0,5244.6227638
20201,1129003345,2,1,1,0,0,1,0,1,0,0,0,0,0,1,0,0,0,1,0,0,0,28853.8807185
20201,1129003346,11,6,5,0,0,0,6,4,1,0,0,0,3,2,1,0,0,0,3,2,0,2029.67296716
20201,1129003350,4,1,3,0,1,0,1,0,2,0,0,0,0,0,1,0,1,0,1,0,1,10586.870596
20201,1129003353,3,2,1,0,0,0,0,2,1,0,0,0,0,2,0,0,0,0,0,0,1,461.241539054
20201,1129003354,10,1,9,0,3,1,2,4,0,0,0,0,0,1,0,0,3,1,2,3,0,2251.90633398
20201,1129003359,2,1,1,0,0,0,0,0,2,0,0,0,0,0,1,0,0,0,0,0,1,1821.31091352
20201,1129003364,9,5,4,0,1,2,2,2,2,0,0,2,1,1,1,0,1,0,1,1,1,11256.0176298
20201,1129003367,20,14,6,0,3,2,6,9,0,0,2,2,6,4,0,0,1,0,0,5,0,8646.12487479
20201,1129003374,23,4,19,0,6,5,7,3,2,0,2,1,0,0,1,0,4,4,7,3,1,2200.62430712
20201,1129003382,16,14,2,0,6,4,3,3,0,0,5,4,3,2,0,0,1,0,0,1,0,3529.9245972
20201,1129003383,6,4,2,0,1,1,1,1,2,0,0,1,0,1,2,0,1,0,1,0,0,3301.58478418
20201,1129003386,1,0,1,0,0,0,1,0,0,0,0,0,0,0,0,0,0,0,1,0,0,9178.45469356
20201,1129003387,46,1,45,0,3,5,2,12,24,0,0,0,0,0,1,0,3,5,2,12,23,14015.5105883
20201,1129003389,39,6,33,0,9,7,12,7,4,0,1,2,1,1,1,0,8,5,11,6,3,4351.27532063
20201,1129003396,6,3,3,0,1,2,0,3,0,0,0,1,0,2,0,0,1,1,0,1,0,3011.66059464
20201,1129003398,10,10,0,0,0,3,1,3,3,0,0,3,1,3,3,0,0,0,0,0,0,5080.71253135
20201,1129003399,16,9,7,0,2,3,7,3,1,0,1,2,2,3,1,0,1,1,5,0,0,3711.03540675
20201,1129003402,19,10,9,0,2,3,7,2,5,0,0,2,2,2,4,0,2,1,5,0,1,12604.4376944
20201,1129003403,42,9,33,0,7,18,10,7,0,0,0,7,1,1,0,0,7,11,9,6,0,18062.061525
20201,1129003404,7,1,6,0,2,4,1,0,0,0,0,0,1,0,0,0,2,4,0,0,0,5851.29808174
20201,1129003405,3,2,1,0,0,0,0,2,1,0,0,0,0,1,1,0,0,0,0,1,0,4626.82329492
20201,1129003407,4,2,2,0,1,2,1,0,0,0,0,1,1,0,0,0,1,1,0,0,0,5369.19492692
20201,1129003413,215,79,136,0,76,90,36,9,4,0,22,30,18,6,3,0,54,60,18,3,1,176517.546399
20201,1129003416,13,5,8,0,0,0,2,4,7,0,0,0,1,0,4,0,0,0,1,4,3,43289.3628752
20201,1129003420,2,1,1,0,0,0,1,0,1,0,0,0,0,0,1,0,0,0,1,0,0,5783.34671246
20201,1129003425,7,3,4,0,1,0,1,5,0,0,1,0,0,2,0,0,0,0,1,3,0,13173.9466361
20201,1129003430,9,5,4,0,1,1,0,4,3,0,0,0,0,2,3,0,1,1,0,2,0,11398.3199726
20201,1129003438,6,3,3,0,2,0,0,2,2,0,2,0,0,0,1,0,0,0,0,2,1,5201.4781763
20201,1129003439,7,3,4,0,1,0,0,3,3,0,1,0,0,1,1,0,0,0,0,2,2,3907.40446867
20201,1129003449,95,65,30,0,5,11,27,19,33,0,1,6,14,16,28,0,4,5,13,3,5,187810.655269
20201,1129003454,4,1,3,0,0,1,2,0,1,0,0,0,0,0,1,0,0,1,2,0,0,1635.74900217
20201,1129003458,5,2,3,0,0,0,0,2,3,0,0,0,0,1,1,0,0,0,0,1,2,3125.20783225
20201,1129003459,5,2,3,0,2,2,0,1,0,0,0,1,0,1,0,0,2,1,0,0,0,5154.16300387
20201,1129003461,9,2,7,0,0,4,2,3,0,0,0,0,1,1,0,0,0,4,1,2,0,895.469127812
20201,1129003462,6,5,1,0,2,1,3,0,0,0,2,1,2,0,0,0,0,0,1,0,0,2256.17247661
20201,1129003463,2,1,1,0,0,0,0,0,2,0,0,0,0,0,1,0,0,0,0,0,1,2883.31968909
20201,1129003464,2,1,1,0,0,0,0,2,0,0,0,0,0,1,0,0,0,0,0,1,0,6440.32625528
20201,1129003465,20,4,16,0,8,2,5,4,1,0,1,0,1,2,0,0,7,2,4,2,1,10892.0161003
20201,1129003466,5,3,2,0,0,1,1,2,1,0,0,1,0,1,1,0,0,0,1,1,0,1605.80721062
20201,1129003471,185,147,38,0,1,2,19,73,90,0,0,2,16,64,65,0,1,0,3,9,25,11444.966217
20201,1129003472,9,3,6,0,0,1,6,1,1,0,0,0,2,0,1,0,0,1,4,1,0,4741.68292349
20201,1129003473,6,4,2,0,1,0,1,3,1,0,1,0,1,2,0,0,0,0,0,1,1,7415.77253621
20201,1129003475,28,14,14,0,0,2,10,7,9,0,0,0,4,3,7,0,0,2,6,4,2,15399.1824614
20201,1129003478,9,8,1,0,0,0,2,3,4,0,0,0,1,3,4,0,0,0,1,0,0,2173.44061398
20201,1129003481,4,3,1,0,0,1,2,0,1,0,0,1,1,0,1,0,0,0,1,0,0,2720.8337914
20201,1129003488,12,10,2,0,0,2,5,3,2,0,0,2,3,3,2,0,0,0,2,0,0,2759.1334116
20201,1129003490,64,55,9,0,7,3,9,19,26,0,7,0,7,17,24,0,0,3,2,2,2,5127.06380089
20201,1129003491,5,5,0,0,0,0,1,3,1,0,0,0,1,3,1,0,0,0,0,0,0,3840.8570141
20201,1129003492,14,3,11,0,1,1,7,1,4,0,0,0,0,0,3,0,1,1,7,1,1,4444.62520214
20201,1129003494,54,43,11,0,1,4,13,25,11,0,0,4,10,20,9,0,1,0,3,5,2,10865.6456726
20201,1129003495,1,0,1,0,0,0,0,0,1,0,0,0,0,0,0,0,0,0,0,0,1,7080.28371426
20201,1129003497,43,24,19,0,5,12,12,7,7,0,3,7,4,6,4,0,2,5,8,1,3,12197.3477535
20201,1129003501,50,18,32,0,11,11,7,15,6,0,0,1,3,9,5,0,11,10,4,6,1,9558.81610453
20201,1129003502,3,1,2,0,0,1,1,1,0,0,0,0,0,1,0,0,0,1,1,0,0,2814.81008911
20201,1129003503,9,7,2,0,1,0,3,4,1,0,1,0,2,3,1,0,0,0,1,1,0,4808.585719
20201,1129003504,13,11,2,0,0,1,3,3,6,0,0,1,3,2,5,0,0,0,0,1,1,2850.58247671
20201,1129003505,1,0,1,0,0,0,1,0,0,0,0,0,0,0,0,0,0,0,1,0,0,5077.2057616
20201,1129003507,2,0,2,0,0,0,1,1,0,0,0,0,0,0,0,0,0,0,1,1,0,2091.02593302
20201,1129003512,9,7,2,0,1,0,4,2,2,0,1,0,3,1,2,0,0,0,1,1,0,8231.56905744
20201,1129003516,6,3,3,0,3,1,2,0,0,0,1,1,1,0,0,0,2,0,1,0,0,15508.1357462
20201,1129003518,15,1,14,0,6,2,3,4,0,0,0,0,1,0,0,0,6,2,2,4,0,3969.57837388
20201,1129003529,13,10,3,0,0,4,8,0,1,0,0,3,6,0,1,0,0,1,2,0,0,9025.84763106
20201,1129003532,285,130,155,0,41,53,67,68,56,0,10,24,34,28,34,0,31,29,33,40,22,918.580815296
20201,1129003535,15,13,2,0,0,1,3,7,4,0,0,1,3,6,3,0,0,0,0,1,1,7701.9239029
20201,1129003538,161,38,123,0,14,11,21,59,56,0,8,9,5,11,5,0,6,2,16,48,51,2352.87876807
20201,1129003552,154,119,35,0,15,10,38,66,25,0,0,6,33,57,23,0,15,4,5,9,2,7836.58501461
20201,1129003553,3,3,0,0,3,0,0,0,0,0,3,0,0,0,0,0,0,0,0,0,0,66923.920245
20201,1129003554,11,5,6,0,0,1,1,8,1,0,0,0,0,4,1,0,0,1,1,4,0,3190.56101361
20201,1129003556,32,12,20,0,5,8,9,8,2,0,2,2,4,2,2,0,3,6,5,6,0,5942.08922072
20201,1129003557,2,0,2,0,1,1,0,0,0,0,0,0,0,0,0,0,1,1,0,0,0,11496.5088845
20201,1129003558,6,3,3,0,0,0,0,1,5,0,0,0,0,0,3,0,0,0,0,1,2,3635.4763951
20201,1129003560,4,1,3,2,1,1,0,0,0,0,0,1,0,0,0,2,1,0,0,0,0,4382.42548896
20201,1129003561,4,1,3,0,0,1,2,1,0,0,0,0,0,1,0,0,0,1,2,0,0,10339.5582671
20201,1129003562,9,8,1,0,0,0,1,3,5,0,0,0,1,2,5,0,0,0,0,1,0,2384.24060202
20201,1129003566,2,1,1,0,0,1,0,1,0,0,0,1,0,0,0,0,0,0,0,1,0,4002.07989979
20201,1129003569,3,1,2,0,0,0,2,0,1,0,0,0,1,0,0,0,0,0,1,0,1,3362.24094154
20201,1129003570,7,4,3,0,0,0,2,4,1,0,0,0,0,3,1,0,0,0,2,1,0,4095.43017248
20201,1129003571,68,33,35,0,5,17,16,21,9,0,2,11,7,5,8,0,3,6,9,16,1,2099.64748224
20201,1129003572,7,2,5,0,0,0,2,4,1,0,0,0,1,0,1,0,0,0,1,4,0,11735.0325811
20201,1129003573,210,85,125,0,35,68,46,32,29,0,9,24,17,15,20,0,26,44,29,17,9,1383.15053281
20201,1129003583,2,2,0,0,0,0,0,1,1,0,0,0,0,1,1,0,0,0,0,0,0,9062.71641534
20201,1129003584,24,16,8,0,0,3,12,8,1,0,0,1,9,5,1,0,0,2,3,3,0,7500.91627999
20201,1129003591,5,0,5,0,2,1,1,1,0,0,0,0,0,0,0,0,2,1,1,1,0,35057.7791291
20201,1129003592,4,0,4,0,0,1,3,0,0,0,0,0,0,0,0,0,0,1,3,0,0,2108.21308021
20201,1129003595,6,2,4,0,0,1,1,2,2,0,0,0,1,0,1,0,0,1,0,2,1,10796.8229576
20201,1129003597,3,1,2,0,0,0,1,1,1,0,0,0,0,0,1,0,0,0,1,1,0,66883.6004134
20201,1129003605,21,12,9,0,2,5,5,4,5,0,1,1,2,4,4,0,1,4,3,0,1,14460.250442
20201,1129003609,510,474,36,0,3,51,162,213,81,0,3,47,150,199,75,0,0,4,12,14,6,23371.0695476
20201,1129003612,80,19,61,0,13,21,23,18,5,0,3,2,5,4,5,0,10,19,18,14,0,14747.2569598
20201,1129003617,21,7,14,0,3,12,1,4,1,0,1,4,0,1,1,0,2,8,1,3,0,91824.7350045
20201,1129003622,129,77,52,0,10,36,30,36,17,0,5,23,23,19,7,0,5,13,7,17,10,364030.393388
20201,1129003626,2,1,1,0,0,1,0,1,0,0,0,1,0,0,0,0,0,0,0,1,0,1229.95861833
20201,1129003631,15,12,3,0,1,2,4,5,3,0,0,2,3,5,2,0,1,0,1,0,1,3410.75305058
20201,1129003632,10,0,10,0,1,2,4,1,2,0,0,0,0,0,0,0,1,2,4,1,2,2647.76767072
20201,1129003635,24,12,12,0,0,4,6,10,4,0,0,1,3,6,2,0,0,3,3,4,2,4196.59967382
20201,1129003637,2,1,1,0,0,0,0,1,1,0,0,0,0,0,1,0,0,0,0,1,0,8049.11175236
20201,1129003638,17,12,5,0,0,5,7,4,1,0,0,4,4,4,0,0,0,1,3,0,1,15226.2434879
20201,1129003639,5,3,2,0,0,1,0,0,4,0,0,1,0,0,2,0,0,0,0,0,2,2934.13519498
20201,1129003642,4,4,0,0,0,0,2,1,1,0,0,0,2,1,1,0,0,0,0,0,0,5897.5778106
20201,1129003643,11,1,10,0,1,2,5,2,1,0,0,0,0,0,1,0,1,2,5,2,0,6837.4161208
20201,1129003644,25,19,6,0,4,6,10,5,0,0,2,4,10,3,0,0,2,2,0,2,0,5193.41238891
20201,1129003645,2,1,1,0,0,0,1,1,0,0,0,0,1,0,0,0,0,0,0,1,0,4580.15754293
20201,1129003646,5,1,4,0,0,0,0,2,3,0,0,0,0,0,1,0,0,0,0,2,2,3918.47960485
20201,1129003647,4,3,1,0,0,1,1,0,2,0,0,1,1,0,1,0,0,0,0,0,1,1771.93214574
20201,1129003648,10,3,7,0,0,3,1,2,4,0,0,1,0,1,1,0,0,2,1,1,3,8662.37507444
20201,1129003649,73,17,56,0,10,25,19,17,2,0,2,7,2,4,2,0,8,18,17,13,0,15138.197714
20201,1129003650,2,2,0,0,0,0,1,1,0,0,0,0,1,1,0,0,0,0,0,0,0,3109.9158624
20201,1129003652,16,12,4,0,3,4,5,2,2,0,3,4,3,1,1,0,0,0,2,1,1,3606.45113363
20201,1129003653,11,5,6,0,1,7,0,2,1,0,0,4,0,0,1,0,1,3,0,2,0,4437.25472213
20201,1129003654,299,135,164,0,16,91,127,63,2,0,3,29,57,46,0,0,13,62,70,17,2,4859.55705745
20201,1129003656,21,12,9,0,8,7,4,1,1,0,5,4,2,1,0,0,3,3,2,0,1,11004.0351229
20201,1129003661,1,1,0,0,0,0,0,1,0,0,0,0,0,1,0,0,0,0,0,0,0,70721.8136508
20201,1129003662,226,216,10,0,0,6,55,122,43,0,0,5,50,120,41,0,0,1,5,2,2,6772.06650861
20201,1129003664,23,12,11,0,1,5,4,10,3,0,0,2,2,7,1,0,1,3,2,3,2,7449.32944136
20201,1129003666,5,4,1,0,1,1,1,2,0,0,1,0,1,2,0,0,0,1,0,0,0,1856.63367865
20201,1129003668,3,1,2,0,0,1,0,2,0,0,0,0,0,1,0,0,0,1,0,1,0,3861.22013661
20201,1129003669,5,4,1,0,0,0,0,2,3,0,0,0,0,2,2,0,0,0,0,0,1,11254.8578306
20201,1129003675,7,3,4,0,0,1,3,3,0,0,0,0,2,1,0,0,0,1,1,2,0,8134.38017431
20201,1129003676,6,2,4,0,0,1,2,1,2,0,0,0,0,0,2,0,0,1,2,1,0,2757.3207121
20201,1129003683,43,34,9,0,1,4,18,10,10,0,1,3,11,9,10,0,0,1,7,1,0,32502.5464158
20201,1129003686,12,6,6,0,2,2,1,2,5,0,1,1,0,1,3,0,1,1,1,1,2,3100.33448527
20201,1129003688,2,0,2,0,0,0,0,2,0,0,0,0,0,0,0,0,0,0,0,2,0,2580.03319568
20201,1129003689,12,9,3,0,0,2,4,2,4,0,0,1,3,1,4,0,0,1,1,1,0,4895.55031041
20201,1129003690,28,16,12,0,7,4,9,7,1,0,2,1,7,5,1,0,5,3,2,2,0,7512.16445146
20201,1129003691,16,3,13,0,0,0,2,6,8,0,0,0,0,1,2,0,0,0,2,5,6,2512.19308667
20201,1129003692,93,44,49,0,10,18,35,18,12,0,2,11,16,10,5,0,8,7,19,8,7,1654.19259011
20201,1129003707,104,30,74,0,27,21,31,13,12,0,6,5,12,2,5,0,21,16,19,11,7,3578.19044182
20201,1129003708,3,2,1,0,1,1,1,0,0,0,0,1,1,0,0,0,1,0,0,0,0,4508.21204408
20201,1129003709,7,6,1,1,0,4,1,1,0,1,0,4,1,0,0,0,0,0,0,1,0,2703.26186374
20201,1129003713,2,1,1,0,0,1,0,1,0,0,0,1,0,0,0,0,0,0,0,1,0,3855.67425809
20201,1129003714,4,2,2,0,0,1,2,0,1,0,0,1,1,0,0,0,0,0,1,0,1,3992.61757975
20201,1129003715,7,0,7,0,0,2,5,0,0,0,0,0,0,0,0,0,0,2,5,0,0,2863.81754593
20201,1129003718,7,5,2,0,0,4,0,3,0,0,0,2,0,3,0,0,0,2,0,0,0,2765.49020333
20201,1129003722,14,11,3,0,1,2,5,6,0,0,1,2,4,4,0,0,0,0,1,2,0,6548.44868383
20201,1129003730,22,18,4,0,0,0,7,10,5,0,0,0,7,8,3,0,0,0,0,2,2,4859.02020555
20201,1129003733,1,1,0,0,0,0,1,0,0,0,0,0,1,0,0,0,0,0,0,0,0,1375.8279614
20201,1129003736,2,1,1,0,0,0,2,0,0,0,0,0,1,0,0,0,0,0,1,0,0,1815.04522933
20201,1129003738,1,1,0,0,0,0,1,0,0,0,0,0,1,0,0,0,0,0,0,0,0,972.19093857
20201,1129003741,4,1,3,0,0,2,2,0,0,0,0,0,1,0,0,0,0,2,1,0,0,4936.46713229
20201,1129003742,4,1,3,0,1,0,2,1,0,0,0,0,0,1,0,0,1,0,2,0,0,3731.55817055
20201,1129003743,10,4,6,0,2,3,1,4,0,0,1,2,0,1,0,0,1,1,1,3,0,9426.09054684
20201,1129003747,13,10,3,0,2,1,5,4,1,0,2,1,3,3,1,0,0,0,2,1,0,98983.2011773
20201,1129003749,7,6,1,0,0,1,1,2,3,0,0,1,1,2,2,0,0,0,0,0,1,6088.11954373
20201,1129003752,3,2,1,0,0,0,0,1,2,0,0,0,0,1,1,0,0,0,0,0,1,8476.50519957
20201,1129003753,18227,9407,8820,55,1380,4733,6768,5234,57,12,578,1554,2999,4214,50,43,802,3179,3769,1020,7,2722.10885391
20201,1129003755,51,15,36,0,11,10,19,9,2,0,2,6,4,1,2,0,9,4,15,8,0,5675.39728984
20201,1129003757,2,1,1,0,0,0,2,0,0,0,0,0,1,0,0,0,0,0,1,0,0,3853.97568297
20201,1129003758,37,16,21,0,13,13,7,3,1,0,4,10,1,1,0,0,9,3,6,2,1,7810.12637188
20201,1129003761,17,11,6,0,1,4,6,4,2,0,1,3,2,3,2,0,0,1,4,1,0,4804.4487743
20201,1129003763,2,1,1,0,0,0,0,0,2,0,0,0,0,0,1,0,0,0,0,0,1,2296.15955491
20201,1129003765,11,3,8,0,1,0,5,3,2,0,0,0,2,0,1,0,1,0,3,3,1,4923.71898931
20201,1129003769,5,4,1,0,0,0,0,4,1,0,0,0,0,3,1,0,0,0,0,1,0,1080.53169284
20201,1129003770,2,1,1,0,0,0,0,1,1,0,0,0,0,0,1,0,0,0,0,1,0,1966.90108742
20201,1129003773,66,30,36,0,6,10,11,15,24,0,3,8,5,8,6,0,3,2,6,7,18,13314.3166489
20201,1129003776,17,8,9,0,2,1,3,7,4,0,1,1,2,4,0,0,1,0,1,3,4,1237.35871907
20201,1129003782,2,1,1,0,0,1,1,0,0,0,0,1,0,0,0,0,0,0,1,0,0,1548.99743626
20201,1129003783,7,4,3,0,0,1,2,2,2,0,0,1,1,1,1,0,0,0,1,1,1,3051.7287323
20201,1129003789,4,2,2,0,0,1,0,1,2,0,0,0,0,0,2,0,0,1,0,1,0,5673.86036683
20201,1129003796,7,3,4,0,0,1,4,0,2,0,0,0,1,0,2,0,0,1,3,0,0,12054.9248195
20201,1129003798,95,20,75,0,13,29,33,18,2,0,5,6,2,6,1,0,8,23,31,12,1,4385.2380074
20201,1129003800,28,6,22,0,5,8,6,8,1,0,1,0,2,2,1,0,4,8,4,6,0,5733.59436
20201,1129003804,10,2,8,0,3,3,1,1,2,0,0,1,0,0,1,0,3,2,1,1,1,2957.85152396
20201,1129003805,78,18,60,0,16,15,25,16,6,0,3,3,5,2,5,0,13,12,20,14,1,10312.166553
20201,1129003807,28,3,25,0,8,4,4,8,4,0,1,1,0,0,1,0,7,3,4,8,3,4031.21743756
20201,1129003808,26,17,9,0,13,4,6,2,1,0,11,1,3,1,1,0,2,3,3,1,0,4077.87335975
20201,1129003818,12,6,6,0,1,3,1,2,5,0,0,2,0,1,3,0,1,1,1,1,2,406.991142185
20201,1129003819,3,2,1,0,1,1,1,0,0,0,0,1,1,0,0,0,1,0,0,0,0,2623.44244625
20201,1129003822,8,6,2,0,0,2,1,2,3,0,0,1,1,1,3,0,0,1,0,1,0,9233.31269517
20201,1129003831,213,3,210,0,14,8,35,87,69,0,0,0,1,0,2,0,14,8,34,87,67,8360.25277104
20201,1129003832,3,3,0,0,1,1,1,0,0,0,1,1,1,0,0,0,0,0,0,0,0,8841.87290226
20201,1129003836,4,4,0,0,0,0,1,3,0,0,0,0,1,3,0,0,0,0,0,0,0,3192.73090815
20201,1129003837,8,2,6,0,1,1,1,5,0,0,0,0,0,2,0,0,1,1,1,3,0,3653.93374724
20201,1129003841,16,9,7,0,0,3,5,7,1,0,0,1,3,5,0,0,0,2,2,2,1,5801.40639592
20201,1129003848,247,155,92,1,26,53,56,75,36,0,16,30,34,50,25,1,10,23,22,25,11,4439.32277955
20201,1129003850,8,7,1,0,0,1,2,5,0,0,0,1,1,5,0,0,0,0,1,0,0,3680.25513449
20201,1129003852,66,39,27,1,6,10,13,18,18,0,1,2,9,14,13,1,5,8,4,4,5,4897.45106624
20201,1129003853,18,2,16,0,1,2,11,0,4,0,0,0,0,0,2,0,1,2,11,0,2,51772.1790006
20201,1129003874,12,8,4,0,8,0,1,3,0,0,6,0,1,1,0,0,2,0,0,2,0,2742.85222461
20201,1129003878,477,304,173,2,79,108,113,136,39,0,45,65,68,95,31,2,34,43,45,41,8,2181.72728471
20201,1129003880,45,17,28,0,12,8,2,12,11,0,1,3,2,3,8,0,11,5,0,9,3,4487.40751104
20201,1129003883,16,9,7,0,2,4,5,5,0,0,0,2,5,2,0,0,2,2,0,3,0,2187.00235115
20201,1129003895,45,22,23,0,15,12,15,2,1,0,6,6,10,0,0,0,9,6,5,2,1,8573.68921877
20201,1129003898,444,373,71,0,49,136,113,140,6,0,30,110,93,134,6,0,19,26,20,6,0,6673.68426042
20201,1129003904,11,5,6,0,1,4,4,1,1,0,0,2,2,0,1,0,1,2,2,1,0,1802.43582599
20201,1129003906,257,232,25,0,32,90,55,79,1,0,29,80,48,74,1,0,3,10,7,5,0,3646.97607484
20201,1129003910,4,2,2,0,0,1,1,1,1,0,0,1,1,0,0,0,0,0,0,1,1,3654.51063992
20201,1129003911,187,135,52,2,37,45,51,29,23,0,22,34,40,22,17,2,15,11,11,7,6,1356.87277141
20201,1129003914,66,13,53,1,8,11,22,15,9,0,0,2,3,4,4,1,8,9,19,11,5,6337.81086175
20201,1129003915,2,1,1,0,0,1,0,1,0,0,0,1,0,0,0,0,0,0,0,1,0,3504.52930645
20201,1129003916,7,1,6,0,0,0,2,3,2,0,0,0,0,0,1,0,0,0,2,3,1,2544.18164403
20201,1129003918,2,1,1,0,0,0,0,0,2,0,0,0,0,0,1,0,0,0,0,0,1,3065.12168171
20202,1123000001,120,55,65,0,7,10,27,32,44,0,1,2,14,11,27,0,6,8,13,21,17,4017.03275138
20202,1123000002,6,3,3,0,0,1,0,3,2,0,0,0,0,1,2,0,0,1,0,2,0,4030.88106728
20202,1123000003,5,4,1,0,0,2,2,0,1,0,0,2,1,0,1,0,0,0,1,0,0,2781.85755149
20202,1123000004,764,299,465,2,92,103,227,194,146,0,51,55,53,59,81,2,41,48,174,135,65,3286.03019847
20202,1123000005,113,57,56,0,27,36,24,14,12,0,7,14,16,10,10,0,20,22,8,4,2,6411.81232975
20202,1123000006,8,3,5,0,1,1,2,3,1,0,0,1,0,1,1,0,1,0,2,2,0,1289.78300619
20202,1123000007,8,7,1,0,1,2,1,1,3,0,0,2,1,1,3,0,1,0,0,0,0,4301.33006743
20202,1123000008,24,9,15,0,5,0,6,5,8,0,0,0,2,3,4,0,5,0,4,2,4,3931.99356818
20202,1123000010,3,2,1,0,0,0,2,1,0,0,0,0,1,1,0,0,0,0,1,0,0,946.498084201
20202,1123000012,75,41,34,0,9,14,22,21,9,0,5,10,12,7,7,0,4,4,10,14,2,6062.06191538
20202,1123000013,2,2,0,0,0,1,0,0,1,0,0,1,0,0,1,0,0,0,0,0,0,1035.68562879
20202,1123000014,2,1,1,0,0,0,2,0,0,0,0,0,1,0,0,0,0,0,1,0,0,2203.81881846
20202,1123000015,8,5,3,0,0,1,4,2,1,0,0,0,3,1,1,0,0,1,1,1,0,2393.8773718
20202,1123000017,28,18,10,0,9,12,6,1,0,0,7,9,1,1,0,0,2,3,5,0,0,2824.91954045
20202,1123000018,14,9,5,0,0,0,1,1,12,0,0,0,0,0,9,0,0,0,1,1,3,6616.95583478
20202,1123000020,3,3,0,0,0,2,0,1,0,0,0,2,0,1,0,0,0,0,0,0,0,2175.39408638
20202,1123000021,11,9,2,0,0,0,1,5,5,0,0,0,1,5,3,0,0,0,0,0,2,5430.30601674
20202,1123000022,3058,1155,1903,1,468,643,945,966,35,1,373,482,237,55,7,0,95,161,708,911,28,5528.57732009
20202,1123000023,2,2,0,0,0,0,1,1,0,0,0,0,1,1,0,0,0,0,0,0,0,840.798748147
20202,1123000024,2,1,1,0,0,1,0,1,0,0,0,0,0,1,0,0,0,1,0,0,0,2048.15282661
20202,1123000025,7,1,6,0,0,2,0,4,1,0,0,1,0,0,0,0,0,1,0,4,1,1447.24906033
20202,1123000026,10,8,2,0,0,3,5,1,1,0,0,2,5,1,0,0,0,1,0,0,1,3915.09617768
20202,1123000027,24,19,5,0,0,5,6,7,6,0,0,3,4,6,6,0,0,2,2,1,0,2555.75910236
20202,1123000029,52,37,15,0,1,5,15,11,20,0,0,2,9,7,19,0,1,3,6,4,1,7199.08930214
20202,1123000031,4,3,1,0,0,0,0,1,3,0,0,0,0,1,2,0,0,0,0,0,1,1903.20900952
20202,1123000033,2,2,0,0,0,1,0,0,1,0,0,1,0,0,1,0,0,0,0,0,0,1491.58486878
20202,1123000034,21,18,3,0,5,9,3,3,1,0,4,9,2,3,0,0,1,0,1,0,1,6220.61213951
20202,1123000035,25,17,8,1,0,4,8,5,7,0,0,4,7,2,4,1,0,0,1,3,3,6605.30271984
20202,1123000037,178,111,67,0,5,12,14,13,134,0,0,9,6,5,91,0,5,3,8,8,43,8207.61627371
20202,1123000038,27,20,7,0,11,2,5,5,4,0,8,2,2,4,4,0,3,0,3,1,0,803.762450547
20202,1123000040,387,293,94,1,93,150,74,47,22,0,61,103,65,43,21,1,32,47,9,4,1,8138.33113334
20202,1123000044,1,0,1,0,0,0,1,0,0,0,0,0,0,0,0,0,0,0,1,0,0,2137.75890075
20202,1123000045,83,13,70,0,9,29,27,17,1,0,0,5,5,3,0,0,9,24,22,14,1,15648.5004924
20202,1123000046,5,5,0,0,0,0,0,4,1,0,0,0,0,4,1,0,0,0,0,0,0,1130.86507
20202,1123000048,10,7,3,0,0,1,3,3,3,0,0,1,2,2,2,0,0,0,1,1,1,1083.1532696
20202,1123000054,31,15,16,0,2,8,10,10,1,0,0,6,4,5,0,0,2,2,6,5,1,15357.967654
20202,1123000055,20,13,7,0,0,3,3,5,9,0,0,2,1,4,6,0,0,1,2,1,3,7092.9507577
20202,1123000056,3,2,1,0,0,1,1,0,1,0,0,1,0,0,1,0,0,0,1,0,0,577.232722192
20202,1123000057,42,28,14,1,5,20,4,8,4,0,2,13,2,7,4,1,3,7,2,1,0,3234.22420105
20202,1123000059,2,1,1,0,0,0,0,0,2,0,0,0,0,0,1,0,0,0,0,0,1,4698.91175408
20202,1123000060,42,30,12,0,2,5,6,14,15,0,1,3,4,10,12,0,1,2,2,4,3,5016.86744303
20202,1123000062,46,28,18,0,1,6,14,11,14,0,0,2,8,8,10,0,1,4,6,3,4,4520.76958669
20202,1123000064,11,8,3,0,6,3,2,0,0,0,5,2,1,0,0,0,1,1,1,0,0,2714.33596439
20202,1123000068,12,7,5,0,0,1,6,2,3,0,0,1,3,2,1,0,0,0,3,0,2,2571.36398479
20202,1123000074,9,7,2,0,0,1,5,2,1,0,0,1,4,1,1,0,0,0,1,1,0,5678.60586915
20202,1123000076,8,3,5,0,1,2,2,3,0,0,0,0,1,2,0,0,1,2,1,1,0,1888.01799067
20202,1123000080,12,11,1,0,1,1,5,3,2,0,1,1,4,3,2,0,0,0,1,0,0,4204.1555437
20202,1123000081,2,0,2,0,1,0,1,0,0,0,0,0,0,0,0,0,1,0,1,0,0,1220.34719234
20202,1123000086,35,29,6,0,8,2,13,7,5,0,8,1,10,5,5,0,0,1,3,2,0,6094.20213656
20202,1123000087,31,17,14,0,1,5,13,10,2,0,0,2,7,7,1,0,1,3,6,3,1,6170.24214404
20202,1123000095,97,76,21,0,15,15,13,39,15,0,12,13,10,30,11,0,3,2,3,9,4,6888.55564025
20202,1123000101,3,1,2,0,0,0,0,0,3,0,0,0,0,0,1,0,0,0,0,0,2,3102.44110675
20202,1123000110,4,4,0,0,1,0,0,1,2,0,1,0,0,1,2,0,0,0,0,0,0,5124.86166655
20202,1123000115,15,0,15,0,4,5,1,5,0,0,0,0,0,0,0,0,4,5,1,5,0,1516.72095658
20202,1123000118,2,2,0,0,0,2,0,0,0,0,0,2,0,0,0,0,0,0,0,0,0,3624.99097869
20202,1123000121,7,4,3,0,1,2,2,1,1,0,0,0,2,1,1,0,1,2,0,0,0,3406.21207151
20202,1123000125,10,8,2,0,0,1,1,7,1,0,0,1,1,5,1,0,0,0,0,2,0,6931.85762841
20202,1123000126,35,14,21,0,3,12,10,8,2,0,1,3,6,3,1,0,2,9,4,5,1,3836.44843671
20202,1123000133,38,24,14,0,0,5,15,10,8,0,0,0,9,8,7,0,0,5,6,2,1,2259.47066943
20202,1123000134,3,2,1,0,0,0,0,3,0,0,0,0,0,2,0,0,0,0,0,1,0,3499.19733522
20202,1123000136,2,2,0,0,0,0,1,0,1,0,0,0,1,0,1,0,0,0,0,0,0,1596.34807451
20202,1123000137,34,24,10,0,8,1,9,11,5,0,4,0,6,10,4,0,4,1,3,1,1,2979.24347907
20202,1123000142,8,5,3,0,2,2,2,2,0,0,1,2,1,1,0,0,1,0,1,1,0,5931.98452651
20202,1123000145,41,28,13,0,7,18,13,2,1,0,1,18,7,2,0,0,6,0,6,0,1,2671.59923204
20202,1123000148,15,12,3,0,0,2,7,3,3,0,0,2,6,1,3,0,0,0,1,2,0,4354.43292439
20202,1123000151,2,1,1,0,0,0,1,1,0,0,0,0,0,1,0,0,0,0,1,0,0,3625.53155849
20202,1123000153,2,2,0,0,0,0,0,0,2,0,0,0,0,0,2,0,0,0,0,0,0,4067.70923234
20202,1123000159,64,49,15,3,27,12,5,5,12,3,21,8,2,4,11,0,6,4,3,1,1,4181.10209351
20202,1123000160,8,5,3,0,0,1,2,4,1,0,0,1,1,3,0,0,0,0,1,1,1,4134.06663485
20202,1123000161,9,4,5,0,1,0,4,4,0,0,0,0,3,1,0,0,1,0,1,3,0,4211.32107547
20202,1123000162,50,32,18,0,3,10,9,15,13,0,2,2,4,12,12,0,1,8,5,3,1,3010.23207377
20202,1123000165,3,2,1,0,0,0,0,2,1,0,0,0,0,1,1,0,0,0,0,1,0,3316.38080846
20202,1123000167,13,6,7,0,1,1,4,3,4,0,0,0,0,3,3,0,1,1,4,0,1,4511.13210114
20202,1123000168,40,5,35,0,6,13,9,12,0,0,1,2,0,2,0,0,5,11,9,10,0,9387.61218208
20202,1123000171,3,2,1,0,0,0,3,0,0,0,0,0,2,0,0,0,0,0,1,0,0,6299.9018049
20202,1123000172,53,44,9,0,10,8,20,12,3,0,8,6,15,12,3,0,2,2,5,0,0,4813.26234244
20202,1123000180,23,20,3,0,1,4,14,4,0,0,1,4,11,4,0,0,0,0,3,0,0,2999.47522755
20202,1123000183,105,84,21,0,12,26,40,14,13,0,8,21,31,13,11,0,4,5,9,1,2,7375.44148827
20202,1123000188,128,82,46,0,33,28,19,35,13,0,26,18,10,22,6,0,7,10,9,13,7,10463.6082986
20202,1123000190,1,0,1,0,0,0,1,0,0,0,0,0,0,0,0,0,0,0,1,0,0,2329.28483175
20202,1123000192,34,12,22,0,4,7,11,6,6,0,2,2,3,1,4,0,2,5,8,5,2,13732.0907677
20202,1123000194,19,13,6,0,1,5,6,2,5,0,1,3,4,2,3,0,0,2,2,0,2,2892.15962561
20202,1123000197,10,0,10,0,4,4,1,1,0,0,0,0,0,0,0,0,4,4,1,1,0,1557.20047538
20202,1123000198,2,1,1,0,0,0,1,1,0,0,0,0,1,0,0,0,0,0,0,1,0,1248.0171003
20202,1123000203,2,0,2,0,0,0,2,0,0,0,0,0,0,0,0,0,0,0,2,0,0,2573.41998702
20202,1123000204,2,2,0,0,0,0,0,0,2,0,0,0,0,0,2,0,0,0,0,0,0,4623.78894414
20202,1123000206,48,21,27,0,9,3,10,19,7,0,2,1,1,13,4,0,7,2,9,6,3,10040.5122401
20202,1123000211,220,165,55,0,5,31,40,54,90,0,4,12,26,44,79,0,1,19,14,10,11,9339.31922521
20202,1123000212,8,5,3,0,1,0,2,3,2,0,1,0,1,2,1,0,0,0,1,1,1,1225.44547636
20202,1123000213,20,15,5,0,2,5,2,5,6,0,2,4,2,4,3,0,0,1,0,1,3,1361.05161365
20202,1123000214,75,52,23,1,2,8,22,21,21,0,1,5,16,17,13,1,1,3,6,4,8,9506.07577589
20202,1123000215,8,7,1,0,0,1,3,2,2,0,0,1,2,2,2,0,0,0,1,0,0,1592.80154171
20202,1123000216,28,21,7,0,2,6,9,7,4,0,2,6,7,4,2,0,0,0,2,3,2,4814.16819106
20202,1123000217,7,5,2,0,1,1,3,0,2,0,1,0,2,0,2,0,0,1,1,0,0,956.60642855
20202,1123000218,9,9,0,0,0,2,4,0,3,0,0,2,4,0,3,0,0,0,0,0,0,1529.83558997
20202,1123000219,5,3,2,0,1,2,1,1,0,0,0,2,1,0,0,0,1,0,0,1,0,1074.32345325
20202,1123000220,16,16,0,0,0,7,3,3,3,0,0,7,3,3,3,0,0,0,0,0,0,1245.18242562
20202,1123000221,1098,985,113,18,431,435,151,44,19,18,379,393,143,35,17,0,52,42,8,9,2,12392.3332501
20202,1123000222,26,17,9,0,2,10,4,5,5,0,2,10,2,1,2,0,0,0,2,4,3,3245.18033155
20202,1123000223,6,5,1,0,0,0,4,2,0,0,0,0,3,2,0,0,0,0,1,0,0,2695.61471883
20202,1123000224,17,12,5,0,3,1,7,5,1,0,1,1,6,3,1,0,2,0,1,2,0,2963.33981399
20202,1123000225,216,166,50,1,18,45,60,47,45,1,13,36,48,31,37,0,5,9,12,16,8,19707.8622913
20202,1123000228,351,324,27,1,8,57,154,111,20,1,5,53,138,107,20,0,3,4,16,4,0,9404.49919757
20202,1123000229,2,1,1,0,0,0,0,1,1,0,0,0,0,0,1,0,0,0,0,1,0,1641.22956229
20202,1123000232,3,3,0,0,0,0,0,0,3,0,0,0,0,0,3,0,0,0,0,0,0,2148.40184801
20202,1123000233,20,19,1,0,1,2,7,8,2,0,1,2,7,8,1,0,0,0,0,0,1,3411.02784581
20202,1123000234,17,14,3,0,4,3,2,6,2,0,3,3,1,5,2,0,1,0,1,1,0,2866.74679435
20202,1123000236,115,87,28,0,3,23,35,35,19,0,2,17,28,24,16,0,1,6,7,11,3,3607.98985246
20202,1123000237,13,12,1,0,0,1,4,5,3,0,0,1,4,4,3,0,0,0,0,1,0,1646.85913787
20202,1123000241,2,2,0,0,0,0,0,0,2,0,0,0,0,0,2,0,0,0,0,0,0,445.409192279
20202,1123000242,63,37,26,0,11,15,22,10,5,0,5,7,13,8,4,0,6,8,9,2,1,1345.95386629
20202,1123000245,6,5,1,0,0,0,1,2,3,0,0,0,1,2,2,0,0,0,0,0,1,715.106846907
20202,1123000247,25,14,11,0,3,11,2,4,5,0,1,6,1,1,5,0,2,5,1,3,0,6884.19895901
20202,1123000254,42,27,15,0,4,11,7,14,6,0,2,6,6,9,4,0,2,5,1,5,2,8772.93835973
20202,1123000255,3,2,1,0,0,1,0,0,2,0,0,0,0,0,2,0,0,1,0,0,0,865.097427369
20202,1123000258,7,2,5,0,0,2,5,0,0,0,0,1,1,0,0,0,0,1,4,0,0,3039.18561101
20202,1123000264,2,2,0,0,0,0,2,0,0,0,0,0,2,0,0,0,0,0,0,0,0,4542.37238945
20202,1123000268,4,2,2,0,0,0,1,1,2,0,0,0,0,1,1,0,0,0,1,0,1,3047.33205643
20202,1123000270,4,3,1,0,0,1,2,1,0,0,0,1,1,1,0,0,0,0,1,0,0,2018.08693897
20202,1123000273,3,1,2,0,0,0,1,2,0,0,0,0,1,0,0,0,0,0,0,2,0,1054.94377933
20202,1123000282,22,18,4,0,3,3,5,7,4,0,3,3,4,6,2,0,0,0,1,1,2,3938.34616373
20202,1123000288,2,1,1,0,0,0,0,0,2,0,0,0,0,0,1,0,0,0,0,0,1,1980.02887542
20202,1123000289,3,1,2,0,0,0,0,2,1,0,0,0,0,1,0,0,0,0,0,1,1,668.536327817
20202,1123000291,2,1,1,0,0,1,1,0,0,0,0,1,0,0,0,0,0,0,1,0,0,793.763677092
20202,1123000292,10,4,6,0,0,4,1,5,0,0,0,1,1,2,0,0,0,3,0,3,0,2326.45340104
20202,1123000294,8,1,7,0,0,1,6,0,1,0,0,0,0,0,1,0,0,1,6,0,0,3352.07177196
20202,1123000297,10,0,10,0,1,2,1,5,1,0,0,0,0,0,0,0,1,2,1,5,1,3062.31488374
20202,1123000304,3,1,2,0,0,1,0,2,0,0,0,1,0,0,0,0,0,0,0,2,0,1243.07871428
20202,1123000311,219,138,81,0,5,16,35,64,99,0,3,10,25,41,59,0,2,6,10,23,40,12826.3621649
20202,1123000313,21,7,14,0,5,3,4,8,1,0,1,1,3,1,1,0,4,2,1,7,0,12629.6218867
20202,1123000315,2,2,0,0,0,0,2,0,0,0,0,0,2,0,0,0,0,0,0,0,0,1196.27749514
20202,1123000317,4,4,0,0,0,1,2,1,0,0,0,1,2,1,0,0,0,0,0,0,0,3370.5653296
20202,1123000318,12,8,4,0,1,2,5,2,2,0,1,2,2,1,2,0,0,0,3,1,0,3924.42055462
20202,1123000321,232,135,97,0,28,37,48,66,53,0,18,21,25,36,35,0,10,16,23,30,18,3145.08825278
20202,1123000322,39,18,21,0,9,10,12,6,2,0,2,6,6,4,0,0,7,4,6,2,2,5494.435008
20202,1123000323,225,130,95,4,32,36,51,58,44,3,6,18,32,39,32,1,26,18,19,19,12,2897.72268167
20202,1123000329,18,16,2,0,1,0,8,9,0,0,1,0,6,9,0,0,0,0,2,0,0,1998.48206724
20202,1123000332,3,1,2,0,0,0,3,0,0,0,0,0,1,0,0,0,0,0,2,0,0,3759.87692997
20202,1123000334,1,0,1,0,0,0,0,0,1,0,0,0,0,0,0,0,0,0,0,0,1,6665.12189398
20202,1123000337,36,24,12,0,7,3,8,6,12,0,3,2,5,6,8,0,4,1,3,0,4,7347.94807207
20202,1123000339,6,4,2,0,0,1,2,2,1,0,0,1,1,2,0,0,0,0,1,0,1,5393.1096788
20202,1123000342,26,15,11,0,5,7,3,6,5,0,1,4,2,3,5,0,4,3,1,3,0,3548.83810834
20202,1123000343,5,5,0,0,0,1,0,2,2,0,0,1,0,2,2,0,0,0,0,0,0,2410.66251465
20202,1123000346,34,28,6,2,3,5,6,4,14,2,1,3,4,4,14,0,2,2,2,0,0,2914.34643421
20202,1123000351,24,13,11,0,4,4,7,9,0,0,2,3,3,5,0,0,2,1,4,4,0,6009.65176534
20202,1123000353,2,2,0,0,0,0,0,0,2,0,0,0,0,0,2,0,0,0,0,0,0,4416.74960542
20202,1123000354,11,9,2,0,0,3,4,1,3,0,0,3,2,1,3,0,0,0,2,0,0,7580.06307624
20202,1123000355,11,7,4,0,0,2,2,4,3,0,0,1,1,2,3,0,0,1,1,2,0,2469.91902325
20202,1123000358,3,2,1,0,0,0,2,1,0,0,0,0,2,0,0,0,0,0,0,1,0,1726.38569282
20202,1123000359,19,5,14,0,3,0,7,6,3,0,0,0,0,2,3,0,3,0,7,4,0,7190.05473792
20202,1123000360,73,5,68,0,1,2,4,23,43,0,0,0,0,2,3,0,1,2,4,21,40,4869.81765984
20202,1123000361,3,3,0,0,0,0,0,3,0,0,0,0,0,3,0,0,0,0,0,0,0,4014.57137912
20202,1123000364,136,68,68,0,14,19,27,27,49,0,3,8,5,16,36,0,11,11,22,11,13,6876.32152484
20202,1123000365,8,6,2,0,0,3,2,2,1,0,0,2,2,1,1,0,0,1,0,1,0,5372.32479558
20202,1123000366,23,15,8,0,2,3,5,11,2,0,0,2,2,9,2,0,2,1,3,2,0,4162.11914876
20202,1123000368,6,2,4,0,0,0,1,4,1,0,0,0,0,1,1,0,0,0,1,3,0,2351.50251293
20202,1123000369,10,3,7,0,1,5,2,2,0,0,1,1,0,1,0,0,0,4,2,1,0,4316.36084581
20202,1123000371,2,2,0,0,0,0,2,0,0,0,0,0,2,0,0,0,0,0,0,0,0,1550.74502717
20202,1123000372,6,4,2,0,0,2,0,3,1,0,0,1,0,2,1,0,0,1,0,1,0,1115.26464071
20202,1123000373,9,6,3,0,2,2,1,2,2,0,1,1,1,1,2,0,1,1,0,1,0,4975.55561046
20202,1123000375,41,26,15,0,5,12,18,4,2,0,4,8,10,3,1,0,1,4,8,1,1,2225.89671569
20202,1123000380,3,2,1,0,0,1,2,0,0,0,0,1,1,0,0,0,0,0,1,0,0,4071.00695357
20202,1123000381,18,8,10,0,2,7,1,5,3,0,1,3,1,2,1,0,1,4,0,3,2,7013.37792937
20202,1123000390,72,45,27,2,3,12,23,24,8,1,2,9,14,11,8,1,1,3,9,13,0,3143.25258799
20202,1123000394,82,32,50,2,19,22,19,8,12,2,4,7,8,4,7,0,15,15,11,4,5,6970.93472206
20202,1123000395,29,27,2,0,1,1,5,4,18,0,1,0,4,4,18,0,0,1,1,0,0,1955.64644102
20202,1123000404,2,1,1,0,0,0,1,0,1,0,0,0,1,0,0,0,0,0,0,0,1,1100.26549614
20202,1123000405,9,8,1,0,2,2,3,2,0,0,2,2,2,2,0,0,0,0,1,0,0,3238.00246143
20202,1123000407,167,127,40,0,18,25,42,39,43,0,15,20,34,29,29,0,3,5,8,10,14,5142.13964751
20202,1123000416,26,11,15,0,2,5,11,6,2,0,0,2,6,2,1,0,2,3,5,4,1,2358.77187609
20202,1123000419,1,0,1,0,0,0,1,0,0,0,0,0,0,0,0,0,0,0,1,0,0,5899.06983397
20202,1123000423,26,12,14,1,5,7,6,4,3,0,2,1,5,2,2,1,3,6,1,2,1,80846.9160056
20202,1123000427,5,4,1,0,0,0,0,2,3,0,0,0,0,2,2,0,0,0,0,0,1,4144.48299325
20202,1123000428,4,3,1,0,1,0,1,0,2,0,1,0,0,0,2,0,0,0,1,0,0,2514.57657256
20202,1123000432,66,44,22,1,6,20,14,19,6,1,2,10,8,17,6,0,4,10,6,2,0,8280.65284575
20202,1123000433,16,14,2,0,0,1,3,5,7,0,0,1,3,4,6,0,0,0,0,1,1,2436.63949994
20202,1123000434,5,2,3,0,1,1,0,1,2,0,0,0,0,1,1,0,1,1,0,0,1,2050.92057543
20202,1123000436,425,337,88,8,73,143,142,45,14,2,46,123,125,30,11,6,27,20,17,15,3,16972.1355696
20202,1123000437,203,171,32,1,27,41,36,77,21,1,21,36,29,66,18,0,6,5,7,11,3,7210.75269373
20202,1123000438,29,16,13,0,1,1,4,17,6,0,0,1,3,9,3,0,1,0,1,8,3,4989.62584016
20202,1123000439,4,4,0,0,0,1,1,2,0,0,0,1,1,2,0,0,0,0,0,0,0,2152.19965666
20202,1123000440,6,5,1,0,0,0,1,4,1,0,0,0,1,3,1,0,0,0,0,1,0,1731.8187245
20202,1123000443,5,4,1,0,1,1,0,3,0,0,1,0,0,3,0,0,0,1,0,0,0,2988.77858266
20202,1123000447,16,10,6,0,2,1,6,7,0,0,2,1,2,5,0,0,0,0,4,2,0,2908.54500871
20202,1123000448,7,4,3,0,0,2,3,1,1,0,0,1,2,0,1,0,0,1,1,1,0,853.51796658
20202,1123000450,2,1,1,0,0,0,0,1,1,0,0,0,0,0,1,0,0,0,0,1,0,1195.79720661
20202,1123000454,4,1,3,0,0,0,1,2,1,0,0,0,0,1,0,0,0,0,1,1,1,2146.1138515
20202,1123000457,118,67,51,0,21,22,19,20,36,0,7,13,10,10,27,0,14,9,9,10,9,11178.8074975
20202,1123000458,2,1,1,0,0,0,0,2,0,0,0,0,0,1,0,0,0,0,0,1,0,3221.82682212
20202,1123000459,2,2,0,0,1,0,1,0,0,0,1,0,1,0,0,0,0,0,0,0,0,799.119568551
20202,1123000460,3,1,2,0,0,0,0,1,2,0,0,0,0,0,1,0,0,0,0,1,1,9542.1815697
20202,1123000461,35,24,11,0,6,6,6,10,7,0,1,4,4,10,5,0,5,2,2,0,2,5926.29449319
20202,1123000462,21,17,4,0,0,2,3,9,7,0,0,2,2,7,6,0,0,0,1,2,1,2433.26987734
20202,1123000464,12,5,7,0,0,2,4,5,1,0,0,1,2,2,0,0,0,1,2,3,1,4303.51701822
20202,1123000465,8,7,1,0,1,0,5,0,2,0,1,0,4,0,2,0,0,0,1,0,0,1400.30853031
20202,1123000467,16,13,3,0,0,3,2,3,8,0,0,1,1,3,8,0,0,2,1,0,0,1320.06597028
20202,1123000468,77,58,19,0,6,19,15,22,15,0,4,13,14,14,13,0,2,6,1,8,2,7189.43543783
20202,1123000469,18,15,3,0,1,1,8,5,3,0,1,1,6,4,3,0,0,0,2,1,0,4414.45263074
20202,1123000470,1111,664,447,11,132,99,135,222,512,11,108,71,81,118,275,0,24,28,54,104,237,3949.34350749
20202,1123000472,9,6,3,0,1,4,3,1,0,0,1,3,1,1,0,0,0,1,2,0,0,2634.71533759
20202,1123000473,84,73,11,0,2,9,12,32,29,0,1,5,11,29,27,0,1,4,1,3,2,3108.66796867
20202,1123000474,12,9,3,0,0,1,2,8,1,0,0,1,1,7,0,0,0,0,1,1,1,4981.89738597
20202,1123000475,47,25,22,0,5,7,14,13,8,0,3,5,4,8,5,0,2,2,10,5,3,3133.02543881
20202,1123000480,26,10,16,0,1,2,6,10,7,0,0,1,3,3,3,0,1,1,3,7,4,1601.86981027
20202,1123000486,10,5,5,0,3,1,1,3,2,0,1,1,0,1,2,0,2,0,1,2,0,3329.54903351
20202,1123000487,3,2,1,0,0,0,1,0,2,0,0,0,1,0,1,0,0,0,0,0,1,2778.91643329
20202,1123000488,9,8,1,0,0,0,1,3,5,0,0,0,1,2,5,0,0,0,0,1,0,4935.64771254
20202,1123000489,1,0,1,0,0,1,0,0,0,0,0,0,0,0,0,0,0,1,0,0,0,10553.4898352
20202,1123000490,20,12,8,0,2,3,4,6,5,0,2,2,3,2,3,0,0,1,1,4,2,2577.10429151
20202,1123000492,25,20,5,0,0,3,12,6,4,0,0,2,10,4,4,0,0,1,2,2,0,9511.98057188
20202,1123000498,72,59,13,0,8,11,14,19,20,0,5,9,11,17,17,0,3,2,3,2,3,6570.05535661
20202,1123000501,22,12,10,0,1,5,6,5,5,0,0,1,5,2,4,0,1,4,1,3,1,4448.66788869
20202,1123000503,4,3,1,0,0,0,1,3,0,0,0,0,1,2,0,0,0,0,0,1,0,3128.38591877
20202,1123000504,7,6,1,0,0,0,2,3,2,0,0,0,1,3,2,0,0,0,1,0,0,2190.7864261
20202,1123000505,9,7,2,0,1,1,1,4,2,0,1,1,0,3,2,0,0,0,1,1,0,13294.2598484
20202,1123000507,5,4,1,0,0,0,1,2,2,0,0,0,0,2,2,0,0,0,1,0,0,952.686306164
20202,1123000512,64,38,26,0,13,23,16,8,4,0,3,14,13,5,3,0,10,9,3,3,1,3553.68808835
20202,1123000516,14,10,4,0,2,5,5,2,0,0,1,5,2,2,0,0,1,0,3,0,0,1917.43399775
20202,1123000517,62,48,14,0,0,2,11,23,26,0,0,0,6,18,24,0,0,2,5,5,2,2068.40407842
20202,1123000519,15,11,4,0,1,4,3,5,2,0,1,4,0,4,2,0,0,0,3,1,0,1913.52529964
20202,1123000520,8,7,1,0,0,0,2,4,2,0,0,0,2,3,2,0,0,0,0,1,0,6492.02410893
20202,1123000521,11,7,4,0,0,1,3,0,7,0,0,0,2,0,5,0,0,1,1,0,2,2853.66387992
20202,1123000524,7,0,7,0,2,1,0,2,2,0,0,0,0,0,0,0,2,1,0,2,2,3560.15397671
20202,1123000525,38,28,10,0,3,9,5,8,13,0,1,6,2,8,11,0,2,3,3,0,2,3848.48964201
20202,1123000526,166,99,67,0,18,64,42,24,18,0,3,23,36,21,16,0,15,41,6,3,2,5716.78029794
20202,1123000527,14,8,6,0,3,2,2,4,3,0,3,1,0,1,3,0,0,1,2,3,0,2035.00329444
20202,1123000529,3,3,0,0,0,0,0,2,1,0,0,0,0,2,1,0,0,0,0,0,0,2224.52256163
20202,1123000530,8,7,1,0,0,2,1,4,1,0,0,2,1,3,1,0,0,0,0,1,0,2197.52072203
20202,1123000531,53,44,9,0,5,3,19,16,10,0,5,2,13,15,9,0,0,1,6,1,1,1922.42265679
20202,1123000532,21,14,7,0,1,0,4,12,4,0,1,0,3,7,3,0,0,0,1,5,1,2005.12669396
20202,1123000533,34,17,17,0,1,6,8,14,5,0,1,3,7,3,3,0,0,3,1,11,2,6303.82036938
20202,1123000534,9,4,5,0,0,4,3,2,0,0,0,0,3,1,0,0,0,4,0,1,0,969.415456872
20202,1123000535,9,5,4,0,3,0,4,2,0,0,2,0,2,1,0,0,1,0,2,1,0,3600.84699736
20202,1123000539,16,13,3,0,2,6,2,2,4,0,0,6,2,2,3,0,2,0,0,0,1,1962.13418735
20202,1123000541,3,0,3,0,0,1,1,1,0,0,0,0,0,0,0,0,0,1,1,1,0,3446.23332823
20202,1123000542,6,5,1,1,0,0,3,0,2,1,0,0,2,0,2,0,0,0,1,0,0,21216.7836092
20202,1123000543,9,6,3,0,1,0,4,1,3,0,0,0,2,1,3,0,1,0,2,0,0,11651.5127601
20202,1123000544,6,3,3,0,0,1,3,1,1,0,0,1,1,0,1,0,0,0,2,1,0,1591.94412169
20202,1123000547,11,4,7,0,3,2,1,5,0,0,0,2,1,1,0,0,3,0,0,4,0,2448.82469674
20202,1123000548,15,7,8,0,2,4,3,5,1,0,0,2,1,3,1,0,2,2,2,2,0,2482.52158477
20202,1123000549,4,2,2,0,0,1,0,1,2,0,0,0,0,1,1,0,0,1,0,0,1,1777.54923764
20202,1123000551,4655,1984,2671,6,295,1163,1725,1337,129,1,151,742,691,371,28,5,144,421,1034,966,101,10360.0348741
20202,1123000552,2,1,1,0,0,0,0,2,0,0,0,0,0,1,0,0,0,0,0,1,0,2822.15133736
20202,1123000554,4,3,1,0,0,0,3,1,0,0,0,0,3,0,0,0,0,0,0,1,0,797.064897408
20202,1123000555,89,55,34,0,9,11,27,29,13,0,2,5,18,19,11,0,7,6,9,10,2,3369.23975255
20202,1123000556,40,26,14,0,5,6,14,8,7,0,2,3,9,7,5,0,3,3,5,1,2,9303.72420376
20202,1123000557,9,4,5,0,0,0,1,6,2,0,0,0,0,4,0,0,0,0,1,2,2,2772.82436557
20202,1123000558,27,19,8,0,2,2,12,6,5,0,1,1,7,5,5,0,1,1,5,1,0,2539.3125673
20202,1123000560,11,8,3,0,0,4,3,1,3,0,0,2,3,0,3,0,0,2,0,1,0,2934.61586342
20202,1123000561,6,5,1,0,1,1,2,1,1,0,1,1,2,0,1,0,0,0,0,1,0,1737.6047196
20202,1123000562,3,2,1,0,0,0,1,1,1,0,0,0,1,1,0,0,0,0,0,0,1,1811.24298432
20202,1123000563,2,1,1,0,0,0,0,1,1,0,0,0,0,0,1,0,0,0,0,1,0,2957.4947786
20202,1123000564,24,17,7,0,3,2,8,8,3,0,1,2,5,6,3,0,2,0,3,2,0,2121.6648195
20202,1123000565,56,29,27,0,6,12,13,17,8,0,1,8,6,9,5,0,5,4,7,8,3,4675.14201419
20202,1123000566,12,8,4,0,0,1,7,1,3,0,0,0,5,1,2,0,0,1,2,0,1,2470.47226513
20202,1123000567,18,14,4,0,0,2,5,6,5,0,0,2,3,5,4,0,0,0,2,1,1,2431.47574291
20202,1123000568,88,67,21,2,15,22,22,20,7,0,9,18,17,17,6,2,6,4,5,3,1,2209.02915775
20202,1123000569,20,10,10,0,0,0,4,11,5,0,0,0,1,7,2,0,0,0,3,4,3,4287.90569515
20202,1123000570,2,1,1,0,0,0,0,1,1,0,0,0,0,0,1,0,0,0,0,1,0,2939.5225765
20202,1123000571,4,4,0,0,0,2,2,0,0,0,0,2,2,0,0,0,0,0,0,0,0,1716.47034127
20202,1123000576,40,14,26,0,9,16,6,7,2,0,3,5,4,1,1,0,6,11,2,6,1,3058.24911753
20202,1123000577,21,15,6,0,0,3,4,8,6,0,0,1,4,6,4,0,0,2,0,2,2,1907.65500781
20202,1123000580,33,31,2,0,1,8,18,4,2,0,0,8,17,4,2,0,1,0,1,0,0,2259.46977601
20202,1123000581,48,31,17,0,9,5,13,6,15,0,4,2,7,6,12,0,5,3,6,0,3,10109.4401727
20202,1123000582,7,7,0,0,0,0,1,2,4,0,0,0,1,2,4,0,0,0,0,0,0,1138.96438792
20202,1123000583,26,13,13,0,2,8,4,7,5,0,2,2,1,5,3,0,0,6,3,2,2,6558.03722184
20202,1123000584,6,4,2,0,3,2,0,1,0,0,2,2,0,0,0,0,1,0,0,1,0,988.926394008
20202,1123000585,8,6,2,0,1,1,3,3,0,0,1,1,2,2,0,0,0,0,1,1,0,3607.9552115
20202,1123000587,33,20,13,0,1,10,9,6,7,0,0,5,3,6,6,0,1,5,6,0,1,1691.30119912
20202,1123000588,1951,944,1007,3,231,487,493,608,129,2,94,193,182,389,84,1,137,294,311,219,45,13586.4982094
20202,1123000589,479,159,320,1,97,137,104,56,84,0,11,27,31,29,61,1,86,110,73,27,23,9406.4401534
20202,1123000590,23,10,13,0,2,13,3,5,0,0,1,5,2,2,0,0,1,8,1,3,0,12965.2219511
20202,1123000592,40,22,18,0,2,1,12,17,8,0,2,0,6,11,3,0,0,1,6,6,5,2045.69248671
20202,1123000593,5,3,2,0,0,0,0,4,1,0,0,0,0,3,0,0,0,0,0,1,1,2224.96319264
20202,1123000594,10,8,2,0,3,1,1,1,4,0,2,1,1,1,3,0,1,0,0,0,1,1405.42039128
20202,1123000595,4,2,2,0,0,0,0,0,4,0,0,0,0,0,2,0,0,0,0,0,2,1885.58957413
20202,1123000596,35,11,24,0,2,9,11,8,5,0,1,1,2,5,2,0,1,8,9,3,3,2079.86290593
20202,1123000598,5,4,1,0,1,0,1,2,1,0,0,0,1,2,1,0,1,0,0,0,0,1951.17131422
20202,1123000599,12,9,3,0,0,2,3,2,5,0,0,1,3,2,3,0,0,1,0,0,2,1823.27345438
20202,1123000600,27,12,15,0,2,9,8,5,3,0,1,2,4,3,2,0,1,7,4,2,1,2162.62447898
20202,1123000602,3,1,2,0,0,2,0,0,1,0,0,1,0,0,0,0,0,1,0,0,1,2931.45358807
20202,1123000603,3,1,2,0,3,0,0,0,0,0,1,0,0,0,0,0,2,0,0,0,0,2358.07625861
20202,1123000605,1646,1312,334,1,135,280,466,403,361,1,92,225,408,329,257,0,43,55,58,74,104,4346.21841473
20202,1123000606,4,2,2,0,0,1,1,1,1,0,0,0,0,1,1,0,0,1,1,0,0,3125.15005907
20202,1123000607,2,2,0,0,0,2,0,0,0,0,0,2,0,0,0,0,0,0,0,0,0,3249.3479218
20202,1123000608,27,16,11,0,1,5,10,5,6,0,1,3,4,4,4,0,0,2,6,1,2,2625.83904468
20202,1123000613,16,10,6,0,3,5,2,2,4,0,0,3,2,2,3,0,3,2,0,0,1,1818.15010802
20202,1123000614,2,2,0,0,0,0,0,1,1,0,0,0,0,1,1,0,0,0,0,0,0,3246.01714871
20202,1123000615,11,8,3,1,3,2,0,5,0,1,1,2,0,4,0,0,2,0,0,1,0,1543.17841073
20202,1123000616,329,78,251,0,56,119,75,64,15,0,6,22,21,24,5,0,50,97,54,40,10,7002.64869002
20202,1123000621,3,3,0,0,0,0,0,1,2,0,0,0,0,1,2,0,0,0,0,0,0,1668.83691379
20202,1123000622,920,430,490,0,44,61,113,269,433,0,23,37,66,94,210,0,21,24,47,175,223,8139.28415819
20202,1123000623,1,1,0,0,0,0,0,0,1,0,0,0,0,0,1,0,0,0,0,0,0,3248.84264715
20202,1123000624,27,16,11,0,3,7,10,1,6,0,1,4,6,1,4,0,2,3,4,0,2,4937.56851411
20202,1123000626,26,17,9,0,2,3,5,4,12,0,2,1,3,2,9,0,0,2,2,2,3,3635.86047217
20202,1123000627,94,41,53,0,3,28,36,15,12,0,2,12,15,6,6,0,1,16,21,9,6,8179.49828885
20202,1123000628,15,9,6,0,0,3,4,4,4,0,0,3,0,3,3,0,0,0,4,1,1,3183.56836114
20202,1123000630,4,1,3,0,0,0,0,3,1,0,0,0,0,1,0,0,0,0,0,2,1,4726.51273309
20202,1123000634,19,16,3,0,3,4,5,6,1,0,2,4,3,6,1,0,1,0,2,0,0,2162.78508597
20202,1123000635,27,23,4,0,3,2,7,11,4,0,2,2,6,9,4,0,1,0,1,2,0,2254.37723106
20202,1123000636,9,5,4,0,1,2,2,2,2,0,1,1,1,2,0,0,0,1,1,0,2,2583.12862341
20202,1123000638,3,2,1,0,0,0,2,1,0,0,0,0,1,1,0,0,0,0,1,0,0,4376.3797947
20202,1123000639,37,14,23,0,5,6,13,6,7,0,1,4,3,2,4,0,4,2,10,4,3,5975.26547421
20202,1123000640,2,0,2,0,0,0,1,1,0,0,0,0,0,0,0,0,0,0,1,1,0,2418.28491108
20202,1123000642,539,192,347,1,37,55,61,156,229,0,16,11,21,40,104,1,21,44,40,116,125,9087.70959967
20202,1123000645,7,6,1,0,0,2,4,1,0,0,0,2,3,1,0,0,0,0,1,0,0,1601.23263639
20202,1123000646,5,4,1,0,0,1,4,0,0,0,0,1,3,0,0,0,0,0,1,0,0,1378.44414946
20202,1123000653,274,170,104,2,21,36,73,89,53,0,4,18,45,60,43,2,17,18,28,29,10,8637.43186113
20202,1123000654,39,25,14,0,10,7,6,9,7,0,6,3,3,8,5,0,4,4,3,1,2,6619.07270546
20202,1123000656,13,10,3,0,1,1,4,1,6,0,1,1,3,1,4,0,0,0,1,0,2,2449.27811575
20202,1123000657,14,13,1,0,0,0,4,7,3,0,0,0,4,7,2,0,0,0,0,0,1,1230.53015294
20202,1123000659,6,5,1,0,0,2,1,2,1,0,0,2,0,2,1,0,0,0,1,0,0,6366.2523986
20202,1123000660,1571,1415,156,12,367,530,409,231,22,6,334,479,375,207,14,6,33,51,34,24,8,2911.98424896
20202,1123000661,77,33,44,0,34,35,5,2,1,0,10,17,4,2,0,0,24,18,1,0,1,2518.69245769
20202,1123000662,26,14,12,0,3,7,7,5,4,0,1,4,3,3,3,0,2,3,4,2,1,5277.1018916
20202,1123000664,140,30,110,0,26,70,22,9,13,0,4,9,1,6,10,0,22,61,21,3,3,5699.66764004
20202,1123000665,15,3,12,0,1,4,8,1,1,0,0,2,1,0,0,0,1,2,7,1,1,2503.09760121
20202,1123000666,35,18,17,0,4,6,8,11,6,0,2,2,4,7,3,0,2,4,4,4,3,5564.95403295
20202,1123000667,143,90,53,0,13,20,37,33,40,0,6,6,22,18,38,0,7,14,15,15,2,4317.78726912
20202,1123000669,2,1,1,0,0,0,1,0,1,0,0,0,0,0,1,0,0,0,1,0,0,1884.05125028
20202,1123000670,56,44,12,0,4,15,12,13,12,0,2,12,9,11,10,0,2,3,3,2,2,4668.64406334
20202,1123000671,5,4,1,0,0,0,0,5,0,0,0,0,0,4,0,0,0,0,0,1,0,1747.18607916
20202,1123000672,13,7,6,0,0,0,1,7,5,0,0,0,1,4,2,0,0,0,0,3,3,2895.57394366
20202,1123000674,61,12,49,0,13,9,21,13,5,0,4,1,2,1,4,0,9,8,19,12,1,22176.719608
20202,1123000675,98,40,58,0,7,19,28,22,22,0,2,8,8,11,11,0,5,11,20,11,11,7731.02447436
20202,1123000678,29,18,11,0,0,4,4,15,6,0,0,0,3,10,5,0,0,4,1,5,1,1902.95409476
20202,1123000680,21,14,7,0,2,4,7,6,2,0,1,3,3,6,1,0,1,1,4,0,1,903.699622706
20202,1123000681,3,2,1,0,0,0,1,0,2,0,0,0,1,0,1,0,0,0,0,0,1,5436.58843236
20202,1123000682,11,8,3,0,0,3,3,3,2,0,0,2,2,2,2,0,0,1,1,1,0,5662.97446008
20202,1123000689,15,6,9,0,1,1,4,6,3,0,0,0,1,4,1,0,1,1,3,2,2,3315.67715596
20202,1123000692,2,0,2,0,0,0,2,0,0,0,0,0,0,0,0,0,0,0,2,0,0,4347.51199684
20202,1123000693,4,2,2,0,0,1,0,1,2,0,0,0,0,1,1,0,0,1,0,0,1,1490.47639101
20202,1123000697,11,6,5,0,1,3,1,3,3,0,0,1,0,2,3,0,1,2,1,1,0,3301.47939503
20202,1123000698,2,0,2,0,0,0,0,2,0,0,0,0,0,0,0,0,0,0,0,2,0,699.943944066
20202,1123000704,3,2,1,0,0,1,0,0,2,0,0,1,0,0,1,0,0,0,0,0,1,3082.5145774
20202,1123000707,18,11,7,0,3,5,7,2,1,0,1,2,6,1,1,0,2,3,1,1,0,11145.9383493
20202,1123000710,5,4,1,0,0,1,0,2,2,0,0,0,0,2,2,0,0,1,0,0,0,2036.58428895
20202,1123000715,6,0,6,0,1,1,2,2,0,0,0,0,0,0,0,0,1,1,2,2,0,1539.3655359
20202,1123000717,107,73,34,0,19,19,22,33,14,0,13,14,15,22,9,0,6,5,7,11,5,2914.74706095
20202,1123000718,2,2,0,0,0,0,0,1,1,0,0,0,0,1,1,0,0,0,0,0,0,1772.5989134
20202,1123000719,3,2,1,0,0,0,1,0,2,0,0,0,0,0,2,0,0,0,1,0,0,1984.39986253
20202,1123000720,170,89,81,0,29,64,53,17,7,0,8,34,29,12,6,0,21,30,24,5,1,8968.58069041
20202,1123000721,5,0,5,0,2,0,2,1,0,0,0,0,0,0,0,0,2,0,2,1,0,1360.06184532
20202,1123000725,4,3,1,0,0,1,1,2,0,0,0,1,0,2,0,0,0,0,1,0,0,770.437710314
20202,1123000727,70,57,13,0,4,2,9,8,47,0,4,0,3,4,46,0,0,2,6,4,1,5519.61595065
20202,1123000728,3133,562,2571,1,433,588,566,988,557,0,97,230,171,46,18,1,336,358,395,942,539,2847.02821333
20202,1123000732,13,8,5,0,0,6,5,1,1,0,0,3,5,0,0,0,0,3,0,1,1,2573.09926262
20202,1123000733,3,1,2,0,0,0,2,0,1,0,0,0,0,0,1,0,0,0,2,0,0,5735.67251126
20202,1123000736,93,49,44,0,15,26,22,17,13,0,6,16,14,10,3,0,9,10,8,7,10,9188.41281174
20202,1123000737,4,3,1,0,1,0,1,1,1,0,1,0,1,0,1,0,0,0,0,1,0,5914.93846871
20202,1123000738,129,88,41,0,4,1,6,12,106,0,2,1,3,5,77,0,2,0,3,7,29,3820.80092312
20202,1123000739,25,10,15,0,4,3,3,13,2,0,2,0,1,6,1,0,2,3,2,7,1,8825.02822343
20202,1123000740,9,4,5,0,0,0,2,3,4,0,0,0,1,1,2,0,0,0,1,2,2,3158.56877521
20202,1123000742,1,1,0,0,0,0,0,0,1,0,0,0,0,0,1,0,0,0,0,0,0,4244.76656106
20202,1123000746,40,11,29,0,19,9,5,4,3,0,4,4,1,2,0,0,15,5,4,2,3,3797.5155461
20202,1123000747,4,1,3,0,1,0,3,0,0,0,0,0,1,0,0,0,1,0,2,0,0,4229.15002906
20202,1123000748,1,1,0,0,0,0,0,0,1,0,0,0,0,0,1,0,0,0,0,0,0,6652.09689504
20202,1123000749,116,80,36,0,29,38,20,13,16,0,19,23,14,9,15,0,10,15,6,4,1,4240.11981196
20202,1123000751,198,127,71,0,25,90,22,18,43,0,8,56,17,10,36,0,17,34,5,8,7,4006.09273558
20202,1123000753,27,10,17,1,8,5,4,3,6,0,3,1,1,3,2,1,5,4,3,0,4,3640.99294239
20202,1123000754,6,5,1,0,1,2,1,2,0,0,1,2,0,2,0,0,0,0,1,0,0,3635.66513278
20202,1123000756,282,122,160,0,65,83,57,33,44,0,12,30,19,17,44,0,53,53,38,16,0,4338.63340236
20202,1123000758,108,60,48,0,6,10,16,18,58,0,5,9,12,10,24,0,1,1,4,8,34,4095.62700985
20202,1123000759,5,1,4,0,0,1,1,1,2,0,0,1,0,0,0,0,0,0,1,1,2,2448.02260624
20202,1123000761,554,268,286,3,210,201,94,35,11,1,78,100,48,31,10,2,132,101,46,4,1,6890.23982491
20202,1123000762,15,9,6,0,1,2,5,3,4,0,0,0,3,2,4,0,1,2,2,1,0,16004.2052743
20202,1123000764,9,7,2,0,0,3,2,0,4,0,0,1,2,0,4,0,0,2,0,0,0,4110.25781179
20202,1123000766,2,2,0,0,0,0,2,0,0,0,0,0,2,0,0,0,0,0,0,0,0,1247.24874098
20202,1123000767,20,11,9,0,0,10,8,1,1,0,0,3,6,1,1,0,0,7,2,0,0,1901.15458958
20202,1123000769,9,5,4,0,0,1,2,1,5,0,0,0,0,1,4,0,0,1,2,0,1,2206.66753405
20202,1123000770,55,34,21,0,6,7,21,12,9,0,1,4,14,8,7,0,5,3,7,4,2,11464.3050017
20202,1123000772,3,2,1,0,0,0,0,0,3,0,0,0,0,0,2,0,0,0,0,0,1,4132.53707003
20202,1123000774,16,6,10,0,1,4,6,3,2,0,0,1,2,1,2,0,1,3,4,2,0,2395.23824756
20202,1123000775,1,0,1,0,0,0,0,1,0,0,0,0,0,0,0,0,0,0,0,1,0,7559.6167189
20202,1123000776,14,10,4,0,0,1,5,7,1,0,0,0,3,6,1,0,0,1,2,1,0,4645.15896643
20202,1123000777,5,2,3,0,0,0,0,1,4,0,0,0,0,0,2,0,0,0,0,1,2,4637.37759361
20202,1123000779,6,6,0,0,1,2,2,0,1,0,1,2,2,0,1,0,0,0,0,0,0,3420.31595081
20202,1123000783,10,4,6,0,0,2,4,2,2,0,0,1,0,1,2,0,0,1,4,1,0,2849.07207398
20202,1123000784,24,22,2,0,3,2,10,5,4,0,3,2,9,4,4,0,0,0,1,1,0,9942.58958689
20202,1123000785,28,25,3,0,1,5,10,10,2,0,1,3,9,10,2,0,0,2,1,0,0,3943.49847808
20202,1123000787,8,6,2,0,2,2,0,2,2,0,0,2,0,2,2,0,2,0,0,0,0,2845.04936832
20202,1123000788,16,3,13,0,0,4,6,1,5,0,0,0,0,0,3,0,0,4,6,1,2,2837.51426934
20202,1123000790,7,3,4,0,3,3,0,1,0,0,1,1,0,1,0,0,2,2,0,0,0,7394.77884981
20202,1123000791,4,2,2,0,0,0,2,0,2,0,0,0,0,0,2,0,0,0,2,0,0,6190.17818905
20202,1123000792,210,134,76,0,35,92,39,24,20,0,10,61,26,22,15,0,25,31,13,2,5,3241.68558175
20202,1123000794,4,2,2,0,0,0,1,2,1,0,0,0,0,1,1,0,0,0,1,1,0,5526.98765954
20202,1123000796,3,0,3,0,0,0,2,1,0,0,0,0,0,0,0,0,0,0,2,1,0,2548.54200245
20202,1123000797,13,9,4,0,1,5,6,0,1,0,0,5,3,0,1,0,1,0,3,0,0,8036.97057082
20202,1123000799,90,50,40,0,6,32,22,24,6,0,3,13,14,14,6,0,3,19,8,10,0,35453.1704954
20202,1123000804,2,0,2,0,0,0,0,2,0,0,0,0,0,0,0,0,0,0,0,2,0,6529.5723876
20202,1123000805,1,0,1,0,0,0,0,1,0,0,0,0,0,0,0,0,0,0,0,1,0,8770.34867432
20202,1123000806,2,2,0,0,0,0,0,1,1,0,0,0,0,1,1,0,0,0,0,0,0,3574.87789573
20202,1123000809,5,4,1,0,0,0,2,1,2,0,0,0,1,1,2,0,0,0,1,0,0,4624.25370529
20202,1123000810,4,3,1,0,0,0,0,1,3,0,0,0,0,0,3,0,0,0,0,1,0,1262.72374307
20202,1123000811,4,2,2,0,1,0,1,1,1,0,0,0,1,0,1,0,1,0,0,1,0,1581.86584045
20202,1123000812,74,55,19,0,9,15,19,20,11,0,7,12,14,13,9,0,2,3,5,7,2,3035.88478622
20202,1123000814,13,6,7,0,2,2,4,1,4,0,0,1,3,0,2,0,2,1,1,1,2,6328.78202065
20202,1123000817,2,2,0,0,0,0,0,2,0,0,0,0,0,2,0,0,0,0,0,0,0,3092.94501325
20202,1123000818,7,6,1,0,0,1,0,2,4,0,0,1,0,2,3,0,0,0,0,0,1,11921.0973824
20202,1123000821,7,3,4,0,0,0,1,3,3,0,0,0,0,1,2,0,0,0,1,2,1,6999.5667647
20202,1123000822,24,12,12,0,0,4,10,3,7,0,0,2,3,2,5,0,0,2,7,1,2,6013.87445249
20202,1123000823,8,6,2,0,0,1,3,1,3,0,0,1,1,1,3,0,0,0,2,0,0,2165.13348129
20202,1123000824,1,0,1,0,0,0,1,0,0,0,0,0,0,0,0,0,0,0,1,0,0,2499.86282906
20202,1123000826,15,7,8,0,0,0,2,7,6,0,0,0,2,2,3,0,0,0,0,5,3,4934.16602867
20202,1123000828,4,2,2,0,2,0,1,1,0,0,1,0,0,1,0,0,1,0,1,0,0,2999.95610432
20202,1123000829,9,8,1,0,1,2,1,2,3,0,1,2,1,1,3,0,0,0,0,1,0,10360.8752738
20202,1123000830,22,19,3,0,3,3,8,3,5,0,3,3,6,2,5,0,0,0,2,1,0,7393.05431544
20202,1123000831,16,9,7,0,0,4,5,2,5,0,0,3,1,2,3,0,0,1,4,0,2,2969.82232353
20202,1123000832,13,10,3,0,1,2,1,5,4,0,1,2,1,3,3,0,0,0,0,2,1,595.572774367
20202,1123000833,39,16,23,0,9,7,13,5,5,0,1,7,5,1,2,0,8,0,8,4,3,11952.4452845
20202,1123000834,8,7,1,0,0,0,2,6,0,0,0,0,1,6,0,0,0,0,1,0,0,2598.71345033
20202,1123000835,5,5,0,0,0,0,3,2,0,0,0,0,3,2,0,0,0,0,0,0,0,1111.49576141
20202,1123000836,26,17,9,0,0,5,8,10,3,0,0,3,5,7,2,0,0,2,3,3,1,2788.69944117
20202,1123000837,2,1,1,0,0,0,0,0,2,0,0,0,0,0,1,0,0,0,0,0,1,2386.50490123
20202,1123000838,12,8,4,0,1,4,1,5,1,0,0,3,1,4,0,0,1,1,0,1,1,1206.35704805
20202,1123000840,12,10,2,0,0,1,3,3,5,0,0,1,3,2,4,0,0,0,0,1,1,3559.81870719
20202,1123000841,114,96,18,0,3,16,10,13,72,0,0,7,8,10,71,0,3,9,2,3,1,17054.004377
20202,1123000842,24,23,1,0,3,4,5,8,4,0,2,4,5,8,4,0,1,0,0,0,0,2172.34562805
20202,1123000843,5,3,2,0,1,2,0,0,2,0,0,1,0,0,2,0,1,1,0,0,0,2048.99462376
20202,1123000844,42,31,11,0,5,4,13,12,8,0,4,1,10,9,7,0,1,3,3,3,1,3432.34716877
20202,1123000845,7,3,4,0,2,0,1,3,1,0,0,0,0,2,1,0,2,0,1,1,0,2260.48510389
20202,1123000846,48,17,31,0,9,11,17,6,5,0,1,5,7,2,2,0,8,6,10,4,3,2268.05573689
20202,1123000847,29,23,6,0,2,7,6,4,10,0,2,6,4,2,9,0,0,1,2,2,1,2418.13496029
20202,1123000848,32,22,10,0,2,9,11,7,3,0,0,5,10,6,1,0,2,4,1,1,2,3474.14869826
20202,1123000849,1,1,0,0,0,0,0,1,0,0,0,0,0,1,0,0,0,0,0,0,0,2202.90659378
20202,1123000850,10,6,4,0,2,3,3,2,0,0,1,2,1,2,0,0,1,1,2,0,0,3219.71305901
20202,1123000851,6,1,5,0,0,2,2,1,1,0,0,0,0,1,0,0,0,2,2,0,1,5606.01333844
20202,1123000852,4,4,0,0,0,0,2,0,2,0,0,0,2,0,2,0,0,0,0,0,0,1578.57854434
20202,1123000854,4,1,3,0,1,1,2,0,0,0,0,0,1,0,0,0,1,1,1,0,0,865.51864328
20202,1123000856,4,1,3,0,1,0,0,3,0,0,0,0,0,1,0,0,1,0,0,2,0,2204.64945203
20202,1123000857,10,0,10,0,7,1,1,1,0,0,0,0,0,0,0,0,7,1,1,1,0,3051.58675781
20202,1123000858,120,86,34,1,17,26,35,26,15,0,11,17,23,23,12,1,6,9,12,3,3,2766.90389094
20202,1123000860,107,69,38,0,17,54,13,12,11,0,7,40,9,5,8,0,10,14,4,7,3,8391.36259807
20202,1123000871,6,3,3,0,2,1,1,0,2,0,0,0,1,0,2,0,2,1,0,0,0,6143.96655999
20202,1123000873,14,10,4,0,0,3,3,5,3,0,0,2,2,4,2,0,0,1,1,1,1,3531.93565764
20202,1123000875,1446,334,1112,0,497,549,301,93,6,0,69,150,90,20,5,0,428,399,211,73,1,3194.71731579
20202,1123000877,3,2,1,0,0,1,0,1,1,0,0,1,0,0,1,0,0,0,0,1,0,2928.75373941
20202,1123000878,4,4,0,0,0,0,3,0,1,0,0,0,3,0,1,0,0,0,0,0,0,2378.11521735
20202,1123000879,28,12,16,0,4,2,8,12,2,0,3,2,4,2,1,0,1,0,4,10,1,3399.64835843
20202,1123000880,8,1,7,0,0,2,4,0,2,0,0,0,0,0,1,0,0,2,4,0,1,3422.0005008
20202,1123000882,2,0,2,0,1,0,0,1,0,0,0,0,0,0,0,0,1,0,0,1,0,3512.74773724
20202,1123000883,8,6,2,0,0,1,2,2,3,0,0,1,2,2,1,0,0,0,0,0,2,2125.16655741
20202,1123000887,48,28,20,0,9,15,11,5,8,0,3,8,7,3,7,0,6,7,4,2,1,8606.23512171
20202,1123000889,2,1,1,0,0,0,1,0,1,0,0,0,0,0,1,0,0,0,1,0,0,2234.79247841
20202,1123000892,6,4,2,0,0,0,2,1,3,0,0,0,0,1,3,0,0,0,2,0,0,1482.01424451
20202,1123000896,4,2,2,0,0,0,2,1,1,0,0,0,1,0,1,0,0,0,1,1,0,3852.66229586
20202,1123000899,4,4,0,0,1,1,1,1,0,0,1,1,1,1,0,0,0,0,0,0,0,1424.06439015
20202,1123000900,9,2,7,0,0,3,4,1,1,0,0,1,0,0,1,0,0,2,4,1,0,8449.230904
20202,1123000903,4,2,2,0,0,0,0,2,2,0,0,0,0,1,1,0,0,0,0,1,1,4101.30733984
20202,1123000911,5,3,2,0,1,0,2,1,1,0,0,0,1,1,1,0,1,0,1,0,0,2662.73336807
20202,1123000916,16,13,3,0,5,3,6,1,1,0,3,3,5,1,1,0,2,0,1,0,0,926.997156386
20202,1123000920,37,23,14,0,2,8,19,7,1,0,2,6,11,3,1,0,0,2,8,4,0,1086.18995356
20202,1123000922,4,1,3,0,1,0,1,1,1,0,0,0,1,0,0,0,1,0,0,1,1,2397.62565878
20202,1123000924,7,2,5,0,0,3,2,2,0,0,0,0,0,2,0,0,0,3,2,0,0,3349.21343777
20202,1123000925,64,33,31,0,11,17,13,21,2,0,4,11,9,8,1,0,7,6,4,13,1,3732.67537
20202,1123000933,22,9,13,0,10,1,3,6,2,0,2,0,1,5,1,0,8,1,2,1,1,2075.67256411
20202,1123000934,12,8,4,0,1,1,5,2,3,0,0,0,4,2,2,0,1,1,1,0,1,5033.75205013
20202,1123000935,4,3,1,0,2,0,0,2,0,0,1,0,0,2,0,0,1,0,0,0,0,5658.86112854
20202,1123000938,21,7,14,0,4,5,7,5,0,0,0,1,3,3,0,0,4,4,4,2,0,1822.39100718
20202,1123000940,2,2,0,0,0,0,1,1,0,0,0,0,1,1,0,0,0,0,0,0,0,3083.36377762
20202,1123000942,47,43,4,0,1,7,19,15,5,0,1,5,18,15,4,0,0,2,1,0,1,2469.10378439
20202,1123000944,6,3,3,0,0,1,3,1,1,0,0,1,0,1,1,0,0,0,3,0,0,2541.94115157
20202,1123000949,18,10,8,0,3,10,2,1,2,0,1,4,2,1,2,0,2,6,0,0,0,1253.45301219
20202,1123000954,11,1,10,0,2,0,5,4,0,0,0,0,1,0,0,0,2,0,4,4,0,4708.06271298
20202,1123000957,8,7,1,0,0,0,1,4,3,0,0,0,1,3,3,0,0,0,0,1,0,2804.75312681
20202,1123000958,35,24,11,0,1,7,10,9,8,0,1,3,6,7,7,0,0,4,4,2,1,6868.69509997
20202,1123000960,3,3,0,0,0,0,2,1,0,0,0,0,2,1,0,0,0,0,0,0,0,1899.39653633
20202,1123000961,13,5,8,0,3,4,2,3,1,0,1,0,1,2,1,0,2,4,1,1,0,9874.45124892
20202,1123000969,50,22,28,1,0,5,25,16,3,1,0,3,8,7,3,0,0,2,17,9,0,3966.53727376
20202,1123000974,3,2,1,0,0,0,1,2,0,0,0,0,1,1,0,0,0,0,0,1,0,1212.71752248
20202,1123000975,2,2,0,0,0,0,2,0,0,0,0,0,2,0,0,0,0,0,0,0,0,4277.10327787
20202,1123000978,3,3,0,0,0,1,0,1,1,0,0,1,0,1,1,0,0,0,0,0,0,1836.00903797
20202,1123000979,3,1,2,0,0,0,0,2,1,0,0,0,0,1,0,0,0,0,0,1,1,9758.30407219
20202,1123000980,1,1,0,0,0,0,0,1,0,0,0,0,0,1,0,0,0,0,0,0,0,1117.58018808
20202,1123000983,7,3,4,0,2,2,1,1,1,0,2,1,0,0,0,0,0,1,1,1,1,2366.24545472
20202,1123000984,2,2,0,0,0,0,1,1,0,0,0,0,1,1,0,0,0,0,0,0,0,3077.86066463
20202,1123000990,2,1,1,0,0,0,0,0,2,0,0,0,0,0,1,0,0,0,0,0,1,1305.98708829
20202,1123000995,15,2,13,0,8,1,5,0,1,0,0,0,1,0,1,0,8,1,4,0,0,3073.87166788
20202,1123000999,4,4,0,0,0,1,0,1,2,0,0,1,0,1,2,0,0,0,0,0,0,4074.72198537
20202,1123001000,1,1,0,0,0,0,0,0,1,0,0,0,0,0,1,0,0,0,0,0,0,2394.42581509
20202,1123001002,5,1,4,0,0,0,2,1,2,0,0,0,1,0,0,0,0,0,1,1,2,4405.99332393
20202,1123001005,30,15,15,0,4,5,14,5,2,0,0,3,7,5,0,0,4,2,7,0,2,6633.87725523
20202,1123001006,4,3,1,0,0,1,0,1,2,0,0,1,0,0,2,0,0,0,0,1,0,830.165903969
20202,1123001008,8,7,1,0,0,0,0,5,3,0,0,0,0,4,3,0,0,0,0,1,0,4966.72047992
20202,1123001009,2,2,0,0,2,0,0,0,0,0,2,0,0,0,0,0,0,0,0,0,0,3491.88435607
20202,1123001010,4,2,2,0,0,2,0,2,0,0,0,1,0,1,0,0,0,1,0,1,0,2510.94937435
20202,1123001012,4,2,2,0,0,0,0,3,1,0,0,0,0,1,1,0,0,0,0,2,0,654.762584036
20202,1123001013,2,2,0,0,1,0,1,0,0,0,1,0,1,0,0,0,0,0,0,0,0,2311.56558557
20202,1123001015,17,6,11,0,6,8,1,1,1,0,2,2,0,1,1,0,4,6,1,0,0,1381.14508248
20202,1123001020,4,4,0,0,0,3,1,0,0,0,0,3,1,0,0,0,0,0,0,0,0,3282.08490934
20202,1123001021,7,4,3,0,0,2,3,1,1,0,0,2,2,0,0,0,0,0,1,1,1,2792.34741787
20202,1123001022,702,498,204,0,5,92,243,248,114,0,3,42,152,202,99,0,2,50,91,46,15,75357.7962421
20202,1123001024,2,2,0,0,0,1,1,0,0,0,0,1,1,0,0,0,0,0,0,0,0,1737.81831967
20202,1123001030,3,1,2,0,2,1,0,0,0,0,0,1,0,0,0,0,2,0,0,0,0,2631.50546448
20202,1123001031,15,7,8,0,6,3,6,0,0,0,3,2,2,0,0,0,3,1,4,0,0,2513.51861358
20202,1123001034,3,1,2,0,0,1,1,1,0,0,0,0,0,1,0,0,0,1,1,0,0,2937.58974716
20202,1123001035,6,1,5,0,1,0,3,1,1,0,0,0,1,0,0,0,1,0,2,1,1,2582.97069588
20202,1123001036,14,7,7,0,4,3,3,4,0,0,1,1,2,3,0,0,3,2,1,1,0,86181.752073
20202,1123001038,3,2,1,0,0,1,1,0,1,0,0,1,0,0,1,0,0,0,1,0,0,702.517798597
20202,1123001039,13,9,4,0,1,1,2,3,6,0,0,0,2,2,5,0,1,1,0,1,1,26947.7282141
20202,1123001040,5,3,2,0,0,1,1,3,0,0,0,0,0,3,0,0,0,1,1,0,0,2564.67134806
20202,1123001041,14,5,9,0,0,1,7,6,0,0,0,1,3,1,0,0,0,0,4,5,0,3891.79118463
20202,1123001043,14,8,6,0,0,3,5,3,3,0,0,2,4,1,1,0,0,1,1,2,2,2174.7425155
20202,1123001047,2,1,1,0,0,0,0,2,0,0,0,0,0,1,0,0,0,0,0,1,0,5773.03312329
20202,1123001048,19,13,6,0,1,1,10,4,3,0,0,1,7,3,2,0,1,0,3,1,1,5667.90612722
20202,1123001049,4,3,1,0,0,2,1,1,0,0,0,1,1,1,0,0,0,1,0,0,0,2908.9263683
20202,1123001051,128,40,88,0,7,10,27,30,54,0,0,4,13,5,18,0,7,6,14,25,36,12705.1673298
20202,1123001052,4,1,3,0,0,1,0,2,1,0,0,0,0,0,1,0,0,1,0,2,0,2913.25226694
20202,1123001057,11,5,6,0,1,2,3,3,2,0,0,1,2,1,1,0,1,1,1,2,1,3302.94712939
20202,1123001063,7,4,3,0,1,1,2,2,1,0,0,0,1,2,1,0,1,1,1,0,0,1036.60154414
20202,1123001070,7,6,1,0,4,0,1,2,0,0,3,0,1,2,0,0,1,0,0,0,0,5731.46337646
20202,1123001071,25,10,15,0,6,5,6,6,2,0,0,3,2,4,1,0,6,2,4,2,1,3146.20831367
20202,1123001077,4,2,2,0,0,1,1,1,1,0,0,0,1,1,0,0,0,1,0,0,1,1921.47218633
20202,1123001078,35,18,17,0,3,6,7,13,6,0,1,3,2,8,4,0,2,3,5,5,2,6464.12246345
20202,1123001082,4,4,0,0,0,0,2,1,1,0,0,0,2,1,1,0,0,0,0,0,0,1952.94323736
20202,1123001085,238,127,111,0,35,53,83,51,16,0,11,26,55,25,10,0,24,27,28,26,6,5762.89541679
20202,1123001088,3,3,0,0,0,0,0,0,3,0,0,0,0,0,3,0,0,0,0,0,0,8042.30153718
20202,1123001089,3,1,2,0,0,0,1,1,1,0,0,0,0,0,1,0,0,0,1,1,0,9030.19472157
20202,1123001091,2,1,1,0,0,0,0,1,1,0,0,0,0,0,1,0,0,0,0,1,0,2168.0241135
20202,1123001093,2,1,1,0,0,1,1,0,0,0,0,0,1,0,0,0,0,1,0,0,0,3166.72280181
20202,1123001102,4,3,1,0,1,0,0,2,1,0,1,0,0,1,1,0,0,0,0,1,0,2096.36169548
20202,1123001103,3,1,2,0,0,1,2,0,0,0,0,0,1,0,0,0,0,1,1,0,0,5580.69721502
20202,1123001115,72,36,36,1,28,11,15,4,13,1,14,6,8,2,5,0,14,5,7,2,8,38244.3507977
20202,1123001117,7,5,2,0,2,3,2,0,0,0,1,3,1,0,0,0,1,0,1,0,0,1137.74013892
20202,1123001118,4,3,1,0,1,0,0,3,0,0,0,0,0,3,0,0,1,0,0,0,0,1306.08891639
20202,1123001119,5,2,3,0,1,0,0,1,3,0,0,0,0,0,2,0,1,0,0,1,1,1619.08847219
20202,1123001121,2,2,0,0,0,0,0,0,2,0,0,0,0,0,2,0,0,0,0,0,0,1470.25396391
20202,1123001123,3,1,2,0,1,1,1,0,0,0,0,0,1,0,0,0,1,1,0,0,0,5027.21683106
20202,1123001125,219,69,150,0,41,56,60,47,15,0,8,15,14,20,12,0,33,41,46,27,3,4184.06575642
20202,1123001126,9,7,2,0,0,1,4,3,1,0,0,1,3,2,1,0,0,0,1,1,0,3173.32707008
20202,1123001131,7,3,4,0,0,3,1,2,1,0,0,1,1,1,0,0,0,2,0,1,1,5769.86987865
20202,1123001136,5,5,0,0,0,3,2,0,0,0,0,3,2,0,0,0,0,0,0,0,0,1115.19650562
20202,1123001138,4,4,0,0,0,1,3,0,0,0,0,1,3,0,0,0,0,0,0,0,0,995.522197245
20202,1123001140,2,1,1,0,0,1,0,1,0,0,0,0,0,1,0,0,0,1,0,0,0,2198.20008866
20202,1123001141,10,5,5,0,0,2,2,3,3,0,0,0,1,1,3,0,0,2,1,2,0,2710.43756067
20202,1123001147,4,3,1,0,0,1,0,2,1,0,0,1,0,1,1,0,0,0,0,1,0,2089.71271821
20202,1123001154,58,48,10,0,2,7,13,28,8,0,1,6,9,25,7,0,1,1,4,3,1,3163.5209142
20202,1123001159,9,5,4,0,0,5,1,2,1,0,0,1,1,2,1,0,0,4,0,0,0,615.770390618
20202,1123001164,1,1,0,0,0,0,0,0,1,0,0,0,0,0,1,0,0,0,0,0,0,845.324753447
20202,1123001169,5,4,1,0,1,1,2,1,0,0,0,1,2,1,0,0,1,0,0,0,0,1885.21017967
20202,1123001178,7,6,1,0,1,4,1,0,1,0,1,4,0,0,1,0,0,0,1,0,0,948.704945047
20202,1123001184,6,2,4,0,0,0,1,5,0,0,0,0,0,2,0,0,0,0,1,3,0,1621.91633535
20202,1123001188,3,3,0,0,0,0,0,3,0,0,0,0,0,3,0,0,0,0,0,0,0,4681.36199995
20202,1123001192,6,3,3,0,0,0,1,5,0,0,0,0,0,3,0,0,0,0,1,2,0,1363.00514833
20202,1123001196,6,2,4,0,0,1,0,1,4,0,0,0,0,1,1,0,0,1,0,0,3,2983.07530735
20202,1123001203,3,1,2,0,0,0,1,2,0,0,0,0,1,0,0,0,0,0,0,2,0,3334.59171495
20202,1123001204,25,9,16,0,3,3,8,8,3,0,1,1,1,4,2,0,2,2,7,4,1,5537.27314008
20202,1123001212,912,386,526,2,141,195,202,221,151,1,48,91,84,77,85,1,93,104,118,144,66,3424.08233721
20202,1123001225,4,3,1,0,0,0,3,0,1,0,0,0,3,0,0,0,0,0,0,0,1,1620.38956919
20202,1123001227,1,1,0,0,0,0,1,0,0,0,0,0,1,0,0,0,0,0,0,0,0,2568.4614047
20202,1123001229,9,7,2,0,0,1,2,4,2,0,0,1,2,2,2,0,0,0,0,2,0,2638.75401326
20202,1123001230,11,9,2,0,1,2,5,3,0,0,1,2,4,2,0,0,0,0,1,1,0,2574.61545223
20202,1123001232,2,2,0,0,0,1,0,0,1,0,0,1,0,0,1,0,0,0,0,0,0,4104.49026507
20202,1123001233,124,88,36,0,13,23,29,20,39,0,6,16,17,13,36,0,7,7,12,7,3,4361.97528672
20202,1123001234,4,0,4,0,0,1,2,1,0,0,0,0,0,0,0,0,0,1,2,1,0,2265.87993922
20202,1123001243,7,7,0,0,0,0,2,4,1,0,0,0,2,4,1,0,0,0,0,0,0,412.873694887
20202,1123001247,3,2,1,0,0,0,3,0,0,0,0,0,2,0,0,0,0,0,1,0,0,2593.29276002
20202,1123001251,1,1,0,0,0,0,0,1,0,0,0,0,0,1,0,0,0,0,0,0,0,1806.93515137
20202,1123001252,4,3,1,0,1,0,0,2,1,0,1,0,0,1,1,0,0,0,0,1,0,3972.39225777
20202,1123001262,3,1,2,0,0,0,1,2,0,0,0,0,1,0,0,0,0,0,0,2,0,1388.2020094
20202,1123001265,21,2,19,0,2,5,6,6,2,0,0,0,1,0,1,0,2,5,5,6,1,2131.82584228
20202,1123001266,99,19,80,0,11,27,27,24,10,0,0,3,7,2,7,0,11,24,20,22,3,17231.4819426
20202,1123001269,2,1,1,0,0,0,1,1,0,0,0,0,0,1,0,0,0,0,1,0,0,1705.87460823
20202,1123001271,12,7,5,0,0,3,4,3,2,0,0,2,1,2,2,0,0,1,3,1,0,3031.587709
20202,1123001272,30,18,12,0,5,5,9,9,2,0,5,2,3,6,2,0,0,3,6,3,0,3015.47768558
20202,1123001273,8,5,3,0,1,1,3,3,0,0,0,1,2,2,0,0,1,0,1,1,0,9357.04827425
20202,1123001280,4,2,2,0,0,0,1,2,1,0,0,0,0,2,0,0,0,0,1,0,1,3600.74066953
20202,1123001282,4,0,4,0,1,0,0,3,0,0,0,0,0,0,0,0,1,0,0,3,0,1476.08055255
20202,1123001284,5,1,4,0,3,0,0,2,0,0,0,0,0,1,0,0,3,0,0,1,0,4095.01648466
20202,1123001285,3,1,2,0,1,0,1,1,0,0,0,0,0,1,0,0,1,0,1,0,0,1094.09394927
20202,1123001286,7,2,5,0,0,1,6,0,0,0,0,0,2,0,0,0,0,1,4,0,0,2682.5819701
20202,1123001292,4,2,2,0,2,0,1,0,1,0,2,0,0,0,0,0,0,0,1,0,1,1340.74481648
20202,1123001295,7,4,3,0,0,0,1,4,2,0,0,0,1,1,2,0,0,0,0,3,0,3050.30695554
20202,1123001298,3,0,3,0,1,0,0,2,0,0,0,0,0,0,0,0,1,0,0,2,0,1490.37942704
20202,1123001299,160,94,66,0,20,53,32,39,16,0,5,20,23,34,12,0,15,33,9,5,4,3095.68658882
20202,1123001301,51,43,8,0,2,30,18,1,0,0,2,27,13,1,0,0,0,3,5,0,0,5649.15500544
20202,1123001306,33,11,22,0,7,9,9,4,4,0,1,5,2,1,2,0,6,4,7,3,2,6314.75504802
20202,1123001309,14,11,3,0,2,7,0,3,2,0,1,6,0,2,2,0,1,1,0,1,0,3176.70006711
20202,1123001317,5,4,1,0,0,0,0,1,4,0,0,0,0,1,3,0,0,0,0,0,1,7574.59307796
20202,1123001319,8,7,1,0,2,2,2,2,0,0,2,2,1,2,0,0,0,0,1,0,0,4983.2483172
20202,1123001326,399,226,173,0,43,89,100,103,64,0,17,41,45,74,49,0,26,48,55,29,15,5658.17166803
20202,1123001329,7,2,5,0,3,2,0,2,0,0,0,0,0,2,0,0,3,2,0,0,0,5200.27360612
20202,1123001330,134,129,5,0,1,1,11,56,65,0,0,1,10,53,65,0,1,0,1,3,0,4968.44184638
20202,1123001331,9,8,1,0,0,0,1,2,6,0,0,0,1,2,5,0,0,0,0,0,1,6572.33371418
20202,1123001333,25,23,2,0,0,2,0,2,21,0,0,1,0,1,21,0,0,1,0,1,0,142300.960354
20202,1123001335,71,48,23,0,9,15,19,14,14,0,5,10,13,11,9,0,4,5,6,3,5,14580.2287956
20202,1123001336,163,85,78,0,18,70,44,14,17,0,6,36,24,8,11,0,12,34,20,6,6,13518.2484709
20202,1123001338,72,42,30,1,8,15,13,17,18,1,4,5,7,10,15,0,4,10,6,7,3,14034.7598661
20202,1123001339,20,15,5,0,3,2,6,7,2,0,2,2,4,5,2,0,1,0,2,2,0,3086.2119734
20202,1123001341,135,72,63,3,11,26,38,38,19,3,7,14,20,15,13,0,4,12,18,23,6,14753.5555328
20202,1123001342,84,66,18,0,10,20,27,17,10,0,7,16,22,12,9,0,3,4,5,5,1,4890.27737582
20202,1123001344,111,107,4,0,0,5,17,32,57,0,0,4,15,31,57,0,0,1,2,1,0,10344.9087969
20202,1123001346,153,99,54,0,27,37,40,28,21,0,13,24,24,18,20,0,14,13,16,10,1,14228.9395352
20202,1123001348,18,7,11,0,5,5,3,4,1,0,1,1,2,2,1,0,4,4,1,2,0,1516.73077499
20202,1123001349,40,27,13,0,5,3,9,13,10,0,1,3,6,8,9,0,4,0,3,5,1,6100.05561612
20202,1123001350,524,310,214,0,51,45,36,91,301,0,44,40,32,48,146,0,7,5,4,43,155,7800.16063219
20202,1123001351,139,75,64,0,19,39,31,33,17,0,2,18,19,24,12,0,17,21,12,9,5,13334.0678012
20202,1123001352,48,35,13,0,11,8,11,10,8,0,8,5,8,7,7,0,3,3,3,3,1,5923.45945574
20202,1123001353,438,296,142,2,9,11,28,37,351,0,2,3,15,16,260,2,7,8,13,21,91,7192.62815346
20202,1123001354,12,8,4,0,1,1,3,6,1,0,1,1,1,4,1,0,0,0,2,2,0,1388.96975073
20202,1123001355,8,4,4,0,0,2,2,3,1,0,0,0,1,3,0,0,0,2,1,0,1,2977.99793061
20202,1123001356,69,64,5,0,1,3,8,14,43,0,1,2,6,13,42,0,0,1,2,1,1,3433.71335463
20202,1123001357,10,6,4,0,2,0,3,3,2,0,1,0,2,2,1,0,1,0,1,1,1,5898.85922386
20202,1123001358,52,33,19,0,10,12,18,9,3,0,5,7,12,7,2,0,5,5,6,2,1,8534.43284344
20202,1123001359,10,5,5,0,0,5,4,1,0,0,0,3,2,0,0,0,0,2,2,1,0,3743.21790007
20202,1123001360,4,2,2,0,2,0,0,2,0,0,1,0,0,1,0,0,1,0,0,1,0,1355.34837445
20202,1123001362,56,35,21,0,6,7,8,20,15,0,1,3,4,16,11,0,5,4,4,4,4,6518.33570488
20202,1123001365,516,416,100,0,145,141,122,55,53,0,119,123,94,35,45,0,26,18,28,20,8,14057.3660987
20202,1123001366,4,1,3,0,0,1,0,1,2,0,0,0,0,0,1,0,0,1,0,1,1,343.514960473
20202,1123001367,58,44,14,0,3,6,16,8,25,0,2,3,7,8,24,0,1,3,9,0,1,7875.80489619
20202,1123001368,38,18,20,0,3,5,10,15,5,0,0,2,5,10,1,0,3,3,5,5,4,7981.48969243
20202,1123001371,9,8,1,0,0,0,5,2,2,0,0,0,5,2,1,0,0,0,0,0,1,3789.31894149
20202,1123001372,83,45,38,0,10,26,26,15,6,0,7,10,16,11,1,0,3,16,10,4,5,7544.30183205
20202,1123001373,2,2,0,0,0,0,0,1,1,0,0,0,0,1,1,0,0,0,0,0,0,267.986559413
20202,1123001374,25,17,8,0,5,5,3,6,6,0,3,4,2,4,4,0,2,1,1,2,2,3448.47641737
20202,1123001375,416,298,118,6,31,74,106,78,121,5,11,44,71,62,105,1,20,30,35,16,16,14113.5126472
20202,1123001376,10,6,4,0,0,0,1,4,5,0,0,0,0,2,4,0,0,0,1,2,1,5273.24260925
20202,1123001377,6,6,0,0,0,2,0,1,3,0,0,2,0,1,3,0,0,0,0,0,0,2621.53512107
20202,1123001379,10,6,4,0,0,2,2,4,2,0,0,0,1,3,2,0,0,2,1,1,0,5566.7657525
20202,1123001381,18,14,4,0,0,1,8,4,5,0,0,1,6,3,4,0,0,0,2,1,1,4734.4584569
20202,1123001384,13,3,10,0,6,3,2,1,1,0,0,1,2,0,0,0,6,2,0,1,1,5199.24676573
20202,1123001385,139,75,64,0,14,30,44,33,18,0,4,15,25,18,13,0,10,15,19,15,5,8042.37328887
20202,1123001386,18,11,7,0,1,2,8,4,3,0,1,2,4,2,2,0,0,0,4,2,1,2931.89741529
20202,1123001388,25,13,12,0,3,2,4,15,1,0,2,1,0,9,1,0,1,1,4,6,0,6419.41771923
20202,1123001389,15,10,5,0,0,3,3,5,4,0,0,1,2,3,4,0,0,2,1,2,0,5354.60233294
20202,1123001391,271,249,22,0,22,94,72,80,3,0,18,87,67,76,1,0,4,7,5,4,2,5470.59872095
20202,1123001392,38,9,29,0,17,5,4,8,4,0,0,3,1,3,2,0,17,2,3,5,2,6654.32879763
20202,1123001393,44,32,12,0,12,6,11,8,7,0,9,4,8,5,6,0,3,2,3,3,1,6374.30314091
20202,1123001397,24,14,10,0,5,5,5,8,1,0,5,2,4,2,1,0,0,3,1,6,0,6525.81560154
20202,1123001398,7,3,4,0,1,3,0,2,1,0,0,2,0,0,1,0,1,1,0,2,0,4536.20935954
20202,1123001399,10,4,6,0,0,1,4,5,0,0,0,0,1,3,0,0,0,1,3,2,0,6474.82609417
20202,1123001400,6,5,1,0,0,1,1,2,2,0,0,1,0,2,2,0,0,0,1,0,0,11320.3183701
20202,1123001401,27,5,22,0,2,5,7,7,6,0,0,0,0,0,5,0,2,5,7,7,1,15122.9864546
20202,1123001402,3,2,1,0,0,1,1,0,1,0,0,1,0,0,1,0,0,0,1,0,0,3221.89739034
20202,1123001403,38,23,15,0,2,8,11,7,10,0,1,3,8,3,8,0,1,5,3,4,2,4867.70086789
20202,1123001404,18,16,2,0,2,5,5,5,1,0,2,5,5,3,1,0,0,0,0,2,0,1810.52620531
20202,1123001405,72,35,37,0,23,14,16,12,7,0,9,10,6,6,4,0,14,4,10,6,3,5917.4011449
20202,1123001406,10,9,1,0,0,0,1,7,2,0,0,0,1,6,2,0,0,0,0,1,0,6501.7530575
20202,1123001407,16,13,3,0,1,4,7,3,1,0,0,3,7,2,1,0,1,1,0,1,0,6368.72709123
20202,1123001408,25,12,13,0,6,5,7,4,3,0,2,2,3,2,3,0,4,3,4,2,0,1000.0890138
20202,1123001409,2,2,0,0,0,0,1,0,1,0,0,0,1,0,1,0,0,0,0,0,0,1020.5928757
20202,1123001411,7,7,0,0,1,0,1,1,4,0,1,0,1,1,4,0,0,0,0,0,0,2523.75545318
20202,1123001413,100,75,25,0,6,33,28,15,18,0,1,26,23,11,14,0,5,7,5,4,4,11519.4560242
20202,1123001414,2,2,0,0,0,0,0,0,2,0,0,0,0,0,2,0,0,0,0,0,0,1137.48089262
20202,1123001416,5,2,3,0,0,1,2,1,1,0,0,0,1,0,1,0,0,1,1,1,0,3778.67687162
20202,1123001417,181,143,38,1,56,42,37,31,14,0,43,32,32,26,10,1,13,10,5,5,4,7514.87708392
20202,1123001419,10,8,2,0,0,1,0,5,4,0,0,0,0,5,3,0,0,1,0,0,1,9775.13424425
20202,1123001421,14,4,10,0,3,3,2,5,1,0,1,1,1,0,1,0,2,2,1,5,0,6014.44502704
20202,1123001422,2,2,0,0,0,0,2,0,0,0,0,0,2,0,0,0,0,0,0,0,0,1880.3633536
20202,1123001424,101,99,2,0,1,0,8,42,50,0,1,0,8,40,50,0,0,0,0,2,0,4932.16320077
20202,1123001425,147,79,68,0,31,51,22,21,22,0,12,28,12,12,15,0,19,23,10,9,7,13280.7704614
20202,1123001426,13,10,3,0,0,3,5,4,1,0,0,3,4,2,1,0,0,0,1,2,0,5658.04577768
20202,1123001427,21,9,12,0,3,6,3,3,6,0,0,3,0,1,5,0,3,3,3,2,1,3280.33657303
20202,1123001429,15,11,4,0,0,6,3,3,3,0,0,4,2,2,3,0,0,2,1,1,0,5682.75460762
20202,1123001431,3,2,1,0,0,0,1,1,1,0,0,0,1,1,0,0,0,0,0,0,1,1921.24713238
20202,1123001433,5,5,0,0,0,1,2,2,0,0,0,1,2,2,0,0,0,0,0,0,0,5496.50228721
20202,1123001434,68,43,25,0,11,21,14,11,11,0,3,13,9,8,10,0,8,8,5,3,1,5145.44003317
20202,1123001437,8,6,2,0,1,0,1,2,4,0,0,0,1,2,3,0,1,0,0,0,1,2326.9723399
20202,1123001440,20,14,6,0,0,3,5,7,5,0,0,1,4,6,3,0,0,2,1,1,2,7213.35894654
20202,1123001441,3,1,2,0,0,1,0,1,1,0,0,0,0,0,1,0,0,1,0,1,0,1457.86495565
20202,1123001442,38,17,21,0,1,4,3,22,8,0,0,1,2,11,3,0,1,3,1,11,5,4977.86546705
20202,1123001443,24,6,18,0,2,7,7,3,5,0,0,1,1,1,3,0,2,6,6,2,2,4730.21808241
20202,1123001444,96,13,83,0,7,19,34,30,6,0,1,3,2,2,5,0,6,16,32,28,1,13746.4756124
20202,1123001445,5,4,1,0,0,0,2,3,0,0,0,0,2,2,0,0,0,0,0,1,0,2480.22846466
20202,1123001448,3,2,1,0,0,1,0,0,2,0,0,0,0,0,2,0,0,1,0,0,0,4354.47016014
20202,1123001450,4,4,0,0,0,2,0,2,0,0,0,2,0,2,0,0,0,0,0,0,0,3045.99398529
20202,1123001451,2,1,1,0,0,1,0,0,1,0,0,1,0,0,0,0,0,0,0,0,1,4503.51955396
20202,1123001452,103,52,51,0,22,31,23,16,11,0,9,14,12,7,10,0,13,17,11,9,1,5180.56802312
20202,1123001453,11,10,1,0,2,2,3,3,1,0,2,1,3,3,1,0,0,1,0,0,0,2969.74191804
20202,1123001454,2,2,0,0,0,1,0,1,0,0,0,1,0,1,0,0,0,0,0,0,0,1674.43272639
20202,1123001455,24,12,12,0,2,1,7,9,5,0,2,1,3,5,1,0,0,0,4,4,4,6837.64911032
20202,1123001456,164,148,16,0,26,35,45,37,21,0,19,31,44,34,20,0,7,4,1,3,1,5126.12306402
20202,1123001459,3,3,0,0,0,0,1,1,1,0,0,0,1,1,1,0,0,0,0,0,0,2630.20227803
20202,1123001460,9,6,3,0,0,1,7,0,1,0,0,1,4,0,1,0,0,0,3,0,0,1541.02592783
20202,1123001462,122,65,57,0,9,20,35,36,22,0,6,10,17,20,12,0,3,10,18,16,10,3894.32687889
20202,1123001464,5,4,1,0,2,0,1,1,1,0,2,0,1,1,0,0,0,0,0,0,1,8432.94970331
20202,1123001465,46,11,35,0,9,14,8,13,2,0,2,3,1,4,1,0,7,11,7,9,1,18246.4413529
20202,1123001467,21,9,12,0,0,0,4,10,7,0,0,0,2,5,2,0,0,0,2,5,5,4736.76092528
20202,1123001473,126,91,35,0,21,31,31,26,17,0,16,18,22,20,15,0,5,13,9,6,2,2709.17188854
20202,1123001474,59,30,29,0,3,12,28,10,6,0,3,9,14,1,3,0,0,3,14,9,3,8476.88203593
20202,1123001476,5,4,1,0,1,1,1,1,1,0,1,0,1,1,1,0,0,1,0,0,0,7063.28036857
20202,1123001477,13,9,4,0,2,1,4,4,2,0,1,0,4,2,2,0,1,1,0,2,0,6953.99217491
20202,1123001479,10,9,1,0,0,1,5,3,1,0,0,0,5,3,1,0,0,1,0,0,0,6990.62090556
20202,1123001480,23,11,12,0,0,3,4,11,5,0,0,1,2,6,2,0,0,2,2,5,3,7085.04358612
20202,1123001481,57,35,22,0,6,17,15,13,6,0,1,13,10,8,3,0,5,4,5,5,3,8895.96901651
20202,1123001482,60,33,27,0,5,11,14,23,7,0,3,8,6,10,6,0,2,3,8,13,1,6110.90501105
20202,1123001483,27,12,15,0,3,5,9,10,0,0,2,4,2,4,0,0,1,1,7,6,0,6160.22952037
20202,1123001484,47,31,16,2,10,14,10,9,2,2,7,5,7,8,2,0,3,9,3,1,0,3076.36896317
20202,1123001486,7,3,4,0,0,0,2,2,3,0,0,0,0,1,2,0,0,0,2,1,1,5359.76878647
20202,1123001487,11,10,1,0,1,1,3,3,3,0,1,1,2,3,3,0,0,0,1,0,0,3386.07192793
20202,1123001488,7,4,3,0,0,1,6,0,0,0,0,0,4,0,0,0,0,1,2,0,0,3019.7420794
20202,1123001489,15,11,4,0,4,5,4,1,1,0,3,3,3,1,1,0,1,2,1,0,0,3187.30133804
20202,1123001491,16,6,10,0,3,5,3,4,1,0,0,2,1,2,1,0,3,3,2,2,0,25154.3285933
20202,1123001493,2,2,0,0,1,0,0,1,0,0,1,0,0,1,0,0,0,0,0,0,0,3174.20676325
20202,1123001494,92,25,67,0,13,15,16,22,26,0,4,9,6,2,4,0,9,6,10,20,22,7379.14624136
20202,1123001497,6,6,0,0,0,0,3,2,1,0,0,0,3,2,1,0,0,0,0,0,0,2817.87552365
20202,1123001498,16,1,15,0,5,3,2,4,2,0,0,0,0,0,1,0,5,3,2,4,1,1808.47977986
20202,1123001499,6,4,2,0,2,1,1,2,0,0,2,1,0,1,0,0,0,0,1,1,0,1821.86097926
20202,1123001501,16,9,7,0,0,6,2,8,0,0,0,4,1,4,0,0,0,2,1,4,0,1697.95252412
20202,1123001505,8,4,4,0,0,4,1,2,1,0,0,2,1,1,0,0,0,2,0,1,1,7638.06405978
20202,1123001509,110,75,35,0,7,25,30,30,18,0,6,17,21,17,14,0,1,8,9,13,4,10862.3147481
20202,1123001514,724,301,423,0,14,16,59,178,457,0,11,9,33,67,181,0,3,7,26,111,276,3651.64655198
20202,1123001516,22,2,20,0,5,7,3,3,4,0,0,0,0,0,2,0,5,7,3,3,2,7303.2756489
20202,1123001518,41,21,20,0,8,7,4,17,5,0,5,3,2,7,4,0,3,4,2,10,1,6825.94748015
20202,1123001520,19,15,4,0,6,3,7,2,1,0,3,3,6,2,1,0,3,0,1,0,0,2442.67438422
20202,1123001526,13,9,4,0,0,2,7,3,1,0,0,1,5,2,1,0,0,1,2,1,0,3198.73780029
20202,1123001530,23,11,12,0,4,6,7,3,3,0,2,0,5,1,3,0,2,6,2,2,0,7635.80977453
20202,1123001534,44,25,19,1,8,11,16,5,3,1,3,6,11,4,0,0,5,5,5,1,3,9796.04396006
20202,1123001536,7,6,1,0,0,1,3,0,3,0,0,1,2,0,3,0,0,0,1,0,0,6330.7126506
20202,1123001537,3,3,0,0,0,2,0,1,0,0,0,2,0,1,0,0,0,0,0,0,0,770.712491337
20202,1123001540,5,3,2,0,0,1,0,2,2,0,0,0,0,1,2,0,0,1,0,1,0,365.90759133
20202,1123001541,27,13,14,0,1,4,6,7,9,0,0,2,3,3,5,0,1,2,3,4,4,2661.1772161
20202,1123001542,12,9,3,0,0,1,4,5,2,0,0,0,3,4,2,0,0,1,1,1,0,2955.87505828
20202,1123001543,3,3,0,0,0,0,2,1,0,0,0,0,2,1,0,0,0,0,0,0,0,8596.90806714
20202,1123001548,7,2,5,0,3,1,1,2,0,0,1,0,0,1,0,0,2,1,1,1,0,2383.501796
20202,1123001552,1,0,1,0,0,0,0,0,1,0,0,0,0,0,0,0,0,0,0,0,1,780.11637716
20202,1123001555,15,7,8,0,0,3,3,5,4,0,0,1,1,2,3,0,0,2,2,3,1,2318.38621465
20202,1123001557,9,4,5,0,1,2,4,1,1,0,0,1,2,0,1,0,1,1,2,1,0,2655.03621618
20202,1123001562,2,2,0,0,0,0,0,1,1,0,0,0,0,1,1,0,0,0,0,0,0,2385.05822121
20202,1123001563,1,1,0,0,0,0,0,0,1,0,0,0,0,0,1,0,0,0,0,0,0,1105.44703502
20202,1123001564,155,114,41,0,21,31,37,46,20,0,16,26,25,31,16,0,5,5,12,15,4,9502.44158873
20202,1123001567,2,0,2,0,1,1,0,0,0,0,0,0,0,0,0,0,1,1,0,0,0,5111.96050348
20202,1123001571,12,8,4,0,0,1,1,8,2,0,0,1,0,5,2,0,0,0,1,3,0,2768.6736512
20202,1123001572,4,3,1,0,0,0,0,2,2,0,0,0,0,1,2,0,0,0,0,1,0,1958.7063422
20202,1123001573,2115,1411,704,12,473,565,537,385,143,9,328,398,329,244,103,3,145,167,208,141,40,5441.91728221
20202,1123001578,14,10,4,0,2,3,4,2,3,0,0,3,3,2,2,0,2,0,1,0,1,1097.38995478
20202,1123001579,49,7,42,0,0,5,9,31,4,0,0,1,2,2,2,0,0,4,7,29,2,807.433710519
20202,1123001583,2,2,0,0,0,0,0,1,1,0,0,0,0,1,1,0,0,0,0,0,0,1005.17816963
20202,1123001584,280,107,173,1,43,63,76,67,30,0,3,22,33,33,16,1,40,41,43,34,14,7992.12693281
20202,1123001588,272,248,24,0,1,7,37,98,129,0,0,2,27,94,125,0,1,5,10,4,4,6658.18866416
20202,1123001589,16,9,7,0,1,2,2,7,4,0,0,0,1,5,3,0,1,2,1,2,1,6674.14783146
20202,1123001592,13,8,5,0,0,3,8,2,0,0,0,1,5,2,0,0,0,2,3,0,0,9422.71776574
20202,1123001593,49,21,28,0,1,10,10,14,14,0,0,1,3,8,9,0,1,9,7,6,5,4203.23962719
20202,1123001594,82,38,44,0,10,16,17,23,16,0,8,11,5,9,5,0,2,5,12,14,11,6043.8271992
20202,1123001595,285,155,130,5,58,72,66,66,18,5,35,46,36,21,12,0,23,26,30,45,6,8134.30016491
20202,1123001596,7,2,5,0,0,0,0,1,6,0,0,0,0,0,2,0,0,0,0,1,4,2177.99281376
20202,1123001597,7,2,5,0,0,0,2,3,2,0,0,0,0,1,1,0,0,0,2,2,1,4043.53997307
20202,1123001598,9,6,3,0,0,2,1,3,3,0,0,1,0,3,2,0,0,1,1,0,1,8201.99578759
20202,1123001599,18,7,11,0,5,2,3,8,0,0,2,1,0,4,0,0,3,1,3,4,0,4523.47937648
20202,1123001603,10,7,3,0,2,1,4,3,0,0,0,1,4,2,0,0,2,0,0,1,0,2900.42462842
20202,1123001604,24,21,3,0,3,2,8,8,3,0,3,2,6,8,2,0,0,0,2,0,1,5674.69976032
20202,1123001606,45,24,21,0,2,11,13,13,6,0,1,8,4,8,3,0,1,3,9,5,3,8286.57684344
20202,1123001608,11,9,2,0,0,2,8,1,0,0,0,2,7,0,0,0,0,0,1,1,0,2528.02648496
20202,1123001609,13,5,8,0,4,5,4,0,0,0,1,2,2,0,0,0,3,3,2,0,0,5641.27108116
20202,1123001610,2,1,1,0,0,1,1,0,0,0,0,0,1,0,0,0,0,1,0,0,0,5021.12982437
20202,1123001611,24,16,8,0,2,5,8,7,2,0,0,3,6,5,2,0,2,2,2,2,0,2432.27787358
20202,1123001612,18,16,2,0,1,4,5,4,4,0,1,4,3,4,4,0,0,0,2,0,0,1069.3195533
20202,1123001614,2,1,1,0,0,0,0,2,0,0,0,0,0,1,0,0,0,0,0,1,0,4159.12468628
20202,1123001615,7,6,1,0,1,0,2,3,1,0,1,0,2,2,1,0,0,0,0,1,0,3305.78195532
20202,1123001617,15,4,11,0,1,9,3,2,0,0,0,1,2,1,0,0,1,8,1,1,0,6957.9189275
20202,1123001618,3,1,2,0,0,0,0,2,1,0,0,0,0,0,1,0,0,0,0,2,0,5984.21590529
20202,1123001621,7,0,7,0,0,1,1,4,1,0,0,0,0,0,0,0,0,1,1,4,1,4874.31694985
20202,1123001623,2,0,2,0,1,0,0,1,0,0,0,0,0,0,0,0,1,0,0,1,0,7212.21447054
20202,1123001625,40,26,14,0,5,3,9,12,11,0,4,2,5,6,9,0,1,1,4,6,2,10200.3265225
20202,1123001627,56,44,12,0,5,11,15,13,12,0,3,9,13,8,11,0,2,2,2,5,1,1501.43628989
20202,1123001629,24,12,12,0,6,4,7,5,2,0,4,1,1,4,2,0,2,3,6,1,0,1240.72513743
20202,1123001630,36,29,7,0,2,3,3,3,25,0,0,2,2,3,22,0,2,1,1,0,3,9988.33228846
20202,1123001631,26,9,17,0,1,0,5,10,10,0,0,0,2,2,5,0,1,0,3,8,5,3305.8485222
20202,1123001632,84,61,23,0,22,38,15,7,2,0,15,28,13,4,1,0,7,10,2,3,1,6750.31116411
20202,1123001633,2,1,1,0,0,0,1,1,0,0,0,0,0,1,0,0,0,0,1,0,0,6884.56562242
20202,1123001634,30,22,8,0,1,2,11,13,3,0,1,1,7,10,3,0,0,1,4,3,0,10865.4088096
20202,1123001635,20,7,13,0,4,2,7,5,2,0,3,2,1,1,0,0,1,0,6,4,2,10148.5998149
20202,1123001636,14,11,3,0,0,7,4,2,1,0,0,5,4,1,1,0,0,2,0,1,0,16477.1155956
20202,1123001637,66,26,40,0,4,6,14,25,17,0,0,0,7,10,9,0,4,6,7,15,8,10103.7257895
20202,1123001638,46,13,33,0,4,10,11,13,8,0,1,1,1,5,5,0,3,9,10,8,3,6998.01461805
20202,1123001639,55,23,32,0,9,20,13,9,4,0,3,6,8,4,2,0,6,14,5,5,2,7302.31771112
20202,1123001640,502,68,434,0,105,138,196,60,3,0,7,32,19,8,2,0,98,106,177,52,1,7463.03189471
20202,1123001642,106,84,22,1,25,33,21,13,13,1,20,29,11,12,11,0,5,4,10,1,2,6188.93719982
20202,1123001646,10,6,4,0,1,2,2,4,1,0,0,1,2,2,1,0,1,1,0,2,0,6821.34012799
20202,1123001649,7,5,2,0,0,3,3,0,1,0,0,3,2,0,0,0,0,0,1,0,1,4254.85928562
20202,1123001653,3,1,2,0,0,1,1,1,0,0,0,0,0,1,0,0,0,1,1,0,0,3074.36091837
20202,1123001654,35,16,19,0,2,3,14,5,11,0,1,2,10,2,1,0,1,1,4,3,10,4366.01332506
20202,1123001655,4,4,0,0,0,1,0,1,2,0,0,1,0,1,2,0,0,0,0,0,0,2515.36345007
20202,1123001672,2,0,2,0,0,1,1,0,0,0,0,0,0,0,0,0,0,1,1,0,0,770.715518982
20202,1123001673,67,10,57,0,7,15,31,14,0,0,1,4,4,1,0,0,6,11,27,13,0,15586.8132153
20202,1123001674,100,49,51,0,12,16,21,34,17,0,2,6,12,19,10,0,10,10,9,15,7,9743.13897554
20202,1123001675,79,34,45,0,11,13,13,27,15,0,4,6,6,7,11,0,7,7,7,20,4,9263.09745605
20202,1123001681,15,11,4,0,1,4,6,3,1,0,1,4,3,2,1,0,0,0,3,1,0,6276.58377682
20202,1123001683,2,1,1,0,1,0,1,0,0,0,1,0,0,0,0,0,0,0,1,0,0,1870.34371462
20202,1123001686,5,4,1,0,0,0,0,1,4,0,0,0,0,1,3,0,0,0,0,0,1,6396.27500015
20202,1123001692,5,3,2,0,0,0,1,2,2,0,0,0,0,1,2,0,0,0,1,1,0,5573.72641073
20202,1123001695,1718,1041,677,39,1366,276,32,4,1,23,780,204,29,4,1,16,586,72,3,0,0,3319.13818758
20202,1123001699,8,6,2,1,2,0,1,4,0,1,1,0,0,4,0,0,1,0,1,0,0,1514.18148639
20202,1123001704,235,117,118,1,34,48,80,38,34,1,10,19,38,24,25,0,24,29,42,14,9,5036.11964138
20202,1123001705,6,5,1,0,1,0,0,4,1,0,1,0,0,3,1,0,0,0,0,1,0,6642.42426424
20202,1123001706,49,14,35,0,14,14,13,5,3,0,3,1,4,3,3,0,11,13,9,2,0,3728.42218296
20202,1123001707,330,155,175,1,43,47,73,98,68,0,17,24,31,43,40,1,26,23,42,55,28,8545.53019173
20202,1123001708,95,66,29,0,29,28,16,8,14,0,18,25,10,4,9,0,11,3,6,4,5,8154.01474872
20202,1123001717,6,2,4,0,0,0,1,3,2,0,0,0,0,1,1,0,0,0,1,2,1,2678.28882192
20202,1123001718,4,3,1,0,0,1,0,1,2,0,0,0,0,1,2,0,0,1,0,0,0,6806.22010542
20202,1123001719,10,2,8,0,0,2,4,4,0,0,0,0,2,0,0,0,0,2,2,4,0,5209.53403597
20202,1123001722,6,0,6,0,1,3,1,1,0,0,0,0,0,0,0,0,1,3,1,1,0,2305.30489082
20202,1123001723,18,8,10,0,0,3,3,5,7,0,0,0,3,3,2,0,0,3,0,2,5,2202.31947404
20202,1123001728,3,1,2,0,0,2,1,0,0,0,0,0,1,0,0,0,0,2,0,0,0,1362.15195814
20202,1123001729,11,7,4,0,0,3,3,1,4,0,0,2,2,0,3,0,0,1,1,1,1,6839.26936854
20202,1123001731,45,26,19,0,5,6,16,13,5,0,0,4,11,6,5,0,5,2,5,7,0,8658.17422558
20202,1123001733,29,5,24,0,0,1,2,16,10,0,0,0,0,2,3,0,0,1,2,14,7,8296.31010887
20202,1123001738,5,5,0,0,2,1,0,0,2,0,2,1,0,0,2,0,0,0,0,0,0,1801.07270536
20202,1123001740,4,3,1,0,0,1,1,2,0,0,0,0,1,2,0,0,0,1,0,0,0,980.194432809
20202,1123001742,3,1,2,0,0,0,0,2,1,0,0,0,0,0,1,0,0,0,0,2,0,6160.8449913
20202,1123001747,452,214,238,1,43,103,138,141,26,0,25,60,68,47,14,1,18,43,70,94,12,4357.42417553
20202,1123001748,4,3,1,0,0,0,3,1,0,0,0,0,3,0,0,0,0,0,0,1,0,1241.384888
20202,1123001751,5,3,2,0,0,0,0,3,2,0,0,0,0,1,2,0,0,0,0,2,0,1670.12238524
20202,1123001752,13,8,5,0,0,1,2,8,2,0,0,1,2,3,2,0,0,0,0,5,0,3872.14504388
20202,1123001753,62,28,34,0,18,19,13,11,1,0,7,11,6,3,1,0,11,8,7,8,0,8907.81809772
20202,1123001754,3,2,1,0,0,0,1,2,0,0,0,0,1,1,0,0,0,0,0,1,0,1928.37964443
20202,1123001756,11,1,10,0,2,1,3,4,1,0,0,0,0,1,0,0,2,1,3,3,1,1925.65316767
20202,1123001757,9,7,2,0,1,1,5,1,1,0,0,1,4,1,1,0,1,0,1,0,0,3068.65804359
20202,1123001760,18,10,8,0,5,3,2,6,2,0,3,3,0,3,1,0,2,0,2,3,1,3977.20013561
20202,1123001761,2,2,0,0,0,0,1,1,0,0,0,0,1,1,0,0,0,0,0,0,0,4276.03451425
20202,1123001762,56,40,16,0,1,11,17,19,8,0,0,10,14,11,5,0,1,1,3,8,3,9550.87826095
20202,1123001765,5,3,2,0,2,0,0,2,1,0,1,0,0,1,1,0,1,0,0,1,0,3834.09074247
20202,1123001766,167,54,113,0,8,20,64,70,5,0,6,10,20,14,4,0,2,10,44,56,1,9297.4510458
20202,1123001772,19,15,4,0,3,3,1,7,5,0,3,3,0,5,4,0,0,0,1,2,1,6309.01429743
20202,1123001774,26,9,17,0,3,9,7,4,3,0,1,3,2,0,3,0,2,6,5,4,0,1681.53295582
20202,1123001775,7,6,1,0,0,1,4,0,2,0,0,1,3,0,2,0,0,0,1,0,0,6648.50062046
20202,1123001776,15,9,6,0,3,1,4,2,5,0,3,1,1,2,2,0,0,0,3,0,3,6692.04152494
20202,1123001777,77,42,35,0,5,16,22,22,12,0,4,7,11,10,10,0,1,9,11,12,2,13677.9660346
20202,1123001779,6,3,3,0,0,1,2,2,1,0,0,1,0,1,1,0,0,0,2,1,0,2915.40789666
20202,1123001780,50,37,13,0,3,9,17,15,6,0,1,6,13,13,4,0,2,3,4,2,2,7472.38544568
20202,1123001782,35,24,11,0,3,3,4,17,8,0,1,1,3,13,6,0,2,2,1,4,2,7896.5910533
20202,1123001784,29,20,9,0,0,4,9,12,4,0,0,4,5,8,3,0,0,0,4,4,1,28284.9379399
20202,1123001785,21,15,6,0,3,1,4,8,5,0,2,1,3,4,5,0,1,0,1,4,0,8923.63552952
20202,1123001786,14,8,6,0,3,5,3,3,0,0,1,3,2,2,0,0,2,2,1,1,0,4933.04247039
20202,1123001788,3,1,2,0,0,0,0,1,2,0,0,0,0,0,1,0,0,0,0,1,1,3354.96691417
20202,1123001790,222,216,6,0,0,2,24,88,108,0,0,1,22,87,106,0,0,1,2,1,2,6949.65081213
20202,1123001791,4,2,2,0,0,0,3,1,0,0,0,0,2,0,0,0,0,0,1,1,0,2909.24675782
20202,1123001793,12,0,12,0,0,4,5,1,2,0,0,0,0,0,0,0,0,4,5,1,2,1359.01102341
20202,1123001794,35,9,26,0,1,1,2,7,24,0,0,0,1,1,7,0,1,1,1,6,17,8827.21551829
20202,1123001795,13,10,3,0,0,0,3,5,5,0,0,0,3,4,3,0,0,0,0,1,2,11121.5233736
20202,1123001796,13,9,4,0,2,4,2,2,3,0,1,3,2,1,2,0,1,1,0,1,1,1051.54566169
20202,1123001797,14,6,8,0,0,5,7,2,0,0,0,2,3,1,0,0,0,3,4,1,0,4748.95147149
20202,1123001799,113,56,57,0,24,49,19,10,11,0,9,29,6,5,7,0,15,20,13,5,4,6519.11709223
20202,1123001800,25,8,17,0,1,6,6,10,2,0,1,2,3,2,0,0,0,4,3,8,2,5864.04942963
20202,1123001802,43,33,10,0,4,9,7,11,12,0,2,5,6,8,12,0,2,4,1,3,0,4983.96641971
20202,1123001803,90,85,5,0,0,4,12,28,46,0,0,3,10,28,44,0,0,1,2,0,2,4187.58088906
20202,1123001804,7,5,2,0,1,2,3,1,0,0,1,2,2,0,0,0,0,0,1,1,0,6604.14337509
20202,1123001805,8,2,6,0,1,3,4,0,0,0,0,0,2,0,0,0,1,3,2,0,0,14862.3520205
20202,1123001808,3,2,1,0,0,0,1,1,1,0,0,0,0,1,1,0,0,0,1,0,0,2977.21670631
20202,1123001810,5,3,2,0,1,0,1,3,0,0,1,0,1,1,0,0,0,0,0,2,0,4445.49689001
20202,1123001812,184,120,64,1,29,55,40,40,19,0,13,44,28,19,16,1,16,11,12,21,3,5745.42206838
20202,1123001814,9,6,3,0,0,1,5,3,0,0,0,1,3,2,0,0,0,0,2,1,0,2557.57993975
20202,1123001816,1,0,1,0,0,1,0,0,0,0,0,0,0,0,0,0,0,1,0,0,0,9384.3475861
20202,1123001819,21,18,3,0,3,8,5,3,2,0,2,6,5,3,2,0,1,2,0,0,0,1904.36639678
20202,1123001822,9,6,3,0,0,1,3,4,1,0,0,1,2,3,0,0,0,0,1,1,1,5127.23001287
20202,1123001824,3,3,0,0,1,0,0,2,0,0,1,0,0,2,0,0,0,0,0,0,0,3710.02490604
20202,1123001827,2,2,0,0,0,0,0,1,1,0,0,0,0,1,1,0,0,0,0,0,0,2452.77132621
20202,1123001829,10,3,7,0,2,3,3,2,0,0,0,1,1,1,0,0,2,2,2,1,0,2538.48517068
20202,1123001831,140,51,89,1,18,35,45,34,7,1,6,23,14,5,2,0,12,12,31,29,5,13598.1602686
20202,1123001847,23,18,5,1,4,3,6,6,3,0,4,3,3,5,3,1,0,0,3,1,0,5390.73527039
20202,1123001849,35,26,9,0,3,6,9,12,5,0,3,5,6,8,4,0,0,1,3,4,1,15884.2258296
20202,1123001853,41,34,7,0,2,2,7,15,15,0,0,2,6,11,15,0,2,0,1,4,0,3521.82595606
20202,1123001857,121,94,27,0,25,27,35,22,12,0,22,20,25,17,10,0,3,7,10,5,2,6295.81292237
20202,1123001859,8,8,0,0,1,1,5,1,0,0,1,1,5,1,0,0,0,0,0,0,0,1491.61008874
20202,1123001864,47,27,20,0,8,15,6,9,9,0,5,8,5,3,6,0,3,7,1,6,3,19668.2728815
20202,1123001869,4,3,1,0,0,2,1,0,1,0,0,1,1,0,1,0,0,1,0,0,0,5910.88547042
20202,1123001876,21,7,14,0,2,1,7,6,5,0,1,0,1,2,3,0,1,1,6,4,2,12264.955188
20202,1123001878,3,2,1,0,0,0,2,1,0,0,0,0,1,1,0,0,0,0,1,0,0,4265.14826027
20202,1123001885,39,16,23,0,6,12,6,9,6,0,3,5,1,6,1,0,3,7,5,3,5,3511.67954615
20202,1123001894,6,4,2,0,0,0,2,4,0,0,0,0,2,2,0,0,0,0,0,2,0,10382.5596797
20202,1123001898,13,3,10,0,2,3,4,1,3,0,0,0,2,0,1,0,2,3,2,1,2,10202.9924044
20202,1123001904,7,5,2,0,0,2,1,2,2,0,0,2,1,1,1,0,0,0,0,1,1,5919.14861411
20202,1123001907,3,2,1,0,1,0,1,1,0,0,0,0,1,1,0,0,1,0,0,0,0,2825.53634447
20202,1123001908,18,15,3,0,0,1,7,6,4,0,0,0,5,6,4,0,0,1,2,0,0,1786.3873178
20202,1123001909,4,3,1,0,0,0,0,2,2,0,0,0,0,1,2,0,0,0,0,1,0,1326.48799967
20202,1123001918,47,32,15,0,8,20,13,6,0,0,6,12,9,5,0,0,2,8,4,1,0,3609.02175634
20202,1123001924,2,2,0,0,0,0,0,1,1,0,0,0,0,1,1,0,0,0,0,0,0,2746.53735723
20202,1123001930,19,15,4,0,0,3,12,2,2,0,0,2,11,1,1,0,0,1,1,1,1,1972.12600563
20202,1123001935,7,3,4,0,1,0,2,3,1,0,0,0,1,1,1,0,1,0,1,2,0,16835.9273328
20202,1123001939,2,1,1,0,0,1,1,0,0,0,0,1,0,0,0,0,0,0,1,0,0,2390.50075085
20202,1123001940,85,19,66,0,5,5,11,23,41,0,5,1,9,3,1,0,0,4,2,20,40,1322.5410897
20202,1123001941,10,7,3,0,3,5,1,1,0,0,2,3,1,1,0,0,1,2,0,0,0,1211.01319982
20202,1123001944,7,1,6,0,0,1,2,4,0,0,0,0,0,1,0,0,0,1,2,3,0,4627.34944165
20202,1123001947,8,7,1,0,0,1,4,2,1,0,0,1,4,1,1,0,0,0,0,1,0,2646.56892023
20202,1123001957,3,0,3,0,1,0,1,0,1,0,0,0,0,0,0,0,1,0,1,0,1,2612.62853264
20202,1123001958,3,0,3,0,0,0,0,2,1,0,0,0,0,0,0,0,0,0,0,2,1,5223.47490317
20202,1123001965,5,3,2,0,1,0,1,2,1,0,0,0,1,1,1,0,1,0,0,1,0,2944.25809345
20202,1123001966,11,5,6,0,2,4,2,1,2,0,1,2,0,1,1,0,1,2,2,0,1,2149.47353253
20202,1123001973,14,0,14,0,1,3,3,4,3,0,0,0,0,0,0,0,1,3,3,4,3,4827.13451998
20202,1123001984,32,17,15,0,15,4,7,3,3,0,6,3,4,1,3,0,9,1,3,2,0,6624.73440979
20202,1123001986,10,4,6,0,1,0,5,0,4,0,1,0,0,0,3,0,0,0,5,0,1,2525.93626494
20202,1123001987,2,2,0,0,0,1,0,0,1,0,0,1,0,0,1,0,0,0,0,0,0,3663.45874161
20202,1123001990,9,3,6,0,0,2,2,2,3,0,0,2,1,0,0,0,0,0,1,2,3,4991.96970388
20202,1123001991,4,3,1,0,0,0,2,2,0,0,0,0,2,1,0,0,0,0,0,1,0,2957.58181393
20202,1123001992,440,323,117,1,52,73,136,142,36,0,34,47,100,115,27,1,18,26,36,27,9,2659.19958978
20202,1123001993,4,3,1,0,1,1,1,0,1,0,1,1,1,0,0,0,0,0,0,0,1,732.657724252
20202,1123001994,31,11,20,0,6,7,3,10,5,0,0,3,0,3,5,0,6,4,3,7,0,9181.08458714
20202,1123001999,4,2,2,0,0,1,0,3,0,0,0,0,0,2,0,0,0,1,0,1,0,5188.80815538
20202,1123002000,2,1,1,0,0,0,0,2,0,0,0,0,0,1,0,0,0,0,0,1,0,2839.57107339
20202,1123002004,2,0,2,0,0,0,0,1,1,0,0,0,0,0,0,0,0,0,0,1,1,3090.53973316
20202,1123002006,3,2,1,0,0,1,1,1,0,0,0,1,1,0,0,0,0,0,0,1,0,5106.74938669
20202,1123002009,2,0,2,0,0,0,1,1,0,0,0,0,0,0,0,0,0,0,1,1,0,3389.01848664
20202,1123002011,11,8,3,0,3,0,2,1,5,0,2,0,1,1,4,0,1,0,1,0,1,5210.0495317
20202,1123002014,8,6,2,0,0,1,6,0,1,0,0,1,4,0,1,0,0,0,2,0,0,4830.5152482
20202,1123002018,140,91,49,0,8,18,22,41,51,0,7,18,19,22,25,0,1,0,3,19,26,970.851822096
20202,1123002019,3,3,0,0,1,0,1,1,0,0,1,0,1,1,0,0,0,0,0,0,0,1411.74946427
20202,1123002021,4,2,2,0,0,1,1,2,0,0,0,0,0,2,0,0,0,1,1,0,0,3880.10666176
20202,1123002023,4,2,2,0,0,0,0,3,1,0,0,0,0,2,0,0,0,0,0,1,1,2546.96203805
20202,1123002027,5,5,0,0,1,2,2,0,0,0,1,2,2,0,0,0,0,0,0,0,0,1900.110492
20202,1123002036,2,2,0,0,0,0,1,1,0,0,0,0,1,1,0,0,0,0,0,0,0,3863.14836129
20202,1123002037,12,3,9,0,0,4,5,1,2,0,0,2,0,1,0,0,0,2,5,0,2,2698.79656527
20202,1123002043,18,15,3,0,2,2,5,5,4,0,2,2,3,4,4,0,0,0,2,1,0,2092.60410656
20202,1123002048,4,0,4,0,0,0,2,2,0,0,0,0,0,0,0,0,0,0,2,2,0,3539.71342265
20202,1123002056,3,1,2,0,1,0,1,0,1,0,0,0,0,0,1,0,1,0,1,0,0,5004.34740564
20202,1123002061,6,5,1,0,0,1,2,2,1,0,0,0,2,2,1,0,0,1,0,0,0,2221.79576457
20202,1123002064,29,9,20,0,3,9,7,8,2,0,1,3,1,2,2,0,2,6,6,6,0,1401.43957703
20202,1123002066,2,0,2,0,0,0,1,0,1,0,0,0,0,0,0,0,0,0,1,0,1,3561.66451619
20202,1123002070,9,6,3,0,2,1,2,2,2,0,2,1,1,1,1,0,0,0,1,1,1,3039.62631581
20202,1123002072,14,10,4,0,0,5,2,3,4,0,0,3,1,2,4,0,0,2,1,1,0,2242.76260131
20202,1123002074,4,1,3,0,0,0,0,3,1,0,0,0,0,1,0,0,0,0,0,2,1,2312.74095862
20202,1123002076,6,4,2,0,2,3,1,0,0,0,0,3,1,0,0,0,2,0,0,0,0,2454.79125138
20202,1123002078,8,3,5,0,1,0,4,1,2,0,0,0,2,0,1,0,1,0,2,1,1,13384.042897
20202,1123002082,2,1,1,0,0,1,0,0,1,0,0,1,0,0,0,0,0,0,0,0,1,1643.38839658
20202,1123002091,27,14,13,0,1,4,10,6,6,0,0,2,7,1,4,0,1,2,3,5,2,189650.855414
20202,1123002092,18,12,6,0,1,3,5,6,3,0,1,2,3,5,1,0,0,1,2,1,2,2870.71374496
20202,1123002095,14,4,10,0,3,2,4,3,2,0,1,0,0,1,2,0,2,2,4,2,0,26205.3453911
20202,1123002099,2,1,1,0,0,0,0,1,1,0,0,0,0,0,1,0,0,0,0,1,0,2225.95049321
20202,1123002102,1,0,1,0,0,1,0,0,0,0,0,0,0,0,0,0,0,1,0,0,0,1058.83492936
20202,1123002106,2,1,1,0,0,0,2,0,0,0,0,0,1,0,0,0,0,0,1,0,0,1729.18324543
20202,1123002110,8,7,1,0,0,3,1,4,0,0,0,3,1,3,0,0,0,0,0,1,0,4444.17989109
20202,1123002112,10,7,3,0,0,1,2,6,1,0,0,0,2,4,1,0,0,1,0,2,0,15684.4861607
20202,1123002117,28,14,14,0,1,5,11,10,1,0,0,3,4,6,1,0,1,2,7,4,0,5186.12357986
20202,1123002121,14,4,10,0,2,7,3,2,0,0,0,2,0,2,0,0,2,5,3,0,0,2346.17358884
20202,1123002126,664,359,305,1,62,131,186,167,117,0,26,74,88,93,78,1,36,57,98,74,39,4292.3381603
20202,1123002137,6,3,3,0,0,0,3,1,2,0,0,0,2,0,1,0,0,0,1,1,1,7388.25522622
20202,1123002138,146,95,51,0,27,42,40,24,13,0,10,26,28,20,11,0,17,16,12,4,2,10821.3304508
20202,1123002140,599,420,179,0,51,130,176,140,102,0,34,88,128,97,73,0,17,42,48,43,29,1806.47154327
20202,1123002143,3,3,0,0,0,1,0,1,1,0,0,1,0,1,1,0,0,0,0,0,0,2788.7430648
20202,1123002147,13,10,3,0,4,0,5,3,1,0,3,0,4,2,1,0,1,0,1,1,0,2812.86100703
20202,1123002149,131,77,54,0,24,35,20,29,23,0,16,26,15,9,11,0,8,9,5,20,12,1077.17964895
20202,1123002154,23,17,6,0,6,10,3,3,1,0,4,9,3,1,0,0,2,1,0,2,1,1062.3166324
20202,1123002155,5,4,1,0,0,1,1,2,1,0,0,1,1,1,1,0,0,0,0,1,0,2775.26012818
20202,1123002156,49,8,41,0,0,9,14,17,9,0,0,3,1,0,4,0,0,6,13,17,5,5600.48497582
20202,1123002158,7,4,3,0,0,0,4,3,0,0,0,0,3,1,0,0,0,0,1,2,0,3268.57726876
20202,1123002159,10,3,7,0,1,1,2,2,4,0,0,0,1,1,1,0,1,1,1,1,3,8732.50187672
20202,1123002160,169,34,135,0,6,9,33,72,49,0,3,3,9,7,12,0,3,6,24,65,37,5820.05613738
20202,1123002162,18,5,13,0,1,2,5,5,5,0,0,0,1,2,2,0,1,2,4,3,3,4503.00374877
20202,1123002166,4,3,1,0,0,0,0,0,4,0,0,0,0,0,3,0,0,0,0,0,1,4374.58570695
20202,1123002171,3,0,3,0,0,1,2,0,0,0,0,0,0,0,0,0,0,1,2,0,0,4935.77759267
20202,1123002173,70,33,37,0,8,17,10,19,16,0,1,5,4,10,13,0,7,12,6,9,3,4747.74478704
20202,1123002174,26,3,23,0,4,7,7,7,1,0,1,2,0,0,0,0,3,5,7,7,1,2632.94803202
20202,1123002175,11,10,1,0,3,2,6,0,0,0,3,2,5,0,0,0,0,0,1,0,0,4021.82257158
20202,1123002178,2,1,1,0,0,0,2,0,0,0,0,0,1,0,0,0,0,0,1,0,0,2490.52703263
20202,1123002179,9,6,3,0,1,1,1,5,1,0,1,0,1,3,1,0,0,1,0,2,0,4191.7694339
20202,1123002180,19,7,12,0,0,6,9,3,1,0,0,2,4,0,1,0,0,4,5,3,0,5056.23016698
20202,1123002183,88,11,77,0,7,28,28,21,4,0,2,2,3,2,2,0,5,26,25,19,2,16977.1701846
20202,1123002186,2,1,1,0,0,0,0,2,0,0,0,0,0,1,0,0,0,0,0,1,0,637.874780302
20202,1123002190,150,55,95,1,26,38,48,33,4,1,10,12,16,14,2,0,16,26,32,19,2,6912.98431199
20202,1123002191,2,1,1,0,0,0,0,1,1,0,0,0,0,0,1,0,0,0,0,1,0,4523.1297816
20202,1123002198,9,4,5,0,0,0,5,2,2,0,0,0,1,1,2,0,0,0,4,1,0,3443.34547656
20202,1123002199,2,0,2,0,1,0,1,0,0,0,0,0,0,0,0,0,1,0,1,0,0,2459.30964445
20202,1123002201,3,2,1,0,0,0,1,2,0,0,0,0,1,1,0,0,0,0,0,1,0,2464.20029723
20202,1123002204,24,10,14,0,2,6,4,6,6,0,0,4,2,0,4,0,2,2,2,6,2,1491.48814953
20202,1123002207,66,11,55,0,8,8,21,25,4,0,2,0,3,4,2,0,6,8,18,21,2,20535.5716621
20202,1123002209,23,6,17,0,3,2,6,8,4,0,1,2,1,0,2,0,2,0,5,8,2,13140.2743558
20202,1123002210,2,2,0,0,0,0,1,0,1,0,0,0,1,0,1,0,0,0,0,0,0,3223.23791026
20202,1123002215,5,2,3,0,0,1,3,1,0,0,0,0,2,0,0,0,0,1,1,1,0,3490.69604892
20202,1123002218,2,2,0,0,0,0,0,0,2,0,0,0,0,0,2,0,0,0,0,0,0,6562.4026054
20202,1123002220,54,21,33,0,15,17,11,5,6,0,1,3,8,4,5,0,14,14,3,1,1,16768.3859252
20202,1123002222,132,83,49,0,22,16,24,48,22,0,14,8,15,30,16,0,8,8,9,18,6,5179.10626493
20202,1123002224,1,1,0,0,0,0,0,1,0,0,0,0,0,1,0,0,0,0,0,0,0,5155.47349608
20202,1123002227,55,31,24,0,0,3,21,25,6,0,0,1,9,17,4,0,0,2,12,8,2,4133.41379771
20202,1123002229,29,6,23,0,0,6,10,11,2,0,0,1,2,1,2,0,0,5,8,10,0,25744.5218007
20202,1123002232,56,13,43,0,7,19,15,14,1,0,1,5,3,3,1,0,6,14,12,11,0,20769.5395934
20202,1123002235,349,138,211,2,87,67,59,92,42,0,20,40,37,19,22,2,67,27,22,73,20,4026.98877548
20202,1123002239,13,8,5,0,0,1,4,3,5,0,0,0,2,3,3,0,0,1,2,0,2,2505.9275616
20202,1123002241,917,558,359,0,89,219,256,253,100,0,40,72,162,195,89,0,49,147,94,58,11,264120.405593
20202,1123002242,12,8,4,0,0,6,3,3,0,0,0,4,2,2,0,0,0,2,1,1,0,3622.2253219
20202,1123002243,27,20,7,0,2,3,5,7,10,0,2,2,5,5,6,0,0,1,0,2,4,6707.2140141
20202,1123002244,33,18,15,0,5,8,8,9,3,0,0,3,4,9,2,0,5,5,4,0,1,5366.84284805
20202,1123002246,14,13,1,0,0,0,2,6,6,0,0,0,2,6,5,0,0,0,0,0,1,3571.80590865
20202,1123002247,68,27,41,0,13,24,14,9,8,0,2,9,6,5,5,0,11,15,8,4,3,3412.74802572
20202,1123002248,220,83,137,0,10,12,52,97,49,0,6,5,21,34,17,0,4,7,31,63,32,4472.11898723
20202,1123002249,46,24,22,0,2,6,10,5,23,0,1,2,5,2,14,0,1,4,5,3,9,6566.48065377
20202,1123002250,45,28,17,0,4,1,9,13,18,0,2,0,4,11,11,0,2,1,5,2,7,3517.35178291
20202,1123002251,40,21,19,0,9,4,6,8,13,0,1,2,5,6,7,0,8,2,1,2,6,7174.54945447
20202,1123002253,38,30,8,0,3,8,12,7,8,0,2,6,9,7,6,0,1,2,3,0,2,4171.19225771
20202,1123002254,12,7,5,0,0,3,2,2,5,0,0,1,2,1,3,0,0,2,0,1,2,7304.62080241
20202,1123002257,583,464,119,0,23,75,116,111,258,0,17,64,107,92,184,0,6,11,9,19,74,4505.1525303
20202,1123002262,42,15,27,0,7,12,13,5,5,0,0,3,8,1,3,0,7,9,5,4,2,6922.57938222
20202,1123002263,23,12,11,0,0,3,6,2,12,0,0,0,3,2,7,0,0,3,3,0,5,6290.75318039
20202,1123002265,3,2,1,0,0,0,1,0,2,0,0,0,0,0,2,0,0,0,1,0,0,1874.69934541
20202,1123002266,3,2,1,0,0,0,0,2,1,0,0,0,0,2,0,0,0,0,0,0,1,1316.81873043
20202,1123002267,12,6,6,0,3,2,0,3,4,0,0,0,0,3,3,0,3,2,0,0,1,11343.4469245
20202,1123002270,5,4,1,0,0,0,2,2,1,0,0,0,2,1,1,0,0,0,0,1,0,680.022418855
20202,1123002272,5,3,2,0,0,0,1,2,2,0,0,0,1,0,2,0,0,0,0,2,0,2539.19443165
20202,1123002274,144,83,61,1,27,44,27,26,19,0,4,23,21,21,14,1,23,21,6,5,5,6450.61661385
20202,1123002276,22,11,11,0,1,6,7,3,5,0,0,3,5,1,2,0,1,3,2,2,3,6759.87866561
20202,1123002279,6,3,3,0,0,0,2,2,2,0,0,0,0,1,2,0,0,0,2,1,0,7141.81428832
20202,1123002281,7,6,1,0,1,2,1,3,0,0,1,1,1,3,0,0,0,1,0,0,0,1074.11712513
20202,1123002282,1,1,0,0,1,0,0,0,0,0,1,0,0,0,0,0,0,0,0,0,0,1740.97410592
20202,1123002283,4,3,1,0,0,1,1,2,0,0,0,1,1,1,0,0,0,0,0,1,0,1532.81553405
20202,1123002286,2,2,0,0,0,0,0,1,1,0,0,0,0,1,1,0,0,0,0,0,0,923.55901947
20202,1123002288,3,2,1,0,0,2,0,0,1,0,0,1,0,0,1,0,0,1,0,0,0,2666.28772958
20202,1123002290,8,5,3,0,0,0,1,5,2,0,0,0,0,3,2,0,0,0,1,2,0,5663.67935415
20202,1123002291,53,27,26,2,6,12,13,15,5,0,3,12,6,4,2,2,3,0,7,11,3,1857.36362904
20202,1123002292,6,6,0,0,0,1,2,0,3,0,0,1,2,0,3,0,0,0,0,0,0,5095.5741118
20202,1123002298,13,9,4,0,3,9,1,0,0,0,3,5,1,0,0,0,0,4,0,0,0,1788.32139912
20202,1123002300,24,13,11,0,0,4,4,7,9,0,0,2,2,3,6,0,0,2,2,4,3,5551.81187853
20202,1123002301,4,4,0,0,0,0,0,2,2,0,0,0,0,2,2,0,0,0,0,0,0,5556.88182803
20202,1123002303,3,1,2,0,0,1,0,1,1,0,0,0,0,0,1,0,0,1,0,1,0,1968.87547387
20202,1123002304,209,92,117,0,42,68,44,25,30,0,3,19,25,16,29,0,39,49,19,9,1,4136.59020888
20202,1123002311,7,6,1,0,0,0,1,4,2,0,0,0,1,3,2,0,0,0,0,1,0,2692.41951674
20202,1123002312,11,8,3,0,2,0,2,4,3,0,2,0,0,4,2,0,0,0,2,0,1,4527.89056143
20202,1123002313,3,2,1,0,0,0,0,1,2,0,0,0,0,1,1,0,0,0,0,0,1,6984.39564968
20202,1123002314,2,1,1,0,0,0,0,1,1,0,0,0,0,1,0,0,0,0,0,0,1,3617.12360981
20202,1123002315,30,3,27,0,0,3,2,19,6,0,0,1,0,1,1,0,0,2,2,18,5,3189.24692818
20202,1123002316,2,2,0,0,0,0,2,0,0,0,0,0,2,0,0,0,0,0,0,0,0,1090.98235375
20202,1123002321,6,1,5,0,1,1,1,2,1,0,0,0,0,0,1,0,1,1,1,2,0,3434.18195563
20202,1123002326,31,23,8,0,3,10,8,6,4,0,1,6,7,5,4,0,2,4,1,1,0,9551.84924255
20202,1123002327,4,2,2,0,0,0,0,1,3,0,0,0,0,1,1,0,0,0,0,0,2,3611.62367222
20202,1123002328,579,384,195,1,156,277,142,2,1,0,64,193,124,2,1,1,92,84,18,0,0,8105.10463962
20202,1123002330,7,6,1,0,0,1,3,1,2,0,0,1,3,1,1,0,0,0,0,0,1,4794.39141547
20202,1123002332,19,12,7,0,2,4,2,5,6,0,2,2,1,3,4,0,0,2,1,2,2,5008.30370071
20202,1123002333,2,1,1,0,1,0,0,1,0,0,1,0,0,0,0,0,0,0,0,1,0,1544.57627638
20202,1123002334,28,11,17,0,2,2,3,14,7,0,2,1,0,3,5,0,0,1,3,11,2,3360.12192372
20202,1123002335,3,2,1,0,0,0,1,1,1,0,0,0,0,1,1,0,0,0,1,0,0,2991.9522189
20202,1123002340,582,300,282,3,179,249,105,45,1,1,82,132,49,35,1,2,97,117,56,10,0,4844.07531438
20202,1123002341,55,14,41,0,8,15,17,11,4,0,3,3,3,1,4,0,5,12,14,10,0,16193.3263142
20202,1123002343,2,1,1,0,0,1,1,0,0,0,0,0,1,0,0,0,0,1,0,0,0,1511.35400755
20202,1123002345,104,75,29,0,13,31,37,11,12,0,7,26,29,8,5,0,6,5,8,3,7,3137.59640447
20202,1123002348,2,2,0,0,0,0,0,1,1,0,0,0,0,1,1,0,0,0,0,0,0,2043.68568529
20202,1123002351,52,17,35,0,1,0,14,30,7,0,0,0,6,6,5,0,1,0,8,24,2,2120.67131279
20202,1123002352,3,2,1,0,0,1,2,0,0,0,0,1,1,0,0,0,0,0,1,0,0,1209.85285074
20202,1123002353,9,6,3,0,0,0,0,5,4,0,0,0,0,3,3,0,0,0,0,2,1,4499.28234407
20202,1123002354,2,0,2,0,0,0,0,2,0,0,0,0,0,0,0,0,0,0,0,2,0,1737.93589134
20202,1123002358,18,11,7,0,1,3,6,6,2,0,1,1,4,3,2,0,0,2,2,3,0,2912.30757317
20202,1123002359,49,5,44,0,12,11,11,14,1,0,1,2,1,1,0,0,11,9,10,13,1,17341.5030527
20202,1123002360,120,70,50,0,15,27,24,39,15,0,11,20,18,16,5,0,4,7,6,23,10,4894.46703079
20202,1123002361,4,4,0,0,0,0,0,2,2,0,0,0,0,2,2,0,0,0,0,0,0,1614.26543567
20202,1123002362,13,8,5,0,4,1,4,3,1,0,2,1,2,2,1,0,2,0,2,1,0,4788.69494573
20202,1123002363,3,1,2,0,0,0,0,2,1,0,0,0,0,1,0,0,0,0,0,1,1,1850.30512168
20202,1123002365,25,19,6,0,6,3,9,5,2,0,4,3,7,3,2,0,2,0,2,2,0,4822.82214585
20202,1123002367,12,5,7,0,1,0,6,4,1,0,0,0,4,1,0,0,1,0,2,3,1,5047.00025452
20202,1123002368,2,2,0,0,0,0,1,1,0,0,0,0,1,1,0,0,0,0,0,0,0,3987.13698327
20202,1123002369,2,2,0,0,0,2,0,0,0,0,0,2,0,0,0,0,0,0,0,0,0,1163.20300487
20202,1123002372,4,4,0,0,0,1,1,1,1,0,0,1,1,1,1,0,0,0,0,0,0,1012.48171616
20202,1123002374,13,7,6,0,0,0,2,7,4,0,0,0,0,4,3,0,0,0,2,3,1,4366.4474611
20202,1123002379,36,31,5,0,2,4,2,9,19,0,0,4,1,8,18,0,2,0,1,1,1,11334.9830522
20202,1123002380,41,27,14,0,5,10,9,12,5,0,2,8,4,9,4,0,3,2,5,3,1,6193.59377387
20202,1123002382,29,15,14,0,1,8,10,6,4,0,0,5,6,3,1,0,1,3,4,3,3,4402.09264046
20202,1123002385,6,3,3,0,0,3,1,2,0,0,0,1,1,1,0,0,0,2,0,1,0,3269.75525522
20202,1123002386,3,3,0,0,0,1,0,2,0,0,0,1,0,2,0,0,0,0,0,0,0,1483.74198814
20202,1123002387,41,22,19,0,5,10,14,7,5,0,3,4,6,5,4,0,2,6,8,2,1,9483.39448294
20202,1123002388,9,6,3,0,0,0,2,4,3,0,0,0,1,3,2,0,0,0,1,1,1,3319.92875618
20202,1123002390,26,18,8,0,4,6,7,6,3,0,3,4,4,5,2,0,1,2,3,1,1,2716.47116399
20202,1123002392,8,7,1,0,0,0,2,4,2,0,0,0,2,3,2,0,0,0,0,1,0,6124.54651913
20202,1123002393,3,3,0,0,0,0,0,2,1,0,0,0,0,2,1,0,0,0,0,0,0,5701.47397597
20202,1123002394,4,3,1,0,0,0,1,3,0,0,0,0,1,2,0,0,0,0,0,1,0,2626.38319737
20202,1123002395,2,2,0,0,0,0,2,0,0,0,0,0,2,0,0,0,0,0,0,0,0,4594.25587329
20202,1123002401,2,1,1,0,0,0,0,1,1,0,0,0,0,0,1,0,0,0,0,1,0,1058.91228679
20202,1123002403,2,2,0,0,0,1,0,0,1,0,0,1,0,0,1,0,0,0,0,0,0,1549.284005
20202,1123002404,6,5,1,0,0,0,1,5,0,0,0,0,1,4,0,0,0,0,0,1,0,3479.13120395
20202,1123002405,2,2,0,1,0,0,0,1,0,1,0,0,0,1,0,0,0,0,0,0,0,2106.21908255
20202,1123002406,5,2,3,0,2,0,2,0,1,0,1,0,0,0,1,0,1,0,2,0,0,4386.64720564
20202,1123002407,17,12,5,0,3,3,7,4,0,0,2,2,6,2,0,0,1,1,1,2,0,2975.2159031
20202,1123002409,6,3,3,0,0,0,2,0,4,0,0,0,1,0,2,0,0,0,1,0,2,2822.09873085
20202,1123002410,2,1,1,0,0,0,1,0,1,0,0,0,1,0,0,0,0,0,0,0,1,6012.36030651
20202,1123002412,5,2,3,0,0,1,2,2,0,0,0,0,1,1,0,0,0,1,1,1,0,872.237863966
20202,1123002417,218,146,72,0,24,43,56,55,40,0,11,33,37,36,29,0,13,10,19,19,11,4639.88905157
20202,1123002418,5,0,5,0,0,0,1,3,1,0,0,0,0,0,0,0,0,0,1,3,1,1213.57278641
20202,1123002419,21,16,5,0,6,5,3,5,2,0,3,5,3,3,2,0,3,0,0,2,0,2466.30164489
20202,1123002422,29,21,8,0,9,9,1,9,1,0,8,5,1,6,1,0,1,4,0,3,0,5463.57178712
20202,1123002423,2,1,1,0,0,0,0,0,2,0,0,0,0,0,1,0,0,0,0,0,1,3874.95893226
20202,1123002424,15,7,8,0,1,9,3,0,2,0,1,3,2,0,1,0,0,6,1,0,1,1624.32393773
20202,1123002429,2,1,1,0,1,0,0,1,0,0,1,0,0,0,0,0,0,0,0,1,0,3171.77296686
20202,1123002430,7,5,2,0,0,1,2,4,0,0,0,1,1,3,0,0,0,0,1,1,0,1099.48313509
20202,1123002433,5,4,1,0,1,2,2,0,0,0,1,2,1,0,0,0,0,0,1,0,0,5130.40644399
20202,1123002434,24,17,7,0,0,0,12,7,5,0,0,0,9,5,3,0,0,0,3,2,2,5237.79948596
20202,1123002435,8,0,8,0,2,0,3,3,0,0,0,0,0,0,0,0,2,0,3,3,0,1498.45916254
20202,1123002440,4,2,2,0,1,0,1,1,1,0,0,0,1,0,1,0,1,0,0,1,0,1820.12008515
20202,1123002442,35,10,25,0,9,7,7,7,5,0,0,4,4,1,1,0,9,3,3,6,4,7620.53064753
20202,1123002445,32,9,23,0,2,10,5,5,10,0,0,1,5,1,2,0,2,9,0,4,8,3643.97908972
20202,1123002449,12,10,2,0,0,0,4,5,3,0,0,0,4,4,2,0,0,0,0,1,1,1637.41295732
20202,1123002450,93,46,47,1,9,15,26,31,11,0,5,7,8,16,10,1,4,8,18,15,1,8693.4001718
20202,1123002451,2,2,0,0,0,1,0,1,0,0,0,1,0,1,0,0,0,0,0,0,0,25580.1575984
20202,1123002452,17,13,4,0,1,4,1,8,3,0,1,2,1,7,2,0,0,2,0,1,1,2091.21336345
20202,1123002453,17,10,7,0,0,6,6,3,2,0,0,5,3,1,1,0,0,1,3,2,1,2457.9287146
20202,1123002454,38,33,5,0,1,14,12,10,1,0,1,11,10,10,1,0,0,3,2,0,0,2569.66618771
20202,1123002456,5,1,4,0,3,1,0,1,0,0,0,0,0,1,0,0,3,1,0,0,0,3951.77681175
20202,1123002457,48,29,19,0,1,3,7,6,31,0,0,3,2,2,22,0,1,0,5,4,9,5512.94256361
20202,1123002463,12,8,4,0,2,3,4,3,0,0,1,3,1,3,0,0,1,0,3,0,0,1523.82829576
20202,1123002464,7,5,2,0,0,1,4,2,0,0,0,1,3,1,0,0,0,0,1,1,0,5197.6500563
20202,1123002465,2,1,1,0,1,0,0,0,1,0,0,0,0,0,1,0,1,0,0,0,0,705.889362071
20202,1123002472,8,5,3,0,2,3,1,2,0,0,0,3,1,1,0,0,2,0,0,1,0,2905.04995382
20202,1123002475,10,7,3,0,0,1,1,3,5,0,0,1,1,1,4,0,0,0,0,2,1,5663.62654563
20202,1123002476,10,6,4,0,0,0,4,6,0,0,0,0,2,4,0,0,0,0,2,2,0,5499.72654896
20202,1123002478,12,9,3,0,0,1,2,7,2,0,0,0,1,6,2,0,0,1,1,1,0,1990.85372177
20202,1123002481,58,34,24,0,3,7,5,10,33,0,2,6,4,5,17,0,1,1,1,5,16,4628.88604209
20202,1123002485,14,8,6,0,8,0,2,4,0,0,6,0,0,2,0,0,2,0,2,2,0,4853.07922671
20202,1123002487,5,1,4,0,1,1,1,2,0,0,0,0,0,1,0,0,1,1,1,1,0,4611.10094684
20202,1123002489,2,1,1,0,0,0,0,0,2,0,0,0,0,0,1,0,0,0,0,0,1,7850.86244173
20202,1123002491,3,2,1,0,0,0,3,0,0,0,0,0,2,0,0,0,0,0,1,0,0,10097.4603887
20202,1123002494,15,12,3,0,2,4,4,1,4,0,2,4,2,1,3,0,0,0,2,0,1,4066.33760414
20202,1123002495,2,1,1,0,0,2,0,0,0,0,0,1,0,0,0,0,0,1,0,0,0,1145.19459214
20202,1123002498,53,21,32,0,0,2,11,36,4,0,0,1,6,11,3,0,0,1,5,25,1,6402.8538519
20202,1123002501,3,0,3,0,0,2,1,0,0,0,0,0,0,0,0,0,0,2,1,0,0,2280.57526831
20202,1123002502,2,1,1,0,0,0,0,2,0,0,0,0,0,1,0,0,0,0,0,1,0,3705.71252493
20202,1123002503,8,6,2,0,1,3,3,1,0,0,1,2,2,1,0,0,0,1,1,0,0,2292.53695395
20202,1123002509,2,2,0,0,0,0,1,1,0,0,0,0,1,1,0,0,0,0,0,0,0,6278.93086133
20202,1123002510,32,11,21,0,0,6,18,5,3,0,0,3,3,2,3,0,0,3,15,3,0,4955.8233255
20202,1123002513,66,12,54,0,8,19,21,14,4,0,1,2,2,3,4,0,7,17,19,11,0,13354.7864847
20202,1123002514,4,4,0,0,0,0,0,3,1,0,0,0,0,3,1,0,0,0,0,0,0,6745.76887548
20202,1123002515,4,4,0,0,0,1,0,0,3,0,0,1,0,0,3,0,0,0,0,0,0,3045.27256202
20202,1123002519,24,21,3,0,0,5,9,3,7,0,0,5,7,3,6,0,0,0,2,0,1,3643.99151507
20202,1123002520,2,1,1,0,0,0,1,1,0,0,0,0,1,0,0,0,0,0,0,1,0,4076.11845592
20202,1123002531,5,5,0,0,1,2,1,1,0,0,1,2,1,1,0,0,0,0,0,0,0,2836.64684626
20202,1123002536,4,3,1,0,0,0,4,0,0,0,0,0,3,0,0,0,0,0,1,0,0,3622.11421246
20202,1123002550,1,1,0,0,0,0,1,0,0,0,0,0,1,0,0,0,0,0,0,0,0,820.199193503
20202,1123002554,2,2,0,0,0,0,1,1,0,0,0,0,1,1,0,0,0,0,0,0,0,3691.36341801
20202,1123002565,8,6,2,0,0,3,2,1,2,0,0,2,1,1,2,0,0,1,1,0,0,1404.58152604
20202,1123002567,5,5,0,0,0,0,3,1,1,0,0,0,3,1,1,0,0,0,0,0,0,832.129823743
20202,1123002568,452,314,138,1,20,81,163,130,57,1,13,36,115,96,53,0,7,45,48,34,4,1831.48307665
20202,1123002578,6,6,0,0,1,1,0,3,1,0,1,1,0,3,1,0,0,0,0,0,0,4279.2552907
20202,1123002582,2,2,0,0,0,0,1,0,1,0,0,0,1,0,1,0,0,0,0,0,0,2176.99092134
20202,1123002589,2,1,1,0,0,1,1,0,0,0,0,0,1,0,0,0,0,1,0,0,0,1155.38552059
20202,1123002593,5,3,2,0,0,3,0,1,1,0,0,2,0,0,1,0,0,1,0,1,0,8385.24352629
20202,1123002601,49,33,16,0,8,17,22,2,0,0,4,13,15,1,0,0,4,4,7,1,0,1841.85327599
20202,1123002605,34,29,5,0,5,6,7,10,6,0,3,4,6,10,6,0,2,2,1,0,0,13237.1194942
20202,1123002606,4,2,2,0,0,1,1,0,2,0,0,0,1,0,1,0,0,1,0,0,1,4138.75667684
20202,1123002607,91,44,47,0,10,18,31,25,7,0,3,17,10,8,6,0,7,1,21,17,1,3940.03439716
20202,1123002608,5,2,3,0,0,3,0,0,2,0,0,1,0,0,1,0,0,2,0,0,1,7654.08675125
20202,1123002616,60,16,44,0,7,2,10,10,31,0,0,0,2,5,9,0,7,2,8,5,22,9243.73748842
20202,1123002618,11,5,6,0,2,2,1,0,6,0,0,1,0,0,4,0,2,1,1,0,2,6978.0957187
20202,1123002621,17,10,7,0,1,4,5,4,3,0,1,2,3,2,2,0,0,2,2,2,1,3854.78339284
20202,1123002622,207,117,90,3,56,37,45,44,22,2,26,23,30,23,13,1,30,14,15,21,9,2178.13917658
20202,1123002623,14,8,6,0,0,2,1,5,6,0,0,0,0,4,4,0,0,2,1,1,2,5821.58192479
20202,1123002627,4,3,1,0,1,2,1,0,0,0,1,1,1,0,0,0,0,1,0,0,0,3243.50498842
20202,1123002628,120,68,52,0,14,22,18,33,33,0,10,9,8,17,24,0,4,13,10,16,9,14535.9802083
20202,1123002629,80,28,52,0,5,14,17,27,17,0,3,5,8,6,6,0,2,9,9,21,11,3361.02961059
20202,1123002631,21,8,13,0,7,5,2,6,1,0,2,2,0,3,1,0,5,3,2,3,0,9423.44799531
20202,1123002633,237,141,96,0,12,26,41,58,100,0,7,17,19,35,63,0,5,9,22,23,37,10295.3038033
20202,1123002634,3,1,2,0,0,0,0,2,1,0,0,0,0,1,0,0,0,0,0,1,1,4481.7189554
20202,1123002635,14,3,11,0,0,1,5,4,4,0,0,0,2,0,1,0,0,1,3,4,3,2678.94766554
20202,1123002636,5,3,2,0,1,0,2,1,1,0,0,0,1,1,1,0,1,0,1,0,0,1044.62139714
20202,1123002638,8,3,5,0,0,1,2,2,3,0,0,0,1,0,2,0,0,1,1,2,1,3139.23114956
20202,1123002639,37,8,29,0,3,8,8,8,10,0,0,0,0,2,6,0,3,8,8,6,4,5673.18015791
20202,1123002640,216,125,91,0,22,19,29,58,88,0,11,14,13,27,60,0,11,5,16,31,28,7504.99769694
20202,1123002641,4,2,2,0,2,0,0,2,0,0,0,0,0,2,0,0,2,0,0,0,0,1893.06739058
20202,1123002643,15,3,12,0,4,3,1,3,4,0,0,0,0,0,3,0,4,3,1,3,1,5369.47236959
20202,1123002644,6,3,3,0,1,1,0,2,2,0,0,1,0,2,0,0,1,0,0,0,2,1270.4937998
20202,1123002645,10,3,7,0,1,3,2,3,1,0,0,0,0,2,1,0,1,3,2,1,0,5111.00326465
20202,1123002647,11,8,3,0,0,1,6,2,2,0,0,1,5,1,1,0,0,0,1,1,1,1792.53377292
20202,1123002650,54,35,19,0,3,15,6,12,18,0,1,11,3,6,14,0,2,4,3,6,4,3281.86765659
20202,1123002651,353,87,266,0,96,98,86,56,17,0,12,25,19,18,13,0,84,73,67,38,4,6172.00839944
20202,1123002654,3,2,1,0,1,0,2,0,0,0,0,0,2,0,0,0,1,0,0,0,0,3893.0683886
20202,1123002660,26,20,6,1,0,2,16,5,2,1,0,0,13,4,2,0,0,2,3,1,0,4042.42087228
20202,1123002662,8,4,4,0,0,0,3,4,1,0,0,0,2,1,1,0,0,0,1,3,0,1085.16450444
20202,1123002669,2,2,0,0,0,1,0,1,0,0,0,1,0,1,0,0,0,0,0,0,0,934.769917878
20202,1123002674,23,11,12,0,2,2,6,5,8,0,1,1,3,1,5,0,1,1,3,4,3,4746.99512161
20202,1123002677,6,4,2,0,1,2,1,1,1,0,0,2,1,0,1,0,1,0,0,1,0,719.96882156
20202,1123002683,22,18,4,0,0,5,8,9,0,0,0,2,7,9,0,0,0,3,1,0,0,781.21546642
20202,1123002684,3,1,2,0,1,0,0,2,0,0,0,0,0,1,0,0,1,0,0,1,0,1603.46469515
20202,1123002690,4,2,2,0,0,0,2,2,0,0,0,0,1,1,0,0,0,0,1,1,0,2896.75745726
20202,1123002692,10,0,10,0,0,3,3,4,0,0,0,0,0,0,0,0,0,3,3,4,0,1233.39585641
20202,1123002697,4,2,2,0,0,0,0,2,2,0,0,0,0,0,2,0,0,0,0,2,0,1989.42465704
20202,1123002699,10,9,1,0,1,5,2,1,1,0,1,4,2,1,1,0,0,1,0,0,0,926.081338484
20202,1123002701,5,4,1,0,0,0,5,0,0,0,0,0,4,0,0,0,0,0,1,0,0,778.779638929
20202,1123002706,2,0,2,0,0,0,1,1,0,0,0,0,0,0,0,0,0,0,1,1,0,1445.25842996
20202,1123002707,47,42,5,0,0,1,10,5,31,0,0,1,5,5,31,0,0,0,5,0,0,10946.0681679
20202,1123002708,6,2,4,0,0,2,3,0,1,0,0,0,2,0,0,0,0,2,1,0,1,4176.15077947
20202,1123002713,3,1,2,0,0,0,0,3,0,0,0,0,0,1,0,0,0,0,0,2,0,9693.84098584
20202,1123002714,43,27,16,0,8,8,15,5,7,0,5,3,8,4,7,0,3,5,7,1,0,4680.70346453
20202,1123002715,1,1,0,0,0,0,0,1,0,0,0,0,0,1,0,0,0,0,0,0,0,1253.9989814
20202,1123002717,2,2,0,0,0,0,1,1,0,0,0,0,1,1,0,0,0,0,0,0,0,2431.05873191
20202,1123002719,2,2,0,0,0,0,2,0,0,0,0,0,2,0,0,0,0,0,0,0,0,975.571989327
20202,1123002723,55,33,22,0,8,11,21,11,4,0,4,4,14,8,3,0,4,7,7,3,1,6040.37530546
20202,1123002725,2,2,0,0,0,0,1,0,1,0,0,0,1,0,1,0,0,0,0,0,0,3743.19124982
20202,1123002729,4,1,3,0,0,0,0,3,1,0,0,0,0,1,0,0,0,0,0,2,1,2279.12340816
20202,1123002733,16,13,3,0,1,4,5,6,0,0,0,4,4,5,0,0,1,0,1,1,0,5199.83648477
20202,1123002734,1,1,0,0,0,0,1,0,0,0,0,0,1,0,0,0,0,0,0,0,0,1502.51419786
20202,1123002736,6,5,1,0,1,0,3,2,0,0,0,0,3,2,0,0,1,0,0,0,0,2096.69549657
20202,1123002738,19,11,8,0,2,9,5,3,0,0,1,7,1,2,0,0,1,2,4,1,0,5995.60777454
20202,1123002742,6,5,1,0,0,1,1,3,1,0,0,0,1,3,1,0,0,1,0,0,0,5582.61413012
20202,1123002746,6,4,2,0,3,1,1,1,0,0,3,0,0,1,0,0,0,1,1,0,0,574.036106706
20202,1123002749,1,1,0,0,0,0,0,0,1,0,0,0,0,0,1,0,0,0,0,0,0,787.454644106
20202,1123002751,19,7,12,0,8,8,2,1,0,0,2,4,1,0,0,0,6,4,1,1,0,4083.93505586
20202,1123002755,249,59,190,1,30,20,16,43,139,1,6,10,9,5,28,0,24,10,7,38,111,7310.33141785
20202,1123002756,11,4,7,0,1,0,3,6,1,0,0,0,2,2,0,0,1,0,1,4,1,6327.95327245
20202,1123002757,1,1,0,0,0,0,0,1,0,0,0,0,0,1,0,0,0,0,0,0,0,5494.58312936
20202,1123002761,13,8,5,0,3,3,4,1,2,0,3,0,3,0,2,0,0,3,1,1,0,3105.93828489
20202,1123002766,18,3,15,0,5,5,3,3,2,0,0,1,2,0,0,0,5,4,1,3,2,7574.87214461
20202,1123002767,8,8,0,0,1,2,2,3,0,0,1,2,2,3,0,0,0,0,0,0,0,4733.72402152
20202,1123002769,2,2,0,0,0,0,0,0,2,0,0,0,0,0,2,0,0,0,0,0,0,2698.34449133
20202,1123002774,7,5,2,0,0,0,2,3,2,0,0,0,0,3,2,0,0,0,2,0,0,2959.69723667
20202,1123002776,802,598,204,0,138,382,114,113,55,0,87,323,78,80,30,0,51,59,36,33,25,5416.71290985
20202,1123002781,10,1,9,0,0,1,1,6,2,0,0,0,0,1,0,0,0,1,1,5,2,5162.70193978
20202,1123002784,19,8,11,0,1,6,7,4,1,0,1,4,2,1,0,0,0,2,5,3,1,2008.60643332
20202,1123002785,36,12,24,0,7,10,6,13,0,0,2,1,2,7,0,0,5,9,4,6,0,18019.1780333
20202,1123002786,6,2,4,0,1,0,2,3,0,0,0,0,1,1,0,0,1,0,1,2,0,4069.79125929
20202,1123002791,2,2,0,0,0,0,0,0,2,0,0,0,0,0,2,0,0,0,0,0,0,4494.47104337
20202,1123002792,9,4,5,0,1,3,1,4,0,0,0,0,1,3,0,0,1,3,0,1,0,2008.5003708
20202,1123002794,3,2,1,0,0,0,2,1,0,0,0,0,1,1,0,0,0,0,1,0,0,1972.92056067
20202,1123002797,114,27,87,0,21,25,25,23,20,0,9,8,3,3,4,0,12,17,22,20,16,13109.7705542
20202,1123002807,30,12,18,0,1,16,7,5,1,0,1,5,2,3,1,0,0,11,5,2,0,18763.0717535
20202,1123002811,5,4,1,0,1,1,1,2,0,0,1,1,0,2,0,0,0,0,1,0,0,823.418927319
20202,1123002814,14,6,8,0,1,4,2,3,4,0,0,3,0,0,3,0,1,1,2,3,1,6168.85521255
20202,1123002823,13,9,4,0,0,1,11,1,0,0,0,1,8,0,0,0,0,0,3,1,0,1481.26778293
20202,1123002827,5,4,1,0,0,1,1,1,2,0,0,1,1,1,1,0,0,0,0,0,1,1070.50199421
20202,1123002829,15,12,3,0,0,2,3,7,3,0,0,2,3,6,1,0,0,0,0,1,2,4181.02332029
20202,1123002831,3,1,2,0,0,0,1,0,2,0,0,0,1,0,0,0,0,0,0,0,2,5406.19270289
20202,1123002832,36,3,33,0,2,7,17,8,2,0,0,0,2,1,0,0,2,7,15,7,2,16011.9000326
20202,1123002833,2,1,1,0,0,0,1,1,0,0,0,0,0,1,0,0,0,0,1,0,0,4835.77166826
20202,1123002834,386,244,142,0,45,106,101,105,29,0,9,48,76,87,24,0,36,58,25,18,5,145231.340463
20202,1123002839,433,279,154,1,101,179,87,46,19,1,44,116,66,39,13,0,57,63,21,7,6,86929.4344295
20202,1123002840,783,366,417,1,238,302,113,86,43,0,79,128,68,55,36,1,159,174,45,31,7,204928.740361
20202,1123002845,1,0,1,0,0,0,0,1,0,0,0,0,0,0,0,0,0,0,0,1,0,1857.92952282
20202,1123002847,2,1,1,0,0,1,0,1,0,0,0,0,0,1,0,0,0,1,0,0,0,1332.09506987
20202,1123002848,4,0,4,0,0,2,0,2,0,0,0,0,0,0,0,0,0,2,0,2,0,2581.0345929
20202,1123002851,46,40,6,0,0,2,1,9,34,0,0,0,0,6,34,0,0,2,1,3,0,1452.37187066
20202,1123002865,4,1,3,0,2,0,0,2,0,0,0,0,0,1,0,0,2,0,0,1,0,5373.72049496
20202,1123002868,260,121,139,0,37,62,57,70,34,0,9,21,32,33,26,0,28,41,25,37,8,1510.91950751
20202,1123002876,47,26,21,1,5,18,15,6,2,1,3,10,9,3,0,0,2,8,6,3,2,15017.9680694
20202,1123002877,4,0,4,0,0,0,4,0,0,0,0,0,0,0,0,0,0,0,4,0,0,1607.11077524
20202,1123002880,4,4,0,0,0,3,1,0,0,0,0,3,1,0,0,0,0,0,0,0,0,6573.82251752
20202,1123002883,2,1,1,0,0,0,0,2,0,0,0,0,0,1,0,0,0,0,0,1,0,1318.55705442
20202,1123002886,2,1,1,0,0,0,1,1,0,0,0,0,0,1,0,0,0,0,1,0,0,2935.76638306
20202,1123002891,17,7,10,0,3,2,7,5,0,0,0,2,2,3,0,0,3,0,5,2,0,9962.6035372
20202,1123002895,14,7,7,0,0,2,3,4,5,0,0,2,1,1,3,0,0,0,2,3,2,4137.9390375
20202,1123002896,3,0,3,0,1,2,0,0,0,0,0,0,0,0,0,0,1,2,0,0,0,3959.52459558
20202,1123002898,28,6,22,0,6,10,5,5,2,0,2,1,1,1,1,0,4,9,4,4,1,6010.32442575
20202,1123002899,4,4,0,0,2,0,0,1,1,0,2,0,0,1,1,0,0,0,0,0,0,3200.76256493
20202,1123002900,25,18,7,0,0,6,9,7,3,0,0,5,5,6,2,0,0,1,4,1,1,13063.948137
20202,1123002901,13,9,4,0,1,0,1,5,6,0,0,0,0,5,4,0,1,0,1,0,2,3447.72831246
20202,1123002903,2,2,0,0,0,0,1,1,0,0,0,0,1,1,0,0,0,0,0,0,0,4492.04775526
20202,1123002905,10,9,1,0,5,2,0,0,3,0,4,2,0,0,3,0,1,0,0,0,0,5201.55250318
20202,1123002906,2,1,1,0,0,0,0,0,2,0,0,0,0,0,1,0,0,0,0,0,1,1563.78613036
20202,1123002907,5,2,3,0,0,0,2,1,2,0,0,0,1,0,1,0,0,0,1,1,1,4459.29513123
20202,1123002908,5,0,5,0,0,1,2,2,0,0,0,0,0,0,0,0,0,1,2,2,0,1661.85417865
20202,1123002911,6,0,6,0,0,0,4,1,1,0,0,0,0,0,0,0,0,0,4,1,1,3750.41693968
20202,1123002914,6,2,4,0,1,1,1,2,1,0,0,0,1,1,0,0,1,1,0,1,1,4604.29294001
20202,1123002915,13,5,8,0,1,2,4,1,5,0,0,2,2,0,1,0,1,0,2,1,4,4925.59184714
20202,1123002916,4,1,3,0,0,0,2,2,0,0,0,0,0,1,0,0,0,0,2,1,0,4142.42363309
20202,1123002917,4,3,1,0,0,1,0,2,1,0,0,1,0,1,1,0,0,0,0,1,0,603.027519223
20202,1123002918,9,0,9,0,3,3,1,0,2,0,0,0,0,0,0,0,3,3,1,0,2,1004.19322794
20202,1123002919,91,14,77,0,6,25,33,22,5,0,1,4,4,1,4,0,5,21,29,21,1,17689.5856703
20202,1123002920,5,4,1,0,0,0,0,2,3,0,0,0,0,2,2,0,0,0,0,0,1,2780.02974491
20202,1123002923,6,2,4,0,1,0,2,2,1,0,0,0,0,2,0,0,1,0,2,0,1,4296.91466037
20202,1123002924,15,6,9,0,2,8,2,0,3,0,0,4,1,0,1,0,2,4,1,0,2,3736.83245655
20202,1123002925,5,1,4,0,1,1,1,1,1,0,1,0,0,0,0,0,0,1,1,1,1,2422.05723758
20202,1123002926,22,9,13,0,4,6,4,3,5,0,4,1,1,1,2,0,0,5,3,2,3,1926.12998818
20202,1123002928,7,3,4,0,3,2,1,1,0,0,0,1,1,1,0,0,3,1,0,0,0,5427.73148192
20202,1123002929,17,11,6,0,0,6,5,2,4,0,0,4,5,1,1,0,0,2,0,1,3,6990.87268715
20202,1123002931,3,2,1,0,0,1,1,1,0,0,0,0,1,1,0,0,0,1,0,0,0,2471.75163454
20202,1123002937,52,42,10,0,1,9,20,11,11,0,1,7,16,8,10,0,0,2,4,3,1,34094.480476
20202,1123002938,15,6,9,0,8,2,5,0,0,0,1,1,4,0,0,0,7,1,1,0,0,68381.0030704
20202,1123002941,8,7,1,0,0,1,2,2,3,0,0,1,2,2,2,0,0,0,0,0,1,2186.89832288
20202,1123002942,16,9,7,1,1,5,2,3,4,0,0,3,1,2,3,1,1,2,1,1,1,8655.7840371
20202,1123002943,34,17,17,0,5,9,9,5,6,0,3,5,3,3,3,0,2,4,6,2,3,11806.3933984
20202,1123002946,1,1,0,0,1,0,0,0,0,0,1,0,0,0,0,0,0,0,0,0,0,2280.66381413
20202,1123002949,7,6,1,0,0,0,2,5,0,0,0,0,2,4,0,0,0,0,0,1,0,1173.42272159
20202,1123002951,15,9,6,0,1,1,4,3,6,0,1,1,3,0,4,0,0,0,1,3,2,3091.96541572
20202,1123002952,3,2,1,0,0,1,1,0,1,0,0,1,1,0,0,0,0,0,0,0,1,3942.64469453
20202,1123002953,5,3,2,1,1,0,1,1,1,1,0,0,1,1,0,0,1,0,0,0,1,4089.65904967
20202,1123002954,20,9,11,0,6,8,2,1,3,0,1,4,1,0,3,0,5,4,1,1,0,5493.46665185
20202,1123002956,4,4,0,0,0,0,0,1,3,0,0,0,0,1,3,0,0,0,0,0,0,22550.5034436
20202,1123002959,7,6,1,0,0,0,3,2,2,0,0,0,3,1,2,0,0,0,0,1,0,1461.94013885
20202,1123002960,3,1,2,0,0,1,1,1,0,0,0,0,0,1,0,0,0,1,1,0,0,2876.59289452
20202,1123002964,20,17,3,0,0,3,2,6,9,0,0,2,2,4,9,0,0,1,0,2,0,10333.6074492
20202,1123002965,2,1,1,0,0,1,0,0,1,0,0,0,0,0,1,0,0,1,0,0,0,1421.04892608
20202,1123002966,27,15,12,0,6,2,4,6,9,0,2,2,2,2,7,0,4,0,2,4,2,3956.03477432
20202,1123002967,84,54,30,0,14,8,28,25,9,0,8,6,15,17,8,0,6,2,13,8,1,13051.1044731
20202,1123002968,2,1,1,0,0,0,0,1,1,0,0,0,0,0,1,0,0,0,0,1,0,6251.95843482
20202,1123002974,319,252,67,0,20,58,110,115,16,0,10,50,85,96,11,0,10,8,25,19,5,4514.14451559
20202,1123002982,2,2,0,0,0,0,1,0,1,0,0,0,1,0,1,0,0,0,0,0,0,5860.91184551
20202,1123002985,230,126,104,0,26,57,60,49,38,0,11,36,41,30,8,0,15,21,19,19,30,1232.6863747
20202,1123002986,5,4,1,0,0,0,2,1,2,0,0,0,2,0,2,0,0,0,0,1,0,7121.21524291
20202,1123002990,47,33,14,0,7,4,12,14,10,0,5,4,6,9,9,0,2,0,6,5,1,12047.0287981
20202,1123002991,37,23,14,0,3,5,7,8,14,0,2,2,3,4,12,0,1,3,4,4,2,5781.13744145
20202,1123002993,4,4,0,0,0,0,2,0,2,0,0,0,2,0,2,0,0,0,0,0,0,6875.16128071
20202,1123002995,5,1,4,0,2,2,1,0,0,0,0,0,1,0,0,0,2,2,0,0,0,1339.17571596
20202,1123002996,92,27,65,0,10,15,14,5,48,0,3,6,3,2,13,0,7,9,11,3,35,7871.0655319
20202,1123002998,3,0,3,0,2,0,0,1,0,0,0,0,0,0,0,0,2,0,0,1,0,2231.43201635
20202,1123002999,2,2,0,0,0,0,1,1,0,0,0,0,1,1,0,0,0,0,0,0,0,1162.60106867
20202,1123003009,35,17,18,1,3,9,14,7,1,0,2,1,8,5,1,1,1,8,6,2,0,5556.41635339
20202,1123003012,8,5,3,0,1,2,2,2,1,0,0,0,2,2,1,0,1,2,0,0,0,1218.34512365
20202,1123003014,3,2,1,0,0,2,0,0,1,0,0,1,0,0,1,0,0,1,0,0,0,1182.30404241
20202,1123003018,12,11,1,0,0,2,1,5,4,0,0,2,0,5,4,0,0,0,1,0,0,8835.50062464
20202,1123003020,14,8,6,0,3,3,4,3,1,0,3,2,2,1,0,0,0,1,2,2,1,7216.11136233
20202,1123003022,2,1,1,0,0,0,2,0,0,0,0,0,1,0,0,0,0,0,1,0,0,1677.00612323
20202,1123003023,39,7,32,0,5,11,9,9,5,0,1,0,2,2,2,0,4,11,7,7,3,2959.45200321
20202,1123003024,17,2,15,0,0,5,5,4,3,0,0,0,0,0,2,0,0,5,5,4,1,1400.23542553
20202,1123003025,4,3,1,0,0,2,1,1,0,0,0,1,1,1,0,0,0,1,0,0,0,3303.94673515
20202,1123003029,5,4,1,0,0,0,0,5,0,0,0,0,0,4,0,0,0,0,0,1,0,4524.61911672
20202,1123003032,115,63,52,2,22,34,19,28,10,0,2,14,13,25,9,2,20,20,6,3,1,12058.3743236
20202,1123003034,5,1,4,0,0,0,1,4,0,0,0,0,0,1,0,0,0,0,1,3,0,2565.69065106
20202,1123003037,2,1,1,0,0,0,0,1,1,0,0,0,0,1,0,0,0,0,0,0,1,3638.95708217
20202,1123003038,9,4,5,0,0,1,1,3,4,0,0,1,0,2,1,0,0,0,1,1,3,3698.24780991
20202,1123003044,3,3,0,0,0,1,2,0,0,0,0,1,2,0,0,0,0,0,0,0,0,3574.12178366
20202,1123003046,3,2,1,0,0,0,1,1,1,0,0,0,1,0,1,0,0,0,0,1,0,3867.1605798
20202,1123003052,31,7,24,0,3,0,1,7,20,0,1,0,1,2,3,0,2,0,0,5,17,3927.52294582
20202,1123003057,10,6,4,0,1,0,2,3,4,0,1,0,1,1,3,0,0,0,1,2,1,3167.75738429
20202,1123003059,5,4,1,0,0,2,0,1,2,0,0,2,0,0,2,0,0,0,0,1,0,1313.90936941
20202,1123003060,16,12,4,0,1,1,4,8,2,0,0,1,3,6,2,0,1,0,1,2,0,3224.03133839
20202,1123003061,2,2,0,0,0,0,2,0,0,0,0,0,2,0,0,0,0,0,0,0,0,3218.04294109
20202,1123003063,13,6,7,0,5,2,2,1,3,0,1,1,1,1,2,0,4,1,1,0,1,9640.84880546
20202,1123003065,3,2,1,0,0,2,0,0,1,0,0,1,0,0,1,0,0,1,0,0,0,3022.13577466
20202,1123003066,17,3,14,0,0,7,3,6,1,0,0,1,0,2,0,0,0,6,3,4,1,1166.57534
20202,1123003067,18,1,17,0,3,5,3,4,3,0,0,0,0,0,1,0,3,5,3,4,2,1538.43611938
20202,1123003068,7,7,0,0,0,0,2,4,1,0,0,0,2,4,1,0,0,0,0,0,0,4541.00568846
20202,1123003069,3,2,1,0,1,0,0,2,0,0,0,0,0,2,0,0,1,0,0,0,0,1889.17113346
20202,1123003070,16,8,8,0,0,1,2,2,11,0,0,1,1,1,5,0,0,0,1,1,6,11129.0370473
20202,1123003078,2,2,0,0,0,0,1,1,0,0,0,0,1,1,0,0,0,0,0,0,0,1068.36855711
20202,1123003082,105,41,64,0,8,31,37,23,6,0,2,8,12,15,4,0,6,23,25,8,2,2342.93071185
20202,1123003094,186,107,79,0,22,45,48,46,25,0,10,21,23,29,24,0,12,24,25,17,1,5618.47306291
20202,1123003100,18,2,16,0,5,4,6,1,2,0,0,0,0,1,1,0,5,4,6,0,1,7604.23128972
20202,1123003105,39,18,21,0,9,10,9,9,2,0,3,3,5,5,2,0,6,7,4,4,0,3015.93063789
20202,1123003107,678,421,257,5,58,126,204,175,110,3,26,61,117,113,101,2,32,65,87,62,9,4626.95567548
20202,1123003118,4,3,1,0,0,0,2,2,0,0,0,0,2,1,0,0,0,0,0,1,0,4249.76234106
20202,1123003119,50,39,11,0,3,20,18,1,8,0,2,17,11,1,8,0,1,3,7,0,0,12868.6711485
20202,1123003120,25,15,10,0,1,2,7,13,2,0,1,2,6,6,0,0,0,0,1,7,2,11398.4598182
20202,1123003122,10,1,9,0,3,2,1,2,2,0,0,0,0,0,1,0,3,2,1,2,1,3272.18602586
20202,1123003124,185,82,103,0,26,43,43,59,14,0,13,15,9,35,10,0,13,28,34,24,4,19358.6191889
20202,1123003128,9,3,6,0,2,5,0,1,1,0,0,2,0,0,1,0,2,3,0,1,0,12928.1814159
20202,1123003129,22,17,5,0,2,5,8,6,1,0,2,3,7,4,1,0,0,2,1,2,0,4091.84871842
20202,1123003130,4,3,1,0,0,0,1,1,2,0,0,0,1,1,1,0,0,0,0,0,1,1471.64044485
20202,1123003131,4,2,2,0,0,0,1,2,1,0,0,0,0,1,1,0,0,0,1,1,0,3349.4808711
20202,1123003136,2,1,1,0,0,1,1,0,0,0,0,0,1,0,0,0,0,1,0,0,0,884.504306945
20202,1123003137,314,221,93,0,24,118,122,50,0,0,13,77,91,40,0,0,11,41,31,10,0,27614.2424638
20202,1123003138,18,7,11,0,0,0,6,9,3,0,0,0,3,2,2,0,0,0,3,7,1,8513.5283851
20202,1123003139,34,11,23,0,4,11,5,14,0,0,0,2,2,7,0,0,4,9,3,7,0,15038.7415062
20202,1123003144,5,3,2,0,0,0,0,3,2,0,0,0,0,1,2,0,0,0,0,2,0,1993.21277869
20202,1123003146,19,16,3,0,5,2,1,7,4,0,5,2,0,5,4,0,0,0,1,2,0,2252.1967799
20202,1123003147,67,10,57,0,8,15,18,22,4,0,1,2,0,3,4,0,7,13,18,19,0,17303.1775195
20202,1123003148,2,1,1,0,0,0,2,0,0,0,0,0,1,0,0,0,0,0,1,0,0,3128.59616429
20202,1123003150,297,225,72,1,6,12,9,21,248,1,2,7,1,12,202,0,4,5,8,9,46,5558.46557363
20202,1123003151,2,2,0,0,1,1,0,0,0,0,1,1,0,0,0,0,0,0,0,0,0,1743.12974971
20202,1123003153,19,3,16,0,0,6,4,7,2,0,0,1,1,0,1,0,0,5,3,7,1,2316.69666325
20202,1123003154,3,3,0,0,0,0,2,1,0,0,0,0,2,1,0,0,0,0,0,0,0,6281.24073051
20202,1123003155,20,11,9,0,1,0,3,11,5,0,1,0,2,4,4,0,0,0,1,7,1,3363.2077305
20202,1123003156,1,1,0,0,0,0,1,0,0,0,0,0,1,0,0,0,0,0,0,0,0,1373.31387675
20202,1123003158,18,16,2,0,0,3,5,4,6,0,0,3,4,4,5,0,0,0,1,0,1,8970.64619539
20202,1123003159,63,51,12,0,7,17,23,13,3,0,4,13,19,12,3,0,3,4,4,1,0,5480.83401
20202,1123003161,1,1,0,0,0,0,0,1,0,0,0,0,0,1,0,0,0,0,0,0,0,23579.4917903
20202,1123003166,3,1,2,0,0,1,0,1,1,0,0,0,0,0,1,0,0,1,0,1,0,3247.92058127
20202,1123003171,53,15,38,0,6,15,14,17,1,0,1,3,4,7,0,0,5,12,10,10,1,13633.9854419
20202,1123003175,8,7,1,0,0,1,2,2,3,0,0,1,2,2,2,0,0,0,0,0,1,9316.32131498
20202,1123003181,6,5,1,0,0,2,0,3,1,0,0,2,0,2,1,0,0,0,0,1,0,3407.7166487
20202,1123003182,3,2,1,0,0,1,1,1,0,0,0,0,1,1,0,0,0,1,0,0,0,2931.7594135
20202,1123003184,2,0,2,0,0,0,1,0,1,0,0,0,0,0,0,0,0,0,1,0,1,1837.34800783
20202,1123003186,55,37,18,0,3,14,19,19,0,0,1,7,11,18,0,0,2,7,8,1,0,1775.20415458
20202,1123003187,4,3,1,0,0,1,1,2,0,0,0,1,0,2,0,0,0,0,1,0,0,2689.88167951
20202,1123003192,4,4,0,0,0,0,1,3,0,0,0,0,1,3,0,0,0,0,0,0,0,3395.39822332
20202,1123003194,5,4,1,0,1,0,3,1,0,0,1,0,2,1,0,0,0,0,1,0,0,3940.78552013
20202,1123003195,7,4,3,0,0,0,1,5,1,0,0,0,1,3,0,0,0,0,0,2,1,2096.1240028
20202,1123003198,1,1,0,0,0,0,0,0,1,0,0,0,0,0,1,0,0,0,0,0,0,1773.35958788
20202,1123003199,13,8,5,0,1,5,3,3,1,0,1,2,1,3,1,0,0,3,2,0,0,11968.2079724
20202,1123003200,5,2,3,0,0,0,2,0,3,0,0,0,0,0,2,0,0,0,2,0,1,3125.45551703
20202,1123003201,126,50,76,0,22,34,37,19,14,0,2,11,15,10,12,0,20,23,22,9,2,3733.1613408
20202,1123003202,6,5,1,0,0,2,3,1,0,0,0,2,2,1,0,0,0,0,1,0,0,11987.7122254
20202,1123003204,4,4,0,0,0,0,1,1,2,0,0,0,1,1,2,0,0,0,0,0,0,3210.21328573
20202,1123003208,3,2,1,0,0,2,0,0,1,0,0,1,0,0,1,0,0,1,0,0,0,3851.541978
20202,1123003210,1,0,1,0,0,0,1,0,0,0,0,0,0,0,0,0,0,0,1,0,0,4020.53359944
20202,1123003211,62,45,17,0,12,16,17,12,5,0,8,13,12,8,4,0,4,3,5,4,1,8274.21403272
20202,1123003213,15,0,15,0,2,4,4,5,0,0,0,0,0,0,0,0,2,4,4,5,0,5956.24610527
20202,1123003214,7,0,7,0,0,0,4,2,1,0,0,0,0,0,0,0,0,0,4,2,1,1257.14468851
20202,1123003216,6,6,0,0,0,0,2,4,0,0,0,0,2,4,0,0,0,0,0,0,0,2667.28280985
20202,1123003217,6,2,4,1,0,2,2,1,0,0,0,1,0,1,0,1,0,1,2,0,0,3329.87581324
20202,1123003221,4,2,2,0,0,1,3,0,0,0,0,1,1,0,0,0,0,0,2,0,0,2101.70309045
20202,1123003222,7,2,5,0,0,1,4,1,1,0,0,1,0,1,0,0,0,0,4,0,1,2742.40524015
20202,1123003223,2,2,0,0,2,0,0,0,0,0,2,0,0,0,0,0,0,0,0,0,0,610.98000847
20202,1123003225,28,11,17,0,3,4,9,2,10,0,0,0,2,1,8,0,3,4,7,1,2,10602.3289047
20202,1123003227,5,3,2,0,0,1,1,1,2,0,0,0,0,1,2,0,0,1,1,0,0,3652.08823396
20202,1123003228,1,0,1,0,0,1,0,0,0,0,0,0,0,0,0,0,0,1,0,0,0,2456.07411552
20202,1123003230,163,52,111,0,15,17,34,42,55,0,7,8,17,11,9,0,8,9,17,31,46,141007.569639
20202,1123003231,1499,630,869,0,323,352,359,382,83,0,64,161,193,169,43,0,259,191,166,213,40,4303.94168553
20202,1123003242,4,2,2,0,0,0,0,1,3,0,0,0,0,1,1,0,0,0,0,0,2,6594.92086151
20202,1123003243,15,12,3,0,1,5,5,3,1,0,1,5,3,2,1,0,0,0,2,1,0,4674.05976834
20202,1123003244,5,3,2,0,1,0,0,2,2,0,0,0,0,1,2,0,1,0,0,1,0,2617.4533702
20202,1123003245,38,8,30,0,2,7,16,11,2,0,0,1,3,3,1,0,2,6,13,8,1,3968.17004883
20202,1129000001,19,1,18,0,4,6,4,3,2,0,0,0,0,0,1,0,4,6,4,3,1,3003.00535396
20202,1129000003,63,37,26,0,4,17,18,16,8,0,0,10,7,13,7,0,4,7,11,3,1,2810.55308507
20202,1129000008,88,19,69,0,36,24,10,8,10,0,2,5,3,2,7,0,34,19,7,6,3,7946.14242889
20202,1129000013,4,1,3,0,1,0,2,1,0,0,0,0,0,1,0,0,1,0,2,0,0,2883.14216599
20202,1129000016,2,0,2,0,0,0,1,0,1,0,0,0,0,0,0,0,0,0,1,0,1,1720.46424123
20202,1129000026,19,2,17,0,5,5,4,3,2,0,0,0,0,0,2,0,5,5,4,3,0,677.896615756
20202,1129000031,173,89,84,0,16,45,43,46,23,0,6,26,26,15,16,0,10,19,17,31,7,7682.32234575
20202,1129000032,8,4,4,0,0,2,1,2,3,0,0,2,0,0,2,0,0,0,1,2,1,3930.49844048
20202,1129000039,6,4,2,0,0,1,2,0,3,0,0,0,1,0,3,0,0,1,1,0,0,2677.49029149
20202,1129000042,5,0,5,0,0,0,2,0,3,0,0,0,0,0,0,0,0,0,2,0,3,17067.9713324
20202,1129000047,4,1,3,0,0,0,3,1,0,0,0,0,0,1,0,0,0,0,3,0,0,10290.4625534
20202,1129000049,42,9,33,0,12,7,11,8,4,0,0,0,5,2,2,0,12,7,6,6,2,8054.58226851
20202,1129000051,89,52,37,0,16,21,30,15,7,0,7,15,17,8,5,0,9,6,13,7,2,3961.21404433
20202,1129000062,218,74,144,1,29,62,65,38,23,0,13,20,16,14,11,1,16,42,49,24,12,2211.8899486
20202,1129000063,1,0,1,0,0,1,0,0,0,0,0,0,0,0,0,0,0,1,0,0,0,1984.38510667
20202,1129000070,358,154,204,0,45,52,105,117,39,0,22,25,42,40,25,0,23,27,63,77,14,27762.0060369
20202,1129000078,26,24,2,0,0,4,15,6,1,0,0,4,14,5,1,0,0,0,1,1,0,2532.94933053
20202,1129000086,104,47,57,0,28,16,25,17,18,0,10,7,10,7,13,0,18,9,15,10,5,2544.84774991
20202,1129000099,7,0,7,0,0,0,0,5,2,0,0,0,0,0,0,0,0,0,0,5,2,4588.45491458
20202,1129000104,29,12,17,0,0,7,10,5,7,0,0,3,4,2,3,0,0,4,6,3,4,7549.06429063
20202,1129000105,21,13,8,0,0,1,10,6,4,0,0,0,5,4,4,0,0,1,5,2,0,9426.87632765
20202,1129000115,120,68,52,1,33,41,24,16,5,0,16,27,10,10,5,1,17,14,14,6,0,1328.92312917
20202,1129000117,48,33,15,0,4,8,16,14,6,0,3,5,10,10,5,0,1,3,6,4,1,6622.64540695
20202,1129000118,20,3,17,0,1,6,8,4,1,0,0,0,1,1,1,0,1,6,7,3,0,5725.0525603
20202,1129000119,235,179,56,2,12,33,48,57,83,0,3,22,34,42,78,2,9,11,14,15,5,3283.84044582
20202,1129000131,35,9,26,0,10,12,6,4,3,0,0,3,3,2,1,0,10,9,3,2,2,4121.38126759
20202,1129000141,23,3,20,0,3,5,7,6,2,0,0,0,1,1,1,0,3,5,6,5,1,5649.8863137
20202,1129000149,272,135,137,0,32,45,106,66,23,0,12,21,50,42,10,0,20,24,56,24,13,3072.52310862
20202,1129000151,103,15,88,0,13,36,28,24,2,0,0,4,5,4,2,0,13,32,23,20,0,19784.0317989
20202,1129000154,4104,2068,2036,415,1905,1079,431,183,91,176,863,612,254,88,75,239,1042,467,177,95,16,2911.71914429
20202,1129000199,51,10,41,0,2,9,19,11,10,0,0,1,1,1,7,0,2,8,18,10,3,14872.3100721
20202,1129000200,32,29,3,0,0,1,3,8,20,0,0,1,3,5,20,0,0,0,0,3,0,4605.01613628
20202,1129000205,45,14,31,0,12,8,5,15,5,0,4,1,2,4,3,0,8,7,3,11,2,9684.75492897
20202,1129000216,15,9,6,0,1,1,5,4,4,0,0,0,3,3,3,0,1,1,2,1,1,7192.74839825
20202,1129000217,4,3,1,0,1,0,3,0,0,0,1,0,2,0,0,0,0,0,1,0,0,4529.78713502
20202,1129000218,6,3,3,0,0,0,3,2,1,0,0,0,1,2,0,0,0,0,2,0,1,2002.22047374
20202,1129000222,1,0,1,0,0,0,0,1,0,0,0,0,0,0,0,0,0,0,0,1,0,2355.9686265
20202,1129000226,25,18,7,0,0,5,11,4,5,0,0,2,10,2,4,0,0,3,1,2,1,5691.90574767
20202,1129000231,7,3,4,0,1,4,1,1,0,0,1,2,0,0,0,0,0,2,1,1,0,28476.078963
20202,1129000236,7,5,2,0,0,0,2,2,3,0,0,0,1,1,3,0,0,0,1,1,0,3825.23928098
20202,1129000238,18,13,5,0,0,5,2,7,4,0,0,2,2,7,2,0,0,3,0,0,2,10132.1033128
20202,1129000239,28,7,21,0,1,6,8,12,1,0,0,1,1,5,0,0,1,5,7,7,1,1974.53794165
20202,1129000240,19,12,7,0,2,4,4,5,4,0,1,2,2,3,4,0,1,2,2,2,0,5983.87898946
20202,1129000242,25,10,15,0,0,3,8,6,8,0,0,1,1,3,5,0,0,2,7,3,3,5381.7570772
20202,1129000243,10,7,3,1,0,3,6,0,0,0,0,3,4,0,0,1,0,0,2,0,0,5539.74042375
20202,1129000248,59,8,51,0,0,4,16,28,11,0,0,0,1,3,4,0,0,4,15,25,7,3053.45355792
20202,1129000249,93,19,74,0,12,17,19,26,19,0,2,5,5,1,6,0,10,12,14,25,13,11260.2036519
20202,1129000250,10,8,2,0,1,6,3,0,0,0,1,5,2,0,0,0,0,1,1,0,0,2917.0277682
20202,1129000252,25,16,9,0,1,9,7,6,2,0,1,6,4,4,1,0,0,3,3,2,1,2494.45260442
20202,1129000253,80,38,42,1,10,20,28,14,7,1,0,9,18,7,3,0,10,11,10,7,4,10863.379154
20202,1129000255,39,29,10,0,8,8,9,10,4,0,8,6,7,5,3,0,0,2,2,5,1,18553.8109315
20202,1129000259,2,1,1,0,0,0,1,1,0,0,0,0,1,0,0,0,0,0,0,1,0,3430.41905732
20202,1129000260,22,9,13,1,7,5,3,3,3,1,4,1,1,1,1,0,3,4,2,2,2,11322.6441677
20202,1129000262,38,10,28,0,11,7,9,9,2,0,5,1,1,2,1,0,6,6,8,7,1,3209.41082252
20202,1129000265,5,1,4,0,0,2,0,2,1,0,0,0,0,1,0,0,0,2,0,1,1,3424.79930994
20202,1129000273,12,7,5,0,1,2,5,3,1,0,1,2,2,2,0,0,0,0,3,1,1,4934.1020933
20202,1129000275,10,0,10,0,2,3,2,2,1,0,0,0,0,0,0,0,2,3,2,2,1,3805.91350446
20202,1129000280,12,7,5,0,1,1,3,3,4,0,1,1,1,1,3,0,0,0,2,2,1,2940.64197682
20202,1129000281,2,1,1,0,0,0,0,1,1,0,0,0,0,0,1,0,0,0,0,1,0,1873.3090004
20202,1129000284,50,25,25,0,3,10,14,14,9,0,2,5,9,6,3,0,1,5,5,8,6,17453.3113364
20202,1129000294,6,1,5,0,0,1,1,2,2,0,0,0,0,1,0,0,0,1,1,1,2,2356.93864494
20202,1129000303,5,3,2,0,0,0,2,3,0,0,0,0,1,2,0,0,0,0,1,1,0,5690.15376419
20202,1129000318,17,7,10,0,2,1,1,7,6,0,2,1,1,1,2,0,0,0,0,6,4,3832.52510983
20202,1129000321,23,12,11,0,3,3,7,5,5,0,1,2,3,3,3,0,2,1,4,2,2,18802.7956365
20202,1129000322,2,1,1,0,0,0,2,0,0,0,0,0,1,0,0,0,0,0,1,0,0,1228.72102
20202,1129000330,75,13,62,0,10,20,23,16,6,0,0,5,3,1,4,0,10,15,20,15,2,10218.1411501
20202,1129000335,92,60,32,0,3,16,25,21,27,0,2,9,12,13,24,0,1,7,13,8,3,6807.09646108
20202,1129000337,2,1,1,0,0,0,1,1,0,0,0,0,1,0,0,0,0,0,0,1,0,2139.15375133
20202,1129000341,50,14,36,0,4,14,15,17,0,0,0,2,8,4,0,0,4,12,7,13,0,22886.0896876
20202,1129000342,29,6,23,1,6,6,9,5,2,0,1,1,3,0,1,1,5,5,6,5,1,6058.26392649
20202,1129000343,3,0,3,0,0,0,0,2,1,0,0,0,0,0,0,0,0,0,0,2,1,66423.1669351
20202,1129000346,4,2,2,0,0,0,2,1,1,0,0,0,1,0,1,0,0,0,1,1,0,1669.7726758
20202,1129000350,2,1,1,0,0,0,0,1,1,0,0,0,0,0,1,0,0,0,0,1,0,2010.27400729
20202,1129000352,364,228,136,0,69,87,80,74,54,0,21,59,47,52,49,0,48,28,33,22,5,5464.41808822
20202,1129000354,1,1,0,0,0,0,0,1,0,0,0,0,0,1,0,0,0,0,0,0,0,1341.11667629
20202,1129000355,26,18,8,0,6,5,8,2,5,0,4,2,5,2,5,0,2,3,3,0,0,7105.56749095
20202,1129000360,4,0,4,0,0,1,2,1,0,0,0,0,0,0,0,0,0,1,2,1,0,7460.8954622
20202,1129000370,6,2,4,0,1,3,1,1,0,0,0,1,0,1,0,0,1,2,1,0,0,6500.29653181
20202,1129000387,7,3,4,0,0,0,2,5,0,0,0,0,1,2,0,0,0,0,1,3,0,876.585080906
20202,1129000393,23,14,9,0,7,6,4,5,1,0,4,4,2,3,1,0,3,2,2,2,0,6937.07027254
20202,1129000399,90,18,72,0,10,27,25,23,5,0,1,5,5,3,4,0,9,22,20,20,1,8017.20566594
20202,1129000404,8,7,1,0,0,4,0,3,1,0,0,3,0,3,1,0,0,1,0,0,0,4420.05960458
20202,1129000407,1103,298,805,8,497,361,132,79,26,0,75,125,37,39,22,8,422,236,95,40,4,5834.86487691
20202,1129000415,1,0,1,0,0,0,0,1,0,0,0,0,0,0,0,0,0,0,0,1,0,2012.5937853
20202,1129000417,14,3,11,0,1,2,7,4,0,0,0,1,1,1,0,0,1,1,6,3,0,8582.69223261
20202,1129000424,425,378,47,0,63,153,148,58,3,0,54,135,131,56,2,0,9,18,17,2,1,2187.70909293
20202,1129000438,10940,6783,4157,44,1682,2620,3536,1917,1141,13,807,1596,2417,1469,481,31,875,1024,1119,448,660,5266.54340769
20202,1129000448,95,43,52,0,13,39,21,14,8,0,3,21,4,9,6,0,10,18,17,5,2,3699.66282137
20202,1129000462,7,5,2,0,1,0,0,4,2,0,1,0,0,2,2,0,0,0,0,2,0,689.729106096
20202,1129000470,294,123,171,0,69,72,68,50,35,0,15,30,36,20,22,0,54,42,32,30,13,1437.52877038
20202,1129000482,49,40,9,0,3,9,9,14,14,0,3,6,7,12,12,0,0,3,2,2,2,3268.92247078
20202,1129000484,1,0,1,0,0,1,0,0,0,0,0,0,0,0,0,0,0,1,0,0,0,1194.0456133
20202,1129000486,1,1,0,0,0,0,0,0,1,0,0,0,0,0,1,0,0,0,0,0,0,3854.01878954
20202,1129000500,4,1,3,0,0,1,2,0,1,0,0,0,1,0,0,0,0,1,1,0,1,2258.24613742
20202,1129000514,15,11,4,0,0,2,4,3,6,0,0,1,2,2,6,0,0,1,2,1,0,5772.87533006
20202,1129000517,101,10,91,0,18,27,28,18,10,0,1,3,0,2,4,0,17,24,28,16,6,11352.5183472
20202,1129000518,7,5,2,0,1,2,2,1,1,0,1,1,1,1,1,0,0,1,1,0,0,2724.82460008
20202,1129000522,2,2,0,0,0,1,0,1,0,0,0,1,0,1,0,0,0,0,0,0,0,2964.98986681
20202,1129000532,192,57,135,0,12,36,46,61,37,0,1,12,11,17,16,0,11,24,35,44,21,4846.91070091
20202,1129000538,18,9,9,0,7,3,5,0,3,0,2,1,4,0,2,0,5,2,1,0,1,1874.16530021
20202,1129000540,20,11,9,0,5,1,8,6,0,0,4,0,3,4,0,0,1,1,5,2,0,3323.50657324
20202,1129000541,3,1,2,0,0,0,1,0,2,0,0,0,0,0,1,0,0,0,1,0,1,1485.44957098
20202,1129000543,18,6,12,0,1,2,2,3,10,0,1,2,1,0,2,0,0,0,1,3,8,1192.47309019
20202,1129000546,3,3,0,0,0,0,2,1,0,0,0,0,2,1,0,0,0,0,0,0,0,1322.72303375
20202,1129000548,4,3,1,0,1,3,0,0,0,0,1,2,0,0,0,0,0,1,0,0,0,1589.5683156
20202,1129000552,2,2,0,0,0,1,1,0,0,0,0,1,1,0,0,0,0,0,0,0,0,1015.37985709
20202,1129000556,3,1,2,0,0,1,0,0,2,0,0,0,0,0,1,0,0,1,0,0,1,4026.61390601
20202,1129000565,71,53,18,0,5,21,28,11,6,0,2,18,21,8,4,0,3,3,7,3,2,6219.92172054
20202,1129000568,56,7,49,0,2,4,9,31,10,0,1,2,1,1,2,0,1,2,8,30,8,10578.8997692
20202,1129000569,14,9,5,0,0,3,6,4,1,0,0,1,4,4,0,0,0,2,2,0,1,4116.63364968
20202,1129000570,4,2,2,0,0,0,0,2,2,0,0,0,0,1,1,0,0,0,0,1,1,2954.14405097
20202,1129000572,32,11,21,6,8,7,3,1,7,0,2,2,1,1,5,6,6,5,2,0,2,5876.21166167
20202,1129000573,2,2,0,0,0,0,1,0,1,0,0,0,1,0,1,0,0,0,0,0,0,3795.13387217
20202,1129000574,3,2,1,0,0,1,1,0,1,0,0,1,0,0,1,0,0,0,1,0,0,1854.58815205
20202,1129000577,145,53,92,0,15,45,46,30,9,0,3,12,15,17,6,0,12,33,31,13,3,5099.32249693
20202,1129000580,2,1,1,0,1,1,0,0,0,0,0,1,0,0,0,0,1,0,0,0,0,5278.8403183
20202,1129000581,5,4,1,0,2,1,2,0,0,0,2,1,1,0,0,0,0,0,1,0,0,728.809803529
20202,1129000582,5,5,0,0,0,0,0,1,4,0,0,0,0,1,4,0,0,0,0,0,0,4293.84573068
20202,1129000585,1,1,0,0,0,0,0,0,1,0,0,0,0,0,1,0,0,0,0,0,0,1119.84348948
20202,1129000586,4,3,1,0,0,0,3,1,0,0,0,0,2,1,0,0,0,0,1,0,0,676.027180238
20202,1129000588,10,5,5,0,0,6,0,2,2,0,0,3,0,1,1,0,0,3,0,1,1,745.10447959
20202,1129000590,15,8,7,0,3,4,7,1,0,0,0,2,5,1,0,0,3,2,2,0,0,5246.14530073
20202,1129000591,160,52,108,0,18,35,20,50,37,0,4,11,2,19,16,0,14,24,18,31,21,6663.82873504
20202,1129000592,14,6,8,0,1,2,1,3,7,0,0,1,1,1,3,0,1,1,0,2,4,3894.73715712
20202,1129000593,9,1,8,0,1,2,3,2,1,0,0,0,0,0,1,0,1,2,3,2,0,2662.32106892
20202,1129000595,30,20,10,1,9,10,4,5,1,0,5,7,4,3,1,1,4,3,0,2,0,5676.7046914
20202,1129000596,5,1,4,0,3,1,1,0,0,0,0,0,1,0,0,0,3,1,0,0,0,1686.97972103
20202,1129000597,16,15,1,0,0,1,5,8,2,0,0,1,4,8,2,0,0,0,1,0,0,7609.66171191
20202,1129000598,9,4,5,0,6,1,0,1,1,0,3,0,0,1,0,0,3,1,0,0,1,938.028927433
20202,1129000600,4,1,3,0,1,0,0,1,2,0,0,0,0,0,1,0,1,0,0,1,1,1907.89325531
20202,1129000601,6,6,0,0,0,2,2,2,0,0,0,2,2,2,0,0,0,0,0,0,0,4871.77079929
20202,1129000602,8,5,3,0,0,0,1,4,3,0,0,0,0,2,3,0,0,0,1,2,0,4921.87835847
20202,1129000603,12,5,7,0,0,5,3,2,2,0,0,1,2,1,1,0,0,4,1,1,1,5263.74067975
20202,1129000604,54,49,5,3,23,13,10,4,1,3,21,12,9,3,1,0,2,1,1,1,0,2010.8517074
20202,1129000605,47,12,35,0,20,11,9,3,4,0,0,1,6,1,4,0,20,10,3,2,0,4003.49988732
20202,1129000607,51,8,43,0,21,16,4,6,4,0,0,3,1,1,3,0,21,13,3,5,1,68994.1344654
20202,1129000608,11,3,8,0,1,2,2,3,3,0,0,0,0,1,2,0,1,2,2,2,1,3124.22075666
20202,1129000609,4,1,3,0,0,1,0,0,3,0,0,0,0,0,1,0,0,1,0,0,2,1166.11048829
20202,1129000610,13,2,11,0,4,2,4,2,1,0,0,0,1,1,0,0,4,2,3,1,1,4836.51376301
20202,1129000611,4,3,1,0,1,1,0,0,2,0,1,1,0,0,1,0,0,0,0,0,1,3119.89985555
20202,1129000612,59,29,30,8,1,9,17,17,7,8,1,4,2,8,6,0,0,5,15,9,1,6324.36993047
20202,1129000613,1,1,0,0,0,0,0,0,1,0,0,0,0,0,1,0,0,0,0,0,0,3121.35319166
20202,1129000614,1,1,0,0,0,0,0,0,1,0,0,0,0,0,1,0,0,0,0,0,0,16336.6769814
20202,1129000617,15,11,4,0,1,2,7,5,0,0,1,1,4,5,0,0,0,1,3,0,0,6965.76464849
20202,1129000618,6,5,1,0,0,2,4,0,0,0,0,2,3,0,0,0,0,0,1,0,0,1358.76041947
20202,1129000619,3,2,1,0,0,0,1,1,1,0,0,0,0,1,1,0,0,0,1,0,0,9165.84179353
20202,1129000620,8,6,2,0,0,1,1,5,1,0,0,1,1,4,0,0,0,0,0,1,1,5582.26139068
20202,1129000623,23,16,7,1,2,4,9,2,5,1,1,3,8,2,1,0,1,1,1,0,4,6312.11690292
20202,1129000624,1,1,0,0,0,0,0,0,1,0,0,0,0,0,1,0,0,0,0,0,0,4073.47087871
20202,1129000625,100,21,79,0,18,30,29,17,6,0,5,3,4,4,5,0,13,27,25,13,1,22975.5460365
20202,1129000626,14,10,4,0,0,4,3,3,4,0,0,2,1,3,4,0,0,2,2,0,0,2776.82359155
20202,1129000628,2,2,0,0,0,1,0,0,1,0,0,1,0,0,1,0,0,0,0,0,0,1896.74297675
20202,1129000629,13,3,10,0,2,5,5,1,0,0,0,0,3,0,0,0,2,5,2,1,0,4551.06674819
20202,1129000631,2,1,1,0,1,0,0,0,1,0,1,0,0,0,0,0,0,0,0,0,1,1112.3063394
20202,1129000632,21,16,5,0,2,3,5,8,3,0,1,2,3,7,3,0,1,1,2,1,0,6503.32882222
20202,1129000633,3,3,0,0,0,0,0,3,0,0,0,0,0,3,0,0,0,0,0,0,0,1283.48139986
20202,1129000634,4,4,0,0,0,0,2,1,1,0,0,0,2,1,1,0,0,0,0,0,0,2672.64788193
20202,1129000636,78,58,20,0,6,20,19,28,5,0,1,12,15,26,4,0,5,8,4,2,1,4855.63914073
20202,1129000639,2,0,2,0,0,0,1,0,1,0,0,0,0,0,0,0,0,0,1,0,1,3292.56368116
20202,1129000640,89,25,64,1,8,30,20,26,4,0,1,8,5,8,3,1,7,22,15,18,1,4755.49564657
20202,1129000643,5,2,3,0,1,1,2,0,1,0,1,0,1,0,0,0,0,1,1,0,1,808.10269634
20202,1129000645,4,4,0,0,0,0,2,1,1,0,0,0,2,1,1,0,0,0,0,0,0,940.508483314
20202,1129000646,5,1,4,0,1,1,0,1,2,0,0,0,0,0,1,0,1,1,0,1,1,4479.38114258
20202,1129000647,17,5,12,0,8,6,1,0,2,0,1,2,1,0,1,0,7,4,0,0,1,1143.15161662
20202,1129000648,9,7,2,0,0,4,4,0,1,0,0,3,3,0,1,0,0,1,1,0,0,4866.52521645
20202,1129000655,4,2,2,0,2,0,1,1,0,0,0,0,1,1,0,0,2,0,0,0,0,4900.26869254
20202,1129000659,3,1,2,0,0,0,2,0,1,0,0,0,1,0,0,0,0,0,1,0,1,4392.09165753
20202,1129000661,2,2,0,0,0,0,0,1,1,0,0,0,0,1,1,0,0,0,0,0,0,2164.75701438
20202,1129000662,28,17,11,0,0,4,5,7,12,0,0,1,3,3,10,0,0,3,2,4,2,6949.62737076
20202,1129000664,18,14,4,0,1,4,3,4,6,0,0,2,2,4,6,0,1,2,1,0,0,2356.89097495
20202,1129000665,130,116,14,0,0,5,21,41,63,0,0,3,18,33,62,0,0,2,3,8,1,7379.49035939
20202,1129000669,34,21,13,1,5,4,6,12,6,0,2,2,1,10,6,1,3,2,5,2,0,1685.18047767
20202,1129000670,2,1,1,0,0,0,2,0,0,0,0,0,1,0,0,0,0,0,1,0,0,1294.96423569
20202,1129000672,11,3,8,0,0,1,0,6,4,0,0,0,0,1,2,0,0,1,0,5,2,5713.46465004
20202,1129000673,9,1,8,0,5,3,1,0,0,0,0,0,1,0,0,0,5,3,0,0,0,2509.59399613
20202,1129000674,8,5,3,0,1,1,0,4,2,0,1,0,0,3,1,0,0,1,0,1,1,3918.578309
20202,1129000679,153,34,119,0,10,19,40,52,32,0,2,6,8,11,7,0,8,13,32,41,25,6096.61899836
20202,1129000680,20,12,8,1,0,6,6,4,3,0,0,3,4,3,2,1,0,3,2,1,1,4333.18084148
20202,1129000681,62,26,36,1,27,10,8,14,2,0,13,4,2,5,2,1,14,6,6,9,0,4869.75500874
20202,1129000683,9,8,1,0,1,1,2,3,2,0,1,1,1,3,2,0,0,0,1,0,0,1752.87978491
20202,1129000684,154,82,72,0,31,34,34,33,22,0,8,20,22,18,14,0,23,14,12,15,8,3738.99523684
20202,1129000685,12,9,3,0,0,3,3,4,2,0,0,2,2,4,1,0,0,1,1,0,1,4592.83741425
20202,1129000690,4,3,1,0,0,0,0,3,1,0,0,0,0,2,1,0,0,0,0,1,0,4005.13853828
20202,1129000692,15,2,13,0,3,2,5,3,2,0,0,0,1,1,0,0,3,2,4,2,2,6129.40076765
20202,1129000695,6,4,2,0,0,1,1,1,3,0,0,1,0,1,2,0,0,0,1,0,1,2472.25712337
20202,1129000696,13,5,8,0,0,2,5,2,4,0,0,0,1,2,2,0,0,2,4,0,2,6057.95367591
20202,1129000697,19,4,15,0,0,0,0,13,6,0,0,0,0,4,0,0,0,0,0,9,6,6087.19119562
20202,1129000698,2,1,1,0,0,0,0,2,0,0,0,0,0,1,0,0,0,0,0,1,0,1985.0563129
20202,1129000700,107,58,49,1,4,12,22,29,39,1,2,8,8,9,30,0,2,4,14,20,9,5151.86605373
20202,1129000701,3,1,2,0,0,1,1,1,0,0,0,0,0,1,0,0,0,1,1,0,0,1456.7712311
20202,1129000702,26,10,16,0,4,7,8,2,5,0,1,4,0,1,4,0,3,3,8,1,1,9990.66616499
20202,1129000703,38,33,5,0,1,4,12,13,8,0,1,3,11,10,8,0,0,1,1,3,0,4548.97385831
20202,1129000706,11,6,5,0,1,6,3,1,0,0,0,4,1,1,0,0,1,2,2,0,0,11643.727626
20202,1129000713,65,40,25,0,20,27,12,6,0,0,11,14,10,5,0,0,9,13,2,1,0,5438.45813851
20202,1129000714,15,10,5,0,1,2,2,8,2,0,1,0,0,7,2,0,0,2,2,1,0,6700.82958602
20202,1129000716,25,3,22,0,1,2,1,0,21,0,0,2,0,0,1,0,1,0,1,0,20,7504.20334069
20202,1129000717,20,18,2,0,1,2,5,11,1,0,1,1,5,10,1,0,0,1,0,1,0,923.785981563
20202,1129000720,11,7,4,0,1,1,6,3,0,0,1,1,3,2,0,0,0,0,3,1,0,6136.7999923
20202,1129000722,67,35,32,0,9,19,17,20,2,0,4,7,11,12,1,0,5,12,6,8,1,5894.81091272
20202,1129000723,8,5,3,0,0,2,3,1,2,0,0,2,1,1,1,0,0,0,2,0,1,1944.3136627
20202,1129000724,2,2,0,0,0,2,0,0,0,0,0,2,0,0,0,0,0,0,0,0,0,2235.58839446
20202,1129000726,31,24,7,3,2,4,8,10,4,3,1,1,6,9,4,0,1,3,2,1,0,3738.97601094
20202,1129000732,3,3,0,0,0,0,2,1,0,0,0,0,2,1,0,0,0,0,0,0,0,3050.11966354
20202,1129000739,37,30,7,0,4,7,11,8,7,0,3,5,9,7,6,0,1,2,2,1,1,8202.46308964
20202,1129000740,145,97,48,0,7,36,38,41,23,0,3,17,25,31,21,0,4,19,13,10,2,9541.93127465
20202,1129000741,56,20,36,0,3,16,17,14,6,0,0,6,6,4,4,0,3,10,11,10,2,4143.61013048
20202,1129000742,3,2,1,0,0,0,1,2,0,0,0,0,0,2,0,0,0,0,1,0,0,1431.23791778
20202,1129000743,61,42,19,0,1,11,14,23,12,0,0,7,8,16,11,0,1,4,6,7,1,7113.146768
20202,1129000744,757,537,220,0,2,7,21,54,673,0,2,6,9,25,495,0,0,1,12,29,178,904.36961389
20202,1129000745,15,13,2,0,1,3,4,6,1,0,0,2,4,6,1,0,1,1,0,0,0,3710.29729485
20202,1129000746,2,2,0,0,0,1,1,0,0,0,0,1,1,0,0,0,0,0,0,0,0,2143.21195944
20202,1129000748,10,7,3,0,1,1,6,0,2,0,0,1,5,0,1,0,1,0,1,0,1,1118.38182539
20202,1129000749,8,7,1,0,0,3,5,0,0,0,0,3,4,0,0,0,0,0,1,0,0,948.530638041
20202,1129000756,58,36,22,0,19,13,19,7,0,0,9,6,17,4,0,0,10,7,2,3,0,4848.63238981
20202,1129000758,87,21,66,0,12,11,27,27,10,0,3,3,8,2,5,0,9,8,19,25,5,4746.70127887
20202,1129000759,8,6,2,0,0,3,2,1,2,0,0,1,2,1,2,0,0,2,0,0,0,4198.54580256
20202,1129000763,40,22,18,0,2,7,17,8,6,0,1,6,10,3,2,0,1,1,7,5,4,4077.80120428
20202,1129000767,1,0,1,0,0,1,0,0,0,0,0,0,0,0,0,0,0,1,0,0,0,3633.36732999
20202,1129000770,9,6,3,0,0,0,6,2,1,0,0,0,3,2,1,0,0,0,3,0,0,4494.64404784
20202,1129000773,2,0,2,0,0,0,2,0,0,0,0,0,0,0,0,0,0,0,2,0,0,3472.2940408
20202,1129000774,7,3,4,0,1,2,4,0,0,0,0,0,3,0,0,0,1,2,1,0,0,4345.99394664
20202,1129000775,9,2,7,0,1,4,2,2,0,0,0,1,0,1,0,0,1,3,2,1,0,3136.78108163
20202,1129000776,14,11,3,0,1,5,4,4,0,0,0,4,4,3,0,0,1,1,0,1,0,3585.98635768
20202,1129000780,1,1,0,0,0,0,0,1,0,0,0,0,0,1,0,0,0,0,0,0,0,9422.77781434
20202,1129000781,28,19,9,0,6,4,10,6,2,0,2,3,7,5,2,0,4,1,3,1,0,2547.94772849
20202,1129000782,24,8,16,3,3,4,11,2,1,0,0,2,5,0,1,3,3,2,6,2,0,5348.99714237
20202,1129000784,15,5,10,0,1,7,4,2,1,0,0,1,2,1,1,0,1,6,2,1,0,5119.40646325
20202,1129000787,10,4,6,0,5,2,1,1,1,0,1,2,0,0,1,0,4,0,1,1,0,3394.73541103
20202,1129000794,24,19,5,0,0,0,7,6,11,0,0,0,5,5,9,0,0,0,2,1,2,4926.52656172
20202,1129000796,12,8,4,0,0,0,2,4,6,0,0,0,1,3,4,0,0,0,1,1,2,4710.51065289
20202,1129000798,13,11,2,0,0,1,3,7,2,0,0,1,2,6,2,0,0,0,1,1,0,4172.81334224
20202,1129000800,23,20,3,0,5,2,5,6,5,0,5,2,3,6,4,0,0,0,2,0,1,9189.49733779
20202,1129000801,9,2,7,0,0,0,2,4,3,0,0,0,0,0,2,0,0,0,2,4,1,3116.91508343
20202,1129000802,2843,2591,252,0,311,1334,571,583,44,0,227,1193,545,582,44,0,84,141,26,1,0,1396.42794887
20202,1129000805,10,10,0,0,0,1,5,1,3,0,0,1,5,1,3,0,0,0,0,0,0,2544.69833752
20202,1129000806,7,7,0,0,1,1,2,3,0,0,1,1,2,3,0,0,0,0,0,0,0,4868.1024665
20202,1129000810,3,1,2,0,0,2,0,1,0,0,0,1,0,0,0,0,0,1,0,1,0,2902.12756064
20202,1129000811,106,87,19,2,12,20,28,21,23,1,6,18,24,19,19,1,6,2,4,2,4,4712.19466275
20202,1129000812,716,470,246,0,18,67,86,152,393,0,16,61,81,83,229,0,2,6,5,69,164,2416.06728545
20202,1129000814,1,0,1,0,0,0,0,0,1,0,0,0,0,0,0,0,0,0,0,0,1,3535.76576188
20202,1129000815,21,4,17,0,7,4,4,5,1,0,0,0,1,2,1,0,7,4,3,3,0,2705.47322857
20202,1129000818,22,12,10,0,2,4,5,8,3,0,2,3,3,2,2,0,0,1,2,6,1,5225.811889
20202,1129000819,99,23,76,0,17,14,21,39,8,0,1,7,10,3,2,0,16,7,11,36,6,5554.98911301
20202,1129000823,42,25,17,0,7,6,8,9,12,0,2,4,3,7,9,0,5,2,5,2,3,5420.59526373
20202,1129000826,45,35,10,1,8,8,10,15,3,1,5,7,6,13,3,0,3,1,4,2,0,4070.9246453
20202,1129000827,2,1,1,0,0,0,0,2,0,0,0,0,0,1,0,0,0,0,0,1,0,8345.35970478
20202,1129000829,8,3,5,0,1,2,2,2,1,0,0,2,1,0,0,0,1,0,1,2,1,838.622725244
20202,1129000831,2,1,1,0,0,0,0,2,0,0,0,0,0,1,0,0,0,0,0,1,0,4537.91626988
20202,1129000832,9,2,7,0,0,0,4,3,2,0,0,0,0,1,1,0,0,0,4,2,1,2183.68107382
20202,1129000833,3,2,1,0,0,0,0,0,3,0,0,0,0,0,2,0,0,0,0,0,1,879.295476845
20202,1129000837,3,3,0,0,0,1,1,1,0,0,0,1,1,1,0,0,0,0,0,0,0,6468.44824669
20202,1129000840,1,0,1,0,0,0,1,0,0,0,0,0,0,0,0,0,0,0,1,0,0,3295.81688917
20202,1129000841,13,6,7,0,1,5,4,1,2,0,1,2,1,1,1,0,0,3,3,0,1,5206.56465917
20202,1129000842,27,8,19,0,6,7,7,4,3,0,1,2,2,1,2,0,5,5,5,3,1,41579.382174
20202,1129000848,4,4,0,0,0,0,2,2,0,0,0,0,2,2,0,0,0,0,0,0,0,3721.90256055
20202,1129000852,1324,924,400,0,185,375,407,339,18,0,68,233,313,295,15,0,117,142,94,44,3,2298.98810316
20202,1129000856,17,7,10,0,0,2,7,4,4,0,0,0,2,2,3,0,0,2,5,2,1,7003.62599755
20202,1129000858,6,2,4,0,1,0,1,0,4,0,0,0,0,0,2,0,1,0,1,0,2,6460.11439249
20202,1129000860,4,3,1,0,0,2,2,0,0,0,0,1,2,0,0,0,0,1,0,0,0,11302.0638409
20202,1129000865,11,2,9,0,0,1,6,4,0,0,0,0,2,0,0,0,0,1,4,4,0,5324.17018796
20202,1129000866,63,47,16,0,7,24,17,11,4,0,2,16,16,9,4,0,5,8,1,2,0,5136.25425065
20202,1129000867,23,6,17,0,4,3,8,7,1,0,1,0,1,4,0,0,3,3,7,3,1,5045.4005423
20202,1129000868,24,19,5,0,4,13,5,1,1,0,3,11,3,1,1,0,1,2,2,0,0,9852.24429658
20202,1129000874,2,2,0,0,0,0,1,1,0,0,0,0,1,1,0,0,0,0,0,0,0,1406.93640558
20202,1129000885,2,2,0,0,0,1,0,1,0,0,0,1,0,1,0,0,0,0,0,0,0,5231.8062761
20202,1129000893,241,226,15,0,10,91,87,39,14,0,9,87,84,33,13,0,1,4,3,6,1,2119.1117736
20202,1129000903,6,5,1,0,1,1,4,0,0,0,1,0,4,0,0,0,0,1,0,0,0,1007.05343671
20202,1129000907,3,2,1,0,0,0,2,1,0,0,0,0,1,1,0,0,0,0,1,0,0,48087.2623084
20202,1129000909,2,1,1,0,0,0,0,2,0,0,0,0,0,1,0,0,0,0,0,1,0,5166.2689427
20202,1129000918,16,0,16,0,5,2,5,4,0,0,0,0,0,0,0,0,5,2,5,4,0,14185.5072107
20202,1129000922,24,19,5,0,2,5,9,3,5,0,2,5,6,2,4,0,0,0,3,1,1,1524.11613458
20202,1129000928,185,109,76,0,23,27,34,38,63,0,7,15,22,23,42,0,16,12,12,15,21,1558.34090415
20202,1129000931,51,8,43,0,0,1,3,15,32,0,0,1,1,4,2,0,0,0,2,11,30,5185.99555115
20202,1129000932,4,3,1,0,0,1,1,2,0,0,0,1,1,1,0,0,0,0,0,1,0,2642.08715849
20202,1129000933,3,1,2,0,1,2,0,0,0,0,0,1,0,0,0,0,1,1,0,0,0,4002.61665704
20202,1129000936,2,1,1,0,0,0,0,2,0,0,0,0,0,1,0,0,0,0,0,1,0,1776.85046849
20202,1129000937,2,2,0,0,0,0,2,0,0,0,0,0,2,0,0,0,0,0,0,0,0,4500.351309
20202,1129000938,7,3,4,0,1,0,2,2,2,0,0,0,1,1,1,0,1,0,1,1,1,2365.00968403
20202,1129000943,3,0,3,0,0,0,0,2,1,0,0,0,0,0,0,0,0,0,0,2,1,11980.392721
20202,1129000945,2,1,1,0,0,0,1,1,0,0,0,0,1,0,0,0,0,0,0,1,0,1689.85260309
20202,1129000947,3,3,0,0,0,0,3,0,0,0,0,0,3,0,0,0,0,0,0,0,0,2011.29263515
20202,1129000948,11,3,8,0,1,0,0,7,3,0,0,0,0,3,0,0,1,0,0,4,3,4031.43145234
20202,1129000949,3,1,2,0,1,2,0,0,0,0,0,1,0,0,0,0,1,1,0,0,0,1465.83435404
20202,1129000950,2,1,1,0,0,0,2,0,0,0,0,0,1,0,0,0,0,0,1,0,0,4461.30782734
20202,1129000951,6,4,2,0,3,0,0,2,1,0,1,0,0,2,1,0,2,0,0,0,0,3920.70547856
20202,1129000953,3,1,2,0,0,0,2,1,0,0,0,0,1,0,0,0,0,0,1,1,0,2073.78218536
20202,1129000955,2,1,1,0,0,1,1,0,0,0,0,0,1,0,0,0,0,1,0,0,0,8279.33715161
20202,1129000961,8,0,8,0,0,1,5,2,0,0,0,0,0,0,0,0,0,1,5,2,0,1027.71170842
20202,1129000963,1,0,1,0,0,0,0,1,0,0,0,0,0,0,0,0,0,0,0,1,0,2936.63904732
20202,1129000966,5,3,2,0,1,1,2,1,0,0,0,1,1,1,0,0,1,0,1,0,0,3996.60147507
20202,1129000967,23,10,13,0,1,2,10,8,2,0,0,0,6,4,0,0,1,2,4,4,2,5835.11929548
20202,1129000968,21,16,5,0,3,5,1,6,6,0,3,4,1,5,3,0,0,1,0,1,3,5025.1413773
20202,1129000969,38,16,22,0,6,14,11,6,1,0,1,7,4,3,1,0,5,7,7,3,0,4441.18787613
20202,1129000975,23,4,19,0,5,4,7,6,1,0,0,2,0,1,1,0,5,2,7,5,0,2796.2155936
20202,1129000977,4,3,1,0,0,1,2,1,0,0,0,1,1,1,0,0,0,0,1,0,0,4341.64748414
20202,1129000978,5,2,3,0,0,0,1,4,0,0,0,0,0,2,0,0,0,0,1,2,0,1726.0931747
20202,1129000980,76,60,16,1,6,15,21,16,17,0,5,9,19,14,13,1,1,6,2,2,4,5095.56778035
20202,1129000981,1,1,0,0,0,0,0,1,0,0,0,0,0,1,0,0,0,0,0,0,0,1652.94656966
20202,1129000985,4,3,1,0,0,0,0,2,2,0,0,0,0,1,2,0,0,0,0,1,0,3395.58049285
20202,1129000986,4,1,3,0,0,2,1,0,1,0,0,0,0,0,1,0,0,2,1,0,0,4952.45455533
20202,1129000989,4,3,1,0,1,0,1,0,2,0,0,0,1,0,2,0,1,0,0,0,0,3070.24257225
20202,1129000991,3,2,1,0,0,0,0,1,2,0,0,0,0,1,1,0,0,0,0,0,1,2224.03921715
20202,1129000992,3,1,2,0,0,1,1,0,1,0,0,0,0,0,1,0,0,1,1,0,0,2179.81448763
20202,1129000993,77,10,67,0,12,23,28,12,2,0,3,2,4,1,0,0,9,21,24,11,2,23159.967845
20202,1129000994,70,32,38,0,12,11,14,29,4,0,12,6,7,4,3,0,0,5,7,25,1,6404.97706942
20202,1129000996,13,11,2,0,1,2,5,5,0,0,1,0,5,5,0,0,0,2,0,0,0,4348.20984225
20202,1129001000,20,5,15,0,3,1,10,4,2,0,1,0,1,2,1,0,2,1,9,2,1,2206.90975883
20202,1129001001,24,18,6,0,3,9,4,6,2,0,1,6,4,5,2,0,2,3,0,1,0,2175.0936737
20202,1129001004,3,2,1,0,0,0,0,3,0,0,0,0,0,2,0,0,0,0,0,1,0,841.776469571
20202,1129001005,6,4,2,0,0,0,0,2,4,0,0,0,0,2,2,0,0,0,0,0,2,5383.81920806
20202,1129001013,1,0,1,0,0,0,1,0,0,0,0,0,0,0,0,0,0,0,1,0,0,1362.66134975
20202,1129001014,2,0,2,0,1,0,1,0,0,0,0,0,0,0,0,0,1,0,1,0,0,2521.91071702
20202,1129001017,4,1,3,1,1,0,0,2,0,0,0,0,0,1,0,1,1,0,0,1,0,547.046863162
20202,1129001018,1,1,0,0,0,0,1,0,0,0,0,0,1,0,0,0,0,0,0,0,0,6064.97069654
20202,1129001023,3,2,1,0,0,2,0,0,1,0,0,1,0,0,1,0,0,1,0,0,0,3199.33517688
20202,1129001025,5,2,3,0,0,2,2,1,0,0,0,1,1,0,0,0,0,1,1,1,0,3103.11723382
20202,1129001028,12,11,1,0,2,3,2,5,0,0,2,3,2,4,0,0,0,0,0,1,0,9120.23713948
20202,1129001030,2,2,0,0,1,0,0,1,0,0,1,0,0,1,0,0,0,0,0,0,0,1108.05236748
20202,1129001032,3,2,1,0,0,1,1,1,0,0,0,0,1,1,0,0,0,1,0,0,0,4876.98694464
20202,1129001037,25,10,15,0,0,8,8,5,4,0,0,1,2,3,4,0,0,7,6,2,0,3751.77947069
20202,1129001038,13,11,2,0,2,2,2,5,2,0,2,1,2,4,2,0,0,1,0,1,0,3626.80682001
20202,1129001042,5,4,1,0,0,0,2,2,1,0,0,0,1,2,1,0,0,0,1,0,0,1140.02472102
20202,1129001043,82,49,33,0,13,18,23,13,15,0,5,11,13,6,14,0,8,7,10,7,1,5254.32926294
20202,1129001044,6,5,1,0,0,0,1,0,5,0,0,0,0,0,5,0,0,0,1,0,0,4353.42759836
20202,1129001045,2,0,2,0,0,2,0,0,0,0,0,0,0,0,0,0,0,2,0,0,0,1745.5788188
20202,1129001046,10,2,8,0,2,1,6,0,1,0,0,0,1,0,1,0,2,1,5,0,0,5524.71091009
20202,1129001047,10,6,4,0,0,1,1,5,3,0,0,0,1,3,2,0,0,1,0,2,1,1830.36775806
20202,1129001051,7,5,2,0,5,0,2,0,0,0,4,0,1,0,0,0,1,0,1,0,0,5735.56898147
20202,1129001052,8,3,5,0,1,3,2,1,1,0,0,1,1,0,1,0,1,2,1,1,0,2746.02079493
20202,1129001054,6,4,2,0,0,3,3,0,0,0,0,2,2,0,0,0,0,1,1,0,0,1503.74960553
20202,1129001055,101,58,43,0,6,18,20,23,34,0,4,17,11,12,14,0,2,1,9,11,20,6147.10025989
20202,1129001056,4,3,1,0,0,2,1,0,1,0,0,1,1,0,1,0,0,1,0,0,0,1075.18881478
20202,1129001057,7,2,5,0,0,2,1,2,2,0,0,0,1,0,1,0,0,2,0,2,1,6251.77217275
20202,1129001058,21,15,6,0,0,3,4,7,7,0,0,2,2,6,5,0,0,1,2,1,2,2296.71578448
20202,1129001059,83,35,48,0,11,16,22,21,13,0,3,5,12,6,9,0,8,11,10,15,4,4413.11239033
20202,1129001060,9,3,6,0,0,1,2,3,3,0,0,1,0,1,1,0,0,0,2,2,2,3498.04703902
20202,1129001061,11,4,7,0,1,4,2,1,3,0,0,0,2,1,1,0,1,4,0,0,2,7049.04775842
20202,1129001063,11,9,2,0,0,1,1,3,6,0,0,1,1,1,6,0,0,0,0,2,0,1505.11098439
20202,1129001066,3,1,2,0,1,1,0,0,1,0,0,0,0,0,1,0,1,1,0,0,0,4832.92958376
20202,1129001067,3,2,1,0,0,0,0,1,2,0,0,0,0,1,1,0,0,0,0,0,1,1016.29541208
20202,1129001068,107,32,75,0,20,23,17,28,19,0,5,12,5,5,5,0,15,11,12,23,14,5273.02720483
20202,1129001069,30,7,23,0,3,6,9,10,2,0,0,1,3,3,0,0,3,5,6,7,2,7790.76766504
20202,1129001070,43,22,21,0,7,8,10,9,9,0,0,2,9,4,7,0,7,6,1,5,2,7140.29290074
20202,1129001071,13,9,4,0,2,4,3,2,2,0,1,3,3,1,1,0,1,1,0,1,1,4726.6933964
20202,1129001074,73,26,47,0,4,6,9,26,28,0,4,4,4,11,3,0,0,2,5,15,25,5494.36833374
20202,1129001078,38,8,30,0,4,14,12,8,0,0,0,2,3,3,0,0,4,12,9,5,0,5059.85190985
20202,1129001079,5,5,0,0,0,1,1,0,3,0,0,1,1,0,3,0,0,0,0,0,0,4938.48442309
20202,1129001081,21,11,10,0,1,1,11,5,3,0,0,0,7,2,2,0,1,1,4,3,1,5816.87580394
20202,1129001084,3,2,1,0,0,0,1,1,1,0,0,0,1,1,0,0,0,0,0,0,1,1218.13032825
20202,1129001086,4,3,1,0,1,0,0,3,0,0,1,0,0,2,0,0,0,0,0,1,0,1258.83208564
20202,1129001087,1888,974,914,2,173,552,489,562,110,2,59,199,237,388,89,0,114,353,252,174,21,4652.20452983
20202,1129001089,36,11,25,1,9,3,9,12,2,1,2,1,3,2,2,0,7,2,6,10,0,6911.31536168
20202,1129001090,41,25,16,0,0,5,7,14,15,0,0,3,4,10,8,0,0,2,3,4,7,8753.21672797
20202,1129001091,72,38,34,0,14,13,24,13,8,0,8,9,8,8,5,0,6,4,16,5,3,4886.54686968
20202,1129001093,11,7,4,0,1,4,2,2,2,0,0,2,2,1,2,0,1,2,0,1,0,2522.29532956
20202,1129001094,23,11,12,0,2,4,9,3,5,0,0,1,6,2,2,0,2,3,3,1,3,4647.07777335
20202,1129001096,10,5,5,0,1,1,1,3,4,0,0,1,0,2,2,0,1,0,1,1,2,4122.46900647
20202,1129001097,3,2,1,0,0,0,1,0,2,0,0,0,1,0,1,0,0,0,0,0,1,2761.41092864
20202,1129001098,569,476,93,0,50,99,195,215,10,0,28,69,161,211,7,0,22,30,34,4,3,8358.05920776
20202,1129001101,7,3,4,0,1,1,4,0,1,0,1,0,1,0,1,0,0,1,3,0,0,4987.15848152
20202,1129001103,7,6,1,0,0,1,4,0,2,0,0,1,3,0,2,0,0,0,1,0,0,489.322619795
20202,1129001104,74,3,71,0,2,4,4,23,41,0,0,0,0,1,2,0,2,4,4,22,39,4061.42766531
20202,1129001105,13,5,8,0,1,5,2,5,0,0,0,2,1,2,0,0,1,3,1,3,0,4728.46195577
20202,1129001108,63,11,52,1,5,15,13,19,10,0,1,1,1,5,3,1,4,14,12,14,7,4633.23802407
20202,1129001111,1440,504,936,0,168,388,622,235,27,0,45,127,183,129,20,0,123,261,439,106,7,3581.21371223
20202,1129001115,10,5,5,0,2,2,5,1,0,0,0,1,3,1,0,0,2,1,2,0,0,1857.22107275
20202,1129001117,42,28,14,0,15,15,8,3,1,0,9,8,7,3,1,0,6,7,1,0,0,5669.0010691
20202,1129001120,4,2,2,0,0,0,1,1,2,0,0,0,0,1,1,0,0,0,1,0,1,4580.96899217
20202,1129001122,97,36,61,1,32,5,12,19,28,1,11,3,6,3,12,0,21,2,6,16,16,7421.26712276
20202,1129001123,2,1,1,0,0,0,0,0,2,0,0,0,0,0,1,0,0,0,0,0,1,1696.64153036
20202,1129001129,19,6,13,0,3,3,5,5,3,0,0,2,1,3,0,0,3,1,4,2,3,3607.41567548
20202,1129001130,6,0,6,0,0,0,1,1,4,0,0,0,0,0,0,0,0,0,1,1,4,2583.55293079
20202,1129001131,23,5,18,0,2,8,6,4,3,0,0,0,2,1,2,0,2,8,4,3,1,4133.48659791
20202,1129001133,95,66,29,0,8,14,24,15,34,0,4,10,20,7,25,0,4,4,4,8,9,3183.55152703
20202,1129001135,2,1,1,0,0,0,0,2,0,0,0,0,0,1,0,0,0,0,0,1,0,2058.40180891
20202,1129001136,10,8,2,0,1,4,3,2,0,0,0,4,2,2,0,0,1,0,1,0,0,3266.05569003
20202,1129001138,4,2,2,0,1,0,1,2,0,0,0,0,1,1,0,0,1,0,0,1,0,585.791870285
20202,1129001139,2,0,2,0,0,0,1,0,1,0,0,0,0,0,0,0,0,0,1,0,1,1302.75915144
20202,1129001140,28,5,23,0,6,8,7,7,0,0,0,0,2,3,0,0,6,8,5,4,0,3436.02822603
20202,1129001141,42,10,32,1,11,9,12,3,6,0,0,0,4,1,5,1,11,9,8,2,1,3221.74481827
20202,1129001142,66,57,9,0,5,9,27,20,5,0,4,8,22,18,5,0,1,1,5,2,0,5276.16119067
20202,1129001148,9,0,9,0,0,1,6,1,1,0,0,0,0,0,0,0,0,1,6,1,1,2789.06820654
20202,1129001160,26,23,3,0,2,0,6,10,8,0,1,0,6,8,8,0,1,0,0,2,0,2685.46833113
20202,1129001162,10,0,10,0,5,1,3,1,0,0,0,0,0,0,0,0,5,1,3,1,0,1353.70511579
20202,1129001177,2,1,1,0,0,0,1,1,0,0,0,0,0,1,0,0,0,0,1,0,0,2909.55795781
20202,1129001189,7,0,7,0,0,1,3,3,0,0,0,0,0,0,0,0,0,1,3,3,0,1309.27820178
20202,1129001193,5,5,0,0,0,0,0,0,5,0,0,0,0,0,5,0,0,0,0,0,0,1998.83080038
20202,1129001197,2,1,1,0,1,0,0,1,0,0,1,0,0,0,0,0,0,0,0,1,0,99605.7962169
20202,1129001209,3,1,2,0,1,1,1,0,0,0,0,1,0,0,0,0,1,0,1,0,0,1209.571331
20202,1129001212,63,40,23,0,4,6,14,14,25,0,3,3,8,9,17,0,1,3,6,5,8,3228.87013375
20202,1129001213,11,11,0,0,0,0,5,3,3,0,0,0,5,3,3,0,0,0,0,0,0,11869.6987014
20202,1129001216,2,2,0,0,0,0,1,0,1,0,0,0,1,0,1,0,0,0,0,0,0,1419.54481761
20202,1129001222,5,1,4,0,0,2,2,0,1,0,0,0,0,0,1,0,0,2,2,0,0,1470.5223192
20202,1129001224,12,9,3,0,1,1,3,4,3,0,0,1,2,3,3,0,1,0,1,1,0,4565.34861939
20202,1129001225,281,216,65,3,41,118,74,36,9,0,15,96,63,33,9,3,26,22,11,3,0,10829.4942014
20202,1129001229,23,12,11,0,1,5,7,7,3,0,1,2,3,4,2,0,0,3,4,3,1,5993.1940868
20202,1129001230,2,1,1,0,0,0,0,1,1,0,0,0,0,0,1,0,0,0,0,1,0,2293.41197725
20202,1129001231,3,2,1,0,0,1,2,0,0,0,0,0,2,0,0,0,0,1,0,0,0,936.311347998
20202,1129001233,2,1,1,0,0,0,1,0,1,0,0,0,0,0,1,0,0,0,1,0,0,1892.3058786
20202,1129001234,8,3,5,0,0,3,0,5,0,0,0,2,0,1,0,0,0,1,0,4,0,1664.17872038
20202,1129001236,3,1,2,0,0,0,3,0,0,0,0,0,1,0,0,0,0,0,2,0,0,2740.33162369
20202,1129001237,9,6,3,0,0,1,2,2,4,0,0,0,2,2,2,0,0,1,0,0,2,4341.85360475
20202,1129001244,2,0,2,0,0,0,1,0,1,0,0,0,0,0,0,0,0,0,1,0,1,1992.77634823
20202,1129001248,2,2,0,0,0,0,1,1,0,0,0,0,1,1,0,0,0,0,0,0,0,1114.64235579
20202,1129001249,15,13,2,0,1,2,4,3,5,0,1,2,3,3,4,0,0,0,1,0,1,2931.45226285
20202,1129001251,3,2,1,0,0,0,1,2,0,0,0,0,1,1,0,0,0,0,0,1,0,923.601009438
20202,1129001252,3,2,1,0,0,2,1,0,0,0,0,1,1,0,0,0,0,1,0,0,0,2599.71738132
20202,1129001254,6,5,1,0,1,1,3,0,1,0,1,1,2,0,1,0,0,0,1,0,0,5550.75628274
20202,1129001258,18,12,6,0,3,4,3,7,1,0,2,2,2,5,1,0,1,2,1,2,0,3363.37529125
20202,1129001282,1,0,1,0,0,0,1,0,0,0,0,0,0,0,0,0,0,0,1,0,0,754.959099717
20202,1129001285,51,41,10,0,4,7,10,15,15,0,3,4,7,13,14,0,1,3,3,2,1,658.550706345
20202,1129001289,5,1,4,0,1,0,1,2,1,0,0,0,0,1,0,0,1,0,1,1,1,3968.07642543
20202,1129001291,69,19,50,0,14,15,22,14,4,0,5,5,4,3,2,0,9,10,18,11,2,17632.6150367
20202,1129001292,20,15,5,0,0,4,1,3,12,0,0,1,1,2,11,0,0,3,0,1,1,4902.26588196
20202,1129001300,6,5,1,0,2,1,1,1,1,0,1,1,1,1,1,0,1,0,0,0,0,1001.19178283
20202,1129001301,13,10,3,0,0,5,2,6,0,0,0,4,1,5,0,0,0,1,1,1,0,1508.07996165
20202,1129001311,16,15,1,0,0,5,5,5,1,0,0,4,5,5,1,0,0,1,0,0,0,1419.37916464
20202,1129001315,13,8,5,0,1,4,2,5,1,0,0,3,1,3,1,0,1,1,1,2,0,7326.73988324
20202,1129001318,15,13,2,0,0,0,6,5,4,0,0,0,4,5,4,0,0,0,2,0,0,5437.55591509
20202,1129001320,4,1,3,0,0,2,0,1,1,0,0,1,0,0,0,0,0,1,0,1,1,1903.80143801
20202,1129001323,3,2,1,0,0,0,0,1,2,0,0,0,0,1,1,0,0,0,0,0,1,2120.45093986
20202,1129001326,2,1,1,0,1,0,0,1,0,0,1,0,0,0,0,0,0,0,0,1,0,918.664044957
20202,1129001327,22,19,3,0,0,8,6,7,1,0,0,7,5,6,1,0,0,1,1,1,0,4622.36804481
20202,1129001330,2,0,2,0,0,0,0,1,1,0,0,0,0,0,0,0,0,0,0,1,1,1084.26803368
20202,1129001334,4,4,0,0,0,4,0,0,0,0,0,4,0,0,0,0,0,0,0,0,0,5649.95803163
20202,1129001336,5,4,1,0,1,2,0,2,0,0,1,2,0,1,0,0,0,0,0,1,0,2715.72165908
20202,1129001346,4,2,2,0,0,0,2,1,1,0,0,0,1,1,0,0,0,0,1,0,1,2308.39439091
20202,1129001348,8,1,7,0,1,1,1,4,1,0,0,0,0,0,1,0,1,1,1,4,0,4790.86921001
20202,1129001350,95,50,45,0,14,19,24,17,21,0,1,9,13,10,17,0,13,10,11,7,4,3080.69931178
20202,1129001354,38,9,29,0,12,14,5,7,0,0,2,2,2,3,0,0,10,12,3,4,0,2816.14414283
20202,1129001360,92,77,15,0,22,21,14,30,5,0,22,17,8,25,5,0,0,4,6,5,0,2836.0672573
20202,1129001363,4,2,2,0,0,1,0,1,2,0,0,0,0,1,1,0,0,1,0,0,1,3231.17273356
20202,1129001364,18,17,1,0,1,3,4,6,4,0,1,3,4,5,4,0,0,0,0,1,0,2347.55049009
20202,1129001369,2,2,0,0,0,1,1,0,0,0,0,1,1,0,0,0,0,0,0,0,0,1727.63892008
20202,1129001371,5,1,4,0,2,0,0,2,1,0,0,0,0,1,0,0,2,0,0,1,1,3301.08702655
20202,1129001376,10,8,2,0,0,2,3,1,4,0,0,2,3,1,2,0,0,0,0,0,2,4852.52882864
20202,1129001379,6,4,2,0,1,0,1,4,0,0,1,0,0,3,0,0,0,0,1,1,0,2566.67596289
20202,1129001380,8,4,4,0,0,1,2,1,4,0,0,1,1,1,1,0,0,0,1,0,3,3835.571848
20202,1129001382,3,2,1,0,0,1,0,2,0,0,0,1,0,1,0,0,0,0,0,1,0,1341.3151994
20202,1129001384,11,7,4,0,0,5,2,3,1,0,0,3,2,1,1,0,0,2,0,2,0,2434.41465641
20202,1129001389,3,3,0,0,0,0,1,1,1,0,0,0,1,1,1,0,0,0,0,0,0,1455.30132018
20202,1129001391,3,2,1,0,0,0,1,2,0,0,0,0,1,1,0,0,0,0,0,1,0,4600.61349277
20202,1129001397,2,1,1,0,0,0,0,1,1,0,0,0,0,1,0,0,0,0,0,0,1,868.923957791
20202,1129001400,8,5,3,0,1,1,0,4,2,0,0,0,0,3,2,0,1,1,0,1,0,2443.09056824
20202,1129001402,8,6,2,0,0,2,2,3,1,0,0,1,2,2,1,0,0,1,0,1,0,1363.18684457
20202,1129001405,7,4,3,0,0,0,1,2,4,0,0,0,0,1,3,0,0,0,1,1,1,3773.12069376
20202,1129001409,7,4,3,0,3,2,1,1,0,0,2,1,1,0,0,0,1,1,0,1,0,3687.19811542
20202,1129001411,1,0,1,0,0,0,1,0,0,0,0,0,0,0,0,0,0,0,1,0,0,893.065313794
20202,1129001415,3,2,1,0,0,0,2,1,0,0,0,0,2,0,0,0,0,0,0,1,0,2578.26555068
20202,1129001416,16,8,8,0,2,3,6,4,1,0,0,1,4,2,1,0,2,2,2,2,0,2382.94063562
20202,1129001422,82,34,48,0,10,19,16,19,18,0,0,4,6,8,16,0,10,15,10,11,2,10522.4008775
20202,1129001424,71,57,14,0,4,10,20,34,3,0,3,5,14,32,3,0,1,5,6,2,0,5099.14970665
20202,1129001427,9,4,5,0,0,0,1,6,2,0,0,0,0,3,1,0,0,0,1,3,1,2764.31163355
20202,1129001428,58,25,33,0,6,15,15,17,5,0,3,4,5,9,4,0,3,11,10,8,1,24849.9049279
20202,1129001430,40,39,1,0,2,3,4,23,8,0,2,3,3,23,8,0,0,0,1,0,0,1719.2810491
20202,1129001433,1,0,1,0,0,1,0,0,0,0,0,0,0,0,0,0,0,1,0,0,0,4161.82129936
20202,1129001434,8,8,0,0,0,2,2,1,3,0,0,2,2,1,3,0,0,0,0,0,0,3140.00692645
20202,1129001436,3,3,0,0,0,0,1,0,2,0,0,0,1,0,2,0,0,0,0,0,0,1922.30098389
20202,1129001437,4,2,2,0,1,1,0,2,0,0,0,1,0,1,0,0,1,0,0,1,0,1054.98095312
20202,1129001440,37,8,29,0,2,7,11,12,5,0,2,1,1,0,4,0,0,6,10,12,1,12902.9829544
20202,1129001441,3,1,2,0,2,0,0,1,0,0,1,0,0,0,0,0,1,0,0,1,0,2441.66146192
20202,1129001442,10,10,0,0,0,3,5,2,0,0,0,3,5,2,0,0,0,0,0,0,0,2677.91136473
20202,1129001444,9,3,6,0,3,1,1,4,0,0,1,0,1,1,0,0,2,1,0,3,0,8911.19997696
20202,1129001445,1,0,1,0,0,0,0,1,0,0,0,0,0,0,0,0,0,0,0,1,0,2572.54803552
20202,1129001446,129,54,75,1,31,34,27,12,24,0,6,10,19,8,11,1,25,24,8,4,13,6222.99353583
20202,1129001449,10,8,2,0,4,1,1,3,1,0,3,1,1,2,1,0,1,0,0,1,0,1638.67995197
20202,1129001450,41,39,2,0,1,5,4,13,18,0,1,4,4,12,18,0,0,1,0,1,0,3137.43463678
20202,1129001451,3,2,1,0,0,0,1,1,1,0,0,0,1,1,0,0,0,0,0,0,1,1471.26951474
20202,1129001454,44,39,5,0,0,2,7,12,23,0,0,2,4,11,22,0,0,0,3,1,1,3278.69548523
20202,1129001457,4,3,1,0,0,1,0,2,1,0,0,1,0,1,1,0,0,0,0,1,0,2809.34675755
20202,1129001465,6,5,1,0,0,0,3,2,1,0,0,0,2,2,1,0,0,0,1,0,0,4592.43662789
20202,1129001468,6,2,4,0,0,2,1,2,1,0,0,1,0,1,0,0,0,1,1,1,1,5275.84700193
20202,1129001471,9,4,5,0,0,3,1,0,5,0,0,0,0,0,4,0,0,3,1,0,1,3885.02788991
20202,1129001473,6,5,1,0,0,0,4,2,0,0,0,0,3,2,0,0,0,0,1,0,0,1611.55927305
20202,1129001476,12,10,2,0,2,1,4,3,2,0,2,1,4,1,2,0,0,0,0,2,0,3534.0133398
20202,1129001489,907,703,204,0,4,10,19,44,830,0,0,7,6,26,664,0,4,3,13,18,166,3463.59476813
20202,1129001491,3,1,2,0,0,0,3,0,0,0,0,0,1,0,0,0,0,0,2,0,0,3906.08988199
20202,1129001498,19,12,7,0,0,2,6,5,6,0,0,1,4,2,5,0,0,1,2,3,1,1347.21113131
20202,1129001499,4,4,0,0,3,1,0,0,0,0,3,1,0,0,0,0,0,0,0,0,0,1754.1850392
20202,1129001500,4,1,3,0,0,1,3,0,0,0,0,0,1,0,0,0,0,1,2,0,0,863.468436994
20202,1129001503,37,34,3,0,4,7,7,9,10,0,3,6,6,9,10,0,1,1,1,0,0,6648.95313586
20202,1129001508,23,11,12,0,1,0,9,9,4,0,1,0,4,3,3,0,0,0,5,6,1,2775.16339585
20202,1129001511,6,2,4,0,0,1,3,2,0,0,0,0,0,2,0,0,0,1,3,0,0,2425.55832245
20202,1129001512,3,3,0,0,0,0,3,0,0,0,0,0,3,0,0,0,0,0,0,0,0,2482.12818792
20202,1129001516,3,1,2,0,0,0,1,2,0,0,0,0,0,1,0,0,0,0,1,1,0,10269.6729421
20202,1129001517,8,2,6,0,4,1,3,0,0,0,1,0,1,0,0,0,3,1,2,0,0,2946.1416121
20202,1129001520,24,19,5,0,0,0,3,4,17,0,0,0,2,3,14,0,0,0,1,1,3,112264.001808
20202,1129001527,21,3,18,1,3,7,6,3,1,0,1,0,1,0,1,1,2,7,5,3,0,1815.25704643
20202,1129001529,836,443,393,10,107,148,194,210,167,8,67,96,91,95,86,2,40,52,103,115,81,3244.91565666
20202,1129001533,12,6,6,0,1,2,5,3,1,0,1,2,0,2,1,0,0,0,5,1,0,7005.07258843
20202,1129001541,4,2,2,0,0,0,3,1,0,0,0,0,1,1,0,0,0,0,2,0,0,5582.10152217
20202,1129001542,35,21,14,0,6,12,6,9,2,0,0,8,5,7,1,0,6,4,1,2,1,10809.4800919
20202,1129001543,9,5,4,0,2,4,2,0,1,0,2,2,1,0,0,0,0,2,1,0,1,4252.23772058
20202,1129001544,13,7,6,0,2,2,3,3,3,0,1,1,3,0,2,0,1,1,0,3,1,2769.46438583
20202,1129001546,41,13,28,4,14,5,9,8,1,0,3,3,3,4,0,4,11,2,6,4,1,3700.23516321
20202,1129001547,8,4,4,0,0,1,1,2,4,0,0,0,0,1,3,0,0,1,1,1,1,2283.89334788
20202,1129001549,3,2,1,0,0,0,0,1,2,0,0,0,0,0,2,0,0,0,0,1,0,3082.87086879
20202,1129001550,17,7,10,0,4,4,0,5,4,0,0,0,0,5,2,0,4,4,0,0,2,3963.01710403
20202,1129001551,3,2,1,0,0,0,2,1,0,0,0,0,1,1,0,0,0,0,1,0,0,1255.51300215
20202,1129001552,11,4,7,0,3,4,0,4,0,0,0,2,0,2,0,0,3,2,0,2,0,2288.87004357
20202,1129001553,3,0,3,0,0,1,1,0,1,0,0,0,0,0,0,0,0,1,1,0,1,1312.89575304
20202,1129001554,20,13,7,0,0,3,4,10,3,0,0,1,1,9,2,0,0,2,3,1,1,4500.72589937
20202,1129001556,2,1,1,0,0,0,1,0,1,0,0,0,0,0,1,0,0,0,1,0,0,2130.03979263
20202,1129001557,22,10,12,0,3,2,5,4,8,0,2,0,2,2,4,0,1,2,3,2,4,1823.5022601
20202,1129001558,4,2,2,0,0,0,4,0,0,0,0,0,2,0,0,0,0,0,2,0,0,4102.41936634
20202,1129001561,2,1,1,0,0,0,1,0,1,0,0,0,0,0,1,0,0,0,1,0,0,1632.12625983
20202,1129001564,2,1,1,0,0,0,1,0,1,0,0,0,0,0,1,0,0,0,1,0,0,13747.5201953
20202,1129001566,8,5,3,0,1,0,2,3,2,0,0,0,2,2,1,0,1,0,0,1,1,2783.57534131
20202,1129001567,3,0,3,0,1,0,0,2,0,0,0,0,0,0,0,0,1,0,0,2,0,10023.0335707
20202,1129001568,24,14,10,0,2,6,2,7,7,0,0,2,2,5,5,0,2,4,0,2,2,4343.0355389
20202,1129001569,26,13,13,0,3,5,8,5,5,0,1,2,4,2,4,0,2,3,4,3,1,14381.065832
20202,1129001570,13,10,3,0,0,3,2,5,3,0,0,3,1,3,3,0,0,0,1,2,0,1730.01425553
20202,1129001571,432,90,342,1,41,96,188,103,3,0,11,40,30,7,2,1,30,56,158,96,1,3964.85927945
20202,1129001572,362,112,250,0,18,131,177,24,12,0,6,34,48,12,12,0,12,97,129,12,0,8056.7275957
20202,1129001573,5,4,1,0,0,3,0,1,1,0,0,2,0,1,1,0,0,1,0,0,0,3278.67060907
20202,1129001574,14,9,5,0,2,3,6,2,1,0,1,2,3,2,1,0,1,1,3,0,0,5029.25642128
20202,1129001575,45,16,29,0,8,7,8,14,8,0,3,3,0,6,4,0,5,4,8,8,4,8008.16925497
20202,1129001576,20,13,7,0,2,6,6,5,1,0,2,3,5,3,0,0,0,3,1,2,1,2056.06663506
20202,1129001577,59,11,48,0,11,11,6,29,2,0,2,4,5,0,0,0,9,7,1,29,2,4200.93537208
20202,1129001578,122,88,34,0,3,13,50,42,14,0,0,11,38,31,8,0,3,2,12,11,6,5359.15774984
20202,1129001580,12,1,11,0,1,2,2,3,4,0,0,0,0,0,1,0,1,2,2,3,3,2692.58656665
20202,1129001581,16,6,10,0,1,3,4,4,4,0,0,0,2,1,3,0,1,3,2,3,1,5943.67095631
20202,1129001582,5,1,4,0,2,0,1,1,1,0,1,0,0,0,0,0,1,0,1,1,1,3755.61358973
20202,1129001583,188,60,128,0,40,88,41,12,7,0,9,26,16,4,5,0,31,62,25,8,2,2705.58063208
20202,1129001584,682,558,124,3,110,218,218,92,41,3,79,184,190,69,33,0,31,34,28,23,8,12585.539396
20202,1129001585,62,15,47,0,4,22,21,13,2,0,0,7,3,4,1,0,4,15,18,9,1,18159.6794215
20202,1129001586,236,75,161,0,33,30,40,49,84,0,11,13,13,11,27,0,22,17,27,38,57,6965.9160308
20202,1129001588,23,9,14,0,4,5,5,6,3,0,2,0,2,2,3,0,2,5,3,4,0,28616.6529241
20202,1129001589,9,5,4,0,1,1,3,4,0,0,0,1,1,3,0,0,1,0,2,1,0,2947.70634045
20202,1129001590,27,17,10,1,2,9,7,6,2,0,2,6,4,4,1,1,0,3,3,2,1,4798.23307808
20202,1129001591,21,10,11,0,5,3,6,4,3,0,1,2,3,2,2,0,4,1,3,2,1,2138.14774143
20202,1129001595,16,12,4,0,0,7,1,6,2,0,0,5,0,5,2,0,0,2,1,1,0,1784.00920877
20202,1129001602,6,5,1,0,0,0,1,3,2,0,0,0,1,2,2,0,0,0,0,1,0,2389.19628428
20202,1129001604,7,2,5,0,2,0,3,2,0,0,1,0,0,1,0,0,1,0,3,1,0,13313.163929
20202,1129001607,60,51,9,0,1,11,10,24,14,0,1,5,9,23,13,0,0,6,1,1,1,7635.27289405
20202,1129001610,53,30,23,0,4,21,12,4,12,0,1,13,5,4,7,0,3,8,7,0,5,23111.2737032
20202,1129001611,19,18,1,0,6,5,2,3,3,0,6,5,2,3,2,0,0,0,0,0,1,9148.49375224
20202,1129001612,2,2,0,0,0,0,1,1,0,0,0,0,1,1,0,0,0,0,0,0,0,3095.44501609
20202,1129001616,124,24,100,0,14,20,35,50,5,0,7,4,7,5,1,0,7,16,28,45,4,8470.10363357
20202,1129001617,42,23,19,0,6,9,18,1,8,0,1,3,12,0,7,0,5,6,6,1,1,14624.148448
20202,1129001618,24,18,6,0,6,5,8,4,1,0,4,3,6,4,1,0,2,2,2,0,0,6027.49492595
20202,1129001619,3,1,2,0,0,2,0,0,1,0,0,0,0,0,1,0,0,2,0,0,0,1286.20306618
20202,1129001620,4,3,1,0,0,0,1,3,0,0,0,0,1,2,0,0,0,0,0,1,0,3699.48213505
20202,1129001624,1,1,0,0,0,0,1,0,0,0,0,0,1,0,0,0,0,0,0,0,0,1939.28228487
20202,1129001628,9,6,3,0,1,1,2,2,3,0,0,1,2,1,2,0,1,0,0,1,1,2708.79202984
20202,1129001629,8,8,0,0,2,0,4,1,1,0,2,0,4,1,1,0,0,0,0,0,0,3474.47241604
20202,1129001631,2,1,1,0,0,0,0,1,1,0,0,0,0,1,0,0,0,0,0,0,1,2526.9182402
20202,1129001640,2,2,0,0,0,0,0,2,0,0,0,0,0,2,0,0,0,0,0,0,0,6906.31589345
20202,1129001644,62,42,20,0,1,11,18,24,8,0,0,5,13,18,6,0,1,6,5,6,2,17096.9992394
20202,1129001645,6,2,4,0,0,1,1,0,4,0,0,0,1,0,1,0,0,1,0,0,3,1706.17310916
20202,1129001646,15,10,5,0,1,2,3,4,5,0,1,1,3,2,3,0,0,1,0,2,2,7776.28594244
20202,1129001649,6,3,3,0,1,1,0,2,2,0,1,0,0,1,1,0,0,1,0,1,1,3571.2929428
20202,1129001652,59,54,5,0,4,7,31,16,1,0,4,5,28,16,1,0,0,2,3,0,0,11076.9615897
20202,1129001653,1,1,0,0,0,0,0,0,1,0,0,0,0,0,1,0,0,0,0,0,0,531.4830948
20202,1129001657,20,12,8,0,3,1,4,6,6,0,1,1,1,4,5,0,2,0,3,2,1,7318.72766697
20202,1129001659,117,110,7,0,23,26,40,21,7,0,19,24,39,21,7,0,4,2,1,0,0,4489.0919205
20202,1129001660,2,0,2,0,0,0,0,1,1,0,0,0,0,0,0,0,0,0,0,1,1,1786.09024829
20202,1129001661,3,2,1,0,1,1,0,1,0,0,0,1,0,1,0,0,1,0,0,0,0,4540.41539848
20202,1129001663,3,1,2,0,1,0,0,2,0,0,0,0,0,1,0,0,1,0,0,1,0,2767.61504058
20202,1129001666,35,4,31,0,7,11,10,7,0,0,0,1,2,1,0,0,7,10,8,6,0,13506.0754743
20202,1129001668,20,11,9,0,1,4,5,2,8,0,0,2,4,1,4,0,1,2,1,1,4,8051.24339719
20202,1129001669,3,2,1,0,1,0,0,1,1,0,1,0,0,0,1,0,0,0,0,1,0,4217.65010909
20202,1129001670,2,1,1,0,0,0,1,1,0,0,0,0,0,1,0,0,0,0,1,0,0,4432.79953572
20202,1129001673,107,36,71,0,5,23,47,26,6,0,1,5,15,11,4,0,4,18,32,15,2,42048.6372977
20202,1129001674,6,5,1,0,0,1,0,5,0,0,0,1,0,4,0,0,0,0,0,1,0,5319.85616062
20202,1129001675,8,4,4,0,1,5,1,1,0,0,0,4,0,0,0,0,1,1,1,1,0,4405.43144491
20202,1129001677,5,3,2,0,0,1,2,1,1,0,0,1,1,1,0,0,0,0,1,0,1,18777.2333451
20202,1129001678,253,207,46,5,27,75,82,40,24,1,11,70,74,34,17,4,16,5,8,6,7,31709.101242
20202,1129001680,275,110,165,0,46,115,62,31,21,0,12,37,35,12,14,0,34,78,27,19,7,31423.9957706
20202,1129001681,159,124,35,6,42,59,35,11,6,6,36,54,23,5,0,0,6,5,12,6,6,4056.36903134
20202,1129001683,56,29,27,0,4,9,16,19,8,0,2,2,6,13,6,0,2,7,10,6,2,57347.5502962
20202,1129001685,31,17,14,0,6,10,9,4,2,0,4,8,4,0,1,0,2,2,5,4,1,9737.43556297
20202,1129001686,292,231,61,0,42,76,122,35,17,0,24,64,106,28,9,0,18,12,16,7,8,11872.4971689
20202,1129001687,15,3,12,0,6,3,2,3,1,0,0,0,0,2,1,0,6,3,2,1,0,6060.75766147
20202,1129001691,34,26,8,0,4,6,12,5,7,0,2,4,9,5,6,0,2,2,3,0,1,3565.23037215
20202,1129001695,29,10,19,0,3,2,7,8,9,0,2,2,4,1,1,0,1,0,3,7,8,9635.54196006
20202,1129001696,8,5,3,0,0,0,3,4,1,0,0,0,2,2,1,0,0,0,1,2,0,21940.0663842
20202,1129001697,287,166,121,3,123,71,40,34,16,0,56,46,29,24,11,3,67,25,11,10,5,3701.5317609
20202,1129001698,113,56,57,0,14,35,33,25,6,0,4,14,13,20,5,0,10,21,20,5,1,36366.1105139
20202,1129001699,203,155,48,0,19,62,53,60,9,0,13,46,43,45,8,0,6,16,10,15,1,18370.718007
20202,1129001701,55,33,22,0,9,10,11,13,12,0,5,7,7,7,7,0,4,3,4,6,5,14579.7433132
20202,1129001706,10,4,6,0,2,1,1,2,4,0,0,0,0,1,3,0,2,1,1,1,1,8823.65887523
20202,1129001707,100,41,59,0,17,42,34,5,2,0,5,12,20,2,2,0,12,30,14,3,0,2298.36418357
20202,1129001710,7,3,4,0,1,0,4,0,2,0,0,0,1,0,2,0,1,0,3,0,0,9280.69115543
20202,1129001711,1,1,0,0,0,0,0,0,1,0,0,0,0,0,1,0,0,0,0,0,0,3813.48944324
20202,1129001712,389,264,125,3,93,154,89,33,17,0,50,111,61,26,16,3,43,43,28,7,1,50964.5354988
20202,1129001713,7,6,1,0,0,0,3,2,2,0,0,0,2,2,2,0,0,0,1,0,0,15040.4546882
20202,1129001714,2,1,1,0,0,0,1,1,0,0,0,0,1,0,0,0,0,0,0,1,0,61113.2339719
20202,1129001717,5,3,2,0,0,0,3,1,1,0,0,0,2,0,1,0,0,0,1,1,0,2859.45799565
20202,1129001718,20,20,0,0,1,2,4,10,3,0,1,2,4,10,3,0,0,0,0,0,0,5182.60388761
20202,1129001720,113,81,32,0,9,24,27,35,18,0,3,17,20,25,16,0,6,7,7,10,2,14588.5181186
20202,1129001721,2,2,0,0,0,1,0,0,1,0,0,1,0,0,1,0,0,0,0,0,0,35726.6010143
20202,1129001722,115,50,65,3,39,21,21,23,8,1,20,10,12,6,1,2,19,11,9,17,7,208944.212216
20202,1129001723,1007,400,607,4,392,409,176,22,4,1,168,178,43,6,4,3,224,231,133,16,0,17351.2547931
20202,1129001725,115,105,10,0,14,26,36,30,9,0,11,24,33,29,8,0,3,2,3,1,1,3211.27340679
20202,1129001727,60,37,23,0,16,23,16,4,1,0,10,15,9,3,0,0,6,8,7,1,1,11404.1999449
20202,1129001728,122,113,9,0,0,3,13,52,54,0,0,1,11,49,52,0,0,2,2,3,2,10298.3745181
20202,1129001729,39,21,18,0,9,8,16,5,1,0,1,3,13,4,0,0,8,5,3,1,1,14429.3177552
20202,1129001731,352,338,14,0,36,100,101,105,10,0,32,96,96,105,9,0,4,4,5,0,1,15322.0620527
20202,1129001732,22,14,8,0,3,5,4,8,2,0,3,4,2,4,1,0,0,1,2,4,1,7008.62593422
20202,1129001733,507,385,122,1,154,156,83,102,11,0,74,127,72,102,10,1,80,29,11,0,1,14141.332928
20202,1129001734,11,5,6,0,4,1,2,2,2,0,1,1,1,1,1,0,3,0,1,1,1,16218.749889
20202,1129001735,2,1,1,0,1,0,1,0,0,0,0,0,1,0,0,0,1,0,0,0,0,3143.56685703
20202,1129001736,888,751,137,0,105,305,278,187,13,0,54,259,248,178,12,0,51,46,30,9,1,20885.5474179
20202,1129001737,4,4,0,0,0,1,2,0,1,0,0,1,2,0,1,0,0,0,0,0,0,6677.97298018
20202,1129001738,12087,11233,854,5,892,2435,3701,4847,207,0,725,2094,3516,4751,147,5,167,341,185,96,60,36702.3474634
20202,1129001739,61,36,25,0,1,19,25,12,4,0,0,11,11,10,4,0,1,8,14,2,0,3342.16520041
20202,1129001740,7,4,3,0,0,2,3,1,1,0,0,1,2,1,0,0,0,1,1,0,1,11136.2202808
20202,1129001741,19,8,11,1,5,1,7,3,2,0,4,0,3,0,1,1,1,1,4,3,1,14491.8325383
20202,1129001742,82,45,37,0,8,18,22,15,19,0,4,7,10,10,14,0,4,11,12,5,5,59407.2168511
20202,1129001743,35,22,13,0,7,11,9,6,2,0,5,7,6,3,1,0,2,4,3,3,1,45676.2336692
20202,1129001744,277,230,47,1,36,85,92,55,8,0,23,60,87,53,7,1,13,25,5,2,1,4252.37959544
20202,1129001747,554,197,357,0,114,176,203,59,2,0,31,48,81,35,2,0,83,128,122,24,0,62215.1849167
20202,1129001748,22,18,4,0,1,4,5,8,4,0,0,4,3,8,3,0,1,0,2,0,1,13250.2462508
20202,1129001750,62,55,7,1,3,5,11,21,21,1,2,4,10,19,19,0,1,1,1,2,2,4991.29551256
20202,1129001752,268,138,130,2,94,38,39,37,58,0,42,19,26,18,33,2,52,19,13,19,25,32129.1420407
20202,1129001754,37,21,16,0,4,9,13,5,6,0,3,6,4,2,6,0,1,3,9,3,0,56238.503021
20202,1129001755,8,5,3,0,0,3,1,1,3,0,0,2,1,1,1,0,0,1,0,0,2,15866.9890591
20202,1129001757,971,449,522,0,262,307,224,139,39,0,77,122,129,93,28,0,185,185,95,46,11,115183.835906
20202,1129001758,9,6,3,0,0,2,1,1,5,0,0,1,0,0,5,0,0,1,1,1,0,461704.104484
20202,1129001759,21,9,12,0,4,6,7,3,1,0,0,2,3,3,1,0,4,4,4,0,0,127972.990805
20202,1129001760,12,5,7,0,0,2,5,3,2,0,0,0,1,2,2,0,0,2,4,1,0,173578.137983
20202,1129001762,81,60,21,0,9,13,26,17,16,0,6,10,17,13,14,0,3,3,9,4,2,3792.49172069
20202,1129001763,38,19,19,0,7,9,11,9,2,0,2,5,5,6,1,0,5,4,6,3,1,3685.11917834
20202,1129001765,89,64,25,0,7,10,25,24,23,0,2,6,19,20,17,0,5,4,6,4,6,3195.51657621
20202,1129001766,84,69,15,0,11,13,23,28,9,0,7,10,20,23,9,0,4,3,3,5,0,2626.50736881
20202,1129001767,4,3,1,0,1,0,0,0,3,0,0,0,0,0,3,0,1,0,0,0,0,2362.44833114
20202,1129001769,7,5,2,0,0,0,1,4,2,0,0,0,0,3,2,0,0,0,1,1,0,7690.69074465
20202,1129001771,28,18,10,0,1,5,12,7,3,0,1,2,6,6,3,0,0,3,6,1,0,5002.07761172
20202,1129001772,2,2,0,0,0,0,0,1,1,0,0,0,0,1,1,0,0,0,0,0,0,5441.09988607
20202,1129001775,22,17,5,0,7,10,2,1,2,0,5,9,2,1,0,0,2,1,0,0,2,4574.31319467
20202,1129001777,676,506,170,3,121,184,150,147,71,3,79,140,120,117,47,0,42,44,30,30,24,5672.70743044
20202,1129001780,39,24,15,0,2,13,9,10,5,0,1,11,4,4,4,0,1,2,5,6,1,12966.6739742
20202,1129001781,49,27,22,1,13,11,10,11,3,0,5,6,9,4,3,1,8,5,1,7,0,679.953867576
20202,1129001782,301,249,52,1,33,90,111,66,0,0,26,81,91,51,0,1,7,9,20,15,0,5627.30439485
20202,1129001787,5,2,3,0,0,2,0,2,1,0,0,1,0,0,1,0,0,1,0,2,0,1932.05015884
20202,1129001790,2,2,0,0,0,0,2,0,0,0,0,0,2,0,0,0,0,0,0,0,0,953.419858708
20202,1129001791,23,13,10,0,12,9,1,1,0,0,6,6,1,0,0,0,6,3,0,1,0,5521.52808952
20202,1129001792,4,2,2,0,0,0,1,3,0,0,0,0,0,2,0,0,0,0,1,1,0,6575.87772822
20202,1129001793,8,4,4,0,0,1,0,3,4,0,0,1,0,0,3,0,0,0,0,3,1,1556.47288448
20202,1129001796,2,1,1,0,0,0,0,2,0,0,0,0,0,1,0,0,0,0,0,1,0,5927.95159607
20202,1129001797,3,3,0,0,0,0,0,3,0,0,0,0,0,3,0,0,0,0,0,0,0,3749.07707306
20202,1129001798,4,2,2,0,0,0,2,0,2,0,0,0,2,0,0,0,0,0,0,0,2,2491.22563213
20202,1129001799,7,1,6,0,3,3,0,0,1,0,1,0,0,0,0,0,2,3,0,0,1,3497.66272857
20202,1129001800,22,6,16,1,10,7,2,0,2,0,0,3,2,0,1,1,10,4,0,0,1,2929.06750307
20202,1129001802,5,4,1,0,0,1,2,2,0,0,0,1,1,2,0,0,0,0,1,0,0,1957.18080496
20202,1129001803,10,1,9,0,2,5,2,0,1,0,0,1,0,0,0,0,2,4,2,0,1,3701.79853524
20202,1129001805,173,162,11,0,3,13,17,56,84,0,2,10,15,54,81,0,1,3,2,2,3,7603.20550094
20202,1129001806,6,5,1,0,0,1,0,3,2,0,0,1,0,3,1,0,0,0,0,0,1,6103.56689588
20202,1129001809,393,366,27,0,18,51,87,144,93,0,15,49,81,132,89,0,3,2,6,12,4,4015.54869065
20202,1129001811,3,1,2,0,0,1,1,0,1,0,0,0,0,0,1,0,0,1,1,0,0,4013.3108732
20202,1129001813,1027,535,492,0,91,342,397,191,6,0,29,148,235,117,6,0,62,194,162,74,0,1236.84460347
20202,1129001817,15,9,6,0,0,4,3,1,7,0,0,1,2,0,6,0,0,3,1,1,1,4900.68402436
20202,1129001819,70,66,4,0,3,0,9,33,25,0,1,0,8,33,24,0,2,0,1,0,1,2866.42817973
20202,1129001821,437,335,102,1,126,198,91,17,4,0,86,158,76,13,2,1,40,40,15,4,2,6101.43159287
20202,1129001822,121,44,77,0,27,24,36,19,15,0,10,8,10,10,6,0,17,16,26,9,9,3977.64529884
20202,1129001823,12,7,5,0,0,0,1,3,8,0,0,0,1,0,6,0,0,0,0,3,2,9128.55318805
20202,1129001824,16,9,7,0,4,4,3,2,3,0,3,2,2,0,2,0,1,2,1,2,1,8815.50505784
20202,1129001826,7,6,1,0,3,3,1,0,0,0,2,3,1,0,0,0,1,0,0,0,0,1169.4131382
20202,1129001831,24,19,5,0,3,4,9,5,3,0,2,2,8,4,3,0,1,2,1,1,0,3705.6866103
20202,1129001834,2,1,1,0,0,1,1,0,0,0,0,0,1,0,0,0,0,1,0,0,0,1737.95598376
20202,1129001837,5,2,3,0,0,0,2,1,2,0,0,0,0,0,2,0,0,0,2,1,0,4200.31347075
20202,1129001838,20,0,20,0,9,2,4,5,0,0,0,0,0,0,0,0,9,2,4,5,0,1605.0396624
20202,1129001839,2,1,1,0,0,0,1,1,0,0,0,0,0,1,0,0,0,0,1,0,0,2216.78679614
20202,1129001843,16,5,11,1,3,4,2,4,2,0,0,1,2,1,1,1,3,3,0,3,1,6201.15364473
20202,1129001844,8,1,7,0,1,2,1,0,4,0,0,0,0,0,1,0,1,2,1,0,3,1180.56938563
20202,1129001845,6,2,4,0,2,1,1,0,2,0,0,1,0,0,1,0,2,0,1,0,1,1469.88884095
20202,1129001846,2,2,0,0,0,0,1,0,1,0,0,0,1,0,1,0,0,0,0,0,0,4253.98061194
20202,1129001847,10,9,1,0,2,5,3,0,0,0,2,4,3,0,0,0,0,1,0,0,0,3085.97983842
20202,1129001849,5,2,3,0,1,0,1,3,0,0,1,0,0,1,0,0,0,0,1,2,0,1774.29074096
20202,1129001852,14,2,12,0,1,3,7,2,1,0,0,0,1,1,0,0,1,3,6,1,1,5600.35205905
20202,1129001854,28,7,21,0,12,9,5,1,1,0,0,2,3,1,1,0,12,7,2,0,0,2237.60939737
20202,1129001855,3,1,2,0,1,1,0,1,0,0,0,0,0,1,0,0,1,1,0,0,0,2625.55521993
20202,1129001856,11,8,3,0,0,3,5,3,0,0,0,3,3,2,0,0,0,0,2,1,0,2524.69968364
20202,1129001857,12,6,6,0,0,6,3,2,1,0,0,2,1,2,1,0,0,4,2,0,0,1269.0379333
20202,1129001858,9,6,3,0,0,1,2,1,5,0,0,1,0,1,4,0,0,0,2,0,1,2440.06803089
20202,1129001859,4,2,2,0,0,1,1,2,0,0,0,1,0,1,0,0,0,0,1,1,0,1274.74125263
20202,1129001862,22,11,11,0,3,3,6,5,5,0,0,2,3,3,3,0,3,1,3,2,2,1344.83088156
20202,1129001864,15,7,8,0,5,2,0,2,6,0,1,1,0,1,4,0,4,1,0,1,2,4159.64299935
20202,1129001865,13,10,3,0,1,5,2,4,1,0,0,4,2,3,1,0,1,1,0,1,0,5431.32381959
20202,1129001866,9,5,4,0,0,1,5,3,0,0,0,1,1,3,0,0,0,0,4,0,0,1978.40387727
20202,1129001868,6,4,2,0,1,4,0,0,1,0,0,3,0,0,1,0,1,1,0,0,0,2023.40280659
20202,1129001869,17,11,6,0,0,2,7,5,3,0,0,1,3,4,3,0,0,1,4,1,0,1213.87136607
20202,1129001871,20,6,14,0,4,3,6,7,0,0,0,2,0,4,0,0,4,1,6,3,0,5937.41628291
20202,1129001872,81,44,37,0,6,10,25,30,10,0,4,7,12,16,5,0,2,3,13,14,5,4385.11483318
20202,1129001873,17,10,7,0,0,2,9,3,3,0,0,2,5,0,3,0,0,0,4,3,0,6423.12726131
20202,1129001874,3,1,2,0,0,0,3,0,0,0,0,0,1,0,0,0,0,0,2,0,0,3041.35607503
20202,1129001877,24,17,7,0,1,2,11,5,5,0,1,1,8,3,4,0,0,1,3,2,1,2379.96039316
20202,1129001880,88,32,56,0,11,17,22,17,21,0,6,5,2,8,11,0,5,12,20,9,10,11745.6973191
20202,1129001882,7,5,2,0,0,0,1,6,0,0,0,0,0,5,0,0,0,0,1,1,0,2567.74991221
20202,1129001885,15,9,6,0,5,5,2,3,0,0,4,1,2,2,0,0,1,4,0,1,0,4631.45059836
20202,1129001890,2,2,0,0,0,0,2,0,0,0,0,0,2,0,0,0,0,0,0,0,0,1215.75226458
20202,1129001892,5,1,4,0,0,0,0,4,1,0,0,0,0,1,0,0,0,0,0,3,1,4712.9194268
20202,1129001893,7,6,1,0,2,1,3,0,1,0,2,1,3,0,0,0,0,0,0,0,1,4072.76141789
20202,1129001894,11,5,6,0,5,3,2,0,1,0,0,2,2,0,1,0,5,1,0,0,0,5014.25878933
20202,1129001895,20,4,16,0,1,0,5,12,2,0,0,0,0,3,1,0,1,0,5,9,1,4594.51232741
20202,1129001900,2,2,0,0,0,0,1,0,1,0,0,0,1,0,1,0,0,0,0,0,0,1438.37091732
20202,1129001902,6,4,2,0,1,1,0,0,4,0,1,1,0,0,2,0,0,0,0,0,2,2446.56008202
20202,1129001905,73,25,48,0,14,19,20,12,8,0,5,4,6,5,5,0,9,15,14,7,3,76031.7400242
20202,1129001908,9,3,6,0,1,2,4,1,1,0,0,1,1,0,1,0,1,1,3,1,0,2639.12239581
20202,1129001910,10,5,5,0,0,5,3,2,0,0,0,2,1,2,0,0,0,3,2,0,0,3448.69916309
20202,1129001911,9,3,6,0,0,0,6,2,1,0,0,0,3,0,0,0,0,0,3,2,1,4654.39745712
20202,1129001912,5,4,1,0,0,1,0,2,2,0,0,1,0,2,1,0,0,0,0,0,1,1587.62560515
20202,1129001913,4,4,0,0,0,1,0,2,1,0,0,1,0,2,1,0,0,0,0,0,0,1322.62881485
20202,1129001919,3,1,2,0,0,3,0,0,0,0,0,1,0,0,0,0,0,2,0,0,0,1226.92166334
20202,1129001921,1,0,1,0,0,1,0,0,0,0,0,0,0,0,0,0,0,1,0,0,0,1330.40119407
20202,1129001923,128,38,90,0,10,24,53,30,11,0,4,5,15,9,5,0,6,19,38,21,6,3420.0104574
20202,1129001932,3,0,3,0,1,0,0,2,0,0,0,0,0,0,0,0,1,0,0,2,0,2467.5735448
20202,1129001936,3,2,1,0,0,0,0,3,0,0,0,0,0,2,0,0,0,0,0,1,0,9166.11253513
20202,1129001941,46,12,34,0,16,13,7,8,2,0,4,4,3,0,1,0,12,9,4,8,1,9370.09863927
20202,1129001942,26,12,14,0,18,3,3,2,0,0,7,2,1,2,0,0,11,1,2,0,0,437947.697653
20202,1129001945,2,2,0,0,0,0,0,1,1,0,0,0,0,1,1,0,0,0,0,0,0,1967.90878546
20202,1129001946,6,6,0,0,0,3,3,0,0,0,0,3,3,0,0,0,0,0,0,0,0,1541.27775852
20202,1129001947,2,1,1,0,0,1,0,0,1,0,0,0,0,0,1,0,0,1,0,0,0,7388.18419486
20202,1129001948,44,12,32,0,5,1,14,17,7,0,1,1,2,3,5,0,4,0,12,14,2,16156.7338016
20202,1129001950,7,5,2,0,0,4,2,1,0,0,0,2,2,1,0,0,0,2,0,0,0,3221.76775899
20202,1129001953,6,4,2,0,0,0,3,3,0,0,0,0,2,2,0,0,0,0,1,1,0,9974.66027638
20202,1129001954,17,4,13,0,4,3,7,2,1,0,0,1,2,0,1,0,4,2,5,2,0,6849.4671825
20202,1129001955,56,37,19,0,11,16,13,11,5,0,8,11,9,6,3,0,3,5,4,5,2,3092.29561786
20202,1129001959,5,4,1,0,0,0,2,3,0,0,0,0,1,3,0,0,0,0,1,0,0,3289.24841544
20202,1129001960,2,2,0,0,0,0,1,1,0,0,0,0,1,1,0,0,0,0,0,0,0,1295.03307299
20202,1129001962,6,5,1,0,1,1,2,0,2,0,1,1,1,0,2,0,0,0,1,0,0,1859.69998736
20202,1129001964,243,154,89,2,21,47,70,68,35,2,16,28,39,47,22,0,5,19,31,21,13,4677.16547515
20202,1129001967,40,38,2,0,0,3,7,26,4,0,0,3,6,26,3,0,0,0,1,0,1,2753.5521339
20202,1129001968,155,134,21,0,4,8,23,64,56,0,1,7,16,58,52,0,3,1,7,6,4,1484.80235144
20202,1129001970,989,763,226,0,20,25,102,137,705,0,17,19,68,110,549,0,3,6,34,27,156,10142.1060422
20202,1129001981,8,8,0,0,0,1,6,1,0,0,0,1,6,1,0,0,0,0,0,0,0,1991.0859651
20202,1129001983,2,2,0,0,0,0,1,0,1,0,0,0,1,0,1,0,0,0,0,0,0,3496.91527157
20202,1129001986,11,0,11,0,1,3,4,1,2,0,0,0,0,0,0,0,1,3,4,1,2,1822.66614489
20202,1129001997,48,37,11,0,9,3,4,23,9,0,5,2,2,21,7,0,4,1,2,2,2,6168.94218231
20202,1129002002,1,1,0,0,0,0,0,1,0,0,0,0,0,1,0,0,0,0,0,0,0,3881.52250267
20202,1129002003,4,2,2,0,0,0,1,2,1,0,0,0,0,1,1,0,0,0,1,1,0,1632.91902632
20202,1129002007,9,2,7,0,2,1,5,1,0,0,0,0,1,1,0,0,2,1,4,0,0,4233.0347951
20202,1129002009,3,2,1,0,0,0,2,1,0,0,0,0,1,1,0,0,0,0,1,0,0,2124.45724996
20202,1129002012,15,4,11,0,0,0,3,11,1,0,0,0,1,2,1,0,0,0,2,9,0,1507.14214812
20202,1129002016,24,11,13,0,5,5,7,4,3,0,0,3,5,2,1,0,5,2,2,2,2,3779.15199954
20202,1129002021,8,6,2,0,0,4,2,2,0,0,0,4,0,2,0,0,0,0,2,0,0,1576.48788212
20202,1129002022,4,2,2,0,1,0,2,0,1,0,0,0,1,0,1,0,1,0,1,0,0,4191.55035887
20202,1129002023,116,57,59,0,21,31,27,22,15,0,8,13,11,14,11,0,13,18,16,8,4,11480.5519753
20202,1129002039,2,2,0,0,1,0,0,1,0,0,1,0,0,1,0,0,0,0,0,0,0,1334.84037769
20202,1129002043,3,3,0,0,0,0,0,1,2,0,0,0,0,1,2,0,0,0,0,0,0,1435.64434277
20202,1129002046,58,14,44,0,0,4,13,18,23,0,0,4,4,4,2,0,0,0,9,14,21,8749.50762102
20202,1129002047,2,1,1,0,0,0,1,1,0,0,0,0,1,0,0,0,0,0,0,1,0,3870.47638498
20202,1129002048,5,3,2,0,0,1,1,2,1,0,0,0,1,2,0,0,0,1,0,0,1,1443.41986327
20202,1129002049,11,10,1,0,0,2,3,4,2,0,0,2,2,4,2,0,0,0,1,0,0,1672.3509793
20202,1129002053,21,5,16,0,2,10,4,5,0,0,0,5,0,0,0,0,2,5,4,5,0,1894.38440958
20202,1129002059,84,61,23,1,11,22,35,11,4,1,6,19,30,5,0,0,5,3,5,6,4,4709.91195331
20202,1129002060,13,6,7,0,6,3,2,2,0,0,2,1,1,2,0,0,4,2,1,0,0,1810.84668155
20202,1129002068,3,1,2,0,0,0,3,0,0,0,0,0,1,0,0,0,0,0,2,0,0,2267.13034229
20202,1129002072,3,3,0,0,0,0,0,2,1,0,0,0,0,2,1,0,0,0,0,0,0,1338.37583629
20202,1129002077,13,4,9,0,7,2,2,1,1,0,0,1,2,0,1,0,7,1,0,1,0,1355.91522144
20202,1129002080,10,0,10,0,1,3,3,2,1,0,0,0,0,0,0,0,1,3,3,2,1,2501.95897082
20202,1129002083,3,0,3,0,1,2,0,0,0,0,0,0,0,0,0,0,1,2,0,0,0,2980.77335471
20202,1129002084,179,29,150,0,34,58,48,38,1,0,3,8,9,9,0,0,31,50,39,29,1,13593.4671353
20202,1129002086,5,4,1,0,0,0,1,3,1,0,0,0,1,2,1,0,0,0,0,1,0,5751.88011396
20202,1129002087,10,0,10,0,1,3,4,2,0,0,0,0,0,0,0,0,1,3,4,2,0,1676.80587636
20202,1129002090,6,5,1,0,0,2,1,3,0,0,0,2,1,2,0,0,0,0,0,1,0,1737.84172402
20202,1129002091,4,3,1,0,0,0,0,3,1,0,0,0,0,2,1,0,0,0,0,1,0,3879.23639159
20202,1129002093,7,5,2,0,1,1,3,2,0,0,1,1,2,1,0,0,0,0,1,1,0,1683.362008
20202,1129002094,2,1,1,0,0,1,1,0,0,0,0,1,0,0,0,0,0,0,1,0,0,2410.06826046
20202,1129002105,3,2,1,0,0,1,2,0,0,0,0,1,1,0,0,0,0,0,1,0,0,2036.80540496
20202,1129002107,11,4,7,0,0,4,4,2,1,0,0,0,2,1,1,0,0,4,2,1,0,4800.9954326
20202,1129002118,2,1,1,0,0,2,0,0,0,0,0,1,0,0,0,0,0,1,0,0,0,2098.21971208
20202,1129002124,5,2,3,0,0,1,0,2,2,0,0,1,0,0,1,0,0,0,0,2,1,2433.43492417
20202,1129002126,173,72,101,0,14,29,53,27,50,0,4,10,28,12,18,0,10,19,25,15,32,2709.43073191
20202,1129002128,10,1,9,0,1,0,2,6,1,0,0,0,0,0,1,0,1,0,2,6,0,3326.39011218
20202,1129002138,1,1,0,0,0,0,1,0,0,0,0,0,1,0,0,0,0,0,0,0,0,533.733970255
20202,1129002154,54,15,39,1,10,21,16,3,3,1,2,5,6,1,0,0,8,16,10,2,3,5325.53662008
20202,1129002156,35,9,26,0,3,5,4,5,18,0,0,2,3,1,3,0,3,3,1,4,15,4538.77153372
20202,1129002163,23,5,18,0,6,1,10,6,0,0,0,0,1,4,0,0,6,1,9,2,0,6501.85395217
20202,1129002168,30,13,17,0,3,6,11,4,6,0,0,1,7,0,5,0,3,5,4,4,1,5826.40881998
20202,1129002171,2,0,2,0,0,2,0,0,0,0,0,0,0,0,0,0,0,2,0,0,0,10329.6850449
20202,1129002181,3,3,0,0,0,1,1,0,1,0,0,1,1,0,1,0,0,0,0,0,0,5679.50517494
20202,1129002182,224,140,84,1,30,64,82,29,18,0,17,43,44,21,15,1,13,21,38,8,3,3129.97681504
20202,1129002184,4,2,2,0,0,3,1,0,0,0,0,2,0,0,0,0,0,1,1,0,0,1770.72861873
20202,1129002185,3,2,1,0,1,0,1,1,0,0,1,0,1,0,0,0,0,0,0,1,0,1834.70040303
20202,1129002186,2,1,1,0,0,0,2,0,0,0,0,0,1,0,0,0,0,0,1,0,0,3832.37423793
20202,1129002188,3,2,1,0,0,0,1,2,0,0,0,0,0,2,0,0,0,0,1,0,0,3403.37784519
20202,1129002190,2,2,0,0,0,1,0,1,0,0,0,1,0,1,0,0,0,0,0,0,0,3530.87557737
20202,1129002192,2,2,0,0,0,0,0,2,0,0,0,0,0,2,0,0,0,0,0,0,0,3566.39001961
20202,1129002193,3,2,1,0,0,0,0,2,1,0,0,0,0,1,1,0,0,0,0,1,0,3217.46525943
20202,1129002195,101,69,32,0,11,24,31,13,22,0,6,18,22,10,13,0,5,6,9,3,9,22349.1448746
20202,1129002196,4,2,2,0,1,2,0,1,0,0,0,1,0,1,0,0,1,1,0,0,0,1252.91435252
20202,1129002198,35,22,13,0,1,7,8,9,10,0,1,3,3,7,8,0,0,4,5,2,2,7752.24972337
20202,1129002199,2,1,1,0,0,1,0,1,0,0,0,0,0,1,0,0,0,1,0,0,0,3624.71100486
20202,1129002201,2,1,1,0,0,0,0,0,2,0,0,0,0,0,1,0,0,0,0,0,1,2906.53584558
20202,1129002203,36,32,4,0,4,3,11,12,6,0,4,2,9,11,6,0,0,1,2,1,0,4622.10989553
20202,1129002204,7,4,3,0,1,3,2,0,1,0,0,1,2,0,1,0,1,2,0,0,0,8681.19333025
20202,1129002205,6,0,6,0,1,2,0,3,0,0,0,0,0,0,0,0,1,2,0,3,0,8030.38680177
20202,1129002207,23,12,11,0,1,6,3,6,7,0,0,3,1,2,6,0,1,3,2,4,1,4035.81071771
20202,1129002208,332,173,159,0,32,101,104,63,32,0,12,50,64,28,19,0,20,51,40,35,13,10145.1995628
20202,1129002209,5,0,5,0,0,2,1,1,1,0,0,0,0,0,0,0,0,2,1,1,1,1273.98623352
20202,1129002210,38,15,23,0,7,8,9,7,7,0,2,3,2,3,5,0,5,5,7,4,2,8120.09588535
20202,1129002211,21,9,12,0,0,1,5,8,7,0,0,1,1,3,4,0,0,0,4,5,3,4500.74404008
20202,1129002212,65,35,30,0,5,14,13,16,17,0,2,9,6,11,7,0,3,5,7,5,10,8957.09524743
20202,1129002213,45,22,23,0,2,7,16,16,4,0,1,3,7,9,2,0,1,4,9,7,2,14995.2650451
20202,1129002214,7,6,1,0,0,1,2,1,3,0,0,1,2,0,3,0,0,0,0,1,0,1731.99791452
20202,1129002215,6,2,4,0,1,0,2,2,1,0,0,0,1,0,1,0,1,0,1,2,0,3440.34008297
20202,1129002218,52,34,18,1,10,13,16,8,4,0,5,9,12,6,2,1,5,4,4,2,2,14864.3252315
20202,1129002219,7,5,2,0,2,1,2,2,0,0,1,1,1,2,0,0,1,0,1,0,0,5857.28448504
20202,1129002221,22,10,12,0,4,6,2,5,5,0,1,1,0,4,4,0,3,5,2,1,1,12600.4196396
20202,1129002223,6,2,4,0,0,0,2,4,0,0,0,0,0,2,0,0,0,0,2,2,0,3021.59637702
20202,1129002225,16,6,10,0,1,4,6,3,2,0,0,1,4,0,1,0,1,3,2,3,1,3273.96716563
20202,1129002229,1627,1166,461,0,310,658,319,221,119,0,169,480,226,177,114,0,141,178,93,44,5,441421.287997
20202,1129002231,26,12,14,0,0,5,13,3,5,0,0,1,6,1,4,0,0,4,7,2,1,5168.98395907
20202,1129002233,3,1,2,0,0,0,1,0,2,0,0,0,0,0,1,0,0,0,1,0,1,3429.18856967
20202,1129002236,9,2,7,0,2,5,2,0,0,0,0,2,0,0,0,0,2,3,2,0,0,5999.12956369
20202,1129002238,5,4,1,0,1,2,2,0,0,0,1,2,1,0,0,0,0,0,1,0,0,8420.20371284
20202,1129002243,17,1,16,0,3,7,4,2,1,0,0,0,0,0,1,0,3,7,4,2,0,169635.383512
20202,1129002244,14,2,12,0,4,2,4,3,1,0,0,0,0,2,0,0,4,2,4,1,1,5380.12712583
20202,1129002245,6,3,3,0,2,1,1,0,2,0,1,1,1,0,0,0,1,0,0,0,2,2074.48980596
20202,1129002248,3,2,1,0,1,0,0,2,0,0,1,0,0,1,0,0,0,0,0,1,0,956.49386295
20202,1129002249,282,263,19,0,7,10,13,15,237,0,6,7,4,12,234,0,1,3,9,3,3,19442.8273689
20202,1129002250,55,19,36,0,26,15,8,4,2,0,5,7,4,1,2,0,21,8,4,3,0,14181.1653138
20202,1129002252,2,2,0,0,0,0,2,0,0,0,0,0,2,0,0,0,0,0,0,0,0,3337.16519792
20202,1129002253,2,2,0,0,0,0,0,2,0,0,0,0,0,2,0,0,0,0,0,0,0,2807.55795774
20202,1129002254,132,97,35,0,5,46,53,24,4,0,1,32,41,20,3,0,4,14,12,4,1,5285.01129929
20202,1129002259,2,1,1,0,0,0,0,1,1,0,0,0,0,0,1,0,0,0,0,1,0,2217.39757024
20202,1129002262,10,1,9,0,0,3,1,2,4,0,0,0,0,0,1,0,0,3,1,2,3,2223.12867025
20202,1129002263,6,4,2,0,0,0,1,4,1,0,0,0,0,4,0,0,0,0,1,0,1,3466.09500634
20202,1129002264,2,0,2,0,0,0,1,0,1,0,0,0,0,0,0,0,0,0,1,0,1,4824.49219195
20202,1129002265,6,1,5,0,0,1,4,1,0,0,0,0,1,0,0,0,0,1,3,1,0,1242.80683928
20202,1129002267,20,5,15,2,12,1,4,0,1,0,2,0,2,0,1,2,10,1,2,0,0,2775.1633575
20202,1129002268,168,57,111,0,37,23,26,55,27,0,13,15,12,11,6,0,24,8,14,44,21,36458.9526739
20202,1129002270,17,10,7,0,4,5,1,5,2,0,4,4,1,0,1,0,0,1,0,5,1,1475.42593303
20202,1129002274,16,1,15,0,5,6,1,1,3,0,0,0,0,0,1,0,5,6,1,1,2,4669.56432472
20202,1129002279,92,31,61,0,9,28,25,27,3,0,5,4,10,9,3,0,4,24,15,18,0,10094.5325662
20202,1129002282,158,116,42,1,28,64,40,15,10,1,22,53,22,9,9,0,6,11,18,6,1,4021.73304909
20202,1129002289,19,5,14,0,4,2,5,8,0,0,1,0,1,3,0,0,3,2,4,5,0,9705.0365792
20202,1129002290,250,137,113,0,7,22,88,97,36,0,0,8,52,54,23,0,7,14,36,43,13,42011.6324016
20202,1129002291,2,1,1,0,0,0,0,2,0,0,0,0,0,1,0,0,0,0,0,1,0,929.497139492
20202,1129002292,9,7,2,0,0,1,3,4,1,0,0,1,2,3,1,0,0,0,1,1,0,3039.09428775
20202,1129002293,6,5,1,0,1,1,3,1,0,0,0,1,3,1,0,0,1,0,0,0,0,2077.61239976
20202,1129002294,7,6,1,0,1,0,4,2,0,0,1,0,4,1,0,0,0,0,0,1,0,8727.81815393
20202,1129002301,2,1,1,0,0,0,0,0,2,0,0,0,0,0,1,0,0,0,0,0,1,1077.75832975
20202,1129002303,19,14,5,0,1,4,8,4,2,0,1,2,6,3,2,0,0,2,2,1,0,1920.66345941
20202,1129002307,26,15,11,0,1,3,8,10,4,0,1,3,5,4,2,0,0,0,3,6,2,13700.153053
20202,1129002313,2,1,1,0,0,1,1,0,0,0,0,0,1,0,0,0,0,1,0,0,0,826.490001464
20202,1129002318,666,429,237,1,166,159,181,111,48,0,91,118,113,64,43,1,75,41,68,47,5,3428.74690881
20202,1129002319,2,0,2,0,0,0,0,0,2,0,0,0,0,0,0,0,0,0,0,0,2,4658.41670517
20202,1129002323,2,1,1,0,0,0,0,2,0,0,0,0,0,1,0,0,0,0,0,1,0,475.323322453
20202,1129002326,1,1,0,0,0,0,0,1,0,0,0,0,0,1,0,0,0,0,0,0,0,2359.65263058
20202,1129002327,6,2,4,0,1,0,3,1,1,0,1,0,1,0,0,0,0,0,2,1,1,2827.66203477
20202,1129002328,10,0,10,0,1,5,2,2,0,0,0,0,0,0,0,0,1,5,2,2,0,80656.4532543
20202,1129002333,14,3,11,0,3,3,5,2,1,0,0,1,2,0,0,0,3,2,3,2,1,3902.50395142
20202,1129002335,19,10,9,0,2,3,4,5,5,0,1,1,3,2,3,0,1,2,1,3,2,4812.48497944
20202,1129002336,69,15,54,0,14,15,20,16,4,0,4,3,2,4,2,0,10,12,18,12,2,11972.4676867
20202,1129002339,3,2,1,0,0,0,0,3,0,0,0,0,0,2,0,0,0,0,0,1,0,2735.23796963
20202,1129002341,13,6,7,0,7,3,2,1,0,0,3,2,1,0,0,0,4,1,1,1,0,1288.63460844
20202,1129002342,13,8,5,0,4,3,5,0,1,0,3,2,2,0,1,0,1,1,3,0,0,1763.56480908
20202,1129002343,1,1,0,0,0,0,1,0,0,0,0,0,1,0,0,0,0,0,0,0,0,760.370671509
20202,1129002345,2,2,0,0,0,2,0,0,0,0,0,2,0,0,0,0,0,0,0,0,0,2031.83967628
20202,1129002347,2,1,1,0,0,1,1,0,0,0,0,0,1,0,0,0,0,1,0,0,0,2901.35365091
20202,1129002355,2,2,0,0,0,0,0,0,2,0,0,0,0,0,2,0,0,0,0,0,0,5650.48804124
20202,1129002357,28,2,26,0,1,2,2,6,17,0,0,1,0,0,1,0,1,1,2,6,16,3529.63067203
20202,1129002361,70,41,29,0,19,16,17,14,4,0,13,11,11,4,2,0,6,5,6,10,2,1643.30826449
20202,1129002362,2,2,0,0,0,0,0,2,0,0,0,0,0,2,0,0,0,0,0,0,0,2039.82799501
20202,1129002369,20,6,14,0,0,2,6,5,7,0,0,1,4,0,1,0,0,1,2,5,6,4270.19633829
20202,1129002370,98,39,59,0,58,26,8,4,2,0,20,11,3,3,2,0,38,15,5,1,0,1985.52759671
20202,1129002375,12,8,4,0,1,0,3,0,8,0,0,0,1,0,7,0,1,0,2,0,1,2627.26094901
20202,1129002376,10,9,1,0,1,4,3,1,1,0,1,4,2,1,1,0,0,0,1,0,0,2230.4637765
20202,1129002379,4,1,3,0,1,2,0,1,0,0,0,0,0,1,0,0,1,2,0,0,0,6381.68159416
20202,1129002380,1,0,1,0,0,0,0,0,1,0,0,0,0,0,0,0,0,0,0,0,1,1272.59744782
20202,1129002382,1,0,1,0,0,0,1,0,0,0,0,0,0,0,0,0,0,0,1,0,0,1731.38142829
20202,1129002386,7,2,5,0,0,0,4,3,0,0,0,0,0,2,0,0,0,0,4,1,0,7508.23601006
20202,1129002390,1,1,0,0,0,0,0,1,0,0,0,0,0,1,0,0,0,0,0,0,0,2112.76016803
20202,1129002391,7,2,5,0,0,0,4,1,2,0,0,0,0,1,1,0,0,0,4,0,1,5430.82202861
20202,1129002392,1,1,0,0,0,0,0,0,1,0,0,0,0,0,1,0,0,0,0,0,0,1825.03622874
20202,1129002395,5,4,1,0,1,0,2,0,2,0,1,0,1,0,2,0,0,0,1,0,0,2343.15160373
20202,1129002397,2,2,0,0,0,0,0,1,1,0,0,0,0,1,1,0,0,0,0,0,0,2736.41121504
20202,1129002398,3,1,2,0,0,0,2,1,0,0,0,0,0,1,0,0,0,0,2,0,0,4258.27755876
20202,1129002403,3,2,1,0,0,1,0,1,1,0,0,1,0,0,1,0,0,0,0,1,0,2180.53800508
20202,1129002404,13,6,7,0,1,3,2,5,2,0,1,0,0,4,1,0,0,3,2,1,1,5544.70553907
20202,1129002405,12,7,5,0,4,4,2,1,1,0,1,2,2,1,1,0,3,2,0,0,0,2490.9383013
20202,1129002406,14,3,11,0,1,3,4,4,2,0,0,0,1,0,2,0,1,3,3,4,0,3280.74419166
20202,1129002409,8,3,5,0,0,1,1,2,4,0,0,1,0,0,2,0,0,0,1,2,2,3821.27002589
20202,1129002412,8,6,2,0,0,1,2,0,5,0,0,0,1,0,5,0,0,1,1,0,0,2119.41136724
20202,1129002413,37,22,15,0,8,11,10,5,3,0,1,9,8,2,2,0,7,2,2,3,1,2392.79185618
20202,1129002415,10,3,7,0,0,3,6,1,0,0,0,1,2,0,0,0,0,2,4,1,0,5882.43759393
20202,1129002416,9,2,7,0,3,0,4,1,1,0,0,0,1,0,1,0,3,0,3,1,0,4144.25181428
20202,1129002420,4,3,1,0,0,1,0,0,3,0,0,1,0,0,2,0,0,0,0,0,1,1918.4246657
20202,1129002421,3,2,1,0,0,1,0,1,1,0,0,1,0,1,0,0,0,0,0,0,1,2282.14404754
20202,1129002423,10,9,1,0,0,4,5,0,1,0,0,4,4,0,1,0,0,0,1,0,0,1426.14195618
20202,1129002426,14,12,2,1,3,2,2,3,3,1,3,2,1,2,3,0,0,0,1,1,0,1877.15047981
20202,1129002428,18,12,6,0,7,9,2,0,0,0,4,6,2,0,0,0,3,3,0,0,0,3078.12933764
20202,1129002429,2,2,0,0,0,0,1,0,1,0,0,0,1,0,1,0,0,0,0,0,0,2232.8242843
20202,1129002430,8,6,2,0,0,0,1,5,2,0,0,0,0,4,2,0,0,0,1,1,0,13886.5299447
20202,1129002433,3,1,2,0,0,0,1,2,0,0,0,0,0,1,0,0,0,0,1,1,0,1679.41447793
20202,1129002437,3,2,1,0,0,3,0,0,0,0,0,2,0,0,0,0,0,1,0,0,0,2518.39681814
20202,1129002439,11,7,4,0,2,5,4,0,0,0,0,3,4,0,0,0,2,2,0,0,0,2025.83551952
20202,1129002444,7,3,4,0,1,0,0,2,4,0,0,0,0,1,2,0,1,0,0,1,2,2545.97590097
20202,1129002449,2,2,0,0,0,0,0,0,2,0,0,0,0,0,2,0,0,0,0,0,0,2169.3399566
20202,1129002451,9,5,4,0,0,0,0,2,7,0,0,0,0,0,5,0,0,0,0,2,2,2290.52617839
20202,1129002453,5,3,2,0,0,4,0,0,1,0,0,2,0,0,1,0,0,2,0,0,0,1245.12249191
20202,1129002454,2,1,1,0,0,0,1,0,1,0,0,0,1,0,0,0,0,0,0,0,1,3108.32565961
20202,1129002457,2,1,1,0,0,0,1,1,0,0,0,0,1,0,0,0,0,0,0,1,0,3014.48060882
20202,1129002462,2,1,1,0,0,0,0,2,0,0,0,0,0,1,0,0,0,0,0,1,0,3213.42681059
20202,1129002463,46,6,40,0,0,3,1,13,29,0,0,1,1,2,2,0,0,2,0,11,27,14562.7530353
20202,1129002464,1,1,0,0,0,0,0,0,1,0,0,0,0,0,1,0,0,0,0,0,0,3533.36701361
20202,1129002467,2,2,0,0,0,1,1,0,0,0,0,1,1,0,0,0,0,0,0,0,0,2186.23762408
20202,1129002470,69,61,8,0,2,2,7,24,34,0,1,2,4,22,32,0,1,0,3,2,2,2916.52868226
20202,1129002474,6,0,6,0,0,1,3,2,0,0,0,0,0,0,0,0,0,1,3,2,0,9060.60967438
20202,1129002482,5,2,3,0,0,1,2,2,0,0,0,1,1,0,0,0,0,0,1,2,0,1741.45926861
20202,1129002484,3,0,3,0,0,1,1,1,0,0,0,0,0,0,0,0,0,1,1,1,0,1774.65046696
20202,1129002487,1,1,0,0,0,0,0,0,1,0,0,0,0,0,1,0,0,0,0,0,0,2343.96339767
20202,1129002488,3,1,2,0,0,2,1,0,0,0,0,0,1,0,0,0,0,2,0,0,0,2971.3173049
20202,1129002491,36,14,22,0,12,10,7,6,1,0,1,4,3,5,1,0,11,6,4,1,0,2242.56079871
20202,1129002492,16,10,6,0,2,3,2,7,2,0,0,3,1,5,1,0,2,0,1,2,1,2698.26202527
20202,1129002493,91,72,19,1,24,22,19,23,2,0,19,20,16,15,2,1,5,2,3,8,0,22204.6778074
20202,1129002498,3,1,2,0,0,0,0,2,1,0,0,0,0,1,0,0,0,0,0,1,1,2956.82137497
20202,1129002500,3,1,2,0,0,0,0,2,1,0,0,0,0,0,1,0,0,0,0,2,0,2674.87043327
20202,1129002508,2,2,0,0,0,0,2,0,0,0,0,0,2,0,0,0,0,0,0,0,0,640.758253747
20202,1129002509,9,6,3,0,0,3,3,0,3,0,0,1,3,0,2,0,0,2,0,0,1,2180.93167491
20202,1129002512,71,8,63,0,11,18,24,13,5,0,0,1,2,2,3,0,11,17,22,11,2,7718.56578093
20202,1129002514,81,66,15,0,5,7,28,24,17,0,5,5,21,21,14,0,0,2,7,3,3,6885.78435703
20202,1129002517,20,11,9,0,3,1,5,7,4,0,3,0,3,3,2,0,0,1,2,4,2,6198.49964574
20202,1129002518,2,1,1,0,0,0,1,1,0,0,0,0,1,0,0,0,0,0,0,1,0,1750.54834621
20202,1129002519,1,0,1,0,0,0,1,0,0,0,0,0,0,0,0,0,0,0,1,0,0,1924.32225221
20202,1129002522,26,3,23,0,0,11,6,8,1,0,0,2,0,0,1,0,0,9,6,8,0,1422.1478076
20202,1129002523,2,1,1,0,0,0,1,1,0,0,0,0,0,1,0,0,0,0,1,0,0,1923.59277048
20202,1129002528,62,28,34,0,14,11,18,14,5,0,6,2,10,6,4,0,8,9,8,8,1,6990.71006168
20202,1129002531,28,5,23,0,2,7,9,8,2,0,2,2,0,0,1,0,0,5,9,8,1,2532.3398918
20202,1129002532,5,2,3,0,0,1,3,1,0,0,0,0,1,1,0,0,0,1,2,0,0,2521.78054879
20202,1129002533,5,3,2,0,0,1,0,1,3,0,0,1,0,0,2,0,0,0,0,1,1,2229.75860671
20202,1129002534,1,1,0,0,0,0,0,1,0,0,0,0,0,1,0,0,0,0,0,0,0,8743.6121695
20202,1129002535,85,75,10,0,20,34,21,7,3,0,16,34,18,5,2,0,4,0,3,2,1,4971.15181774
20202,1129002537,6,5,1,0,1,0,1,4,0,0,1,0,1,3,0,0,0,0,0,1,0,11342.1650667
20202,1129002539,4,4,0,0,0,0,3,0,1,0,0,0,3,0,1,0,0,0,0,0,0,3522.04385972
20202,1129002542,1,1,0,0,0,0,1,0,0,0,0,0,1,0,0,0,0,0,0,0,0,1660.90262781
20202,1129002543,4,1,3,0,1,1,0,2,0,0,0,0,0,1,0,0,1,1,0,1,0,3896.95655528
20202,1129002545,10,7,3,0,0,3,5,2,0,0,0,2,4,1,0,0,0,1,1,1,0,15484.5253364
20202,1129002546,11,8,3,0,1,2,4,3,1,0,1,1,3,2,1,0,0,1,1,1,0,7008.05892493
20202,1129002548,2,1,1,0,0,0,1,0,1,0,0,0,0,0,1,0,0,0,1,0,0,5635.99295671
20202,1129002550,7,5,2,0,0,0,5,1,1,0,0,0,4,1,0,0,0,0,1,0,1,7405.71073134
20202,1129002552,9,4,5,0,1,0,3,1,4,0,0,0,1,0,3,0,1,0,2,1,1,3098.04765708
20202,1129002553,15,3,12,0,1,4,5,3,2,0,0,1,0,0,2,0,1,3,5,3,0,2702.38072329
20202,1129002556,5,3,2,0,1,1,1,2,0,0,1,1,1,0,0,0,0,0,0,2,0,7467.18653729
20202,1129002557,5,4,1,0,0,0,2,1,2,0,0,0,1,1,2,0,0,0,1,0,0,4019.66509373
20202,1129002561,5,4,1,0,0,2,2,1,0,0,0,1,2,1,0,0,0,1,0,0,0,3554.67848052
20202,1129002564,5,5,0,0,0,4,1,0,0,0,0,4,1,0,0,0,0,0,0,0,0,1731.86539079
20202,1129002565,10,3,7,0,1,2,3,2,2,0,0,0,1,1,1,0,1,2,2,1,1,2994.35731247
20202,1129002567,5,4,1,0,2,0,1,0,2,0,2,0,1,0,1,0,0,0,0,0,1,3720.18244896
20202,1129002568,81,42,39,0,10,23,17,21,10,0,1,8,9,16,8,0,9,15,8,5,2,8196.50899983
20202,1129002573,1,1,0,0,0,0,1,0,0,0,0,0,1,0,0,0,0,0,0,0,0,3339.90812729
20202,1129002576,63,46,17,1,18,17,10,10,7,0,13,11,10,7,5,1,5,6,0,3,2,5967.04350769
20202,1129002579,34,21,13,0,6,7,9,10,2,0,1,6,7,6,1,0,5,1,2,4,1,17053.0103439
20202,1129002581,18,2,16,0,1,4,5,6,2,0,0,0,0,0,2,0,1,4,5,6,0,17905.3775233
20202,1129002584,2,2,0,0,0,0,2,0,0,0,0,0,2,0,0,0,0,0,0,0,0,1879.20285652
20202,1129002585,6,5,1,0,0,0,1,4,1,0,0,0,1,3,1,0,0,0,0,1,0,3239.42151105
20202,1129002587,8,6,2,0,1,3,0,3,1,0,0,2,0,3,1,0,1,1,0,0,0,4051.08703834
20202,1129002589,14,11,3,0,0,3,4,3,4,0,0,2,4,3,2,0,0,1,0,0,2,2754.49652676
20202,1129002592,9,7,2,0,2,0,2,3,2,0,1,0,1,3,2,0,1,0,1,0,0,2916.68001354
20202,1129002593,2,1,1,0,1,0,1,0,0,0,1,0,0,0,0,0,0,0,1,0,0,3089.87851531
20202,1129002595,3,2,1,0,0,1,0,0,2,0,0,1,0,0,1,0,0,0,0,0,1,2743.62446279
20202,1129002596,30,21,9,0,8,4,7,9,2,0,5,4,4,7,1,0,3,0,3,2,1,5096.81294101
20202,1129002598,6,2,4,0,0,1,2,3,0,0,0,0,0,2,0,0,0,1,2,1,0,2954.52081688
20202,1129002599,2,1,1,0,0,0,0,0,2,0,0,0,0,0,1,0,0,0,0,0,1,3322.787428
20202,1129002601,4,0,4,0,1,2,0,0,1,0,0,0,0,0,0,0,1,2,0,0,1,2887.5691553
20202,1129002604,5,2,3,0,0,4,0,0,1,0,0,1,0,0,1,0,0,3,0,0,0,2945.37651993
20202,1129002605,16,11,5,0,3,5,6,0,2,0,0,5,4,0,2,0,3,0,2,0,0,5030.79771549
20202,1129002606,5,0,5,0,2,1,1,1,0,0,0,0,0,0,0,0,2,1,1,1,0,3406.6579324
20202,1129002607,7,6,1,0,0,0,2,2,3,0,0,0,2,1,3,0,0,0,0,1,0,2853.63565329
20202,1129002608,5,5,0,0,1,0,0,4,0,0,1,0,0,4,0,0,0,0,0,0,0,1764.44399597
20202,1129002609,1,1,0,0,0,0,0,0,1,0,0,0,0,0,1,0,0,0,0,0,0,3407.97190945
20202,1129002611,7,3,4,0,1,2,1,2,1,0,1,0,1,1,0,0,0,2,0,1,1,4435.69379108
20202,1129002615,4,2,2,0,1,0,1,2,0,0,1,0,0,1,0,0,0,0,1,1,0,4732.48136469
20202,1129002617,4,4,0,0,0,1,2,1,0,0,0,1,2,1,0,0,0,0,0,0,0,5978.98811612
20202,1129002625,8,5,3,0,0,4,2,1,1,0,0,2,2,0,1,0,0,2,0,1,0,2978.60877262
20202,1129002627,16,10,6,0,3,3,6,4,0,0,1,3,3,3,0,0,2,0,3,1,0,2139.47305022
20202,1129002628,3,0,3,0,1,0,0,1,1,0,0,0,0,0,0,0,1,0,0,1,1,4128.76653444
20202,1129002629,5,1,4,0,0,0,2,1,2,0,0,0,1,0,0,0,0,0,1,1,2,6003.37456971
20202,1129002630,4,1,3,0,0,0,2,0,2,0,0,0,1,0,0,0,0,0,1,0,2,2510.37714457
20202,1129002631,148,126,22,0,3,6,15,12,112,0,1,3,8,10,104,0,2,3,7,2,8,8749.39789924
20202,1129002632,27,19,8,0,0,0,2,0,25,0,0,0,1,0,18,0,0,0,1,0,7,5589.46694678
20202,1129002633,114,29,85,0,20,18,28,34,14,0,3,10,9,5,2,0,17,8,19,29,12,4306.09884985
20202,1129002635,3,1,2,0,0,0,1,2,0,0,0,0,0,1,0,0,0,0,1,1,0,5819.94689896
20202,1129002636,4,4,0,0,0,0,2,2,0,0,0,0,2,2,0,0,0,0,0,0,0,4374.28950998
20202,1129002639,7,1,6,0,0,0,2,2,3,0,0,0,0,0,1,0,0,0,2,2,2,2129.56325532
20202,1129002640,6,4,2,0,1,2,1,0,2,0,0,1,1,0,2,0,1,1,0,0,0,2527.55636928
20202,1129002642,10,7,3,0,1,1,3,4,1,0,1,1,3,1,1,0,0,0,0,3,0,4197.10978617
20202,1129002643,2,2,0,0,0,0,1,0,1,0,0,0,1,0,1,0,0,0,0,0,0,2360.88167132
20202,1129002648,2,2,0,0,0,0,0,1,1,0,0,0,0,1,1,0,0,0,0,0,0,1571.21259162
20202,1129002649,87,12,75,0,11,25,31,14,6,0,1,3,3,2,3,0,10,22,28,12,3,16350.8188163
20202,1129002654,1,0,1,0,0,0,0,1,0,0,0,0,0,0,0,0,0,0,0,1,0,1823.49051811
20202,1129002655,1,1,0,0,0,0,1,0,0,0,0,0,1,0,0,0,0,0,0,0,0,1060.44170941
20202,1129002658,11,7,4,0,0,1,1,8,1,0,0,0,1,5,1,0,0,1,0,3,0,4985.03332929
20202,1129002662,25,9,16,0,1,4,10,9,1,0,0,2,3,4,0,0,1,2,7,5,1,6278.119058
20202,1129002663,11,3,8,0,0,0,2,5,4,0,0,0,0,1,2,0,0,0,2,4,2,1731.77395699
20202,1129002664,3,1,2,0,1,0,1,1,0,0,0,0,0,1,0,0,1,0,1,0,0,1453.55747439
20202,1129002665,10,4,6,0,0,2,3,3,2,0,0,1,0,2,1,0,0,1,3,1,1,5747.70521949
20202,1129002666,12,5,7,0,2,2,0,1,7,0,0,0,0,1,4,0,2,2,0,0,3,5995.61155262
20202,1129002668,10,3,7,0,1,2,3,2,2,0,0,0,1,1,1,0,1,2,2,1,1,5851.72137031
20202,1129002670,2,2,0,0,0,0,0,2,0,0,0,0,0,2,0,0,0,0,0,0,0,2788.75526557
20202,1129002673,27,21,6,0,0,2,1,3,21,0,0,1,1,2,17,0,0,1,0,1,4,4862.8791621
20202,1129002674,4,0,4,0,1,0,2,1,0,0,0,0,0,0,0,0,1,0,2,1,0,2498.35934028
20202,1129002677,12,4,8,0,4,1,4,2,1,0,0,0,2,1,1,0,4,1,2,1,0,1904.20590089
20202,1129002679,3,2,1,0,0,0,0,0,3,0,0,0,0,0,2,0,0,0,0,0,1,4924.09713631
20202,1129002682,9,1,8,0,0,0,1,3,5,0,0,0,0,0,1,0,0,0,1,3,4,2644.42795867
20202,1129002683,6,6,0,0,0,2,0,2,2,0,0,2,0,2,2,0,0,0,0,0,0,3570.53634428
20202,1129002684,7,1,6,0,0,0,4,2,1,0,0,0,0,0,1,0,0,0,4,2,0,3253.26233681
20202,1129002685,3,1,2,0,0,0,1,2,0,0,0,0,1,0,0,0,0,0,0,2,0,2742.11007194
20202,1129002687,10,7,3,0,0,5,1,2,2,0,0,5,1,0,1,0,0,0,0,2,1,7938.3393892
20202,1129002690,18,8,10,0,2,6,3,4,3,0,0,3,1,2,2,0,2,3,2,2,1,3714.12072191
20202,1129002695,4,3,1,0,0,1,2,1,0,0,0,0,2,1,0,0,0,1,0,0,0,4085.75902319
20202,1129002702,5,3,2,0,0,1,0,1,3,0,0,1,0,0,2,0,0,0,0,1,1,3769.06679114
20202,1129002704,7,6,1,0,0,1,4,2,0,0,0,1,3,2,0,0,0,0,1,0,0,4457.02163493
20202,1129002707,9,6,3,0,1,0,2,2,4,0,0,0,1,2,3,0,1,0,1,0,1,5398.11540919
20202,1129002715,12,5,7,0,0,5,2,2,3,0,0,1,0,1,3,0,0,4,2,1,0,3266.53012563
20202,1129002716,3,0,3,0,0,1,0,1,1,0,0,0,0,0,0,0,0,1,0,1,1,1931.37648281
20202,1129002717,36,29,7,0,0,1,1,4,30,0,0,1,1,2,25,0,0,0,0,2,5,3688.56911079
20202,1129002719,2,2,0,0,1,0,0,0,1,0,1,0,0,0,1,0,0,0,0,0,0,3254.93154777
20202,1129002720,565,404,161,2,38,93,150,164,118,2,20,49,104,131,98,0,18,44,46,33,20,2077.2126593
20202,1129002725,2,1,1,0,0,0,0,1,1,0,0,0,0,0,1,0,0,0,0,1,0,3499.02911257
20202,1129002726,2,1,1,0,0,0,0,1,1,0,0,0,0,0,1,0,0,0,0,1,0,1933.88301606
20202,1129002730,2,2,0,0,0,0,0,2,0,0,0,0,0,2,0,0,0,0,0,0,0,3282.77444721
20202,1129002734,5,4,1,0,0,1,2,1,1,0,0,0,2,1,1,0,0,1,0,0,0,847.865646984
20202,1129002736,4,3,1,0,0,0,1,0,3,0,0,0,1,0,2,0,0,0,0,0,1,5694.24589366
20202,1129002737,4,2,2,0,0,1,2,0,1,0,0,0,1,0,1,0,0,1,1,0,0,2754.77750146
20202,1129002741,2,1,1,0,0,0,1,0,1,0,0,0,0,0,1,0,0,0,1,0,0,2562.34874275
20202,1129002745,9,7,2,0,0,2,2,3,2,0,0,2,2,2,1,0,0,0,0,1,1,5084.56377248
20202,1129002750,3,2,1,0,0,1,0,0,2,0,0,1,0,0,1,0,0,0,0,0,1,1751.86419898
20202,1129002758,4,1,3,0,0,1,2,0,1,0,0,0,1,0,0,0,0,1,1,0,1,2032.30119427
20202,1129002761,2,0,2,0,1,0,0,1,0,0,0,0,0,0,0,0,1,0,0,1,0,1916.7802284
20202,1129002766,2,1,1,0,1,0,0,1,0,0,0,0,0,1,0,0,1,0,0,0,0,1371.74301888
20202,1129002767,7,3,4,0,4,2,1,0,0,0,1,1,1,0,0,0,3,1,0,0,0,6720.94929957
20202,1129002773,7,7,0,0,0,1,1,2,3,0,0,1,1,2,3,0,0,0,0,0,0,2500.34206656
20202,1129002774,16,5,11,0,9,6,1,0,0,0,2,2,1,0,0,0,7,4,0,0,0,3943.36895136
20202,1129002775,2,2,0,0,1,0,0,1,0,0,1,0,0,1,0,0,0,0,0,0,0,3814.52448146
20202,1129002776,10,7,3,0,0,4,3,3,0,0,0,2,2,3,0,0,0,2,1,0,0,1532.19359293
20202,1129002778,23,18,5,0,2,6,5,7,3,0,2,4,4,5,3,0,0,2,1,2,0,12590.4931161
20202,1129002779,3,1,2,0,1,0,1,1,0,0,0,0,1,0,0,0,1,0,0,1,0,1372.59984558
20202,1129002781,2,2,0,0,0,0,0,1,1,0,0,0,0,1,1,0,0,0,0,0,0,2261.09676806
20202,1129002784,125,123,2,0,2,0,11,40,72,0,1,0,11,39,72,0,1,0,0,1,0,3693.64751755
20202,1129002785,4,2,2,0,0,0,2,2,0,0,0,0,1,1,0,0,0,0,1,1,0,3498.06829637
20202,1129002786,4,1,3,0,0,2,2,0,0,0,0,0,1,0,0,0,0,2,1,0,0,655.826889159
20202,1129002787,2,1,1,0,0,0,0,2,0,0,0,0,0,1,0,0,0,0,0,1,0,2345.73109473
20202,1129002790,3,2,1,0,0,0,2,1,0,0,0,0,1,1,0,0,0,0,1,0,0,1652.94996883
20202,1129002791,8,6,2,0,0,0,3,2,3,0,0,0,2,1,3,0,0,0,1,1,0,2938.08656253
20202,1129002792,126,122,4,0,0,2,16,52,56,0,0,1,14,52,55,0,0,1,2,0,1,6214.95408465
20202,1129002793,41,17,24,0,15,11,4,9,2,0,7,3,2,3,2,0,8,8,2,6,0,6260.91425155
20202,1129002796,5,4,1,0,0,0,2,1,2,0,0,0,2,1,1,0,0,0,0,0,1,2930.33158532
20202,1129002797,2,2,0,0,0,0,0,2,0,0,0,0,0,2,0,0,0,0,0,0,0,1334.1946941
20202,1129002800,120,42,78,0,21,28,28,34,9,0,4,14,13,8,3,0,17,14,15,26,6,12145.2760122
20202,1129002801,6,4,2,0,0,0,2,3,1,0,0,0,1,2,1,0,0,0,1,1,0,5325.02844834
20202,1129002805,46,21,25,0,13,11,12,7,3,0,5,6,6,3,1,0,8,5,6,4,2,2487.99968821
20202,1129002807,4,2,2,0,0,2,0,2,0,0,0,1,0,1,0,0,0,1,0,1,0,1227.61801799
20202,1129002816,12,9,3,0,1,3,3,5,0,0,0,3,2,4,0,0,1,0,1,1,0,1079.26453681
20202,1129002817,2,2,0,0,0,0,2,0,0,0,0,0,2,0,0,0,0,0,0,0,0,726.300693196
20202,1129002819,55,30,25,5,18,10,14,5,3,1,11,7,8,2,1,4,7,3,6,3,2,4943.48173046
20202,1129002823,5,4,1,0,0,1,2,2,0,0,0,0,2,2,0,0,0,1,0,0,0,1760.40886155
20202,1129002832,3,2,1,0,0,0,2,1,0,0,0,0,1,1,0,0,0,0,1,0,0,4964.84332294
20202,1129002834,2,2,0,0,0,0,0,0,2,0,0,0,0,0,2,0,0,0,0,0,0,2475.34126798
20202,1129002837,5,3,2,0,1,0,1,3,0,0,0,0,0,3,0,0,1,0,1,0,0,5796.65856921
20202,1129002840,5,4,1,0,0,1,2,1,1,0,0,1,1,1,1,0,0,0,1,0,0,1827.81869652
20202,1129002842,7,2,5,0,1,3,1,2,0,0,0,1,0,1,0,0,1,2,1,1,0,6284.94124142
20202,1129002851,15,4,11,0,3,0,1,7,4,0,2,0,0,1,1,0,1,0,1,6,3,8720.90612591
20202,1129002852,12,5,7,0,0,2,3,4,3,0,0,2,0,1,2,0,0,0,3,3,1,1698.31759891
20202,1129002853,7,6,1,0,0,1,1,2,3,0,0,1,1,1,3,0,0,0,0,1,0,5516.51261701
20202,1129002854,4,4,0,0,0,1,2,1,0,0,0,1,2,1,0,0,0,0,0,0,0,2710.35363206
20202,1129002858,7,6,1,1,0,2,1,2,1,1,0,2,1,1,1,0,0,0,0,1,0,3073.05659004
20202,1129002859,2,2,0,0,0,0,0,2,0,0,0,0,0,2,0,0,0,0,0,0,0,912.377375488
20202,1129002864,19,0,19,0,6,4,6,3,0,0,0,0,0,0,0,0,6,4,6,3,0,5241.47265617
20202,1129002868,87,36,51,0,32,49,4,0,2,0,4,30,1,0,1,0,28,19,3,0,1,4778.24848515
20202,1129002869,26,19,7,0,1,4,9,12,0,0,1,1,7,10,0,0,0,3,2,2,0,4862.19712695
20202,1129002886,61,26,35,0,6,26,16,10,3,0,3,13,5,2,3,0,3,13,11,8,0,12937.086627
20202,1129002910,3,2,1,0,0,0,2,0,1,0,0,0,1,0,1,0,0,0,1,0,0,2748.40653281
20202,1129002919,4,1,3,0,1,0,1,0,2,0,0,0,0,0,1,0,1,0,1,0,1,5346.90475408
20202,1129002927,2,1,1,0,0,0,0,0,2,0,0,0,0,0,1,0,0,0,0,0,1,2031.61796756
20202,1129002930,11,7,4,0,1,4,4,1,1,0,0,2,3,1,1,0,1,2,1,0,0,2917.91822692
20202,1129002931,99,57,42,0,20,18,34,13,14,0,12,12,16,6,11,0,8,6,18,7,3,5917.60132611
20202,1129002935,5,3,2,0,0,2,0,2,1,0,0,2,0,0,1,0,0,0,0,2,0,2788.91613672
20202,1129002936,8,6,2,0,0,1,0,4,3,0,0,1,0,2,3,0,0,0,0,2,0,4209.43661227
20202,1129002937,9,5,4,0,1,2,2,3,1,0,1,1,2,1,0,0,0,1,0,2,1,3205.47302214
20202,1129002941,27,3,24,0,0,7,7,10,3,0,0,1,0,0,2,0,0,6,7,10,1,9462.01415392
20202,1129002944,8,5,3,0,0,1,2,2,3,0,0,0,1,1,3,0,0,1,1,1,0,2238.99396323
20202,1129002948,67,51,16,0,2,4,23,19,19,0,2,3,19,10,17,0,0,1,4,9,2,2873.86745986
20202,1129002949,10,7,3,0,0,0,3,1,6,0,0,0,1,1,5,0,0,0,2,0,1,3938.87154449
20202,1129002951,40,20,20,0,13,7,8,8,4,0,6,2,3,6,3,0,7,5,5,2,1,5828.0541768
20202,1129002972,2,1,1,0,0,0,0,0,2,0,0,0,0,0,1,0,0,0,0,0,1,2621.12324854
20202,1129002974,155,88,67,0,18,40,27,50,20,0,7,17,14,33,17,0,11,23,13,17,3,3755.62725514
20202,1129002975,33,20,13,0,5,11,12,2,3,0,1,6,10,2,1,0,4,5,2,0,2,5364.05410242
20202,1129002983,1,0,1,0,0,1,0,0,0,0,0,0,0,0,0,0,0,1,0,0,0,3203.53912984
20202,1129002986,7,7,0,0,1,0,3,2,1,0,1,0,3,2,1,0,0,0,0,0,0,1964.76823561
20202,1129002992,2,1,1,0,1,0,1,0,0,0,0,0,1,0,0,0,1,0,0,0,0,3620.09909732
20202,1129003001,2,1,1,0,0,0,2,0,0,0,0,0,1,0,0,0,0,0,1,0,0,1209.95623379
20202,1129003002,28,18,10,0,0,3,8,11,6,0,0,1,2,10,5,0,0,2,6,1,1,3486.72686105
20202,1129003004,4,2,2,0,1,0,1,1,1,0,0,0,1,0,1,0,1,0,0,1,0,3460.20011502
20202,1129003006,1,1,0,0,0,0,0,0,1,0,0,0,0,0,1,0,0,0,0,0,0,1059.83553501
20202,1129003009,6,6,0,0,1,0,3,1,1,0,1,0,3,1,1,0,0,0,0,0,0,1450.63182255
20202,1129003011,16,4,12,0,2,2,7,3,2,0,0,0,3,0,1,0,2,2,4,3,1,3668.58276496
20202,1129003012,2,0,2,0,0,0,0,1,1,0,0,0,0,0,0,0,0,0,0,1,1,3522.87732936
20202,1129003015,3,2,1,0,1,0,1,1,0,0,1,0,1,0,0,0,0,0,0,1,0,9087.93614223
20202,1129003017,28,8,20,0,2,8,8,7,3,0,0,0,1,4,3,0,2,8,7,3,0,1183.50498078
20202,1129003018,136,133,3,0,1,1,12,38,84,0,1,0,10,38,84,0,0,1,2,0,0,2062.31053703
20202,1129003019,10,7,3,0,1,1,6,1,1,0,1,0,4,1,1,0,0,1,2,0,0,4045.47881746
20202,1129003020,2,1,1,0,0,0,2,0,0,0,0,0,1,0,0,0,0,0,1,0,0,1942.32683499
20202,1129003027,20,7,13,0,5,3,3,5,4,0,0,0,1,3,3,0,5,3,2,2,1,8796.2157041
20202,1129003034,8,5,3,0,0,6,2,0,0,0,0,4,1,0,0,0,0,2,1,0,0,2252.69009991
20202,1129003035,10,5,5,0,0,2,5,2,1,0,0,0,2,2,1,0,0,2,3,0,0,3717.01820287
20202,1129003037,24,10,14,0,2,5,9,7,1,0,0,1,3,5,1,0,2,4,6,2,0,3592.73380512
20202,1129003040,7,2,5,0,0,3,2,2,0,0,0,0,0,2,0,0,0,3,2,0,0,1806.45537376
20202,1129003041,32,14,18,0,0,3,8,13,8,0,0,1,4,6,3,0,0,2,4,7,5,1171.40095398
20202,1129003042,38,15,23,2,8,11,8,6,3,0,1,4,2,5,3,2,7,7,6,1,0,3380.26247304
20202,1129003044,33,7,26,1,8,9,4,8,3,0,0,2,0,3,2,1,8,7,4,5,1,4444.42123654
20202,1129003048,3,1,2,0,0,0,1,2,0,0,0,0,0,1,0,0,0,0,1,1,0,2832.81298506
20202,1129003053,13,8,5,0,2,3,3,1,4,0,2,3,1,0,2,0,0,0,2,1,2,4899.77519327
20202,1129003056,55,19,36,0,16,7,16,9,7,0,1,2,6,4,6,0,15,5,10,5,1,9543.35996833
20202,1129003057,266,130,136,2,34,33,57,86,54,1,11,14,27,40,37,1,23,19,30,46,17,3459.89958581
20202,1129003065,1,1,0,0,0,0,0,1,0,0,0,0,0,1,0,0,0,0,0,0,0,3031.1257573
20202,1129003067,116,53,63,1,31,45,23,11,5,0,9,19,15,6,4,1,22,26,8,5,1,1960.73629351
20202,1129003070,6,0,6,0,0,1,4,0,1,0,0,0,0,0,0,0,0,1,4,0,1,5567.76679718
20202,1129003072,65,31,34,0,9,5,17,23,11,0,4,0,9,11,7,0,5,5,8,12,4,4084.44073694
20202,1129003076,3,1,2,0,0,1,0,1,1,0,0,0,0,0,1,0,0,1,0,1,0,3919.40052077
20202,1129003086,14,12,2,0,0,2,3,3,6,0,0,0,3,3,6,0,0,2,0,0,0,3887.31598407
20202,1129003093,25,1,24,0,4,12,6,3,0,0,0,0,1,0,0,0,4,12,5,3,0,3041.20758308
20202,1129003094,3,2,1,0,0,0,3,0,0,0,0,0,2,0,0,0,0,0,1,0,0,8172.03536645
20202,1129003095,7,4,3,0,1,0,3,2,1,0,1,0,1,1,1,0,0,0,2,1,0,3287.98730611
20202,1129003097,23,13,10,0,0,3,5,9,6,0,0,3,3,3,4,0,0,0,2,6,2,3464.49313751
20202,1129003099,3,1,2,0,0,1,2,0,0,0,0,0,1,0,0,0,0,1,1,0,0,2437.33057751
20202,1129003101,6,2,4,0,0,2,2,2,0,0,0,0,1,1,0,0,0,2,1,1,0,2336.92079312
20202,1129003107,6,4,2,0,0,2,2,0,2,0,0,0,2,0,2,0,0,2,0,0,0,7505.19828178
20202,1129003109,12,6,6,0,0,3,3,2,4,0,0,2,0,2,2,0,0,1,3,0,2,18992.0131998
20202,1129003111,2,1,1,0,0,2,0,0,0,0,0,1,0,0,0,0,0,1,0,0,0,4060.99282654
20202,1129003113,18,12,6,0,0,4,10,2,2,0,0,3,7,0,2,0,0,1,3,2,0,2851.67362311
20202,1129003114,3,2,1,0,0,0,1,2,0,0,0,0,1,1,0,0,0,0,0,1,0,4542.76132568
20202,1129003115,41,17,24,0,13,14,12,2,0,0,2,5,8,2,0,0,11,9,4,0,0,2321.60310198
20202,1129003118,2,1,1,0,0,0,0,1,1,0,0,0,0,0,1,0,0,0,0,1,0,8901.25138938
20202,1129003120,8,4,4,0,0,4,4,0,0,0,0,1,3,0,0,0,0,3,1,0,0,2976.72600347
20202,1129003121,27,11,16,0,2,7,8,7,3,0,1,3,3,1,3,0,1,4,5,6,0,7438.25700464
20202,1129003124,21,17,4,0,3,7,4,4,3,0,3,7,2,3,2,0,0,0,2,1,1,3758.3609374
20202,1129003126,20,4,16,0,4,9,1,4,2,0,0,3,0,0,1,0,4,6,1,4,1,10382.2676633
20202,1129003127,12,7,5,0,4,6,1,1,0,0,0,5,1,1,0,0,4,1,0,0,0,8359.50708252
20202,1129003138,7,3,4,0,1,3,3,0,0,0,0,2,1,0,0,0,1,1,2,0,0,3398.92620896
20202,1129003145,22,9,13,0,0,6,7,8,1,0,0,1,1,6,1,0,0,5,6,2,0,18146.0066388
20202,1129003166,14,5,9,0,3,5,3,2,1,0,0,2,1,2,0,0,3,3,2,0,1,1747.5660384
20202,1129003168,3,2,1,0,0,1,0,0,2,0,0,1,0,0,1,0,0,0,0,0,1,3334.32217404
20202,1129003174,171,86,85,0,29,43,52,38,9,0,15,28,26,12,5,0,14,15,26,26,4,4851.09342493
20202,1129003176,6,2,4,0,0,0,1,3,2,0,0,0,0,2,0,0,0,0,1,1,2,181549.710325
20202,1129003179,11,1,10,0,1,1,7,2,0,0,1,0,0,0,0,0,0,1,7,2,0,3261.56125899
20202,1129003182,4,2,2,0,0,1,0,1,2,0,0,0,0,1,1,0,0,1,0,0,1,1980.18975681
20202,1129003189,55,13,42,0,5,15,16,12,7,0,0,2,2,3,6,0,5,13,14,9,1,12230.9123414
20202,1129003190,16,7,9,0,0,2,6,3,5,0,0,1,2,2,2,0,0,1,4,1,3,3942.95807901
20202,1129003193,22,10,12,0,0,3,3,12,4,0,0,0,1,6,3,0,0,3,2,6,1,1670.69693616
20202,1129003196,121,20,101,0,13,36,43,22,7,0,0,6,4,6,4,0,13,30,39,16,3,24379.2435096
20202,1129003197,10,3,7,0,1,2,5,1,1,0,0,2,1,0,0,0,1,0,4,1,1,2403.76775529
20202,1129003198,1,0,1,0,0,0,0,1,0,0,0,0,0,0,0,0,0,0,0,1,0,769.525965648
20202,1129003200,6,6,0,0,0,2,3,1,0,0,0,2,3,1,0,0,0,0,0,0,0,4424.47588641
20202,1129003202,2,1,1,0,0,0,2,0,0,0,0,0,1,0,0,0,0,0,1,0,0,7898.64081648
20202,1129003205,4,4,0,0,0,2,2,0,0,0,0,2,2,0,0,0,0,0,0,0,0,1771.36682709
20202,1129003206,3,2,1,0,0,1,0,2,0,0,0,1,0,1,0,0,0,0,0,1,0,5373.71201391
20202,1129003208,1,1,0,0,0,0,0,0,1,0,0,0,0,0,1,0,0,0,0,0,0,1465.64428187
20202,1129003209,6,5,1,0,0,0,3,3,0,0,0,0,2,3,0,0,0,0,1,0,0,1361.52460671
20202,1129003212,17,8,9,0,0,0,8,6,3,0,0,0,4,2,2,0,0,0,4,4,1,9885.7222336
20202,1129003222,31,19,12,0,5,7,11,4,4,0,3,6,7,2,1,0,2,1,4,2,3,3405.47119231
20202,1129003226,86,43,43,0,14,15,21,22,14,0,5,9,10,12,7,0,9,6,11,10,7,4535.9669593
20202,1129003227,533,183,350,0,153,150,124,77,29,0,34,55,33,33,28,0,119,95,91,44,1,8808.63119494
20202,1129003232,5,2,3,0,1,1,0,1,2,0,1,0,0,0,1,0,0,1,0,1,1,856.310424617
20202,1129003239,33,16,17,0,5,7,10,6,5,0,0,5,4,3,4,0,5,2,6,3,1,23681.685196
20202,1129003245,4,3,1,0,1,0,2,1,0,0,1,0,1,1,0,0,0,0,1,0,0,2856.74893881
20202,1129003249,12,9,3,0,1,3,3,2,3,0,1,1,2,2,3,0,0,2,1,0,0,1993.59907756
20202,1129003251,59,31,28,0,2,10,17,22,8,0,1,5,11,10,4,0,1,5,6,12,4,16240.7449186
20202,1129003252,12,5,7,0,1,3,5,2,1,0,0,1,3,1,0,0,1,2,2,1,1,5033.99382824
20202,1129003253,12,7,5,0,0,0,1,3,8,0,0,0,0,1,6,0,0,0,1,2,2,2129.75096584
20202,1129003256,19,9,10,0,6,6,4,2,1,0,0,5,2,2,0,0,6,1,2,0,1,3204.65340618
20202,1129003259,2,1,1,0,0,0,0,1,1,0,0,0,0,1,0,0,0,0,0,0,1,2732.20612794
20202,1129003260,29,18,11,0,5,1,7,15,1,0,2,1,7,7,1,0,3,0,0,8,0,1707.01936264
20202,1129003263,24,7,17,0,2,9,6,4,3,0,0,3,1,0,3,0,2,6,5,4,0,9576.02661646
20202,1129003264,4,4,0,0,0,0,2,2,0,0,0,0,2,2,0,0,0,0,0,0,0,1866.95626467
20202,1129003266,10,5,5,0,1,1,3,4,1,0,0,1,1,2,1,0,1,0,2,2,0,15326.443464
20202,1129003268,2,1,1,0,0,0,1,0,1,0,0,0,0,0,1,0,0,0,1,0,0,1968.88106601
20202,1129003269,18,3,15,0,2,1,5,9,1,0,1,1,0,1,0,0,1,0,5,8,1,7699.40582463
20202,1129003272,10,6,4,0,2,3,2,1,2,0,1,2,2,0,1,0,1,1,0,1,1,2717.33802711
20202,1129003274,8,3,5,0,0,2,4,2,0,0,0,1,0,2,0,0,0,1,4,0,0,8069.38302156
20202,1129003276,2,1,1,0,0,0,0,0,2,0,0,0,0,0,1,0,0,0,0,0,1,2821.19217976
20202,1129003277,101,98,3,0,1,0,14,42,44,0,1,0,13,41,43,0,0,0,1,1,1,1796.42265556
20202,1129003286,14,10,4,0,0,1,3,6,4,0,0,1,1,4,4,0,0,0,2,2,0,2803.45377912
20202,1129003291,62,14,48,0,16,15,11,16,4,0,6,0,3,1,4,0,10,15,8,15,0,9791.84305715
20202,1129003295,10,7,3,0,0,3,5,1,1,0,0,1,4,1,1,0,0,2,1,0,0,150658.194233
20202,1129003297,23,8,15,0,2,5,6,7,3,0,2,2,2,1,1,0,0,3,4,6,2,9142.43887075
20202,1129003298,25,13,12,0,3,9,3,7,3,0,2,3,1,4,3,0,1,6,2,3,0,153132.017996
20202,1129003301,20,14,6,0,3,1,6,6,4,0,2,0,5,4,3,0,1,1,1,2,1,1986.76351246
20202,1129003304,3,3,0,0,0,2,1,0,0,0,0,2,1,0,0,0,0,0,0,0,0,1672.5735129
20202,1129003306,666,585,81,0,148,331,158,26,3,0,103,307,146,26,3,0,45,24,12,0,0,1713.6508946
20202,1129003307,370,339,31,0,8,32,123,158,49,0,3,30,113,151,42,0,5,2,10,7,7,19495.1816125
20202,1129003308,120,56,64,0,0,6,11,6,97,0,0,3,6,2,45,0,0,3,5,4,52,10581.0911798
20202,1129003310,102,47,55,0,5,39,36,19,3,0,1,12,17,14,3,0,4,27,19,5,0,2770.65655474
20202,1129003312,141,122,19,13,33,39,25,25,6,12,27,34,22,21,6,1,6,5,3,4,0,7673.80725909
20202,1129003313,3,3,0,0,0,0,0,0,3,0,0,0,0,0,3,0,0,0,0,0,0,3708.91559748
20202,1129003315,28,17,11,0,2,6,6,10,4,0,2,3,3,6,3,0,0,3,3,4,1,2017.5094654
20202,1129003316,3,3,0,0,0,1,0,2,0,0,0,1,0,2,0,0,0,0,0,0,0,7841.78248881
20202,1129003318,3,3,0,0,0,1,2,0,0,0,0,1,2,0,0,0,0,0,0,0,0,3548.22422424
20202,1129003322,12,10,2,0,0,1,4,5,2,0,0,1,3,4,2,0,0,0,1,1,0,10755.1635351
20202,1129003324,16,11,5,0,1,2,5,4,4,0,1,2,2,3,3,0,0,0,3,1,1,1769.06303048
20202,1129003327,7,4,3,0,0,0,1,0,6,0,0,0,0,0,4,0,0,0,1,0,2,5166.20165654
20202,1129003328,3,2,1,0,0,1,2,0,0,0,0,0,2,0,0,0,0,1,0,0,0,3729.29810905
20202,1129003329,4,2,2,0,0,0,2,1,1,0,0,0,1,0,1,0,0,0,1,1,0,1848.52853895
20202,1129003331,22,19,3,0,3,4,4,6,5,0,2,3,4,5,5,0,1,1,0,1,0,7748.36793471
20202,1129003332,55,37,18,2,20,10,13,6,4,2,14,8,6,4,3,0,6,2,7,2,1,215719.067956
20202,1129003335,28,12,16,0,1,3,9,12,3,0,0,1,6,4,1,0,1,2,3,8,2,2418.6848547
20202,1129003342,3,1,2,0,0,0,3,0,0,0,0,0,1,0,0,0,0,0,2,0,0,2311.70677967
20202,1129003344,45,37,8,0,4,18,17,3,3,0,4,15,12,3,3,0,0,3,5,0,0,5244.6227638
20202,1129003345,2,1,1,0,0,1,0,1,0,0,0,0,0,1,0,0,0,1,0,0,0,28853.8807185
20202,1129003346,11,6,5,0,0,0,6,4,1,0,0,0,3,2,1,0,0,0,3,2,0,2029.67296716
20202,1129003350,4,1,3,0,1,0,1,0,2,0,0,0,0,0,1,0,1,0,1,0,1,10586.870596
20202,1129003353,3,2,1,0,0,0,0,2,1,0,0,0,0,2,0,0,0,0,0,0,1,461.241539054
20202,1129003354,10,1,9,0,3,1,2,4,0,0,0,0,0,1,0,0,3,1,2,3,0,2251.90633398
20202,1129003359,2,1,1,0,0,0,0,0,2,0,0,0,0,0,1,0,0,0,0,0,1,1821.31091352
20202,1129003364,9,5,4,0,1,2,2,2,2,0,0,2,1,1,1,0,1,0,1,1,1,11256.0176298
20202,1129003367,20,14,6,0,3,2,6,9,0,0,2,2,6,4,0,0,1,0,0,5,0,8646.12487479
20202,1129003374,23,4,19,0,6,5,7,3,2,0,2,1,0,0,1,0,4,4,7,3,1,2200.62430712
20202,1129003382,16,14,2,0,6,4,3,3,0,0,5,4,3,2,0,0,1,0,0,1,0,3529.9245972
20202,1129003383,6,4,2,0,1,1,1,1,2,0,0,1,0,1,2,0,1,0,1,0,0,3301.58478418
20202,1129003386,1,0,1,0,0,0,1,0,0,0,0,0,0,0,0,0,0,0,1,0,0,9178.45469356
20202,1129003387,46,1,45,0,3,5,2,12,24,0,0,0,0,0,1,0,3,5,2,12,23,14015.5105883
20202,1129003389,39,6,33,0,9,7,12,7,4,0,1,2,1,1,1,0,8,5,11,6,3,4351.27532063
20202,1129003396,6,3,3,0,1,2,0,3,0,0,0,1,0,2,0,0,1,1,0,1,0,3011.66059464
20202,1129003398,10,10,0,0,0,3,1,3,3,0,0,3,1,3,3,0,0,0,0,0,0,5080.71253135
20202,1129003399,16,9,7,0,2,3,7,3,1,0,1,2,2,3,1,0,1,1,5,0,0,3711.03540675
20202,1129003402,19,10,9,0,2,3,7,2,5,0,0,2,2,2,4,0,2,1,5,0,1,12604.4376944
20202,1129003403,42,9,33,0,7,18,10,7,0,0,0,7,1,1,0,0,7,11,9,6,0,18062.061525
20202,1129003404,7,1,6,0,2,4,1,0,0,0,0,0,1,0,0,0,2,4,0,0,0,5851.29808174
20202,1129003405,3,2,1,0,0,0,0,2,1,0,0,0,0,1,1,0,0,0,0,1,0,4626.82329492
20202,1129003407,4,2,2,0,1,2,1,0,0,0,0,1,1,0,0,0,1,1,0,0,0,5369.19492692
20202,1129003413,215,79,136,0,76,90,36,9,4,0,22,30,18,6,3,0,54,60,18,3,1,176517.546399
20202,1129003416,13,5,8,0,0,0,2,4,7,0,0,0,1,0,4,0,0,0,1,4,3,43289.3628752
20202,1129003420,2,1,1,0,0,0,1,0,1,0,0,0,0,0,1,0,0,0,1,0,0,5783.34671246
20202,1129003425,7,3,4,0,1,0,1,5,0,0,1,0,0,2,0,0,0,0,1,3,0,13173.9466361
20202,1129003430,9,5,4,0,1,1,0,4,3,0,0,0,0,2,3,0,1,1,0,2,0,11398.3199726
20202,1129003438,6,3,3,0,2,0,0,2,2,0,2,0,0,0,1,0,0,0,0,2,1,5201.4781763
20202,1129003439,7,3,4,0,1,0,0,3,3,0,1,0,0,1,1,0,0,0,0,2,2,3907.40446867
20202,1129003449,95,65,30,0,5,11,27,19,33,0,1,6,14,16,28,0,4,5,13,3,5,187810.655269
20202,1129003454,4,1,3,0,0,1,2,0,1,0,0,0,0,0,1,0,0,1,2,0,0,1635.74900217
20202,1129003458,5,2,3,0,0,0,0,2,3,0,0,0,0,1,1,0,0,0,0,1,2,3125.20783225
20202,1129003459,5,2,3,0,2,2,0,1,0,0,0,1,0,1,0,0,2,1,0,0,0,5154.16300387
20202,1129003461,9,2,7,0,0,4,2,3,0,0,0,0,1,1,0,0,0,4,1,2,0,895.469127812
20202,1129003462,6,5,1,0,2,1,3,0,0,0,2,1,2,0,0,0,0,0,1,0,0,2256.17247661
20202,1129003463,2,1,1,0,0,0,0,0,2,0,0,0,0,0,1,0,0,0,0,0,1,2883.31968909
20202,1129003464,2,1,1,0,0,0,0,2,0,0,0,0,0,1,0,0,0,0,0,1,0,6440.32625528
20202,1129003465,20,4,16,0,8,2,5,4,1,0,1,0,1,2,0,0,7,2,4,2,1,10892.0161003
20202,1129003466,5,3,2,0,0,1,1,2,1,0,0,1,0,1,1,0,0,0,1,1,0,1605.80721062
20202,1129003471,185,147,38,0,1,2,19,73,90,0,0,2,16,64,65,0,1,0,3,9,25,11444.966217
20202,1129003472,9,3,6,0,0,1,6,1,1,0,0,0,2,0,1,0,0,1,4,1,0,4741.68292349
20202,1129003473,6,4,2,0,1,0,1,3,1,0,1,0,1,2,0,0,0,0,0,1,1,7415.77253621
20202,1129003475,28,14,14,0,0,2,10,7,9,0,0,0,4,3,7,0,0,2,6,4,2,15399.1824614
20202,1129003478,9,8,1,0,0,0,2,3,4,0,0,0,1,3,4,0,0,0,1,0,0,2173.44061398
20202,1129003481,4,3,1,0,0,1,2,0,1,0,0,1,1,0,1,0,0,0,1,0,0,2720.8337914
20202,1129003488,12,10,2,0,0,2,5,3,2,0,0,2,3,3,2,0,0,0,2,0,0,2759.1334116
20202,1129003490,64,55,9,0,7,3,9,19,26,0,7,0,7,17,24,0,0,3,2,2,2,5127.06380089
20202,1129003491,5,5,0,0,0,0,1,3,1,0,0,0,1,3,1,0,0,0,0,0,0,3840.8570141
20202,1129003492,14,3,11,0,1,1,7,1,4,0,0,0,0,0,3,0,1,1,7,1,1,4444.62520214
20202,1129003494,54,43,11,0,1,4,13,25,11,0,0,4,10,20,9,0,1,0,3,5,2,10865.6456726
20202,1129003495,1,0,1,0,0,0,0,0,1,0,0,0,0,0,0,0,0,0,0,0,1,7080.28371426
20202,1129003497,43,24,19,0,5,12,12,7,7,0,3,7,4,6,4,0,2,5,8,1,3,12197.3477535
20202,1129003501,50,18,32,0,11,11,7,15,6,0,0,1,3,9,5,0,11,10,4,6,1,9558.81610453
20202,1129003502,3,1,2,0,0,1,1,1,0,0,0,0,0,1,0,0,0,1,1,0,0,2814.81008911
20202,1129003503,9,7,2,0,1,0,3,4,1,0,1,0,2,3,1,0,0,0,1,1,0,4808.585719
20202,1129003504,13,11,2,0,0,1,3,3,6,0,0,1,3,2,5,0,0,0,0,1,1,2850.58247671
20202,1129003505,1,0,1,0,0,0,1,0,0,0,0,0,0,0,0,0,0,0,1,0,0,5077.2057616
20202,1129003507,2,0,2,0,0,0,1,1,0,0,0,0,0,0,0,0,0,0,1,1,0,2091.02593302
20202,1129003512,9,7,2,0,1,0,4,2,2,0,1,0,3,1,2,0,0,0,1,1,0,8231.56905744
20202,1129003516,6,3,3,0,3,1,2,0,0,0,1,1,1,0,0,0,2,0,1,0,0,15508.1357462
20202,1129003518,15,1,14,0,6,2,3,4,0,0,0,0,1,0,0,0,6,2,2,4,0,3969.57837388
20202,1129003529,13,10,3,0,0,4,8,0,1,0,0,3,6,0,1,0,0,1,2,0,0,9025.84763106
20202,1129003532,285,130,155,0,41,53,67,68,56,0,10,24,34,28,34,0,31,29,33,40,22,918.580815296
20202,1129003535,15,13,2,0,0,1,3,7,4,0,0,1,3,6,3,0,0,0,0,1,1,7701.9239029
20202,1129003538,161,38,123,0,14,11,21,59,56,0,8,9,5,11,5,0,6,2,16,48,51,2352.87876807
20202,1129003552,154,119,35,0,15,10,38,66,25,0,0,6,33,57,23,0,15,4,5,9,2,7836.58501461
20202,1129003553,3,3,0,0,3,0,0,0,0,0,3,0,0,0,0,0,0,0,0,0,0,66923.920245
20202,1129003554,11,5,6,0,0,1,1,8,1,0,0,0,0,4,1,0,0,1,1,4,0,3190.56101361
20202,1129003556,32,12,20,0,5,8,9,8,2,0,2,2,4,2,2,0,3,6,5,6,0,5942.08922072
20202,1129003557,2,0,2,0,1,1,0,0,0,0,0,0,0,0,0,0,1,1,0,0,0,11496.5088845
20202,1129003558,6,3,3,0,0,0,0,1,5,0,0,0,0,0,3,0,0,0,0,1,2,3635.4763951
20202,1129003560,4,1,3,2,1,1,0,0,0,0,0,1,0,0,0,2,1,0,0,0,0,4382.42548896
20202,1129003561,4,1,3,0,0,1,2,1,0,0,0,0,0,1,0,0,0,1,2,0,0,10339.5582671
20202,1129003562,9,8,1,0,0,0,1,3,5,0,0,0,1,2,5,0,0,0,0,1,0,2384.24060202
20202,1129003566,2,1,1,0,0,1,0,1,0,0,0,1,0,0,0,0,0,0,0,1,0,4002.07989979
20202,1129003569,3,1,2,0,0,0,2,0,1,0,0,0,1,0,0,0,0,0,1,0,1,3362.24094154
20202,1129003570,7,4,3,0,0,0,2,4,1,0,0,0,0,3,1,0,0,0,2,1,0,4095.43017248
20202,1129003571,68,33,35,0,5,17,16,21,9,0,2,11,7,5,8,0,3,6,9,16,1,2099.64748224
20202,1129003572,7,2,5,0,0,0,2,4,1,0,0,0,1,0,1,0,0,0,1,4,0,11735.0325811
20202,1129003573,210,85,125,0,35,68,46,32,29,0,9,24,17,15,20,0,26,44,29,17,9,1383.15053281
20202,1129003583,2,2,0,0,0,0,0,1,1,0,0,0,0,1,1,0,0,0,0,0,0,9062.71641534
20202,1129003584,24,16,8,0,0,3,12,8,1,0,0,1,9,5,1,0,0,2,3,3,0,7500.91627999
20202,1129003591,5,0,5,0,2,1,1,1,0,0,0,0,0,0,0,0,2,1,1,1,0,35057.7791291
20202,1129003592,4,0,4,0,0,1,3,0,0,0,0,0,0,0,0,0,0,1,3,0,0,2108.21308021
20202,1129003595,6,2,4,0,0,1,1,2,2,0,0,0,1,0,1,0,0,1,0,2,1,10796.8229576
20202,1129003597,3,1,2,0,0,0,1,1,1,0,0,0,0,0,1,0,0,0,1,1,0,66883.6004134
20202,1129003605,21,12,9,0,2,5,5,4,5,0,1,1,2,4,4,0,1,4,3,0,1,14460.250442
20202,1129003609,510,474,36,0,3,51,162,213,81,0,3,47,150,199,75,0,0,4,12,14,6,23371.0695476
20202,1129003612,80,19,61,0,13,21,23,18,5,0,3,2,5,4,5,0,10,19,18,14,0,14747.2569598
20202,1129003617,21,7,14,0,3,12,1,4,1,0,1,4,0,1,1,0,2,8,1,3,0,91824.7350045
20202,1129003622,129,77,52,0,10,36,30,36,17,0,5,23,23,19,7,0,5,13,7,17,10,364030.393388
20202,1129003626,2,1,1,0,0,1,0,1,0,0,0,1,0,0,0,0,0,0,0,1,0,1229.95861833
20202,1129003631,15,12,3,0,1,2,4,5,3,0,0,2,3,5,2,0,1,0,1,0,1,3410.75305058
20202,1129003632,10,0,10,0,1,2,4,1,2,0,0,0,0,0,0,0,1,2,4,1,2,2647.76767072
20202,1129003635,24,12,12,0,0,4,6,10,4,0,0,1,3,6,2,0,0,3,3,4,2,4196.59967382
20202,1129003637,2,1,1,0,0,0,0,1,1,0,0,0,0,0,1,0,0,0,0,1,0,8049.11175236
20202,1129003638,17,12,5,0,0,5,7,4,1,0,0,4,4,4,0,0,0,1,3,0,1,15226.2434879
20202,1129003639,5,3,2,0,0,1,0,0,4,0,0,1,0,0,2,0,0,0,0,0,2,2934.13519498
20202,1129003642,4,4,0,0,0,0,2,1,1,0,0,0,2,1,1,0,0,0,0,0,0,5897.5778106
20202,1129003643,11,1,10,0,1,2,5,2,1,0,0,0,0,0,1,0,1,2,5,2,0,6837.4161208
20202,1129003644,25,19,6,0,4,6,10,5,0,0,2,4,10,3,0,0,2,2,0,2,0,5193.41238891
20202,1129003645,2,1,1,0,0,0,1,1,0,0,0,0,1,0,0,0,0,0,0,1,0,4580.15754293
20202,1129003646,5,1,4,0,0,0,0,2,3,0,0,0,0,0,1,0,0,0,0,2,2,3918.47960485
20202,1129003647,4,3,1,0,0,1,1,0,2,0,0,1,1,0,1,0,0,0,0,0,1,1771.93214574
20202,1129003648,10,3,7,0,0,3,1,2,4,0,0,1,0,1,1,0,0,2,1,1,3,8662.37507444
20202,1129003649,73,17,56,0,10,25,19,17,2,0,2,7,2,4,2,0,8,18,17,13,0,15138.197714
20202,1129003650,2,2,0,0,0,0,1,1,0,0,0,0,1,1,0,0,0,0,0,0,0,3109.9158624
20202,1129003652,16,12,4,0,3,4,5,2,2,0,3,4,3,1,1,0,0,0,2,1,1,3606.45113363
20202,1129003653,11,5,6,0,1,7,0,2,1,0,0,4,0,0,1,0,1,3,0,2,0,4437.25472213
20202,1129003654,299,135,164,0,16,91,127,63,2,0,3,29,57,46,0,0,13,62,70,17,2,4859.55705745
20202,1129003656,21,12,9,0,8,7,4,1,1,0,5,4,2,1,0,0,3,3,2,0,1,11004.0351229
20202,1129003661,1,1,0,0,0,0,0,1,0,0,0,0,0,1,0,0,0,0,0,0,0,70721.8136508
20202,1129003662,226,216,10,0,0,6,55,122,43,0,0,5,50,120,41,0,0,1,5,2,2,6772.06650861
20202,1129003664,23,12,11,0,1,5,4,10,3,0,0,2,2,7,1,0,1,3,2,3,2,7449.32944136
20202,1129003666,5,4,1,0,1,1,1,2,0,0,1,0,1,2,0,0,0,1,0,0,0,1856.63367865
20202,1129003668,3,1,2,0,0,1,0,2,0,0,0,0,0,1,0,0,0,1,0,1,0,3861.22013661
20202,1129003669,5,4,1,0,0,0,0,2,3,0,0,0,0,2,2,0,0,0,0,0,1,11254.8578306
20202,1129003675,7,3,4,0,0,1,3,3,0,0,0,0,2,1,0,0,0,1,1,2,0,8134.38017431
20202,1129003676,6,2,4,0,0,1,2,1,2,0,0,0,0,0,2,0,0,1,2,1,0,2757.3207121
20202,1129003683,43,34,9,0,1,4,18,10,10,0,1,3,11,9,10,0,0,1,7,1,0,32502.5464158
20202,1129003686,12,6,6,0,2,2,1,2,5,0,1,1,0,1,3,0,1,1,1,1,2,3100.33448527
20202,1129003688,2,0,2,0,0,0,0,2,0,0,0,0,0,0,0,0,0,0,0,2,0,2580.03319568
20202,1129003689,12,9,3,0,0,2,4,2,4,0,0,1,3,1,4,0,0,1,1,1,0,4895.55031041
20202,1129003690,28,16,12,0,7,4,9,7,1,0,2,1,7,5,1,0,5,3,2,2,0,7512.16445146
20202,1129003691,16,3,13,0,0,0,2,6,8,0,0,0,0,1,2,0,0,0,2,5,6,2512.19308667
20202,1129003692,93,44,49,0,10,18,35,18,12,0,2,11,16,10,5,0,8,7,19,8,7,1654.19259011
20202,1129003707,104,30,74,0,27,21,31,13,12,0,6,5,12,2,5,0,21,16,19,11,7,3578.19044182
20202,1129003708,3,2,1,0,1,1,1,0,0,0,0,1,1,0,0,0,1,0,0,0,0,4508.21204408
20202,1129003709,7,6,1,1,0,4,1,1,0,1,0,4,1,0,0,0,0,0,0,1,0,2703.26186374
20202,1129003713,2,1,1,0,0,1,0,1,0,0,0,1,0,0,0,0,0,0,0,1,0,3855.67425809
20202,1129003714,4,2,2,0,0,1,2,0,1,0,0,1,1,0,0,0,0,0,1,0,1,3992.61757975
20202,1129003715,7,0,7,0,0,2,5,0,0,0,0,0,0,0,0,0,0,2,5,0,0,2863.81754593
20202,1129003718,7,5,2,0,0,4,0,3,0,0,0,2,0,3,0,0,0,2,0,0,0,2765.49020333
20202,1129003722,14,11,3,0,1,2,5,6,0,0,1,2,4,4,0,0,0,0,1,2,0,6548.44868383
20202,1129003730,22,18,4,0,0,0,7,10,5,0,0,0,7,8,3,0,0,0,0,2,2,4859.02020555
20202,1129003733,1,1,0,0,0,0,1,0,0,0,0,0,1,0,0,0,0,0,0,0,0,1375.8279614
20202,1129003736,2,1,1,0,0,0,2,0,0,0,0,0,1,0,0,0,0,0,1,0,0,1815.04522933
20202,1129003738,1,1,0,0,0,0,1,0,0,0,0,0,1,0,0,0,0,0,0,0,0,972.19093857
20202,1129003741,4,1,3,0,0,2,2,0,0,0,0,0,1,0,0,0,0,2,1,0,0,4936.46713229
20202,1129003742,4,1,3,0,1,0,2,1,0,0,0,0,0,1,0,0,1,0,2,0,0,3731.55817055
20202,1129003743,10,4,6,0,2,3,1,4,0,0,1,2,0,1,0,0,1,1,1,3,0,9426.09054684
20202,1129003747,13,10,3,0,2,1,5,4,1,0,2,1,3,3,1,0,0,0,2,1,0,98983.2011773
20202,1129003749,7,6,1,0,0,1,1,2,3,0,0,1,1,2,2,0,0,0,0,0,1,6088.11954373
20202,1129003752,3,2,1,0,0,0,0,1,2,0,0,0,0,1,1,0,0,0,0,0,1,8476.50519957
20202,1129003753,18227,9407,8820,55,1380,4733,6768,5234,57,12,578,1554,2999,4214,50,43,802,3179,3769,1020,7,2722.10885391
20202,1129003755,51,15,36,0,11,10,19,9,2,0,2,6,4,1,2,0,9,4,15,8,0,5675.39728984
20202,1129003757,2,1,1,0,0,0,2,0,0,0,0,0,1,0,0,0,0,0,1,0,0,3853.97568297
20202,1129003758,37,16,21,0,13,13,7,3,1,0,4,10,1,1,0,0,9,3,6,2,1,7810.12637188
20202,1129003761,17,11,6,0,1,4,6,4,2,0,1,3,2,3,2,0,0,1,4,1,0,4804.4487743
20202,1129003763,2,1,1,0,0,0,0,0,2,0,0,0,0,0,1,0,0,0,0,0,1,2296.15955491
20202,1129003765,11,3,8,0,1,0,5,3,2,0,0,0,2,0,1,0,1,0,3,3,1,4923.71898931
20202,1129003769,5,4,1,0,0,0,0,4,1,0,0,0,0,3,1,0,0,0,0,1,0,1080.53169284
20202,1129003770,2,1,1,0,0,0,0,1,1,0,0,0,0,0,1,0,0,0,0,1,0,1966.90108742
20202,1129003773,66,30,36,0,6,10,11,15,24,0,3,8,5,8,6,0,3,2,6,7,18,13314.3166489
20202,1129003776,17,8,9,0,2,1,3,7,4,0,1,1,2,4,0,0,1,0,1,3,4,1237.35871907
20202,1129003782,2,1,1,0,0,1,1,0,0,0,0,1,0,0,0,0,0,0,1,0,0,1548.99743626
20202,1129003783,7,4,3,0,0,1,2,2,2,0,0,1,1,1,1,0,0,0,1,1,1,3051.7287323
20202,1129003789,4,2,2,0,0,1,0,1,2,0,0,0,0,0,2,0,0,1,0,1,0,5673.86036683
20202,1129003796,7,3,4,0,0,1,4,0,2,0,0,0,1,0,2,0,0,1,3,0,0,12054.9248195
20202,1129003798,95,20,75,0,13,29,33,18,2,0,5,6,2,6,1,0,8,23,31,12,1,4385.2380074
20202,1129003800,28,6,22,0,5,8,6,8,1,0,1,0,2,2,1,0,4,8,4,6,0,5733.59436
20202,1129003804,10,2,8,0,3,3,1,1,2,0,0,1,0,0,1,0,3,2,1,1,1,2957.85152396
20202,1129003805,78,18,60,0,16,15,25,16,6,0,3,3,5,2,5,0,13,12,20,14,1,10312.166553
20202,1129003807,28,3,25,0,8,4,4,8,4,0,1,1,0,0,1,0,7,3,4,8,3,4031.21743756
20202,1129003808,26,17,9,0,13,4,6,2,1,0,11,1,3,1,1,0,2,3,3,1,0,4077.87335975
20202,1129003818,12,6,6,0,1,3,1,2,5,0,0,2,0,1,3,0,1,1,1,1,2,406.991142185
20202,1129003819,3,2,1,0,1,1,1,0,0,0,0,1,1,0,0,0,1,0,0,0,0,2623.44244625
20202,1129003822,8,6,2,0,0,2,1,2,3,0,0,1,1,1,3,0,0,1,0,1,0,9233.31269517
20202,1129003831,213,3,210,0,14,8,35,87,69,0,0,0,1,0,2,0,14,8,34,87,67,8360.25277104
20202,1129003832,3,3,0,0,1,1,1,0,0,0,1,1,1,0,0,0,0,0,0,0,0,8841.87290226
20202,1129003836,4,4,0,0,0,0,1,3,0,0,0,0,1,3,0,0,0,0,0,0,0,3192.73090815
20202,1129003837,8,2,6,0,1,1,1,5,0,0,0,0,0,2,0,0,1,1,1,3,0,3653.93374724
20202,1129003841,16,9,7,0,0,3,5,7,1,0,0,1,3,5,0,0,0,2,2,2,1,5801.40639592
20202,1129003848,247,155,92,1,26,53,56,75,36,0,16,30,34,50,25,1,10,23,22,25,11,4439.32277955
20202,1129003850,8,7,1,0,0,1,2,5,0,0,0,1,1,5,0,0,0,0,1,0,0,3680.25513449
20202,1129003852,66,39,27,1,6,10,13,18,18,0,1,2,9,14,13,1,5,8,4,4,5,4897.45106624
20202,1129003853,18,2,16,0,1,2,11,0,4,0,0,0,0,0,2,0,1,2,11,0,2,51772.1790006
20202,1129003874,12,8,4,0,8,0,1,3,0,0,6,0,1,1,0,0,2,0,0,2,0,2742.85222461
20202,1129003878,477,304,173,2,79,108,113,136,39,0,45,65,68,95,31,2,34,43,45,41,8,2181.72728471
20202,1129003880,45,17,28,0,12,8,2,12,11,0,1,3,2,3,8,0,11,5,0,9,3,4487.40751104
20202,1129003883,16,9,7,0,2,4,5,5,0,0,0,2,5,2,0,0,2,2,0,3,0,2187.00235115
20202,1129003895,45,22,23,0,15,12,15,2,1,0,6,6,10,0,0,0,9,6,5,2,1,8573.68921877
20202,1129003898,444,373,71,0,49,136,113,140,6,0,30,110,93,134,6,0,19,26,20,6,0,6673.68426042
20202,1129003904,11,5,6,0,1,4,4,1,1,0,0,2,2,0,1,0,1,2,2,1,0,1802.43582599
20202,1129003906,257,232,25,0,32,90,55,79,1,0,29,80,48,74,1,0,3,10,7,5,0,3646.97607484
20202,1129003910,4,2,2,0,0,1,1,1,1,0,0,1,1,0,0,0,0,0,0,1,1,3654.51063992
20202,1129003911,187,135,52,2,37,45,51,29,23,0,22,34,40,22,17,2,15,11,11,7,6,1356.87277141
20202,1129003914,66,13,53,1,8,11,22,15,9,0,0,2,3,4,4,1,8,9,19,11,5,6337.81086175
20202,1129003915,2,1,1,0,0,1,0,1,0,0,0,1,0,0,0,0,0,0,0,1,0,3504.52930645
20202,1129003916,7,1,6,0,0,0,2,3,2,0,0,0,0,0,1,0,0,0,2,3,1,2544.18164403
20202,1129003918,2,1,1,0,0,0,0,0,2,0,0,0,0,0,1,0,0,0,0,0,1,3065.12168171
20203,1123000001,120,55,65,0,7,10,27,32,44,0,1,2,14,11,27,0,6,8,13,21,17,4017.03275138
20203,1123000002,6,3,3,0,0,1,0,3,2,0,0,0,0,1,2,0,0,1,0,2,0,4030.88106728
20203,1123000003,5,4,1,0,0,2,2,0,1,0,0,2,1,0,1,0,0,0,1,0,0,2781.85755149
20203,1123000004,764,299,465,2,92,103,227,194,146,0,51,55,53,59,81,2,41,48,174,135,65,3286.03019847
20203,1123000005,113,57,56,0,27,36,24,14,12,0,7,14,16,10,10,0,20,22,8,4,2,6411.81232975
20203,1123000006,8,3,5,0,1,1,2,3,1,0,0,1,0,1,1,0,1,0,2,2,0,1289.78300619
20203,1123000007,8,7,1,0,1,2,1,1,3,0,0,2,1,1,3,0,1,0,0,0,0,4301.33006743
20203,1123000008,24,9,15,0,5,0,6,5,8,0,0,0,2,3,4,0,5,0,4,2,4,3931.99356818
20203,1123000010,3,2,1,0,0,0,2,1,0,0,0,0,1,1,0,0,0,0,1,0,0,946.498084201
20203,1123000012,75,41,34,0,9,14,22,21,9,0,5,10,12,7,7,0,4,4,10,14,2,6062.06191538
20203,1123000013,2,2,0,0,0,1,0,0,1,0,0,1,0,0,1,0,0,0,0,0,0,1035.68562879
20203,1123000014,2,1,1,0,0,0,2,0,0,0,0,0,1,0,0,0,0,0,1,0,0,2203.81881846
20203,1123000015,8,5,3,0,0,1,4,2,1,0,0,0,3,1,1,0,0,1,1,1,0,2393.8773718
20203,1123000017,28,18,10,0,9,12,6,1,0,0,7,9,1,1,0,0,2,3,5,0,0,2824.91954045
20203,1123000018,14,9,5,0,0,0,1,1,12,0,0,0,0,0,9,0,0,0,1,1,3,6616.95583478
20203,1123000020,3,3,0,0,0,2,0,1,0,0,0,2,0,1,0,0,0,0,0,0,0,2175.39408638
20203,1123000021,11,9,2,0,0,0,1,5,5,0,0,0,1,5,3,0,0,0,0,0,2,5430.30601674
20203,1123000022,3058,1155,1903,1,468,643,945,966,35,1,373,482,237,55,7,0,95,161,708,911,28,5528.57732009
20203,1123000023,2,2,0,0,0,0,1,1,0,0,0,0,1,1,0,0,0,0,0,0,0,840.798748147
20203,1123000024,2,1,1,0,0,1,0,1,0,0,0,0,0,1,0,0,0,1,0,0,0,2048.15282661
20203,1123000025,7,1,6,0,0,2,0,4,1,0,0,1,0,0,0,0,0,1,0,4,1,1447.24906033
20203,1123000026,10,8,2,0,0,3,5,1,1,0,0,2,5,1,0,0,0,1,0,0,1,3915.09617768
20203,1123000027,24,19,5,0,0,5,6,7,6,0,0,3,4,6,6,0,0,2,2,1,0,2555.75910236
20203,1123000029,52,37,15,0,1,5,15,11,20,0,0,2,9,7,19,0,1,3,6,4,1,7199.08930214
20203,1123000031,4,3,1,0,0,0,0,1,3,0,0,0,0,1,2,0,0,0,0,0,1,1903.20900952
20203,1123000033,2,2,0,0,0,1,0,0,1,0,0,1,0,0,1,0,0,0,0,0,0,1491.58486878
20203,1123000034,21,18,3,0,5,9,3,3,1,0,4,9,2,3,0,0,1,0,1,0,1,6220.61213951
20203,1123000035,25,17,8,1,0,4,8,5,7,0,0,4,7,2,4,1,0,0,1,3,3,6605.30271984
20203,1123000037,178,111,67,0,5,12,14,13,134,0,0,9,6,5,91,0,5,3,8,8,43,8207.61627371
20203,1123000038,27,20,7,0,11,2,5,5,4,0,8,2,2,4,4,0,3,0,3,1,0,803.762450547
20203,1123000040,387,293,94,1,93,150,74,47,22,0,61,103,65,43,21,1,32,47,9,4,1,8138.33113334
20203,1123000044,1,0,1,0,0,0,1,0,0,0,0,0,0,0,0,0,0,0,1,0,0,2137.75890075
20203,1123000045,83,13,70,0,9,29,27,17,1,0,0,5,5,3,0,0,9,24,22,14,1,15648.5004924
20203,1123000046,5,5,0,0,0,0,0,4,1,0,0,0,0,4,1,0,0,0,0,0,0,1130.86507
20203,1123000048,10,7,3,0,0,1,3,3,3,0,0,1,2,2,2,0,0,0,1,1,1,1083.1532696
20203,1123000054,31,15,16,0,2,8,10,10,1,0,0,6,4,5,0,0,2,2,6,5,1,15357.967654
20203,1123000055,20,13,7,0,0,3,3,5,9,0,0,2,1,4,6,0,0,1,2,1,3,7092.9507577
20203,1123000056,3,2,1,0,0,1,1,0,1,0,0,1,0,0,1,0,0,0,1,0,0,577.232722192
20203,1123000057,42,28,14,1,5,20,4,8,4,0,2,13,2,7,4,1,3,7,2,1,0,3234.22420105
20203,1123000059,2,1,1,0,0,0,0,0,2,0,0,0,0,0,1,0,0,0,0,0,1,4698.91175408
20203,1123000060,42,30,12,0,2,5,6,14,15,0,1,3,4,10,12,0,1,2,2,4,3,5016.86744303
20203,1123000062,46,28,18,0,1,6,14,11,14,0,0,2,8,8,10,0,1,4,6,3,4,4520.76958669
20203,1123000064,11,8,3,0,6,3,2,0,0,0,5,2,1,0,0,0,1,1,1,0,0,2714.33596439
20203,1123000068,12,7,5,0,0,1,6,2,3,0,0,1,3,2,1,0,0,0,3,0,2,2571.36398479
20203,1123000074,9,7,2,0,0,1,5,2,1,0,0,1,4,1,1,0,0,0,1,1,0,5678.60586915
20203,1123000076,8,3,5,0,1,2,2,3,0,0,0,0,1,2,0,0,1,2,1,1,0,1888.01799067
20203,1123000080,12,11,1,0,1,1,5,3,2,0,1,1,4,3,2,0,0,0,1,0,0,4204.1555437
20203,1123000081,2,0,2,0,1,0,1,0,0,0,0,0,0,0,0,0,1,0,1,0,0,1220.34719234
20203,1123000086,35,29,6,0,8,2,13,7,5,0,8,1,10,5,5,0,0,1,3,2,0,6094.20213656
20203,1123000087,31,17,14,0,1,5,13,10,2,0,0,2,7,7,1,0,1,3,6,3,1,6170.24214404
20203,1123000095,97,76,21,0,15,15,13,39,15,0,12,13,10,30,11,0,3,2,3,9,4,6888.55564025
20203,1123000101,3,1,2,0,0,0,0,0,3,0,0,0,0,0,1,0,0,0,0,0,2,3102.44110675
20203,1123000110,4,4,0,0,1,0,0,1,2,0,1,0,0,1,2,0,0,0,0,0,0,5124.86166655
20203,1123000115,15,0,15,0,4,5,1,5,0,0,0,0,0,0,0,0,4,5,1,5,0,1516.72095658
20203,1123000118,2,2,0,0,0,2,0,0,0,0,0,2,0,0,0,0,0,0,0,0,0,3624.99097869
20203,1123000121,7,4,3,0,1,2,2,1,1,0,0,0,2,1,1,0,1,2,0,0,0,3406.21207151
20203,1123000125,10,8,2,0,0,1,1,7,1,0,0,1,1,5,1,0,0,0,0,2,0,6931.85762841
20203,1123000126,35,14,21,0,3,12,10,8,2,0,1,3,6,3,1,0,2,9,4,5,1,3836.44843671
20203,1123000133,38,24,14,0,0,5,15,10,8,0,0,0,9,8,7,0,0,5,6,2,1,2259.47066943
20203,1123000134,3,2,1,0,0,0,0,3,0,0,0,0,0,2,0,0,0,0,0,1,0,3499.19733522
20203,1123000136,2,2,0,0,0,0,1,0,1,0,0,0,1,0,1,0,0,0,0,0,0,1596.34807451
20203,1123000137,34,24,10,0,8,1,9,11,5,0,4,0,6,10,4,0,4,1,3,1,1,2979.24347907
20203,1123000142,8,5,3,0,2,2,2,2,0,0,1,2,1,1,0,0,1,0,1,1,0,5931.98452651
20203,1123000145,41,28,13,0,7,18,13,2,1,0,1,18,7,2,0,0,6,0,6,0,1,2671.59923204
20203,1123000148,15,12,3,0,0,2,7,3,3,0,0,2,6,1,3,0,0,0,1,2,0,4354.43292439
20203,1123000151,2,1,1,0,0,0,1,1,0,0,0,0,0,1,0,0,0,0,1,0,0,3625.53155849
20203,1123000153,2,2,0,0,0,0,0,0,2,0,0,0,0,0,2,0,0,0,0,0,0,4067.70923234
20203,1123000159,64,49,15,3,27,12,5,5,12,3,21,8,2,4,11,0,6,4,3,1,1,4181.10209351
20203,1123000160,8,5,3,0,0,1,2,4,1,0,0,1,1,3,0,0,0,0,1,1,1,4134.06663485
20203,1123000161,9,4,5,0,1,0,4,4,0,0,0,0,3,1,0,0,1,0,1,3,0,4211.32107547
20203,1123000162,50,32,18,0,3,10,9,15,13,0,2,2,4,12,12,0,1,8,5,3,1,3010.23207377
20203,1123000165,3,2,1,0,0,0,0,2,1,0,0,0,0,1,1,0,0,0,0,1,0,3316.38080846
20203,1123000167,13,6,7,0,1,1,4,3,4,0,0,0,0,3,3,0,1,1,4,0,1,4511.13210114
20203,1123000168,40,5,35,0,6,13,9,12,0,0,1,2,0,2,0,0,5,11,9,10,0,9387.61218208
20203,1123000171,3,2,1,0,0,0,3,0,0,0,0,0,2,0,0,0,0,0,1,0,0,6299.9018049
20203,1123000172,53,44,9,0,10,8,20,12,3,0,8,6,15,12,3,0,2,2,5,0,0,4813.26234244
20203,1123000180,23,20,3,0,1,4,14,4,0,0,1,4,11,4,0,0,0,0,3,0,0,2999.47522755
20203,1123000183,105,84,21,0,12,26,40,14,13,0,8,21,31,13,11,0,4,5,9,1,2,7375.44148827
20203,1123000188,128,82,46,0,33,28,19,35,13,0,26,18,10,22,6,0,7,10,9,13,7,10463.6082986
20203,1123000190,1,0,1,0,0,0,1,0,0,0,0,0,0,0,0,0,0,0,1,0,0,2329.28483175
20203,1123000192,34,12,22,0,4,7,11,6,6,0,2,2,3,1,4,0,2,5,8,5,2,13732.0907677
20203,1123000194,19,13,6,0,1,5,6,2,5,0,1,3,4,2,3,0,0,2,2,0,2,2892.15962561
20203,1123000197,10,0,10,0,4,4,1,1,0,0,0,0,0,0,0,0,4,4,1,1,0,1557.20047538
20203,1123000198,2,1,1,0,0,0,1,1,0,0,0,0,1,0,0,0,0,0,0,1,0,1248.0171003
20203,1123000203,2,0,2,0,0,0,2,0,0,0,0,0,0,0,0,0,0,0,2,0,0,2573.41998702
20203,1123000204,2,2,0,0,0,0,0,0,2,0,0,0,0,0,2,0,0,0,0,0,0,4623.78894414
20203,1123000206,48,21,27,0,9,3,10,19,7,0,2,1,1,13,4,0,7,2,9,6,3,10040.5122401
20203,1123000211,220,165,55,0,5,31,40,54,90,0,4,12,26,44,79,0,1,19,14,10,11,9339.31922521
20203,1123000212,8,5,3,0,1,0,2,3,2,0,1,0,1,2,1,0,0,0,1,1,1,1225.44547636
20203,1123000213,20,15,5,0,2,5,2,5,6,0,2,4,2,4,3,0,0,1,0,1,3,1361.05161365
20203,1123000214,75,52,23,1,2,8,22,21,21,0,1,5,16,17,13,1,1,3,6,4,8,9506.07577589
20203,1123000215,8,7,1,0,0,1,3,2,2,0,0,1,2,2,2,0,0,0,1,0,0,1592.80154171
20203,1123000216,28,21,7,0,2,6,9,7,4,0,2,6,7,4,2,0,0,0,2,3,2,4814.16819106
20203,1123000217,7,5,2,0,1,1,3,0,2,0,1,0,2,0,2,0,0,1,1,0,0,956.60642855
20203,1123000218,9,9,0,0,0,2,4,0,3,0,0,2,4,0,3,0,0,0,0,0,0,1529.83558997
20203,1123000219,5,3,2,0,1,2,1,1,0,0,0,2,1,0,0,0,1,0,0,1,0,1074.32345325
20203,1123000220,16,16,0,0,0,7,3,3,3,0,0,7,3,3,3,0,0,0,0,0,0,1245.18242562
20203,1123000221,1098,985,113,18,431,435,151,44,19,18,379,393,143,35,17,0,52,42,8,9,2,12392.3332501
20203,1123000222,26,17,9,0,2,10,4,5,5,0,2,10,2,1,2,0,0,0,2,4,3,3245.18033155
20203,1123000223,6,5,1,0,0,0,4,2,0,0,0,0,3,2,0,0,0,0,1,0,0,2695.61471883
20203,1123000224,17,12,5,0,3,1,7,5,1,0,1,1,6,3,1,0,2,0,1,2,0,2963.33981399
20203,1123000225,216,166,50,1,18,45,60,47,45,1,13,36,48,31,37,0,5,9,12,16,8,19707.8622913
20203,1123000228,351,324,27,1,8,57,154,111,20,1,5,53,138,107,20,0,3,4,16,4,0,9404.49919757
20203,1123000229,2,1,1,0,0,0,0,1,1,0,0,0,0,0,1,0,0,0,0,1,0,1641.22956229
20203,1123000232,3,3,0,0,0,0,0,0,3,0,0,0,0,0,3,0,0,0,0,0,0,2148.40184801
20203,1123000233,20,19,1,0,1,2,7,8,2,0,1,2,7,8,1,0,0,0,0,0,1,3411.02784581
20203,1123000234,17,14,3,0,4,3,2,6,2,0,3,3,1,5,2,0,1,0,1,1,0,2866.74679435
20203,1123000236,115,87,28,0,3,23,35,35,19,0,2,17,28,24,16,0,1,6,7,11,3,3607.98985246
20203,1123000237,13,12,1,0,0,1,4,5,3,0,0,1,4,4,3,0,0,0,0,1,0,1646.85913787
20203,1123000241,2,2,0,0,0,0,0,0,2,0,0,0,0,0,2,0,0,0,0,0,0,445.409192279
20203,1123000242,63,37,26,0,11,15,22,10,5,0,5,7,13,8,4,0,6,8,9,2,1,1345.95386629
20203,1123000245,6,5,1,0,0,0,1,2,3,0,0,0,1,2,2,0,0,0,0,0,1,715.106846907
20203,1123000247,25,14,11,0,3,11,2,4,5,0,1,6,1,1,5,0,2,5,1,3,0,6884.19895901
20203,1123000254,42,27,15,0,4,11,7,14,6,0,2,6,6,9,4,0,2,5,1,5,2,8772.93835973
20203,1123000255,3,2,1,0,0,1,0,0,2,0,0,0,0,0,2,0,0,1,0,0,0,865.097427369
20203,1123000258,7,2,5,0,0,2,5,0,0,0,0,1,1,0,0,0,0,1,4,0,0,3039.18561101
20203,1123000264,2,2,0,0,0,0,2,0,0,0,0,0,2,0,0,0,0,0,0,0,0,4542.37238945
20203,1123000268,4,2,2,0,0,0,1,1,2,0,0,0,0,1,1,0,0,0,1,0,1,3047.33205643
20203,1123000270,4,3,1,0,0,1,2,1,0,0,0,1,1,1,0,0,0,0,1,0,0,2018.08693897
20203,1123000273,3,1,2,0,0,0,1,2,0,0,0,0,1,0,0,0,0,0,0,2,0,1054.94377933
20203,1123000282,22,18,4,0,3,3,5,7,4,0,3,3,4,6,2,0,0,0,1,1,2,3938.34616373
20203,1123000288,2,1,1,0,0,0,0,0,2,0,0,0,0,0,1,0,0,0,0,0,1,1980.02887542
20203,1123000289,3,1,2,0,0,0,0,2,1,0,0,0,0,1,0,0,0,0,0,1,1,668.536327817
20203,1123000291,2,1,1,0,0,1,1,0,0,0,0,1,0,0,0,0,0,0,1,0,0,793.763677092
20203,1123000292,10,4,6,0,0,4,1,5,0,0,0,1,1,2,0,0,0,3,0,3,0,2326.45340104
20203,1123000294,8,1,7,0,0,1,6,0,1,0,0,0,0,0,1,0,0,1,6,0,0,3352.07177196
20203,1123000297,10,0,10,0,1,2,1,5,1,0,0,0,0,0,0,0,1,2,1,5,1,3062.31488374
20203,1123000304,3,1,2,0,0,1,0,2,0,0,0,1,0,0,0,0,0,0,0,2,0,1243.07871428
20203,1123000311,219,138,81,0,5,16,35,64,99,0,3,10,25,41,59,0,2,6,10,23,40,12826.3621649
20203,1123000313,21,7,14,0,5,3,4,8,1,0,1,1,3,1,1,0,4,2,1,7,0,12629.6218867
20203,1123000315,2,2,0,0,0,0,2,0,0,0,0,0,2,0,0,0,0,0,0,0,0,1196.27749514
20203,1123000317,4,4,0,0,0,1,2,1,0,0,0,1,2,1,0,0,0,0,0,0,0,3370.5653296
20203,1123000318,12,8,4,0,1,2,5,2,2,0,1,2,2,1,2,0,0,0,3,1,0,3924.42055462
20203,1123000321,232,135,97,0,28,37,48,66,53,0,18,21,25,36,35,0,10,16,23,30,18,3145.08825278
20203,1123000322,39,18,21,0,9,10,12,6,2,0,2,6,6,4,0,0,7,4,6,2,2,5494.435008
20203,1123000323,225,130,95,4,32,36,51,58,44,3,6,18,32,39,32,1,26,18,19,19,12,2897.72268167
20203,1123000329,18,16,2,0,1,0,8,9,0,0,1,0,6,9,0,0,0,0,2,0,0,1998.48206724
20203,1123000332,3,1,2,0,0,0,3,0,0,0,0,0,1,0,0,0,0,0,2,0,0,3759.87692997
20203,1123000334,1,0,1,0,0,0,0,0,1,0,0,0,0,0,0,0,0,0,0,0,1,6665.12189398
20203,1123000337,36,24,12,0,7,3,8,6,12,0,3,2,5,6,8,0,4,1,3,0,4,7347.94807207
20203,1123000339,6,4,2,0,0,1,2,2,1,0,0,1,1,2,0,0,0,0,1,0,1,5393.1096788
20203,1123000342,26,15,11,0,5,7,3,6,5,0,1,4,2,3,5,0,4,3,1,3,0,3548.83810834
20203,1123000343,5,5,0,0,0,1,0,2,2,0,0,1,0,2,2,0,0,0,0,0,0,2410.66251465
20203,1123000346,34,28,6,2,3,5,6,4,14,2,1,3,4,4,14,0,2,2,2,0,0,2914.34643421
20203,1123000351,24,13,11,0,4,4,7,9,0,0,2,3,3,5,0,0,2,1,4,4,0,6009.65176534
20203,1123000353,2,2,0,0,0,0,0,0,2,0,0,0,0,0,2,0,0,0,0,0,0,4416.74960542
20203,1123000354,11,9,2,0,0,3,4,1,3,0,0,3,2,1,3,0,0,0,2,0,0,7580.06307624
20203,1123000355,11,7,4,0,0,2,2,4,3,0,0,1,1,2,3,0,0,1,1,2,0,2469.91902325
20203,1123000358,3,2,1,0,0,0,2,1,0,0,0,0,2,0,0,0,0,0,0,1,0,1726.38569282
20203,1123000359,19,5,14,0,3,0,7,6,3,0,0,0,0,2,3,0,3,0,7,4,0,7190.05473792
20203,1123000360,73,5,68,0,1,2,4,23,43,0,0,0,0,2,3,0,1,2,4,21,40,4869.81765984
20203,1123000361,3,3,0,0,0,0,0,3,0,0,0,0,0,3,0,0,0,0,0,0,0,4014.57137912
20203,1123000364,136,68,68,0,14,19,27,27,49,0,3,8,5,16,36,0,11,11,22,11,13,6876.32152484
20203,1123000365,8,6,2,0,0,3,2,2,1,0,0,2,2,1,1,0,0,1,0,1,0,5372.32479558
20203,1123000366,23,15,8,0,2,3,5,11,2,0,0,2,2,9,2,0,2,1,3,2,0,4162.11914876
20203,1123000368,6,2,4,0,0,0,1,4,1,0,0,0,0,1,1,0,0,0,1,3,0,2351.50251293
20203,1123000369,10,3,7,0,1,5,2,2,0,0,1,1,0,1,0,0,0,4,2,1,0,4316.36084581
20203,1123000371,2,2,0,0,0,0,2,0,0,0,0,0,2,0,0,0,0,0,0,0,0,1550.74502717
20203,1123000372,6,4,2,0,0,2,0,3,1,0,0,1,0,2,1,0,0,1,0,1,0,1115.26464071
20203,1123000373,9,6,3,0,2,2,1,2,2,0,1,1,1,1,2,0,1,1,0,1,0,4975.55561046
20203,1123000375,41,26,15,0,5,12,18,4,2,0,4,8,10,3,1,0,1,4,8,1,1,2225.89671569
20203,1123000380,3,2,1,0,0,1,2,0,0,0,0,1,1,0,0,0,0,0,1,0,0,4071.00695357
20203,1123000381,18,8,10,0,2,7,1,5,3,0,1,3,1,2,1,0,1,4,0,3,2,7013.37792937
20203,1123000390,72,45,27,2,3,12,23,24,8,1,2,9,14,11,8,1,1,3,9,13,0,3143.25258799
20203,1123000394,82,32,50,2,19,22,19,8,12,2,4,7,8,4,7,0,15,15,11,4,5,6970.93472206
20203,1123000395,29,27,2,0,1,1,5,4,18,0,1,0,4,4,18,0,0,1,1,0,0,1955.64644102
20203,1123000404,2,1,1,0,0,0,1,0,1,0,0,0,1,0,0,0,0,0,0,0,1,1100.26549614
20203,1123000405,9,8,1,0,2,2,3,2,0,0,2,2,2,2,0,0,0,0,1,0,0,3238.00246143
20203,1123000407,167,127,40,0,18,25,42,39,43,0,15,20,34,29,29,0,3,5,8,10,14,5142.13964751
20203,1123000416,26,11,15,0,2,5,11,6,2,0,0,2,6,2,1,0,2,3,5,4,1,2358.77187609
20203,1123000419,1,0,1,0,0,0,1,0,0,0,0,0,0,0,0,0,0,0,1,0,0,5899.06983397
20203,1123000423,26,12,14,1,5,7,6,4,3,0,2,1,5,2,2,1,3,6,1,2,1,80846.9160056
20203,1123000427,5,4,1,0,0,0,0,2,3,0,0,0,0,2,2,0,0,0,0,0,1,4144.48299325
20203,1123000428,4,3,1,0,1,0,1,0,2,0,1,0,0,0,2,0,0,0,1,0,0,2514.57657256
20203,1123000432,66,44,22,1,6,20,14,19,6,1,2,10,8,17,6,0,4,10,6,2,0,8280.65284575
20203,1123000433,16,14,2,0,0,1,3,5,7,0,0,1,3,4,6,0,0,0,0,1,1,2436.63949994
20203,1123000434,5,2,3,0,1,1,0,1,2,0,0,0,0,1,1,0,1,1,0,0,1,2050.92057543
20203,1123000436,425,337,88,8,73,143,142,45,14,2,46,123,125,30,11,6,27,20,17,15,3,16972.1355696
20203,1123000437,203,171,32,1,27,41,36,77,21,1,21,36,29,66,18,0,6,5,7,11,3,7210.75269373
20203,1123000438,29,16,13,0,1,1,4,17,6,0,0,1,3,9,3,0,1,0,1,8,3,4989.62584016
20203,1123000439,4,4,0,0,0,1,1,2,0,0,0,1,1,2,0,0,0,0,0,0,0,2152.19965666
20203,1123000440,6,5,1,0,0,0,1,4,1,0,0,0,1,3,1,0,0,0,0,1,0,1731.8187245
20203,1123000443,5,4,1,0,1,1,0,3,0,0,1,0,0,3,0,0,0,1,0,0,0,2988.77858266
20203,1123000447,16,10,6,0,2,1,6,7,0,0,2,1,2,5,0,0,0,0,4,2,0,2908.54500871
20203,1123000448,7,4,3,0,0,2,3,1,1,0,0,1,2,0,1,0,0,1,1,1,0,853.51796658
20203,1123000450,2,1,1,0,0,0,0,1,1,0,0,0,0,0,1,0,0,0,0,1,0,1195.79720661
20203,1123000454,4,1,3,0,0,0,1,2,1,0,0,0,0,1,0,0,0,0,1,1,1,2146.1138515
20203,1123000457,118,67,51,0,21,22,19,20,36,0,7,13,10,10,27,0,14,9,9,10,9,11178.8074975
20203,1123000458,2,1,1,0,0,0,0,2,0,0,0,0,0,1,0,0,0,0,0,1,0,3221.82682212
20203,1123000459,2,2,0,0,1,0,1,0,0,0,1,0,1,0,0,0,0,0,0,0,0,799.119568551
20203,1123000460,3,1,2,0,0,0,0,1,2,0,0,0,0,0,1,0,0,0,0,1,1,9542.1815697
20203,1123000461,35,24,11,0,6,6,6,10,7,0,1,4,4,10,5,0,5,2,2,0,2,5926.29449319
20203,1123000462,21,17,4,0,0,2,3,9,7,0,0,2,2,7,6,0,0,0,1,2,1,2433.26987734
20203,1123000464,12,5,7,0,0,2,4,5,1,0,0,1,2,2,0,0,0,1,2,3,1,4303.51701822
20203,1123000465,8,7,1,0,1,0,5,0,2,0,1,0,4,0,2,0,0,0,1,0,0,1400.30853031
20203,1123000467,16,13,3,0,0,3,2,3,8,0,0,1,1,3,8,0,0,2,1,0,0,1320.06597028
20203,1123000468,77,58,19,0,6,19,15,22,15,0,4,13,14,14,13,0,2,6,1,8,2,7189.43543783
20203,1123000469,18,15,3,0,1,1,8,5,3,0,1,1,6,4,3,0,0,0,2,1,0,4414.45263074
20203,1123000470,1111,664,447,11,132,99,135,222,512,11,108,71,81,118,275,0,24,28,54,104,237,3949.34350749
20203,1123000472,9,6,3,0,1,4,3,1,0,0,1,3,1,1,0,0,0,1,2,0,0,2634.71533759
20203,1123000473,84,73,11,0,2,9,12,32,29,0,1,5,11,29,27,0,1,4,1,3,2,3108.66796867
20203,1123000474,12,9,3,0,0,1,2,8,1,0,0,1,1,7,0,0,0,0,1,1,1,4981.89738597
20203,1123000475,47,25,22,0,5,7,14,13,8,0,3,5,4,8,5,0,2,2,10,5,3,3133.02543881
20203,1123000480,26,10,16,0,1,2,6,10,7,0,0,1,3,3,3,0,1,1,3,7,4,1601.86981027
20203,1123000486,10,5,5,0,3,1,1,3,2,0,1,1,0,1,2,0,2,0,1,2,0,3329.54903351
20203,1123000487,3,2,1,0,0,0,1,0,2,0,0,0,1,0,1,0,0,0,0,0,1,2778.91643329
20203,1123000488,9,8,1,0,0,0,1,3,5,0,0,0,1,2,5,0,0,0,0,1,0,4935.64771254
20203,1123000489,1,0,1,0,0,1,0,0,0,0,0,0,0,0,0,0,0,1,0,0,0,10553.4898352
20203,1123000490,20,12,8,0,2,3,4,6,5,0,2,2,3,2,3,0,0,1,1,4,2,2577.10429151
20203,1123000492,25,20,5,0,0,3,12,6,4,0,0,2,10,4,4,0,0,1,2,2,0,9511.98057188
20203,1123000498,72,59,13,0,8,11,14,19,20,0,5,9,11,17,17,0,3,2,3,2,3,6570.05535661
20203,1123000501,22,12,10,0,1,5,6,5,5,0,0,1,5,2,4,0,1,4,1,3,1,4448.66788869
20203,1123000503,4,3,1,0,0,0,1,3,0,0,0,0,1,2,0,0,0,0,0,1,0,3128.38591877
20203,1123000504,7,6,1,0,0,0,2,3,2,0,0,0,1,3,2,0,0,0,1,0,0,2190.7864261
20203,1123000505,9,7,2,0,1,1,1,4,2,0,1,1,0,3,2,0,0,0,1,1,0,13294.2598484
20203,1123000507,5,4,1,0,0,0,1,2,2,0,0,0,0,2,2,0,0,0,1,0,0,952.686306164
20203,1123000512,64,38,26,0,13,23,16,8,4,0,3,14,13,5,3,0,10,9,3,3,1,3553.68808835
20203,1123000516,14,10,4,0,2,5,5,2,0,0,1,5,2,2,0,0,1,0,3,0,0,1917.43399775
20203,1123000517,62,48,14,0,0,2,11,23,26,0,0,0,6,18,24,0,0,2,5,5,2,2068.40407842
20203,1123000519,15,11,4,0,1,4,3,5,2,0,1,4,0,4,2,0,0,0,3,1,0,1913.52529964
20203,1123000520,8,7,1,0,0,0,2,4,2,0,0,0,2,3,2,0,0,0,0,1,0,6492.02410893
20203,1123000521,11,7,4,0,0,1,3,0,7,0,0,0,2,0,5,0,0,1,1,0,2,2853.66387992
20203,1123000524,7,0,7,0,2,1,0,2,2,0,0,0,0,0,0,0,2,1,0,2,2,3560.15397671
20203,1123000525,38,28,10,0,3,9,5,8,13,0,1,6,2,8,11,0,2,3,3,0,2,3848.48964201
20203,1123000526,166,99,67,0,18,64,42,24,18,0,3,23,36,21,16,0,15,41,6,3,2,5716.78029794
20203,1123000527,14,8,6,0,3,2,2,4,3,0,3,1,0,1,3,0,0,1,2,3,0,2035.00329444
20203,1123000529,3,3,0,0,0,0,0,2,1,0,0,0,0,2,1,0,0,0,0,0,0,2224.52256163
20203,1123000530,8,7,1,0,0,2,1,4,1,0,0,2,1,3,1,0,0,0,0,1,0,2197.52072203
20203,1123000531,53,44,9,0,5,3,19,16,10,0,5,2,13,15,9,0,0,1,6,1,1,1922.42265679
20203,1123000532,21,14,7,0,1,0,4,12,4,0,1,0,3,7,3,0,0,0,1,5,1,2005.12669396
20203,1123000533,34,17,17,0,1,6,8,14,5,0,1,3,7,3,3,0,0,3,1,11,2,6303.82036938
20203,1123000534,9,4,5,0,0,4,3,2,0,0,0,0,3,1,0,0,0,4,0,1,0,969.415456872
20203,1123000535,9,5,4,0,3,0,4,2,0,0,2,0,2,1,0,0,1,0,2,1,0,3600.84699736
20203,1123000539,16,13,3,0,2,6,2,2,4,0,0,6,2,2,3,0,2,0,0,0,1,1962.13418735
20203,1123000541,3,0,3,0,0,1,1,1,0,0,0,0,0,0,0,0,0,1,1,1,0,3446.23332823
20203,1123000542,6,5,1,1,0,0,3,0,2,1,0,0,2,0,2,0,0,0,1,0,0,21216.7836092
20203,1123000543,9,6,3,0,1,0,4,1,3,0,0,0,2,1,3,0,1,0,2,0,0,11651.5127601
20203,1123000544,6,3,3,0,0,1,3,1,1,0,0,1,1,0,1,0,0,0,2,1,0,1591.94412169
20203,1123000547,11,4,7,0,3,2,1,5,0,0,0,2,1,1,0,0,3,0,0,4,0,2448.82469674
20203,1123000548,15,7,8,0,2,4,3,5,1,0,0,2,1,3,1,0,2,2,2,2,0,2482.52158477
20203,1123000549,4,2,2,0,0,1,0,1,2,0,0,0,0,1,1,0,0,1,0,0,1,1777.54923764
20203,1123000551,4655,1984,2671,6,295,1163,1725,1337,129,1,151,742,691,371,28,5,144,421,1034,966,101,10360.0348741
20203,1123000552,2,1,1,0,0,0,0,2,0,0,0,0,0,1,0,0,0,0,0,1,0,2822.15133736
20203,1123000554,4,3,1,0,0,0,3,1,0,0,0,0,3,0,0,0,0,0,0,1,0,797.064897408
20203,1123000555,89,55,34,0,9,11,27,29,13,0,2,5,18,19,11,0,7,6,9,10,2,3369.23975255
20203,1123000556,40,26,14,0,5,6,14,8,7,0,2,3,9,7,5,0,3,3,5,1,2,9303.72420376
20203,1123000557,9,4,5,0,0,0,1,6,2,0,0,0,0,4,0,0,0,0,1,2,2,2772.82436557
20203,1123000558,27,19,8,0,2,2,12,6,5,0,1,1,7,5,5,0,1,1,5,1,0,2539.3125673
20203,1123000560,11,8,3,0,0,4,3,1,3,0,0,2,3,0,3,0,0,2,0,1,0,2934.61586342
20203,1123000561,6,5,1,0,1,1,2,1,1,0,1,1,2,0,1,0,0,0,0,1,0,1737.6047196
20203,1123000562,3,2,1,0,0,0,1,1,1,0,0,0,1,1,0,0,0,0,0,0,1,1811.24298432
20203,1123000563,2,1,1,0,0,0,0,1,1,0,0,0,0,0,1,0,0,0,0,1,0,2957.4947786
20203,1123000564,24,17,7,0,3,2,8,8,3,0,1,2,5,6,3,0,2,0,3,2,0,2121.6648195
20203,1123000565,56,29,27,0,6,12,13,17,8,0,1,8,6,9,5,0,5,4,7,8,3,4675.14201419
20203,1123000566,12,8,4,0,0,1,7,1,3,0,0,0,5,1,2,0,0,1,2,0,1,2470.47226513
20203,1123000567,18,14,4,0,0,2,5,6,5,0,0,2,3,5,4,0,0,0,2,1,1,2431.47574291
20203,1123000568,88,67,21,2,15,22,22,20,7,0,9,18,17,17,6,2,6,4,5,3,1,2209.02915775
20203,1123000569,20,10,10,0,0,0,4,11,5,0,0,0,1,7,2,0,0,0,3,4,3,4287.90569515
20203,1123000570,2,1,1,0,0,0,0,1,1,0,0,0,0,0,1,0,0,0,0,1,0,2939.5225765
20203,1123000571,4,4,0,0,0,2,2,0,0,0,0,2,2,0,0,0,0,0,0,0,0,1716.47034127
20203,1123000576,40,14,26,0,9,16,6,7,2,0,3,5,4,1,1,0,6,11,2,6,1,3058.24911753
20203,1123000577,21,15,6,0,0,3,4,8,6,0,0,1,4,6,4,0,0,2,0,2,2,1907.65500781
20203,1123000580,33,31,2,0,1,8,18,4,2,0,0,8,17,4,2,0,1,0,1,0,0,2259.46977601
20203,1123000581,48,31,17,0,9,5,13,6,15,0,4,2,7,6,12,0,5,3,6,0,3,10109.4401727
20203,1123000582,7,7,0,0,0,0,1,2,4,0,0,0,1,2,4,0,0,0,0,0,0,1138.96438792
20203,1123000583,26,13,13,0,2,8,4,7,5,0,2,2,1,5,3,0,0,6,3,2,2,6558.03722184
20203,1123000584,6,4,2,0,3,2,0,1,0,0,2,2,0,0,0,0,1,0,0,1,0,988.926394008
20203,1123000585,8,6,2,0,1,1,3,3,0,0,1,1,2,2,0,0,0,0,1,1,0,3607.9552115
20203,1123000587,33,20,13,0,1,10,9,6,7,0,0,5,3,6,6,0,1,5,6,0,1,1691.30119912
20203,1123000588,1951,944,1007,3,231,487,493,608,129,2,94,193,182,389,84,1,137,294,311,219,45,13586.4982094
20203,1123000589,479,159,320,1,97,137,104,56,84,0,11,27,31,29,61,1,86,110,73,27,23,9406.4401534
20203,1123000590,23,10,13,0,2,13,3,5,0,0,1,5,2,2,0,0,1,8,1,3,0,12965.2219511
20203,1123000592,40,22,18,0,2,1,12,17,8,0,2,0,6,11,3,0,0,1,6,6,5,2045.69248671
20203,1123000593,5,3,2,0,0,0,0,4,1,0,0,0,0,3,0,0,0,0,0,1,1,2224.96319264
20203,1123000594,10,8,2,0,3,1,1,1,4,0,2,1,1,1,3,0,1,0,0,0,1,1405.42039128
20203,1123000595,4,2,2,0,0,0,0,0,4,0,0,0,0,0,2,0,0,0,0,0,2,1885.58957413
20203,1123000596,35,11,24,0,2,9,11,8,5,0,1,1,2,5,2,0,1,8,9,3,3,2079.86290593
20203,1123000598,5,4,1,0,1,0,1,2,1,0,0,0,1,2,1,0,1,0,0,0,0,1951.17131422
20203,1123000599,12,9,3,0,0,2,3,2,5,0,0,1,3,2,3,0,0,1,0,0,2,1823.27345438
20203,1123000600,27,12,15,0,2,9,8,5,3,0,1,2,4,3,2,0,1,7,4,2,1,2162.62447898
20203,1123000602,3,1,2,0,0,2,0,0,1,0,0,1,0,0,0,0,0,1,0,0,1,2931.45358807
20203,1123000603,3,1,2,0,3,0,0,0,0,0,1,0,0,0,0,0,2,0,0,0,0,2358.07625861
20203,1123000605,1646,1312,334,1,135,280,466,403,361,1,92,225,408,329,257,0,43,55,58,74,104,4346.21841473
20203,1123000606,4,2,2,0,0,1,1,1,1,0,0,0,0,1,1,0,0,1,1,0,0,3125.15005907
20203,1123000607,2,2,0,0,0,2,0,0,0,0,0,2,0,0,0,0,0,0,0,0,0,3249.3479218
20203,1123000608,27,16,11,0,1,5,10,5,6,0,1,3,4,4,4,0,0,2,6,1,2,2625.83904468
20203,1123000613,16,10,6,0,3,5,2,2,4,0,0,3,2,2,3,0,3,2,0,0,1,1818.15010802
20203,1123000614,2,2,0,0,0,0,0,1,1,0,0,0,0,1,1,0,0,0,0,0,0,3246.01714871
20203,1123000615,11,8,3,1,3,2,0,5,0,1,1,2,0,4,0,0,2,0,0,1,0,1543.17841073
20203,1123000616,329,78,251,0,56,119,75,64,15,0,6,22,21,24,5,0,50,97,54,40,10,7002.64869002
20203,1123000621,3,3,0,0,0,0,0,1,2,0,0,0,0,1,2,0,0,0,0,0,0,1668.83691379
20203,1123000622,920,430,490,0,44,61,113,269,433,0,23,37,66,94,210,0,21,24,47,175,223,8139.28415819
20203,1123000623,1,1,0,0,0,0,0,0,1,0,0,0,0,0,1,0,0,0,0,0,0,3248.84264715
20203,1123000624,27,16,11,0,3,7,10,1,6,0,1,4,6,1,4,0,2,3,4,0,2,4937.56851411
20203,1123000626,26,17,9,0,2,3,5,4,12,0,2,1,3,2,9,0,0,2,2,2,3,3635.86047217
20203,1123000627,94,41,53,0,3,28,36,15,12,0,2,12,15,6,6,0,1,16,21,9,6,8179.49828885
20203,1123000628,15,9,6,0,0,3,4,4,4,0,0,3,0,3,3,0,0,0,4,1,1,3183.56836114
20203,1123000630,4,1,3,0,0,0,0,3,1,0,0,0,0,1,0,0,0,0,0,2,1,4726.51273309
20203,1123000634,19,16,3,0,3,4,5,6,1,0,2,4,3,6,1,0,1,0,2,0,0,2162.78508597
20203,1123000635,27,23,4,0,3,2,7,11,4,0,2,2,6,9,4,0,1,0,1,2,0,2254.37723106
20203,1123000636,9,5,4,0,1,2,2,2,2,0,1,1,1,2,0,0,0,1,1,0,2,2583.12862341
20203,1123000638,3,2,1,0,0,0,2,1,0,0,0,0,1,1,0,0,0,0,1,0,0,4376.3797947
20203,1123000639,37,14,23,0,5,6,13,6,7,0,1,4,3,2,4,0,4,2,10,4,3,5975.26547421
20203,1123000640,2,0,2,0,0,0,1,1,0,0,0,0,0,0,0,0,0,0,1,1,0,2418.28491108
20203,1123000642,539,192,347,1,37,55,61,156,229,0,16,11,21,40,104,1,21,44,40,116,125,9087.70959967
20203,1123000645,7,6,1,0,0,2,4,1,0,0,0,2,3,1,0,0,0,0,1,0,0,1601.23263639
20203,1123000646,5,4,1,0,0,1,4,0,0,0,0,1,3,0,0,0,0,0,1,0,0,1378.44414946
20203,1123000653,274,170,104,2,21,36,73,89,53,0,4,18,45,60,43,2,17,18,28,29,10,8637.43186113
20203,1123000654,39,25,14,0,10,7,6,9,7,0,6,3,3,8,5,0,4,4,3,1,2,6619.07270546
20203,1123000656,13,10,3,0,1,1,4,1,6,0,1,1,3,1,4,0,0,0,1,0,2,2449.27811575
20203,1123000657,14,13,1,0,0,0,4,7,3,0,0,0,4,7,2,0,0,0,0,0,1,1230.53015294
20203,1123000659,6,5,1,0,0,2,1,2,1,0,0,2,0,2,1,0,0,0,1,0,0,6366.2523986
20203,1123000660,1571,1415,156,12,367,530,409,231,22,6,334,479,375,207,14,6,33,51,34,24,8,2911.98424896
20203,1123000661,77,33,44,0,34,35,5,2,1,0,10,17,4,2,0,0,24,18,1,0,1,2518.69245769
20203,1123000662,26,14,12,0,3,7,7,5,4,0,1,4,3,3,3,0,2,3,4,2,1,5277.1018916
20203,1123000664,140,30,110,0,26,70,22,9,13,0,4,9,1,6,10,0,22,61,21,3,3,5699.66764004
20203,1123000665,15,3,12,0,1,4,8,1,1,0,0,2,1,0,0,0,1,2,7,1,1,2503.09760121
20203,1123000666,35,18,17,0,4,6,8,11,6,0,2,2,4,7,3,0,2,4,4,4,3,5564.95403295
20203,1123000667,143,90,53,0,13,20,37,33,40,0,6,6,22,18,38,0,7,14,15,15,2,4317.78726912
20203,1123000669,2,1,1,0,0,0,1,0,1,0,0,0,0,0,1,0,0,0,1,0,0,1884.05125028
20203,1123000670,56,44,12,0,4,15,12,13,12,0,2,12,9,11,10,0,2,3,3,2,2,4668.64406334
20203,1123000671,5,4,1,0,0,0,0,5,0,0,0,0,0,4,0,0,0,0,0,1,0,1747.18607916
20203,1123000672,13,7,6,0,0,0,1,7,5,0,0,0,1,4,2,0,0,0,0,3,3,2895.57394366
20203,1123000674,61,12,49,0,13,9,21,13,5,0,4,1,2,1,4,0,9,8,19,12,1,22176.719608
20203,1123000675,98,40,58,0,7,19,28,22,22,0,2,8,8,11,11,0,5,11,20,11,11,7731.02447436
20203,1123000678,29,18,11,0,0,4,4,15,6,0,0,0,3,10,5,0,0,4,1,5,1,1902.95409476
20203,1123000680,21,14,7,0,2,4,7,6,2,0,1,3,3,6,1,0,1,1,4,0,1,903.699622706
20203,1123000681,3,2,1,0,0,0,1,0,2,0,0,0,1,0,1,0,0,0,0,0,1,5436.58843236
20203,1123000682,11,8,3,0,0,3,3,3,2,0,0,2,2,2,2,0,0,1,1,1,0,5662.97446008
20203,1123000689,15,6,9,0,1,1,4,6,3,0,0,0,1,4,1,0,1,1,3,2,2,3315.67715596
20203,1123000692,2,0,2,0,0,0,2,0,0,0,0,0,0,0,0,0,0,0,2,0,0,4347.51199684
20203,1123000693,4,2,2,0,0,1,0,1,2,0,0,0,0,1,1,0,0,1,0,0,1,1490.47639101
20203,1123000697,11,6,5,0,1,3,1,3,3,0,0,1,0,2,3,0,1,2,1,1,0,3301.47939503
20203,1123000698,2,0,2,0,0,0,0,2,0,0,0,0,0,0,0,0,0,0,0,2,0,699.943944066
20203,1123000704,3,2,1,0,0,1,0,0,2,0,0,1,0,0,1,0,0,0,0,0,1,3082.5145774
20203,1123000707,18,11,7,0,3,5,7,2,1,0,1,2,6,1,1,0,2,3,1,1,0,11145.9383493
20203,1123000710,5,4,1,0,0,1,0,2,2,0,0,0,0,2,2,0,0,1,0,0,0,2036.58428895
20203,1123000715,6,0,6,0,1,1,2,2,0,0,0,0,0,0,0,0,1,1,2,2,0,1539.3655359
20203,1123000717,107,73,34,0,19,19,22,33,14,0,13,14,15,22,9,0,6,5,7,11,5,2914.74706095
20203,1123000718,2,2,0,0,0,0,0,1,1,0,0,0,0,1,1,0,0,0,0,0,0,1772.5989134
20203,1123000719,3,2,1,0,0,0,1,0,2,0,0,0,0,0,2,0,0,0,1,0,0,1984.39986253
20203,1123000720,170,89,81,0,29,64,53,17,7,0,8,34,29,12,6,0,21,30,24,5,1,8968.58069041
20203,1123000721,5,0,5,0,2,0,2,1,0,0,0,0,0,0,0,0,2,0,2,1,0,1360.06184532
20203,1123000725,4,3,1,0,0,1,1,2,0,0,0,1,0,2,0,0,0,0,1,0,0,770.437710314
20203,1123000727,70,57,13,0,4,2,9,8,47,0,4,0,3,4,46,0,0,2,6,4,1,5519.61595065
20203,1123000728,3133,562,2571,1,433,588,566,988,557,0,97,230,171,46,18,1,336,358,395,942,539,2847.02821333
20203,1123000732,13,8,5,0,0,6,5,1,1,0,0,3,5,0,0,0,0,3,0,1,1,2573.09926262
20203,1123000733,3,1,2,0,0,0,2,0,1,0,0,0,0,0,1,0,0,0,2,0,0,5735.67251126
20203,1123000736,93,49,44,0,15,26,22,17,13,0,6,16,14,10,3,0,9,10,8,7,10,9188.41281174
20203,1123000737,4,3,1,0,1,0,1,1,1,0,1,0,1,0,1,0,0,0,0,1,0,5914.93846871
20203,1123000738,129,88,41,0,4,1,6,12,106,0,2,1,3,5,77,0,2,0,3,7,29,3820.80092312
20203,1123000739,25,10,15,0,4,3,3,13,2,0,2,0,1,6,1,0,2,3,2,7,1,8825.02822343
20203,1123000740,9,4,5,0,0,0,2,3,4,0,0,0,1,1,2,0,0,0,1,2,2,3158.56877521
20203,1123000742,1,1,0,0,0,0,0,0,1,0,0,0,0,0,1,0,0,0,0,0,0,4244.76656106
20203,1123000746,40,11,29,0,19,9,5,4,3,0,4,4,1,2,0,0,15,5,4,2,3,3797.5155461
20203,1123000747,4,1,3,0,1,0,3,0,0,0,0,0,1,0,0,0,1,0,2,0,0,4229.15002906
20203,1123000748,1,1,0,0,0,0,0,0,1,0,0,0,0,0,1,0,0,0,0,0,0,6652.09689504
20203,1123000749,116,80,36,0,29,38,20,13,16,0,19,23,14,9,15,0,10,15,6,4,1,4240.11981196
20203,1123000751,198,127,71,0,25,90,22,18,43,0,8,56,17,10,36,0,17,34,5,8,7,4006.09273558
20203,1123000753,27,10,17,1,8,5,4,3,6,0,3,1,1,3,2,1,5,4,3,0,4,3640.99294239
20203,1123000754,6,5,1,0,1,2,1,2,0,0,1,2,0,2,0,0,0,0,1,0,0,3635.66513278
20203,1123000756,282,122,160,0,65,83,57,33,44,0,12,30,19,17,44,0,53,53,38,16,0,4338.63340236
20203,1123000758,108,60,48,0,6,10,16,18,58,0,5,9,12,10,24,0,1,1,4,8,34,4095.62700985
20203,1123000759,5,1,4,0,0,1,1,1,2,0,0,1,0,0,0,0,0,0,1,1,2,2448.02260624
20203,1123000761,554,268,286,3,210,201,94,35,11,1,78,100,48,31,10,2,132,101,46,4,1,6890.23982491
20203,1123000762,15,9,6,0,1,2,5,3,4,0,0,0,3,2,4,0,1,2,2,1,0,16004.2052743
20203,1123000764,9,7,2,0,0,3,2,0,4,0,0,1,2,0,4,0,0,2,0,0,0,4110.25781179
20203,1123000766,2,2,0,0,0,0,2,0,0,0,0,0,2,0,0,0,0,0,0,0,0,1247.24874098
20203,1123000767,20,11,9,0,0,10,8,1,1,0,0,3,6,1,1,0,0,7,2,0,0,1901.15458958
20203,1123000769,9,5,4,0,0,1,2,1,5,0,0,0,0,1,4,0,0,1,2,0,1,2206.66753405
20203,1123000770,55,34,21,0,6,7,21,12,9,0,1,4,14,8,7,0,5,3,7,4,2,11464.3050017
20203,1123000772,3,2,1,0,0,0,0,0,3,0,0,0,0,0,2,0,0,0,0,0,1,4132.53707003
20203,1123000774,16,6,10,0,1,4,6,3,2,0,0,1,2,1,2,0,1,3,4,2,0,2395.23824756
20203,1123000775,1,0,1,0,0,0,0,1,0,0,0,0,0,0,0,0,0,0,0,1,0,7559.6167189
20203,1123000776,14,10,4,0,0,1,5,7,1,0,0,0,3,6,1,0,0,1,2,1,0,4645.15896643
20203,1123000777,5,2,3,0,0,0,0,1,4,0,0,0,0,0,2,0,0,0,0,1,2,4637.37759361
20203,1123000779,6,6,0,0,1,2,2,0,1,0,1,2,2,0,1,0,0,0,0,0,0,3420.31595081
20203,1123000783,10,4,6,0,0,2,4,2,2,0,0,1,0,1,2,0,0,1,4,1,0,2849.07207398
20203,1123000784,24,22,2,0,3,2,10,5,4,0,3,2,9,4,4,0,0,0,1,1,0,9942.58958689
20203,1123000785,28,25,3,0,1,5,10,10,2,0,1,3,9,10,2,0,0,2,1,0,0,3943.49847808
20203,1123000787,8,6,2,0,2,2,0,2,2,0,0,2,0,2,2,0,2,0,0,0,0,2845.04936832
20203,1123000788,16,3,13,0,0,4,6,1,5,0,0,0,0,0,3,0,0,4,6,1,2,2837.51426934
20203,1123000790,7,3,4,0,3,3,0,1,0,0,1,1,0,1,0,0,2,2,0,0,0,7394.77884981
20203,1123000791,4,2,2,0,0,0,2,0,2,0,0,0,0,0,2,0,0,0,2,0,0,6190.17818905
20203,1123000792,210,134,76,0,35,92,39,24,20,0,10,61,26,22,15,0,25,31,13,2,5,3241.68558175
20203,1123000794,4,2,2,0,0,0,1,2,1,0,0,0,0,1,1,0,0,0,1,1,0,5526.98765954
20203,1123000796,3,0,3,0,0,0,2,1,0,0,0,0,0,0,0,0,0,0,2,1,0,2548.54200245
20203,1123000797,13,9,4,0,1,5,6,0,1,0,0,5,3,0,1,0,1,0,3,0,0,8036.97057082
20203,1123000799,90,50,40,0,6,32,22,24,6,0,3,13,14,14,6,0,3,19,8,10,0,35453.1704954
20203,1123000804,2,0,2,0,0,0,0,2,0,0,0,0,0,0,0,0,0,0,0,2,0,6529.5723876
20203,1123000805,1,0,1,0,0,0,0,1,0,0,0,0,0,0,0,0,0,0,0,1,0,8770.34867432
20203,1123000806,2,2,0,0,0,0,0,1,1,0,0,0,0,1,1,0,0,0,0,0,0,3574.87789573
20203,1123000809,5,4,1,0,0,0,2,1,2,0,0,0,1,1,2,0,0,0,1,0,0,4624.25370529
20203,1123000810,4,3,1,0,0,0,0,1,3,0,0,0,0,0,3,0,0,0,0,1,0,1262.72374307
20203,1123000811,4,2,2,0,1,0,1,1,1,0,0,0,1,0,1,0,1,0,0,1,0,1581.86584045
20203,1123000812,74,55,19,0,9,15,19,20,11,0,7,12,14,13,9,0,2,3,5,7,2,3035.88478622
20203,1123000814,13,6,7,0,2,2,4,1,4,0,0,1,3,0,2,0,2,1,1,1,2,6328.78202065
20203,1123000817,2,2,0,0,0,0,0,2,0,0,0,0,0,2,0,0,0,0,0,0,0,3092.94501325
20203,1123000818,7,6,1,0,0,1,0,2,4,0,0,1,0,2,3,0,0,0,0,0,1,11921.0973824
20203,1123000821,7,3,4,0,0,0,1,3,3,0,0,0,0,1,2,0,0,0,1,2,1,6999.5667647
20203,1123000822,24,12,12,0,0,4,10,3,7,0,0,2,3,2,5,0,0,2,7,1,2,6013.87445249
20203,1123000823,8,6,2,0,0,1,3,1,3,0,0,1,1,1,3,0,0,0,2,0,0,2165.13348129
20203,1123000824,1,0,1,0,0,0,1,0,0,0,0,0,0,0,0,0,0,0,1,0,0,2499.86282906
20203,1123000826,15,7,8,0,0,0,2,7,6,0,0,0,2,2,3,0,0,0,0,5,3,4934.16602867
20203,1123000828,4,2,2,0,2,0,1,1,0,0,1,0,0,1,0,0,1,0,1,0,0,2999.95610432
20203,1123000829,9,8,1,0,1,2,1,2,3,0,1,2,1,1,3,0,0,0,0,1,0,10360.8752738
20203,1123000830,22,19,3,0,3,3,8,3,5,0,3,3,6,2,5,0,0,0,2,1,0,7393.05431544
20203,1123000831,16,9,7,0,0,4,5,2,5,0,0,3,1,2,3,0,0,1,4,0,2,2969.82232353
20203,1123000832,13,10,3,0,1,2,1,5,4,0,1,2,1,3,3,0,0,0,0,2,1,595.572774367
20203,1123000833,39,16,23,0,9,7,13,5,5,0,1,7,5,1,2,0,8,0,8,4,3,11952.4452845
20203,1123000834,8,7,1,0,0,0,2,6,0,0,0,0,1,6,0,0,0,0,1,0,0,2598.71345033
20203,1123000835,5,5,0,0,0,0,3,2,0,0,0,0,3,2,0,0,0,0,0,0,0,1111.49576141
20203,1123000836,26,17,9,0,0,5,8,10,3,0,0,3,5,7,2,0,0,2,3,3,1,2788.69944117
20203,1123000837,2,1,1,0,0,0,0,0,2,0,0,0,0,0,1,0,0,0,0,0,1,2386.50490123
20203,1123000838,12,8,4,0,1,4,1,5,1,0,0,3,1,4,0,0,1,1,0,1,1,1206.35704805
20203,1123000840,12,10,2,0,0,1,3,3,5,0,0,1,3,2,4,0,0,0,0,1,1,3559.81870719
20203,1123000841,114,96,18,0,3,16,10,13,72,0,0,7,8,10,71,0,3,9,2,3,1,17054.004377
20203,1123000842,24,23,1,0,3,4,5,8,4,0,2,4,5,8,4,0,1,0,0,0,0,2172.34562805
20203,1123000843,5,3,2,0,1,2,0,0,2,0,0,1,0,0,2,0,1,1,0,0,0,2048.99462376
20203,1123000844,42,31,11,0,5,4,13,12,8,0,4,1,10,9,7,0,1,3,3,3,1,3432.34716877
20203,1123000845,7,3,4,0,2,0,1,3,1,0,0,0,0,2,1,0,2,0,1,1,0,2260.48510389
20203,1123000846,48,17,31,0,9,11,17,6,5,0,1,5,7,2,2,0,8,6,10,4,3,2268.05573689
20203,1123000847,29,23,6,0,2,7,6,4,10,0,2,6,4,2,9,0,0,1,2,2,1,2418.13496029
20203,1123000848,32,22,10,0,2,9,11,7,3,0,0,5,10,6,1,0,2,4,1,1,2,3474.14869826
20203,1123000849,1,1,0,0,0,0,0,1,0,0,0,0,0,1,0,0,0,0,0,0,0,2202.90659378
20203,1123000850,10,6,4,0,2,3,3,2,0,0,1,2,1,2,0,0,1,1,2,0,0,3219.71305901
20203,1123000851,6,1,5,0,0,2,2,1,1,0,0,0,0,1,0,0,0,2,2,0,1,5606.01333844
20203,1123000852,4,4,0,0,0,0,2,0,2,0,0,0,2,0,2,0,0,0,0,0,0,1578.57854434
20203,1123000854,4,1,3,0,1,1,2,0,0,0,0,0,1,0,0,0,1,1,1,0,0,865.51864328
20203,1123000856,4,1,3,0,1,0,0,3,0,0,0,0,0,1,0,0,1,0,0,2,0,2204.64945203
20203,1123000857,10,0,10,0,7,1,1,1,0,0,0,0,0,0,0,0,7,1,1,1,0,3051.58675781
20203,1123000858,120,86,34,1,17,26,35,26,15,0,11,17,23,23,12,1,6,9,12,3,3,2766.90389094
20203,1123000860,107,69,38,0,17,54,13,12,11,0,7,40,9,5,8,0,10,14,4,7,3,8391.36259807
20203,1123000871,6,3,3,0,2,1,1,0,2,0,0,0,1,0,2,0,2,1,0,0,0,6143.96655999
20203,1123000873,14,10,4,0,0,3,3,5,3,0,0,2,2,4,2,0,0,1,1,1,1,3531.93565764
20203,1123000875,1446,334,1112,0,497,549,301,93,6,0,69,150,90,20,5,0,428,399,211,73,1,3194.71731579
20203,1123000877,3,2,1,0,0,1,0,1,1,0,0,1,0,0,1,0,0,0,0,1,0,2928.75373941
20203,1123000878,4,4,0,0,0,0,3,0,1,0,0,0,3,0,1,0,0,0,0,0,0,2378.11521735
20203,1123000879,28,12,16,0,4,2,8,12,2,0,3,2,4,2,1,0,1,0,4,10,1,3399.64835843
20203,1123000880,8,1,7,0,0,2,4,0,2,0,0,0,0,0,1,0,0,2,4,0,1,3422.0005008
20203,1123000882,2,0,2,0,1,0,0,1,0,0,0,0,0,0,0,0,1,0,0,1,0,3512.74773724
20203,1123000883,8,6,2,0,0,1,2,2,3,0,0,1,2,2,1,0,0,0,0,0,2,2125.16655741
20203,1123000887,48,28,20,0,9,15,11,5,8,0,3,8,7,3,7,0,6,7,4,2,1,8606.23512171
20203,1123000889,2,1,1,0,0,0,1,0,1,0,0,0,0,0,1,0,0,0,1,0,0,2234.79247841
20203,1123000892,6,4,2,0,0,0,2,1,3,0,0,0,0,1,3,0,0,0,2,0,0,1482.01424451
20203,1123000896,4,2,2,0,0,0,2,1,1,0,0,0,1,0,1,0,0,0,1,1,0,3852.66229586
20203,1123000899,4,4,0,0,1,1,1,1,0,0,1,1,1,1,0,0,0,0,0,0,0,1424.06439015
20203,1123000900,9,2,7,0,0,3,4,1,1,0,0,1,0,0,1,0,0,2,4,1,0,8449.230904
20203,1123000903,4,2,2,0,0,0,0,2,2,0,0,0,0,1,1,0,0,0,0,1,1,4101.30733984
20203,1123000911,5,3,2,0,1,0,2,1,1,0,0,0,1,1,1,0,1,0,1,0,0,2662.73336807
20203,1123000916,16,13,3,0,5,3,6,1,1,0,3,3,5,1,1,0,2,0,1,0,0,926.997156386
20203,1123000920,37,23,14,0,2,8,19,7,1,0,2,6,11,3,1,0,0,2,8,4,0,1086.18995356
20203,1123000922,4,1,3,0,1,0,1,1,1,0,0,0,1,0,0,0,1,0,0,1,1,2397.62565878
20203,1123000924,7,2,5,0,0,3,2,2,0,0,0,0,0,2,0,0,0,3,2,0,0,3349.21343777
20203,1123000925,64,33,31,0,11,17,13,21,2,0,4,11,9,8,1,0,7,6,4,13,1,3732.67537
20203,1123000933,22,9,13,0,10,1,3,6,2,0,2,0,1,5,1,0,8,1,2,1,1,2075.67256411
20203,1123000934,12,8,4,0,1,1,5,2,3,0,0,0,4,2,2,0,1,1,1,0,1,5033.75205013
20203,1123000935,4,3,1,0,2,0,0,2,0,0,1,0,0,2,0,0,1,0,0,0,0,5658.86112854
20203,1123000938,21,7,14,0,4,5,7,5,0,0,0,1,3,3,0,0,4,4,4,2,0,1822.39100718
20203,1123000940,2,2,0,0,0,0,1,1,0,0,0,0,1,1,0,0,0,0,0,0,0,3083.36377762
20203,1123000942,47,43,4,0,1,7,19,15,5,0,1,5,18,15,4,0,0,2,1,0,1,2469.10378439
20203,1123000944,6,3,3,0,0,1,3,1,1,0,0,1,0,1,1,0,0,0,3,0,0,2541.94115157
20203,1123000949,18,10,8,0,3,10,2,1,2,0,1,4,2,1,2,0,2,6,0,0,0,1253.45301219
20203,1123000954,11,1,10,0,2,0,5,4,0,0,0,0,1,0,0,0,2,0,4,4,0,4708.06271298
20203,1123000957,8,7,1,0,0,0,1,4,3,0,0,0,1,3,3,0,0,0,0,1,0,2804.75312681
20203,1123000958,35,24,11,0,1,7,10,9,8,0,1,3,6,7,7,0,0,4,4,2,1,6868.69509997
20203,1123000960,3,3,0,0,0,0,2,1,0,0,0,0,2,1,0,0,0,0,0,0,0,1899.39653633
20203,1123000961,13,5,8,0,3,4,2,3,1,0,1,0,1,2,1,0,2,4,1,1,0,9874.45124892
20203,1123000969,50,22,28,1,0,5,25,16,3,1,0,3,8,7,3,0,0,2,17,9,0,3966.53727376
20203,1123000974,3,2,1,0,0,0,1,2,0,0,0,0,1,1,0,0,0,0,0,1,0,1212.71752248
20203,1123000975,2,2,0,0,0,0,2,0,0,0,0,0,2,0,0,0,0,0,0,0,0,4277.10327787
20203,1123000978,3,3,0,0,0,1,0,1,1,0,0,1,0,1,1,0,0,0,0,0,0,1836.00903797
20203,1123000979,3,1,2,0,0,0,0,2,1,0,0,0,0,1,0,0,0,0,0,1,1,9758.30407219
20203,1123000980,1,1,0,0,0,0,0,1,0,0,0,0,0,1,0,0,0,0,0,0,0,1117.58018808
20203,1123000983,7,3,4,0,2,2,1,1,1,0,2,1,0,0,0,0,0,1,1,1,1,2366.24545472
20203,1123000984,2,2,0,0,0,0,1,1,0,0,0,0,1,1,0,0,0,0,0,0,0,3077.86066463
20203,1123000990,2,1,1,0,0,0,0,0,2,0,0,0,0,0,1,0,0,0,0,0,1,1305.98708829
20203,1123000995,15,2,13,0,8,1,5,0,1,0,0,0,1,0,1,0,8,1,4,0,0,3073.87166788
20203,1123000999,4,4,0,0,0,1,0,1,2,0,0,1,0,1,2,0,0,0,0,0,0,4074.72198537
20203,1123001000,1,1,0,0,0,0,0,0,1,0,0,0,0,0,1,0,0,0,0,0,0,2394.42581509
20203,1123001002,5,1,4,0,0,0,2,1,2,0,0,0,1,0,0,0,0,0,1,1,2,4405.99332393
20203,1123001005,30,15,15,0,4,5,14,5,2,0,0,3,7,5,0,0,4,2,7,0,2,6633.87725523
20203,1123001006,4,3,1,0,0,1,0,1,2,0,0,1,0,0,2,0,0,0,0,1,0,830.165903969
20203,1123001008,8,7,1,0,0,0,0,5,3,0,0,0,0,4,3,0,0,0,0,1,0,4966.72047992
20203,1123001009,2,2,0,0,2,0,0,0,0,0,2,0,0,0,0,0,0,0,0,0,0,3491.88435607
20203,1123001010,4,2,2,0,0,2,0,2,0,0,0,1,0,1,0,0,0,1,0,1,0,2510.94937435
20203,1123001012,4,2,2,0,0,0,0,3,1,0,0,0,0,1,1,0,0,0,0,2,0,654.762584036
20203,1123001013,2,2,0,0,1,0,1,0,0,0,1,0,1,0,0,0,0,0,0,0,0,2311.56558557
20203,1123001015,17,6,11,0,6,8,1,1,1,0,2,2,0,1,1,0,4,6,1,0,0,1381.14508248
20203,1123001020,4,4,0,0,0,3,1,0,0,0,0,3,1,0,0,0,0,0,0,0,0,3282.08490934
20203,1123001021,7,4,3,0,0,2,3,1,1,0,0,2,2,0,0,0,0,0,1,1,1,2792.34741787
20203,1123001022,702,498,204,0,5,92,243,248,114,0,3,42,152,202,99,0,2,50,91,46,15,75357.7962421
20203,1123001024,2,2,0,0,0,1,1,0,0,0,0,1,1,0,0,0,0,0,0,0,0,1737.81831967
20203,1123001030,3,1,2,0,2,1,0,0,0,0,0,1,0,0,0,0,2,0,0,0,0,2631.50546448
20203,1123001031,15,7,8,0,6,3,6,0,0,0,3,2,2,0,0,0,3,1,4,0,0,2513.51861358
20203,1123001034,3,1,2,0,0,1,1,1,0,0,0,0,0,1,0,0,0,1,1,0,0,2937.58974716
20203,1123001035,6,1,5,0,1,0,3,1,1,0,0,0,1,0,0,0,1,0,2,1,1,2582.97069588
20203,1123001036,14,7,7,0,4,3,3,4,0,0,1,1,2,3,0,0,3,2,1,1,0,86181.752073
20203,1123001038,3,2,1,0,0,1,1,0,1,0,0,1,0,0,1,0,0,0,1,0,0,702.517798597
20203,1123001039,13,9,4,0,1,1,2,3,6,0,0,0,2,2,5,0,1,1,0,1,1,26947.7282141
20203,1123001040,5,3,2,0,0,1,1,3,0,0,0,0,0,3,0,0,0,1,1,0,0,2564.67134806
20203,1123001041,14,5,9,0,0,1,7,6,0,0,0,1,3,1,0,0,0,0,4,5,0,3891.79118463
20203,1123001043,14,8,6,0,0,3,5,3,3,0,0,2,4,1,1,0,0,1,1,2,2,2174.7425155
20203,1123001047,2,1,1,0,0,0,0,2,0,0,0,0,0,1,0,0,0,0,0,1,0,5773.03312329
20203,1123001048,19,13,6,0,1,1,10,4,3,0,0,1,7,3,2,0,1,0,3,1,1,5667.90612722
20203,1123001049,4,3,1,0,0,2,1,1,0,0,0,1,1,1,0,0,0,1,0,0,0,2908.9263683
20203,1123001051,128,40,88,0,7,10,27,30,54,0,0,4,13,5,18,0,7,6,14,25,36,12705.1673298
20203,1123001052,4,1,3,0,0,1,0,2,1,0,0,0,0,0,1,0,0,1,0,2,0,2913.25226694
20203,1123001057,11,5,6,0,1,2,3,3,2,0,0,1,2,1,1,0,1,1,1,2,1,3302.94712939
20203,1123001063,7,4,3,0,1,1,2,2,1,0,0,0,1,2,1,0,1,1,1,0,0,1036.60154414
20203,1123001070,7,6,1,0,4,0,1,2,0,0,3,0,1,2,0,0,1,0,0,0,0,5731.46337646
20203,1123001071,25,10,15,0,6,5,6,6,2,0,0,3,2,4,1,0,6,2,4,2,1,3146.20831367
20203,1123001077,4,2,2,0,0,1,1,1,1,0,0,0,1,1,0,0,0,1,0,0,1,1921.47218633
20203,1123001078,35,18,17,0,3,6,7,13,6,0,1,3,2,8,4,0,2,3,5,5,2,6464.12246345
20203,1123001082,4,4,0,0,0,0,2,1,1,0,0,0,2,1,1,0,0,0,0,0,0,1952.94323736
20203,1123001085,238,127,111,0,35,53,83,51,16,0,11,26,55,25,10,0,24,27,28,26,6,5762.89541679
20203,1123001088,3,3,0,0,0,0,0,0,3,0,0,0,0,0,3,0,0,0,0,0,0,8042.30153718
20203,1123001089,3,1,2,0,0,0,1,1,1,0,0,0,0,0,1,0,0,0,1,1,0,9030.19472157
20203,1123001091,2,1,1,0,0,0,0,1,1,0,0,0,0,0,1,0,0,0,0,1,0,2168.0241135
20203,1123001093,2,1,1,0,0,1,1,0,0,0,0,0,1,0,0,0,0,1,0,0,0,3166.72280181
20203,1123001102,4,3,1,0,1,0,0,2,1,0,1,0,0,1,1,0,0,0,0,1,0,2096.36169548
20203,1123001103,3,1,2,0,0,1,2,0,0,0,0,0,1,0,0,0,0,1,1,0,0,5580.69721502
20203,1123001115,72,36,36,1,28,11,15,4,13,1,14,6,8,2,5,0,14,5,7,2,8,38244.3507977
20203,1123001117,7,5,2,0,2,3,2,0,0,0,1,3,1,0,0,0,1,0,1,0,0,1137.74013892
20203,1123001118,4,3,1,0,1,0,0,3,0,0,0,0,0,3,0,0,1,0,0,0,0,1306.08891639
20203,1123001119,5,2,3,0,1,0,0,1,3,0,0,0,0,0,2,0,1,0,0,1,1,1619.08847219
20203,1123001121,2,2,0,0,0,0,0,0,2,0,0,0,0,0,2,0,0,0,0,0,0,1470.25396391
20203,1123001123,3,1,2,0,1,1,1,0,0,0,0,0,1,0,0,0,1,1,0,0,0,5027.21683106
20203,1123001125,219,69,150,0,41,56,60,47,15,0,8,15,14,20,12,0,33,41,46,27,3,4184.06575642
20203,1123001126,9,7,2,0,0,1,4,3,1,0,0,1,3,2,1,0,0,0,1,1,0,3173.32707008
20203,1123001131,7,3,4,0,0,3,1,2,1,0,0,1,1,1,0,0,0,2,0,1,1,5769.86987865
20203,1123001136,5,5,0,0,0,3,2,0,0,0,0,3,2,0,0,0,0,0,0,0,0,1115.19650562
20203,1123001138,4,4,0,0,0,1,3,0,0,0,0,1,3,0,0,0,0,0,0,0,0,995.522197245
20203,1123001140,2,1,1,0,0,1,0,1,0,0,0,0,0,1,0,0,0,1,0,0,0,2198.20008866
20203,1123001141,10,5,5,0,0,2,2,3,3,0,0,0,1,1,3,0,0,2,1,2,0,2710.43756067
20203,1123001147,4,3,1,0,0,1,0,2,1,0,0,1,0,1,1,0,0,0,0,1,0,2089.71271821
20203,1123001154,58,48,10,0,2,7,13,28,8,0,1,6,9,25,7,0,1,1,4,3,1,3163.5209142
20203,1123001159,9,5,4,0,0,5,1,2,1,0,0,1,1,2,1,0,0,4,0,0,0,615.770390618
20203,1123001164,1,1,0,0,0,0,0,0,1,0,0,0,0,0,1,0,0,0,0,0,0,845.324753447
20203,1123001169,5,4,1,0,1,1,2,1,0,0,0,1,2,1,0,0,1,0,0,0,0,1885.21017967
20203,1123001178,7,6,1,0,1,4,1,0,1,0,1,4,0,0,1,0,0,0,1,0,0,948.704945047
20203,1123001184,6,2,4,0,0,0,1,5,0,0,0,0,0,2,0,0,0,0,1,3,0,1621.91633535
20203,1123001188,3,3,0,0,0,0,0,3,0,0,0,0,0,3,0,0,0,0,0,0,0,4681.36199995
20203,1123001192,6,3,3,0,0,0,1,5,0,0,0,0,0,3,0,0,0,0,1,2,0,1363.00514833
20203,1123001196,6,2,4,0,0,1,0,1,4,0,0,0,0,1,1,0,0,1,0,0,3,2983.07530735
20203,1123001203,3,1,2,0,0,0,1,2,0,0,0,0,1,0,0,0,0,0,0,2,0,3334.59171495
20203,1123001204,25,9,16,0,3,3,8,8,3,0,1,1,1,4,2,0,2,2,7,4,1,5537.27314008
20203,1123001212,912,386,526,2,141,195,202,221,151,1,48,91,84,77,85,1,93,104,118,144,66,3424.08233721
20203,1123001225,4,3,1,0,0,0,3,0,1,0,0,0,3,0,0,0,0,0,0,0,1,1620.38956919
20203,1123001227,1,1,0,0,0,0,1,0,0,0,0,0,1,0,0,0,0,0,0,0,0,2568.4614047
20203,1123001229,9,7,2,0,0,1,2,4,2,0,0,1,2,2,2,0,0,0,0,2,0,2638.75401326
20203,1123001230,11,9,2,0,1,2,5,3,0,0,1,2,4,2,0,0,0,0,1,1,0,2574.61545223
20203,1123001232,2,2,0,0,0,1,0,0,1,0,0,1,0,0,1,0,0,0,0,0,0,4104.49026507
20203,1123001233,124,88,36,0,13,23,29,20,39,0,6,16,17,13,36,0,7,7,12,7,3,4361.97528672
20203,1123001234,4,0,4,0,0,1,2,1,0,0,0,0,0,0,0,0,0,1,2,1,0,2265.87993922
20203,1123001243,7,7,0,0,0,0,2,4,1,0,0,0,2,4,1,0,0,0,0,0,0,412.873694887
20203,1123001247,3,2,1,0,0,0,3,0,0,0,0,0,2,0,0,0,0,0,1,0,0,2593.29276002
20203,1123001251,1,1,0,0,0,0,0,1,0,0,0,0,0,1,0,0,0,0,0,0,0,1806.93515137
20203,1123001252,4,3,1,0,1,0,0,2,1,0,1,0,0,1,1,0,0,0,0,1,0,3972.39225777
20203,1123001262,3,1,2,0,0,0,1,2,0,0,0,0,1,0,0,0,0,0,0,2,0,1388.2020094
20203,1123001265,21,2,19,0,2,5,6,6,2,0,0,0,1,0,1,0,2,5,5,6,1,2131.82584228
20203,1123001266,99,19,80,0,11,27,27,24,10,0,0,3,7,2,7,0,11,24,20,22,3,17231.4819426
20203,1123001269,2,1,1,0,0,0,1,1,0,0,0,0,0,1,0,0,0,0,1,0,0,1705.87460823
20203,1123001271,12,7,5,0,0,3,4,3,2,0,0,2,1,2,2,0,0,1,3,1,0,3031.587709
20203,1123001272,30,18,12,0,5,5,9,9,2,0,5,2,3,6,2,0,0,3,6,3,0,3015.47768558
20203,1123001273,8,5,3,0,1,1,3,3,0,0,0,1,2,2,0,0,1,0,1,1,0,9357.04827425
20203,1123001280,4,2,2,0,0,0,1,2,1,0,0,0,0,2,0,0,0,0,1,0,1,3600.74066953
20203,1123001282,4,0,4,0,1,0,0,3,0,0,0,0,0,0,0,0,1,0,0,3,0,1476.08055255
20203,1123001284,5,1,4,0,3,0,0,2,0,0,0,0,0,1,0,0,3,0,0,1,0,4095.01648466
20203,1123001285,3,1,2,0,1,0,1,1,0,0,0,0,0,1,0,0,1,0,1,0,0,1094.09394927
20203,1123001286,7,2,5,0,0,1,6,0,0,0,0,0,2,0,0,0,0,1,4,0,0,2682.5819701
20203,1123001292,4,2,2,0,2,0,1,0,1,0,2,0,0,0,0,0,0,0,1,0,1,1340.74481648
20203,1123001295,7,4,3,0,0,0,1,4,2,0,0,0,1,1,2,0,0,0,0,3,0,3050.30695554
20203,1123001298,3,0,3,0,1,0,0,2,0,0,0,0,0,0,0,0,1,0,0,2,0,1490.37942704
20203,1123001299,160,94,66,0,20,53,32,39,16,0,5,20,23,34,12,0,15,33,9,5,4,3095.68658882
20203,1123001301,51,43,8,0,2,30,18,1,0,0,2,27,13,1,0,0,0,3,5,0,0,5649.15500544
20203,1123001306,33,11,22,0,7,9,9,4,4,0,1,5,2,1,2,0,6,4,7,3,2,6314.75504802
20203,1123001309,14,11,3,0,2,7,0,3,2,0,1,6,0,2,2,0,1,1,0,1,0,3176.70006711
20203,1123001317,5,4,1,0,0,0,0,1,4,0,0,0,0,1,3,0,0,0,0,0,1,7574.59307796
20203,1123001319,8,7,1,0,2,2,2,2,0,0,2,2,1,2,0,0,0,0,1,0,0,4983.2483172
20203,1123001326,399,226,173,0,43,89,100,103,64,0,17,41,45,74,49,0,26,48,55,29,15,5658.17166803
20203,1123001329,7,2,5,0,3,2,0,2,0,0,0,0,0,2,0,0,3,2,0,0,0,5200.27360612
20203,1123001330,134,129,5,0,1,1,11,56,65,0,0,1,10,53,65,0,1,0,1,3,0,4968.44184638
20203,1123001331,9,8,1,0,0,0,1,2,6,0,0,0,1,2,5,0,0,0,0,0,1,6572.33371418
20203,1123001333,25,23,2,0,0,2,0,2,21,0,0,1,0,1,21,0,0,1,0,1,0,142300.960354
20203,1123001335,71,48,23,0,9,15,19,14,14,0,5,10,13,11,9,0,4,5,6,3,5,14580.2287956
20203,1123001336,163,85,78,0,18,70,44,14,17,0,6,36,24,8,11,0,12,34,20,6,6,13518.2484709
20203,1123001338,72,42,30,1,8,15,13,17,18,1,4,5,7,10,15,0,4,10,6,7,3,14034.7598661
20203,1123001339,20,15,5,0,3,2,6,7,2,0,2,2,4,5,2,0,1,0,2,2,0,3086.2119734
20203,1123001341,135,72,63,3,11,26,38,38,19,3,7,14,20,15,13,0,4,12,18,23,6,14753.5555328
20203,1123001342,84,66,18,0,10,20,27,17,10,0,7,16,22,12,9,0,3,4,5,5,1,4890.27737582
20203,1123001344,111,107,4,0,0,5,17,32,57,0,0,4,15,31,57,0,0,1,2,1,0,10344.9087969
20203,1123001346,153,99,54,0,27,37,40,28,21,0,13,24,24,18,20,0,14,13,16,10,1,14228.9395352
20203,1123001348,18,7,11,0,5,5,3,4,1,0,1,1,2,2,1,0,4,4,1,2,0,1516.73077499
20203,1123001349,40,27,13,0,5,3,9,13,10,0,1,3,6,8,9,0,4,0,3,5,1,6100.05561612
20203,1123001350,524,310,214,0,51,45,36,91,301,0,44,40,32,48,146,0,7,5,4,43,155,7800.16063219
20203,1123001351,139,75,64,0,19,39,31,33,17,0,2,18,19,24,12,0,17,21,12,9,5,13334.0678012
20203,1123001352,48,35,13,0,11,8,11,10,8,0,8,5,8,7,7,0,3,3,3,3,1,5923.45945574
20203,1123001353,438,296,142,2,9,11,28,37,351,0,2,3,15,16,260,2,7,8,13,21,91,7192.62815346
20203,1123001354,12,8,4,0,1,1,3,6,1,0,1,1,1,4,1,0,0,0,2,2,0,1388.96975073
20203,1123001355,8,4,4,0,0,2,2,3,1,0,0,0,1,3,0,0,0,2,1,0,1,2977.99793061
20203,1123001356,69,64,5,0,1,3,8,14,43,0,1,2,6,13,42,0,0,1,2,1,1,3433.71335463
20203,1123001357,10,6,4,0,2,0,3,3,2,0,1,0,2,2,1,0,1,0,1,1,1,5898.85922386
20203,1123001358,52,33,19,0,10,12,18,9,3,0,5,7,12,7,2,0,5,5,6,2,1,8534.43284344
20203,1123001359,10,5,5,0,0,5,4,1,0,0,0,3,2,0,0,0,0,2,2,1,0,3743.21790007
20203,1123001360,4,2,2,0,2,0,0,2,0,0,1,0,0,1,0,0,1,0,0,1,0,1355.34837445
20203,1123001362,56,35,21,0,6,7,8,20,15,0,1,3,4,16,11,0,5,4,4,4,4,6518.33570488
20203,1123001365,516,416,100,0,145,141,122,55,53,0,119,123,94,35,45,0,26,18,28,20,8,14057.3660987
20203,1123001366,4,1,3,0,0,1,0,1,2,0,0,0,0,0,1,0,0,1,0,1,1,343.514960473
20203,1123001367,58,44,14,0,3,6,16,8,25,0,2,3,7,8,24,0,1,3,9,0,1,7875.80489619
20203,1123001368,38,18,20,0,3,5,10,15,5,0,0,2,5,10,1,0,3,3,5,5,4,7981.48969243
20203,1123001371,9,8,1,0,0,0,5,2,2,0,0,0,5,2,1,0,0,0,0,0,1,3789.31894149
20203,1123001372,83,45,38,0,10,26,26,15,6,0,7,10,16,11,1,0,3,16,10,4,5,7544.30183205
20203,1123001373,2,2,0,0,0,0,0,1,1,0,0,0,0,1,1,0,0,0,0,0,0,267.986559413
20203,1123001374,25,17,8,0,5,5,3,6,6,0,3,4,2,4,4,0,2,1,1,2,2,3448.47641737
20203,1123001375,416,298,118,6,31,74,106,78,121,5,11,44,71,62,105,1,20,30,35,16,16,14113.5126472
20203,1123001376,10,6,4,0,0,0,1,4,5,0,0,0,0,2,4,0,0,0,1,2,1,5273.24260925
20203,1123001377,6,6,0,0,0,2,0,1,3,0,0,2,0,1,3,0,0,0,0,0,0,2621.53512107
20203,1123001379,10,6,4,0,0,2,2,4,2,0,0,0,1,3,2,0,0,2,1,1,0,5566.7657525
20203,1123001381,18,14,4,0,0,1,8,4,5,0,0,1,6,3,4,0,0,0,2,1,1,4734.4584569
20203,1123001384,13,3,10,0,6,3,2,1,1,0,0,1,2,0,0,0,6,2,0,1,1,5199.24676573
20203,1123001385,139,75,64,0,14,30,44,33,18,0,4,15,25,18,13,0,10,15,19,15,5,8042.37328887
20203,1123001386,18,11,7,0,1,2,8,4,3,0,1,2,4,2,2,0,0,0,4,2,1,2931.89741529
20203,1123001388,25,13,12,0,3,2,4,15,1,0,2,1,0,9,1,0,1,1,4,6,0,6419.41771923
20203,1123001389,15,10,5,0,0,3,3,5,4,0,0,1,2,3,4,0,0,2,1,2,0,5354.60233294
20203,1123001391,271,249,22,0,22,94,72,80,3,0,18,87,67,76,1,0,4,7,5,4,2,5470.59872095
20203,1123001392,38,9,29,0,17,5,4,8,4,0,0,3,1,3,2,0,17,2,3,5,2,6654.32879763
20203,1123001393,44,32,12,0,12,6,11,8,7,0,9,4,8,5,6,0,3,2,3,3,1,6374.30314091
20203,1123001397,24,14,10,0,5,5,5,8,1,0,5,2,4,2,1,0,0,3,1,6,0,6525.81560154
20203,1123001398,7,3,4,0,1,3,0,2,1,0,0,2,0,0,1,0,1,1,0,2,0,4536.20935954
20203,1123001399,10,4,6,0,0,1,4,5,0,0,0,0,1,3,0,0,0,1,3,2,0,6474.82609417
20203,1123001400,6,5,1,0,0,1,1,2,2,0,0,1,0,2,2,0,0,0,1,0,0,11320.3183701
20203,1123001401,27,5,22,0,2,5,7,7,6,0,0,0,0,0,5,0,2,5,7,7,1,15122.9864546
20203,1123001402,3,2,1,0,0,1,1,0,1,0,0,1,0,0,1,0,0,0,1,0,0,3221.89739034
20203,1123001403,38,23,15,0,2,8,11,7,10,0,1,3,8,3,8,0,1,5,3,4,2,4867.70086789
20203,1123001404,18,16,2,0,2,5,5,5,1,0,2,5,5,3,1,0,0,0,0,2,0,1810.52620531
20203,1123001405,72,35,37,0,23,14,16,12,7,0,9,10,6,6,4,0,14,4,10,6,3,5917.4011449
20203,1123001406,10,9,1,0,0,0,1,7,2,0,0,0,1,6,2,0,0,0,0,1,0,6501.7530575
20203,1123001407,16,13,3,0,1,4,7,3,1,0,0,3,7,2,1,0,1,1,0,1,0,6368.72709123
20203,1123001408,25,12,13,0,6,5,7,4,3,0,2,2,3,2,3,0,4,3,4,2,0,1000.0890138
20203,1123001409,2,2,0,0,0,0,1,0,1,0,0,0,1,0,1,0,0,0,0,0,0,1020.5928757
20203,1123001411,7,7,0,0,1,0,1,1,4,0,1,0,1,1,4,0,0,0,0,0,0,2523.75545318
20203,1123001413,100,75,25,0,6,33,28,15,18,0,1,26,23,11,14,0,5,7,5,4,4,11519.4560242
20203,1123001414,2,2,0,0,0,0,0,0,2,0,0,0,0,0,2,0,0,0,0,0,0,1137.48089262
20203,1123001416,5,2,3,0,0,1,2,1,1,0,0,0,1,0,1,0,0,1,1,1,0,3778.67687162
20203,1123001417,181,143,38,1,56,42,37,31,14,0,43,32,32,26,10,1,13,10,5,5,4,7514.87708392
20203,1123001419,10,8,2,0,0,1,0,5,4,0,0,0,0,5,3,0,0,1,0,0,1,9775.13424425
20203,1123001421,14,4,10,0,3,3,2,5,1,0,1,1,1,0,1,0,2,2,1,5,0,6014.44502704
20203,1123001422,2,2,0,0,0,0,2,0,0,0,0,0,2,0,0,0,0,0,0,0,0,1880.3633536
20203,1123001424,101,99,2,0,1,0,8,42,50,0,1,0,8,40,50,0,0,0,0,2,0,4932.16320077
20203,1123001425,147,79,68,0,31,51,22,21,22,0,12,28,12,12,15,0,19,23,10,9,7,13280.7704614
20203,1123001426,13,10,3,0,0,3,5,4,1,0,0,3,4,2,1,0,0,0,1,2,0,5658.04577768
20203,1123001427,21,9,12,0,3,6,3,3,6,0,0,3,0,1,5,0,3,3,3,2,1,3280.33657303
20203,1123001429,15,11,4,0,0,6,3,3,3,0,0,4,2,2,3,0,0,2,1,1,0,5682.75460762
20203,1123001431,3,2,1,0,0,0,1,1,1,0,0,0,1,1,0,0,0,0,0,0,1,1921.24713238
20203,1123001433,5,5,0,0,0,1,2,2,0,0,0,1,2,2,0,0,0,0,0,0,0,5496.50228721
20203,1123001434,68,43,25,0,11,21,14,11,11,0,3,13,9,8,10,0,8,8,5,3,1,5145.44003317
20203,1123001437,8,6,2,0,1,0,1,2,4,0,0,0,1,2,3,0,1,0,0,0,1,2326.9723399
20203,1123001440,20,14,6,0,0,3,5,7,5,0,0,1,4,6,3,0,0,2,1,1,2,7213.35894654
20203,1123001441,3,1,2,0,0,1,0,1,1,0,0,0,0,0,1,0,0,1,0,1,0,1457.86495565
20203,1123001442,38,17,21,0,1,4,3,22,8,0,0,1,2,11,3,0,1,3,1,11,5,4977.86546705
20203,1123001443,24,6,18,0,2,7,7,3,5,0,0,1,1,1,3,0,2,6,6,2,2,4730.21808241
20203,1123001444,96,13,83,0,7,19,34,30,6,0,1,3,2,2,5,0,6,16,32,28,1,13746.4756124
20203,1123001445,5,4,1,0,0,0,2,3,0,0,0,0,2,2,0,0,0,0,0,1,0,2480.22846466
20203,1123001448,3,2,1,0,0,1,0,0,2,0,0,0,0,0,2,0,0,1,0,0,0,4354.47016014
20203,1123001450,4,4,0,0,0,2,0,2,0,0,0,2,0,2,0,0,0,0,0,0,0,3045.99398529
20203,1123001451,2,1,1,0,0,1,0,0,1,0,0,1,0,0,0,0,0,0,0,0,1,4503.51955396
20203,1123001452,103,52,51,0,22,31,23,16,11,0,9,14,12,7,10,0,13,17,11,9,1,5180.56802312
20203,1123001453,11,10,1,0,2,2,3,3,1,0,2,1,3,3,1,0,0,1,0,0,0,2969.74191804
20203,1123001454,2,2,0,0,0,1,0,1,0,0,0,1,0,1,0,0,0,0,0,0,0,1674.43272639
20203,1123001455,24,12,12,0,2,1,7,9,5,0,2,1,3,5,1,0,0,0,4,4,4,6837.64911032
20203,1123001456,164,148,16,0,26,35,45,37,21,0,19,31,44,34,20,0,7,4,1,3,1,5126.12306402
20203,1123001459,3,3,0,0,0,0,1,1,1,0,0,0,1,1,1,0,0,0,0,0,0,2630.20227803
20203,1123001460,9,6,3,0,0,1,7,0,1,0,0,1,4,0,1,0,0,0,3,0,0,1541.02592783
20203,1123001462,122,65,57,0,9,20,35,36,22,0,6,10,17,20,12,0,3,10,18,16,10,3894.32687889
20203,1123001464,5,4,1,0,2,0,1,1,1,0,2,0,1,1,0,0,0,0,0,0,1,8432.94970331
20203,1123001465,46,11,35,0,9,14,8,13,2,0,2,3,1,4,1,0,7,11,7,9,1,18246.4413529
20203,1123001467,21,9,12,0,0,0,4,10,7,0,0,0,2,5,2,0,0,0,2,5,5,4736.76092528
20203,1123001473,126,91,35,0,21,31,31,26,17,0,16,18,22,20,15,0,5,13,9,6,2,2709.17188854
20203,1123001474,59,30,29,0,3,12,28,10,6,0,3,9,14,1,3,0,0,3,14,9,3,8476.88203593
20203,1123001476,5,4,1,0,1,1,1,1,1,0,1,0,1,1,1,0,0,1,0,0,0,7063.28036857
20203,1123001477,13,9,4,0,2,1,4,4,2,0,1,0,4,2,2,0,1,1,0,2,0,6953.99217491
20203,1123001479,10,9,1,0,0,1,5,3,1,0,0,0,5,3,1,0,0,1,0,0,0,6990.62090556
20203,1123001480,23,11,12,0,0,3,4,11,5,0,0,1,2,6,2,0,0,2,2,5,3,7085.04358612
20203,1123001481,57,35,22,0,6,17,15,13,6,0,1,13,10,8,3,0,5,4,5,5,3,8895.96901651
20203,1123001482,60,33,27,0,5,11,14,23,7,0,3,8,6,10,6,0,2,3,8,13,1,6110.90501105
20203,1123001483,27,12,15,0,3,5,9,10,0,0,2,4,2,4,0,0,1,1,7,6,0,6160.22952037
20203,1123001484,47,31,16,2,10,14,10,9,2,2,7,5,7,8,2,0,3,9,3,1,0,3076.36896317
20203,1123001486,7,3,4,0,0,0,2,2,3,0,0,0,0,1,2,0,0,0,2,1,1,5359.76878647
20203,1123001487,11,10,1,0,1,1,3,3,3,0,1,1,2,3,3,0,0,0,1,0,0,3386.07192793
20203,1123001488,7,4,3,0,0,1,6,0,0,0,0,0,4,0,0,0,0,1,2,0,0,3019.7420794
20203,1123001489,15,11,4,0,4,5,4,1,1,0,3,3,3,1,1,0,1,2,1,0,0,3187.30133804
20203,1123001491,16,6,10,0,3,5,3,4,1,0,0,2,1,2,1,0,3,3,2,2,0,25154.3285933
20203,1123001493,2,2,0,0,1,0,0,1,0,0,1,0,0,1,0,0,0,0,0,0,0,3174.20676325
20203,1123001494,92,25,67,0,13,15,16,22,26,0,4,9,6,2,4,0,9,6,10,20,22,7379.14624136
20203,1123001497,6,6,0,0,0,0,3,2,1,0,0,0,3,2,1,0,0,0,0,0,0,2817.87552365
20203,1123001498,16,1,15,0,5,3,2,4,2,0,0,0,0,0,1,0,5,3,2,4,1,1808.47977986
20203,1123001499,6,4,2,0,2,1,1,2,0,0,2,1,0,1,0,0,0,0,1,1,0,1821.86097926
20203,1123001501,16,9,7,0,0,6,2,8,0,0,0,4,1,4,0,0,0,2,1,4,0,1697.95252412
20203,1123001505,8,4,4,0,0,4,1,2,1,0,0,2,1,1,0,0,0,2,0,1,1,7638.06405978
20203,1123001509,110,75,35,0,7,25,30,30,18,0,6,17,21,17,14,0,1,8,9,13,4,10862.3147481
20203,1123001514,724,301,423,0,14,16,59,178,457,0,11,9,33,67,181,0,3,7,26,111,276,3651.64655198
20203,1123001516,22,2,20,0,5,7,3,3,4,0,0,0,0,0,2,0,5,7,3,3,2,7303.2756489
20203,1123001518,41,21,20,0,8,7,4,17,5,0,5,3,2,7,4,0,3,4,2,10,1,6825.94748015
20203,1123001520,19,15,4,0,6,3,7,2,1,0,3,3,6,2,1,0,3,0,1,0,0,2442.67438422
20203,1123001526,13,9,4,0,0,2,7,3,1,0,0,1,5,2,1,0,0,1,2,1,0,3198.73780029
20203,1123001530,23,11,12,0,4,6,7,3,3,0,2,0,5,1,3,0,2,6,2,2,0,7635.80977453
20203,1123001534,44,25,19,1,8,11,16,5,3,1,3,6,11,4,0,0,5,5,5,1,3,9796.04396006
20203,1123001536,7,6,1,0,0,1,3,0,3,0,0,1,2,0,3,0,0,0,1,0,0,6330.7126506
20203,1123001537,3,3,0,0,0,2,0,1,0,0,0,2,0,1,0,0,0,0,0,0,0,770.712491337
20203,1123001540,5,3,2,0,0,1,0,2,2,0,0,0,0,1,2,0,0,1,0,1,0,365.90759133
20203,1123001541,27,13,14,0,1,4,6,7,9,0,0,2,3,3,5,0,1,2,3,4,4,2661.1772161
20203,1123001542,12,9,3,0,0,1,4,5,2,0,0,0,3,4,2,0,0,1,1,1,0,2955.87505828
20203,1123001543,3,3,0,0,0,0,2,1,0,0,0,0,2,1,0,0,0,0,0,0,0,8596.90806714
20203,1123001548,7,2,5,0,3,1,1,2,0,0,1,0,0,1,0,0,2,1,1,1,0,2383.501796
20203,1123001552,1,0,1,0,0,0,0,0,1,0,0,0,0,0,0,0,0,0,0,0,1,780.11637716
20203,1123001555,15,7,8,0,0,3,3,5,4,0,0,1,1,2,3,0,0,2,2,3,1,2318.38621465
20203,1123001557,9,4,5,0,1,2,4,1,1,0,0,1,2,0,1,0,1,1,2,1,0,2655.03621618
20203,1123001562,2,2,0,0,0,0,0,1,1,0,0,0,0,1,1,0,0,0,0,0,0,2385.05822121
20203,1123001563,1,1,0,0,0,0,0,0,1,0,0,0,0,0,1,0,0,0,0,0,0,1105.44703502
20203,1123001564,155,114,41,0,21,31,37,46,20,0,16,26,25,31,16,0,5,5,12,15,4,9502.44158873
20203,1123001567,2,0,2,0,1,1,0,0,0,0,0,0,0,0,0,0,1,1,0,0,0,5111.96050348
20203,1123001571,12,8,4,0,0,1,1,8,2,0,0,1,0,5,2,0,0,0,1,3,0,2768.6736512
20203,1123001572,4,3,1,0,0,0,0,2,2,0,0,0,0,1,2,0,0,0,0,1,0,1958.7063422
20203,1123001573,2115,1411,704,12,473,565,537,385,143,9,328,398,329,244,103,3,145,167,208,141,40,5441.91728221
20203,1123001578,14,10,4,0,2,3,4,2,3,0,0,3,3,2,2,0,2,0,1,0,1,1097.38995478
20203,1123001579,49,7,42,0,0,5,9,31,4,0,0,1,2,2,2,0,0,4,7,29,2,807.433710519
20203,1123001583,2,2,0,0,0,0,0,1,1,0,0,0,0,1,1,0,0,0,0,0,0,1005.17816963
20203,1123001584,280,107,173,1,43,63,76,67,30,0,3,22,33,33,16,1,40,41,43,34,14,7992.12693281
20203,1123001588,272,248,24,0,1,7,37,98,129,0,0,2,27,94,125,0,1,5,10,4,4,6658.18866416
20203,1123001589,16,9,7,0,1,2,2,7,4,0,0,0,1,5,3,0,1,2,1,2,1,6674.14783146
20203,1123001592,13,8,5,0,0,3,8,2,0,0,0,1,5,2,0,0,0,2,3,0,0,9422.71776574
20203,1123001593,49,21,28,0,1,10,10,14,14,0,0,1,3,8,9,0,1,9,7,6,5,4203.23962719
20203,1123001594,82,38,44,0,10,16,17,23,16,0,8,11,5,9,5,0,2,5,12,14,11,6043.8271992
20203,1123001595,285,155,130,5,58,72,66,66,18,5,35,46,36,21,12,0,23,26,30,45,6,8134.30016491
20203,1123001596,7,2,5,0,0,0,0,1,6,0,0,0,0,0,2,0,0,0,0,1,4,2177.99281376
20203,1123001597,7,2,5,0,0,0,2,3,2,0,0,0,0,1,1,0,0,0,2,2,1,4043.53997307
20203,1123001598,9,6,3,0,0,2,1,3,3,0,0,1,0,3,2,0,0,1,1,0,1,8201.99578759
20203,1123001599,18,7,11,0,5,2,3,8,0,0,2,1,0,4,0,0,3,1,3,4,0,4523.47937648
20203,1123001603,10,7,3,0,2,1,4,3,0,0,0,1,4,2,0,0,2,0,0,1,0,2900.42462842
20203,1123001604,24,21,3,0,3,2,8,8,3,0,3,2,6,8,2,0,0,0,2,0,1,5674.69976032
20203,1123001606,45,24,21,0,2,11,13,13,6,0,1,8,4,8,3,0,1,3,9,5,3,8286.57684344
20203,1123001608,11,9,2,0,0,2,8,1,0,0,0,2,7,0,0,0,0,0,1,1,0,2528.02648496
20203,1123001609,13,5,8,0,4,5,4,0,0,0,1,2,2,0,0,0,3,3,2,0,0,5641.27108116
20203,1123001610,2,1,1,0,0,1,1,0,0,0,0,0,1,0,0,0,0,1,0,0,0,5021.12982437
20203,1123001611,24,16,8,0,2,5,8,7,2,0,0,3,6,5,2,0,2,2,2,2,0,2432.27787358
20203,1123001612,18,16,2,0,1,4,5,4,4,0,1,4,3,4,4,0,0,0,2,0,0,1069.3195533
20203,1123001614,2,1,1,0,0,0,0,2,0,0,0,0,0,1,0,0,0,0,0,1,0,4159.12468628
20203,1123001615,7,6,1,0,1,0,2,3,1,0,1,0,2,2,1,0,0,0,0,1,0,3305.78195532
20203,1123001617,15,4,11,0,1,9,3,2,0,0,0,1,2,1,0,0,1,8,1,1,0,6957.9189275
20203,1123001618,3,1,2,0,0,0,0,2,1,0,0,0,0,0,1,0,0,0,0,2,0,5984.21590529
20203,1123001621,7,0,7,0,0,1,1,4,1,0,0,0,0,0,0,0,0,1,1,4,1,4874.31694985
20203,1123001623,2,0,2,0,1,0,0,1,0,0,0,0,0,0,0,0,1,0,0,1,0,7212.21447054
20203,1123001625,40,26,14,0,5,3,9,12,11,0,4,2,5,6,9,0,1,1,4,6,2,10200.3265225
20203,1123001627,56,44,12,0,5,11,15,13,12,0,3,9,13,8,11,0,2,2,2,5,1,1501.43628989
20203,1123001629,24,12,12,0,6,4,7,5,2,0,4,1,1,4,2,0,2,3,6,1,0,1240.72513743
20203,1123001630,36,29,7,0,2,3,3,3,25,0,0,2,2,3,22,0,2,1,1,0,3,9988.33228846
20203,1123001631,26,9,17,0,1,0,5,10,10,0,0,0,2,2,5,0,1,0,3,8,5,3305.8485222
20203,1123001632,84,61,23,0,22,38,15,7,2,0,15,28,13,4,1,0,7,10,2,3,1,6750.31116411
20203,1123001633,2,1,1,0,0,0,1,1,0,0,0,0,0,1,0,0,0,0,1,0,0,6884.56562242
20203,1123001634,30,22,8,0,1,2,11,13,3,0,1,1,7,10,3,0,0,1,4,3,0,10865.4088096
20203,1123001635,20,7,13,0,4,2,7,5,2,0,3,2,1,1,0,0,1,0,6,4,2,10148.5998149
20203,1123001636,14,11,3,0,0,7,4,2,1,0,0,5,4,1,1,0,0,2,0,1,0,16477.1155956
20203,1123001637,66,26,40,0,4,6,14,25,17,0,0,0,7,10,9,0,4,6,7,15,8,10103.7257895
20203,1123001638,46,13,33,0,4,10,11,13,8,0,1,1,1,5,5,0,3,9,10,8,3,6998.01461805
20203,1123001639,55,23,32,0,9,20,13,9,4,0,3,6,8,4,2,0,6,14,5,5,2,7302.31771112
20203,1123001640,502,68,434,0,105,138,196,60,3,0,7,32,19,8,2,0,98,106,177,52,1,7463.03189471
20203,1123001642,106,84,22,1,25,33,21,13,13,1,20,29,11,12,11,0,5,4,10,1,2,6188.93719982
20203,1123001646,10,6,4,0,1,2,2,4,1,0,0,1,2,2,1,0,1,1,0,2,0,6821.34012799
20203,1123001649,7,5,2,0,0,3,3,0,1,0,0,3,2,0,0,0,0,0,1,0,1,4254.85928562
20203,1123001653,3,1,2,0,0,1,1,1,0,0,0,0,0,1,0,0,0,1,1,0,0,3074.36091837
20203,1123001654,35,16,19,0,2,3,14,5,11,0,1,2,10,2,1,0,1,1,4,3,10,4366.01332506
20203,1123001655,4,4,0,0,0,1,0,1,2,0,0,1,0,1,2,0,0,0,0,0,0,2515.36345007
20203,1123001672,2,0,2,0,0,1,1,0,0,0,0,0,0,0,0,0,0,1,1,0,0,770.715518982
20203,1123001673,67,10,57,0,7,15,31,14,0,0,1,4,4,1,0,0,6,11,27,13,0,15586.8132153
20203,1123001674,100,49,51,0,12,16,21,34,17,0,2,6,12,19,10,0,10,10,9,15,7,9743.13897554
20203,1123001675,79,34,45,0,11,13,13,27,15,0,4,6,6,7,11,0,7,7,7,20,4,9263.09745605
20203,1123001681,15,11,4,0,1,4,6,3,1,0,1,4,3,2,1,0,0,0,3,1,0,6276.58377682
20203,1123001683,2,1,1,0,1,0,1,0,0,0,1,0,0,0,0,0,0,0,1,0,0,1870.34371462
20203,1123001686,5,4,1,0,0,0,0,1,4,0,0,0,0,1,3,0,0,0,0,0,1,6396.27500015
20203,1123001692,5,3,2,0,0,0,1,2,2,0,0,0,0,1,2,0,0,0,1,1,0,5573.72641073
20203,1123001695,1718,1041,677,39,1366,276,32,4,1,23,780,204,29,4,1,16,586,72,3,0,0,3319.13818758
20203,1123001699,8,6,2,1,2,0,1,4,0,1,1,0,0,4,0,0,1,0,1,0,0,1514.18148639
20203,1123001704,235,117,118,1,34,48,80,38,34,1,10,19,38,24,25,0,24,29,42,14,9,5036.11964138
20203,1123001705,6,5,1,0,1,0,0,4,1,0,1,0,0,3,1,0,0,0,0,1,0,6642.42426424
20203,1123001706,49,14,35,0,14,14,13,5,3,0,3,1,4,3,3,0,11,13,9,2,0,3728.42218296
20203,1123001707,330,155,175,1,43,47,73,98,68,0,17,24,31,43,40,1,26,23,42,55,28,8545.53019173
20203,1123001708,95,66,29,0,29,28,16,8,14,0,18,25,10,4,9,0,11,3,6,4,5,8154.01474872
20203,1123001717,6,2,4,0,0,0,1,3,2,0,0,0,0,1,1,0,0,0,1,2,1,2678.28882192
20203,1123001718,4,3,1,0,0,1,0,1,2,0,0,0,0,1,2,0,0,1,0,0,0,6806.22010542
20203,1123001719,10,2,8,0,0,2,4,4,0,0,0,0,2,0,0,0,0,2,2,4,0,5209.53403597
20203,1123001722,6,0,6,0,1,3,1,1,0,0,0,0,0,0,0,0,1,3,1,1,0,2305.30489082
20203,1123001723,18,8,10,0,0,3,3,5,7,0,0,0,3,3,2,0,0,3,0,2,5,2202.31947404
20203,1123001728,3,1,2,0,0,2,1,0,0,0,0,0,1,0,0,0,0,2,0,0,0,1362.15195814
20203,1123001729,11,7,4,0,0,3,3,1,4,0,0,2,2,0,3,0,0,1,1,1,1,6839.26936854
20203,1123001731,45,26,19,0,5,6,16,13,5,0,0,4,11,6,5,0,5,2,5,7,0,8658.17422558
20203,1123001733,29,5,24,0,0,1,2,16,10,0,0,0,0,2,3,0,0,1,2,14,7,8296.31010887
20203,1123001738,5,5,0,0,2,1,0,0,2,0,2,1,0,0,2,0,0,0,0,0,0,1801.07270536
20203,1123001740,4,3,1,0,0,1,1,2,0,0,0,0,1,2,0,0,0,1,0,0,0,980.194432809
20203,1123001742,3,1,2,0,0,0,0,2,1,0,0,0,0,0,1,0,0,0,0,2,0,6160.8449913
20203,1123001747,452,214,238,1,43,103,138,141,26,0,25,60,68,47,14,1,18,43,70,94,12,4357.42417553
20203,1123001748,4,3,1,0,0,0,3,1,0,0,0,0,3,0,0,0,0,0,0,1,0,1241.384888
20203,1123001751,5,3,2,0,0,0,0,3,2,0,0,0,0,1,2,0,0,0,0,2,0,1670.12238524
20203,1123001752,13,8,5,0,0,1,2,8,2,0,0,1,2,3,2,0,0,0,0,5,0,3872.14504388
20203,1123001753,62,28,34,0,18,19,13,11,1,0,7,11,6,3,1,0,11,8,7,8,0,8907.81809772
20203,1123001754,3,2,1,0,0,0,1,2,0,0,0,0,1,1,0,0,0,0,0,1,0,1928.37964443
20203,1123001756,11,1,10,0,2,1,3,4,1,0,0,0,0,1,0,0,2,1,3,3,1,1925.65316767
20203,1123001757,9,7,2,0,1,1,5,1,1,0,0,1,4,1,1,0,1,0,1,0,0,3068.65804359
20203,1123001760,18,10,8,0,5,3,2,6,2,0,3,3,0,3,1,0,2,0,2,3,1,3977.20013561
20203,1123001761,2,2,0,0,0,0,1,1,0,0,0,0,1,1,0,0,0,0,0,0,0,4276.03451425
20203,1123001762,56,40,16,0,1,11,17,19,8,0,0,10,14,11,5,0,1,1,3,8,3,9550.87826095
20203,1123001765,5,3,2,0,2,0,0,2,1,0,1,0,0,1,1,0,1,0,0,1,0,3834.09074247
20203,1123001766,167,54,113,0,8,20,64,70,5,0,6,10,20,14,4,0,2,10,44,56,1,9297.4510458
20203,1123001772,19,15,4,0,3,3,1,7,5,0,3,3,0,5,4,0,0,0,1,2,1,6309.01429743
20203,1123001774,26,9,17,0,3,9,7,4,3,0,1,3,2,0,3,0,2,6,5,4,0,1681.53295582
20203,1123001775,7,6,1,0,0,1,4,0,2,0,0,1,3,0,2,0,0,0,1,0,0,6648.50062046
20203,1123001776,15,9,6,0,3,1,4,2,5,0,3,1,1,2,2,0,0,0,3,0,3,6692.04152494
20203,1123001777,77,42,35,0,5,16,22,22,12,0,4,7,11,10,10,0,1,9,11,12,2,13677.9660346
20203,1123001779,6,3,3,0,0,1,2,2,1,0,0,1,0,1,1,0,0,0,2,1,0,2915.40789666
20203,1123001780,50,37,13,0,3,9,17,15,6,0,1,6,13,13,4,0,2,3,4,2,2,7472.38544568
20203,1123001782,35,24,11,0,3,3,4,17,8,0,1,1,3,13,6,0,2,2,1,4,2,7896.5910533
20203,1123001784,29,20,9,0,0,4,9,12,4,0,0,4,5,8,3,0,0,0,4,4,1,28284.9379399
20203,1123001785,21,15,6,0,3,1,4,8,5,0,2,1,3,4,5,0,1,0,1,4,0,8923.63552952
20203,1123001786,14,8,6,0,3,5,3,3,0,0,1,3,2,2,0,0,2,2,1,1,0,4933.04247039
20203,1123001788,3,1,2,0,0,0,0,1,2,0,0,0,0,0,1,0,0,0,0,1,1,3354.96691417
20203,1123001790,222,216,6,0,0,2,24,88,108,0,0,1,22,87,106,0,0,1,2,1,2,6949.65081213
20203,1123001791,4,2,2,0,0,0,3,1,0,0,0,0,2,0,0,0,0,0,1,1,0,2909.24675782
20203,1123001793,12,0,12,0,0,4,5,1,2,0,0,0,0,0,0,0,0,4,5,1,2,1359.01102341
20203,1123001794,35,9,26,0,1,1,2,7,24,0,0,0,1,1,7,0,1,1,1,6,17,8827.21551829
20203,1123001795,13,10,3,0,0,0,3,5,5,0,0,0,3,4,3,0,0,0,0,1,2,11121.5233736
20203,1123001796,13,9,4,0,2,4,2,2,3,0,1,3,2,1,2,0,1,1,0,1,1,1051.54566169
20203,1123001797,14,6,8,0,0,5,7,2,0,0,0,2,3,1,0,0,0,3,4,1,0,4748.95147149
20203,1123001799,113,56,57,0,24,49,19,10,11,0,9,29,6,5,7,0,15,20,13,5,4,6519.11709223
20203,1123001800,25,8,17,0,1,6,6,10,2,0,1,2,3,2,0,0,0,4,3,8,2,5864.04942963
20203,1123001802,43,33,10,0,4,9,7,11,12,0,2,5,6,8,12,0,2,4,1,3,0,4983.96641971
20203,1123001803,90,85,5,0,0,4,12,28,46,0,0,3,10,28,44,0,0,1,2,0,2,4187.58088906
20203,1123001804,7,5,2,0,1,2,3,1,0,0,1,2,2,0,0,0,0,0,1,1,0,6604.14337509
20203,1123001805,8,2,6,0,1,3,4,0,0,0,0,0,2,0,0,0,1,3,2,0,0,14862.3520205
20203,1123001808,3,2,1,0,0,0,1,1,1,0,0,0,0,1,1,0,0,0,1,0,0,2977.21670631
20203,1123001810,5,3,2,0,1,0,1,3,0,0,1,0,1,1,0,0,0,0,0,2,0,4445.49689001
20203,1123001812,184,120,64,1,29,55,40,40,19,0,13,44,28,19,16,1,16,11,12,21,3,5745.42206838
20203,1123001814,9,6,3,0,0,1,5,3,0,0,0,1,3,2,0,0,0,0,2,1,0,2557.57993975
20203,1123001816,1,0,1,0,0,1,0,0,0,0,0,0,0,0,0,0,0,1,0,0,0,9384.3475861
20203,1123001819,21,18,3,0,3,8,5,3,2,0,2,6,5,3,2,0,1,2,0,0,0,1904.36639678
20203,1123001822,9,6,3,0,0,1,3,4,1,0,0,1,2,3,0,0,0,0,1,1,1,5127.23001287
20203,1123001824,3,3,0,0,1,0,0,2,0,0,1,0,0,2,0,0,0,0,0,0,0,3710.02490604
20203,1123001827,2,2,0,0,0,0,0,1,1,0,0,0,0,1,1,0,0,0,0,0,0,2452.77132621
20203,1123001829,10,3,7,0,2,3,3,2,0,0,0,1,1,1,0,0,2,2,2,1,0,2538.48517068
20203,1123001831,140,51,89,1,18,35,45,34,7,1,6,23,14,5,2,0,12,12,31,29,5,13598.1602686
20203,1123001847,23,18,5,1,4,3,6,6,3,0,4,3,3,5,3,1,0,0,3,1,0,5390.73527039
20203,1123001849,35,26,9,0,3,6,9,12,5,0,3,5,6,8,4,0,0,1,3,4,1,15884.2258296
20203,1123001853,41,34,7,0,2,2,7,15,15,0,0,2,6,11,15,0,2,0,1,4,0,3521.82595606
20203,1123001857,121,94,27,0,25,27,35,22,12,0,22,20,25,17,10,0,3,7,10,5,2,6295.81292237
20203,1123001859,8,8,0,0,1,1,5,1,0,0,1,1,5,1,0,0,0,0,0,0,0,1491.61008874
20203,1123001864,47,27,20,0,8,15,6,9,9,0,5,8,5,3,6,0,3,7,1,6,3,19668.2728815
20203,1123001869,4,3,1,0,0,2,1,0,1,0,0,1,1,0,1,0,0,1,0,0,0,5910.88547042
20203,1123001876,21,7,14,0,2,1,7,6,5,0,1,0,1,2,3,0,1,1,6,4,2,12264.955188
20203,1123001878,3,2,1,0,0,0,2,1,0,0,0,0,1,1,0,0,0,0,1,0,0,4265.14826027
20203,1123001885,39,16,23,0,6,12,6,9,6,0,3,5,1,6,1,0,3,7,5,3,5,3511.67954615
20203,1123001894,6,4,2,0,0,0,2,4,0,0,0,0,2,2,0,0,0,0,0,2,0,10382.5596797
20203,1123001898,13,3,10,0,2,3,4,1,3,0,0,0,2,0,1,0,2,3,2,1,2,10202.9924044
20203,1123001904,7,5,2,0,0,2,1,2,2,0,0,2,1,1,1,0,0,0,0,1,1,5919.14861411
20203,1123001907,3,2,1,0,1,0,1,1,0,0,0,0,1,1,0,0,1,0,0,0,0,2825.53634447
20203,1123001908,18,15,3,0,0,1,7,6,4,0,0,0,5,6,4,0,0,1,2,0,0,1786.3873178
20203,1123001909,4,3,1,0,0,0,0,2,2,0,0,0,0,1,2,0,0,0,0,1,0,1326.48799967
20203,1123001918,47,32,15,0,8,20,13,6,0,0,6,12,9,5,0,0,2,8,4,1,0,3609.02175634
20203,1123001924,2,2,0,0,0,0,0,1,1,0,0,0,0,1,1,0,0,0,0,0,0,2746.53735723
20203,1123001930,19,15,4,0,0,3,12,2,2,0,0,2,11,1,1,0,0,1,1,1,1,1972.12600563
20203,1123001935,7,3,4,0,1,0,2,3,1,0,0,0,1,1,1,0,1,0,1,2,0,16835.9273328
20203,1123001939,2,1,1,0,0,1,1,0,0,0,0,1,0,0,0,0,0,0,1,0,0,2390.50075085
20203,1123001940,85,19,66,0,5,5,11,23,41,0,5,1,9,3,1,0,0,4,2,20,40,1322.5410897
20203,1123001941,10,7,3,0,3,5,1,1,0,0,2,3,1,1,0,0,1,2,0,0,0,1211.01319982
20203,1123001944,7,1,6,0,0,1,2,4,0,0,0,0,0,1,0,0,0,1,2,3,0,4627.34944165
20203,1123001947,8,7,1,0,0,1,4,2,1,0,0,1,4,1,1,0,0,0,0,1,0,2646.56892023
20203,1123001957,3,0,3,0,1,0,1,0,1,0,0,0,0,0,0,0,1,0,1,0,1,2612.62853264
20203,1123001958,3,0,3,0,0,0,0,2,1,0,0,0,0,0,0,0,0,0,0,2,1,5223.47490317
20203,1123001965,5,3,2,0,1,0,1,2,1,0,0,0,1,1,1,0,1,0,0,1,0,2944.25809345
20203,1123001966,11,5,6,0,2,4,2,1,2,0,1,2,0,1,1,0,1,2,2,0,1,2149.47353253
20203,1123001973,14,0,14,0,1,3,3,4,3,0,0,0,0,0,0,0,1,3,3,4,3,4827.13451998
20203,1123001984,32,17,15,0,15,4,7,3,3,0,6,3,4,1,3,0,9,1,3,2,0,6624.73440979
20203,1123001986,10,4,6,0,1,0,5,0,4,0,1,0,0,0,3,0,0,0,5,0,1,2525.93626494
20203,1123001987,2,2,0,0,0,1,0,0,1,0,0,1,0,0,1,0,0,0,0,0,0,3663.45874161
20203,1123001990,9,3,6,0,0,2,2,2,3,0,0,2,1,0,0,0,0,0,1,2,3,4991.96970388
20203,1123001991,4,3,1,0,0,0,2,2,0,0,0,0,2,1,0,0,0,0,0,1,0,2957.58181393
20203,1123001992,440,323,117,1,52,73,136,142,36,0,34,47,100,115,27,1,18,26,36,27,9,2659.19958978
20203,1123001993,4,3,1,0,1,1,1,0,1,0,1,1,1,0,0,0,0,0,0,0,1,732.657724252
20203,1123001994,31,11,20,0,6,7,3,10,5,0,0,3,0,3,5,0,6,4,3,7,0,9181.08458714
20203,1123001999,4,2,2,0,0,1,0,3,0,0,0,0,0,2,0,0,0,1,0,1,0,5188.80815538
20203,1123002000,2,1,1,0,0,0,0,2,0,0,0,0,0,1,0,0,0,0,0,1,0,2839.57107339
20203,1123002004,2,0,2,0,0,0,0,1,1,0,0,0,0,0,0,0,0,0,0,1,1,3090.53973316
20203,1123002006,3,2,1,0,0,1,1,1,0,0,0,1,1,0,0,0,0,0,0,1,0,5106.74938669
20203,1123002009,2,0,2,0,0,0,1,1,0,0,0,0,0,0,0,0,0,0,1,1,0,3389.01848664
20203,1123002011,11,8,3,0,3,0,2,1,5,0,2,0,1,1,4,0,1,0,1,0,1,5210.0495317
20203,1123002014,8,6,2,0,0,1,6,0,1,0,0,1,4,0,1,0,0,0,2,0,0,4830.5152482
20203,1123002018,140,91,49,0,8,18,22,41,51,0,7,18,19,22,25,0,1,0,3,19,26,970.851822096
20203,1123002019,3,3,0,0,1,0,1,1,0,0,1,0,1,1,0,0,0,0,0,0,0,1411.74946427
20203,1123002021,4,2,2,0,0,1,1,2,0,0,0,0,0,2,0,0,0,1,1,0,0,3880.10666176
20203,1123002023,4,2,2,0,0,0,0,3,1,0,0,0,0,2,0,0,0,0,0,1,1,2546.96203805
20203,1123002027,5,5,0,0,1,2,2,0,0,0,1,2,2,0,0,0,0,0,0,0,0,1900.110492
20203,1123002036,2,2,0,0,0,0,1,1,0,0,0,0,1,1,0,0,0,0,0,0,0,3863.14836129
20203,1123002037,12,3,9,0,0,4,5,1,2,0,0,2,0,1,0,0,0,2,5,0,2,2698.79656527
20203,1123002043,18,15,3,0,2,2,5,5,4,0,2,2,3,4,4,0,0,0,2,1,0,2092.60410656
20203,1123002048,4,0,4,0,0,0,2,2,0,0,0,0,0,0,0,0,0,0,2,2,0,3539.71342265
20203,1123002056,3,1,2,0,1,0,1,0,1,0,0,0,0,0,1,0,1,0,1,0,0,5004.34740564
20203,1123002061,6,5,1,0,0,1,2,2,1,0,0,0,2,2,1,0,0,1,0,0,0,2221.79576457
20203,1123002064,29,9,20,0,3,9,7,8,2,0,1,3,1,2,2,0,2,6,6,6,0,1401.43957703
20203,1123002066,2,0,2,0,0,0,1,0,1,0,0,0,0,0,0,0,0,0,1,0,1,3561.66451619
20203,1123002070,9,6,3,0,2,1,2,2,2,0,2,1,1,1,1,0,0,0,1,1,1,3039.62631581
20203,1123002072,14,10,4,0,0,5,2,3,4,0,0,3,1,2,4,0,0,2,1,1,0,2242.76260131
20203,1123002074,4,1,3,0,0,0,0,3,1,0,0,0,0,1,0,0,0,0,0,2,1,2312.74095862
20203,1123002076,6,4,2,0,2,3,1,0,0,0,0,3,1,0,0,0,2,0,0,0,0,2454.79125138
20203,1123002078,8,3,5,0,1,0,4,1,2,0,0,0,2,0,1,0,1,0,2,1,1,13384.042897
20203,1123002082,2,1,1,0,0,1,0,0,1,0,0,1,0,0,0,0,0,0,0,0,1,1643.38839658
20203,1123002091,27,14,13,0,1,4,10,6,6,0,0,2,7,1,4,0,1,2,3,5,2,189650.855414
20203,1123002092,18,12,6,0,1,3,5,6,3,0,1,2,3,5,1,0,0,1,2,1,2,2870.71374496
20203,1123002095,14,4,10,0,3,2,4,3,2,0,1,0,0,1,2,0,2,2,4,2,0,26205.3453911
20203,1123002099,2,1,1,0,0,0,0,1,1,0,0,0,0,0,1,0,0,0,0,1,0,2225.95049321
20203,1123002102,1,0,1,0,0,1,0,0,0,0,0,0,0,0,0,0,0,1,0,0,0,1058.83492936
20203,1123002106,2,1,1,0,0,0,2,0,0,0,0,0,1,0,0,0,0,0,1,0,0,1729.18324543
20203,1123002110,8,7,1,0,0,3,1,4,0,0,0,3,1,3,0,0,0,0,0,1,0,4444.17989109
20203,1123002112,10,7,3,0,0,1,2,6,1,0,0,0,2,4,1,0,0,1,0,2,0,15684.4861607
20203,1123002117,28,14,14,0,1,5,11,10,1,0,0,3,4,6,1,0,1,2,7,4,0,5186.12357986
20203,1123002121,14,4,10,0,2,7,3,2,0,0,0,2,0,2,0,0,2,5,3,0,0,2346.17358884
20203,1123002126,664,359,305,1,62,131,186,167,117,0,26,74,88,93,78,1,36,57,98,74,39,4292.3381603
20203,1123002137,6,3,3,0,0,0,3,1,2,0,0,0,2,0,1,0,0,0,1,1,1,7388.25522622
20203,1123002138,146,95,51,0,27,42,40,24,13,0,10,26,28,20,11,0,17,16,12,4,2,10821.3304508
20203,1123002140,599,420,179,0,51,130,176,140,102,0,34,88,128,97,73,0,17,42,48,43,29,1806.47154327
20203,1123002143,3,3,0,0,0,1,0,1,1,0,0,1,0,1,1,0,0,0,0,0,0,2788.7430648
20203,1123002147,13,10,3,0,4,0,5,3,1,0,3,0,4,2,1,0,1,0,1,1,0,2812.86100703
20203,1123002149,131,77,54,0,24,35,20,29,23,0,16,26,15,9,11,0,8,9,5,20,12,1077.17964895
20203,1123002154,23,17,6,0,6,10,3,3,1,0,4,9,3,1,0,0,2,1,0,2,1,1062.3166324
20203,1123002155,5,4,1,0,0,1,1,2,1,0,0,1,1,1,1,0,0,0,0,1,0,2775.26012818
20203,1123002156,49,8,41,0,0,9,14,17,9,0,0,3,1,0,4,0,0,6,13,17,5,5600.48497582
20203,1123002158,7,4,3,0,0,0,4,3,0,0,0,0,3,1,0,0,0,0,1,2,0,3268.57726876
20203,1123002159,10,3,7,0,1,1,2,2,4,0,0,0,1,1,1,0,1,1,1,1,3,8732.50187672
20203,1123002160,169,34,135,0,6,9,33,72,49,0,3,3,9,7,12,0,3,6,24,65,37,5820.05613738
20203,1123002162,18,5,13,0,1,2,5,5,5,0,0,0,1,2,2,0,1,2,4,3,3,4503.00374877
20203,1123002166,4,3,1,0,0,0,0,0,4,0,0,0,0,0,3,0,0,0,0,0,1,4374.58570695
20203,1123002171,3,0,3,0,0,1,2,0,0,0,0,0,0,0,0,0,0,1,2,0,0,4935.77759267
20203,1123002173,70,33,37,0,8,17,10,19,16,0,1,5,4,10,13,0,7,12,6,9,3,4747.74478704
20203,1123002174,26,3,23,0,4,7,7,7,1,0,1,2,0,0,0,0,3,5,7,7,1,2632.94803202
20203,1123002175,11,10,1,0,3,2,6,0,0,0,3,2,5,0,0,0,0,0,1,0,0,4021.82257158
20203,1123002178,2,1,1,0,0,0,2,0,0,0,0,0,1,0,0,0,0,0,1,0,0,2490.52703263
20203,1123002179,9,6,3,0,1,1,1,5,1,0,1,0,1,3,1,0,0,1,0,2,0,4191.7694339
20203,1123002180,19,7,12,0,0,6,9,3,1,0,0,2,4,0,1,0,0,4,5,3,0,5056.23016698
20203,1123002183,88,11,77,0,7,28,28,21,4,0,2,2,3,2,2,0,5,26,25,19,2,16977.1701846
20203,1123002186,2,1,1,0,0,0,0,2,0,0,0,0,0,1,0,0,0,0,0,1,0,637.874780302
20203,1123002190,150,55,95,1,26,38,48,33,4,1,10,12,16,14,2,0,16,26,32,19,2,6912.98431199
20203,1123002191,2,1,1,0,0,0,0,1,1,0,0,0,0,0,1,0,0,0,0,1,0,4523.1297816
20203,1123002198,9,4,5,0,0,0,5,2,2,0,0,0,1,1,2,0,0,0,4,1,0,3443.34547656
20203,1123002199,2,0,2,0,1,0,1,0,0,0,0,0,0,0,0,0,1,0,1,0,0,2459.30964445
20203,1123002201,3,2,1,0,0,0,1,2,0,0,0,0,1,1,0,0,0,0,0,1,0,2464.20029723
20203,1123002204,24,10,14,0,2,6,4,6,6,0,0,4,2,0,4,0,2,2,2,6,2,1491.48814953
20203,1123002207,66,11,55,0,8,8,21,25,4,0,2,0,3,4,2,0,6,8,18,21,2,20535.5716621
20203,1123002209,23,6,17,0,3,2,6,8,4,0,1,2,1,0,2,0,2,0,5,8,2,13140.2743558
20203,1123002210,2,2,0,0,0,0,1,0,1,0,0,0,1,0,1,0,0,0,0,0,0,3223.23791026
20203,1123002215,5,2,3,0,0,1,3,1,0,0,0,0,2,0,0,0,0,1,1,1,0,3490.69604892
20203,1123002218,2,2,0,0,0,0,0,0,2,0,0,0,0,0,2,0,0,0,0,0,0,6562.4026054
20203,1123002220,54,21,33,0,15,17,11,5,6,0,1,3,8,4,5,0,14,14,3,1,1,16768.3859252
20203,1123002222,132,83,49,0,22,16,24,48,22,0,14,8,15,30,16,0,8,8,9,18,6,5179.10626493
20203,1123002224,1,1,0,0,0,0,0,1,0,0,0,0,0,1,0,0,0,0,0,0,0,5155.47349608
20203,1123002227,55,31,24,0,0,3,21,25,6,0,0,1,9,17,4,0,0,2,12,8,2,4133.41379771
20203,1123002229,29,6,23,0,0,6,10,11,2,0,0,1,2,1,2,0,0,5,8,10,0,25744.5218007
20203,1123002232,56,13,43,0,7,19,15,14,1,0,1,5,3,3,1,0,6,14,12,11,0,20769.5395934
20203,1123002235,349,138,211,2,87,67,59,92,42,0,20,40,37,19,22,2,67,27,22,73,20,4026.98877548
20203,1123002239,13,8,5,0,0,1,4,3,5,0,0,0,2,3,3,0,0,1,2,0,2,2505.9275616
20203,1123002241,917,558,359,0,89,219,256,253,100,0,40,72,162,195,89,0,49,147,94,58,11,264120.405593
20203,1123002242,12,8,4,0,0,6,3,3,0,0,0,4,2,2,0,0,0,2,1,1,0,3622.2253219
20203,1123002243,27,20,7,0,2,3,5,7,10,0,2,2,5,5,6,0,0,1,0,2,4,6707.2140141
20203,1123002244,33,18,15,0,5,8,8,9,3,0,0,3,4,9,2,0,5,5,4,0,1,5366.84284805
20203,1123002246,14,13,1,0,0,0,2,6,6,0,0,0,2,6,5,0,0,0,0,0,1,3571.80590865
20203,1123002247,68,27,41,0,13,24,14,9,8,0,2,9,6,5,5,0,11,15,8,4,3,3412.74802572
20203,1123002248,220,83,137,0,10,12,52,97,49,0,6,5,21,34,17,0,4,7,31,63,32,4472.11898723
20203,1123002249,46,24,22,0,2,6,10,5,23,0,1,2,5,2,14,0,1,4,5,3,9,6566.48065377
20203,1123002250,45,28,17,0,4,1,9,13,18,0,2,0,4,11,11,0,2,1,5,2,7,3517.35178291
20203,1123002251,40,21,19,0,9,4,6,8,13,0,1,2,5,6,7,0,8,2,1,2,6,7174.54945447
20203,1123002253,38,30,8,0,3,8,12,7,8,0,2,6,9,7,6,0,1,2,3,0,2,4171.19225771
20203,1123002254,12,7,5,0,0,3,2,2,5,0,0,1,2,1,3,0,0,2,0,1,2,7304.62080241
20203,1123002257,583,464,119,0,23,75,116,111,258,0,17,64,107,92,184,0,6,11,9,19,74,4505.1525303
20203,1123002262,42,15,27,0,7,12,13,5,5,0,0,3,8,1,3,0,7,9,5,4,2,6922.57938222
20203,1123002263,23,12,11,0,0,3,6,2,12,0,0,0,3,2,7,0,0,3,3,0,5,6290.75318039
20203,1123002265,3,2,1,0,0,0,1,0,2,0,0,0,0,0,2,0,0,0,1,0,0,1874.69934541
20203,1123002266,3,2,1,0,0,0,0,2,1,0,0,0,0,2,0,0,0,0,0,0,1,1316.81873043
20203,1123002267,12,6,6,0,3,2,0,3,4,0,0,0,0,3,3,0,3,2,0,0,1,11343.4469245
20203,1123002270,5,4,1,0,0,0,2,2,1,0,0,0,2,1,1,0,0,0,0,1,0,680.022418855
20203,1123002272,5,3,2,0,0,0,1,2,2,0,0,0,1,0,2,0,0,0,0,2,0,2539.19443165
20203,1123002274,144,83,61,1,27,44,27,26,19,0,4,23,21,21,14,1,23,21,6,5,5,6450.61661385
20203,1123002276,22,11,11,0,1,6,7,3,5,0,0,3,5,1,2,0,1,3,2,2,3,6759.87866561
20203,1123002279,6,3,3,0,0,0,2,2,2,0,0,0,0,1,2,0,0,0,2,1,0,7141.81428832
20203,1123002281,7,6,1,0,1,2,1,3,0,0,1,1,1,3,0,0,0,1,0,0,0,1074.11712513
20203,1123002282,1,1,0,0,1,0,0,0,0,0,1,0,0,0,0,0,0,0,0,0,0,1740.97410592
20203,1123002283,4,3,1,0,0,1,1,2,0,0,0,1,1,1,0,0,0,0,0,1,0,1532.81553405
20203,1123002286,2,2,0,0,0,0,0,1,1,0,0,0,0,1,1,0,0,0,0,0,0,923.55901947
20203,1123002288,3,2,1,0,0,2,0,0,1,0,0,1,0,0,1,0,0,1,0,0,0,2666.28772958
20203,1123002290,8,5,3,0,0,0,1,5,2,0,0,0,0,3,2,0,0,0,1,2,0,5663.67935415
20203,1123002291,53,27,26,2,6,12,13,15,5,0,3,12,6,4,2,2,3,0,7,11,3,1857.36362904
20203,1123002292,6,6,0,0,0,1,2,0,3,0,0,1,2,0,3,0,0,0,0,0,0,5095.5741118
20203,1123002298,13,9,4,0,3,9,1,0,0,0,3,5,1,0,0,0,0,4,0,0,0,1788.32139912
20203,1123002300,24,13,11,0,0,4,4,7,9,0,0,2,2,3,6,0,0,2,2,4,3,5551.81187853
20203,1123002301,4,4,0,0,0,0,0,2,2,0,0,0,0,2,2,0,0,0,0,0,0,5556.88182803
20203,1123002303,3,1,2,0,0,1,0,1,1,0,0,0,0,0,1,0,0,1,0,1,0,1968.87547387
20203,1123002304,209,92,117,0,42,68,44,25,30,0,3,19,25,16,29,0,39,49,19,9,1,4136.59020888
20203,1123002311,7,6,1,0,0,0,1,4,2,0,0,0,1,3,2,0,0,0,0,1,0,2692.41951674
20203,1123002312,11,8,3,0,2,0,2,4,3,0,2,0,0,4,2,0,0,0,2,0,1,4527.89056143
20203,1123002313,3,2,1,0,0,0,0,1,2,0,0,0,0,1,1,0,0,0,0,0,1,6984.39564968
20203,1123002314,2,1,1,0,0,0,0,1,1,0,0,0,0,1,0,0,0,0,0,0,1,3617.12360981
20203,1123002315,30,3,27,0,0,3,2,19,6,0,0,1,0,1,1,0,0,2,2,18,5,3189.24692818
20203,1123002316,2,2,0,0,0,0,2,0,0,0,0,0,2,0,0,0,0,0,0,0,0,1090.98235375
20203,1123002321,6,1,5,0,1,1,1,2,1,0,0,0,0,0,1,0,1,1,1,2,0,3434.18195563
20203,1123002326,31,23,8,0,3,10,8,6,4,0,1,6,7,5,4,0,2,4,1,1,0,9551.84924255
20203,1123002327,4,2,2,0,0,0,0,1,3,0,0,0,0,1,1,0,0,0,0,0,2,3611.62367222
20203,1123002328,579,384,195,1,156,277,142,2,1,0,64,193,124,2,1,1,92,84,18,0,0,8105.10463962
20203,1123002330,7,6,1,0,0,1,3,1,2,0,0,1,3,1,1,0,0,0,0,0,1,4794.39141547
20203,1123002332,19,12,7,0,2,4,2,5,6,0,2,2,1,3,4,0,0,2,1,2,2,5008.30370071
20203,1123002333,2,1,1,0,1,0,0,1,0,0,1,0,0,0,0,0,0,0,0,1,0,1544.57627638
20203,1123002334,28,11,17,0,2,2,3,14,7,0,2,1,0,3,5,0,0,1,3,11,2,3360.12192372
20203,1123002335,3,2,1,0,0,0,1,1,1,0,0,0,0,1,1,0,0,0,1,0,0,2991.9522189
20203,1123002340,582,300,282,3,179,249,105,45,1,1,82,132,49,35,1,2,97,117,56,10,0,4844.07531438
20203,1123002341,55,14,41,0,8,15,17,11,4,0,3,3,3,1,4,0,5,12,14,10,0,16193.3263142
20203,1123002343,2,1,1,0,0,1,1,0,0,0,0,0,1,0,0,0,0,1,0,0,0,1511.35400755
20203,1123002345,104,75,29,0,13,31,37,11,12,0,7,26,29,8,5,0,6,5,8,3,7,3137.59640447
20203,1123002348,2,2,0,0,0,0,0,1,1,0,0,0,0,1,1,0,0,0,0,0,0,2043.68568529
20203,1123002351,52,17,35,0,1,0,14,30,7,0,0,0,6,6,5,0,1,0,8,24,2,2120.67131279
20203,1123002352,3,2,1,0,0,1,2,0,0,0,0,1,1,0,0,0,0,0,1,0,0,1209.85285074
20203,1123002353,9,6,3,0,0,0,0,5,4,0,0,0,0,3,3,0,0,0,0,2,1,4499.28234407
20203,1123002354,2,0,2,0,0,0,0,2,0,0,0,0,0,0,0,0,0,0,0,2,0,1737.93589134
20203,1123002358,18,11,7,0,1,3,6,6,2,0,1,1,4,3,2,0,0,2,2,3,0,2912.30757317
20203,1123002359,49,5,44,0,12,11,11,14,1,0,1,2,1,1,0,0,11,9,10,13,1,17341.5030527
20203,1123002360,120,70,50,0,15,27,24,39,15,0,11,20,18,16,5,0,4,7,6,23,10,4894.46703079
20203,1123002361,4,4,0,0,0,0,0,2,2,0,0,0,0,2,2,0,0,0,0,0,0,1614.26543567
20203,1123002362,13,8,5,0,4,1,4,3,1,0,2,1,2,2,1,0,2,0,2,1,0,4788.69494573
20203,1123002363,3,1,2,0,0,0,0,2,1,0,0,0,0,1,0,0,0,0,0,1,1,1850.30512168
20203,1123002365,25,19,6,0,6,3,9,5,2,0,4,3,7,3,2,0,2,0,2,2,0,4822.82214585
20203,1123002367,12,5,7,0,1,0,6,4,1,0,0,0,4,1,0,0,1,0,2,3,1,5047.00025452
20203,1123002368,2,2,0,0,0,0,1,1,0,0,0,0,1,1,0,0,0,0,0,0,0,3987.13698327
20203,1123002369,2,2,0,0,0,2,0,0,0,0,0,2,0,0,0,0,0,0,0,0,0,1163.20300487
20203,1123002372,4,4,0,0,0,1,1,1,1,0,0,1,1,1,1,0,0,0,0,0,0,1012.48171616
20203,1123002374,13,7,6,0,0,0,2,7,4,0,0,0,0,4,3,0,0,0,2,3,1,4366.4474611
20203,1123002379,36,31,5,0,2,4,2,9,19,0,0,4,1,8,18,0,2,0,1,1,1,11334.9830522
20203,1123002380,41,27,14,0,5,10,9,12,5,0,2,8,4,9,4,0,3,2,5,3,1,6193.59377387
20203,1123002382,29,15,14,0,1,8,10,6,4,0,0,5,6,3,1,0,1,3,4,3,3,4402.09264046
20203,1123002385,6,3,3,0,0,3,1,2,0,0,0,1,1,1,0,0,0,2,0,1,0,3269.75525522
20203,1123002386,3,3,0,0,0,1,0,2,0,0,0,1,0,2,0,0,0,0,0,0,0,1483.74198814
20203,1123002387,41,22,19,0,5,10,14,7,5,0,3,4,6,5,4,0,2,6,8,2,1,9483.39448294
20203,1123002388,9,6,3,0,0,0,2,4,3,0,0,0,1,3,2,0,0,0,1,1,1,3319.92875618
20203,1123002390,26,18,8,0,4,6,7,6,3,0,3,4,4,5,2,0,1,2,3,1,1,2716.47116399
20203,1123002392,8,7,1,0,0,0,2,4,2,0,0,0,2,3,2,0,0,0,0,1,0,6124.54651913
20203,1123002393,3,3,0,0,0,0,0,2,1,0,0,0,0,2,1,0,0,0,0,0,0,5701.47397597
20203,1123002394,4,3,1,0,0,0,1,3,0,0,0,0,1,2,0,0,0,0,0,1,0,2626.38319737
20203,1123002395,2,2,0,0,0,0,2,0,0,0,0,0,2,0,0,0,0,0,0,0,0,4594.25587329
20203,1123002401,2,1,1,0,0,0,0,1,1,0,0,0,0,0,1,0,0,0,0,1,0,1058.91228679
20203,1123002403,2,2,0,0,0,1,0,0,1,0,0,1,0,0,1,0,0,0,0,0,0,1549.284005
20203,1123002404,6,5,1,0,0,0,1,5,0,0,0,0,1,4,0,0,0,0,0,1,0,3479.13120395
20203,1123002405,2,2,0,1,0,0,0,1,0,1,0,0,0,1,0,0,0,0,0,0,0,2106.21908255
20203,1123002406,5,2,3,0,2,0,2,0,1,0,1,0,0,0,1,0,1,0,2,0,0,4386.64720564
20203,1123002407,17,12,5,0,3,3,7,4,0,0,2,2,6,2,0,0,1,1,1,2,0,2975.2159031
20203,1123002409,6,3,3,0,0,0,2,0,4,0,0,0,1,0,2,0,0,0,1,0,2,2822.09873085
20203,1123002410,2,1,1,0,0,0,1,0,1,0,0,0,1,0,0,0,0,0,0,0,1,6012.36030651
20203,1123002412,5,2,3,0,0,1,2,2,0,0,0,0,1,1,0,0,0,1,1,1,0,872.237863966
20203,1123002417,218,146,72,0,24,43,56,55,40,0,11,33,37,36,29,0,13,10,19,19,11,4639.88905157
20203,1123002418,5,0,5,0,0,0,1,3,1,0,0,0,0,0,0,0,0,0,1,3,1,1213.57278641
20203,1123002419,21,16,5,0,6,5,3,5,2,0,3,5,3,3,2,0,3,0,0,2,0,2466.30164489
20203,1123002422,29,21,8,0,9,9,1,9,1,0,8,5,1,6,1,0,1,4,0,3,0,5463.57178712
20203,1123002423,2,1,1,0,0,0,0,0,2,0,0,0,0,0,1,0,0,0,0,0,1,3874.95893226
20203,1123002424,15,7,8,0,1,9,3,0,2,0,1,3,2,0,1,0,0,6,1,0,1,1624.32393773
20203,1123002429,2,1,1,0,1,0,0,1,0,0,1,0,0,0,0,0,0,0,0,1,0,3171.77296686
20203,1123002430,7,5,2,0,0,1,2,4,0,0,0,1,1,3,0,0,0,0,1,1,0,1099.48313509
20203,1123002433,5,4,1,0,1,2,2,0,0,0,1,2,1,0,0,0,0,0,1,0,0,5130.40644399
20203,1123002434,24,17,7,0,0,0,12,7,5,0,0,0,9,5,3,0,0,0,3,2,2,5237.79948596
20203,1123002435,8,0,8,0,2,0,3,3,0,0,0,0,0,0,0,0,2,0,3,3,0,1498.45916254
20203,1123002440,4,2,2,0,1,0,1,1,1,0,0,0,1,0,1,0,1,0,0,1,0,1820.12008515
20203,1123002442,35,10,25,0,9,7,7,7,5,0,0,4,4,1,1,0,9,3,3,6,4,7620.53064753
20203,1123002445,32,9,23,0,2,10,5,5,10,0,0,1,5,1,2,0,2,9,0,4,8,3643.97908972
20203,1123002449,12,10,2,0,0,0,4,5,3,0,0,0,4,4,2,0,0,0,0,1,1,1637.41295732
20203,1123002450,93,46,47,1,9,15,26,31,11,0,5,7,8,16,10,1,4,8,18,15,1,8693.4001718
20203,1123002451,2,2,0,0,0,1,0,1,0,0,0,1,0,1,0,0,0,0,0,0,0,25580.1575984
20203,1123002452,17,13,4,0,1,4,1,8,3,0,1,2,1,7,2,0,0,2,0,1,1,2091.21336345
20203,1123002453,17,10,7,0,0,6,6,3,2,0,0,5,3,1,1,0,0,1,3,2,1,2457.9287146
20203,1123002454,38,33,5,0,1,14,12,10,1,0,1,11,10,10,1,0,0,3,2,0,0,2569.66618771
20203,1123002456,5,1,4,0,3,1,0,1,0,0,0,0,0,1,0,0,3,1,0,0,0,3951.77681175
20203,1123002457,48,29,19,0,1,3,7,6,31,0,0,3,2,2,22,0,1,0,5,4,9,5512.94256361
20203,1123002463,12,8,4,0,2,3,4,3,0,0,1,3,1,3,0,0,1,0,3,0,0,1523.82829576
20203,1123002464,7,5,2,0,0,1,4,2,0,0,0,1,3,1,0,0,0,0,1,1,0,5197.6500563
20203,1123002465,2,1,1,0,1,0,0,0,1,0,0,0,0,0,1,0,1,0,0,0,0,705.889362071
20203,1123002472,8,5,3,0,2,3,1,2,0,0,0,3,1,1,0,0,2,0,0,1,0,2905.04995382
20203,1123002475,10,7,3,0,0,1,1,3,5,0,0,1,1,1,4,0,0,0,0,2,1,5663.62654563
20203,1123002476,10,6,4,0,0,0,4,6,0,0,0,0,2,4,0,0,0,0,2,2,0,5499.72654896
20203,1123002478,12,9,3,0,0,1,2,7,2,0,0,0,1,6,2,0,0,1,1,1,0,1990.85372177
20203,1123002481,58,34,24,0,3,7,5,10,33,0,2,6,4,5,17,0,1,1,1,5,16,4628.88604209
20203,1123002485,14,8,6,0,8,0,2,4,0,0,6,0,0,2,0,0,2,0,2,2,0,4853.07922671
20203,1123002487,5,1,4,0,1,1,1,2,0,0,0,0,0,1,0,0,1,1,1,1,0,4611.10094684
20203,1123002489,2,1,1,0,0,0,0,0,2,0,0,0,0,0,1,0,0,0,0,0,1,7850.86244173
20203,1123002491,3,2,1,0,0,0,3,0,0,0,0,0,2,0,0,0,0,0,1,0,0,10097.4603887
20203,1123002494,15,12,3,0,2,4,4,1,4,0,2,4,2,1,3,0,0,0,2,0,1,4066.33760414
20203,1123002495,2,1,1,0,0,2,0,0,0,0,0,1,0,0,0,0,0,1,0,0,0,1145.19459214
20203,1123002498,53,21,32,0,0,2,11,36,4,0,0,1,6,11,3,0,0,1,5,25,1,6402.8538519
20203,1123002501,3,0,3,0,0,2,1,0,0,0,0,0,0,0,0,0,0,2,1,0,0,2280.57526831
20203,1123002502,2,1,1,0,0,0,0,2,0,0,0,0,0,1,0,0,0,0,0,1,0,3705.71252493
20203,1123002503,8,6,2,0,1,3,3,1,0,0,1,2,2,1,0,0,0,1,1,0,0,2292.53695395
20203,1123002509,2,2,0,0,0,0,1,1,0,0,0,0,1,1,0,0,0,0,0,0,0,6278.93086133
20203,1123002510,32,11,21,0,0,6,18,5,3,0,0,3,3,2,3,0,0,3,15,3,0,4955.8233255
20203,1123002513,66,12,54,0,8,19,21,14,4,0,1,2,2,3,4,0,7,17,19,11,0,13354.7864847
20203,1123002514,4,4,0,0,0,0,0,3,1,0,0,0,0,3,1,0,0,0,0,0,0,6745.76887548
20203,1123002515,4,4,0,0,0,1,0,0,3,0,0,1,0,0,3,0,0,0,0,0,0,3045.27256202
20203,1123002519,24,21,3,0,0,5,9,3,7,0,0,5,7,3,6,0,0,0,2,0,1,3643.99151507
20203,1123002520,2,1,1,0,0,0,1,1,0,0,0,0,1,0,0,0,0,0,0,1,0,4076.11845592
20203,1123002531,5,5,0,0,1,2,1,1,0,0,1,2,1,1,0,0,0,0,0,0,0,2836.64684626
20203,1123002536,4,3,1,0,0,0,4,0,0,0,0,0,3,0,0,0,0,0,1,0,0,3622.11421246
20203,1123002550,1,1,0,0,0,0,1,0,0,0,0,0,1,0,0,0,0,0,0,0,0,820.199193503
20203,1123002554,2,2,0,0,0,0,1,1,0,0,0,0,1,1,0,0,0,0,0,0,0,3691.36341801
20203,1123002565,8,6,2,0,0,3,2,1,2,0,0,2,1,1,2,0,0,1,1,0,0,1404.58152604
20203,1123002567,5,5,0,0,0,0,3,1,1,0,0,0,3,1,1,0,0,0,0,0,0,832.129823743
20203,1123002568,452,314,138,1,20,81,163,130,57,1,13,36,115,96,53,0,7,45,48,34,4,1831.48307665
20203,1123002578,6,6,0,0,1,1,0,3,1,0,1,1,0,3,1,0,0,0,0,0,0,4279.2552907
20203,1123002582,2,2,0,0,0,0,1,0,1,0,0,0,1,0,1,0,0,0,0,0,0,2176.99092134
20203,1123002589,2,1,1,0,0,1,1,0,0,0,0,0,1,0,0,0,0,1,0,0,0,1155.38552059
20203,1123002593,5,3,2,0,0,3,0,1,1,0,0,2,0,0,1,0,0,1,0,1,0,8385.24352629
20203,1123002601,49,33,16,0,8,17,22,2,0,0,4,13,15,1,0,0,4,4,7,1,0,1841.85327599
20203,1123002605,34,29,5,0,5,6,7,10,6,0,3,4,6,10,6,0,2,2,1,0,0,13237.1194942
20203,1123002606,4,2,2,0,0,1,1,0,2,0,0,0,1,0,1,0,0,1,0,0,1,4138.75667684
20203,1123002607,91,44,47,0,10,18,31,25,7,0,3,17,10,8,6,0,7,1,21,17,1,3940.03439716
20203,1123002608,5,2,3,0,0,3,0,0,2,0,0,1,0,0,1,0,0,2,0,0,1,7654.08675125
20203,1123002616,60,16,44,0,7,2,10,10,31,0,0,0,2,5,9,0,7,2,8,5,22,9243.73748842
20203,1123002618,11,5,6,0,2,2,1,0,6,0,0,1,0,0,4,0,2,1,1,0,2,6978.0957187
20203,1123002621,17,10,7,0,1,4,5,4,3,0,1,2,3,2,2,0,0,2,2,2,1,3854.78339284
20203,1123002622,207,117,90,3,56,37,45,44,22,2,26,23,30,23,13,1,30,14,15,21,9,2178.13917658
20203,1123002623,14,8,6,0,0,2,1,5,6,0,0,0,0,4,4,0,0,2,1,1,2,5821.58192479
20203,1123002627,4,3,1,0,1,2,1,0,0,0,1,1,1,0,0,0,0,1,0,0,0,3243.50498842
20203,1123002628,120,68,52,0,14,22,18,33,33,0,10,9,8,17,24,0,4,13,10,16,9,14535.9802083
20203,1123002629,80,28,52,0,5,14,17,27,17,0,3,5,8,6,6,0,2,9,9,21,11,3361.02961059
20203,1123002631,21,8,13,0,7,5,2,6,1,0,2,2,0,3,1,0,5,3,2,3,0,9423.44799531
20203,1123002633,237,141,96,0,12,26,41,58,100,0,7,17,19,35,63,0,5,9,22,23,37,10295.3038033
20203,1123002634,3,1,2,0,0,0,0,2,1,0,0,0,0,1,0,0,0,0,0,1,1,4481.7189554
20203,1123002635,14,3,11,0,0,1,5,4,4,0,0,0,2,0,1,0,0,1,3,4,3,2678.94766554
20203,1123002636,5,3,2,0,1,0,2,1,1,0,0,0,1,1,1,0,1,0,1,0,0,1044.62139714
20203,1123002638,8,3,5,0,0,1,2,2,3,0,0,0,1,0,2,0,0,1,1,2,1,3139.23114956
20203,1123002639,37,8,29,0,3,8,8,8,10,0,0,0,0,2,6,0,3,8,8,6,4,5673.18015791
20203,1123002640,216,125,91,0,22,19,29,58,88,0,11,14,13,27,60,0,11,5,16,31,28,7504.99769694
20203,1123002641,4,2,2,0,2,0,0,2,0,0,0,0,0,2,0,0,2,0,0,0,0,1893.06739058
20203,1123002643,15,3,12,0,4,3,1,3,4,0,0,0,0,0,3,0,4,3,1,3,1,5369.47236959
20203,1123002644,6,3,3,0,1,1,0,2,2,0,0,1,0,2,0,0,1,0,0,0,2,1270.4937998
20203,1123002645,10,3,7,0,1,3,2,3,1,0,0,0,0,2,1,0,1,3,2,1,0,5111.00326465
20203,1123002647,11,8,3,0,0,1,6,2,2,0,0,1,5,1,1,0,0,0,1,1,1,1792.53377292
20203,1123002650,54,35,19,0,3,15,6,12,18,0,1,11,3,6,14,0,2,4,3,6,4,3281.86765659
20203,1123002651,353,87,266,0,96,98,86,56,17,0,12,25,19,18,13,0,84,73,67,38,4,6172.00839944
20203,1123002654,3,2,1,0,1,0,2,0,0,0,0,0,2,0,0,0,1,0,0,0,0,3893.0683886
20203,1123002660,26,20,6,1,0,2,16,5,2,1,0,0,13,4,2,0,0,2,3,1,0,4042.42087228
20203,1123002662,8,4,4,0,0,0,3,4,1,0,0,0,2,1,1,0,0,0,1,3,0,1085.16450444
20203,1123002669,2,2,0,0,0,1,0,1,0,0,0,1,0,1,0,0,0,0,0,0,0,934.769917878
20203,1123002674,23,11,12,0,2,2,6,5,8,0,1,1,3,1,5,0,1,1,3,4,3,4746.99512161
20203,1123002677,6,4,2,0,1,2,1,1,1,0,0,2,1,0,1,0,1,0,0,1,0,719.96882156
20203,1123002683,22,18,4,0,0,5,8,9,0,0,0,2,7,9,0,0,0,3,1,0,0,781.21546642
20203,1123002684,3,1,2,0,1,0,0,2,0,0,0,0,0,1,0,0,1,0,0,1,0,1603.46469515
20203,1123002690,4,2,2,0,0,0,2,2,0,0,0,0,1,1,0,0,0,0,1,1,0,2896.75745726
20203,1123002692,10,0,10,0,0,3,3,4,0,0,0,0,0,0,0,0,0,3,3,4,0,1233.39585641
20203,1123002697,4,2,2,0,0,0,0,2,2,0,0,0,0,0,2,0,0,0,0,2,0,1989.42465704
20203,1123002699,10,9,1,0,1,5,2,1,1,0,1,4,2,1,1,0,0,1,0,0,0,926.081338484
20203,1123002701,5,4,1,0,0,0,5,0,0,0,0,0,4,0,0,0,0,0,1,0,0,778.779638929
20203,1123002706,2,0,2,0,0,0,1,1,0,0,0,0,0,0,0,0,0,0,1,1,0,1445.25842996
20203,1123002707,47,42,5,0,0,1,10,5,31,0,0,1,5,5,31,0,0,0,5,0,0,10946.0681679
20203,1123002708,6,2,4,0,0,2,3,0,1,0,0,0,2,0,0,0,0,2,1,0,1,4176.15077947
20203,1123002713,3,1,2,0,0,0,0,3,0,0,0,0,0,1,0,0,0,0,0,2,0,9693.84098584
20203,1123002714,43,27,16,0,8,8,15,5,7,0,5,3,8,4,7,0,3,5,7,1,0,4680.70346453
20203,1123002715,1,1,0,0,0,0,0,1,0,0,0,0,0,1,0,0,0,0,0,0,0,1253.9989814
20203,1123002717,2,2,0,0,0,0,1,1,0,0,0,0,1,1,0,0,0,0,0,0,0,2431.05873191
20203,1123002719,2,2,0,0,0,0,2,0,0,0,0,0,2,0,0,0,0,0,0,0,0,975.571989327
20203,1123002723,55,33,22,0,8,11,21,11,4,0,4,4,14,8,3,0,4,7,7,3,1,6040.37530546
20203,1123002725,2,2,0,0,0,0,1,0,1,0,0,0,1,0,1,0,0,0,0,0,0,3743.19124982
20203,1123002729,4,1,3,0,0,0,0,3,1,0,0,0,0,1,0,0,0,0,0,2,1,2279.12340816
20203,1123002733,16,13,3,0,1,4,5,6,0,0,0,4,4,5,0,0,1,0,1,1,0,5199.83648477
20203,1123002734,1,1,0,0,0,0,1,0,0,0,0,0,1,0,0,0,0,0,0,0,0,1502.51419786
20203,1123002736,6,5,1,0,1,0,3,2,0,0,0,0,3,2,0,0,1,0,0,0,0,2096.69549657
20203,1123002738,19,11,8,0,2,9,5,3,0,0,1,7,1,2,0,0,1,2,4,1,0,5995.60777454
20203,1123002742,6,5,1,0,0,1,1,3,1,0,0,0,1,3,1,0,0,1,0,0,0,5582.61413012
20203,1123002746,6,4,2,0,3,1,1,1,0,0,3,0,0,1,0,0,0,1,1,0,0,574.036106706
20203,1123002749,1,1,0,0,0,0,0,0,1,0,0,0,0,0,1,0,0,0,0,0,0,787.454644106
20203,1123002751,19,7,12,0,8,8,2,1,0,0,2,4,1,0,0,0,6,4,1,1,0,4083.93505586
20203,1123002755,249,59,190,1,30,20,16,43,139,1,6,10,9,5,28,0,24,10,7,38,111,7310.33141785
20203,1123002756,11,4,7,0,1,0,3,6,1,0,0,0,2,2,0,0,1,0,1,4,1,6327.95327245
20203,1123002757,1,1,0,0,0,0,0,1,0,0,0,0,0,1,0,0,0,0,0,0,0,5494.58312936
20203,1123002761,13,8,5,0,3,3,4,1,2,0,3,0,3,0,2,0,0,3,1,1,0,3105.93828489
20203,1123002766,18,3,15,0,5,5,3,3,2,0,0,1,2,0,0,0,5,4,1,3,2,7574.87214461
20203,1123002767,8,8,0,0,1,2,2,3,0,0,1,2,2,3,0,0,0,0,0,0,0,4733.72402152
20203,1123002769,2,2,0,0,0,0,0,0,2,0,0,0,0,0,2,0,0,0,0,0,0,2698.34449133
20203,1123002774,7,5,2,0,0,0,2,3,2,0,0,0,0,3,2,0,0,0,2,0,0,2959.69723667
20203,1123002776,802,598,204,0,138,382,114,113,55,0,87,323,78,80,30,0,51,59,36,33,25,5416.71290985
20203,1123002781,10,1,9,0,0,1,1,6,2,0,0,0,0,1,0,0,0,1,1,5,2,5162.70193978
20203,1123002784,19,8,11,0,1,6,7,4,1,0,1,4,2,1,0,0,0,2,5,3,1,2008.60643332
20203,1123002785,36,12,24,0,7,10,6,13,0,0,2,1,2,7,0,0,5,9,4,6,0,18019.1780333
20203,1123002786,6,2,4,0,1,0,2,3,0,0,0,0,1,1,0,0,1,0,1,2,0,4069.79125929
20203,1123002791,2,2,0,0,0,0,0,0,2,0,0,0,0,0,2,0,0,0,0,0,0,4494.47104337
20203,1123002792,9,4,5,0,1,3,1,4,0,0,0,0,1,3,0,0,1,3,0,1,0,2008.5003708
20203,1123002794,3,2,1,0,0,0,2,1,0,0,0,0,1,1,0,0,0,0,1,0,0,1972.92056067
20203,1123002797,114,27,87,0,21,25,25,23,20,0,9,8,3,3,4,0,12,17,22,20,16,13109.7705542
20203,1123002807,30,12,18,0,1,16,7,5,1,0,1,5,2,3,1,0,0,11,5,2,0,18763.0717535
20203,1123002811,5,4,1,0,1,1,1,2,0,0,1,1,0,2,0,0,0,0,1,0,0,823.418927319
20203,1123002814,14,6,8,0,1,4,2,3,4,0,0,3,0,0,3,0,1,1,2,3,1,6168.85521255
20203,1123002823,13,9,4,0,0,1,11,1,0,0,0,1,8,0,0,0,0,0,3,1,0,1481.26778293
20203,1123002827,5,4,1,0,0,1,1,1,2,0,0,1,1,1,1,0,0,0,0,0,1,1070.50199421
20203,1123002829,15,12,3,0,0,2,3,7,3,0,0,2,3,6,1,0,0,0,0,1,2,4181.02332029
20203,1123002831,3,1,2,0,0,0,1,0,2,0,0,0,1,0,0,0,0,0,0,0,2,5406.19270289
20203,1123002832,36,3,33,0,2,7,17,8,2,0,0,0,2,1,0,0,2,7,15,7,2,16011.9000326
20203,1123002833,2,1,1,0,0,0,1,1,0,0,0,0,0,1,0,0,0,0,1,0,0,4835.77166826
20203,1123002834,386,244,142,0,45,106,101,105,29,0,9,48,76,87,24,0,36,58,25,18,5,145231.340463
20203,1123002839,433,279,154,1,101,179,87,46,19,1,44,116,66,39,13,0,57,63,21,7,6,86929.4344295
20203,1123002840,783,366,417,1,238,302,113,86,43,0,79,128,68,55,36,1,159,174,45,31,7,204928.740361
20203,1123002845,1,0,1,0,0,0,0,1,0,0,0,0,0,0,0,0,0,0,0,1,0,1857.92952282
20203,1123002847,2,1,1,0,0,1,0,1,0,0,0,0,0,1,0,0,0,1,0,0,0,1332.09506987
20203,1123002848,4,0,4,0,0,2,0,2,0,0,0,0,0,0,0,0,0,2,0,2,0,2581.0345929
20203,1123002851,46,40,6,0,0,2,1,9,34,0,0,0,0,6,34,0,0,2,1,3,0,1452.37187066
20203,1123002865,4,1,3,0,2,0,0,2,0,0,0,0,0,1,0,0,2,0,0,1,0,5373.72049496
20203,1123002868,260,121,139,0,37,62,57,70,34,0,9,21,32,33,26,0,28,41,25,37,8,1510.91950751
20203,1123002876,47,26,21,1,5,18,15,6,2,1,3,10,9,3,0,0,2,8,6,3,2,15017.9680694
20203,1123002877,4,0,4,0,0,0,4,0,0,0,0,0,0,0,0,0,0,0,4,0,0,1607.11077524
20203,1123002880,4,4,0,0,0,3,1,0,0,0,0,3,1,0,0,0,0,0,0,0,0,6573.82251752
20203,1123002883,2,1,1,0,0,0,0,2,0,0,0,0,0,1,0,0,0,0,0,1,0,1318.55705442
20203,1123002886,2,1,1,0,0,0,1,1,0,0,0,0,0,1,0,0,0,0,1,0,0,2935.76638306
20203,1123002891,17,7,10,0,3,2,7,5,0,0,0,2,2,3,0,0,3,0,5,2,0,9962.6035372
20203,1123002895,14,7,7,0,0,2,3,4,5,0,0,2,1,1,3,0,0,0,2,3,2,4137.9390375
20203,1123002896,3,0,3,0,1,2,0,0,0,0,0,0,0,0,0,0,1,2,0,0,0,3959.52459558
20203,1123002898,28,6,22,0,6,10,5,5,2,0,2,1,1,1,1,0,4,9,4,4,1,6010.32442575
20203,1123002899,4,4,0,0,2,0,0,1,1,0,2,0,0,1,1,0,0,0,0,0,0,3200.76256493
20203,1123002900,25,18,7,0,0,6,9,7,3,0,0,5,5,6,2,0,0,1,4,1,1,13063.948137
20203,1123002901,13,9,4,0,1,0,1,5,6,0,0,0,0,5,4,0,1,0,1,0,2,3447.72831246
20203,1123002903,2,2,0,0,0,0,1,1,0,0,0,0,1,1,0,0,0,0,0,0,0,4492.04775526
20203,1123002905,10,9,1,0,5,2,0,0,3,0,4,2,0,0,3,0,1,0,0,0,0,5201.55250318
20203,1123002906,2,1,1,0,0,0,0,0,2,0,0,0,0,0,1,0,0,0,0,0,1,1563.78613036
20203,1123002907,5,2,3,0,0,0,2,1,2,0,0,0,1,0,1,0,0,0,1,1,1,4459.29513123
20203,1123002908,5,0,5,0,0,1,2,2,0,0,0,0,0,0,0,0,0,1,2,2,0,1661.85417865
20203,1123002911,6,0,6,0,0,0,4,1,1,0,0,0,0,0,0,0,0,0,4,1,1,3750.41693968
20203,1123002914,6,2,4,0,1,1,1,2,1,0,0,0,1,1,0,0,1,1,0,1,1,4604.29294001
20203,1123002915,13,5,8,0,1,2,4,1,5,0,0,2,2,0,1,0,1,0,2,1,4,4925.59184714
20203,1123002916,4,1,3,0,0,0,2,2,0,0,0,0,0,1,0,0,0,0,2,1,0,4142.42363309
20203,1123002917,4,3,1,0,0,1,0,2,1,0,0,1,0,1,1,0,0,0,0,1,0,603.027519223
20203,1123002918,9,0,9,0,3,3,1,0,2,0,0,0,0,0,0,0,3,3,1,0,2,1004.19322794
20203,1123002919,91,14,77,0,6,25,33,22,5,0,1,4,4,1,4,0,5,21,29,21,1,17689.5856703
20203,1123002920,5,4,1,0,0,0,0,2,3,0,0,0,0,2,2,0,0,0,0,0,1,2780.02974491
20203,1123002923,6,2,4,0,1,0,2,2,1,0,0,0,0,2,0,0,1,0,2,0,1,4296.91466037
20203,1123002924,15,6,9,0,2,8,2,0,3,0,0,4,1,0,1,0,2,4,1,0,2,3736.83245655
20203,1123002925,5,1,4,0,1,1,1,1,1,0,1,0,0,0,0,0,0,1,1,1,1,2422.05723758
20203,1123002926,22,9,13,0,4,6,4,3,5,0,4,1,1,1,2,0,0,5,3,2,3,1926.12998818
20203,1123002928,7,3,4,0,3,2,1,1,0,0,0,1,1,1,0,0,3,1,0,0,0,5427.73148192
20203,1123002929,17,11,6,0,0,6,5,2,4,0,0,4,5,1,1,0,0,2,0,1,3,6990.87268715
20203,1123002931,3,2,1,0,0,1,1,1,0,0,0,0,1,1,0,0,0,1,0,0,0,2471.75163454
20203,1123002937,52,42,10,0,1,9,20,11,11,0,1,7,16,8,10,0,0,2,4,3,1,34094.480476
20203,1123002938,15,6,9,0,8,2,5,0,0,0,1,1,4,0,0,0,7,1,1,0,0,68381.0030704
20203,1123002941,8,7,1,0,0,1,2,2,3,0,0,1,2,2,2,0,0,0,0,0,1,2186.89832288
20203,1123002942,16,9,7,1,1,5,2,3,4,0,0,3,1,2,3,1,1,2,1,1,1,8655.7840371
20203,1123002943,34,17,17,0,5,9,9,5,6,0,3,5,3,3,3,0,2,4,6,2,3,11806.3933984
20203,1123002946,1,1,0,0,1,0,0,0,0,0,1,0,0,0,0,0,0,0,0,0,0,2280.66381413
20203,1123002949,7,6,1,0,0,0,2,5,0,0,0,0,2,4,0,0,0,0,0,1,0,1173.42272159
20203,1123002951,15,9,6,0,1,1,4,3,6,0,1,1,3,0,4,0,0,0,1,3,2,3091.96541572
20203,1123002952,3,2,1,0,0,1,1,0,1,0,0,1,1,0,0,0,0,0,0,0,1,3942.64469453
20203,1123002953,5,3,2,1,1,0,1,1,1,1,0,0,1,1,0,0,1,0,0,0,1,4089.65904967
20203,1123002954,20,9,11,0,6,8,2,1,3,0,1,4,1,0,3,0,5,4,1,1,0,5493.46665185
20203,1123002956,4,4,0,0,0,0,0,1,3,0,0,0,0,1,3,0,0,0,0,0,0,22550.5034436
20203,1123002959,7,6,1,0,0,0,3,2,2,0,0,0,3,1,2,0,0,0,0,1,0,1461.94013885
20203,1123002960,3,1,2,0,0,1,1,1,0,0,0,0,0,1,0,0,0,1,1,0,0,2876.59289452
20203,1123002964,20,17,3,0,0,3,2,6,9,0,0,2,2,4,9,0,0,1,0,2,0,10333.6074492
20203,1123002965,2,1,1,0,0,1,0,0,1,0,0,0,0,0,1,0,0,1,0,0,0,1421.04892608
20203,1123002966,27,15,12,0,6,2,4,6,9,0,2,2,2,2,7,0,4,0,2,4,2,3956.03477432
20203,1123002967,84,54,30,0,14,8,28,25,9,0,8,6,15,17,8,0,6,2,13,8,1,13051.1044731
20203,1123002968,2,1,1,0,0,0,0,1,1,0,0,0,0,0,1,0,0,0,0,1,0,6251.95843482
20203,1123002974,319,252,67,0,20,58,110,115,16,0,10,50,85,96,11,0,10,8,25,19,5,4514.14451559
20203,1123002982,2,2,0,0,0,0,1,0,1,0,0,0,1,0,1,0,0,0,0,0,0,5860.91184551
20203,1123002985,230,126,104,0,26,57,60,49,38,0,11,36,41,30,8,0,15,21,19,19,30,1232.6863747
20203,1123002986,5,4,1,0,0,0,2,1,2,0,0,0,2,0,2,0,0,0,0,1,0,7121.21524291
20203,1123002990,47,33,14,0,7,4,12,14,10,0,5,4,6,9,9,0,2,0,6,5,1,12047.0287981
20203,1123002991,37,23,14,0,3,5,7,8,14,0,2,2,3,4,12,0,1,3,4,4,2,5781.13744145
20203,1123002993,4,4,0,0,0,0,2,0,2,0,0,0,2,0,2,0,0,0,0,0,0,6875.16128071
20203,1123002995,5,1,4,0,2,2,1,0,0,0,0,0,1,0,0,0,2,2,0,0,0,1339.17571596
20203,1123002996,92,27,65,0,10,15,14,5,48,0,3,6,3,2,13,0,7,9,11,3,35,7871.0655319
20203,1123002998,3,0,3,0,2,0,0,1,0,0,0,0,0,0,0,0,2,0,0,1,0,2231.43201635
20203,1123002999,2,2,0,0,0,0,1,1,0,0,0,0,1,1,0,0,0,0,0,0,0,1162.60106867
20203,1123003009,35,17,18,1,3,9,14,7,1,0,2,1,8,5,1,1,1,8,6,2,0,5556.41635339
20203,1123003012,8,5,3,0,1,2,2,2,1,0,0,0,2,2,1,0,1,2,0,0,0,1218.34512365
20203,1123003014,3,2,1,0,0,2,0,0,1,0,0,1,0,0,1,0,0,1,0,0,0,1182.30404241
20203,1123003018,12,11,1,0,0,2,1,5,4,0,0,2,0,5,4,0,0,0,1,0,0,8835.50062464
20203,1123003020,14,8,6,0,3,3,4,3,1,0,3,2,2,1,0,0,0,1,2,2,1,7216.11136233
20203,1123003022,2,1,1,0,0,0,2,0,0,0,0,0,1,0,0,0,0,0,1,0,0,1677.00612323
20203,1123003023,39,7,32,0,5,11,9,9,5,0,1,0,2,2,2,0,4,11,7,7,3,2959.45200321
20203,1123003024,17,2,15,0,0,5,5,4,3,0,0,0,0,0,2,0,0,5,5,4,1,1400.23542553
20203,1123003025,4,3,1,0,0,2,1,1,0,0,0,1,1,1,0,0,0,1,0,0,0,3303.94673515
20203,1123003029,5,4,1,0,0,0,0,5,0,0,0,0,0,4,0,0,0,0,0,1,0,4524.61911672
20203,1123003032,115,63,52,2,22,34,19,28,10,0,2,14,13,25,9,2,20,20,6,3,1,12058.3743236
20203,1123003034,5,1,4,0,0,0,1,4,0,0,0,0,0,1,0,0,0,0,1,3,0,2565.69065106
20203,1123003037,2,1,1,0,0,0,0,1,1,0,0,0,0,1,0,0,0,0,0,0,1,3638.95708217
20203,1123003038,9,4,5,0,0,1,1,3,4,0,0,1,0,2,1,0,0,0,1,1,3,3698.24780991
20203,1123003044,3,3,0,0,0,1,2,0,0,0,0,1,2,0,0,0,0,0,0,0,0,3574.12178366
20203,1123003046,3,2,1,0,0,0,1,1,1,0,0,0,1,0,1,0,0,0,0,1,0,3867.1605798
20203,1123003052,31,7,24,0,3,0,1,7,20,0,1,0,1,2,3,0,2,0,0,5,17,3927.52294582
20203,1123003057,10,6,4,0,1,0,2,3,4,0,1,0,1,1,3,0,0,0,1,2,1,3167.75738429
20203,1123003059,5,4,1,0,0,2,0,1,2,0,0,2,0,0,2,0,0,0,0,1,0,1313.90936941
20203,1123003060,16,12,4,0,1,1,4,8,2,0,0,1,3,6,2,0,1,0,1,2,0,3224.03133839
20203,1123003061,2,2,0,0,0,0,2,0,0,0,0,0,2,0,0,0,0,0,0,0,0,3218.04294109
20203,1123003063,13,6,7,0,5,2,2,1,3,0,1,1,1,1,2,0,4,1,1,0,1,9640.84880546
20203,1123003065,3,2,1,0,0,2,0,0,1,0,0,1,0,0,1,0,0,1,0,0,0,3022.13577466
20203,1123003066,17,3,14,0,0,7,3,6,1,0,0,1,0,2,0,0,0,6,3,4,1,1166.57534
20203,1123003067,18,1,17,0,3,5,3,4,3,0,0,0,0,0,1,0,3,5,3,4,2,1538.43611938
20203,1123003068,7,7,0,0,0,0,2,4,1,0,0,0,2,4,1,0,0,0,0,0,0,4541.00568846
20203,1123003069,3,2,1,0,1,0,0,2,0,0,0,0,0,2,0,0,1,0,0,0,0,1889.17113346
20203,1123003070,16,8,8,0,0,1,2,2,11,0,0,1,1,1,5,0,0,0,1,1,6,11129.0370473
20203,1123003078,2,2,0,0,0,0,1,1,0,0,0,0,1,1,0,0,0,0,0,0,0,1068.36855711
20203,1123003082,105,41,64,0,8,31,37,23,6,0,2,8,12,15,4,0,6,23,25,8,2,2342.93071185
20203,1123003094,186,107,79,0,22,45,48,46,25,0,10,21,23,29,24,0,12,24,25,17,1,5618.47306291
20203,1123003100,18,2,16,0,5,4,6,1,2,0,0,0,0,1,1,0,5,4,6,0,1,7604.23128972
20203,1123003105,39,18,21,0,9,10,9,9,2,0,3,3,5,5,2,0,6,7,4,4,0,3015.93063789
20203,1123003107,678,421,257,5,58,126,204,175,110,3,26,61,117,113,101,2,32,65,87,62,9,4626.95567548
20203,1123003118,4,3,1,0,0,0,2,2,0,0,0,0,2,1,0,0,0,0,0,1,0,4249.76234106
20203,1123003119,50,39,11,0,3,20,18,1,8,0,2,17,11,1,8,0,1,3,7,0,0,12868.6711485
20203,1123003120,25,15,10,0,1,2,7,13,2,0,1,2,6,6,0,0,0,0,1,7,2,11398.4598182
20203,1123003122,10,1,9,0,3,2,1,2,2,0,0,0,0,0,1,0,3,2,1,2,1,3272.18602586
20203,1123003124,185,82,103,0,26,43,43,59,14,0,13,15,9,35,10,0,13,28,34,24,4,19358.6191889
20203,1123003128,9,3,6,0,2,5,0,1,1,0,0,2,0,0,1,0,2,3,0,1,0,12928.1814159
20203,1123003129,22,17,5,0,2,5,8,6,1,0,2,3,7,4,1,0,0,2,1,2,0,4091.84871842
20203,1123003130,4,3,1,0,0,0,1,1,2,0,0,0,1,1,1,0,0,0,0,0,1,1471.64044485
20203,1123003131,4,2,2,0,0,0,1,2,1,0,0,0,0,1,1,0,0,0,1,1,0,3349.4808711
20203,1123003136,2,1,1,0,0,1,1,0,0,0,0,0,1,0,0,0,0,1,0,0,0,884.504306945
20203,1123003137,314,221,93,0,24,118,122,50,0,0,13,77,91,40,0,0,11,41,31,10,0,27614.2424638
20203,1123003138,18,7,11,0,0,0,6,9,3,0,0,0,3,2,2,0,0,0,3,7,1,8513.5283851
20203,1123003139,34,11,23,0,4,11,5,14,0,0,0,2,2,7,0,0,4,9,3,7,0,15038.7415062
20203,1123003144,5,3,2,0,0,0,0,3,2,0,0,0,0,1,2,0,0,0,0,2,0,1993.21277869
20203,1123003146,19,16,3,0,5,2,1,7,4,0,5,2,0,5,4,0,0,0,1,2,0,2252.1967799
20203,1123003147,67,10,57,0,8,15,18,22,4,0,1,2,0,3,4,0,7,13,18,19,0,17303.1775195
20203,1123003148,2,1,1,0,0,0,2,0,0,0,0,0,1,0,0,0,0,0,1,0,0,3128.59616429
20203,1123003150,297,225,72,1,6,12,9,21,248,1,2,7,1,12,202,0,4,5,8,9,46,5558.46557363
20203,1123003151,2,2,0,0,1,1,0,0,0,0,1,1,0,0,0,0,0,0,0,0,0,1743.12974971
20203,1123003153,19,3,16,0,0,6,4,7,2,0,0,1,1,0,1,0,0,5,3,7,1,2316.69666325
20203,1123003154,3,3,0,0,0,0,2,1,0,0,0,0,2,1,0,0,0,0,0,0,0,6281.24073051
20203,1123003155,20,11,9,0,1,0,3,11,5,0,1,0,2,4,4,0,0,0,1,7,1,3363.2077305
20203,1123003156,1,1,0,0,0,0,1,0,0,0,0,0,1,0,0,0,0,0,0,0,0,1373.31387675
20203,1123003158,18,16,2,0,0,3,5,4,6,0,0,3,4,4,5,0,0,0,1,0,1,8970.64619539
20203,1123003159,63,51,12,0,7,17,23,13,3,0,4,13,19,12,3,0,3,4,4,1,0,5480.83401
20203,1123003161,1,1,0,0,0,0,0,1,0,0,0,0,0,1,0,0,0,0,0,0,0,23579.4917903
20203,1123003166,3,1,2,0,0,1,0,1,1,0,0,0,0,0,1,0,0,1,0,1,0,3247.92058127
20203,1123003171,53,15,38,0,6,15,14,17,1,0,1,3,4,7,0,0,5,12,10,10,1,13633.9854419
20203,1123003175,8,7,1,0,0,1,2,2,3,0,0,1,2,2,2,0,0,0,0,0,1,9316.32131498
20203,1123003181,6,5,1,0,0,2,0,3,1,0,0,2,0,2,1,0,0,0,0,1,0,3407.7166487
20203,1123003182,3,2,1,0,0,1,1,1,0,0,0,0,1,1,0,0,0,1,0,0,0,2931.7594135
20203,1123003184,2,0,2,0,0,0,1,0,1,0,0,0,0,0,0,0,0,0,1,0,1,1837.34800783
20203,1123003186,55,37,18,0,3,14,19,19,0,0,1,7,11,18,0,0,2,7,8,1,0,1775.20415458
20203,1123003187,4,3,1,0,0,1,1,2,0,0,0,1,0,2,0,0,0,0,1,0,0,2689.88167951
20203,1123003192,4,4,0,0,0,0,1,3,0,0,0,0,1,3,0,0,0,0,0,0,0,3395.39822332
20203,1123003194,5,4,1,0,1,0,3,1,0,0,1,0,2,1,0,0,0,0,1,0,0,3940.78552013
20203,1123003195,7,4,3,0,0,0,1,5,1,0,0,0,1,3,0,0,0,0,0,2,1,2096.1240028
20203,1123003198,1,1,0,0,0,0,0,0,1,0,0,0,0,0,1,0,0,0,0,0,0,1773.35958788
20203,1123003199,13,8,5,0,1,5,3,3,1,0,1,2,1,3,1,0,0,3,2,0,0,11968.2079724
20203,1123003200,5,2,3,0,0,0,2,0,3,0,0,0,0,0,2,0,0,0,2,0,1,3125.45551703
20203,1123003201,126,50,76,0,22,34,37,19,14,0,2,11,15,10,12,0,20,23,22,9,2,3733.1613408
20203,1123003202,6,5,1,0,0,2,3,1,0,0,0,2,2,1,0,0,0,0,1,0,0,11987.7122254
20203,1123003204,4,4,0,0,0,0,1,1,2,0,0,0,1,1,2,0,0,0,0,0,0,3210.21328573
20203,1123003208,3,2,1,0,0,2,0,0,1,0,0,1,0,0,1,0,0,1,0,0,0,3851.541978
20203,1123003210,1,0,1,0,0,0,1,0,0,0,0,0,0,0,0,0,0,0,1,0,0,4020.53359944
20203,1123003211,62,45,17,0,12,16,17,12,5,0,8,13,12,8,4,0,4,3,5,4,1,8274.21403272
20203,1123003213,15,0,15,0,2,4,4,5,0,0,0,0,0,0,0,0,2,4,4,5,0,5956.24610527
20203,1123003214,7,0,7,0,0,0,4,2,1,0,0,0,0,0,0,0,0,0,4,2,1,1257.14468851
20203,1123003216,6,6,0,0,0,0,2,4,0,0,0,0,2,4,0,0,0,0,0,0,0,2667.28280985
20203,1123003217,6,2,4,1,0,2,2,1,0,0,0,1,0,1,0,1,0,1,2,0,0,3329.87581324
20203,1123003221,4,2,2,0,0,1,3,0,0,0,0,1,1,0,0,0,0,0,2,0,0,2101.70309045
20203,1123003222,7,2,5,0,0,1,4,1,1,0,0,1,0,1,0,0,0,0,4,0,1,2742.40524015
20203,1123003223,2,2,0,0,2,0,0,0,0,0,2,0,0,0,0,0,0,0,0,0,0,610.98000847
20203,1123003225,28,11,17,0,3,4,9,2,10,0,0,0,2,1,8,0,3,4,7,1,2,10602.3289047
20203,1123003227,5,3,2,0,0,1,1,1,2,0,0,0,0,1,2,0,0,1,1,0,0,3652.08823396
20203,1123003228,1,0,1,0,0,1,0,0,0,0,0,0,0,0,0,0,0,1,0,0,0,2456.07411552
20203,1123003230,163,52,111,0,15,17,34,42,55,0,7,8,17,11,9,0,8,9,17,31,46,141007.569639
20203,1123003231,1499,630,869,0,323,352,359,382,83,0,64,161,193,169,43,0,259,191,166,213,40,4303.94168553
20203,1123003242,4,2,2,0,0,0,0,1,3,0,0,0,0,1,1,0,0,0,0,0,2,6594.92086151
20203,1123003243,15,12,3,0,1,5,5,3,1,0,1,5,3,2,1,0,0,0,2,1,0,4674.05976834
20203,1123003244,5,3,2,0,1,0,0,2,2,0,0,0,0,1,2,0,1,0,0,1,0,2617.4533702
20203,1123003245,38,8,30,0,2,7,16,11,2,0,0,1,3,3,1,0,2,6,13,8,1,3968.17004883
20203,1129000001,19,1,18,0,4,6,4,3,2,0,0,0,0,0,1,0,4,6,4,3,1,3003.00535396
20203,1129000003,63,37,26,0,4,17,18,16,8,0,0,10,7,13,7,0,4,7,11,3,1,2810.55308507
20203,1129000008,88,19,69,0,36,24,10,8,10,0,2,5,3,2,7,0,34,19,7,6,3,7946.14242889
20203,1129000013,4,1,3,0,1,0,2,1,0,0,0,0,0,1,0,0,1,0,2,0,0,2883.14216599
20203,1129000016,2,0,2,0,0,0,1,0,1,0,0,0,0,0,0,0,0,0,1,0,1,1720.46424123
20203,1129000026,19,2,17,0,5,5,4,3,2,0,0,0,0,0,2,0,5,5,4,3,0,677.896615756
20203,1129000031,173,89,84,0,16,45,43,46,23,0,6,26,26,15,16,0,10,19,17,31,7,7682.32234575
20203,1129000032,8,4,4,0,0,2,1,2,3,0,0,2,0,0,2,0,0,0,1,2,1,3930.49844048
20203,1129000039,6,4,2,0,0,1,2,0,3,0,0,0,1,0,3,0,0,1,1,0,0,2677.49029149
20203,1129000042,5,0,5,0,0,0,2,0,3,0,0,0,0,0,0,0,0,0,2,0,3,17067.9713324
20203,1129000047,4,1,3,0,0,0,3,1,0,0,0,0,0,1,0,0,0,0,3,0,0,10290.4625534
20203,1129000049,42,9,33,0,12,7,11,8,4,0,0,0,5,2,2,0,12,7,6,6,2,8054.58226851
20203,1129000051,89,52,37,0,16,21,30,15,7,0,7,15,17,8,5,0,9,6,13,7,2,3961.21404433
20203,1129000062,218,74,144,1,29,62,65,38,23,0,13,20,16,14,11,1,16,42,49,24,12,2211.8899486
20203,1129000063,1,0,1,0,0,1,0,0,0,0,0,0,0,0,0,0,0,1,0,0,0,1984.38510667
20203,1129000070,358,154,204,0,45,52,105,117,39,0,22,25,42,40,25,0,23,27,63,77,14,27762.0060369
20203,1129000078,26,24,2,0,0,4,15,6,1,0,0,4,14,5,1,0,0,0,1,1,0,2532.94933053
20203,1129000086,104,47,57,0,28,16,25,17,18,0,10,7,10,7,13,0,18,9,15,10,5,2544.84774991
20203,1129000099,7,0,7,0,0,0,0,5,2,0,0,0,0,0,0,0,0,0,0,5,2,4588.45491458
20203,1129000104,29,12,17,0,0,7,10,5,7,0,0,3,4,2,3,0,0,4,6,3,4,7549.06429063
20203,1129000105,21,13,8,0,0,1,10,6,4,0,0,0,5,4,4,0,0,1,5,2,0,9426.87632765
20203,1129000115,120,68,52,1,33,41,24,16,5,0,16,27,10,10,5,1,17,14,14,6,0,1328.92312917
20203,1129000117,48,33,15,0,4,8,16,14,6,0,3,5,10,10,5,0,1,3,6,4,1,6622.64540695
20203,1129000118,20,3,17,0,1,6,8,4,1,0,0,0,1,1,1,0,1,6,7,3,0,5725.0525603
20203,1129000119,235,179,56,2,12,33,48,57,83,0,3,22,34,42,78,2,9,11,14,15,5,3283.84044582
20203,1129000131,35,9,26,0,10,12,6,4,3,0,0,3,3,2,1,0,10,9,3,2,2,4121.38126759
20203,1129000141,23,3,20,0,3,5,7,6,2,0,0,0,1,1,1,0,3,5,6,5,1,5649.8863137
20203,1129000149,272,135,137,0,32,45,106,66,23,0,12,21,50,42,10,0,20,24,56,24,13,3072.52310862
20203,1129000151,103,15,88,0,13,36,28,24,2,0,0,4,5,4,2,0,13,32,23,20,0,19784.0317989
20203,1129000154,4104,2068,2036,415,1905,1079,431,183,91,176,863,612,254,88,75,239,1042,467,177,95,16,2911.71914429
20203,1129000199,51,10,41,0,2,9,19,11,10,0,0,1,1,1,7,0,2,8,18,10,3,14872.3100721
20203,1129000200,32,29,3,0,0,1,3,8,20,0,0,1,3,5,20,0,0,0,0,3,0,4605.01613628
20203,1129000205,45,14,31,0,12,8,5,15,5,0,4,1,2,4,3,0,8,7,3,11,2,9684.75492897
20203,1129000216,15,9,6,0,1,1,5,4,4,0,0,0,3,3,3,0,1,1,2,1,1,7192.74839825
20203,1129000217,4,3,1,0,1,0,3,0,0,0,1,0,2,0,0,0,0,0,1,0,0,4529.78713502
20203,1129000218,6,3,3,0,0,0,3,2,1,0,0,0,1,2,0,0,0,0,2,0,1,2002.22047374
20203,1129000222,1,0,1,0,0,0,0,1,0,0,0,0,0,0,0,0,0,0,0,1,0,2355.9686265
20203,1129000226,25,18,7,0,0,5,11,4,5,0,0,2,10,2,4,0,0,3,1,2,1,5691.90574767
20203,1129000231,7,3,4,0,1,4,1,1,0,0,1,2,0,0,0,0,0,2,1,1,0,28476.078963
20203,1129000236,7,5,2,0,0,0,2,2,3,0,0,0,1,1,3,0,0,0,1,1,0,3825.23928098
20203,1129000238,18,13,5,0,0,5,2,7,4,0,0,2,2,7,2,0,0,3,0,0,2,10132.1033128
20203,1129000239,28,7,21,0,1,6,8,12,1,0,0,1,1,5,0,0,1,5,7,7,1,1974.53794165
20203,1129000240,19,12,7,0,2,4,4,5,4,0,1,2,2,3,4,0,1,2,2,2,0,5983.87898946
20203,1129000242,25,10,15,0,0,3,8,6,8,0,0,1,1,3,5,0,0,2,7,3,3,5381.7570772
20203,1129000243,10,7,3,1,0,3,6,0,0,0,0,3,4,0,0,1,0,0,2,0,0,5539.74042375
20203,1129000248,59,8,51,0,0,4,16,28,11,0,0,0,1,3,4,0,0,4,15,25,7,3053.45355792
20203,1129000249,93,19,74,0,12,17,19,26,19,0,2,5,5,1,6,0,10,12,14,25,13,11260.2036519
20203,1129000250,10,8,2,0,1,6,3,0,0,0,1,5,2,0,0,0,0,1,1,0,0,2917.0277682
20203,1129000252,25,16,9,0,1,9,7,6,2,0,1,6,4,4,1,0,0,3,3,2,1,2494.45260442
20203,1129000253,80,38,42,1,10,20,28,14,7,1,0,9,18,7,3,0,10,11,10,7,4,10863.379154
20203,1129000255,39,29,10,0,8,8,9,10,4,0,8,6,7,5,3,0,0,2,2,5,1,18553.8109315
20203,1129000259,2,1,1,0,0,0,1,1,0,0,0,0,1,0,0,0,0,0,0,1,0,3430.41905732
20203,1129000260,22,9,13,1,7,5,3,3,3,1,4,1,1,1,1,0,3,4,2,2,2,11322.6441677
20203,1129000262,38,10,28,0,11,7,9,9,2,0,5,1,1,2,1,0,6,6,8,7,1,3209.41082252
20203,1129000265,5,1,4,0,0,2,0,2,1,0,0,0,0,1,0,0,0,2,0,1,1,3424.79930994
20203,1129000273,12,7,5,0,1,2,5,3,1,0,1,2,2,2,0,0,0,0,3,1,1,4934.1020933
20203,1129000275,10,0,10,0,2,3,2,2,1,0,0,0,0,0,0,0,2,3,2,2,1,3805.91350446
20203,1129000280,12,7,5,0,1,1,3,3,4,0,1,1,1,1,3,0,0,0,2,2,1,2940.64197682
20203,1129000281,2,1,1,0,0,0,0,1,1,0,0,0,0,0,1,0,0,0,0,1,0,1873.3090004
20203,1129000284,50,25,25,0,3,10,14,14,9,0,2,5,9,6,3,0,1,5,5,8,6,17453.3113364
20203,1129000294,6,1,5,0,0,1,1,2,2,0,0,0,0,1,0,0,0,1,1,1,2,2356.93864494
20203,1129000303,5,3,2,0,0,0,2,3,0,0,0,0,1,2,0,0,0,0,1,1,0,5690.15376419
20203,1129000318,17,7,10,0,2,1,1,7,6,0,2,1,1,1,2,0,0,0,0,6,4,3832.52510983
20203,1129000321,23,12,11,0,3,3,7,5,5,0,1,2,3,3,3,0,2,1,4,2,2,18802.7956365
20203,1129000322,2,1,1,0,0,0,2,0,0,0,0,0,1,0,0,0,0,0,1,0,0,1228.72102
20203,1129000330,75,13,62,0,10,20,23,16,6,0,0,5,3,1,4,0,10,15,20,15,2,10218.1411501
20203,1129000335,92,60,32,0,3,16,25,21,27,0,2,9,12,13,24,0,1,7,13,8,3,6807.09646108
20203,1129000337,2,1,1,0,0,0,1,1,0,0,0,0,1,0,0,0,0,0,0,1,0,2139.15375133
20203,1129000341,50,14,36,0,4,14,15,17,0,0,0,2,8,4,0,0,4,12,7,13,0,22886.0896876
20203,1129000342,29,6,23,1,6,6,9,5,2,0,1,1,3,0,1,1,5,5,6,5,1,6058.26392649
20203,1129000343,3,0,3,0,0,0,0,2,1,0,0,0,0,0,0,0,0,0,0,2,1,66423.1669351
20203,1129000346,4,2,2,0,0,0,2,1,1,0,0,0,1,0,1,0,0,0,1,1,0,1669.7726758
20203,1129000350,2,1,1,0,0,0,0,1,1,0,0,0,0,0,1,0,0,0,0,1,0,2010.27400729
20203,1129000352,364,228,136,0,69,87,80,74,54,0,21,59,47,52,49,0,48,28,33,22,5,5464.41808822
20203,1129000354,1,1,0,0,0,0,0,1,0,0,0,0,0,1,0,0,0,0,0,0,0,1341.11667629
20203,1129000355,26,18,8,0,6,5,8,2,5,0,4,2,5,2,5,0,2,3,3,0,0,7105.56749095
20203,1129000360,4,0,4,0,0,1,2,1,0,0,0,0,0,0,0,0,0,1,2,1,0,7460.8954622
20203,1129000370,6,2,4,0,1,3,1,1,0,0,0,1,0,1,0,0,1,2,1,0,0,6500.29653181
20203,1129000387,7,3,4,0,0,0,2,5,0,0,0,0,1,2,0,0,0,0,1,3,0,876.585080906
20203,1129000393,23,14,9,0,7,6,4,5,1,0,4,4,2,3,1,0,3,2,2,2,0,6937.07027254
20203,1129000399,90,18,72,0,10,27,25,23,5,0,1,5,5,3,4,0,9,22,20,20,1,8017.20566594
20203,1129000404,8,7,1,0,0,4,0,3,1,0,0,3,0,3,1,0,0,1,0,0,0,4420.05960458
20203,1129000407,1103,298,805,8,497,361,132,79,26,0,75,125,37,39,22,8,422,236,95,40,4,5834.86487691
20203,1129000415,1,0,1,0,0,0,0,1,0,0,0,0,0,0,0,0,0,0,0,1,0,2012.5937853
20203,1129000417,14,3,11,0,1,2,7,4,0,0,0,1,1,1,0,0,1,1,6,3,0,8582.69223261
20203,1129000424,425,378,47,0,63,153,148,58,3,0,54,135,131,56,2,0,9,18,17,2,1,2187.70909293
20203,1129000438,10940,6783,4157,44,1682,2620,3536,1917,1141,13,807,1596,2417,1469,481,31,875,1024,1119,448,660,5266.54340769
20203,1129000448,95,43,52,0,13,39,21,14,8,0,3,21,4,9,6,0,10,18,17,5,2,3699.66282137
20203,1129000462,7,5,2,0,1,0,0,4,2,0,1,0,0,2,2,0,0,0,0,2,0,689.729106096
20203,1129000470,294,123,171,0,69,72,68,50,35,0,15,30,36,20,22,0,54,42,32,30,13,1437.52877038
20203,1129000482,49,40,9,0,3,9,9,14,14,0,3,6,7,12,12,0,0,3,2,2,2,3268.92247078
20203,1129000484,1,0,1,0,0,1,0,0,0,0,0,0,0,0,0,0,0,1,0,0,0,1194.0456133
20203,1129000486,1,1,0,0,0,0,0,0,1,0,0,0,0,0,1,0,0,0,0,0,0,3854.01878954
20203,1129000500,4,1,3,0,0,1,2,0,1,0,0,0,1,0,0,0,0,1,1,0,1,2258.24613742
20203,1129000514,15,11,4,0,0,2,4,3,6,0,0,1,2,2,6,0,0,1,2,1,0,5772.87533006
20203,1129000517,101,10,91,0,18,27,28,18,10,0,1,3,0,2,4,0,17,24,28,16,6,11352.5183472
20203,1129000518,7,5,2,0,1,2,2,1,1,0,1,1,1,1,1,0,0,1,1,0,0,2724.82460008
20203,1129000522,2,2,0,0,0,1,0,1,0,0,0,1,0,1,0,0,0,0,0,0,0,2964.98986681
20203,1129000532,192,57,135,0,12,36,46,61,37,0,1,12,11,17,16,0,11,24,35,44,21,4846.91070091
20203,1129000538,18,9,9,0,7,3,5,0,3,0,2,1,4,0,2,0,5,2,1,0,1,1874.16530021
20203,1129000540,20,11,9,0,5,1,8,6,0,0,4,0,3,4,0,0,1,1,5,2,0,3323.50657324
20203,1129000541,3,1,2,0,0,0,1,0,2,0,0,0,0,0,1,0,0,0,1,0,1,1485.44957098
20203,1129000543,18,6,12,0,1,2,2,3,10,0,1,2,1,0,2,0,0,0,1,3,8,1192.47309019
20203,1129000546,3,3,0,0,0,0,2,1,0,0,0,0,2,1,0,0,0,0,0,0,0,1322.72303375
20203,1129000548,4,3,1,0,1,3,0,0,0,0,1,2,0,0,0,0,0,1,0,0,0,1589.5683156
20203,1129000552,2,2,0,0,0,1,1,0,0,0,0,1,1,0,0,0,0,0,0,0,0,1015.37985709
20203,1129000556,3,1,2,0,0,1,0,0,2,0,0,0,0,0,1,0,0,1,0,0,1,4026.61390601
20203,1129000565,71,53,18,0,5,21,28,11,6,0,2,18,21,8,4,0,3,3,7,3,2,6219.92172054
20203,1129000568,56,7,49,0,2,4,9,31,10,0,1,2,1,1,2,0,1,2,8,30,8,10578.8997692
20203,1129000569,14,9,5,0,0,3,6,4,1,0,0,1,4,4,0,0,0,2,2,0,1,4116.63364968
20203,1129000570,4,2,2,0,0,0,0,2,2,0,0,0,0,1,1,0,0,0,0,1,1,2954.14405097
20203,1129000572,32,11,21,6,8,7,3,1,7,0,2,2,1,1,5,6,6,5,2,0,2,5876.21166167
20203,1129000573,2,2,0,0,0,0,1,0,1,0,0,0,1,0,1,0,0,0,0,0,0,3795.13387217
20203,1129000574,3,2,1,0,0,1,1,0,1,0,0,1,0,0,1,0,0,0,1,0,0,1854.58815205
20203,1129000577,145,53,92,0,15,45,46,30,9,0,3,12,15,17,6,0,12,33,31,13,3,5099.32249693
20203,1129000580,2,1,1,0,1,1,0,0,0,0,0,1,0,0,0,0,1,0,0,0,0,5278.8403183
20203,1129000581,5,4,1,0,2,1,2,0,0,0,2,1,1,0,0,0,0,0,1,0,0,728.809803529
20203,1129000582,5,5,0,0,0,0,0,1,4,0,0,0,0,1,4,0,0,0,0,0,0,4293.84573068
20203,1129000585,1,1,0,0,0,0,0,0,1,0,0,0,0,0,1,0,0,0,0,0,0,1119.84348948
20203,1129000586,4,3,1,0,0,0,3,1,0,0,0,0,2,1,0,0,0,0,1,0,0,676.027180238
20203,1129000588,10,5,5,0,0,6,0,2,2,0,0,3,0,1,1,0,0,3,0,1,1,745.10447959
20203,1129000590,15,8,7,0,3,4,7,1,0,0,0,2,5,1,0,0,3,2,2,0,0,5246.14530073
20203,1129000591,160,52,108,0,18,35,20,50,37,0,4,11,2,19,16,0,14,24,18,31,21,6663.82873504
20203,1129000592,14,6,8,0,1,2,1,3,7,0,0,1,1,1,3,0,1,1,0,2,4,3894.73715712
20203,1129000593,9,1,8,0,1,2,3,2,1,0,0,0,0,0,1,0,1,2,3,2,0,2662.32106892
20203,1129000595,30,20,10,1,9,10,4,5,1,0,5,7,4,3,1,1,4,3,0,2,0,5676.7046914
20203,1129000596,5,1,4,0,3,1,1,0,0,0,0,0,1,0,0,0,3,1,0,0,0,1686.97972103
20203,1129000597,16,15,1,0,0,1,5,8,2,0,0,1,4,8,2,0,0,0,1,0,0,7609.66171191
20203,1129000598,9,4,5,0,6,1,0,1,1,0,3,0,0,1,0,0,3,1,0,0,1,938.028927433
20203,1129000600,4,1,3,0,1,0,0,1,2,0,0,0,0,0,1,0,1,0,0,1,1,1907.89325531
20203,1129000601,6,6,0,0,0,2,2,2,0,0,0,2,2,2,0,0,0,0,0,0,0,4871.77079929
20203,1129000602,8,5,3,0,0,0,1,4,3,0,0,0,0,2,3,0,0,0,1,2,0,4921.87835847
20203,1129000603,12,5,7,0,0,5,3,2,2,0,0,1,2,1,1,0,0,4,1,1,1,5263.74067975
20203,1129000604,54,49,5,3,23,13,10,4,1,3,21,12,9,3,1,0,2,1,1,1,0,2010.8517074
20203,1129000605,47,12,35,0,20,11,9,3,4,0,0,1,6,1,4,0,20,10,3,2,0,4003.49988732
20203,1129000607,51,8,43,0,21,16,4,6,4,0,0,3,1,1,3,0,21,13,3,5,1,68994.1344654
20203,1129000608,11,3,8,0,1,2,2,3,3,0,0,0,0,1,2,0,1,2,2,2,1,3124.22075666
20203,1129000609,4,1,3,0,0,1,0,0,3,0,0,0,0,0,1,0,0,1,0,0,2,1166.11048829
20203,1129000610,13,2,11,0,4,2,4,2,1,0,0,0,1,1,0,0,4,2,3,1,1,4836.51376301
20203,1129000611,4,3,1,0,1,1,0,0,2,0,1,1,0,0,1,0,0,0,0,0,1,3119.89985555
20203,1129000612,59,29,30,8,1,9,17,17,7,8,1,4,2,8,6,0,0,5,15,9,1,6324.36993047
20203,1129000613,1,1,0,0,0,0,0,0,1,0,0,0,0,0,1,0,0,0,0,0,0,3121.35319166
20203,1129000614,1,1,0,0,0,0,0,0,1,0,0,0,0,0,1,0,0,0,0,0,0,16336.6769814
20203,1129000617,15,11,4,0,1,2,7,5,0,0,1,1,4,5,0,0,0,1,3,0,0,6965.76464849
20203,1129000618,6,5,1,0,0,2,4,0,0,0,0,2,3,0,0,0,0,0,1,0,0,1358.76041947
20203,1129000619,3,2,1,0,0,0,1,1,1,0,0,0,0,1,1,0,0,0,1,0,0,9165.84179353
20203,1129000620,8,6,2,0,0,1,1,5,1,0,0,1,1,4,0,0,0,0,0,1,1,5582.26139068
20203,1129000623,23,16,7,1,2,4,9,2,5,1,1,3,8,2,1,0,1,1,1,0,4,6312.11690292
20203,1129000624,1,1,0,0,0,0,0,0,1,0,0,0,0,0,1,0,0,0,0,0,0,4073.47087871
20203,1129000625,100,21,79,0,18,30,29,17,6,0,5,3,4,4,5,0,13,27,25,13,1,22975.5460365
20203,1129000626,14,10,4,0,0,4,3,3,4,0,0,2,1,3,4,0,0,2,2,0,0,2776.82359155
20203,1129000628,2,2,0,0,0,1,0,0,1,0,0,1,0,0,1,0,0,0,0,0,0,1896.74297675
20203,1129000629,13,3,10,0,2,5,5,1,0,0,0,0,3,0,0,0,2,5,2,1,0,4551.06674819
20203,1129000631,2,1,1,0,1,0,0,0,1,0,1,0,0,0,0,0,0,0,0,0,1,1112.3063394
20203,1129000632,21,16,5,0,2,3,5,8,3,0,1,2,3,7,3,0,1,1,2,1,0,6503.32882222
20203,1129000633,3,3,0,0,0,0,0,3,0,0,0,0,0,3,0,0,0,0,0,0,0,1283.48139986
20203,1129000634,4,4,0,0,0,0,2,1,1,0,0,0,2,1,1,0,0,0,0,0,0,2672.64788193
20203,1129000636,78,58,20,0,6,20,19,28,5,0,1,12,15,26,4,0,5,8,4,2,1,4855.63914073
20203,1129000639,2,0,2,0,0,0,1,0,1,0,0,0,0,0,0,0,0,0,1,0,1,3292.56368116
20203,1129000640,89,25,64,1,8,30,20,26,4,0,1,8,5,8,3,1,7,22,15,18,1,4755.49564657
20203,1129000643,5,2,3,0,1,1,2,0,1,0,1,0,1,0,0,0,0,1,1,0,1,808.10269634
20203,1129000645,4,4,0,0,0,0,2,1,1,0,0,0,2,1,1,0,0,0,0,0,0,940.508483314
20203,1129000646,5,1,4,0,1,1,0,1,2,0,0,0,0,0,1,0,1,1,0,1,1,4479.38114258
20203,1129000647,17,5,12,0,8,6,1,0,2,0,1,2,1,0,1,0,7,4,0,0,1,1143.15161662
20203,1129000648,9,7,2,0,0,4,4,0,1,0,0,3,3,0,1,0,0,1,1,0,0,4866.52521645
20203,1129000655,4,2,2,0,2,0,1,1,0,0,0,0,1,1,0,0,2,0,0,0,0,4900.26869254
20203,1129000659,3,1,2,0,0,0,2,0,1,0,0,0,1,0,0,0,0,0,1,0,1,4392.09165753
20203,1129000661,2,2,0,0,0,0,0,1,1,0,0,0,0,1,1,0,0,0,0,0,0,2164.75701438
20203,1129000662,28,17,11,0,0,4,5,7,12,0,0,1,3,3,10,0,0,3,2,4,2,6949.62737076
20203,1129000664,18,14,4,0,1,4,3,4,6,0,0,2,2,4,6,0,1,2,1,0,0,2356.89097495
20203,1129000665,130,116,14,0,0,5,21,41,63,0,0,3,18,33,62,0,0,2,3,8,1,7379.49035939
20203,1129000669,34,21,13,1,5,4,6,12,6,0,2,2,1,10,6,1,3,2,5,2,0,1685.18047767
20203,1129000670,2,1,1,0,0,0,2,0,0,0,0,0,1,0,0,0,0,0,1,0,0,1294.96423569
20203,1129000672,11,3,8,0,0,1,0,6,4,0,0,0,0,1,2,0,0,1,0,5,2,5713.46465004
20203,1129000673,9,1,8,0,5,3,1,0,0,0,0,0,1,0,0,0,5,3,0,0,0,2509.59399613
20203,1129000674,8,5,3,0,1,1,0,4,2,0,1,0,0,3,1,0,0,1,0,1,1,3918.578309
20203,1129000679,153,34,119,0,10,19,40,52,32,0,2,6,8,11,7,0,8,13,32,41,25,6096.61899836
20203,1129000680,20,12,8,1,0,6,6,4,3,0,0,3,4,3,2,1,0,3,2,1,1,4333.18084148
20203,1129000681,62,26,36,1,27,10,8,14,2,0,13,4,2,5,2,1,14,6,6,9,0,4869.75500874
20203,1129000683,9,8,1,0,1,1,2,3,2,0,1,1,1,3,2,0,0,0,1,0,0,1752.87978491
20203,1129000684,154,82,72,0,31,34,34,33,22,0,8,20,22,18,14,0,23,14,12,15,8,3738.99523684
20203,1129000685,12,9,3,0,0,3,3,4,2,0,0,2,2,4,1,0,0,1,1,0,1,4592.83741425
20203,1129000690,4,3,1,0,0,0,0,3,1,0,0,0,0,2,1,0,0,0,0,1,0,4005.13853828
20203,1129000692,15,2,13,0,3,2,5,3,2,0,0,0,1,1,0,0,3,2,4,2,2,6129.40076765
20203,1129000695,6,4,2,0,0,1,1,1,3,0,0,1,0,1,2,0,0,0,1,0,1,2472.25712337
20203,1129000696,13,5,8,0,0,2,5,2,4,0,0,0,1,2,2,0,0,2,4,0,2,6057.95367591
20203,1129000697,19,4,15,0,0,0,0,13,6,0,0,0,0,4,0,0,0,0,0,9,6,6087.19119562
20203,1129000698,2,1,1,0,0,0,0,2,0,0,0,0,0,1,0,0,0,0,0,1,0,1985.0563129
20203,1129000700,107,58,49,1,4,12,22,29,39,1,2,8,8,9,30,0,2,4,14,20,9,5151.86605373
20203,1129000701,3,1,2,0,0,1,1,1,0,0,0,0,0,1,0,0,0,1,1,0,0,1456.7712311
20203,1129000702,26,10,16,0,4,7,8,2,5,0,1,4,0,1,4,0,3,3,8,1,1,9990.66616499
20203,1129000703,38,33,5,0,1,4,12,13,8,0,1,3,11,10,8,0,0,1,1,3,0,4548.97385831
20203,1129000706,11,6,5,0,1,6,3,1,0,0,0,4,1,1,0,0,1,2,2,0,0,11643.727626
20203,1129000713,65,40,25,0,20,27,12,6,0,0,11,14,10,5,0,0,9,13,2,1,0,5438.45813851
20203,1129000714,15,10,5,0,1,2,2,8,2,0,1,0,0,7,2,0,0,2,2,1,0,6700.82958602
20203,1129000716,25,3,22,0,1,2,1,0,21,0,0,2,0,0,1,0,1,0,1,0,20,7504.20334069
20203,1129000717,20,18,2,0,1,2,5,11,1,0,1,1,5,10,1,0,0,1,0,1,0,923.785981563
20203,1129000720,11,7,4,0,1,1,6,3,0,0,1,1,3,2,0,0,0,0,3,1,0,6136.7999923
20203,1129000722,67,35,32,0,9,19,17,20,2,0,4,7,11,12,1,0,5,12,6,8,1,5894.81091272
20203,1129000723,8,5,3,0,0,2,3,1,2,0,0,2,1,1,1,0,0,0,2,0,1,1944.3136627
20203,1129000724,2,2,0,0,0,2,0,0,0,0,0,2,0,0,0,0,0,0,0,0,0,2235.58839446
20203,1129000726,31,24,7,3,2,4,8,10,4,3,1,1,6,9,4,0,1,3,2,1,0,3738.97601094
20203,1129000732,3,3,0,0,0,0,2,1,0,0,0,0,2,1,0,0,0,0,0,0,0,3050.11966354
20203,1129000739,37,30,7,0,4,7,11,8,7,0,3,5,9,7,6,0,1,2,2,1,1,8202.46308964
20203,1129000740,145,97,48,0,7,36,38,41,23,0,3,17,25,31,21,0,4,19,13,10,2,9541.93127465
20203,1129000741,56,20,36,0,3,16,17,14,6,0,0,6,6,4,4,0,3,10,11,10,2,4143.61013048
20203,1129000742,3,2,1,0,0,0,1,2,0,0,0,0,0,2,0,0,0,0,1,0,0,1431.23791778
20203,1129000743,61,42,19,0,1,11,14,23,12,0,0,7,8,16,11,0,1,4,6,7,1,7113.146768
20203,1129000744,757,537,220,0,2,7,21,54,673,0,2,6,9,25,495,0,0,1,12,29,178,904.36961389
20203,1129000745,15,13,2,0,1,3,4,6,1,0,0,2,4,6,1,0,1,1,0,0,0,3710.29729485
20203,1129000746,2,2,0,0,0,1,1,0,0,0,0,1,1,0,0,0,0,0,0,0,0,2143.21195944
20203,1129000748,10,7,3,0,1,1,6,0,2,0,0,1,5,0,1,0,1,0,1,0,1,1118.38182539
20203,1129000749,8,7,1,0,0,3,5,0,0,0,0,3,4,0,0,0,0,0,1,0,0,948.530638041
20203,1129000756,58,36,22,0,19,13,19,7,0,0,9,6,17,4,0,0,10,7,2,3,0,4848.63238981
20203,1129000758,87,21,66,0,12,11,27,27,10,0,3,3,8,2,5,0,9,8,19,25,5,4746.70127887
20203,1129000759,8,6,2,0,0,3,2,1,2,0,0,1,2,1,2,0,0,2,0,0,0,4198.54580256
20203,1129000763,40,22,18,0,2,7,17,8,6,0,1,6,10,3,2,0,1,1,7,5,4,4077.80120428
20203,1129000767,1,0,1,0,0,1,0,0,0,0,0,0,0,0,0,0,0,1,0,0,0,3633.36732999
20203,1129000770,9,6,3,0,0,0,6,2,1,0,0,0,3,2,1,0,0,0,3,0,0,4494.64404784
20203,1129000773,2,0,2,0,0,0,2,0,0,0,0,0,0,0,0,0,0,0,2,0,0,3472.2940408
20203,1129000774,7,3,4,0,1,2,4,0,0,0,0,0,3,0,0,0,1,2,1,0,0,4345.99394664
20203,1129000775,9,2,7,0,1,4,2,2,0,0,0,1,0,1,0,0,1,3,2,1,0,3136.78108163
20203,1129000776,14,11,3,0,1,5,4,4,0,0,0,4,4,3,0,0,1,1,0,1,0,3585.98635768
20203,1129000780,1,1,0,0,0,0,0,1,0,0,0,0,0,1,0,0,0,0,0,0,0,9422.77781434
20203,1129000781,28,19,9,0,6,4,10,6,2,0,2,3,7,5,2,0,4,1,3,1,0,2547.94772849
20203,1129000782,24,8,16,3,3,4,11,2,1,0,0,2,5,0,1,3,3,2,6,2,0,5348.99714237
20203,1129000784,15,5,10,0,1,7,4,2,1,0,0,1,2,1,1,0,1,6,2,1,0,5119.40646325
20203,1129000787,10,4,6,0,5,2,1,1,1,0,1,2,0,0,1,0,4,0,1,1,0,3394.73541103
20203,1129000794,24,19,5,0,0,0,7,6,11,0,0,0,5,5,9,0,0,0,2,1,2,4926.52656172
20203,1129000796,12,8,4,0,0,0,2,4,6,0,0,0,1,3,4,0,0,0,1,1,2,4710.51065289
20203,1129000798,13,11,2,0,0,1,3,7,2,0,0,1,2,6,2,0,0,0,1,1,0,4172.81334224
20203,1129000800,23,20,3,0,5,2,5,6,5,0,5,2,3,6,4,0,0,0,2,0,1,9189.49733779
20203,1129000801,9,2,7,0,0,0,2,4,3,0,0,0,0,0,2,0,0,0,2,4,1,3116.91508343
20203,1129000802,2843,2591,252,0,311,1334,571,583,44,0,227,1193,545,582,44,0,84,141,26,1,0,1396.42794887
20203,1129000805,10,10,0,0,0,1,5,1,3,0,0,1,5,1,3,0,0,0,0,0,0,2544.69833752
20203,1129000806,7,7,0,0,1,1,2,3,0,0,1,1,2,3,0,0,0,0,0,0,0,4868.1024665
20203,1129000810,3,1,2,0,0,2,0,1,0,0,0,1,0,0,0,0,0,1,0,1,0,2902.12756064
20203,1129000811,106,87,19,2,12,20,28,21,23,1,6,18,24,19,19,1,6,2,4,2,4,4712.19466275
20203,1129000812,716,470,246,0,18,67,86,152,393,0,16,61,81,83,229,0,2,6,5,69,164,2416.06728545
20203,1129000814,1,0,1,0,0,0,0,0,1,0,0,0,0,0,0,0,0,0,0,0,1,3535.76576188
20203,1129000815,21,4,17,0,7,4,4,5,1,0,0,0,1,2,1,0,7,4,3,3,0,2705.47322857
20203,1129000818,22,12,10,0,2,4,5,8,3,0,2,3,3,2,2,0,0,1,2,6,1,5225.811889
20203,1129000819,99,23,76,0,17,14,21,39,8,0,1,7,10,3,2,0,16,7,11,36,6,5554.98911301
20203,1129000823,42,25,17,0,7,6,8,9,12,0,2,4,3,7,9,0,5,2,5,2,3,5420.59526373
20203,1129000826,45,35,10,1,8,8,10,15,3,1,5,7,6,13,3,0,3,1,4,2,0,4070.9246453
20203,1129000827,2,1,1,0,0,0,0,2,0,0,0,0,0,1,0,0,0,0,0,1,0,8345.35970478
20203,1129000829,8,3,5,0,1,2,2,2,1,0,0,2,1,0,0,0,1,0,1,2,1,838.622725244
20203,1129000831,2,1,1,0,0,0,0,2,0,0,0,0,0,1,0,0,0,0,0,1,0,4537.91626988
20203,1129000832,9,2,7,0,0,0,4,3,2,0,0,0,0,1,1,0,0,0,4,2,1,2183.68107382
20203,1129000833,3,2,1,0,0,0,0,0,3,0,0,0,0,0,2,0,0,0,0,0,1,879.295476845
20203,1129000837,3,3,0,0,0,1,1,1,0,0,0,1,1,1,0,0,0,0,0,0,0,6468.44824669
20203,1129000840,1,0,1,0,0,0,1,0,0,0,0,0,0,0,0,0,0,0,1,0,0,3295.81688917
20203,1129000841,13,6,7,0,1,5,4,1,2,0,1,2,1,1,1,0,0,3,3,0,1,5206.56465917
20203,1129000842,27,8,19,0,6,7,7,4,3,0,1,2,2,1,2,0,5,5,5,3,1,41579.382174
20203,1129000848,4,4,0,0,0,0,2,2,0,0,0,0,2,2,0,0,0,0,0,0,0,3721.90256055
20203,1129000852,1324,924,400,0,185,375,407,339,18,0,68,233,313,295,15,0,117,142,94,44,3,2298.98810316
20203,1129000856,17,7,10,0,0,2,7,4,4,0,0,0,2,2,3,0,0,2,5,2,1,7003.62599755
20203,1129000858,6,2,4,0,1,0,1,0,4,0,0,0,0,0,2,0,1,0,1,0,2,6460.11439249
20203,1129000860,4,3,1,0,0,2,2,0,0,0,0,1,2,0,0,0,0,1,0,0,0,11302.0638409
20203,1129000865,11,2,9,0,0,1,6,4,0,0,0,0,2,0,0,0,0,1,4,4,0,5324.17018796
20203,1129000866,63,47,16,0,7,24,17,11,4,0,2,16,16,9,4,0,5,8,1,2,0,5136.25425065
20203,1129000867,23,6,17,0,4,3,8,7,1,0,1,0,1,4,0,0,3,3,7,3,1,5045.4005423
20203,1129000868,24,19,5,0,4,13,5,1,1,0,3,11,3,1,1,0,1,2,2,0,0,9852.24429658
20203,1129000874,2,2,0,0,0,0,1,1,0,0,0,0,1,1,0,0,0,0,0,0,0,1406.93640558
20203,1129000885,2,2,0,0,0,1,0,1,0,0,0,1,0,1,0,0,0,0,0,0,0,5231.8062761
20203,1129000893,241,226,15,0,10,91,87,39,14,0,9,87,84,33,13,0,1,4,3,6,1,2119.1117736
20203,1129000903,6,5,1,0,1,1,4,0,0,0,1,0,4,0,0,0,0,1,0,0,0,1007.05343671
20203,1129000907,3,2,1,0,0,0,2,1,0,0,0,0,1,1,0,0,0,0,1,0,0,48087.2623084
20203,1129000909,2,1,1,0,0,0,0,2,0,0,0,0,0,1,0,0,0,0,0,1,0,5166.2689427
20203,1129000918,16,0,16,0,5,2,5,4,0,0,0,0,0,0,0,0,5,2,5,4,0,14185.5072107
20203,1129000922,24,19,5,0,2,5,9,3,5,0,2,5,6,2,4,0,0,0,3,1,1,1524.11613458
20203,1129000928,185,109,76,0,23,27,34,38,63,0,7,15,22,23,42,0,16,12,12,15,21,1558.34090415
20203,1129000931,51,8,43,0,0,1,3,15,32,0,0,1,1,4,2,0,0,0,2,11,30,5185.99555115
20203,1129000932,4,3,1,0,0,1,1,2,0,0,0,1,1,1,0,0,0,0,0,1,0,2642.08715849
20203,1129000933,3,1,2,0,1,2,0,0,0,0,0,1,0,0,0,0,1,1,0,0,0,4002.61665704
20203,1129000936,2,1,1,0,0,0,0,2,0,0,0,0,0,1,0,0,0,0,0,1,0,1776.85046849
20203,1129000937,2,2,0,0,0,0,2,0,0,0,0,0,2,0,0,0,0,0,0,0,0,4500.351309
20203,1129000938,7,3,4,0,1,0,2,2,2,0,0,0,1,1,1,0,1,0,1,1,1,2365.00968403
20203,1129000943,3,0,3,0,0,0,0,2,1,0,0,0,0,0,0,0,0,0,0,2,1,11980.392721
20203,1129000945,2,1,1,0,0,0,1,1,0,0,0,0,1,0,0,0,0,0,0,1,0,1689.85260309
20203,1129000947,3,3,0,0,0,0,3,0,0,0,0,0,3,0,0,0,0,0,0,0,0,2011.29263515
20203,1129000948,11,3,8,0,1,0,0,7,3,0,0,0,0,3,0,0,1,0,0,4,3,4031.43145234
20203,1129000949,3,1,2,0,1,2,0,0,0,0,0,1,0,0,0,0,1,1,0,0,0,1465.83435404
20203,1129000950,2,1,1,0,0,0,2,0,0,0,0,0,1,0,0,0,0,0,1,0,0,4461.30782734
20203,1129000951,6,4,2,0,3,0,0,2,1,0,1,0,0,2,1,0,2,0,0,0,0,3920.70547856
20203,1129000953,3,1,2,0,0,0,2,1,0,0,0,0,1,0,0,0,0,0,1,1,0,2073.78218536
20203,1129000955,2,1,1,0,0,1,1,0,0,0,0,0,1,0,0,0,0,1,0,0,0,8279.33715161
20203,1129000961,8,0,8,0,0,1,5,2,0,0,0,0,0,0,0,0,0,1,5,2,0,1027.71170842
20203,1129000963,1,0,1,0,0,0,0,1,0,0,0,0,0,0,0,0,0,0,0,1,0,2936.63904732
20203,1129000966,5,3,2,0,1,1,2,1,0,0,0,1,1,1,0,0,1,0,1,0,0,3996.60147507
20203,1129000967,23,10,13,0,1,2,10,8,2,0,0,0,6,4,0,0,1,2,4,4,2,5835.11929548
20203,1129000968,21,16,5,0,3,5,1,6,6,0,3,4,1,5,3,0,0,1,0,1,3,5025.1413773
20203,1129000969,38,16,22,0,6,14,11,6,1,0,1,7,4,3,1,0,5,7,7,3,0,4441.18787613
20203,1129000975,23,4,19,0,5,4,7,6,1,0,0,2,0,1,1,0,5,2,7,5,0,2796.2155936
20203,1129000977,4,3,1,0,0,1,2,1,0,0,0,1,1,1,0,0,0,0,1,0,0,4341.64748414
20203,1129000978,5,2,3,0,0,0,1,4,0,0,0,0,0,2,0,0,0,0,1,2,0,1726.0931747
20203,1129000980,76,60,16,1,6,15,21,16,17,0,5,9,19,14,13,1,1,6,2,2,4,5095.56778035
20203,1129000981,1,1,0,0,0,0,0,1,0,0,0,0,0,1,0,0,0,0,0,0,0,1652.94656966
20203,1129000985,4,3,1,0,0,0,0,2,2,0,0,0,0,1,2,0,0,0,0,1,0,3395.58049285
20203,1129000986,4,1,3,0,0,2,1,0,1,0,0,0,0,0,1,0,0,2,1,0,0,4952.45455533
20203,1129000989,4,3,1,0,1,0,1,0,2,0,0,0,1,0,2,0,1,0,0,0,0,3070.24257225
20203,1129000991,3,2,1,0,0,0,0,1,2,0,0,0,0,1,1,0,0,0,0,0,1,2224.03921715
20203,1129000992,3,1,2,0,0,1,1,0,1,0,0,0,0,0,1,0,0,1,1,0,0,2179.81448763
20203,1129000993,77,10,67,0,12,23,28,12,2,0,3,2,4,1,0,0,9,21,24,11,2,23159.967845
20203,1129000994,70,32,38,0,12,11,14,29,4,0,12,6,7,4,3,0,0,5,7,25,1,6404.97706942
20203,1129000996,13,11,2,0,1,2,5,5,0,0,1,0,5,5,0,0,0,2,0,0,0,4348.20984225
20203,1129001000,20,5,15,0,3,1,10,4,2,0,1,0,1,2,1,0,2,1,9,2,1,2206.90975883
20203,1129001001,24,18,6,0,3,9,4,6,2,0,1,6,4,5,2,0,2,3,0,1,0,2175.0936737
20203,1129001004,3,2,1,0,0,0,0,3,0,0,0,0,0,2,0,0,0,0,0,1,0,841.776469571
20203,1129001005,6,4,2,0,0,0,0,2,4,0,0,0,0,2,2,0,0,0,0,0,2,5383.81920806
20203,1129001013,1,0,1,0,0,0,1,0,0,0,0,0,0,0,0,0,0,0,1,0,0,1362.66134975
20203,1129001014,2,0,2,0,1,0,1,0,0,0,0,0,0,0,0,0,1,0,1,0,0,2521.91071702
20203,1129001017,4,1,3,1,1,0,0,2,0,0,0,0,0,1,0,1,1,0,0,1,0,547.046863162
20203,1129001018,1,1,0,0,0,0,1,0,0,0,0,0,1,0,0,0,0,0,0,0,0,6064.97069654
20203,1129001023,3,2,1,0,0,2,0,0,1,0,0,1,0,0,1,0,0,1,0,0,0,3199.33517688
20203,1129001025,5,2,3,0,0,2,2,1,0,0,0,1,1,0,0,0,0,1,1,1,0,3103.11723382
20203,1129001028,12,11,1,0,2,3,2,5,0,0,2,3,2,4,0,0,0,0,0,1,0,9120.23713948
20203,1129001030,2,2,0,0,1,0,0,1,0,0,1,0,0,1,0,0,0,0,0,0,0,1108.05236748
20203,1129001032,3,2,1,0,0,1,1,1,0,0,0,0,1,1,0,0,0,1,0,0,0,4876.98694464
20203,1129001037,25,10,15,0,0,8,8,5,4,0,0,1,2,3,4,0,0,7,6,2,0,3751.77947069
20203,1129001038,13,11,2,0,2,2,2,5,2,0,2,1,2,4,2,0,0,1,0,1,0,3626.80682001
20203,1129001042,5,4,1,0,0,0,2,2,1,0,0,0,1,2,1,0,0,0,1,0,0,1140.02472102
20203,1129001043,82,49,33,0,13,18,23,13,15,0,5,11,13,6,14,0,8,7,10,7,1,5254.32926294
20203,1129001044,6,5,1,0,0,0,1,0,5,0,0,0,0,0,5,0,0,0,1,0,0,4353.42759836
20203,1129001045,2,0,2,0,0,2,0,0,0,0,0,0,0,0,0,0,0,2,0,0,0,1745.5788188
20203,1129001046,10,2,8,0,2,1,6,0,1,0,0,0,1,0,1,0,2,1,5,0,0,5524.71091009
20203,1129001047,10,6,4,0,0,1,1,5,3,0,0,0,1,3,2,0,0,1,0,2,1,1830.36775806
20203,1129001051,7,5,2,0,5,0,2,0,0,0,4,0,1,0,0,0,1,0,1,0,0,5735.56898147
20203,1129001052,8,3,5,0,1,3,2,1,1,0,0,1,1,0,1,0,1,2,1,1,0,2746.02079493
20203,1129001054,6,4,2,0,0,3,3,0,0,0,0,2,2,0,0,0,0,1,1,0,0,1503.74960553
20203,1129001055,101,58,43,0,6,18,20,23,34,0,4,17,11,12,14,0,2,1,9,11,20,6147.10025989
20203,1129001056,4,3,1,0,0,2,1,0,1,0,0,1,1,0,1,0,0,1,0,0,0,1075.18881478
20203,1129001057,7,2,5,0,0,2,1,2,2,0,0,0,1,0,1,0,0,2,0,2,1,6251.77217275
20203,1129001058,21,15,6,0,0,3,4,7,7,0,0,2,2,6,5,0,0,1,2,1,2,2296.71578448
20203,1129001059,83,35,48,0,11,16,22,21,13,0,3,5,12,6,9,0,8,11,10,15,4,4413.11239033
20203,1129001060,9,3,6,0,0,1,2,3,3,0,0,1,0,1,1,0,0,0,2,2,2,3498.04703902
20203,1129001061,11,4,7,0,1,4,2,1,3,0,0,0,2,1,1,0,1,4,0,0,2,7049.04775842
20203,1129001063,11,9,2,0,0,1,1,3,6,0,0,1,1,1,6,0,0,0,0,2,0,1505.11098439
20203,1129001066,3,1,2,0,1,1,0,0,1,0,0,0,0,0,1,0,1,1,0,0,0,4832.92958376
20203,1129001067,3,2,1,0,0,0,0,1,2,0,0,0,0,1,1,0,0,0,0,0,1,1016.29541208
20203,1129001068,107,32,75,0,20,23,17,28,19,0,5,12,5,5,5,0,15,11,12,23,14,5273.02720483
20203,1129001069,30,7,23,0,3,6,9,10,2,0,0,1,3,3,0,0,3,5,6,7,2,7790.76766504
20203,1129001070,43,22,21,0,7,8,10,9,9,0,0,2,9,4,7,0,7,6,1,5,2,7140.29290074
20203,1129001071,13,9,4,0,2,4,3,2,2,0,1,3,3,1,1,0,1,1,0,1,1,4726.6933964
20203,1129001074,73,26,47,0,4,6,9,26,28,0,4,4,4,11,3,0,0,2,5,15,25,5494.36833374
20203,1129001078,38,8,30,0,4,14,12,8,0,0,0,2,3,3,0,0,4,12,9,5,0,5059.85190985
20203,1129001079,5,5,0,0,0,1,1,0,3,0,0,1,1,0,3,0,0,0,0,0,0,4938.48442309
20203,1129001081,21,11,10,0,1,1,11,5,3,0,0,0,7,2,2,0,1,1,4,3,1,5816.87580394
20203,1129001084,3,2,1,0,0,0,1,1,1,0,0,0,1,1,0,0,0,0,0,0,1,1218.13032825
20203,1129001086,4,3,1,0,1,0,0,3,0,0,1,0,0,2,0,0,0,0,0,1,0,1258.83208564
20203,1129001087,1888,974,914,2,173,552,489,562,110,2,59,199,237,388,89,0,114,353,252,174,21,4652.20452983
20203,1129001089,36,11,25,1,9,3,9,12,2,1,2,1,3,2,2,0,7,2,6,10,0,6911.31536168
20203,1129001090,41,25,16,0,0,5,7,14,15,0,0,3,4,10,8,0,0,2,3,4,7,8753.21672797
20203,1129001091,72,38,34,0,14,13,24,13,8,0,8,9,8,8,5,0,6,4,16,5,3,4886.54686968
20203,1129001093,11,7,4,0,1,4,2,2,2,0,0,2,2,1,2,0,1,2,0,1,0,2522.29532956
20203,1129001094,23,11,12,0,2,4,9,3,5,0,0,1,6,2,2,0,2,3,3,1,3,4647.07777335
20203,1129001096,10,5,5,0,1,1,1,3,4,0,0,1,0,2,2,0,1,0,1,1,2,4122.46900647
20203,1129001097,3,2,1,0,0,0,1,0,2,0,0,0,1,0,1,0,0,0,0,0,1,2761.41092864
20203,1129001098,569,476,93,0,50,99,195,215,10,0,28,69,161,211,7,0,22,30,34,4,3,8358.05920776
20203,1129001101,7,3,4,0,1,1,4,0,1,0,1,0,1,0,1,0,0,1,3,0,0,4987.15848152
20203,1129001103,7,6,1,0,0,1,4,0,2,0,0,1,3,0,2,0,0,0,1,0,0,489.322619795
20203,1129001104,74,3,71,0,2,4,4,23,41,0,0,0,0,1,2,0,2,4,4,22,39,4061.42766531
20203,1129001105,13,5,8,0,1,5,2,5,0,0,0,2,1,2,0,0,1,3,1,3,0,4728.46195577
20203,1129001108,63,11,52,1,5,15,13,19,10,0,1,1,1,5,3,1,4,14,12,14,7,4633.23802407
20203,1129001111,1440,504,936,0,168,388,622,235,27,0,45,127,183,129,20,0,123,261,439,106,7,3581.21371223
20203,1129001115,10,5,5,0,2,2,5,1,0,0,0,1,3,1,0,0,2,1,2,0,0,1857.22107275
20203,1129001117,42,28,14,0,15,15,8,3,1,0,9,8,7,3,1,0,6,7,1,0,0,5669.0010691
20203,1129001120,4,2,2,0,0,0,1,1,2,0,0,0,0,1,1,0,0,0,1,0,1,4580.96899217
20203,1129001122,97,36,61,1,32,5,12,19,28,1,11,3,6,3,12,0,21,2,6,16,16,7421.26712276
20203,1129001123,2,1,1,0,0,0,0,0,2,0,0,0,0,0,1,0,0,0,0,0,1,1696.64153036
20203,1129001129,19,6,13,0,3,3,5,5,3,0,0,2,1,3,0,0,3,1,4,2,3,3607.41567548
20203,1129001130,6,0,6,0,0,0,1,1,4,0,0,0,0,0,0,0,0,0,1,1,4,2583.55293079
20203,1129001131,23,5,18,0,2,8,6,4,3,0,0,0,2,1,2,0,2,8,4,3,1,4133.48659791
20203,1129001133,95,66,29,0,8,14,24,15,34,0,4,10,20,7,25,0,4,4,4,8,9,3183.55152703
20203,1129001135,2,1,1,0,0,0,0,2,0,0,0,0,0,1,0,0,0,0,0,1,0,2058.40180891
20203,1129001136,10,8,2,0,1,4,3,2,0,0,0,4,2,2,0,0,1,0,1,0,0,3266.05569003
20203,1129001138,4,2,2,0,1,0,1,2,0,0,0,0,1,1,0,0,1,0,0,1,0,585.791870285
20203,1129001139,2,0,2,0,0,0,1,0,1,0,0,0,0,0,0,0,0,0,1,0,1,1302.75915144
20203,1129001140,28,5,23,0,6,8,7,7,0,0,0,0,2,3,0,0,6,8,5,4,0,3436.02822603
20203,1129001141,42,10,32,1,11,9,12,3,6,0,0,0,4,1,5,1,11,9,8,2,1,3221.74481827
20203,1129001142,66,57,9,0,5,9,27,20,5,0,4,8,22,18,5,0,1,1,5,2,0,5276.16119067
20203,1129001148,9,0,9,0,0,1,6,1,1,0,0,0,0,0,0,0,0,1,6,1,1,2789.06820654
20203,1129001160,26,23,3,0,2,0,6,10,8,0,1,0,6,8,8,0,1,0,0,2,0,2685.46833113
20203,1129001162,10,0,10,0,5,1,3,1,0,0,0,0,0,0,0,0,5,1,3,1,0,1353.70511579
20203,1129001177,2,1,1,0,0,0,1,1,0,0,0,0,0,1,0,0,0,0,1,0,0,2909.55795781
20203,1129001189,7,0,7,0,0,1,3,3,0,0,0,0,0,0,0,0,0,1,3,3,0,1309.27820178
20203,1129001193,5,5,0,0,0,0,0,0,5,0,0,0,0,0,5,0,0,0,0,0,0,1998.83080038
20203,1129001197,2,1,1,0,1,0,0,1,0,0,1,0,0,0,0,0,0,0,0,1,0,99605.7962169
20203,1129001209,3,1,2,0,1,1,1,0,0,0,0,1,0,0,0,0,1,0,1,0,0,1209.571331
20203,1129001212,63,40,23,0,4,6,14,14,25,0,3,3,8,9,17,0,1,3,6,5,8,3228.87013375
20203,1129001213,11,11,0,0,0,0,5,3,3,0,0,0,5,3,3,0,0,0,0,0,0,11869.6987014
20203,1129001216,2,2,0,0,0,0,1,0,1,0,0,0,1,0,1,0,0,0,0,0,0,1419.54481761
20203,1129001222,5,1,4,0,0,2,2,0,1,0,0,0,0,0,1,0,0,2,2,0,0,1470.5223192
20203,1129001224,12,9,3,0,1,1,3,4,3,0,0,1,2,3,3,0,1,0,1,1,0,4565.34861939
20203,1129001225,281,216,65,3,41,118,74,36,9,0,15,96,63,33,9,3,26,22,11,3,0,10829.4942014
20203,1129001229,23,12,11,0,1,5,7,7,3,0,1,2,3,4,2,0,0,3,4,3,1,5993.1940868
20203,1129001230,2,1,1,0,0,0,0,1,1,0,0,0,0,0,1,0,0,0,0,1,0,2293.41197725
20203,1129001231,3,2,1,0,0,1,2,0,0,0,0,0,2,0,0,0,0,1,0,0,0,936.311347998
20203,1129001233,2,1,1,0,0,0,1,0,1,0,0,0,0,0,1,0,0,0,1,0,0,1892.3058786
20203,1129001234,8,3,5,0,0,3,0,5,0,0,0,2,0,1,0,0,0,1,0,4,0,1664.17872038
20203,1129001236,3,1,2,0,0,0,3,0,0,0,0,0,1,0,0,0,0,0,2,0,0,2740.33162369
20203,1129001237,9,6,3,0,0,1,2,2,4,0,0,0,2,2,2,0,0,1,0,0,2,4341.85360475
20203,1129001244,2,0,2,0,0,0,1,0,1,0,0,0,0,0,0,0,0,0,1,0,1,1992.77634823
20203,1129001248,2,2,0,0,0,0,1,1,0,0,0,0,1,1,0,0,0,0,0,0,0,1114.64235579
20203,1129001249,15,13,2,0,1,2,4,3,5,0,1,2,3,3,4,0,0,0,1,0,1,2931.45226285
20203,1129001251,3,2,1,0,0,0,1,2,0,0,0,0,1,1,0,0,0,0,0,1,0,923.601009438
20203,1129001252,3,2,1,0,0,2,1,0,0,0,0,1,1,0,0,0,0,1,0,0,0,2599.71738132
20203,1129001254,6,5,1,0,1,1,3,0,1,0,1,1,2,0,1,0,0,0,1,0,0,5550.75628274
20203,1129001258,18,12,6,0,3,4,3,7,1,0,2,2,2,5,1,0,1,2,1,2,0,3363.37529125
20203,1129001282,1,0,1,0,0,0,1,0,0,0,0,0,0,0,0,0,0,0,1,0,0,754.959099717
20203,1129001285,51,41,10,0,4,7,10,15,15,0,3,4,7,13,14,0,1,3,3,2,1,658.550706345
20203,1129001289,5,1,4,0,1,0,1,2,1,0,0,0,0,1,0,0,1,0,1,1,1,3968.07642543
20203,1129001291,69,19,50,0,14,15,22,14,4,0,5,5,4,3,2,0,9,10,18,11,2,17632.6150367
20203,1129001292,20,15,5,0,0,4,1,3,12,0,0,1,1,2,11,0,0,3,0,1,1,4902.26588196
20203,1129001300,6,5,1,0,2,1,1,1,1,0,1,1,1,1,1,0,1,0,0,0,0,1001.19178283
20203,1129001301,13,10,3,0,0,5,2,6,0,0,0,4,1,5,0,0,0,1,1,1,0,1508.07996165
20203,1129001311,16,15,1,0,0,5,5,5,1,0,0,4,5,5,1,0,0,1,0,0,0,1419.37916464
20203,1129001315,13,8,5,0,1,4,2,5,1,0,0,3,1,3,1,0,1,1,1,2,0,7326.73988324
20203,1129001318,15,13,2,0,0,0,6,5,4,0,0,0,4,5,4,0,0,0,2,0,0,5437.55591509
20203,1129001320,4,1,3,0,0,2,0,1,1,0,0,1,0,0,0,0,0,1,0,1,1,1903.80143801
20203,1129001323,3,2,1,0,0,0,0,1,2,0,0,0,0,1,1,0,0,0,0,0,1,2120.45093986
20203,1129001326,2,1,1,0,1,0,0,1,0,0,1,0,0,0,0,0,0,0,0,1,0,918.664044957
20203,1129001327,22,19,3,0,0,8,6,7,1,0,0,7,5,6,1,0,0,1,1,1,0,4622.36804481
20203,1129001330,2,0,2,0,0,0,0,1,1,0,0,0,0,0,0,0,0,0,0,1,1,1084.26803368
20203,1129001334,4,4,0,0,0,4,0,0,0,0,0,4,0,0,0,0,0,0,0,0,0,5649.95803163
20203,1129001336,5,4,1,0,1,2,0,2,0,0,1,2,0,1,0,0,0,0,0,1,0,2715.72165908
20203,1129001346,4,2,2,0,0,0,2,1,1,0,0,0,1,1,0,0,0,0,1,0,1,2308.39439091
20203,1129001348,8,1,7,0,1,1,1,4,1,0,0,0,0,0,1,0,1,1,1,4,0,4790.86921001
20203,1129001350,95,50,45,0,14,19,24,17,21,0,1,9,13,10,17,0,13,10,11,7,4,3080.69931178
20203,1129001354,38,9,29,0,12,14,5,7,0,0,2,2,2,3,0,0,10,12,3,4,0,2816.14414283
20203,1129001360,92,77,15,0,22,21,14,30,5,0,22,17,8,25,5,0,0,4,6,5,0,2836.0672573
20203,1129001363,4,2,2,0,0,1,0,1,2,0,0,0,0,1,1,0,0,1,0,0,1,3231.17273356
20203,1129001364,18,17,1,0,1,3,4,6,4,0,1,3,4,5,4,0,0,0,0,1,0,2347.55049009
20203,1129001369,2,2,0,0,0,1,1,0,0,0,0,1,1,0,0,0,0,0,0,0,0,1727.63892008
20203,1129001371,5,1,4,0,2,0,0,2,1,0,0,0,0,1,0,0,2,0,0,1,1,3301.08702655
20203,1129001376,10,8,2,0,0,2,3,1,4,0,0,2,3,1,2,0,0,0,0,0,2,4852.52882864
20203,1129001379,6,4,2,0,1,0,1,4,0,0,1,0,0,3,0,0,0,0,1,1,0,2566.67596289
20203,1129001380,8,4,4,0,0,1,2,1,4,0,0,1,1,1,1,0,0,0,1,0,3,3835.571848
20203,1129001382,3,2,1,0,0,1,0,2,0,0,0,1,0,1,0,0,0,0,0,1,0,1341.3151994
20203,1129001384,11,7,4,0,0,5,2,3,1,0,0,3,2,1,1,0,0,2,0,2,0,2434.41465641
20203,1129001389,3,3,0,0,0,0,1,1,1,0,0,0,1,1,1,0,0,0,0,0,0,1455.30132018
20203,1129001391,3,2,1,0,0,0,1,2,0,0,0,0,1,1,0,0,0,0,0,1,0,4600.61349277
20203,1129001397,2,1,1,0,0,0,0,1,1,0,0,0,0,1,0,0,0,0,0,0,1,868.923957791
20203,1129001400,8,5,3,0,1,1,0,4,2,0,0,0,0,3,2,0,1,1,0,1,0,2443.09056824
20203,1129001402,8,6,2,0,0,2,2,3,1,0,0,1,2,2,1,0,0,1,0,1,0,1363.18684457
20203,1129001405,7,4,3,0,0,0,1,2,4,0,0,0,0,1,3,0,0,0,1,1,1,3773.12069376
20203,1129001409,7,4,3,0,3,2,1,1,0,0,2,1,1,0,0,0,1,1,0,1,0,3687.19811542
20203,1129001411,1,0,1,0,0,0,1,0,0,0,0,0,0,0,0,0,0,0,1,0,0,893.065313794
20203,1129001415,3,2,1,0,0,0,2,1,0,0,0,0,2,0,0,0,0,0,0,1,0,2578.26555068
20203,1129001416,16,8,8,0,2,3,6,4,1,0,0,1,4,2,1,0,2,2,2,2,0,2382.94063562
20203,1129001422,82,34,48,0,10,19,16,19,18,0,0,4,6,8,16,0,10,15,10,11,2,10522.4008775
20203,1129001424,71,57,14,0,4,10,20,34,3,0,3,5,14,32,3,0,1,5,6,2,0,5099.14970665
20203,1129001427,9,4,5,0,0,0,1,6,2,0,0,0,0,3,1,0,0,0,1,3,1,2764.31163355
20203,1129001428,58,25,33,0,6,15,15,17,5,0,3,4,5,9,4,0,3,11,10,8,1,24849.9049279
20203,1129001430,40,39,1,0,2,3,4,23,8,0,2,3,3,23,8,0,0,0,1,0,0,1719.2810491
20203,1129001433,1,0,1,0,0,1,0,0,0,0,0,0,0,0,0,0,0,1,0,0,0,4161.82129936
20203,1129001434,8,8,0,0,0,2,2,1,3,0,0,2,2,1,3,0,0,0,0,0,0,3140.00692645
20203,1129001436,3,3,0,0,0,0,1,0,2,0,0,0,1,0,2,0,0,0,0,0,0,1922.30098389
20203,1129001437,4,2,2,0,1,1,0,2,0,0,0,1,0,1,0,0,1,0,0,1,0,1054.98095312
20203,1129001440,37,8,29,0,2,7,11,12,5,0,2,1,1,0,4,0,0,6,10,12,1,12902.9829544
20203,1129001441,3,1,2,0,2,0,0,1,0,0,1,0,0,0,0,0,1,0,0,1,0,2441.66146192
20203,1129001442,10,10,0,0,0,3,5,2,0,0,0,3,5,2,0,0,0,0,0,0,0,2677.91136473
20203,1129001444,9,3,6,0,3,1,1,4,0,0,1,0,1,1,0,0,2,1,0,3,0,8911.19997696
20203,1129001445,1,0,1,0,0,0,0,1,0,0,0,0,0,0,0,0,0,0,0,1,0,2572.54803552
20203,1129001446,129,54,75,1,31,34,27,12,24,0,6,10,19,8,11,1,25,24,8,4,13,6222.99353583
20203,1129001449,10,8,2,0,4,1,1,3,1,0,3,1,1,2,1,0,1,0,0,1,0,1638.67995197
20203,1129001450,41,39,2,0,1,5,4,13,18,0,1,4,4,12,18,0,0,1,0,1,0,3137.43463678
20203,1129001451,3,2,1,0,0,0,1,1,1,0,0,0,1,1,0,0,0,0,0,0,1,1471.26951474
20203,1129001454,44,39,5,0,0,2,7,12,23,0,0,2,4,11,22,0,0,0,3,1,1,3278.69548523
20203,1129001457,4,3,1,0,0,1,0,2,1,0,0,1,0,1,1,0,0,0,0,1,0,2809.34675755
20203,1129001465,6,5,1,0,0,0,3,2,1,0,0,0,2,2,1,0,0,0,1,0,0,4592.43662789
20203,1129001468,6,2,4,0,0,2,1,2,1,0,0,1,0,1,0,0,0,1,1,1,1,5275.84700193
20203,1129001471,9,4,5,0,0,3,1,0,5,0,0,0,0,0,4,0,0,3,1,0,1,3885.02788991
20203,1129001473,6,5,1,0,0,0,4,2,0,0,0,0,3,2,0,0,0,0,1,0,0,1611.55927305
20203,1129001476,12,10,2,0,2,1,4,3,2,0,2,1,4,1,2,0,0,0,0,2,0,3534.0133398
20203,1129001489,907,703,204,0,4,10,19,44,830,0,0,7,6,26,664,0,4,3,13,18,166,3463.59476813
20203,1129001491,3,1,2,0,0,0,3,0,0,0,0,0,1,0,0,0,0,0,2,0,0,3906.08988199
20203,1129001498,19,12,7,0,0,2,6,5,6,0,0,1,4,2,5,0,0,1,2,3,1,1347.21113131
20203,1129001499,4,4,0,0,3,1,0,0,0,0,3,1,0,0,0,0,0,0,0,0,0,1754.1850392
20203,1129001500,4,1,3,0,0,1,3,0,0,0,0,0,1,0,0,0,0,1,2,0,0,863.468436994
20203,1129001503,37,34,3,0,4,7,7,9,10,0,3,6,6,9,10,0,1,1,1,0,0,6648.95313586
20203,1129001508,23,11,12,0,1,0,9,9,4,0,1,0,4,3,3,0,0,0,5,6,1,2775.16339585
20203,1129001511,6,2,4,0,0,1,3,2,0,0,0,0,0,2,0,0,0,1,3,0,0,2425.55832245
20203,1129001512,3,3,0,0,0,0,3,0,0,0,0,0,3,0,0,0,0,0,0,0,0,2482.12818792
20203,1129001516,3,1,2,0,0,0,1,2,0,0,0,0,0,1,0,0,0,0,1,1,0,10269.6729421
20203,1129001517,8,2,6,0,4,1,3,0,0,0,1,0,1,0,0,0,3,1,2,0,0,2946.1416121
20203,1129001520,24,19,5,0,0,0,3,4,17,0,0,0,2,3,14,0,0,0,1,1,3,112264.001808
20203,1129001527,21,3,18,1,3,7,6,3,1,0,1,0,1,0,1,1,2,7,5,3,0,1815.25704643
20203,1129001529,836,443,393,10,107,148,194,210,167,8,67,96,91,95,86,2,40,52,103,115,81,3244.91565666
20203,1129001533,12,6,6,0,1,2,5,3,1,0,1,2,0,2,1,0,0,0,5,1,0,7005.07258843
20203,1129001541,4,2,2,0,0,0,3,1,0,0,0,0,1,1,0,0,0,0,2,0,0,5582.10152217
20203,1129001542,35,21,14,0,6,12,6,9,2,0,0,8,5,7,1,0,6,4,1,2,1,10809.4800919
20203,1129001543,9,5,4,0,2,4,2,0,1,0,2,2,1,0,0,0,0,2,1,0,1,4252.23772058
20203,1129001544,13,7,6,0,2,2,3,3,3,0,1,1,3,0,2,0,1,1,0,3,1,2769.46438583
20203,1129001546,41,13,28,4,14,5,9,8,1,0,3,3,3,4,0,4,11,2,6,4,1,3700.23516321
20203,1129001547,8,4,4,0,0,1,1,2,4,0,0,0,0,1,3,0,0,1,1,1,1,2283.89334788
20203,1129001549,3,2,1,0,0,0,0,1,2,0,0,0,0,0,2,0,0,0,0,1,0,3082.87086879
20203,1129001550,17,7,10,0,4,4,0,5,4,0,0,0,0,5,2,0,4,4,0,0,2,3963.01710403
20203,1129001551,3,2,1,0,0,0,2,1,0,0,0,0,1,1,0,0,0,0,1,0,0,1255.51300215
20203,1129001552,11,4,7,0,3,4,0,4,0,0,0,2,0,2,0,0,3,2,0,2,0,2288.87004357
20203,1129001553,3,0,3,0,0,1,1,0,1,0,0,0,0,0,0,0,0,1,1,0,1,1312.89575304
20203,1129001554,20,13,7,0,0,3,4,10,3,0,0,1,1,9,2,0,0,2,3,1,1,4500.72589937
20203,1129001556,2,1,1,0,0,0,1,0,1,0,0,0,0,0,1,0,0,0,1,0,0,2130.03979263
20203,1129001557,22,10,12,0,3,2,5,4,8,0,2,0,2,2,4,0,1,2,3,2,4,1823.5022601
20203,1129001558,4,2,2,0,0,0,4,0,0,0,0,0,2,0,0,0,0,0,2,0,0,4102.41936634
20203,1129001561,2,1,1,0,0,0,1,0,1,0,0,0,0,0,1,0,0,0,1,0,0,1632.12625983
20203,1129001564,2,1,1,0,0,0,1,0,1,0,0,0,0,0,1,0,0,0,1,0,0,13747.5201953
20203,1129001566,8,5,3,0,1,0,2,3,2,0,0,0,2,2,1,0,1,0,0,1,1,2783.57534131
20203,1129001567,3,0,3,0,1,0,0,2,0,0,0,0,0,0,0,0,1,0,0,2,0,10023.0335707
20203,1129001568,24,14,10,0,2,6,2,7,7,0,0,2,2,5,5,0,2,4,0,2,2,4343.0355389
20203,1129001569,26,13,13,0,3,5,8,5,5,0,1,2,4,2,4,0,2,3,4,3,1,14381.065832
20203,1129001570,13,10,3,0,0,3,2,5,3,0,0,3,1,3,3,0,0,0,1,2,0,1730.01425553
20203,1129001571,432,90,342,1,41,96,188,103,3,0,11,40,30,7,2,1,30,56,158,96,1,3964.85927945
20203,1129001572,362,112,250,0,18,131,177,24,12,0,6,34,48,12,12,0,12,97,129,12,0,8056.7275957
20203,1129001573,5,4,1,0,0,3,0,1,1,0,0,2,0,1,1,0,0,1,0,0,0,3278.67060907
20203,1129001574,14,9,5,0,2,3,6,2,1,0,1,2,3,2,1,0,1,1,3,0,0,5029.25642128
20203,1129001575,45,16,29,0,8,7,8,14,8,0,3,3,0,6,4,0,5,4,8,8,4,8008.16925497
20203,1129001576,20,13,7,0,2,6,6,5,1,0,2,3,5,3,0,0,0,3,1,2,1,2056.06663506
20203,1129001577,59,11,48,0,11,11,6,29,2,0,2,4,5,0,0,0,9,7,1,29,2,4200.93537208
20203,1129001578,122,88,34,0,3,13,50,42,14,0,0,11,38,31,8,0,3,2,12,11,6,5359.15774984
20203,1129001580,12,1,11,0,1,2,2,3,4,0,0,0,0,0,1,0,1,2,2,3,3,2692.58656665
20203,1129001581,16,6,10,0,1,3,4,4,4,0,0,0,2,1,3,0,1,3,2,3,1,5943.67095631
20203,1129001582,5,1,4,0,2,0,1,1,1,0,1,0,0,0,0,0,1,0,1,1,1,3755.61358973
20203,1129001583,188,60,128,0,40,88,41,12,7,0,9,26,16,4,5,0,31,62,25,8,2,2705.58063208
20203,1129001584,682,558,124,3,110,218,218,92,41,3,79,184,190,69,33,0,31,34,28,23,8,12585.539396
20203,1129001585,62,15,47,0,4,22,21,13,2,0,0,7,3,4,1,0,4,15,18,9,1,18159.6794215
20203,1129001586,236,75,161,0,33,30,40,49,84,0,11,13,13,11,27,0,22,17,27,38,57,6965.9160308
20203,1129001588,23,9,14,0,4,5,5,6,3,0,2,0,2,2,3,0,2,5,3,4,0,28616.6529241
20203,1129001589,9,5,4,0,1,1,3,4,0,0,0,1,1,3,0,0,1,0,2,1,0,2947.70634045
20203,1129001590,27,17,10,1,2,9,7,6,2,0,2,6,4,4,1,1,0,3,3,2,1,4798.23307808
20203,1129001591,21,10,11,0,5,3,6,4,3,0,1,2,3,2,2,0,4,1,3,2,1,2138.14774143
20203,1129001595,16,12,4,0,0,7,1,6,2,0,0,5,0,5,2,0,0,2,1,1,0,1784.00920877
20203,1129001602,6,5,1,0,0,0,1,3,2,0,0,0,1,2,2,0,0,0,0,1,0,2389.19628428
20203,1129001604,7,2,5,0,2,0,3,2,0,0,1,0,0,1,0,0,1,0,3,1,0,13313.163929
20203,1129001607,60,51,9,0,1,11,10,24,14,0,1,5,9,23,13,0,0,6,1,1,1,7635.27289405
20203,1129001610,53,30,23,0,4,21,12,4,12,0,1,13,5,4,7,0,3,8,7,0,5,23111.2737032
20203,1129001611,19,18,1,0,6,5,2,3,3,0,6,5,2,3,2,0,0,0,0,0,1,9148.49375224
20203,1129001612,2,2,0,0,0,0,1,1,0,0,0,0,1,1,0,0,0,0,0,0,0,3095.44501609
20203,1129001616,124,24,100,0,14,20,35,50,5,0,7,4,7,5,1,0,7,16,28,45,4,8470.10363357
20203,1129001617,42,23,19,0,6,9,18,1,8,0,1,3,12,0,7,0,5,6,6,1,1,14624.148448
20203,1129001618,24,18,6,0,6,5,8,4,1,0,4,3,6,4,1,0,2,2,2,0,0,6027.49492595
20203,1129001619,3,1,2,0,0,2,0,0,1,0,0,0,0,0,1,0,0,2,0,0,0,1286.20306618
20203,1129001620,4,3,1,0,0,0,1,3,0,0,0,0,1,2,0,0,0,0,0,1,0,3699.48213505
20203,1129001624,1,1,0,0,0,0,1,0,0,0,0,0,1,0,0,0,0,0,0,0,0,1939.28228487
20203,1129001628,9,6,3,0,1,1,2,2,3,0,0,1,2,1,2,0,1,0,0,1,1,2708.79202984
20203,1129001629,8,8,0,0,2,0,4,1,1,0,2,0,4,1,1,0,0,0,0,0,0,3474.47241604
20203,1129001631,2,1,1,0,0,0,0,1,1,0,0,0,0,1,0,0,0,0,0,0,1,2526.9182402
20203,1129001640,2,2,0,0,0,0,0,2,0,0,0,0,0,2,0,0,0,0,0,0,0,6906.31589345
20203,1129001644,62,42,20,0,1,11,18,24,8,0,0,5,13,18,6,0,1,6,5,6,2,17096.9992394
20203,1129001645,6,2,4,0,0,1,1,0,4,0,0,0,1,0,1,0,0,1,0,0,3,1706.17310916
20203,1129001646,15,10,5,0,1,2,3,4,5,0,1,1,3,2,3,0,0,1,0,2,2,7776.28594244
20203,1129001649,6,3,3,0,1,1,0,2,2,0,1,0,0,1,1,0,0,1,0,1,1,3571.2929428
20203,1129001652,59,54,5,0,4,7,31,16,1,0,4,5,28,16,1,0,0,2,3,0,0,11076.9615897
20203,1129001653,1,1,0,0,0,0,0,0,1,0,0,0,0,0,1,0,0,0,0,0,0,531.4830948
20203,1129001657,20,12,8,0,3,1,4,6,6,0,1,1,1,4,5,0,2,0,3,2,1,7318.72766697
20203,1129001659,117,110,7,0,23,26,40,21,7,0,19,24,39,21,7,0,4,2,1,0,0,4489.0919205
20203,1129001660,2,0,2,0,0,0,0,1,1,0,0,0,0,0,0,0,0,0,0,1,1,1786.09024829
20203,1129001661,3,2,1,0,1,1,0,1,0,0,0,1,0,1,0,0,1,0,0,0,0,4540.41539848
20203,1129001663,3,1,2,0,1,0,0,2,0,0,0,0,0,1,0,0,1,0,0,1,0,2767.61504058
20203,1129001666,35,4,31,0,7,11,10,7,0,0,0,1,2,1,0,0,7,10,8,6,0,13506.0754743
20203,1129001668,20,11,9,0,1,4,5,2,8,0,0,2,4,1,4,0,1,2,1,1,4,8051.24339719
20203,1129001669,3,2,1,0,1,0,0,1,1,0,1,0,0,0,1,0,0,0,0,1,0,4217.65010909
20203,1129001670,2,1,1,0,0,0,1,1,0,0,0,0,0,1,0,0,0,0,1,0,0,4432.79953572
20203,1129001673,107,36,71,0,5,23,47,26,6,0,1,5,15,11,4,0,4,18,32,15,2,42048.6372977
20203,1129001674,6,5,1,0,0,1,0,5,0,0,0,1,0,4,0,0,0,0,0,1,0,5319.85616062
20203,1129001675,8,4,4,0,1,5,1,1,0,0,0,4,0,0,0,0,1,1,1,1,0,4405.43144491
20203,1129001677,5,3,2,0,0,1,2,1,1,0,0,1,1,1,0,0,0,0,1,0,1,18777.2333451
20203,1129001678,253,207,46,5,27,75,82,40,24,1,11,70,74,34,17,4,16,5,8,6,7,31709.101242
20203,1129001680,275,110,165,0,46,115,62,31,21,0,12,37,35,12,14,0,34,78,27,19,7,31423.9957706
20203,1129001681,159,124,35,6,42,59,35,11,6,6,36,54,23,5,0,0,6,5,12,6,6,4056.36903134
20203,1129001683,56,29,27,0,4,9,16,19,8,0,2,2,6,13,6,0,2,7,10,6,2,57347.5502962
20203,1129001685,31,17,14,0,6,10,9,4,2,0,4,8,4,0,1,0,2,2,5,4,1,9737.43556297
20203,1129001686,292,231,61,0,42,76,122,35,17,0,24,64,106,28,9,0,18,12,16,7,8,11872.4971689
20203,1129001687,15,3,12,0,6,3,2,3,1,0,0,0,0,2,1,0,6,3,2,1,0,6060.75766147
20203,1129001691,34,26,8,0,4,6,12,5,7,0,2,4,9,5,6,0,2,2,3,0,1,3565.23037215
20203,1129001695,29,10,19,0,3,2,7,8,9,0,2,2,4,1,1,0,1,0,3,7,8,9635.54196006
20203,1129001696,8,5,3,0,0,0,3,4,1,0,0,0,2,2,1,0,0,0,1,2,0,21940.0663842
20203,1129001697,287,166,121,3,123,71,40,34,16,0,56,46,29,24,11,3,67,25,11,10,5,3701.5317609
20203,1129001698,113,56,57,0,14,35,33,25,6,0,4,14,13,20,5,0,10,21,20,5,1,36366.1105139
20203,1129001699,203,155,48,0,19,62,53,60,9,0,13,46,43,45,8,0,6,16,10,15,1,18370.718007
20203,1129001701,55,33,22,0,9,10,11,13,12,0,5,7,7,7,7,0,4,3,4,6,5,14579.7433132
20203,1129001706,10,4,6,0,2,1,1,2,4,0,0,0,0,1,3,0,2,1,1,1,1,8823.65887523
20203,1129001707,100,41,59,0,17,42,34,5,2,0,5,12,20,2,2,0,12,30,14,3,0,2298.36418357
20203,1129001710,7,3,4,0,1,0,4,0,2,0,0,0,1,0,2,0,1,0,3,0,0,9280.69115543
20203,1129001711,1,1,0,0,0,0,0,0,1,0,0,0,0,0,1,0,0,0,0,0,0,3813.48944324
20203,1129001712,389,264,125,3,93,154,89,33,17,0,50,111,61,26,16,3,43,43,28,7,1,50964.5354988
20203,1129001713,7,6,1,0,0,0,3,2,2,0,0,0,2,2,2,0,0,0,1,0,0,15040.4546882
20203,1129001714,2,1,1,0,0,0,1,1,0,0,0,0,1,0,0,0,0,0,0,1,0,61113.2339719
20203,1129001717,5,3,2,0,0,0,3,1,1,0,0,0,2,0,1,0,0,0,1,1,0,2859.45799565
20203,1129001718,20,20,0,0,1,2,4,10,3,0,1,2,4,10,3,0,0,0,0,0,0,5182.60388761
20203,1129001720,113,81,32,0,9,24,27,35,18,0,3,17,20,25,16,0,6,7,7,10,2,14588.5181186
20203,1129001721,2,2,0,0,0,1,0,0,1,0,0,1,0,0,1,0,0,0,0,0,0,35726.6010143
20203,1129001722,115,50,65,3,39,21,21,23,8,1,20,10,12,6,1,2,19,11,9,17,7,208944.212216
20203,1129001723,1007,400,607,4,392,409,176,22,4,1,168,178,43,6,4,3,224,231,133,16,0,17351.2547931
20203,1129001725,115,105,10,0,14,26,36,30,9,0,11,24,33,29,8,0,3,2,3,1,1,3211.27340679
20203,1129001727,60,37,23,0,16,23,16,4,1,0,10,15,9,3,0,0,6,8,7,1,1,11404.1999449
20203,1129001728,122,113,9,0,0,3,13,52,54,0,0,1,11,49,52,0,0,2,2,3,2,10298.3745181
20203,1129001729,39,21,18,0,9,8,16,5,1,0,1,3,13,4,0,0,8,5,3,1,1,14429.3177552
20203,1129001731,352,338,14,0,36,100,101,105,10,0,32,96,96,105,9,0,4,4,5,0,1,15322.0620527
20203,1129001732,22,14,8,0,3,5,4,8,2,0,3,4,2,4,1,0,0,1,2,4,1,7008.62593422
20203,1129001733,507,385,122,1,154,156,83,102,11,0,74,127,72,102,10,1,80,29,11,0,1,14141.332928
20203,1129001734,11,5,6,0,4,1,2,2,2,0,1,1,1,1,1,0,3,0,1,1,1,16218.749889
20203,1129001735,2,1,1,0,1,0,1,0,0,0,0,0,1,0,0,0,1,0,0,0,0,3143.56685703
20203,1129001736,888,751,137,0,105,305,278,187,13,0,54,259,248,178,12,0,51,46,30,9,1,20885.5474179
20203,1129001737,4,4,0,0,0,1,2,0,1,0,0,1,2,0,1,0,0,0,0,0,0,6677.97298018
20203,1129001738,12087,11233,854,5,892,2435,3701,4847,207,0,725,2094,3516,4751,147,5,167,341,185,96,60,36702.3474634
20203,1129001739,61,36,25,0,1,19,25,12,4,0,0,11,11,10,4,0,1,8,14,2,0,3342.16520041
20203,1129001740,7,4,3,0,0,2,3,1,1,0,0,1,2,1,0,0,0,1,1,0,1,11136.2202808
20203,1129001741,19,8,11,1,5,1,7,3,2,0,4,0,3,0,1,1,1,1,4,3,1,14491.8325383
20203,1129001742,82,45,37,0,8,18,22,15,19,0,4,7,10,10,14,0,4,11,12,5,5,59407.2168511
20203,1129001743,35,22,13,0,7,11,9,6,2,0,5,7,6,3,1,0,2,4,3,3,1,45676.2336692
20203,1129001744,277,230,47,1,36,85,92,55,8,0,23,60,87,53,7,1,13,25,5,2,1,4252.37959544
20203,1129001747,554,197,357,0,114,176,203,59,2,0,31,48,81,35,2,0,83,128,122,24,0,62215.1849167
20203,1129001748,22,18,4,0,1,4,5,8,4,0,0,4,3,8,3,0,1,0,2,0,1,13250.2462508
20203,1129001750,62,55,7,1,3,5,11,21,21,1,2,4,10,19,19,0,1,1,1,2,2,4991.29551256
20203,1129001752,268,138,130,2,94,38,39,37,58,0,42,19,26,18,33,2,52,19,13,19,25,32129.1420407
20203,1129001754,37,21,16,0,4,9,13,5,6,0,3,6,4,2,6,0,1,3,9,3,0,56238.503021
20203,1129001755,8,5,3,0,0,3,1,1,3,0,0,2,1,1,1,0,0,1,0,0,2,15866.9890591
20203,1129001757,971,449,522,0,262,307,224,139,39,0,77,122,129,93,28,0,185,185,95,46,11,115183.835906
20203,1129001758,9,6,3,0,0,2,1,1,5,0,0,1,0,0,5,0,0,1,1,1,0,461704.104484
20203,1129001759,21,9,12,0,4,6,7,3,1,0,0,2,3,3,1,0,4,4,4,0,0,127972.990805
20203,1129001760,12,5,7,0,0,2,5,3,2,0,0,0,1,2,2,0,0,2,4,1,0,173578.137983
20203,1129001762,81,60,21,0,9,13,26,17,16,0,6,10,17,13,14,0,3,3,9,4,2,3792.49172069
20203,1129001763,38,19,19,0,7,9,11,9,2,0,2,5,5,6,1,0,5,4,6,3,1,3685.11917834
20203,1129001765,89,64,25,0,7,10,25,24,23,0,2,6,19,20,17,0,5,4,6,4,6,3195.51657621
20203,1129001766,84,69,15,0,11,13,23,28,9,0,7,10,20,23,9,0,4,3,3,5,0,2626.50736881
20203,1129001767,4,3,1,0,1,0,0,0,3,0,0,0,0,0,3,0,1,0,0,0,0,2362.44833114
20203,1129001769,7,5,2,0,0,0,1,4,2,0,0,0,0,3,2,0,0,0,1,1,0,7690.69074465
20203,1129001771,28,18,10,0,1,5,12,7,3,0,1,2,6,6,3,0,0,3,6,1,0,5002.07761172
20203,1129001772,2,2,0,0,0,0,0,1,1,0,0,0,0,1,1,0,0,0,0,0,0,5441.09988607
20203,1129001775,22,17,5,0,7,10,2,1,2,0,5,9,2,1,0,0,2,1,0,0,2,4574.31319467
20203,1129001777,676,506,170,3,121,184,150,147,71,3,79,140,120,117,47,0,42,44,30,30,24,5672.70743044
20203,1129001780,39,24,15,0,2,13,9,10,5,0,1,11,4,4,4,0,1,2,5,6,1,12966.6739742
20203,1129001781,49,27,22,1,13,11,10,11,3,0,5,6,9,4,3,1,8,5,1,7,0,679.953867576
20203,1129001782,301,249,52,1,33,90,111,66,0,0,26,81,91,51,0,1,7,9,20,15,0,5627.30439485
20203,1129001787,5,2,3,0,0,2,0,2,1,0,0,1,0,0,1,0,0,1,0,2,0,1932.05015884
20203,1129001790,2,2,0,0,0,0,2,0,0,0,0,0,2,0,0,0,0,0,0,0,0,953.419858708
20203,1129001791,23,13,10,0,12,9,1,1,0,0,6,6,1,0,0,0,6,3,0,1,0,5521.52808952
20203,1129001792,4,2,2,0,0,0,1,3,0,0,0,0,0,2,0,0,0,0,1,1,0,6575.87772822
20203,1129001793,8,4,4,0,0,1,0,3,4,0,0,1,0,0,3,0,0,0,0,3,1,1556.47288448
20203,1129001796,2,1,1,0,0,0,0,2,0,0,0,0,0,1,0,0,0,0,0,1,0,5927.95159607
20203,1129001797,3,3,0,0,0,0,0,3,0,0,0,0,0,3,0,0,0,0,0,0,0,3749.07707306
20203,1129001798,4,2,2,0,0,0,2,0,2,0,0,0,2,0,0,0,0,0,0,0,2,2491.22563213
20203,1129001799,7,1,6,0,3,3,0,0,1,0,1,0,0,0,0,0,2,3,0,0,1,3497.66272857
20203,1129001800,22,6,16,1,10,7,2,0,2,0,0,3,2,0,1,1,10,4,0,0,1,2929.06750307
20203,1129001802,5,4,1,0,0,1,2,2,0,0,0,1,1,2,0,0,0,0,1,0,0,1957.18080496
20203,1129001803,10,1,9,0,2,5,2,0,1,0,0,1,0,0,0,0,2,4,2,0,1,3701.79853524
20203,1129001805,173,162,11,0,3,13,17,56,84,0,2,10,15,54,81,0,1,3,2,2,3,7603.20550094
20203,1129001806,6,5,1,0,0,1,0,3,2,0,0,1,0,3,1,0,0,0,0,0,1,6103.56689588
20203,1129001809,393,366,27,0,18,51,87,144,93,0,15,49,81,132,89,0,3,2,6,12,4,4015.54869065
20203,1129001811,3,1,2,0,0,1,1,0,1,0,0,0,0,0,1,0,0,1,1,0,0,4013.3108732
20203,1129001813,1027,535,492,0,91,342,397,191,6,0,29,148,235,117,6,0,62,194,162,74,0,1236.84460347
20203,1129001817,15,9,6,0,0,4,3,1,7,0,0,1,2,0,6,0,0,3,1,1,1,4900.68402436
20203,1129001819,70,66,4,0,3,0,9,33,25,0,1,0,8,33,24,0,2,0,1,0,1,2866.42817973
20203,1129001821,437,335,102,1,126,198,91,17,4,0,86,158,76,13,2,1,40,40,15,4,2,6101.43159287
20203,1129001822,121,44,77,0,27,24,36,19,15,0,10,8,10,10,6,0,17,16,26,9,9,3977.64529884
20203,1129001823,12,7,5,0,0,0,1,3,8,0,0,0,1,0,6,0,0,0,0,3,2,9128.55318805
20203,1129001824,16,9,7,0,4,4,3,2,3,0,3,2,2,0,2,0,1,2,1,2,1,8815.50505784
20203,1129001826,7,6,1,0,3,3,1,0,0,0,2,3,1,0,0,0,1,0,0,0,0,1169.4131382
20203,1129001831,24,19,5,0,3,4,9,5,3,0,2,2,8,4,3,0,1,2,1,1,0,3705.6866103
20203,1129001834,2,1,1,0,0,1,1,0,0,0,0,0,1,0,0,0,0,1,0,0,0,1737.95598376
20203,1129001837,5,2,3,0,0,0,2,1,2,0,0,0,0,0,2,0,0,0,2,1,0,4200.31347075
20203,1129001838,20,0,20,0,9,2,4,5,0,0,0,0,0,0,0,0,9,2,4,5,0,1605.0396624
20203,1129001839,2,1,1,0,0,0,1,1,0,0,0,0,0,1,0,0,0,0,1,0,0,2216.78679614
20203,1129001843,16,5,11,1,3,4,2,4,2,0,0,1,2,1,1,1,3,3,0,3,1,6201.15364473
20203,1129001844,8,1,7,0,1,2,1,0,4,0,0,0,0,0,1,0,1,2,1,0,3,1180.56938563
20203,1129001845,6,2,4,0,2,1,1,0,2,0,0,1,0,0,1,0,2,0,1,0,1,1469.88884095
20203,1129001846,2,2,0,0,0,0,1,0,1,0,0,0,1,0,1,0,0,0,0,0,0,4253.98061194
20203,1129001847,10,9,1,0,2,5,3,0,0,0,2,4,3,0,0,0,0,1,0,0,0,3085.97983842
20203,1129001849,5,2,3,0,1,0,1,3,0,0,1,0,0,1,0,0,0,0,1,2,0,1774.29074096
20203,1129001852,14,2,12,0,1,3,7,2,1,0,0,0,1,1,0,0,1,3,6,1,1,5600.35205905
20203,1129001854,28,7,21,0,12,9,5,1,1,0,0,2,3,1,1,0,12,7,2,0,0,2237.60939737
20203,1129001855,3,1,2,0,1,1,0,1,0,0,0,0,0,1,0,0,1,1,0,0,0,2625.55521993
20203,1129001856,11,8,3,0,0,3,5,3,0,0,0,3,3,2,0,0,0,0,2,1,0,2524.69968364
20203,1129001857,12,6,6,0,0,6,3,2,1,0,0,2,1,2,1,0,0,4,2,0,0,1269.0379333
20203,1129001858,9,6,3,0,0,1,2,1,5,0,0,1,0,1,4,0,0,0,2,0,1,2440.06803089
20203,1129001859,4,2,2,0,0,1,1,2,0,0,0,1,0,1,0,0,0,0,1,1,0,1274.74125263
20203,1129001862,22,11,11,0,3,3,6,5,5,0,0,2,3,3,3,0,3,1,3,2,2,1344.83088156
20203,1129001864,15,7,8,0,5,2,0,2,6,0,1,1,0,1,4,0,4,1,0,1,2,4159.64299935
20203,1129001865,13,10,3,0,1,5,2,4,1,0,0,4,2,3,1,0,1,1,0,1,0,5431.32381959
20203,1129001866,9,5,4,0,0,1,5,3,0,0,0,1,1,3,0,0,0,0,4,0,0,1978.40387727
20203,1129001868,6,4,2,0,1,4,0,0,1,0,0,3,0,0,1,0,1,1,0,0,0,2023.40280659
20203,1129001869,17,11,6,0,0,2,7,5,3,0,0,1,3,4,3,0,0,1,4,1,0,1213.87136607
20203,1129001871,20,6,14,0,4,3,6,7,0,0,0,2,0,4,0,0,4,1,6,3,0,5937.41628291
20203,1129001872,81,44,37,0,6,10,25,30,10,0,4,7,12,16,5,0,2,3,13,14,5,4385.11483318
20203,1129001873,17,10,7,0,0,2,9,3,3,0,0,2,5,0,3,0,0,0,4,3,0,6423.12726131
20203,1129001874,3,1,2,0,0,0,3,0,0,0,0,0,1,0,0,0,0,0,2,0,0,3041.35607503
20203,1129001877,24,17,7,0,1,2,11,5,5,0,1,1,8,3,4,0,0,1,3,2,1,2379.96039316
20203,1129001880,88,32,56,0,11,17,22,17,21,0,6,5,2,8,11,0,5,12,20,9,10,11745.6973191
20203,1129001882,7,5,2,0,0,0,1,6,0,0,0,0,0,5,0,0,0,0,1,1,0,2567.74991221
20203,1129001885,15,9,6,0,5,5,2,3,0,0,4,1,2,2,0,0,1,4,0,1,0,4631.45059836
20203,1129001890,2,2,0,0,0,0,2,0,0,0,0,0,2,0,0,0,0,0,0,0,0,1215.75226458
20203,1129001892,5,1,4,0,0,0,0,4,1,0,0,0,0,1,0,0,0,0,0,3,1,4712.9194268
20203,1129001893,7,6,1,0,2,1,3,0,1,0,2,1,3,0,0,0,0,0,0,0,1,4072.76141789
20203,1129001894,11,5,6,0,5,3,2,0,1,0,0,2,2,0,1,0,5,1,0,0,0,5014.25878933
20203,1129001895,20,4,16,0,1,0,5,12,2,0,0,0,0,3,1,0,1,0,5,9,1,4594.51232741
20203,1129001900,2,2,0,0,0,0,1,0,1,0,0,0,1,0,1,0,0,0,0,0,0,1438.37091732
20203,1129001902,6,4,2,0,1,1,0,0,4,0,1,1,0,0,2,0,0,0,0,0,2,2446.56008202
20203,1129001905,73,25,48,0,14,19,20,12,8,0,5,4,6,5,5,0,9,15,14,7,3,76031.7400242
20203,1129001908,9,3,6,0,1,2,4,1,1,0,0,1,1,0,1,0,1,1,3,1,0,2639.12239581
20203,1129001910,10,5,5,0,0,5,3,2,0,0,0,2,1,2,0,0,0,3,2,0,0,3448.69916309
20203,1129001911,9,3,6,0,0,0,6,2,1,0,0,0,3,0,0,0,0,0,3,2,1,4654.39745712
20203,1129001912,5,4,1,0,0,1,0,2,2,0,0,1,0,2,1,0,0,0,0,0,1,1587.62560515
20203,1129001913,4,4,0,0,0,1,0,2,1,0,0,1,0,2,1,0,0,0,0,0,0,1322.62881485
20203,1129001919,3,1,2,0,0,3,0,0,0,0,0,1,0,0,0,0,0,2,0,0,0,1226.92166334
20203,1129001921,1,0,1,0,0,1,0,0,0,0,0,0,0,0,0,0,0,1,0,0,0,1330.40119407
20203,1129001923,128,38,90,0,10,24,53,30,11,0,4,5,15,9,5,0,6,19,38,21,6,3420.0104574
20203,1129001932,3,0,3,0,1,0,0,2,0,0,0,0,0,0,0,0,1,0,0,2,0,2467.5735448
20203,1129001936,3,2,1,0,0,0,0,3,0,0,0,0,0,2,0,0,0,0,0,1,0,9166.11253513
20203,1129001941,46,12,34,0,16,13,7,8,2,0,4,4,3,0,1,0,12,9,4,8,1,9370.09863927
20203,1129001942,26,12,14,0,18,3,3,2,0,0,7,2,1,2,0,0,11,1,2,0,0,437947.697653
20203,1129001945,2,2,0,0,0,0,0,1,1,0,0,0,0,1,1,0,0,0,0,0,0,1967.90878546
20203,1129001946,6,6,0,0,0,3,3,0,0,0,0,3,3,0,0,0,0,0,0,0,0,1541.27775852
20203,1129001947,2,1,1,0,0,1,0,0,1,0,0,0,0,0,1,0,0,1,0,0,0,7388.18419486
20203,1129001948,44,12,32,0,5,1,14,17,7,0,1,1,2,3,5,0,4,0,12,14,2,16156.7338016
20203,1129001950,7,5,2,0,0,4,2,1,0,0,0,2,2,1,0,0,0,2,0,0,0,3221.76775899
20203,1129001953,6,4,2,0,0,0,3,3,0,0,0,0,2,2,0,0,0,0,1,1,0,9974.66027638
20203,1129001954,17,4,13,0,4,3,7,2,1,0,0,1,2,0,1,0,4,2,5,2,0,6849.4671825
20203,1129001955,56,37,19,0,11,16,13,11,5,0,8,11,9,6,3,0,3,5,4,5,2,3092.29561786
20203,1129001959,5,4,1,0,0,0,2,3,0,0,0,0,1,3,0,0,0,0,1,0,0,3289.24841544
20203,1129001960,2,2,0,0,0,0,1,1,0,0,0,0,1,1,0,0,0,0,0,0,0,1295.03307299
20203,1129001962,6,5,1,0,1,1,2,0,2,0,1,1,1,0,2,0,0,0,1,0,0,1859.69998736
20203,1129001964,243,154,89,2,21,47,70,68,35,2,16,28,39,47,22,0,5,19,31,21,13,4677.16547515
20203,1129001967,40,38,2,0,0,3,7,26,4,0,0,3,6,26,3,0,0,0,1,0,1,2753.5521339
20203,1129001968,155,134,21,0,4,8,23,64,56,0,1,7,16,58,52,0,3,1,7,6,4,1484.80235144
20203,1129001970,989,763,226,0,20,25,102,137,705,0,17,19,68,110,549,0,3,6,34,27,156,10142.1060422
20203,1129001981,8,8,0,0,0,1,6,1,0,0,0,1,6,1,0,0,0,0,0,0,0,1991.0859651
20203,1129001983,2,2,0,0,0,0,1,0,1,0,0,0,1,0,1,0,0,0,0,0,0,3496.91527157
20203,1129001986,11,0,11,0,1,3,4,1,2,0,0,0,0,0,0,0,1,3,4,1,2,1822.66614489
20203,1129001997,48,37,11,0,9,3,4,23,9,0,5,2,2,21,7,0,4,1,2,2,2,6168.94218231
20203,1129002002,1,1,0,0,0,0,0,1,0,0,0,0,0,1,0,0,0,0,0,0,0,3881.52250267
20203,1129002003,4,2,2,0,0,0,1,2,1,0,0,0,0,1,1,0,0,0,1,1,0,1632.91902632
20203,1129002007,9,2,7,0,2,1,5,1,0,0,0,0,1,1,0,0,2,1,4,0,0,4233.0347951
20203,1129002009,3,2,1,0,0,0,2,1,0,0,0,0,1,1,0,0,0,0,1,0,0,2124.45724996
20203,1129002012,15,4,11,0,0,0,3,11,1,0,0,0,1,2,1,0,0,0,2,9,0,1507.14214812
20203,1129002016,24,11,13,0,5,5,7,4,3,0,0,3,5,2,1,0,5,2,2,2,2,3779.15199954
20203,1129002021,8,6,2,0,0,4,2,2,0,0,0,4,0,2,0,0,0,0,2,0,0,1576.48788212
20203,1129002022,4,2,2,0,1,0,2,0,1,0,0,0,1,0,1,0,1,0,1,0,0,4191.55035887
20203,1129002023,116,57,59,0,21,31,27,22,15,0,8,13,11,14,11,0,13,18,16,8,4,11480.5519753
20203,1129002039,2,2,0,0,1,0,0,1,0,0,1,0,0,1,0,0,0,0,0,0,0,1334.84037769
20203,1129002043,3,3,0,0,0,0,0,1,2,0,0,0,0,1,2,0,0,0,0,0,0,1435.64434277
20203,1129002046,58,14,44,0,0,4,13,18,23,0,0,4,4,4,2,0,0,0,9,14,21,8749.50762102
20203,1129002047,2,1,1,0,0,0,1,1,0,0,0,0,1,0,0,0,0,0,0,1,0,3870.47638498
20203,1129002048,5,3,2,0,0,1,1,2,1,0,0,0,1,2,0,0,0,1,0,0,1,1443.41986327
20203,1129002049,11,10,1,0,0,2,3,4,2,0,0,2,2,4,2,0,0,0,1,0,0,1672.3509793
20203,1129002053,21,5,16,0,2,10,4,5,0,0,0,5,0,0,0,0,2,5,4,5,0,1894.38440958
20203,1129002059,84,61,23,1,11,22,35,11,4,1,6,19,30,5,0,0,5,3,5,6,4,4709.91195331
20203,1129002060,13,6,7,0,6,3,2,2,0,0,2,1,1,2,0,0,4,2,1,0,0,1810.84668155
20203,1129002068,3,1,2,0,0,0,3,0,0,0,0,0,1,0,0,0,0,0,2,0,0,2267.13034229
20203,1129002072,3,3,0,0,0,0,0,2,1,0,0,0,0,2,1,0,0,0,0,0,0,1338.37583629
20203,1129002077,13,4,9,0,7,2,2,1,1,0,0,1,2,0,1,0,7,1,0,1,0,1355.91522144
20203,1129002080,10,0,10,0,1,3,3,2,1,0,0,0,0,0,0,0,1,3,3,2,1,2501.95897082
20203,1129002083,3,0,3,0,1,2,0,0,0,0,0,0,0,0,0,0,1,2,0,0,0,2980.77335471
20203,1129002084,179,29,150,0,34,58,48,38,1,0,3,8,9,9,0,0,31,50,39,29,1,13593.4671353
20203,1129002086,5,4,1,0,0,0,1,3,1,0,0,0,1,2,1,0,0,0,0,1,0,5751.88011396
20203,1129002087,10,0,10,0,1,3,4,2,0,0,0,0,0,0,0,0,1,3,4,2,0,1676.80587636
20203,1129002090,6,5,1,0,0,2,1,3,0,0,0,2,1,2,0,0,0,0,0,1,0,1737.84172402
20203,1129002091,4,3,1,0,0,0,0,3,1,0,0,0,0,2,1,0,0,0,0,1,0,3879.23639159
20203,1129002093,7,5,2,0,1,1,3,2,0,0,1,1,2,1,0,0,0,0,1,1,0,1683.362008
20203,1129002094,2,1,1,0,0,1,1,0,0,0,0,1,0,0,0,0,0,0,1,0,0,2410.06826046
20203,1129002105,3,2,1,0,0,1,2,0,0,0,0,1,1,0,0,0,0,0,1,0,0,2036.80540496
20203,1129002107,11,4,7,0,0,4,4,2,1,0,0,0,2,1,1,0,0,4,2,1,0,4800.9954326
20203,1129002118,2,1,1,0,0,2,0,0,0,0,0,1,0,0,0,0,0,1,0,0,0,2098.21971208
20203,1129002124,5,2,3,0,0,1,0,2,2,0,0,1,0,0,1,0,0,0,0,2,1,2433.43492417
20203,1129002126,173,72,101,0,14,29,53,27,50,0,4,10,28,12,18,0,10,19,25,15,32,2709.43073191
20203,1129002128,10,1,9,0,1,0,2,6,1,0,0,0,0,0,1,0,1,0,2,6,0,3326.39011218
20203,1129002138,1,1,0,0,0,0,1,0,0,0,0,0,1,0,0,0,0,0,0,0,0,533.733970255
20203,1129002154,54,15,39,1,10,21,16,3,3,1,2,5,6,1,0,0,8,16,10,2,3,5325.53662008
20203,1129002156,35,9,26,0,3,5,4,5,18,0,0,2,3,1,3,0,3,3,1,4,15,4538.77153372
20203,1129002163,23,5,18,0,6,1,10,6,0,0,0,0,1,4,0,0,6,1,9,2,0,6501.85395217
20203,1129002168,30,13,17,0,3,6,11,4,6,0,0,1,7,0,5,0,3,5,4,4,1,5826.40881998
20203,1129002171,2,0,2,0,0,2,0,0,0,0,0,0,0,0,0,0,0,2,0,0,0,10329.6850449
20203,1129002181,3,3,0,0,0,1,1,0,1,0,0,1,1,0,1,0,0,0,0,0,0,5679.50517494
20203,1129002182,224,140,84,1,30,64,82,29,18,0,17,43,44,21,15,1,13,21,38,8,3,3129.97681504
20203,1129002184,4,2,2,0,0,3,1,0,0,0,0,2,0,0,0,0,0,1,1,0,0,1770.72861873
20203,1129002185,3,2,1,0,1,0,1,1,0,0,1,0,1,0,0,0,0,0,0,1,0,1834.70040303
20203,1129002186,2,1,1,0,0,0,2,0,0,0,0,0,1,0,0,0,0,0,1,0,0,3832.37423793
20203,1129002188,3,2,1,0,0,0,1,2,0,0,0,0,0,2,0,0,0,0,1,0,0,3403.37784519
20203,1129002190,2,2,0,0,0,1,0,1,0,0,0,1,0,1,0,0,0,0,0,0,0,3530.87557737
20203,1129002192,2,2,0,0,0,0,0,2,0,0,0,0,0,2,0,0,0,0,0,0,0,3566.39001961
20203,1129002193,3,2,1,0,0,0,0,2,1,0,0,0,0,1,1,0,0,0,0,1,0,3217.46525943
20203,1129002195,101,69,32,0,11,24,31,13,22,0,6,18,22,10,13,0,5,6,9,3,9,22349.1448746
20203,1129002196,4,2,2,0,1,2,0,1,0,0,0,1,0,1,0,0,1,1,0,0,0,1252.91435252
20203,1129002198,35,22,13,0,1,7,8,9,10,0,1,3,3,7,8,0,0,4,5,2,2,7752.24972337
20203,1129002199,2,1,1,0,0,1,0,1,0,0,0,0,0,1,0,0,0,1,0,0,0,3624.71100486
20203,1129002201,2,1,1,0,0,0,0,0,2,0,0,0,0,0,1,0,0,0,0,0,1,2906.53584558
20203,1129002203,36,32,4,0,4,3,11,12,6,0,4,2,9,11,6,0,0,1,2,1,0,4622.10989553
20203,1129002204,7,4,3,0,1,3,2,0,1,0,0,1,2,0,1,0,1,2,0,0,0,8681.19333025
20203,1129002205,6,0,6,0,1,2,0,3,0,0,0,0,0,0,0,0,1,2,0,3,0,8030.38680177
20203,1129002207,23,12,11,0,1,6,3,6,7,0,0,3,1,2,6,0,1,3,2,4,1,4035.81071771
20203,1129002208,332,173,159,0,32,101,104,63,32,0,12,50,64,28,19,0,20,51,40,35,13,10145.1995628
20203,1129002209,5,0,5,0,0,2,1,1,1,0,0,0,0,0,0,0,0,2,1,1,1,1273.98623352
20203,1129002210,38,15,23,0,7,8,9,7,7,0,2,3,2,3,5,0,5,5,7,4,2,8120.09588535
20203,1129002211,21,9,12,0,0,1,5,8,7,0,0,1,1,3,4,0,0,0,4,5,3,4500.74404008
20203,1129002212,65,35,30,0,5,14,13,16,17,0,2,9,6,11,7,0,3,5,7,5,10,8957.09524743
20203,1129002213,45,22,23,0,2,7,16,16,4,0,1,3,7,9,2,0,1,4,9,7,2,14995.2650451
20203,1129002214,7,6,1,0,0,1,2,1,3,0,0,1,2,0,3,0,0,0,0,1,0,1731.99791452
20203,1129002215,6,2,4,0,1,0,2,2,1,0,0,0,1,0,1,0,1,0,1,2,0,3440.34008297
20203,1129002218,52,34,18,1,10,13,16,8,4,0,5,9,12,6,2,1,5,4,4,2,2,14864.3252315
20203,1129002219,7,5,2,0,2,1,2,2,0,0,1,1,1,2,0,0,1,0,1,0,0,5857.28448504
20203,1129002221,22,10,12,0,4,6,2,5,5,0,1,1,0,4,4,0,3,5,2,1,1,12600.4196396
20203,1129002223,6,2,4,0,0,0,2,4,0,0,0,0,0,2,0,0,0,0,2,2,0,3021.59637702
20203,1129002225,16,6,10,0,1,4,6,3,2,0,0,1,4,0,1,0,1,3,2,3,1,3273.96716563
20203,1129002229,1627,1166,461,0,310,658,319,221,119,0,169,480,226,177,114,0,141,178,93,44,5,441421.287997
20203,1129002231,26,12,14,0,0,5,13,3,5,0,0,1,6,1,4,0,0,4,7,2,1,5168.98395907
20203,1129002233,3,1,2,0,0,0,1,0,2,0,0,0,0,0,1,0,0,0,1,0,1,3429.18856967
20203,1129002236,9,2,7,0,2,5,2,0,0,0,0,2,0,0,0,0,2,3,2,0,0,5999.12956369
20203,1129002238,5,4,1,0,1,2,2,0,0,0,1,2,1,0,0,0,0,0,1,0,0,8420.20371284
20203,1129002243,17,1,16,0,3,7,4,2,1,0,0,0,0,0,1,0,3,7,4,2,0,169635.383512
20203,1129002244,14,2,12,0,4,2,4,3,1,0,0,0,0,2,0,0,4,2,4,1,1,5380.12712583
20203,1129002245,6,3,3,0,2,1,1,0,2,0,1,1,1,0,0,0,1,0,0,0,2,2074.48980596
20203,1129002248,3,2,1,0,1,0,0,2,0,0,1,0,0,1,0,0,0,0,0,1,0,956.49386295
20203,1129002249,282,263,19,0,7,10,13,15,237,0,6,7,4,12,234,0,1,3,9,3,3,19442.8273689
20203,1129002250,55,19,36,0,26,15,8,4,2,0,5,7,4,1,2,0,21,8,4,3,0,14181.1653138
20203,1129002252,2,2,0,0,0,0,2,0,0,0,0,0,2,0,0,0,0,0,0,0,0,3337.16519792
20203,1129002253,2,2,0,0,0,0,0,2,0,0,0,0,0,2,0,0,0,0,0,0,0,2807.55795774
20203,1129002254,132,97,35,0,5,46,53,24,4,0,1,32,41,20,3,0,4,14,12,4,1,5285.01129929
20203,1129002259,2,1,1,0,0,0,0,1,1,0,0,0,0,0,1,0,0,0,0,1,0,2217.39757024
20203,1129002262,10,1,9,0,0,3,1,2,4,0,0,0,0,0,1,0,0,3,1,2,3,2223.12867025
20203,1129002263,6,4,2,0,0,0,1,4,1,0,0,0,0,4,0,0,0,0,1,0,1,3466.09500634
20203,1129002264,2,0,2,0,0,0,1,0,1,0,0,0,0,0,0,0,0,0,1,0,1,4824.49219195
20203,1129002265,6,1,5,0,0,1,4,1,0,0,0,0,1,0,0,0,0,1,3,1,0,1242.80683928
20203,1129002267,20,5,15,2,12,1,4,0,1,0,2,0,2,0,1,2,10,1,2,0,0,2775.1633575
20203,1129002268,168,57,111,0,37,23,26,55,27,0,13,15,12,11,6,0,24,8,14,44,21,36458.9526739
20203,1129002270,17,10,7,0,4,5,1,5,2,0,4,4,1,0,1,0,0,1,0,5,1,1475.42593303
20203,1129002274,16,1,15,0,5,6,1,1,3,0,0,0,0,0,1,0,5,6,1,1,2,4669.56432472
20203,1129002279,92,31,61,0,9,28,25,27,3,0,5,4,10,9,3,0,4,24,15,18,0,10094.5325662
20203,1129002282,158,116,42,1,28,64,40,15,10,1,22,53,22,9,9,0,6,11,18,6,1,4021.73304909
20203,1129002289,19,5,14,0,4,2,5,8,0,0,1,0,1,3,0,0,3,2,4,5,0,9705.0365792
20203,1129002290,250,137,113,0,7,22,88,97,36,0,0,8,52,54,23,0,7,14,36,43,13,42011.6324016
20203,1129002291,2,1,1,0,0,0,0,2,0,0,0,0,0,1,0,0,0,0,0,1,0,929.497139492
20203,1129002292,9,7,2,0,0,1,3,4,1,0,0,1,2,3,1,0,0,0,1,1,0,3039.09428775
20203,1129002293,6,5,1,0,1,1,3,1,0,0,0,1,3,1,0,0,1,0,0,0,0,2077.61239976
20203,1129002294,7,6,1,0,1,0,4,2,0,0,1,0,4,1,0,0,0,0,0,1,0,8727.81815393
20203,1129002301,2,1,1,0,0,0,0,0,2,0,0,0,0,0,1,0,0,0,0,0,1,1077.75832975
20203,1129002303,19,14,5,0,1,4,8,4,2,0,1,2,6,3,2,0,0,2,2,1,0,1920.66345941
20203,1129002307,26,15,11,0,1,3,8,10,4,0,1,3,5,4,2,0,0,0,3,6,2,13700.153053
20203,1129002313,2,1,1,0,0,1,1,0,0,0,0,0,1,0,0,0,0,1,0,0,0,826.490001464
20203,1129002318,666,429,237,1,166,159,181,111,48,0,91,118,113,64,43,1,75,41,68,47,5,3428.74690881
20203,1129002319,2,0,2,0,0,0,0,0,2,0,0,0,0,0,0,0,0,0,0,0,2,4658.41670517
20203,1129002323,2,1,1,0,0,0,0,2,0,0,0,0,0,1,0,0,0,0,0,1,0,475.323322453
20203,1129002326,1,1,0,0,0,0,0,1,0,0,0,0,0,1,0,0,0,0,0,0,0,2359.65263058
20203,1129002327,6,2,4,0,1,0,3,1,1,0,1,0,1,0,0,0,0,0,2,1,1,2827.66203477
20203,1129002328,10,0,10,0,1,5,2,2,0,0,0,0,0,0,0,0,1,5,2,2,0,80656.4532543
20203,1129002333,14,3,11,0,3,3,5,2,1,0,0,1,2,0,0,0,3,2,3,2,1,3902.50395142
20203,1129002335,19,10,9,0,2,3,4,5,5,0,1,1,3,2,3,0,1,2,1,3,2,4812.48497944
20203,1129002336,69,15,54,0,14,15,20,16,4,0,4,3,2,4,2,0,10,12,18,12,2,11972.4676867
20203,1129002339,3,2,1,0,0,0,0,3,0,0,0,0,0,2,0,0,0,0,0,1,0,2735.23796963
20203,1129002341,13,6,7,0,7,3,2,1,0,0,3,2,1,0,0,0,4,1,1,1,0,1288.63460844
20203,1129002342,13,8,5,0,4,3,5,0,1,0,3,2,2,0,1,0,1,1,3,0,0,1763.56480908
20203,1129002343,1,1,0,0,0,0,1,0,0,0,0,0,1,0,0,0,0,0,0,0,0,760.370671509
20203,1129002345,2,2,0,0,0,2,0,0,0,0,0,2,0,0,0,0,0,0,0,0,0,2031.83967628
20203,1129002347,2,1,1,0,0,1,1,0,0,0,0,0,1,0,0,0,0,1,0,0,0,2901.35365091
20203,1129002355,2,2,0,0,0,0,0,0,2,0,0,0,0,0,2,0,0,0,0,0,0,5650.48804124
20203,1129002357,28,2,26,0,1,2,2,6,17,0,0,1,0,0,1,0,1,1,2,6,16,3529.63067203
20203,1129002361,70,41,29,0,19,16,17,14,4,0,13,11,11,4,2,0,6,5,6,10,2,1643.30826449
20203,1129002362,2,2,0,0,0,0,0,2,0,0,0,0,0,2,0,0,0,0,0,0,0,2039.82799501
20203,1129002369,20,6,14,0,0,2,6,5,7,0,0,1,4,0,1,0,0,1,2,5,6,4270.19633829
20203,1129002370,98,39,59,0,58,26,8,4,2,0,20,11,3,3,2,0,38,15,5,1,0,1985.52759671
20203,1129002375,12,8,4,0,1,0,3,0,8,0,0,0,1,0,7,0,1,0,2,0,1,2627.26094901
20203,1129002376,10,9,1,0,1,4,3,1,1,0,1,4,2,1,1,0,0,0,1,0,0,2230.4637765
20203,1129002379,4,1,3,0,1,2,0,1,0,0,0,0,0,1,0,0,1,2,0,0,0,6381.68159416
20203,1129002380,1,0,1,0,0,0,0,0,1,0,0,0,0,0,0,0,0,0,0,0,1,1272.59744782
20203,1129002382,1,0,1,0,0,0,1,0,0,0,0,0,0,0,0,0,0,0,1,0,0,1731.38142829
20203,1129002386,7,2,5,0,0,0,4,3,0,0,0,0,0,2,0,0,0,0,4,1,0,7508.23601006
20203,1129002390,1,1,0,0,0,0,0,1,0,0,0,0,0,1,0,0,0,0,0,0,0,2112.76016803
20203,1129002391,7,2,5,0,0,0,4,1,2,0,0,0,0,1,1,0,0,0,4,0,1,5430.82202861
20203,1129002392,1,1,0,0,0,0,0,0,1,0,0,0,0,0,1,0,0,0,0,0,0,1825.03622874
20203,1129002395,5,4,1,0,1,0,2,0,2,0,1,0,1,0,2,0,0,0,1,0,0,2343.15160373
20203,1129002397,2,2,0,0,0,0,0,1,1,0,0,0,0,1,1,0,0,0,0,0,0,2736.41121504
20203,1129002398,3,1,2,0,0,0,2,1,0,0,0,0,0,1,0,0,0,0,2,0,0,4258.27755876
20203,1129002403,3,2,1,0,0,1,0,1,1,0,0,1,0,0,1,0,0,0,0,1,0,2180.53800508
20203,1129002404,13,6,7,0,1,3,2,5,2,0,1,0,0,4,1,0,0,3,2,1,1,5544.70553907
20203,1129002405,12,7,5,0,4,4,2,1,1,0,1,2,2,1,1,0,3,2,0,0,0,2490.9383013
20203,1129002406,14,3,11,0,1,3,4,4,2,0,0,0,1,0,2,0,1,3,3,4,0,3280.74419166
20203,1129002409,8,3,5,0,0,1,1,2,4,0,0,1,0,0,2,0,0,0,1,2,2,3821.27002589
20203,1129002412,8,6,2,0,0,1,2,0,5,0,0,0,1,0,5,0,0,1,1,0,0,2119.41136724
20203,1129002413,37,22,15,0,8,11,10,5,3,0,1,9,8,2,2,0,7,2,2,3,1,2392.79185618
20203,1129002415,10,3,7,0,0,3,6,1,0,0,0,1,2,0,0,0,0,2,4,1,0,5882.43759393
20203,1129002416,9,2,7,0,3,0,4,1,1,0,0,0,1,0,1,0,3,0,3,1,0,4144.25181428
20203,1129002420,4,3,1,0,0,1,0,0,3,0,0,1,0,0,2,0,0,0,0,0,1,1918.4246657
20203,1129002421,3,2,1,0,0,1,0,1,1,0,0,1,0,1,0,0,0,0,0,0,1,2282.14404754
20203,1129002423,10,9,1,0,0,4,5,0,1,0,0,4,4,0,1,0,0,0,1,0,0,1426.14195618
20203,1129002426,14,12,2,1,3,2,2,3,3,1,3,2,1,2,3,0,0,0,1,1,0,1877.15047981
20203,1129002428,18,12,6,0,7,9,2,0,0,0,4,6,2,0,0,0,3,3,0,0,0,3078.12933764
20203,1129002429,2,2,0,0,0,0,1,0,1,0,0,0,1,0,1,0,0,0,0,0,0,2232.8242843
20203,1129002430,8,6,2,0,0,0,1,5,2,0,0,0,0,4,2,0,0,0,1,1,0,13886.5299447
20203,1129002433,3,1,2,0,0,0,1,2,0,0,0,0,0,1,0,0,0,0,1,1,0,1679.41447793
20203,1129002437,3,2,1,0,0,3,0,0,0,0,0,2,0,0,0,0,0,1,0,0,0,2518.39681814
20203,1129002439,11,7,4,0,2,5,4,0,0,0,0,3,4,0,0,0,2,2,0,0,0,2025.83551952
20203,1129002444,7,3,4,0,1,0,0,2,4,0,0,0,0,1,2,0,1,0,0,1,2,2545.97590097
20203,1129002449,2,2,0,0,0,0,0,0,2,0,0,0,0,0,2,0,0,0,0,0,0,2169.3399566
20203,1129002451,9,5,4,0,0,0,0,2,7,0,0,0,0,0,5,0,0,0,0,2,2,2290.52617839
20203,1129002453,5,3,2,0,0,4,0,0,1,0,0,2,0,0,1,0,0,2,0,0,0,1245.12249191
20203,1129002454,2,1,1,0,0,0,1,0,1,0,0,0,1,0,0,0,0,0,0,0,1,3108.32565961
20203,1129002457,2,1,1,0,0,0,1,1,0,0,0,0,1,0,0,0,0,0,0,1,0,3014.48060882
20203,1129002462,2,1,1,0,0,0,0,2,0,0,0,0,0,1,0,0,0,0,0,1,0,3213.42681059
20203,1129002463,46,6,40,0,0,3,1,13,29,0,0,1,1,2,2,0,0,2,0,11,27,14562.7530353
20203,1129002464,1,1,0,0,0,0,0,0,1,0,0,0,0,0,1,0,0,0,0,0,0,3533.36701361
20203,1129002467,2,2,0,0,0,1,1,0,0,0,0,1,1,0,0,0,0,0,0,0,0,2186.23762408
20203,1129002470,69,61,8,0,2,2,7,24,34,0,1,2,4,22,32,0,1,0,3,2,2,2916.52868226
20203,1129002474,6,0,6,0,0,1,3,2,0,0,0,0,0,0,0,0,0,1,3,2,0,9060.60967438
20203,1129002482,5,2,3,0,0,1,2,2,0,0,0,1,1,0,0,0,0,0,1,2,0,1741.45926861
20203,1129002484,3,0,3,0,0,1,1,1,0,0,0,0,0,0,0,0,0,1,1,1,0,1774.65046696
20203,1129002487,1,1,0,0,0,0,0,0,1,0,0,0,0,0,1,0,0,0,0,0,0,2343.96339767
20203,1129002488,3,1,2,0,0,2,1,0,0,0,0,0,1,0,0,0,0,2,0,0,0,2971.3173049
20203,1129002491,36,14,22,0,12,10,7,6,1,0,1,4,3,5,1,0,11,6,4,1,0,2242.56079871
20203,1129002492,16,10,6,0,2,3,2,7,2,0,0,3,1,5,1,0,2,0,1,2,1,2698.26202527
20203,1129002493,91,72,19,1,24,22,19,23,2,0,19,20,16,15,2,1,5,2,3,8,0,22204.6778074
20203,1129002498,3,1,2,0,0,0,0,2,1,0,0,0,0,1,0,0,0,0,0,1,1,2956.82137497
20203,1129002500,3,1,2,0,0,0,0,2,1,0,0,0,0,0,1,0,0,0,0,2,0,2674.87043327
20203,1129002508,2,2,0,0,0,0,2,0,0,0,0,0,2,0,0,0,0,0,0,0,0,640.758253747
20203,1129002509,9,6,3,0,0,3,3,0,3,0,0,1,3,0,2,0,0,2,0,0,1,2180.93167491
20203,1129002512,71,8,63,0,11,18,24,13,5,0,0,1,2,2,3,0,11,17,22,11,2,7718.56578093
20203,1129002514,81,66,15,0,5,7,28,24,17,0,5,5,21,21,14,0,0,2,7,3,3,6885.78435703
20203,1129002517,20,11,9,0,3,1,5,7,4,0,3,0,3,3,2,0,0,1,2,4,2,6198.49964574
20203,1129002518,2,1,1,0,0,0,1,1,0,0,0,0,1,0,0,0,0,0,0,1,0,1750.54834621
20203,1129002519,1,0,1,0,0,0,1,0,0,0,0,0,0,0,0,0,0,0,1,0,0,1924.32225221
20203,1129002522,26,3,23,0,0,11,6,8,1,0,0,2,0,0,1,0,0,9,6,8,0,1422.1478076
20203,1129002523,2,1,1,0,0,0,1,1,0,0,0,0,0,1,0,0,0,0,1,0,0,1923.59277048
20203,1129002528,62,28,34,0,14,11,18,14,5,0,6,2,10,6,4,0,8,9,8,8,1,6990.71006168
20203,1129002531,28,5,23,0,2,7,9,8,2,0,2,2,0,0,1,0,0,5,9,8,1,2532.3398918
20203,1129002532,5,2,3,0,0,1,3,1,0,0,0,0,1,1,0,0,0,1,2,0,0,2521.78054879
20203,1129002533,5,3,2,0,0,1,0,1,3,0,0,1,0,0,2,0,0,0,0,1,1,2229.75860671
20203,1129002534,1,1,0,0,0,0,0,1,0,0,0,0,0,1,0,0,0,0,0,0,0,8743.6121695
20203,1129002535,85,75,10,0,20,34,21,7,3,0,16,34,18,5,2,0,4,0,3,2,1,4971.15181774
20203,1129002537,6,5,1,0,1,0,1,4,0,0,1,0,1,3,0,0,0,0,0,1,0,11342.1650667
20203,1129002539,4,4,0,0,0,0,3,0,1,0,0,0,3,0,1,0,0,0,0,0,0,3522.04385972
20203,1129002542,1,1,0,0,0,0,1,0,0,0,0,0,1,0,0,0,0,0,0,0,0,1660.90262781
20203,1129002543,4,1,3,0,1,1,0,2,0,0,0,0,0,1,0,0,1,1,0,1,0,3896.95655528
20203,1129002545,10,7,3,0,0,3,5,2,0,0,0,2,4,1,0,0,0,1,1,1,0,15484.5253364
20203,1129002546,11,8,3,0,1,2,4,3,1,0,1,1,3,2,1,0,0,1,1,1,0,7008.05892493
20203,1129002548,2,1,1,0,0,0,1,0,1,0,0,0,0,0,1,0,0,0,1,0,0,5635.99295671
20203,1129002550,7,5,2,0,0,0,5,1,1,0,0,0,4,1,0,0,0,0,1,0,1,7405.71073134
20203,1129002552,9,4,5,0,1,0,3,1,4,0,0,0,1,0,3,0,1,0,2,1,1,3098.04765708
20203,1129002553,15,3,12,0,1,4,5,3,2,0,0,1,0,0,2,0,1,3,5,3,0,2702.38072329
20203,1129002556,5,3,2,0,1,1,1,2,0,0,1,1,1,0,0,0,0,0,0,2,0,7467.18653729
20203,1129002557,5,4,1,0,0,0,2,1,2,0,0,0,1,1,2,0,0,0,1,0,0,4019.66509373
20203,1129002561,5,4,1,0,0,2,2,1,0,0,0,1,2,1,0,0,0,1,0,0,0,3554.67848052
20203,1129002564,5,5,0,0,0,4,1,0,0,0,0,4,1,0,0,0,0,0,0,0,0,1731.86539079
20203,1129002565,10,3,7,0,1,2,3,2,2,0,0,0,1,1,1,0,1,2,2,1,1,2994.35731247
20203,1129002567,5,4,1,0,2,0,1,0,2,0,2,0,1,0,1,0,0,0,0,0,1,3720.18244896
20203,1129002568,81,42,39,0,10,23,17,21,10,0,1,8,9,16,8,0,9,15,8,5,2,8196.50899983
20203,1129002573,1,1,0,0,0,0,1,0,0,0,0,0,1,0,0,0,0,0,0,0,0,3339.90812729
20203,1129002576,63,46,17,1,18,17,10,10,7,0,13,11,10,7,5,1,5,6,0,3,2,5967.04350769
20203,1129002579,34,21,13,0,6,7,9,10,2,0,1,6,7,6,1,0,5,1,2,4,1,17053.0103439
20203,1129002581,18,2,16,0,1,4,5,6,2,0,0,0,0,0,2,0,1,4,5,6,0,17905.3775233
20203,1129002584,2,2,0,0,0,0,2,0,0,0,0,0,2,0,0,0,0,0,0,0,0,1879.20285652
20203,1129002585,6,5,1,0,0,0,1,4,1,0,0,0,1,3,1,0,0,0,0,1,0,3239.42151105
20203,1129002587,8,6,2,0,1,3,0,3,1,0,0,2,0,3,1,0,1,1,0,0,0,4051.08703834
20203,1129002589,14,11,3,0,0,3,4,3,4,0,0,2,4,3,2,0,0,1,0,0,2,2754.49652676
20203,1129002592,9,7,2,0,2,0,2,3,2,0,1,0,1,3,2,0,1,0,1,0,0,2916.68001354
20203,1129002593,2,1,1,0,1,0,1,0,0,0,1,0,0,0,0,0,0,0,1,0,0,3089.87851531
20203,1129002595,3,2,1,0,0,1,0,0,2,0,0,1,0,0,1,0,0,0,0,0,1,2743.62446279
20203,1129002596,30,21,9,0,8,4,7,9,2,0,5,4,4,7,1,0,3,0,3,2,1,5096.81294101
20203,1129002598,6,2,4,0,0,1,2,3,0,0,0,0,0,2,0,0,0,1,2,1,0,2954.52081688
20203,1129002599,2,1,1,0,0,0,0,0,2,0,0,0,0,0,1,0,0,0,0,0,1,3322.787428
20203,1129002601,4,0,4,0,1,2,0,0,1,0,0,0,0,0,0,0,1,2,0,0,1,2887.5691553
20203,1129002604,5,2,3,0,0,4,0,0,1,0,0,1,0,0,1,0,0,3,0,0,0,2945.37651993
20203,1129002605,16,11,5,0,3,5,6,0,2,0,0,5,4,0,2,0,3,0,2,0,0,5030.79771549
20203,1129002606,5,0,5,0,2,1,1,1,0,0,0,0,0,0,0,0,2,1,1,1,0,3406.6579324
20203,1129002607,7,6,1,0,0,0,2,2,3,0,0,0,2,1,3,0,0,0,0,1,0,2853.63565329
20203,1129002608,5,5,0,0,1,0,0,4,0,0,1,0,0,4,0,0,0,0,0,0,0,1764.44399597
20203,1129002609,1,1,0,0,0,0,0,0,1,0,0,0,0,0,1,0,0,0,0,0,0,3407.97190945
20203,1129002611,7,3,4,0,1,2,1,2,1,0,1,0,1,1,0,0,0,2,0,1,1,4435.69379108
20203,1129002615,4,2,2,0,1,0,1,2,0,0,1,0,0,1,0,0,0,0,1,1,0,4732.48136469
20203,1129002617,4,4,0,0,0,1,2,1,0,0,0,1,2,1,0,0,0,0,0,0,0,5978.98811612
20203,1129002625,8,5,3,0,0,4,2,1,1,0,0,2,2,0,1,0,0,2,0,1,0,2978.60877262
20203,1129002627,16,10,6,0,3,3,6,4,0,0,1,3,3,3,0,0,2,0,3,1,0,2139.47305022
20203,1129002628,3,0,3,0,1,0,0,1,1,0,0,0,0,0,0,0,1,0,0,1,1,4128.76653444
20203,1129002629,5,1,4,0,0,0,2,1,2,0,0,0,1,0,0,0,0,0,1,1,2,6003.37456971
20203,1129002630,4,1,3,0,0,0,2,0,2,0,0,0,1,0,0,0,0,0,1,0,2,2510.37714457
20203,1129002631,148,126,22,0,3,6,15,12,112,0,1,3,8,10,104,0,2,3,7,2,8,8749.39789924
20203,1129002632,27,19,8,0,0,0,2,0,25,0,0,0,1,0,18,0,0,0,1,0,7,5589.46694678
20203,1129002633,114,29,85,0,20,18,28,34,14,0,3,10,9,5,2,0,17,8,19,29,12,4306.09884985
20203,1129002635,3,1,2,0,0,0,1,2,0,0,0,0,0,1,0,0,0,0,1,1,0,5819.94689896
20203,1129002636,4,4,0,0,0,0,2,2,0,0,0,0,2,2,0,0,0,0,0,0,0,4374.28950998
20203,1129002639,7,1,6,0,0,0,2,2,3,0,0,0,0,0,1,0,0,0,2,2,2,2129.56325532
20203,1129002640,6,4,2,0,1,2,1,0,2,0,0,1,1,0,2,0,1,1,0,0,0,2527.55636928
20203,1129002642,10,7,3,0,1,1,3,4,1,0,1,1,3,1,1,0,0,0,0,3,0,4197.10978617
20203,1129002643,2,2,0,0,0,0,1,0,1,0,0,0,1,0,1,0,0,0,0,0,0,2360.88167132
20203,1129002648,2,2,0,0,0,0,0,1,1,0,0,0,0,1,1,0,0,0,0,0,0,1571.21259162
20203,1129002649,87,12,75,0,11,25,31,14,6,0,1,3,3,2,3,0,10,22,28,12,3,16350.8188163
20203,1129002654,1,0,1,0,0,0,0,1,0,0,0,0,0,0,0,0,0,0,0,1,0,1823.49051811
20203,1129002655,1,1,0,0,0,0,1,0,0,0,0,0,1,0,0,0,0,0,0,0,0,1060.44170941
20203,1129002658,11,7,4,0,0,1,1,8,1,0,0,0,1,5,1,0,0,1,0,3,0,4985.03332929
20203,1129002662,25,9,16,0,1,4,10,9,1,0,0,2,3,4,0,0,1,2,7,5,1,6278.119058
20203,1129002663,11,3,8,0,0,0,2,5,4,0,0,0,0,1,2,0,0,0,2,4,2,1731.77395699
20203,1129002664,3,1,2,0,1,0,1,1,0,0,0,0,0,1,0,0,1,0,1,0,0,1453.55747439
20203,1129002665,10,4,6,0,0,2,3,3,2,0,0,1,0,2,1,0,0,1,3,1,1,5747.70521949
20203,1129002666,12,5,7,0,2,2,0,1,7,0,0,0,0,1,4,0,2,2,0,0,3,5995.61155262
20203,1129002668,10,3,7,0,1,2,3,2,2,0,0,0,1,1,1,0,1,2,2,1,1,5851.72137031
20203,1129002670,2,2,0,0,0,0,0,2,0,0,0,0,0,2,0,0,0,0,0,0,0,2788.75526557
20203,1129002673,27,21,6,0,0,2,1,3,21,0,0,1,1,2,17,0,0,1,0,1,4,4862.8791621
20203,1129002674,4,0,4,0,1,0,2,1,0,0,0,0,0,0,0,0,1,0,2,1,0,2498.35934028
20203,1129002677,12,4,8,0,4,1,4,2,1,0,0,0,2,1,1,0,4,1,2,1,0,1904.20590089
20203,1129002679,3,2,1,0,0,0,0,0,3,0,0,0,0,0,2,0,0,0,0,0,1,4924.09713631
20203,1129002682,9,1,8,0,0,0,1,3,5,0,0,0,0,0,1,0,0,0,1,3,4,2644.42795867
20203,1129002683,6,6,0,0,0,2,0,2,2,0,0,2,0,2,2,0,0,0,0,0,0,3570.53634428
20203,1129002684,7,1,6,0,0,0,4,2,1,0,0,0,0,0,1,0,0,0,4,2,0,3253.26233681
20203,1129002685,3,1,2,0,0,0,1,2,0,0,0,0,1,0,0,0,0,0,0,2,0,2742.11007194
20203,1129002687,10,7,3,0,0,5,1,2,2,0,0,5,1,0,1,0,0,0,0,2,1,7938.3393892
20203,1129002690,18,8,10,0,2,6,3,4,3,0,0,3,1,2,2,0,2,3,2,2,1,3714.12072191
20203,1129002695,4,3,1,0,0,1,2,1,0,0,0,0,2,1,0,0,0,1,0,0,0,4085.75902319
20203,1129002702,5,3,2,0,0,1,0,1,3,0,0,1,0,0,2,0,0,0,0,1,1,3769.06679114
20203,1129002704,7,6,1,0,0,1,4,2,0,0,0,1,3,2,0,0,0,0,1,0,0,4457.02163493
20203,1129002707,9,6,3,0,1,0,2,2,4,0,0,0,1,2,3,0,1,0,1,0,1,5398.11540919
20203,1129002715,12,5,7,0,0,5,2,2,3,0,0,1,0,1,3,0,0,4,2,1,0,3266.53012563
20203,1129002716,3,0,3,0,0,1,0,1,1,0,0,0,0,0,0,0,0,1,0,1,1,1931.37648281
20203,1129002717,36,29,7,0,0,1,1,4,30,0,0,1,1,2,25,0,0,0,0,2,5,3688.56911079
20203,1129002719,2,2,0,0,1,0,0,0,1,0,1,0,0,0,1,0,0,0,0,0,0,3254.93154777
20203,1129002720,565,404,161,2,38,93,150,164,118,2,20,49,104,131,98,0,18,44,46,33,20,2077.2126593
20203,1129002725,2,1,1,0,0,0,0,1,1,0,0,0,0,0,1,0,0,0,0,1,0,3499.02911257
20203,1129002726,2,1,1,0,0,0,0,1,1,0,0,0,0,0,1,0,0,0,0,1,0,1933.88301606
20203,1129002730,2,2,0,0,0,0,0,2,0,0,0,0,0,2,0,0,0,0,0,0,0,3282.77444721
20203,1129002734,5,4,1,0,0,1,2,1,1,0,0,0,2,1,1,0,0,1,0,0,0,847.865646984
20203,1129002736,4,3,1,0,0,0,1,0,3,0,0,0,1,0,2,0,0,0,0,0,1,5694.24589366
20203,1129002737,4,2,2,0,0,1,2,0,1,0,0,0,1,0,1,0,0,1,1,0,0,2754.77750146
20203,1129002741,2,1,1,0,0,0,1,0,1,0,0,0,0,0,1,0,0,0,1,0,0,2562.34874275
20203,1129002745,9,7,2,0,0,2,2,3,2,0,0,2,2,2,1,0,0,0,0,1,1,5084.56377248
20203,1129002750,3,2,1,0,0,1,0,0,2,0,0,1,0,0,1,0,0,0,0,0,1,1751.86419898
20203,1129002758,4,1,3,0,0,1,2,0,1,0,0,0,1,0,0,0,0,1,1,0,1,2032.30119427
20203,1129002761,2,0,2,0,1,0,0,1,0,0,0,0,0,0,0,0,1,0,0,1,0,1916.7802284
20203,1129002766,2,1,1,0,1,0,0,1,0,0,0,0,0,1,0,0,1,0,0,0,0,1371.74301888
20203,1129002767,7,3,4,0,4,2,1,0,0,0,1,1,1,0,0,0,3,1,0,0,0,6720.94929957
20203,1129002773,7,7,0,0,0,1,1,2,3,0,0,1,1,2,3,0,0,0,0,0,0,2500.34206656
20203,1129002774,16,5,11,0,9,6,1,0,0,0,2,2,1,0,0,0,7,4,0,0,0,3943.36895136
20203,1129002775,2,2,0,0,1,0,0,1,0,0,1,0,0,1,0,0,0,0,0,0,0,3814.52448146
20203,1129002776,10,7,3,0,0,4,3,3,0,0,0,2,2,3,0,0,0,2,1,0,0,1532.19359293
20203,1129002778,23,18,5,0,2,6,5,7,3,0,2,4,4,5,3,0,0,2,1,2,0,12590.4931161
20203,1129002779,3,1,2,0,1,0,1,1,0,0,0,0,1,0,0,0,1,0,0,1,0,1372.59984558
20203,1129002781,2,2,0,0,0,0,0,1,1,0,0,0,0,1,1,0,0,0,0,0,0,2261.09676806
20203,1129002784,125,123,2,0,2,0,11,40,72,0,1,0,11,39,72,0,1,0,0,1,0,3693.64751755
20203,1129002785,4,2,2,0,0,0,2,2,0,0,0,0,1,1,0,0,0,0,1,1,0,3498.06829637
20203,1129002786,4,1,3,0,0,2,2,0,0,0,0,0,1,0,0,0,0,2,1,0,0,655.826889159
20203,1129002787,2,1,1,0,0,0,0,2,0,0,0,0,0,1,0,0,0,0,0,1,0,2345.73109473
20203,1129002790,3,2,1,0,0,0,2,1,0,0,0,0,1,1,0,0,0,0,1,0,0,1652.94996883
20203,1129002791,8,6,2,0,0,0,3,2,3,0,0,0,2,1,3,0,0,0,1,1,0,2938.08656253
20203,1129002792,126,122,4,0,0,2,16,52,56,0,0,1,14,52,55,0,0,1,2,0,1,6214.95408465
20203,1129002793,41,17,24,0,15,11,4,9,2,0,7,3,2,3,2,0,8,8,2,6,0,6260.91425155
20203,1129002796,5,4,1,0,0,0,2,1,2,0,0,0,2,1,1,0,0,0,0,0,1,2930.33158532
20203,1129002797,2,2,0,0,0,0,0,2,0,0,0,0,0,2,0,0,0,0,0,0,0,1334.1946941
20203,1129002800,120,42,78,0,21,28,28,34,9,0,4,14,13,8,3,0,17,14,15,26,6,12145.2760122
20203,1129002801,6,4,2,0,0,0,2,3,1,0,0,0,1,2,1,0,0,0,1,1,0,5325.02844834
20203,1129002805,46,21,25,0,13,11,12,7,3,0,5,6,6,3,1,0,8,5,6,4,2,2487.99968821
20203,1129002807,4,2,2,0,0,2,0,2,0,0,0,1,0,1,0,0,0,1,0,1,0,1227.61801799
20203,1129002816,12,9,3,0,1,3,3,5,0,0,0,3,2,4,0,0,1,0,1,1,0,1079.26453681
20203,1129002817,2,2,0,0,0,0,2,0,0,0,0,0,2,0,0,0,0,0,0,0,0,726.300693196
20203,1129002819,55,30,25,5,18,10,14,5,3,1,11,7,8,2,1,4,7,3,6,3,2,4943.48173046
20203,1129002823,5,4,1,0,0,1,2,2,0,0,0,0,2,2,0,0,0,1,0,0,0,1760.40886155
20203,1129002832,3,2,1,0,0,0,2,1,0,0,0,0,1,1,0,0,0,0,1,0,0,4964.84332294
20203,1129002834,2,2,0,0,0,0,0,0,2,0,0,0,0,0,2,0,0,0,0,0,0,2475.34126798
20203,1129002837,5,3,2,0,1,0,1,3,0,0,0,0,0,3,0,0,1,0,1,0,0,5796.65856921
20203,1129002840,5,4,1,0,0,1,2,1,1,0,0,1,1,1,1,0,0,0,1,0,0,1827.81869652
20203,1129002842,7,2,5,0,1,3,1,2,0,0,0,1,0,1,0,0,1,2,1,1,0,6284.94124142
20203,1129002851,15,4,11,0,3,0,1,7,4,0,2,0,0,1,1,0,1,0,1,6,3,8720.90612591
20203,1129002852,12,5,7,0,0,2,3,4,3,0,0,2,0,1,2,0,0,0,3,3,1,1698.31759891
20203,1129002853,7,6,1,0,0,1,1,2,3,0,0,1,1,1,3,0,0,0,0,1,0,5516.51261701
20203,1129002854,4,4,0,0,0,1,2,1,0,0,0,1,2,1,0,0,0,0,0,0,0,2710.35363206
20203,1129002858,7,6,1,1,0,2,1,2,1,1,0,2,1,1,1,0,0,0,0,1,0,3073.05659004
20203,1129002859,2,2,0,0,0,0,0,2,0,0,0,0,0,2,0,0,0,0,0,0,0,912.377375488
20203,1129002864,19,0,19,0,6,4,6,3,0,0,0,0,0,0,0,0,6,4,6,3,0,5241.47265617
20203,1129002868,87,36,51,0,32,49,4,0,2,0,4,30,1,0,1,0,28,19,3,0,1,4778.24848515
20203,1129002869,26,19,7,0,1,4,9,12,0,0,1,1,7,10,0,0,0,3,2,2,0,4862.19712695
20203,1129002886,61,26,35,0,6,26,16,10,3,0,3,13,5,2,3,0,3,13,11,8,0,12937.086627
20203,1129002910,3,2,1,0,0,0,2,0,1,0,0,0,1,0,1,0,0,0,1,0,0,2748.40653281
20203,1129002919,4,1,3,0,1,0,1,0,2,0,0,0,0,0,1,0,1,0,1,0,1,5346.90475408
20203,1129002927,2,1,1,0,0,0,0,0,2,0,0,0,0,0,1,0,0,0,0,0,1,2031.61796756
20203,1129002930,11,7,4,0,1,4,4,1,1,0,0,2,3,1,1,0,1,2,1,0,0,2917.91822692
20203,1129002931,99,57,42,0,20,18,34,13,14,0,12,12,16,6,11,0,8,6,18,7,3,5917.60132611
20203,1129002935,5,3,2,0,0,2,0,2,1,0,0,2,0,0,1,0,0,0,0,2,0,2788.91613672
20203,1129002936,8,6,2,0,0,1,0,4,3,0,0,1,0,2,3,0,0,0,0,2,0,4209.43661227
20203,1129002937,9,5,4,0,1,2,2,3,1,0,1,1,2,1,0,0,0,1,0,2,1,3205.47302214
20203,1129002941,27,3,24,0,0,7,7,10,3,0,0,1,0,0,2,0,0,6,7,10,1,9462.01415392
20203,1129002944,8,5,3,0,0,1,2,2,3,0,0,0,1,1,3,0,0,1,1,1,0,2238.99396323
20203,1129002948,67,51,16,0,2,4,23,19,19,0,2,3,19,10,17,0,0,1,4,9,2,2873.86745986
20203,1129002949,10,7,3,0,0,0,3,1,6,0,0,0,1,1,5,0,0,0,2,0,1,3938.87154449
20203,1129002951,40,20,20,0,13,7,8,8,4,0,6,2,3,6,3,0,7,5,5,2,1,5828.0541768
20203,1129002972,2,1,1,0,0,0,0,0,2,0,0,0,0,0,1,0,0,0,0,0,1,2621.12324854
20203,1129002974,155,88,67,0,18,40,27,50,20,0,7,17,14,33,17,0,11,23,13,17,3,3755.62725514
20203,1129002975,33,20,13,0,5,11,12,2,3,0,1,6,10,2,1,0,4,5,2,0,2,5364.05410242
20203,1129002983,1,0,1,0,0,1,0,0,0,0,0,0,0,0,0,0,0,1,0,0,0,3203.53912984
20203,1129002986,7,7,0,0,1,0,3,2,1,0,1,0,3,2,1,0,0,0,0,0,0,1964.76823561
20203,1129002992,2,1,1,0,1,0,1,0,0,0,0,0,1,0,0,0,1,0,0,0,0,3620.09909732
20203,1129003001,2,1,1,0,0,0,2,0,0,0,0,0,1,0,0,0,0,0,1,0,0,1209.95623379
20203,1129003002,28,18,10,0,0,3,8,11,6,0,0,1,2,10,5,0,0,2,6,1,1,3486.72686105
20203,1129003004,4,2,2,0,1,0,1,1,1,0,0,0,1,0,1,0,1,0,0,1,0,3460.20011502
20203,1129003006,1,1,0,0,0,0,0,0,1,0,0,0,0,0,1,0,0,0,0,0,0,1059.83553501
20203,1129003009,6,6,0,0,1,0,3,1,1,0,1,0,3,1,1,0,0,0,0,0,0,1450.63182255
20203,1129003011,16,4,12,0,2,2,7,3,2,0,0,0,3,0,1,0,2,2,4,3,1,3668.58276496
20203,1129003012,2,0,2,0,0,0,0,1,1,0,0,0,0,0,0,0,0,0,0,1,1,3522.87732936
20203,1129003015,3,2,1,0,1,0,1,1,0,0,1,0,1,0,0,0,0,0,0,1,0,9087.93614223
20203,1129003017,28,8,20,0,2,8,8,7,3,0,0,0,1,4,3,0,2,8,7,3,0,1183.50498078
20203,1129003018,136,133,3,0,1,1,12,38,84,0,1,0,10,38,84,0,0,1,2,0,0,2062.31053703
20203,1129003019,10,7,3,0,1,1,6,1,1,0,1,0,4,1,1,0,0,1,2,0,0,4045.47881746
20203,1129003020,2,1,1,0,0,0,2,0,0,0,0,0,1,0,0,0,0,0,1,0,0,1942.32683499
20203,1129003027,20,7,13,0,5,3,3,5,4,0,0,0,1,3,3,0,5,3,2,2,1,8796.2157041
20203,1129003034,8,5,3,0,0,6,2,0,0,0,0,4,1,0,0,0,0,2,1,0,0,2252.69009991
20203,1129003035,10,5,5,0,0,2,5,2,1,0,0,0,2,2,1,0,0,2,3,0,0,3717.01820287
20203,1129003037,24,10,14,0,2,5,9,7,1,0,0,1,3,5,1,0,2,4,6,2,0,3592.73380512
20203,1129003040,7,2,5,0,0,3,2,2,0,0,0,0,0,2,0,0,0,3,2,0,0,1806.45537376
20203,1129003041,32,14,18,0,0,3,8,13,8,0,0,1,4,6,3,0,0,2,4,7,5,1171.40095398
20203,1129003042,38,15,23,2,8,11,8,6,3,0,1,4,2,5,3,2,7,7,6,1,0,3380.26247304
20203,1129003044,33,7,26,1,8,9,4,8,3,0,0,2,0,3,2,1,8,7,4,5,1,4444.42123654
20203,1129003048,3,1,2,0,0,0,1,2,0,0,0,0,0,1,0,0,0,0,1,1,0,2832.81298506
20203,1129003053,13,8,5,0,2,3,3,1,4,0,2,3,1,0,2,0,0,0,2,1,2,4899.77519327
20203,1129003056,55,19,36,0,16,7,16,9,7,0,1,2,6,4,6,0,15,5,10,5,1,9543.35996833
20203,1129003057,266,130,136,2,34,33,57,86,54,1,11,14,27,40,37,1,23,19,30,46,17,3459.89958581
20203,1129003065,1,1,0,0,0,0,0,1,0,0,0,0,0,1,0,0,0,0,0,0,0,3031.1257573
20203,1129003067,116,53,63,1,31,45,23,11,5,0,9,19,15,6,4,1,22,26,8,5,1,1960.73629351
20203,1129003070,6,0,6,0,0,1,4,0,1,0,0,0,0,0,0,0,0,1,4,0,1,5567.76679718
20203,1129003072,65,31,34,0,9,5,17,23,11,0,4,0,9,11,7,0,5,5,8,12,4,4084.44073694
20203,1129003076,3,1,2,0,0,1,0,1,1,0,0,0,0,0,1,0,0,1,0,1,0,3919.40052077
20203,1129003086,14,12,2,0,0,2,3,3,6,0,0,0,3,3,6,0,0,2,0,0,0,3887.31598407
20203,1129003093,25,1,24,0,4,12,6,3,0,0,0,0,1,0,0,0,4,12,5,3,0,3041.20758308
20203,1129003094,3,2,1,0,0,0,3,0,0,0,0,0,2,0,0,0,0,0,1,0,0,8172.03536645
20203,1129003095,7,4,3,0,1,0,3,2,1,0,1,0,1,1,1,0,0,0,2,1,0,3287.98730611
20203,1129003097,23,13,10,0,0,3,5,9,6,0,0,3,3,3,4,0,0,0,2,6,2,3464.49313751
20203,1129003099,3,1,2,0,0,1,2,0,0,0,0,0,1,0,0,0,0,1,1,0,0,2437.33057751
20203,1129003101,6,2,4,0,0,2,2,2,0,0,0,0,1,1,0,0,0,2,1,1,0,2336.92079312
20203,1129003107,6,4,2,0,0,2,2,0,2,0,0,0,2,0,2,0,0,2,0,0,0,7505.19828178
20203,1129003109,12,6,6,0,0,3,3,2,4,0,0,2,0,2,2,0,0,1,3,0,2,18992.0131998
20203,1129003111,2,1,1,0,0,2,0,0,0,0,0,1,0,0,0,0,0,1,0,0,0,4060.99282654
20203,1129003113,18,12,6,0,0,4,10,2,2,0,0,3,7,0,2,0,0,1,3,2,0,2851.67362311
20203,1129003114,3,2,1,0,0,0,1,2,0,0,0,0,1,1,0,0,0,0,0,1,0,4542.76132568
20203,1129003115,41,17,24,0,13,14,12,2,0,0,2,5,8,2,0,0,11,9,4,0,0,2321.60310198
20203,1129003118,2,1,1,0,0,0,0,1,1,0,0,0,0,0,1,0,0,0,0,1,0,8901.25138938
20203,1129003120,8,4,4,0,0,4,4,0,0,0,0,1,3,0,0,0,0,3,1,0,0,2976.72600347
20203,1129003121,27,11,16,0,2,7,8,7,3,0,1,3,3,1,3,0,1,4,5,6,0,7438.25700464
20203,1129003124,21,17,4,0,3,7,4,4,3,0,3,7,2,3,2,0,0,0,2,1,1,3758.3609374
20203,1129003126,20,4,16,0,4,9,1,4,2,0,0,3,0,0,1,0,4,6,1,4,1,10382.2676633
20203,1129003127,12,7,5,0,4,6,1,1,0,0,0,5,1,1,0,0,4,1,0,0,0,8359.50708252
20203,1129003138,7,3,4,0,1,3,3,0,0,0,0,2,1,0,0,0,1,1,2,0,0,3398.92620896
20203,1129003145,22,9,13,0,0,6,7,8,1,0,0,1,1,6,1,0,0,5,6,2,0,18146.0066388
20203,1129003166,14,5,9,0,3,5,3,2,1,0,0,2,1,2,0,0,3,3,2,0,1,1747.5660384
20203,1129003168,3,2,1,0,0,1,0,0,2,0,0,1,0,0,1,0,0,0,0,0,1,3334.32217404
20203,1129003174,171,86,85,0,29,43,52,38,9,0,15,28,26,12,5,0,14,15,26,26,4,4851.09342493
20203,1129003176,6,2,4,0,0,0,1,3,2,0,0,0,0,2,0,0,0,0,1,1,2,181549.710325
20203,1129003179,11,1,10,0,1,1,7,2,0,0,1,0,0,0,0,0,0,1,7,2,0,3261.56125899
20203,1129003182,4,2,2,0,0,1,0,1,2,0,0,0,0,1,1,0,0,1,0,0,1,1980.18975681
20203,1129003189,55,13,42,0,5,15,16,12,7,0,0,2,2,3,6,0,5,13,14,9,1,12230.9123414
20203,1129003190,16,7,9,0,0,2,6,3,5,0,0,1,2,2,2,0,0,1,4,1,3,3942.95807901
20203,1129003193,22,10,12,0,0,3,3,12,4,0,0,0,1,6,3,0,0,3,2,6,1,1670.69693616
20203,1129003196,121,20,101,0,13,36,43,22,7,0,0,6,4,6,4,0,13,30,39,16,3,24379.2435096
20203,1129003197,10,3,7,0,1,2,5,1,1,0,0,2,1,0,0,0,1,0,4,1,1,2403.76775529
20203,1129003198,1,0,1,0,0,0,0,1,0,0,0,0,0,0,0,0,0,0,0,1,0,769.525965648
20203,1129003200,6,6,0,0,0,2,3,1,0,0,0,2,3,1,0,0,0,0,0,0,0,4424.47588641
20203,1129003202,2,1,1,0,0,0,2,0,0,0,0,0,1,0,0,0,0,0,1,0,0,7898.64081648
20203,1129003205,4,4,0,0,0,2,2,0,0,0,0,2,2,0,0,0,0,0,0,0,0,1771.36682709
20203,1129003206,3,2,1,0,0,1,0,2,0,0,0,1,0,1,0,0,0,0,0,1,0,5373.71201391
20203,1129003208,1,1,0,0,0,0,0,0,1,0,0,0,0,0,1,0,0,0,0,0,0,1465.64428187
20203,1129003209,6,5,1,0,0,0,3,3,0,0,0,0,2,3,0,0,0,0,1,0,0,1361.52460671
20203,1129003212,17,8,9,0,0,0,8,6,3,0,0,0,4,2,2,0,0,0,4,4,1,9885.7222336
20203,1129003222,31,19,12,0,5,7,11,4,4,0,3,6,7,2,1,0,2,1,4,2,3,3405.47119231
20203,1129003226,86,43,43,0,14,15,21,22,14,0,5,9,10,12,7,0,9,6,11,10,7,4535.9669593
20203,1129003227,533,183,350,0,153,150,124,77,29,0,34,55,33,33,28,0,119,95,91,44,1,8808.63119494
20203,1129003232,5,2,3,0,1,1,0,1,2,0,1,0,0,0,1,0,0,1,0,1,1,856.310424617
20203,1129003239,33,16,17,0,5,7,10,6,5,0,0,5,4,3,4,0,5,2,6,3,1,23681.685196
20203,1129003245,4,3,1,0,1,0,2,1,0,0,1,0,1,1,0,0,0,0,1,0,0,2856.74893881
20203,1129003249,12,9,3,0,1,3,3,2,3,0,1,1,2,2,3,0,0,2,1,0,0,1993.59907756
20203,1129003251,59,31,28,0,2,10,17,22,8,0,1,5,11,10,4,0,1,5,6,12,4,16240.7449186
20203,1129003252,12,5,7,0,1,3,5,2,1,0,0,1,3,1,0,0,1,2,2,1,1,5033.99382824
20203,1129003253,12,7,5,0,0,0,1,3,8,0,0,0,0,1,6,0,0,0,1,2,2,2129.75096584
20203,1129003256,19,9,10,0,6,6,4,2,1,0,0,5,2,2,0,0,6,1,2,0,1,3204.65340618
20203,1129003259,2,1,1,0,0,0,0,1,1,0,0,0,0,1,0,0,0,0,0,0,1,2732.20612794
20203,1129003260,29,18,11,0,5,1,7,15,1,0,2,1,7,7,1,0,3,0,0,8,0,1707.01936264
20203,1129003263,24,7,17,0,2,9,6,4,3,0,0,3,1,0,3,0,2,6,5,4,0,9576.02661646
20203,1129003264,4,4,0,0,0,0,2,2,0,0,0,0,2,2,0,0,0,0,0,0,0,1866.95626467
20203,1129003266,10,5,5,0,1,1,3,4,1,0,0,1,1,2,1,0,1,0,2,2,0,15326.443464
20203,1129003268,2,1,1,0,0,0,1,0,1,0,0,0,0,0,1,0,0,0,1,0,0,1968.88106601
20203,1129003269,18,3,15,0,2,1,5,9,1,0,1,1,0,1,0,0,1,0,5,8,1,7699.40582463
20203,1129003272,10,6,4,0,2,3,2,1,2,0,1,2,2,0,1,0,1,1,0,1,1,2717.33802711
20203,1129003274,8,3,5,0,0,2,4,2,0,0,0,1,0,2,0,0,0,1,4,0,0,8069.38302156
20203,1129003276,2,1,1,0,0,0,0,0,2,0,0,0,0,0,1,0,0,0,0,0,1,2821.19217976
20203,1129003277,101,98,3,0,1,0,14,42,44,0,1,0,13,41,43,0,0,0,1,1,1,1796.42265556
20203,1129003286,14,10,4,0,0,1,3,6,4,0,0,1,1,4,4,0,0,0,2,2,0,2803.45377912
20203,1129003291,62,14,48,0,16,15,11,16,4,0,6,0,3,1,4,0,10,15,8,15,0,9791.84305715
20203,1129003295,10,7,3,0,0,3,5,1,1,0,0,1,4,1,1,0,0,2,1,0,0,150658.194233
20203,1129003297,23,8,15,0,2,5,6,7,3,0,2,2,2,1,1,0,0,3,4,6,2,9142.43887075
20203,1129003298,25,13,12,0,3,9,3,7,3,0,2,3,1,4,3,0,1,6,2,3,0,153132.017996
20203,1129003301,20,14,6,0,3,1,6,6,4,0,2,0,5,4,3,0,1,1,1,2,1,1986.76351246
20203,1129003304,3,3,0,0,0,2,1,0,0,0,0,2,1,0,0,0,0,0,0,0,0,1672.5735129
20203,1129003306,666,585,81,0,148,331,158,26,3,0,103,307,146,26,3,0,45,24,12,0,0,1713.6508946
20203,1129003307,370,339,31,0,8,32,123,158,49,0,3,30,113,151,42,0,5,2,10,7,7,19495.1816125
20203,1129003308,120,56,64,0,0,6,11,6,97,0,0,3,6,2,45,0,0,3,5,4,52,10581.0911798
20203,1129003310,102,47,55,0,5,39,36,19,3,0,1,12,17,14,3,0,4,27,19,5,0,2770.65655474
20203,1129003312,141,122,19,13,33,39,25,25,6,12,27,34,22,21,6,1,6,5,3,4,0,7673.80725909
20203,1129003313,3,3,0,0,0,0,0,0,3,0,0,0,0,0,3,0,0,0,0,0,0,3708.91559748
20203,1129003315,28,17,11,0,2,6,6,10,4,0,2,3,3,6,3,0,0,3,3,4,1,2017.5094654
20203,1129003316,3,3,0,0,0,1,0,2,0,0,0,1,0,2,0,0,0,0,0,0,0,7841.78248881
20203,1129003318,3,3,0,0,0,1,2,0,0,0,0,1,2,0,0,0,0,0,0,0,0,3548.22422424
20203,1129003322,12,10,2,0,0,1,4,5,2,0,0,1,3,4,2,0,0,0,1,1,0,10755.1635351
20203,1129003324,16,11,5,0,1,2,5,4,4,0,1,2,2,3,3,0,0,0,3,1,1,1769.06303048
20203,1129003327,7,4,3,0,0,0,1,0,6,0,0,0,0,0,4,0,0,0,1,0,2,5166.20165654
20203,1129003328,3,2,1,0,0,1,2,0,0,0,0,0,2,0,0,0,0,1,0,0,0,3729.29810905
20203,1129003329,4,2,2,0,0,0,2,1,1,0,0,0,1,0,1,0,0,0,1,1,0,1848.52853895
20203,1129003331,22,19,3,0,3,4,4,6,5,0,2,3,4,5,5,0,1,1,0,1,0,7748.36793471
20203,1129003332,55,37,18,2,20,10,13,6,4,2,14,8,6,4,3,0,6,2,7,2,1,215719.067956
20203,1129003335,28,12,16,0,1,3,9,12,3,0,0,1,6,4,1,0,1,2,3,8,2,2418.6848547
20203,1129003342,3,1,2,0,0,0,3,0,0,0,0,0,1,0,0,0,0,0,2,0,0,2311.70677967
20203,1129003344,45,37,8,0,4,18,17,3,3,0,4,15,12,3,3,0,0,3,5,0,0,5244.6227638
20203,1129003345,2,1,1,0,0,1,0,1,0,0,0,0,0,1,0,0,0,1,0,0,0,28853.8807185
20203,1129003346,11,6,5,0,0,0,6,4,1,0,0,0,3,2,1,0,0,0,3,2,0,2029.67296716
20203,1129003350,4,1,3,0,1,0,1,0,2,0,0,0,0,0,1,0,1,0,1,0,1,10586.870596
20203,1129003353,3,2,1,0,0,0,0,2,1,0,0,0,0,2,0,0,0,0,0,0,1,461.241539054
20203,1129003354,10,1,9,0,3,1,2,4,0,0,0,0,0,1,0,0,3,1,2,3,0,2251.90633398
20203,1129003359,2,1,1,0,0,0,0,0,2,0,0,0,0,0,1,0,0,0,0,0,1,1821.31091352
20203,1129003364,9,5,4,0,1,2,2,2,2,0,0,2,1,1,1,0,1,0,1,1,1,11256.0176298
20203,1129003367,20,14,6,0,3,2,6,9,0,0,2,2,6,4,0,0,1,0,0,5,0,8646.12487479
20203,1129003374,23,4,19,0,6,5,7,3,2,0,2,1,0,0,1,0,4,4,7,3,1,2200.62430712
20203,1129003382,16,14,2,0,6,4,3,3,0,0,5,4,3,2,0,0,1,0,0,1,0,3529.9245972
20203,1129003383,6,4,2,0,1,1,1,1,2,0,0,1,0,1,2,0,1,0,1,0,0,3301.58478418
20203,1129003386,1,0,1,0,0,0,1,0,0,0,0,0,0,0,0,0,0,0,1,0,0,9178.45469356
20203,1129003387,46,1,45,0,3,5,2,12,24,0,0,0,0,0,1,0,3,5,2,12,23,14015.5105883
20203,1129003389,39,6,33,0,9,7,12,7,4,0,1,2,1,1,1,0,8,5,11,6,3,4351.27532063
20203,1129003396,6,3,3,0,1,2,0,3,0,0,0,1,0,2,0,0,1,1,0,1,0,3011.66059464
20203,1129003398,10,10,0,0,0,3,1,3,3,0,0,3,1,3,3,0,0,0,0,0,0,5080.71253135
20203,1129003399,16,9,7,0,2,3,7,3,1,0,1,2,2,3,1,0,1,1,5,0,0,3711.03540675
20203,1129003402,19,10,9,0,2,3,7,2,5,0,0,2,2,2,4,0,2,1,5,0,1,12604.4376944
20203,1129003403,42,9,33,0,7,18,10,7,0,0,0,7,1,1,0,0,7,11,9,6,0,18062.061525
20203,1129003404,7,1,6,0,2,4,1,0,0,0,0,0,1,0,0,0,2,4,0,0,0,5851.29808174
20203,1129003405,3,2,1,0,0,0,0,2,1,0,0,0,0,1,1,0,0,0,0,1,0,4626.82329492
20203,1129003407,4,2,2,0,1,2,1,0,0,0,0,1,1,0,0,0,1,1,0,0,0,5369.19492692
20203,1129003413,215,79,136,0,76,90,36,9,4,0,22,30,18,6,3,0,54,60,18,3,1,176517.546399
20203,1129003416,13,5,8,0,0,0,2,4,7,0,0,0,1,0,4,0,0,0,1,4,3,43289.3628752
20203,1129003420,2,1,1,0,0,0,1,0,1,0,0,0,0,0,1,0,0,0,1,0,0,5783.34671246
20203,1129003425,7,3,4,0,1,0,1,5,0,0,1,0,0,2,0,0,0,0,1,3,0,13173.9466361
20203,1129003430,9,5,4,0,1,1,0,4,3,0,0,0,0,2,3,0,1,1,0,2,0,11398.3199726
20203,1129003438,6,3,3,0,2,0,0,2,2,0,2,0,0,0,1,0,0,0,0,2,1,5201.4781763
20203,1129003439,7,3,4,0,1,0,0,3,3,0,1,0,0,1,1,0,0,0,0,2,2,3907.40446867
20203,1129003449,95,65,30,0,5,11,27,19,33,0,1,6,14,16,28,0,4,5,13,3,5,187810.655269
20203,1129003454,4,1,3,0,0,1,2,0,1,0,0,0,0,0,1,0,0,1,2,0,0,1635.74900217
20203,1129003458,5,2,3,0,0,0,0,2,3,0,0,0,0,1,1,0,0,0,0,1,2,3125.20783225
20203,1129003459,5,2,3,0,2,2,0,1,0,0,0,1,0,1,0,0,2,1,0,0,0,5154.16300387
20203,1129003461,9,2,7,0,0,4,2,3,0,0,0,0,1,1,0,0,0,4,1,2,0,895.469127812
20203,1129003462,6,5,1,0,2,1,3,0,0,0,2,1,2,0,0,0,0,0,1,0,0,2256.17247661
20203,1129003463,2,1,1,0,0,0,0,0,2,0,0,0,0,0,1,0,0,0,0,0,1,2883.31968909
20203,1129003464,2,1,1,0,0,0,0,2,0,0,0,0,0,1,0,0,0,0,0,1,0,6440.32625528
20203,1129003465,20,4,16,0,8,2,5,4,1,0,1,0,1,2,0,0,7,2,4,2,1,10892.0161003
20203,1129003466,5,3,2,0,0,1,1,2,1,0,0,1,0,1,1,0,0,0,1,1,0,1605.80721062
20203,1129003471,185,147,38,0,1,2,19,73,90,0,0,2,16,64,65,0,1,0,3,9,25,11444.966217
20203,1129003472,9,3,6,0,0,1,6,1,1,0,0,0,2,0,1,0,0,1,4,1,0,4741.68292349
20203,1129003473,6,4,2,0,1,0,1,3,1,0,1,0,1,2,0,0,0,0,0,1,1,7415.77253621
20203,1129003475,28,14,14,0,0,2,10,7,9,0,0,0,4,3,7,0,0,2,6,4,2,15399.1824614
20203,1129003478,9,8,1,0,0,0,2,3,4,0,0,0,1,3,4,0,0,0,1,0,0,2173.44061398
20203,1129003481,4,3,1,0,0,1,2,0,1,0,0,1,1,0,1,0,0,0,1,0,0,2720.8337914
20203,1129003488,12,10,2,0,0,2,5,3,2,0,0,2,3,3,2,0,0,0,2,0,0,2759.1334116
20203,1129003490,64,55,9,0,7,3,9,19,26,0,7,0,7,17,24,0,0,3,2,2,2,5127.06380089
20203,1129003491,5,5,0,0,0,0,1,3,1,0,0,0,1,3,1,0,0,0,0,0,0,3840.8570141
20203,1129003492,14,3,11,0,1,1,7,1,4,0,0,0,0,0,3,0,1,1,7,1,1,4444.62520214
20203,1129003494,54,43,11,0,1,4,13,25,11,0,0,4,10,20,9,0,1,0,3,5,2,10865.6456726
20203,1129003495,1,0,1,0,0,0,0,0,1,0,0,0,0,0,0,0,0,0,0,0,1,7080.28371426
20203,1129003497,43,24,19,0,5,12,12,7,7,0,3,7,4,6,4,0,2,5,8,1,3,12197.3477535
20203,1129003501,50,18,32,0,11,11,7,15,6,0,0,1,3,9,5,0,11,10,4,6,1,9558.81610453
20203,1129003502,3,1,2,0,0,1,1,1,0,0,0,0,0,1,0,0,0,1,1,0,0,2814.81008911
20203,1129003503,9,7,2,0,1,0,3,4,1,0,1,0,2,3,1,0,0,0,1,1,0,4808.585719
20203,1129003504,13,11,2,0,0,1,3,3,6,0,0,1,3,2,5,0,0,0,0,1,1,2850.58247671
20203,1129003505,1,0,1,0,0,0,1,0,0,0,0,0,0,0,0,0,0,0,1,0,0,5077.2057616
20203,1129003507,2,0,2,0,0,0,1,1,0,0,0,0,0,0,0,0,0,0,1,1,0,2091.02593302
20203,1129003512,9,7,2,0,1,0,4,2,2,0,1,0,3,1,2,0,0,0,1,1,0,8231.56905744
20203,1129003516,6,3,3,0,3,1,2,0,0,0,1,1,1,0,0,0,2,0,1,0,0,15508.1357462
20203,1129003518,15,1,14,0,6,2,3,4,0,0,0,0,1,0,0,0,6,2,2,4,0,3969.57837388
20203,1129003529,13,10,3,0,0,4,8,0,1,0,0,3,6,0,1,0,0,1,2,0,0,9025.84763106
20203,1129003532,285,130,155,0,41,53,67,68,56,0,10,24,34,28,34,0,31,29,33,40,22,918.580815296
20203,1129003535,15,13,2,0,0,1,3,7,4,0,0,1,3,6,3,0,0,0,0,1,1,7701.9239029
20203,1129003538,161,38,123,0,14,11,21,59,56,0,8,9,5,11,5,0,6,2,16,48,51,2352.87876807
20203,1129003552,154,119,35,0,15,10,38,66,25,0,0,6,33,57,23,0,15,4,5,9,2,7836.58501461
20203,1129003553,3,3,0,0,3,0,0,0,0,0,3,0,0,0,0,0,0,0,0,0,0,66923.920245
20203,1129003554,11,5,6,0,0,1,1,8,1,0,0,0,0,4,1,0,0,1,1,4,0,3190.56101361
20203,1129003556,32,12,20,0,5,8,9,8,2,0,2,2,4,2,2,0,3,6,5,6,0,5942.08922072
20203,1129003557,2,0,2,0,1,1,0,0,0,0,0,0,0,0,0,0,1,1,0,0,0,11496.5088845
20203,1129003558,6,3,3,0,0,0,0,1,5,0,0,0,0,0,3,0,0,0,0,1,2,3635.4763951
20203,1129003560,4,1,3,2,1,1,0,0,0,0,0,1,0,0,0,2,1,0,0,0,0,4382.42548896
20203,1129003561,4,1,3,0,0,1,2,1,0,0,0,0,0,1,0,0,0,1,2,0,0,10339.5582671
20203,1129003562,9,8,1,0,0,0,1,3,5,0,0,0,1,2,5,0,0,0,0,1,0,2384.24060202
20203,1129003566,2,1,1,0,0,1,0,1,0,0,0,1,0,0,0,0,0,0,0,1,0,4002.07989979
20203,1129003569,3,1,2,0,0,0,2,0,1,0,0,0,1,0,0,0,0,0,1,0,1,3362.24094154
20203,1129003570,7,4,3,0,0,0,2,4,1,0,0,0,0,3,1,0,0,0,2,1,0,4095.43017248
20203,1129003571,68,33,35,0,5,17,16,21,9,0,2,11,7,5,8,0,3,6,9,16,1,2099.64748224
20203,1129003572,7,2,5,0,0,0,2,4,1,0,0,0,1,0,1,0,0,0,1,4,0,11735.0325811
20203,1129003573,210,85,125,0,35,68,46,32,29,0,9,24,17,15,20,0,26,44,29,17,9,1383.15053281
20203,1129003583,2,2,0,0,0,0,0,1,1,0,0,0,0,1,1,0,0,0,0,0,0,9062.71641534
20203,1129003584,24,16,8,0,0,3,12,8,1,0,0,1,9,5,1,0,0,2,3,3,0,7500.91627999
20203,1129003591,5,0,5,0,2,1,1,1,0,0,0,0,0,0,0,0,2,1,1,1,0,35057.7791291
20203,1129003592,4,0,4,0,0,1,3,0,0,0,0,0,0,0,0,0,0,1,3,0,0,2108.21308021
20203,1129003595,6,2,4,0,0,1,1,2,2,0,0,0,1,0,1,0,0,1,0,2,1,10796.8229576
20203,1129003597,3,1,2,0,0,0,1,1,1,0,0,0,0,0,1,0,0,0,1,1,0,66883.6004134
20203,1129003605,21,12,9,0,2,5,5,4,5,0,1,1,2,4,4,0,1,4,3,0,1,14460.250442
20203,1129003609,510,474,36,0,3,51,162,213,81,0,3,47,150,199,75,0,0,4,12,14,6,23371.0695476
20203,1129003612,80,19,61,0,13,21,23,18,5,0,3,2,5,4,5,0,10,19,18,14,0,14747.2569598
20203,1129003617,21,7,14,0,3,12,1,4,1,0,1,4,0,1,1,0,2,8,1,3,0,91824.7350045
20203,1129003622,129,77,52,0,10,36,30,36,17,0,5,23,23,19,7,0,5,13,7,17,10,364030.393388
20203,1129003626,2,1,1,0,0,1,0,1,0,0,0,1,0,0,0,0,0,0,0,1,0,1229.95861833
20203,1129003631,15,12,3,0,1,2,4,5,3,0,0,2,3,5,2,0,1,0,1,0,1,3410.75305058
20203,1129003632,10,0,10,0,1,2,4,1,2,0,0,0,0,0,0,0,1,2,4,1,2,2647.76767072
20203,1129003635,24,12,12,0,0,4,6,10,4,0,0,1,3,6,2,0,0,3,3,4,2,4196.59967382
20203,1129003637,2,1,1,0,0,0,0,1,1,0,0,0,0,0,1,0,0,0,0,1,0,8049.11175236
20203,1129003638,17,12,5,0,0,5,7,4,1,0,0,4,4,4,0,0,0,1,3,0,1,15226.2434879
20203,1129003639,5,3,2,0,0,1,0,0,4,0,0,1,0,0,2,0,0,0,0,0,2,2934.13519498
20203,1129003642,4,4,0,0,0,0,2,1,1,0,0,0,2,1,1,0,0,0,0,0,0,5897.5778106
20203,1129003643,11,1,10,0,1,2,5,2,1,0,0,0,0,0,1,0,1,2,5,2,0,6837.4161208
20203,1129003644,25,19,6,0,4,6,10,5,0,0,2,4,10,3,0,0,2,2,0,2,0,5193.41238891
20203,1129003645,2,1,1,0,0,0,1,1,0,0,0,0,1,0,0,0,0,0,0,1,0,4580.15754293
20203,1129003646,5,1,4,0,0,0,0,2,3,0,0,0,0,0,1,0,0,0,0,2,2,3918.47960485
20203,1129003647,4,3,1,0,0,1,1,0,2,0,0,1,1,0,1,0,0,0,0,0,1,1771.93214574
20203,1129003648,10,3,7,0,0,3,1,2,4,0,0,1,0,1,1,0,0,2,1,1,3,8662.37507444
20203,1129003649,73,17,56,0,10,25,19,17,2,0,2,7,2,4,2,0,8,18,17,13,0,15138.197714
20203,1129003650,2,2,0,0,0,0,1,1,0,0,0,0,1,1,0,0,0,0,0,0,0,3109.9158624
20203,1129003652,16,12,4,0,3,4,5,2,2,0,3,4,3,1,1,0,0,0,2,1,1,3606.45113363
20203,1129003653,11,5,6,0,1,7,0,2,1,0,0,4,0,0,1,0,1,3,0,2,0,4437.25472213
20203,1129003654,299,135,164,0,16,91,127,63,2,0,3,29,57,46,0,0,13,62,70,17,2,4859.55705745
20203,1129003656,21,12,9,0,8,7,4,1,1,0,5,4,2,1,0,0,3,3,2,0,1,11004.0351229
20203,1129003661,1,1,0,0,0,0,0,1,0,0,0,0,0,1,0,0,0,0,0,0,0,70721.8136508
20203,1129003662,226,216,10,0,0,6,55,122,43,0,0,5,50,120,41,0,0,1,5,2,2,6772.06650861
20203,1129003664,23,12,11,0,1,5,4,10,3,0,0,2,2,7,1,0,1,3,2,3,2,7449.32944136
20203,1129003666,5,4,1,0,1,1,1,2,0,0,1,0,1,2,0,0,0,1,0,0,0,1856.63367865
20203,1129003668,3,1,2,0,0,1,0,2,0,0,0,0,0,1,0,0,0,1,0,1,0,3861.22013661
20203,1129003669,5,4,1,0,0,0,0,2,3,0,0,0,0,2,2,0,0,0,0,0,1,11254.8578306
20203,1129003675,7,3,4,0,0,1,3,3,0,0,0,0,2,1,0,0,0,1,1,2,0,8134.38017431
20203,1129003676,6,2,4,0,0,1,2,1,2,0,0,0,0,0,2,0,0,1,2,1,0,2757.3207121
20203,1129003683,43,34,9,0,1,4,18,10,10,0,1,3,11,9,10,0,0,1,7,1,0,32502.5464158
20203,1129003686,12,6,6,0,2,2,1,2,5,0,1,1,0,1,3,0,1,1,1,1,2,3100.33448527
20203,1129003688,2,0,2,0,0,0,0,2,0,0,0,0,0,0,0,0,0,0,0,2,0,2580.03319568
20203,1129003689,12,9,3,0,0,2,4,2,4,0,0,1,3,1,4,0,0,1,1,1,0,4895.55031041
20203,1129003690,28,16,12,0,7,4,9,7,1,0,2,1,7,5,1,0,5,3,2,2,0,7512.16445146
20203,1129003691,16,3,13,0,0,0,2,6,8,0,0,0,0,1,2,0,0,0,2,5,6,2512.19308667
20203,1129003692,93,44,49,0,10,18,35,18,12,0,2,11,16,10,5,0,8,7,19,8,7,1654.19259011
20203,1129003707,104,30,74,0,27,21,31,13,12,0,6,5,12,2,5,0,21,16,19,11,7,3578.19044182
20203,1129003708,3,2,1,0,1,1,1,0,0,0,0,1,1,0,0,0,1,0,0,0,0,4508.21204408
20203,1129003709,7,6,1,1,0,4,1,1,0,1,0,4,1,0,0,0,0,0,0,1,0,2703.26186374
20203,1129003713,2,1,1,0,0,1,0,1,0,0,0,1,0,0,0,0,0,0,0,1,0,3855.67425809
20203,1129003714,4,2,2,0,0,1,2,0,1,0,0,1,1,0,0,0,0,0,1,0,1,3992.61757975
20203,1129003715,7,0,7,0,0,2,5,0,0,0,0,0,0,0,0,0,0,2,5,0,0,2863.81754593
20203,1129003718,7,5,2,0,0,4,0,3,0,0,0,2,0,3,0,0,0,2,0,0,0,2765.49020333
20203,1129003722,14,11,3,0,1,2,5,6,0,0,1,2,4,4,0,0,0,0,1,2,0,6548.44868383
20203,1129003730,22,18,4,0,0,0,7,10,5,0,0,0,7,8,3,0,0,0,0,2,2,4859.02020555
20203,1129003733,1,1,0,0,0,0,1,0,0,0,0,0,1,0,0,0,0,0,0,0,0,1375.8279614
20203,1129003736,2,1,1,0,0,0,2,0,0,0,0,0,1,0,0,0,0,0,1,0,0,1815.04522933
20203,1129003738,1,1,0,0,0,0,1,0,0,0,0,0,1,0,0,0,0,0,0,0,0,972.19093857
20203,1129003741,4,1,3,0,0,2,2,0,0,0,0,0,1,0,0,0,0,2,1,0,0,4936.46713229
20203,1129003742,4,1,3,0,1,0,2,1,0,0,0,0,0,1,0,0,1,0,2,0,0,3731.55817055
20203,1129003743,10,4,6,0,2,3,1,4,0,0,1,2,0,1,0,0,1,1,1,3,0,9426.09054684
20203,1129003747,13,10,3,0,2,1,5,4,1,0,2,1,3,3,1,0,0,0,2,1,0,98983.2011773
20203,1129003749,7,6,1,0,0,1,1,2,3,0,0,1,1,2,2,0,0,0,0,0,1,6088.11954373
20203,1129003752,3,2,1,0,0,0,0,1,2,0,0,0,0,1,1,0,0,0,0,0,1,8476.50519957
20203,1129003753,18227,9407,8820,55,1380,4733,6768,5234,57,12,578,1554,2999,4214,50,43,802,3179,3769,1020,7,2722.10885391
20203,1129003755,51,15,36,0,11,10,19,9,2,0,2,6,4,1,2,0,9,4,15,8,0,5675.39728984
20203,1129003757,2,1,1,0,0,0,2,0,0,0,0,0,1,0,0,0,0,0,1,0,0,3853.97568297
20203,1129003758,37,16,21,0,13,13,7,3,1,0,4,10,1,1,0,0,9,3,6,2,1,7810.12637188
20203,1129003761,17,11,6,0,1,4,6,4,2,0,1,3,2,3,2,0,0,1,4,1,0,4804.4487743
20203,1129003763,2,1,1,0,0,0,0,0,2,0,0,0,0,0,1,0,0,0,0,0,1,2296.15955491
20203,1129003765,11,3,8,0,1,0,5,3,2,0,0,0,2,0,1,0,1,0,3,3,1,4923.71898931
20203,1129003769,5,4,1,0,0,0,0,4,1,0,0,0,0,3,1,0,0,0,0,1,0,1080.53169284
20203,1129003770,2,1,1,0,0,0,0,1,1,0,0,0,0,0,1,0,0,0,0,1,0,1966.90108742
20203,1129003773,66,30,36,0,6,10,11,15,24,0,3,8,5,8,6,0,3,2,6,7,18,13314.3166489
20203,1129003776,17,8,9,0,2,1,3,7,4,0,1,1,2,4,0,0,1,0,1,3,4,1237.35871907
20203,1129003782,2,1,1,0,0,1,1,0,0,0,0,1,0,0,0,0,0,0,1,0,0,1548.99743626
20203,1129003783,7,4,3,0,0,1,2,2,2,0,0,1,1,1,1,0,0,0,1,1,1,3051.7287323
20203,1129003789,4,2,2,0,0,1,0,1,2,0,0,0,0,0,2,0,0,1,0,1,0,5673.86036683
20203,1129003796,7,3,4,0,0,1,4,0,2,0,0,0,1,0,2,0,0,1,3,0,0,12054.9248195
20203,1129003798,95,20,75,0,13,29,33,18,2,0,5,6,2,6,1,0,8,23,31,12,1,4385.2380074
20203,1129003800,28,6,22,0,5,8,6,8,1,0,1,0,2,2,1,0,4,8,4,6,0,5733.59436
20203,1129003804,10,2,8,0,3,3,1,1,2,0,0,1,0,0,1,0,3,2,1,1,1,2957.85152396
20203,1129003805,78,18,60,0,16,15,25,16,6,0,3,3,5,2,5,0,13,12,20,14,1,10312.166553
20203,1129003807,28,3,25,0,8,4,4,8,4,0,1,1,0,0,1,0,7,3,4,8,3,4031.21743756
20203,1129003808,26,17,9,0,13,4,6,2,1,0,11,1,3,1,1,0,2,3,3,1,0,4077.87335975
20203,1129003818,12,6,6,0,1,3,1,2,5,0,0,2,0,1,3,0,1,1,1,1,2,406.991142185
20203,1129003819,3,2,1,0,1,1,1,0,0,0,0,1,1,0,0,0,1,0,0,0,0,2623.44244625
20203,1129003822,8,6,2,0,0,2,1,2,3,0,0,1,1,1,3,0,0,1,0,1,0,9233.31269517
20203,1129003831,213,3,210,0,14,8,35,87,69,0,0,0,1,0,2,0,14,8,34,87,67,8360.25277104
20203,1129003832,3,3,0,0,1,1,1,0,0,0,1,1,1,0,0,0,0,0,0,0,0,8841.87290226
20203,1129003836,4,4,0,0,0,0,1,3,0,0,0,0,1,3,0,0,0,0,0,0,0,3192.73090815
20203,1129003837,8,2,6,0,1,1,1,5,0,0,0,0,0,2,0,0,1,1,1,3,0,3653.93374724
20203,1129003841,16,9,7,0,0,3,5,7,1,0,0,1,3,5,0,0,0,2,2,2,1,5801.40639592
20203,1129003848,247,155,92,1,26,53,56,75,36,0,16,30,34,50,25,1,10,23,22,25,11,4439.32277955
20203,1129003850,8,7,1,0,0,1,2,5,0,0,0,1,1,5,0,0,0,0,1,0,0,3680.25513449
20203,1129003852,66,39,27,1,6,10,13,18,18,0,1,2,9,14,13,1,5,8,4,4,5,4897.45106624
20203,1129003853,18,2,16,0,1,2,11,0,4,0,0,0,0,0,2,0,1,2,11,0,2,51772.1790006
20203,1129003874,12,8,4,0,8,0,1,3,0,0,6,0,1,1,0,0,2,0,0,2,0,2742.85222461
20203,1129003878,477,304,173,2,79,108,113,136,39,0,45,65,68,95,31,2,34,43,45,41,8,2181.72728471
20203,1129003880,45,17,28,0,12,8,2,12,11,0,1,3,2,3,8,0,11,5,0,9,3,4487.40751104
20203,1129003883,16,9,7,0,2,4,5,5,0,0,0,2,5,2,0,0,2,2,0,3,0,2187.00235115
20203,1129003895,45,22,23,0,15,12,15,2,1,0,6,6,10,0,0,0,9,6,5,2,1,8573.68921877
20203,1129003898,444,373,71,0,49,136,113,140,6,0,30,110,93,134,6,0,19,26,20,6,0,6673.68426042
20203,1129003904,11,5,6,0,1,4,4,1,1,0,0,2,2,0,1,0,1,2,2,1,0,1802.43582599
20203,1129003906,257,232,25,0,32,90,55,79,1,0,29,80,48,74,1,0,3,10,7,5,0,3646.97607484
20203,1129003910,4,2,2,0,0,1,1,1,1,0,0,1,1,0,0,0,0,0,0,1,1,3654.51063992
20203,1129003911,187,135,52,2,37,45,51,29,23,0,22,34,40,22,17,2,15,11,11,7,6,1356.87277141
20203,1129003914,66,13,53,1,8,11,22,15,9,0,0,2,3,4,4,1,8,9,19,11,5,6337.81086175
20203,1129003915,2,1,1,0,0,1,0,1,0,0,0,1,0,0,0,0,0,0,0,1,0,3504.52930645
20203,1129003916,7,1,6,0,0,0,2,3,2,0,0,0,0,0,1,0,0,0,2,3,1,2544.18164403
20203,1129003918,2,1,1,0,0,0,0,0,2,0,0,0,0,0,1,0,0,0,0,0,1,3065.12168171
20204,1123000001,120,55,65,0,7,10,27,32,44,0,1,2,14,11,27,0,6,8,13,21,17,4017.03275138
20204,1123000002,6,3,3,0,0,1,0,3,2,0,0,0,0,1,2,0,0,1,0,2,0,4030.88106728
20204,1123000003,5,4,1,0,0,2,2,0,1,0,0,2,1,0,1,0,0,0,1,0,0,2781.85755149
20204,1123000004,764,299,465,2,92,103,227,194,146,0,51,55,53,59,81,2,41,48,174,135,65,3286.03019847
20204,1123000005,113,57,56,0,27,36,24,14,12,0,7,14,16,10,10,0,20,22,8,4,2,6411.81232975
20204,1123000006,8,3,5,0,1,1,2,3,1,0,0,1,0,1,1,0,1,0,2,2,0,1289.78300619
20204,1123000007,8,7,1,0,1,2,1,1,3,0,0,2,1,1,3,0,1,0,0,0,0,4301.33006743
20204,1123000008,24,9,15,0,5,0,6,5,8,0,0,0,2,3,4,0,5,0,4,2,4,3931.99356818
20204,1123000010,3,2,1,0,0,0,2,1,0,0,0,0,1,1,0,0,0,0,1,0,0,946.498084201
20204,1123000012,75,41,34,0,9,14,22,21,9,0,5,10,12,7,7,0,4,4,10,14,2,6062.06191538
20204,1123000013,2,2,0,0,0,1,0,0,1,0,0,1,0,0,1,0,0,0,0,0,0,1035.68562879
20204,1123000014,2,1,1,0,0,0,2,0,0,0,0,0,1,0,0,0,0,0,1,0,0,2203.81881846
20204,1123000015,8,5,3,0,0,1,4,2,1,0,0,0,3,1,1,0,0,1,1,1,0,2393.8773718
20204,1123000017,28,18,10,0,9,12,6,1,0,0,7,9,1,1,0,0,2,3,5,0,0,2824.91954045
20204,1123000018,14,9,5,0,0,0,1,1,12,0,0,0,0,0,9,0,0,0,1,1,3,6616.95583478
20204,1123000020,3,3,0,0,0,2,0,1,0,0,0,2,0,1,0,0,0,0,0,0,0,2175.39408638
20204,1123000021,11,9,2,0,0,0,1,5,5,0,0,0,1,5,3,0,0,0,0,0,2,5430.30601674
20204,1123000022,3058,1155,1903,1,468,643,945,966,35,1,373,482,237,55,7,0,95,161,708,911,28,5528.57732009
20204,1123000023,2,2,0,0,0,0,1,1,0,0,0,0,1,1,0,0,0,0,0,0,0,840.798748147
20204,1123000024,2,1,1,0,0,1,0,1,0,0,0,0,0,1,0,0,0,1,0,0,0,2048.15282661
20204,1123000025,7,1,6,0,0,2,0,4,1,0,0,1,0,0,0,0,0,1,0,4,1,1447.24906033
20204,1123000026,10,8,2,0,0,3,5,1,1,0,0,2,5,1,0,0,0,1,0,0,1,3915.09617768
20204,1123000027,24,19,5,0,0,5,6,7,6,0,0,3,4,6,6,0,0,2,2,1,0,2555.75910236
20204,1123000029,52,37,15,0,1,5,15,11,20,0,0,2,9,7,19,0,1,3,6,4,1,7199.08930214
20204,1123000031,4,3,1,0,0,0,0,1,3,0,0,0,0,1,2,0,0,0,0,0,1,1903.20900952
20204,1123000033,2,2,0,0,0,1,0,0,1,0,0,1,0,0,1,0,0,0,0,0,0,1491.58486878
20204,1123000034,21,18,3,0,5,9,3,3,1,0,4,9,2,3,0,0,1,0,1,0,1,6220.61213951
20204,1123000035,25,17,8,1,0,4,8,5,7,0,0,4,7,2,4,1,0,0,1,3,3,6605.30271984
20204,1123000037,178,111,67,0,5,12,14,13,134,0,0,9,6,5,91,0,5,3,8,8,43,8207.61627371
20204,1123000038,27,20,7,0,11,2,5,5,4,0,8,2,2,4,4,0,3,0,3,1,0,803.762450547
20204,1123000040,387,293,94,1,93,150,74,47,22,0,61,103,65,43,21,1,32,47,9,4,1,8138.33113334
20204,1123000044,1,0,1,0,0,0,1,0,0,0,0,0,0,0,0,0,0,0,1,0,0,2137.75890075
20204,1123000045,83,13,70,0,9,29,27,17,1,0,0,5,5,3,0,0,9,24,22,14,1,15648.5004924
20204,1123000046,5,5,0,0,0,0,0,4,1,0,0,0,0,4,1,0,0,0,0,0,0,1130.86507
20204,1123000048,10,7,3,0,0,1,3,3,3,0,0,1,2,2,2,0,0,0,1,1,1,1083.1532696
20204,1123000054,31,15,16,0,2,8,10,10,1,0,0,6,4,5,0,0,2,2,6,5,1,15357.967654
20204,1123000055,20,13,7,0,0,3,3,5,9,0,0,2,1,4,6,0,0,1,2,1,3,7092.9507577
20204,1123000056,3,2,1,0,0,1,1,0,1,0,0,1,0,0,1,0,0,0,1,0,0,577.232722192
20204,1123000057,42,28,14,1,5,20,4,8,4,0,2,13,2,7,4,1,3,7,2,1,0,3234.22420105
20204,1123000059,2,1,1,0,0,0,0,0,2,0,0,0,0,0,1,0,0,0,0,0,1,4698.91175408
20204,1123000060,42,30,12,0,2,5,6,14,15,0,1,3,4,10,12,0,1,2,2,4,3,5016.86744303
20204,1123000062,46,28,18,0,1,6,14,11,14,0,0,2,8,8,10,0,1,4,6,3,4,4520.76958669
20204,1123000064,11,8,3,0,6,3,2,0,0,0,5,2,1,0,0,0,1,1,1,0,0,2714.33596439
20204,1123000068,12,7,5,0,0,1,6,2,3,0,0,1,3,2,1,0,0,0,3,0,2,2571.36398479
20204,1123000074,9,7,2,0,0,1,5,2,1,0,0,1,4,1,1,0,0,0,1,1,0,5678.60586915
20204,1123000076,8,3,5,0,1,2,2,3,0,0,0,0,1,2,0,0,1,2,1,1,0,1888.01799067
20204,1123000080,12,11,1,0,1,1,5,3,2,0,1,1,4,3,2,0,0,0,1,0,0,4204.1555437
20204,1123000081,2,0,2,0,1,0,1,0,0,0,0,0,0,0,0,0,1,0,1,0,0,1220.34719234
20204,1123000086,35,29,6,0,8,2,13,7,5,0,8,1,10,5,5,0,0,1,3,2,0,6094.20213656
20204,1123000087,31,17,14,0,1,5,13,10,2,0,0,2,7,7,1,0,1,3,6,3,1,6170.24214404
20204,1123000095,97,76,21,0,15,15,13,39,15,0,12,13,10,30,11,0,3,2,3,9,4,6888.55564025
20204,1123000101,3,1,2,0,0,0,0,0,3,0,0,0,0,0,1,0,0,0,0,0,2,3102.44110675
20204,1123000110,4,4,0,0,1,0,0,1,2,0,1,0,0,1,2,0,0,0,0,0,0,5124.86166655
20204,1123000115,15,0,15,0,4,5,1,5,0,0,0,0,0,0,0,0,4,5,1,5,0,1516.72095658
20204,1123000118,2,2,0,0,0,2,0,0,0,0,0,2,0,0,0,0,0,0,0,0,0,3624.99097869
20204,1123000121,7,4,3,0,1,2,2,1,1,0,0,0,2,1,1,0,1,2,0,0,0,3406.21207151
20204,1123000125,10,8,2,0,0,1,1,7,1,0,0,1,1,5,1,0,0,0,0,2,0,6931.85762841
20204,1123000126,35,14,21,0,3,12,10,8,2,0,1,3,6,3,1,0,2,9,4,5,1,3836.44843671
20204,1123000133,38,24,14,0,0,5,15,10,8,0,0,0,9,8,7,0,0,5,6,2,1,2259.47066943
20204,1123000134,3,2,1,0,0,0,0,3,0,0,0,0,0,2,0,0,0,0,0,1,0,3499.19733522
20204,1123000136,2,2,0,0,0,0,1,0,1,0,0,0,1,0,1,0,0,0,0,0,0,1596.34807451
20204,1123000137,34,24,10,0,8,1,9,11,5,0,4,0,6,10,4,0,4,1,3,1,1,2979.24347907
20204,1123000142,8,5,3,0,2,2,2,2,0,0,1,2,1,1,0,0,1,0,1,1,0,5931.98452651
20204,1123000145,41,28,13,0,7,18,13,2,1,0,1,18,7,2,0,0,6,0,6,0,1,2671.59923204
20204,1123000148,15,12,3,0,0,2,7,3,3,0,0,2,6,1,3,0,0,0,1,2,0,4354.43292439
20204,1123000151,2,1,1,0,0,0,1,1,0,0,0,0,0,1,0,0,0,0,1,0,0,3625.53155849
20204,1123000153,2,2,0,0,0,0,0,0,2,0,0,0,0,0,2,0,0,0,0,0,0,4067.70923234
20204,1123000159,64,49,15,3,27,12,5,5,12,3,21,8,2,4,11,0,6,4,3,1,1,4181.10209351
20204,1123000160,8,5,3,0,0,1,2,4,1,0,0,1,1,3,0,0,0,0,1,1,1,4134.06663485
20204,1123000161,9,4,5,0,1,0,4,4,0,0,0,0,3,1,0,0,1,0,1,3,0,4211.32107547
20204,1123000162,50,32,18,0,3,10,9,15,13,0,2,2,4,12,12,0,1,8,5,3,1,3010.23207377
20204,1123000165,3,2,1,0,0,0,0,2,1,0,0,0,0,1,1,0,0,0,0,1,0,3316.38080846
20204,1123000167,13,6,7,0,1,1,4,3,4,0,0,0,0,3,3,0,1,1,4,0,1,4511.13210114
20204,1123000168,40,5,35,0,6,13,9,12,0,0,1,2,0,2,0,0,5,11,9,10,0,9387.61218208
20204,1123000171,3,2,1,0,0,0,3,0,0,0,0,0,2,0,0,0,0,0,1,0,0,6299.9018049
20204,1123000172,53,44,9,0,10,8,20,12,3,0,8,6,15,12,3,0,2,2,5,0,0,4813.26234244
20204,1123000180,23,20,3,0,1,4,14,4,0,0,1,4,11,4,0,0,0,0,3,0,0,2999.47522755
20204,1123000183,105,84,21,0,12,26,40,14,13,0,8,21,31,13,11,0,4,5,9,1,2,7375.44148827
20204,1123000188,128,82,46,0,33,28,19,35,13,0,26,18,10,22,6,0,7,10,9,13,7,10463.6082986
20204,1123000190,1,0,1,0,0,0,1,0,0,0,0,0,0,0,0,0,0,0,1,0,0,2329.28483175
20204,1123000192,34,12,22,0,4,7,11,6,6,0,2,2,3,1,4,0,2,5,8,5,2,13732.0907677
20204,1123000194,19,13,6,0,1,5,6,2,5,0,1,3,4,2,3,0,0,2,2,0,2,2892.15962561
20204,1123000197,10,0,10,0,4,4,1,1,0,0,0,0,0,0,0,0,4,4,1,1,0,1557.20047538
20204,1123000198,2,1,1,0,0,0,1,1,0,0,0,0,1,0,0,0,0,0,0,1,0,1248.0171003
20204,1123000203,2,0,2,0,0,0,2,0,0,0,0,0,0,0,0,0,0,0,2,0,0,2573.41998702
20204,1123000204,2,2,0,0,0,0,0,0,2,0,0,0,0,0,2,0,0,0,0,0,0,4623.78894414
20204,1123000206,48,21,27,0,9,3,10,19,7,0,2,1,1,13,4,0,7,2,9,6,3,10040.5122401
20204,1123000211,220,165,55,0,5,31,40,54,90,0,4,12,26,44,79,0,1,19,14,10,11,9339.31922521
20204,1123000212,8,5,3,0,1,0,2,3,2,0,1,0,1,2,1,0,0,0,1,1,1,1225.44547636
20204,1123000213,20,15,5,0,2,5,2,5,6,0,2,4,2,4,3,0,0,1,0,1,3,1361.05161365
20204,1123000214,75,52,23,1,2,8,22,21,21,0,1,5,16,17,13,1,1,3,6,4,8,9506.07577589
20204,1123000215,8,7,1,0,0,1,3,2,2,0,0,1,2,2,2,0,0,0,1,0,0,1592.80154171
20204,1123000216,28,21,7,0,2,6,9,7,4,0,2,6,7,4,2,0,0,0,2,3,2,4814.16819106
20204,1123000217,7,5,2,0,1,1,3,0,2,0,1,0,2,0,2,0,0,1,1,0,0,956.60642855
20204,1123000218,9,9,0,0,0,2,4,0,3,0,0,2,4,0,3,0,0,0,0,0,0,1529.83558997
20204,1123000219,5,3,2,0,1,2,1,1,0,0,0,2,1,0,0,0,1,0,0,1,0,1074.32345325
20204,1123000220,16,16,0,0,0,7,3,3,3,0,0,7,3,3,3,0,0,0,0,0,0,1245.18242562
20204,1123000221,1098,985,113,18,431,435,151,44,19,18,379,393,143,35,17,0,52,42,8,9,2,12392.3332501
20204,1123000222,26,17,9,0,2,10,4,5,5,0,2,10,2,1,2,0,0,0,2,4,3,3245.18033155
20204,1123000223,6,5,1,0,0,0,4,2,0,0,0,0,3,2,0,0,0,0,1,0,0,2695.61471883
20204,1123000224,17,12,5,0,3,1,7,5,1,0,1,1,6,3,1,0,2,0,1,2,0,2963.33981399
20204,1123000225,216,166,50,1,18,45,60,47,45,1,13,36,48,31,37,0,5,9,12,16,8,19707.8622913
20204,1123000228,351,324,27,1,8,57,154,111,20,1,5,53,138,107,20,0,3,4,16,4,0,9404.49919757
20204,1123000229,2,1,1,0,0,0,0,1,1,0,0,0,0,0,1,0,0,0,0,1,0,1641.22956229
20204,1123000232,3,3,0,0,0,0,0,0,3,0,0,0,0,0,3,0,0,0,0,0,0,2148.40184801
20204,1123000233,20,19,1,0,1,2,7,8,2,0,1,2,7,8,1,0,0,0,0,0,1,3411.02784581
20204,1123000234,17,14,3,0,4,3,2,6,2,0,3,3,1,5,2,0,1,0,1,1,0,2866.74679435
20204,1123000236,115,87,28,0,3,23,35,35,19,0,2,17,28,24,16,0,1,6,7,11,3,3607.98985246
20204,1123000237,13,12,1,0,0,1,4,5,3,0,0,1,4,4,3,0,0,0,0,1,0,1646.85913787
20204,1123000241,2,2,0,0,0,0,0,0,2,0,0,0,0,0,2,0,0,0,0,0,0,445.409192279
20204,1123000242,63,37,26,0,11,15,22,10,5,0,5,7,13,8,4,0,6,8,9,2,1,1345.95386629
20204,1123000245,6,5,1,0,0,0,1,2,3,0,0,0,1,2,2,0,0,0,0,0,1,715.106846907
20204,1123000247,25,14,11,0,3,11,2,4,5,0,1,6,1,1,5,0,2,5,1,3,0,6884.19895901
20204,1123000254,42,27,15,0,4,11,7,14,6,0,2,6,6,9,4,0,2,5,1,5,2,8772.93835973
20204,1123000255,3,2,1,0,0,1,0,0,2,0,0,0,0,0,2,0,0,1,0,0,0,865.097427369
20204,1123000258,7,2,5,0,0,2,5,0,0,0,0,1,1,0,0,0,0,1,4,0,0,3039.18561101
20204,1123000264,2,2,0,0,0,0,2,0,0,0,0,0,2,0,0,0,0,0,0,0,0,4542.37238945
20204,1123000268,4,2,2,0,0,0,1,1,2,0,0,0,0,1,1,0,0,0,1,0,1,3047.33205643
20204,1123000270,4,3,1,0,0,1,2,1,0,0,0,1,1,1,0,0,0,0,1,0,0,2018.08693897
20204,1123000273,3,1,2,0,0,0,1,2,0,0,0,0,1,0,0,0,0,0,0,2,0,1054.94377933
20204,1123000282,22,18,4,0,3,3,5,7,4,0,3,3,4,6,2,0,0,0,1,1,2,3938.34616373
20204,1123000288,2,1,1,0,0,0,0,0,2,0,0,0,0,0,1,0,0,0,0,0,1,1980.02887542
20204,1123000289,3,1,2,0,0,0,0,2,1,0,0,0,0,1,0,0,0,0,0,1,1,668.536327817
20204,1123000291,2,1,1,0,0,1,1,0,0,0,0,1,0,0,0,0,0,0,1,0,0,793.763677092
20204,1123000292,10,4,6,0,0,4,1,5,0,0,0,1,1,2,0,0,0,3,0,3,0,2326.45340104
20204,1123000294,8,1,7,0,0,1,6,0,1,0,0,0,0,0,1,0,0,1,6,0,0,3352.07177196
20204,1123000297,10,0,10,0,1,2,1,5,1,0,0,0,0,0,0,0,1,2,1,5,1,3062.31488374
20204,1123000304,3,1,2,0,0,1,0,2,0,0,0,1,0,0,0,0,0,0,0,2,0,1243.07871428
20204,1123000311,219,138,81,0,5,16,35,64,99,0,3,10,25,41,59,0,2,6,10,23,40,12826.3621649
20204,1123000313,21,7,14,0,5,3,4,8,1,0,1,1,3,1,1,0,4,2,1,7,0,12629.6218867
20204,1123000315,2,2,0,0,0,0,2,0,0,0,0,0,2,0,0,0,0,0,0,0,0,1196.27749514
20204,1123000317,4,4,0,0,0,1,2,1,0,0,0,1,2,1,0,0,0,0,0,0,0,3370.5653296
20204,1123000318,12,8,4,0,1,2,5,2,2,0,1,2,2,1,2,0,0,0,3,1,0,3924.42055462
20204,1123000321,232,135,97,0,28,37,48,66,53,0,18,21,25,36,35,0,10,16,23,30,18,3145.08825278
20204,1123000322,39,18,21,0,9,10,12,6,2,0,2,6,6,4,0,0,7,4,6,2,2,5494.435008
20204,1123000323,225,130,95,4,32,36,51,58,44,3,6,18,32,39,32,1,26,18,19,19,12,2897.72268167
20204,1123000329,18,16,2,0,1,0,8,9,0,0,1,0,6,9,0,0,0,0,2,0,0,1998.48206724
20204,1123000332,3,1,2,0,0,0,3,0,0,0,0,0,1,0,0,0,0,0,2,0,0,3759.87692997
20204,1123000334,1,0,1,0,0,0,0,0,1,0,0,0,0,0,0,0,0,0,0,0,1,6665.12189398
20204,1123000337,36,24,12,0,7,3,8,6,12,0,3,2,5,6,8,0,4,1,3,0,4,7347.94807207
20204,1123000339,6,4,2,0,0,1,2,2,1,0,0,1,1,2,0,0,0,0,1,0,1,5393.1096788
20204,1123000342,26,15,11,0,5,7,3,6,5,0,1,4,2,3,5,0,4,3,1,3,0,3548.83810834
20204,1123000343,5,5,0,0,0,1,0,2,2,0,0,1,0,2,2,0,0,0,0,0,0,2410.66251465
20204,1123000346,34,28,6,2,3,5,6,4,14,2,1,3,4,4,14,0,2,2,2,0,0,2914.34643421
20204,1123000351,24,13,11,0,4,4,7,9,0,0,2,3,3,5,0,0,2,1,4,4,0,6009.65176534
20204,1123000353,2,2,0,0,0,0,0,0,2,0,0,0,0,0,2,0,0,0,0,0,0,4416.74960542
20204,1123000354,11,9,2,0,0,3,4,1,3,0,0,3,2,1,3,0,0,0,2,0,0,7580.06307624
20204,1123000355,11,7,4,0,0,2,2,4,3,0,0,1,1,2,3,0,0,1,1,2,0,2469.91902325
20204,1123000358,3,2,1,0,0,0,2,1,0,0,0,0,2,0,0,0,0,0,0,1,0,1726.38569282
20204,1123000359,19,5,14,0,3,0,7,6,3,0,0,0,0,2,3,0,3,0,7,4,0,7190.05473792
20204,1123000360,73,5,68,0,1,2,4,23,43,0,0,0,0,2,3,0,1,2,4,21,40,4869.81765984
20204,1123000361,3,3,0,0,0,0,0,3,0,0,0,0,0,3,0,0,0,0,0,0,0,4014.57137912
20204,1123000364,136,68,68,0,14,19,27,27,49,0,3,8,5,16,36,0,11,11,22,11,13,6876.32152484
20204,1123000365,8,6,2,0,0,3,2,2,1,0,0,2,2,1,1,0,0,1,0,1,0,5372.32479558
20204,1123000366,23,15,8,0,2,3,5,11,2,0,0,2,2,9,2,0,2,1,3,2,0,4162.11914876
20204,1123000368,6,2,4,0,0,0,1,4,1,0,0,0,0,1,1,0,0,0,1,3,0,2351.50251293
20204,1123000369,10,3,7,0,1,5,2,2,0,0,1,1,0,1,0,0,0,4,2,1,0,4316.36084581
20204,1123000371,2,2,0,0,0,0,2,0,0,0,0,0,2,0,0,0,0,0,0,0,0,1550.74502717
20204,1123000372,6,4,2,0,0,2,0,3,1,0,0,1,0,2,1,0,0,1,0,1,0,1115.26464071
20204,1123000373,9,6,3,0,2,2,1,2,2,0,1,1,1,1,2,0,1,1,0,1,0,4975.55561046
20204,1123000375,41,26,15,0,5,12,18,4,2,0,4,8,10,3,1,0,1,4,8,1,1,2225.89671569
20204,1123000380,3,2,1,0,0,1,2,0,0,0,0,1,1,0,0,0,0,0,1,0,0,4071.00695357
20204,1123000381,18,8,10,0,2,7,1,5,3,0,1,3,1,2,1,0,1,4,0,3,2,7013.37792937
20204,1123000390,72,45,27,2,3,12,23,24,8,1,2,9,14,11,8,1,1,3,9,13,0,3143.25258799
20204,1123000394,82,32,50,2,19,22,19,8,12,2,4,7,8,4,7,0,15,15,11,4,5,6970.93472206
20204,1123000395,29,27,2,0,1,1,5,4,18,0,1,0,4,4,18,0,0,1,1,0,0,1955.64644102
20204,1123000404,2,1,1,0,0,0,1,0,1,0,0,0,1,0,0,0,0,0,0,0,1,1100.26549614
20204,1123000405,9,8,1,0,2,2,3,2,0,0,2,2,2,2,0,0,0,0,1,0,0,3238.00246143
20204,1123000407,167,127,40,0,18,25,42,39,43,0,15,20,34,29,29,0,3,5,8,10,14,5142.13964751
20204,1123000416,26,11,15,0,2,5,11,6,2,0,0,2,6,2,1,0,2,3,5,4,1,2358.77187609
20204,1123000419,1,0,1,0,0,0,1,0,0,0,0,0,0,0,0,0,0,0,1,0,0,5899.06983397
20204,1123000423,26,12,14,1,5,7,6,4,3,0,2,1,5,2,2,1,3,6,1,2,1,80846.9160056
20204,1123000427,5,4,1,0,0,0,0,2,3,0,0,0,0,2,2,0,0,0,0,0,1,4144.48299325
20204,1123000428,4,3,1,0,1,0,1,0,2,0,1,0,0,0,2,0,0,0,1,0,0,2514.57657256
20204,1123000432,66,44,22,1,6,20,14,19,6,1,2,10,8,17,6,0,4,10,6,2,0,8280.65284575
20204,1123000433,16,14,2,0,0,1,3,5,7,0,0,1,3,4,6,0,0,0,0,1,1,2436.63949994
20204,1123000434,5,2,3,0,1,1,0,1,2,0,0,0,0,1,1,0,1,1,0,0,1,2050.92057543
20204,1123000436,425,337,88,8,73,143,142,45,14,2,46,123,125,30,11,6,27,20,17,15,3,16972.1355696
20204,1123000437,203,171,32,1,27,41,36,77,21,1,21,36,29,66,18,0,6,5,7,11,3,7210.75269373
20204,1123000438,29,16,13,0,1,1,4,17,6,0,0,1,3,9,3,0,1,0,1,8,3,4989.62584016
20204,1123000439,4,4,0,0,0,1,1,2,0,0,0,1,1,2,0,0,0,0,0,0,0,2152.19965666
20204,1123000440,6,5,1,0,0,0,1,4,1,0,0,0,1,3,1,0,0,0,0,1,0,1731.8187245
20204,1123000443,5,4,1,0,1,1,0,3,0,0,1,0,0,3,0,0,0,1,0,0,0,2988.77858266
20204,1123000447,16,10,6,0,2,1,6,7,0,0,2,1,2,5,0,0,0,0,4,2,0,2908.54500871
20204,1123000448,7,4,3,0,0,2,3,1,1,0,0,1,2,0,1,0,0,1,1,1,0,853.51796658
20204,1123000450,2,1,1,0,0,0,0,1,1,0,0,0,0,0,1,0,0,0,0,1,0,1195.79720661
20204,1123000454,4,1,3,0,0,0,1,2,1,0,0,0,0,1,0,0,0,0,1,1,1,2146.1138515
20204,1123000457,118,67,51,0,21,22,19,20,36,0,7,13,10,10,27,0,14,9,9,10,9,11178.8074975
20204,1123000458,2,1,1,0,0,0,0,2,0,0,0,0,0,1,0,0,0,0,0,1,0,3221.82682212
20204,1123000459,2,2,0,0,1,0,1,0,0,0,1,0,1,0,0,0,0,0,0,0,0,799.119568551
20204,1123000460,3,1,2,0,0,0,0,1,2,0,0,0,0,0,1,0,0,0,0,1,1,9542.1815697
20204,1123000461,35,24,11,0,6,6,6,10,7,0,1,4,4,10,5,0,5,2,2,0,2,5926.29449319
20204,1123000462,21,17,4,0,0,2,3,9,7,0,0,2,2,7,6,0,0,0,1,2,1,2433.26987734
20204,1123000464,12,5,7,0,0,2,4,5,1,0,0,1,2,2,0,0,0,1,2,3,1,4303.51701822
20204,1123000465,8,7,1,0,1,0,5,0,2,0,1,0,4,0,2,0,0,0,1,0,0,1400.30853031
20204,1123000467,16,13,3,0,0,3,2,3,8,0,0,1,1,3,8,0,0,2,1,0,0,1320.06597028
20204,1123000468,77,58,19,0,6,19,15,22,15,0,4,13,14,14,13,0,2,6,1,8,2,7189.43543783
20204,1123000469,18,15,3,0,1,1,8,5,3,0,1,1,6,4,3,0,0,0,2,1,0,4414.45263074
20204,1123000470,1111,664,447,11,132,99,135,222,512,11,108,71,81,118,275,0,24,28,54,104,237,3949.34350749
20204,1123000472,9,6,3,0,1,4,3,1,0,0,1,3,1,1,0,0,0,1,2,0,0,2634.71533759
20204,1123000473,84,73,11,0,2,9,12,32,29,0,1,5,11,29,27,0,1,4,1,3,2,3108.66796867
20204,1123000474,12,9,3,0,0,1,2,8,1,0,0,1,1,7,0,0,0,0,1,1,1,4981.89738597
20204,1123000475,47,25,22,0,5,7,14,13,8,0,3,5,4,8,5,0,2,2,10,5,3,3133.02543881
20204,1123000480,26,10,16,0,1,2,6,10,7,0,0,1,3,3,3,0,1,1,3,7,4,1601.86981027
20204,1123000486,10,5,5,0,3,1,1,3,2,0,1,1,0,1,2,0,2,0,1,2,0,3329.54903351
20204,1123000487,3,2,1,0,0,0,1,0,2,0,0,0,1,0,1,0,0,0,0,0,1,2778.91643329
20204,1123000488,9,8,1,0,0,0,1,3,5,0,0,0,1,2,5,0,0,0,0,1,0,4935.64771254
20204,1123000489,1,0,1,0,0,1,0,0,0,0,0,0,0,0,0,0,0,1,0,0,0,10553.4898352
20204,1123000490,20,12,8,0,2,3,4,6,5,0,2,2,3,2,3,0,0,1,1,4,2,2577.10429151
20204,1123000492,25,20,5,0,0,3,12,6,4,0,0,2,10,4,4,0,0,1,2,2,0,9511.98057188
20204,1123000498,72,59,13,0,8,11,14,19,20,0,5,9,11,17,17,0,3,2,3,2,3,6570.05535661
20204,1123000501,22,12,10,0,1,5,6,5,5,0,0,1,5,2,4,0,1,4,1,3,1,4448.66788869
20204,1123000503,4,3,1,0,0,0,1,3,0,0,0,0,1,2,0,0,0,0,0,1,0,3128.38591877
20204,1123000504,7,6,1,0,0,0,2,3,2,0,0,0,1,3,2,0,0,0,1,0,0,2190.7864261
20204,1123000505,9,7,2,0,1,1,1,4,2,0,1,1,0,3,2,0,0,0,1,1,0,13294.2598484
20204,1123000507,5,4,1,0,0,0,1,2,2,0,0,0,0,2,2,0,0,0,1,0,0,952.686306164
20204,1123000512,64,38,26,0,13,23,16,8,4,0,3,14,13,5,3,0,10,9,3,3,1,3553.68808835
20204,1123000516,14,10,4,0,2,5,5,2,0,0,1,5,2,2,0,0,1,0,3,0,0,1917.43399775
20204,1123000517,62,48,14,0,0,2,11,23,26,0,0,0,6,18,24,0,0,2,5,5,2,2068.40407842
20204,1123000519,15,11,4,0,1,4,3,5,2,0,1,4,0,4,2,0,0,0,3,1,0,1913.52529964
20204,1123000520,8,7,1,0,0,0,2,4,2,0,0,0,2,3,2,0,0,0,0,1,0,6492.02410893
20204,1123000521,11,7,4,0,0,1,3,0,7,0,0,0,2,0,5,0,0,1,1,0,2,2853.66387992
20204,1123000524,7,0,7,0,2,1,0,2,2,0,0,0,0,0,0,0,2,1,0,2,2,3560.15397671
20204,1123000525,38,28,10,0,3,9,5,8,13,0,1,6,2,8,11,0,2,3,3,0,2,3848.48964201
20204,1123000526,166,99,67,0,18,64,42,24,18,0,3,23,36,21,16,0,15,41,6,3,2,5716.78029794
20204,1123000527,14,8,6,0,3,2,2,4,3,0,3,1,0,1,3,0,0,1,2,3,0,2035.00329444
20204,1123000529,3,3,0,0,0,0,0,2,1,0,0,0,0,2,1,0,0,0,0,0,0,2224.52256163
20204,1123000530,8,7,1,0,0,2,1,4,1,0,0,2,1,3,1,0,0,0,0,1,0,2197.52072203
20204,1123000531,53,44,9,0,5,3,19,16,10,0,5,2,13,15,9,0,0,1,6,1,1,1922.42265679
20204,1123000532,21,14,7,0,1,0,4,12,4,0,1,0,3,7,3,0,0,0,1,5,1,2005.12669396
20204,1123000533,34,17,17,0,1,6,8,14,5,0,1,3,7,3,3,0,0,3,1,11,2,6303.82036938
20204,1123000534,9,4,5,0,0,4,3,2,0,0,0,0,3,1,0,0,0,4,0,1,0,969.415456872
20204,1123000535,9,5,4,0,3,0,4,2,0,0,2,0,2,1,0,0,1,0,2,1,0,3600.84699736
20204,1123000539,16,13,3,0,2,6,2,2,4,0,0,6,2,2,3,0,2,0,0,0,1,1962.13418735
20204,1123000541,3,0,3,0,0,1,1,1,0,0,0,0,0,0,0,0,0,1,1,1,0,3446.23332823
20204,1123000542,6,5,1,1,0,0,3,0,2,1,0,0,2,0,2,0,0,0,1,0,0,21216.7836092
20204,1123000543,9,6,3,0,1,0,4,1,3,0,0,0,2,1,3,0,1,0,2,0,0,11651.5127601
20204,1123000544,6,3,3,0,0,1,3,1,1,0,0,1,1,0,1,0,0,0,2,1,0,1591.94412169
20204,1123000547,11,4,7,0,3,2,1,5,0,0,0,2,1,1,0,0,3,0,0,4,0,2448.82469674
20204,1123000548,15,7,8,0,2,4,3,5,1,0,0,2,1,3,1,0,2,2,2,2,0,2482.52158477
20204,1123000549,4,2,2,0,0,1,0,1,2,0,0,0,0,1,1,0,0,1,0,0,1,1777.54923764
20204,1123000551,4655,1984,2671,6,295,1163,1725,1337,129,1,151,742,691,371,28,5,144,421,1034,966,101,10360.0348741
20204,1123000552,2,1,1,0,0,0,0,2,0,0,0,0,0,1,0,0,0,0,0,1,0,2822.15133736
20204,1123000554,4,3,1,0,0,0,3,1,0,0,0,0,3,0,0,0,0,0,0,1,0,797.064897408
20204,1123000555,89,55,34,0,9,11,27,29,13,0,2,5,18,19,11,0,7,6,9,10,2,3369.23975255
20204,1123000556,40,26,14,0,5,6,14,8,7,0,2,3,9,7,5,0,3,3,5,1,2,9303.72420376
20204,1123000557,9,4,5,0,0,0,1,6,2,0,0,0,0,4,0,0,0,0,1,2,2,2772.82436557
20204,1123000558,27,19,8,0,2,2,12,6,5,0,1,1,7,5,5,0,1,1,5,1,0,2539.3125673
20204,1123000560,11,8,3,0,0,4,3,1,3,0,0,2,3,0,3,0,0,2,0,1,0,2934.61586342
20204,1123000561,6,5,1,0,1,1,2,1,1,0,1,1,2,0,1,0,0,0,0,1,0,1737.6047196
20204,1123000562,3,2,1,0,0,0,1,1,1,0,0,0,1,1,0,0,0,0,0,0,1,1811.24298432
20204,1123000563,2,1,1,0,0,0,0,1,1,0,0,0,0,0,1,0,0,0,0,1,0,2957.4947786
20204,1123000564,24,17,7,0,3,2,8,8,3,0,1,2,5,6,3,0,2,0,3,2,0,2121.6648195
20204,1123000565,56,29,27,0,6,12,13,17,8,0,1,8,6,9,5,0,5,4,7,8,3,4675.14201419
20204,1123000566,12,8,4,0,0,1,7,1,3,0,0,0,5,1,2,0,0,1,2,0,1,2470.47226513
20204,1123000567,18,14,4,0,0,2,5,6,5,0,0,2,3,5,4,0,0,0,2,1,1,2431.47574291
20204,1123000568,88,67,21,2,15,22,22,20,7,0,9,18,17,17,6,2,6,4,5,3,1,2209.02915775
20204,1123000569,20,10,10,0,0,0,4,11,5,0,0,0,1,7,2,0,0,0,3,4,3,4287.90569515
20204,1123000570,2,1,1,0,0,0,0,1,1,0,0,0,0,0,1,0,0,0,0,1,0,2939.5225765
20204,1123000571,4,4,0,0,0,2,2,0,0,0,0,2,2,0,0,0,0,0,0,0,0,1716.47034127
20204,1123000576,40,14,26,0,9,16,6,7,2,0,3,5,4,1,1,0,6,11,2,6,1,3058.24911753
20204,1123000577,21,15,6,0,0,3,4,8,6,0,0,1,4,6,4,0,0,2,0,2,2,1907.65500781
20204,1123000580,33,31,2,0,1,8,18,4,2,0,0,8,17,4,2,0,1,0,1,0,0,2259.46977601
20204,1123000581,48,31,17,0,9,5,13,6,15,0,4,2,7,6,12,0,5,3,6,0,3,10109.4401727
20204,1123000582,7,7,0,0,0,0,1,2,4,0,0,0,1,2,4,0,0,0,0,0,0,1138.96438792
20204,1123000583,26,13,13,0,2,8,4,7,5,0,2,2,1,5,3,0,0,6,3,2,2,6558.03722184
20204,1123000584,6,4,2,0,3,2,0,1,0,0,2,2,0,0,0,0,1,0,0,1,0,988.926394008
20204,1123000585,8,6,2,0,1,1,3,3,0,0,1,1,2,2,0,0,0,0,1,1,0,3607.9552115
20204,1123000587,33,20,13,0,1,10,9,6,7,0,0,5,3,6,6,0,1,5,6,0,1,1691.30119912
20204,1123000588,1951,944,1007,3,231,487,493,608,129,2,94,193,182,389,84,1,137,294,311,219,45,13586.4982094
20204,1123000589,479,159,320,1,97,137,104,56,84,0,11,27,31,29,61,1,86,110,73,27,23,9406.4401534
20204,1123000590,23,10,13,0,2,13,3,5,0,0,1,5,2,2,0,0,1,8,1,3,0,12965.2219511
20204,1123000592,40,22,18,0,2,1,12,17,8,0,2,0,6,11,3,0,0,1,6,6,5,2045.69248671
20204,1123000593,5,3,2,0,0,0,0,4,1,0,0,0,0,3,0,0,0,0,0,1,1,2224.96319264
20204,1123000594,10,8,2,0,3,1,1,1,4,0,2,1,1,1,3,0,1,0,0,0,1,1405.42039128
20204,1123000595,4,2,2,0,0,0,0,0,4,0,0,0,0,0,2,0,0,0,0,0,2,1885.58957413
20204,1123000596,35,11,24,0,2,9,11,8,5,0,1,1,2,5,2,0,1,8,9,3,3,2079.86290593
20204,1123000598,5,4,1,0,1,0,1,2,1,0,0,0,1,2,1,0,1,0,0,0,0,1951.17131422
20204,1123000599,12,9,3,0,0,2,3,2,5,0,0,1,3,2,3,0,0,1,0,0,2,1823.27345438
20204,1123000600,27,12,15,0,2,9,8,5,3,0,1,2,4,3,2,0,1,7,4,2,1,2162.62447898
20204,1123000602,3,1,2,0,0,2,0,0,1,0,0,1,0,0,0,0,0,1,0,0,1,2931.45358807
20204,1123000603,3,1,2,0,3,0,0,0,0,0,1,0,0,0,0,0,2,0,0,0,0,2358.07625861
20204,1123000605,1646,1312,334,1,135,280,466,403,361,1,92,225,408,329,257,0,43,55,58,74,104,4346.21841473
20204,1123000606,4,2,2,0,0,1,1,1,1,0,0,0,0,1,1,0,0,1,1,0,0,3125.15005907
20204,1123000607,2,2,0,0,0,2,0,0,0,0,0,2,0,0,0,0,0,0,0,0,0,3249.3479218
20204,1123000608,27,16,11,0,1,5,10,5,6,0,1,3,4,4,4,0,0,2,6,1,2,2625.83904468
20204,1123000613,16,10,6,0,3,5,2,2,4,0,0,3,2,2,3,0,3,2,0,0,1,1818.15010802
20204,1123000614,2,2,0,0,0,0,0,1,1,0,0,0,0,1,1,0,0,0,0,0,0,3246.01714871
20204,1123000615,11,8,3,1,3,2,0,5,0,1,1,2,0,4,0,0,2,0,0,1,0,1543.17841073
20204,1123000616,329,78,251,0,56,119,75,64,15,0,6,22,21,24,5,0,50,97,54,40,10,7002.64869002
20204,1123000621,3,3,0,0,0,0,0,1,2,0,0,0,0,1,2,0,0,0,0,0,0,1668.83691379
20204,1123000622,920,430,490,0,44,61,113,269,433,0,23,37,66,94,210,0,21,24,47,175,223,8139.28415819
20204,1123000623,1,1,0,0,0,0,0,0,1,0,0,0,0,0,1,0,0,0,0,0,0,3248.84264715
20204,1123000624,27,16,11,0,3,7,10,1,6,0,1,4,6,1,4,0,2,3,4,0,2,4937.56851411
20204,1123000626,26,17,9,0,2,3,5,4,12,0,2,1,3,2,9,0,0,2,2,2,3,3635.86047217
20204,1123000627,94,41,53,0,3,28,36,15,12,0,2,12,15,6,6,0,1,16,21,9,6,8179.49828885
20204,1123000628,15,9,6,0,0,3,4,4,4,0,0,3,0,3,3,0,0,0,4,1,1,3183.56836114
20204,1123000630,4,1,3,0,0,0,0,3,1,0,0,0,0,1,0,0,0,0,0,2,1,4726.51273309
20204,1123000634,19,16,3,0,3,4,5,6,1,0,2,4,3,6,1,0,1,0,2,0,0,2162.78508597
20204,1123000635,27,23,4,0,3,2,7,11,4,0,2,2,6,9,4,0,1,0,1,2,0,2254.37723106
20204,1123000636,9,5,4,0,1,2,2,2,2,0,1,1,1,2,0,0,0,1,1,0,2,2583.12862341
20204,1123000638,3,2,1,0,0,0,2,1,0,0,0,0,1,1,0,0,0,0,1,0,0,4376.3797947
20204,1123000639,37,14,23,0,5,6,13,6,7,0,1,4,3,2,4,0,4,2,10,4,3,5975.26547421
20204,1123000640,2,0,2,0,0,0,1,1,0,0,0,0,0,0,0,0,0,0,1,1,0,2418.28491108
20204,1123000642,539,192,347,1,37,55,61,156,229,0,16,11,21,40,104,1,21,44,40,116,125,9087.70959967
20204,1123000645,7,6,1,0,0,2,4,1,0,0,0,2,3,1,0,0,0,0,1,0,0,1601.23263639
20204,1123000646,5,4,1,0,0,1,4,0,0,0,0,1,3,0,0,0,0,0,1,0,0,1378.44414946
20204,1123000653,274,170,104,2,21,36,73,89,53,0,4,18,45,60,43,2,17,18,28,29,10,8637.43186113
20204,1123000654,39,25,14,0,10,7,6,9,7,0,6,3,3,8,5,0,4,4,3,1,2,6619.07270546
20204,1123000656,13,10,3,0,1,1,4,1,6,0,1,1,3,1,4,0,0,0,1,0,2,2449.27811575
20204,1123000657,14,13,1,0,0,0,4,7,3,0,0,0,4,7,2,0,0,0,0,0,1,1230.53015294
20204,1123000659,6,5,1,0,0,2,1,2,1,0,0,2,0,2,1,0,0,0,1,0,0,6366.2523986
20204,1123000660,1571,1415,156,12,367,530,409,231,22,6,334,479,375,207,14,6,33,51,34,24,8,2911.98424896
20204,1123000661,77,33,44,0,34,35,5,2,1,0,10,17,4,2,0,0,24,18,1,0,1,2518.69245769
20204,1123000662,26,14,12,0,3,7,7,5,4,0,1,4,3,3,3,0,2,3,4,2,1,5277.1018916
20204,1123000664,140,30,110,0,26,70,22,9,13,0,4,9,1,6,10,0,22,61,21,3,3,5699.66764004
20204,1123000665,15,3,12,0,1,4,8,1,1,0,0,2,1,0,0,0,1,2,7,1,1,2503.09760121
20204,1123000666,35,18,17,0,4,6,8,11,6,0,2,2,4,7,3,0,2,4,4,4,3,5564.95403295
20204,1123000667,143,90,53,0,13,20,37,33,40,0,6,6,22,18,38,0,7,14,15,15,2,4317.78726912
20204,1123000669,2,1,1,0,0,0,1,0,1,0,0,0,0,0,1,0,0,0,1,0,0,1884.05125028
20204,1123000670,56,44,12,0,4,15,12,13,12,0,2,12,9,11,10,0,2,3,3,2,2,4668.64406334
20204,1123000671,5,4,1,0,0,0,0,5,0,0,0,0,0,4,0,0,0,0,0,1,0,1747.18607916
20204,1123000672,13,7,6,0,0,0,1,7,5,0,0,0,1,4,2,0,0,0,0,3,3,2895.57394366
20204,1123000674,61,12,49,0,13,9,21,13,5,0,4,1,2,1,4,0,9,8,19,12,1,22176.719608
20204,1123000675,98,40,58,0,7,19,28,22,22,0,2,8,8,11,11,0,5,11,20,11,11,7731.02447436
20204,1123000678,29,18,11,0,0,4,4,15,6,0,0,0,3,10,5,0,0,4,1,5,1,1902.95409476
20204,1123000680,21,14,7,0,2,4,7,6,2,0,1,3,3,6,1,0,1,1,4,0,1,903.699622706
20204,1123000681,3,2,1,0,0,0,1,0,2,0,0,0,1,0,1,0,0,0,0,0,1,5436.58843236
20204,1123000682,11,8,3,0,0,3,3,3,2,0,0,2,2,2,2,0,0,1,1,1,0,5662.97446008
20204,1123000689,15,6,9,0,1,1,4,6,3,0,0,0,1,4,1,0,1,1,3,2,2,3315.67715596
20204,1123000692,2,0,2,0,0,0,2,0,0,0,0,0,0,0,0,0,0,0,2,0,0,4347.51199684
20204,1123000693,4,2,2,0,0,1,0,1,2,0,0,0,0,1,1,0,0,1,0,0,1,1490.47639101
20204,1123000697,11,6,5,0,1,3,1,3,3,0,0,1,0,2,3,0,1,2,1,1,0,3301.47939503
20204,1123000698,2,0,2,0,0,0,0,2,0,0,0,0,0,0,0,0,0,0,0,2,0,699.943944066
20204,1123000704,3,2,1,0,0,1,0,0,2,0,0,1,0,0,1,0,0,0,0,0,1,3082.5145774
20204,1123000707,18,11,7,0,3,5,7,2,1,0,1,2,6,1,1,0,2,3,1,1,0,11145.9383493
20204,1123000710,5,4,1,0,0,1,0,2,2,0,0,0,0,2,2,0,0,1,0,0,0,2036.58428895
20204,1123000715,6,0,6,0,1,1,2,2,0,0,0,0,0,0,0,0,1,1,2,2,0,1539.3655359
20204,1123000717,107,73,34,0,19,19,22,33,14,0,13,14,15,22,9,0,6,5,7,11,5,2914.74706095
20204,1123000718,2,2,0,0,0,0,0,1,1,0,0,0,0,1,1,0,0,0,0,0,0,1772.5989134
20204,1123000719,3,2,1,0,0,0,1,0,2,0,0,0,0,0,2,0,0,0,1,0,0,1984.39986253
20204,1123000720,170,89,81,0,29,64,53,17,7,0,8,34,29,12,6,0,21,30,24,5,1,8968.58069041
20204,1123000721,5,0,5,0,2,0,2,1,0,0,0,0,0,0,0,0,2,0,2,1,0,1360.06184532
20204,1123000725,4,3,1,0,0,1,1,2,0,0,0,1,0,2,0,0,0,0,1,0,0,770.437710314
20204,1123000727,70,57,13,0,4,2,9,8,47,0,4,0,3,4,46,0,0,2,6,4,1,5519.61595065
20204,1123000728,3133,562,2571,1,433,588,566,988,557,0,97,230,171,46,18,1,336,358,395,942,539,2847.02821333
20204,1123000732,13,8,5,0,0,6,5,1,1,0,0,3,5,0,0,0,0,3,0,1,1,2573.09926262
20204,1123000733,3,1,2,0,0,0,2,0,1,0,0,0,0,0,1,0,0,0,2,0,0,5735.67251126
20204,1123000736,93,49,44,0,15,26,22,17,13,0,6,16,14,10,3,0,9,10,8,7,10,9188.41281174
20204,1123000737,4,3,1,0,1,0,1,1,1,0,1,0,1,0,1,0,0,0,0,1,0,5914.93846871
20204,1123000738,129,88,41,0,4,1,6,12,106,0,2,1,3,5,77,0,2,0,3,7,29,3820.80092312
20204,1123000739,25,10,15,0,4,3,3,13,2,0,2,0,1,6,1,0,2,3,2,7,1,8825.02822343
20204,1123000740,9,4,5,0,0,0,2,3,4,0,0,0,1,1,2,0,0,0,1,2,2,3158.56877521
20204,1123000742,1,1,0,0,0,0,0,0,1,0,0,0,0,0,1,0,0,0,0,0,0,4244.76656106
20204,1123000746,40,11,29,0,19,9,5,4,3,0,4,4,1,2,0,0,15,5,4,2,3,3797.5155461
20204,1123000747,4,1,3,0,1,0,3,0,0,0,0,0,1,0,0,0,1,0,2,0,0,4229.15002906
20204,1123000748,1,1,0,0,0,0,0,0,1,0,0,0,0,0,1,0,0,0,0,0,0,6652.09689504
20204,1123000749,116,80,36,0,29,38,20,13,16,0,19,23,14,9,15,0,10,15,6,4,1,4240.11981196
20204,1123000751,198,127,71,0,25,90,22,18,43,0,8,56,17,10,36,0,17,34,5,8,7,4006.09273558
20204,1123000753,27,10,17,1,8,5,4,3,6,0,3,1,1,3,2,1,5,4,3,0,4,3640.99294239
20204,1123000754,6,5,1,0,1,2,1,2,0,0,1,2,0,2,0,0,0,0,1,0,0,3635.66513278
20204,1123000756,282,122,160,0,65,83,57,33,44,0,12,30,19,17,44,0,53,53,38,16,0,4338.63340236
20204,1123000758,108,60,48,0,6,10,16,18,58,0,5,9,12,10,24,0,1,1,4,8,34,4095.62700985
20204,1123000759,5,1,4,0,0,1,1,1,2,0,0,1,0,0,0,0,0,0,1,1,2,2448.02260624
20204,1123000761,554,268,286,3,210,201,94,35,11,1,78,100,48,31,10,2,132,101,46,4,1,6890.23982491
20204,1123000762,15,9,6,0,1,2,5,3,4,0,0,0,3,2,4,0,1,2,2,1,0,16004.2052743
20204,1123000764,9,7,2,0,0,3,2,0,4,0,0,1,2,0,4,0,0,2,0,0,0,4110.25781179
20204,1123000766,2,2,0,0,0,0,2,0,0,0,0,0,2,0,0,0,0,0,0,0,0,1247.24874098
20204,1123000767,20,11,9,0,0,10,8,1,1,0,0,3,6,1,1,0,0,7,2,0,0,1901.15458958
20204,1123000769,9,5,4,0,0,1,2,1,5,0,0,0,0,1,4,0,0,1,2,0,1,2206.66753405
20204,1123000770,55,34,21,0,6,7,21,12,9,0,1,4,14,8,7,0,5,3,7,4,2,11464.3050017
20204,1123000772,3,2,1,0,0,0,0,0,3,0,0,0,0,0,2,0,0,0,0,0,1,4132.53707003
20204,1123000774,16,6,10,0,1,4,6,3,2,0,0,1,2,1,2,0,1,3,4,2,0,2395.23824756
20204,1123000775,1,0,1,0,0,0,0,1,0,0,0,0,0,0,0,0,0,0,0,1,0,7559.6167189
20204,1123000776,14,10,4,0,0,1,5,7,1,0,0,0,3,6,1,0,0,1,2,1,0,4645.15896643
20204,1123000777,5,2,3,0,0,0,0,1,4,0,0,0,0,0,2,0,0,0,0,1,2,4637.37759361
20204,1123000779,6,6,0,0,1,2,2,0,1,0,1,2,2,0,1,0,0,0,0,0,0,3420.31595081
20204,1123000783,10,4,6,0,0,2,4,2,2,0,0,1,0,1,2,0,0,1,4,1,0,2849.07207398
20204,1123000784,24,22,2,0,3,2,10,5,4,0,3,2,9,4,4,0,0,0,1,1,0,9942.58958689
20204,1123000785,28,25,3,0,1,5,10,10,2,0,1,3,9,10,2,0,0,2,1,0,0,3943.49847808
20204,1123000787,8,6,2,0,2,2,0,2,2,0,0,2,0,2,2,0,2,0,0,0,0,2845.04936832
20204,1123000788,16,3,13,0,0,4,6,1,5,0,0,0,0,0,3,0,0,4,6,1,2,2837.51426934
20204,1123000790,7,3,4,0,3,3,0,1,0,0,1,1,0,1,0,0,2,2,0,0,0,7394.77884981
20204,1123000791,4,2,2,0,0,0,2,0,2,0,0,0,0,0,2,0,0,0,2,0,0,6190.17818905
20204,1123000792,210,134,76,0,35,92,39,24,20,0,10,61,26,22,15,0,25,31,13,2,5,3241.68558175
20204,1123000794,4,2,2,0,0,0,1,2,1,0,0,0,0,1,1,0,0,0,1,1,0,5526.98765954
20204,1123000796,3,0,3,0,0,0,2,1,0,0,0,0,0,0,0,0,0,0,2,1,0,2548.54200245
20204,1123000797,13,9,4,0,1,5,6,0,1,0,0,5,3,0,1,0,1,0,3,0,0,8036.97057082
20204,1123000799,90,50,40,0,6,32,22,24,6,0,3,13,14,14,6,0,3,19,8,10,0,35453.1704954
20204,1123000804,2,0,2,0,0,0,0,2,0,0,0,0,0,0,0,0,0,0,0,2,0,6529.5723876
20204,1123000805,1,0,1,0,0,0,0,1,0,0,0,0,0,0,0,0,0,0,0,1,0,8770.34867432
20204,1123000806,2,2,0,0,0,0,0,1,1,0,0,0,0,1,1,0,0,0,0,0,0,3574.87789573
20204,1123000809,5,4,1,0,0,0,2,1,2,0,0,0,1,1,2,0,0,0,1,0,0,4624.25370529
20204,1123000810,4,3,1,0,0,0,0,1,3,0,0,0,0,0,3,0,0,0,0,1,0,1262.72374307
20204,1123000811,4,2,2,0,1,0,1,1,1,0,0,0,1,0,1,0,1,0,0,1,0,1581.86584045
20204,1123000812,74,55,19,0,9,15,19,20,11,0,7,12,14,13,9,0,2,3,5,7,2,3035.88478622
20204,1123000814,13,6,7,0,2,2,4,1,4,0,0,1,3,0,2,0,2,1,1,1,2,6328.78202065
20204,1123000817,2,2,0,0,0,0,0,2,0,0,0,0,0,2,0,0,0,0,0,0,0,3092.94501325
20204,1123000818,7,6,1,0,0,1,0,2,4,0,0,1,0,2,3,0,0,0,0,0,1,11921.0973824
20204,1123000821,7,3,4,0,0,0,1,3,3,0,0,0,0,1,2,0,0,0,1,2,1,6999.5667647
20204,1123000822,24,12,12,0,0,4,10,3,7,0,0,2,3,2,5,0,0,2,7,1,2,6013.87445249
20204,1123000823,8,6,2,0,0,1,3,1,3,0,0,1,1,1,3,0,0,0,2,0,0,2165.13348129
20204,1123000824,1,0,1,0,0,0,1,0,0,0,0,0,0,0,0,0,0,0,1,0,0,2499.86282906
20204,1123000826,15,7,8,0,0,0,2,7,6,0,0,0,2,2,3,0,0,0,0,5,3,4934.16602867
20204,1123000828,4,2,2,0,2,0,1,1,0,0,1,0,0,1,0,0,1,0,1,0,0,2999.95610432
20204,1123000829,9,8,1,0,1,2,1,2,3,0,1,2,1,1,3,0,0,0,0,1,0,10360.8752738
20204,1123000830,22,19,3,0,3,3,8,3,5,0,3,3,6,2,5,0,0,0,2,1,0,7393.05431544
20204,1123000831,16,9,7,0,0,4,5,2,5,0,0,3,1,2,3,0,0,1,4,0,2,2969.82232353
20204,1123000832,13,10,3,0,1,2,1,5,4,0,1,2,1,3,3,0,0,0,0,2,1,595.572774367
20204,1123000833,39,16,23,0,9,7,13,5,5,0,1,7,5,1,2,0,8,0,8,4,3,11952.4452845
20204,1123000834,8,7,1,0,0,0,2,6,0,0,0,0,1,6,0,0,0,0,1,0,0,2598.71345033
20204,1123000835,5,5,0,0,0,0,3,2,0,0,0,0,3,2,0,0,0,0,0,0,0,1111.49576141
20204,1123000836,26,17,9,0,0,5,8,10,3,0,0,3,5,7,2,0,0,2,3,3,1,2788.69944117
20204,1123000837,2,1,1,0,0,0,0,0,2,0,0,0,0,0,1,0,0,0,0,0,1,2386.50490123
20204,1123000838,12,8,4,0,1,4,1,5,1,0,0,3,1,4,0,0,1,1,0,1,1,1206.35704805
20204,1123000840,12,10,2,0,0,1,3,3,5,0,0,1,3,2,4,0,0,0,0,1,1,3559.81870719
20204,1123000841,114,96,18,0,3,16,10,13,72,0,0,7,8,10,71,0,3,9,2,3,1,17054.004377
20204,1123000842,24,23,1,0,3,4,5,8,4,0,2,4,5,8,4,0,1,0,0,0,0,2172.34562805
20204,1123000843,5,3,2,0,1,2,0,0,2,0,0,1,0,0,2,0,1,1,0,0,0,2048.99462376
20204,1123000844,42,31,11,0,5,4,13,12,8,0,4,1,10,9,7,0,1,3,3,3,1,3432.34716877
20204,1123000845,7,3,4,0,2,0,1,3,1,0,0,0,0,2,1,0,2,0,1,1,0,2260.48510389
20204,1123000846,48,17,31,0,9,11,17,6,5,0,1,5,7,2,2,0,8,6,10,4,3,2268.05573689
20204,1123000847,29,23,6,0,2,7,6,4,10,0,2,6,4,2,9,0,0,1,2,2,1,2418.13496029
20204,1123000848,32,22,10,0,2,9,11,7,3,0,0,5,10,6,1,0,2,4,1,1,2,3474.14869826
20204,1123000849,1,1,0,0,0,0,0,1,0,0,0,0,0,1,0,0,0,0,0,0,0,2202.90659378
20204,1123000850,10,6,4,0,2,3,3,2,0,0,1,2,1,2,0,0,1,1,2,0,0,3219.71305901
20204,1123000851,6,1,5,0,0,2,2,1,1,0,0,0,0,1,0,0,0,2,2,0,1,5606.01333844
20204,1123000852,4,4,0,0,0,0,2,0,2,0,0,0,2,0,2,0,0,0,0,0,0,1578.57854434
20204,1123000854,4,1,3,0,1,1,2,0,0,0,0,0,1,0,0,0,1,1,1,0,0,865.51864328
20204,1123000856,4,1,3,0,1,0,0,3,0,0,0,0,0,1,0,0,1,0,0,2,0,2204.64945203
20204,1123000857,10,0,10,0,7,1,1,1,0,0,0,0,0,0,0,0,7,1,1,1,0,3051.58675781
20204,1123000858,120,86,34,1,17,26,35,26,15,0,11,17,23,23,12,1,6,9,12,3,3,2766.90389094
20204,1123000860,107,69,38,0,17,54,13,12,11,0,7,40,9,5,8,0,10,14,4,7,3,8391.36259807
20204,1123000871,6,3,3,0,2,1,1,0,2,0,0,0,1,0,2,0,2,1,0,0,0,6143.96655999
20204,1123000873,14,10,4,0,0,3,3,5,3,0,0,2,2,4,2,0,0,1,1,1,1,3531.93565764
20204,1123000875,1446,334,1112,0,497,549,301,93,6,0,69,150,90,20,5,0,428,399,211,73,1,3194.71731579
20204,1123000877,3,2,1,0,0,1,0,1,1,0,0,1,0,0,1,0,0,0,0,1,0,2928.75373941
20204,1123000878,4,4,0,0,0,0,3,0,1,0,0,0,3,0,1,0,0,0,0,0,0,2378.11521735
20204,1123000879,28,12,16,0,4,2,8,12,2,0,3,2,4,2,1,0,1,0,4,10,1,3399.64835843
20204,1123000880,8,1,7,0,0,2,4,0,2,0,0,0,0,0,1,0,0,2,4,0,1,3422.0005008
20204,1123000882,2,0,2,0,1,0,0,1,0,0,0,0,0,0,0,0,1,0,0,1,0,3512.74773724
20204,1123000883,8,6,2,0,0,1,2,2,3,0,0,1,2,2,1,0,0,0,0,0,2,2125.16655741
20204,1123000887,48,28,20,0,9,15,11,5,8,0,3,8,7,3,7,0,6,7,4,2,1,8606.23512171
20204,1123000889,2,1,1,0,0,0,1,0,1,0,0,0,0,0,1,0,0,0,1,0,0,2234.79247841
20204,1123000892,6,4,2,0,0,0,2,1,3,0,0,0,0,1,3,0,0,0,2,0,0,1482.01424451
20204,1123000896,4,2,2,0,0,0,2,1,1,0,0,0,1,0,1,0,0,0,1,1,0,3852.66229586
20204,1123000899,4,4,0,0,1,1,1,1,0,0,1,1,1,1,0,0,0,0,0,0,0,1424.06439015
20204,1123000900,9,2,7,0,0,3,4,1,1,0,0,1,0,0,1,0,0,2,4,1,0,8449.230904
20204,1123000903,4,2,2,0,0,0,0,2,2,0,0,0,0,1,1,0,0,0,0,1,1,4101.30733984
20204,1123000911,5,3,2,0,1,0,2,1,1,0,0,0,1,1,1,0,1,0,1,0,0,2662.73336807
20204,1123000916,16,13,3,0,5,3,6,1,1,0,3,3,5,1,1,0,2,0,1,0,0,926.997156386
20204,1123000920,37,23,14,0,2,8,19,7,1,0,2,6,11,3,1,0,0,2,8,4,0,1086.18995356
20204,1123000922,4,1,3,0,1,0,1,1,1,0,0,0,1,0,0,0,1,0,0,1,1,2397.62565878
20204,1123000924,7,2,5,0,0,3,2,2,0,0,0,0,0,2,0,0,0,3,2,0,0,3349.21343777
20204,1123000925,64,33,31,0,11,17,13,21,2,0,4,11,9,8,1,0,7,6,4,13,1,3732.67537
20204,1123000933,22,9,13,0,10,1,3,6,2,0,2,0,1,5,1,0,8,1,2,1,1,2075.67256411
20204,1123000934,12,8,4,0,1,1,5,2,3,0,0,0,4,2,2,0,1,1,1,0,1,5033.75205013
20204,1123000935,4,3,1,0,2,0,0,2,0,0,1,0,0,2,0,0,1,0,0,0,0,5658.86112854
20204,1123000938,21,7,14,0,4,5,7,5,0,0,0,1,3,3,0,0,4,4,4,2,0,1822.39100718
20204,1123000940,2,2,0,0,0,0,1,1,0,0,0,0,1,1,0,0,0,0,0,0,0,3083.36377762
20204,1123000942,47,43,4,0,1,7,19,15,5,0,1,5,18,15,4,0,0,2,1,0,1,2469.10378439
20204,1123000944,6,3,3,0,0,1,3,1,1,0,0,1,0,1,1,0,0,0,3,0,0,2541.94115157
20204,1123000949,18,10,8,0,3,10,2,1,2,0,1,4,2,1,2,0,2,6,0,0,0,1253.45301219
20204,1123000954,11,1,10,0,2,0,5,4,0,0,0,0,1,0,0,0,2,0,4,4,0,4708.06271298
20204,1123000957,8,7,1,0,0,0,1,4,3,0,0,0,1,3,3,0,0,0,0,1,0,2804.75312681
20204,1123000958,35,24,11,0,1,7,10,9,8,0,1,3,6,7,7,0,0,4,4,2,1,6868.69509997
20204,1123000960,3,3,0,0,0,0,2,1,0,0,0,0,2,1,0,0,0,0,0,0,0,1899.39653633
20204,1123000961,13,5,8,0,3,4,2,3,1,0,1,0,1,2,1,0,2,4,1,1,0,9874.45124892
20204,1123000969,50,22,28,1,0,5,25,16,3,1,0,3,8,7,3,0,0,2,17,9,0,3966.53727376
20204,1123000974,3,2,1,0,0,0,1,2,0,0,0,0,1,1,0,0,0,0,0,1,0,1212.71752248
20204,1123000975,2,2,0,0,0,0,2,0,0,0,0,0,2,0,0,0,0,0,0,0,0,4277.10327787
20204,1123000978,3,3,0,0,0,1,0,1,1,0,0,1,0,1,1,0,0,0,0,0,0,1836.00903797
20204,1123000979,3,1,2,0,0,0,0,2,1,0,0,0,0,1,0,0,0,0,0,1,1,9758.30407219
20204,1123000980,1,1,0,0,0,0,0,1,0,0,0,0,0,1,0,0,0,0,0,0,0,1117.58018808
20204,1123000983,7,3,4,0,2,2,1,1,1,0,2,1,0,0,0,0,0,1,1,1,1,2366.24545472
20204,1123000984,2,2,0,0,0,0,1,1,0,0,0,0,1,1,0,0,0,0,0,0,0,3077.86066463
20204,1123000990,2,1,1,0,0,0,0,0,2,0,0,0,0,0,1,0,0,0,0,0,1,1305.98708829
20204,1123000995,15,2,13,0,8,1,5,0,1,0,0,0,1,0,1,0,8,1,4,0,0,3073.87166788
20204,1123000999,4,4,0,0,0,1,0,1,2,0,0,1,0,1,2,0,0,0,0,0,0,4074.72198537
20204,1123001000,1,1,0,0,0,0,0,0,1,0,0,0,0,0,1,0,0,0,0,0,0,2394.42581509
20204,1123001002,5,1,4,0,0,0,2,1,2,0,0,0,1,0,0,0,0,0,1,1,2,4405.99332393
20204,1123001005,30,15,15,0,4,5,14,5,2,0,0,3,7,5,0,0,4,2,7,0,2,6633.87725523
20204,1123001006,4,3,1,0,0,1,0,1,2,0,0,1,0,0,2,0,0,0,0,1,0,830.165903969
20204,1123001008,8,7,1,0,0,0,0,5,3,0,0,0,0,4,3,0,0,0,0,1,0,4966.72047992
20204,1123001009,2,2,0,0,2,0,0,0,0,0,2,0,0,0,0,0,0,0,0,0,0,3491.88435607
20204,1123001010,4,2,2,0,0,2,0,2,0,0,0,1,0,1,0,0,0,1,0,1,0,2510.94937435
20204,1123001012,4,2,2,0,0,0,0,3,1,0,0,0,0,1,1,0,0,0,0,2,0,654.762584036
20204,1123001013,2,2,0,0,1,0,1,0,0,0,1,0,1,0,0,0,0,0,0,0,0,2311.56558557
20204,1123001015,17,6,11,0,6,8,1,1,1,0,2,2,0,1,1,0,4,6,1,0,0,1381.14508248
20204,1123001020,4,4,0,0,0,3,1,0,0,0,0,3,1,0,0,0,0,0,0,0,0,3282.08490934
20204,1123001021,7,4,3,0,0,2,3,1,1,0,0,2,2,0,0,0,0,0,1,1,1,2792.34741787
20204,1123001022,702,498,204,0,5,92,243,248,114,0,3,42,152,202,99,0,2,50,91,46,15,75357.7962421
20204,1123001024,2,2,0,0,0,1,1,0,0,0,0,1,1,0,0,0,0,0,0,0,0,1737.81831967
20204,1123001030,3,1,2,0,2,1,0,0,0,0,0,1,0,0,0,0,2,0,0,0,0,2631.50546448
20204,1123001031,15,7,8,0,6,3,6,0,0,0,3,2,2,0,0,0,3,1,4,0,0,2513.51861358
20204,1123001034,3,1,2,0,0,1,1,1,0,0,0,0,0,1,0,0,0,1,1,0,0,2937.58974716
20204,1123001035,6,1,5,0,1,0,3,1,1,0,0,0,1,0,0,0,1,0,2,1,1,2582.97069588
20204,1123001036,14,7,7,0,4,3,3,4,0,0,1,1,2,3,0,0,3,2,1,1,0,86181.752073
20204,1123001038,3,2,1,0,0,1,1,0,1,0,0,1,0,0,1,0,0,0,1,0,0,702.517798597
20204,1123001039,13,9,4,0,1,1,2,3,6,0,0,0,2,2,5,0,1,1,0,1,1,26947.7282141
20204,1123001040,5,3,2,0,0,1,1,3,0,0,0,0,0,3,0,0,0,1,1,0,0,2564.67134806
20204,1123001041,14,5,9,0,0,1,7,6,0,0,0,1,3,1,0,0,0,0,4,5,0,3891.79118463
20204,1123001043,14,8,6,0,0,3,5,3,3,0,0,2,4,1,1,0,0,1,1,2,2,2174.7425155
20204,1123001047,2,1,1,0,0,0,0,2,0,0,0,0,0,1,0,0,0,0,0,1,0,5773.03312329
20204,1123001048,19,13,6,0,1,1,10,4,3,0,0,1,7,3,2,0,1,0,3,1,1,5667.90612722
20204,1123001049,4,3,1,0,0,2,1,1,0,0,0,1,1,1,0,0,0,1,0,0,0,2908.9263683
20204,1123001051,128,40,88,0,7,10,27,30,54,0,0,4,13,5,18,0,7,6,14,25,36,12705.1673298
20204,1123001052,4,1,3,0,0,1,0,2,1,0,0,0,0,0,1,0,0,1,0,2,0,2913.25226694
20204,1123001057,11,5,6,0,1,2,3,3,2,0,0,1,2,1,1,0,1,1,1,2,1,3302.94712939
20204,1123001063,7,4,3,0,1,1,2,2,1,0,0,0,1,2,1,0,1,1,1,0,0,1036.60154414
20204,1123001070,7,6,1,0,4,0,1,2,0,0,3,0,1,2,0,0,1,0,0,0,0,5731.46337646
20204,1123001071,25,10,15,0,6,5,6,6,2,0,0,3,2,4,1,0,6,2,4,2,1,3146.20831367
20204,1123001077,4,2,2,0,0,1,1,1,1,0,0,0,1,1,0,0,0,1,0,0,1,1921.47218633
20204,1123001078,35,18,17,0,3,6,7,13,6,0,1,3,2,8,4,0,2,3,5,5,2,6464.12246345
20204,1123001082,4,4,0,0,0,0,2,1,1,0,0,0,2,1,1,0,0,0,0,0,0,1952.94323736
20204,1123001085,238,127,111,0,35,53,83,51,16,0,11,26,55,25,10,0,24,27,28,26,6,5762.89541679
20204,1123001088,3,3,0,0,0,0,0,0,3,0,0,0,0,0,3,0,0,0,0,0,0,8042.30153718
20204,1123001089,3,1,2,0,0,0,1,1,1,0,0,0,0,0,1,0,0,0,1,1,0,9030.19472157
20204,1123001091,2,1,1,0,0,0,0,1,1,0,0,0,0,0,1,0,0,0,0,1,0,2168.0241135
20204,1123001093,2,1,1,0,0,1,1,0,0,0,0,0,1,0,0,0,0,1,0,0,0,3166.72280181
20204,1123001102,4,3,1,0,1,0,0,2,1,0,1,0,0,1,1,0,0,0,0,1,0,2096.36169548
20204,1123001103,3,1,2,0,0,1,2,0,0,0,0,0,1,0,0,0,0,1,1,0,0,5580.69721502
20204,1123001115,72,36,36,1,28,11,15,4,13,1,14,6,8,2,5,0,14,5,7,2,8,38244.3507977
20204,1123001117,7,5,2,0,2,3,2,0,0,0,1,3,1,0,0,0,1,0,1,0,0,1137.74013892
20204,1123001118,4,3,1,0,1,0,0,3,0,0,0,0,0,3,0,0,1,0,0,0,0,1306.08891639
20204,1123001119,5,2,3,0,1,0,0,1,3,0,0,0,0,0,2,0,1,0,0,1,1,1619.08847219
20204,1123001121,2,2,0,0,0,0,0,0,2,0,0,0,0,0,2,0,0,0,0,0,0,1470.25396391
20204,1123001123,3,1,2,0,1,1,1,0,0,0,0,0,1,0,0,0,1,1,0,0,0,5027.21683106
20204,1123001125,219,69,150,0,41,56,60,47,15,0,8,15,14,20,12,0,33,41,46,27,3,4184.06575642
20204,1123001126,9,7,2,0,0,1,4,3,1,0,0,1,3,2,1,0,0,0,1,1,0,3173.32707008
20204,1123001131,7,3,4,0,0,3,1,2,1,0,0,1,1,1,0,0,0,2,0,1,1,5769.86987865
20204,1123001136,5,5,0,0,0,3,2,0,0,0,0,3,2,0,0,0,0,0,0,0,0,1115.19650562
20204,1123001138,4,4,0,0,0,1,3,0,0,0,0,1,3,0,0,0,0,0,0,0,0,995.522197245
20204,1123001140,2,1,1,0,0,1,0,1,0,0,0,0,0,1,0,0,0,1,0,0,0,2198.20008866
20204,1123001141,10,5,5,0,0,2,2,3,3,0,0,0,1,1,3,0,0,2,1,2,0,2710.43756067
20204,1123001147,4,3,1,0,0,1,0,2,1,0,0,1,0,1,1,0,0,0,0,1,0,2089.71271821
20204,1123001154,58,48,10,0,2,7,13,28,8,0,1,6,9,25,7,0,1,1,4,3,1,3163.5209142
20204,1123001159,9,5,4,0,0,5,1,2,1,0,0,1,1,2,1,0,0,4,0,0,0,615.770390618
20204,1123001164,1,1,0,0,0,0,0,0,1,0,0,0,0,0,1,0,0,0,0,0,0,845.324753447
20204,1123001169,5,4,1,0,1,1,2,1,0,0,0,1,2,1,0,0,1,0,0,0,0,1885.21017967
20204,1123001178,7,6,1,0,1,4,1,0,1,0,1,4,0,0,1,0,0,0,1,0,0,948.704945047
20204,1123001184,6,2,4,0,0,0,1,5,0,0,0,0,0,2,0,0,0,0,1,3,0,1621.91633535
20204,1123001188,3,3,0,0,0,0,0,3,0,0,0,0,0,3,0,0,0,0,0,0,0,4681.36199995
20204,1123001192,6,3,3,0,0,0,1,5,0,0,0,0,0,3,0,0,0,0,1,2,0,1363.00514833
20204,1123001196,6,2,4,0,0,1,0,1,4,0,0,0,0,1,1,0,0,1,0,0,3,2983.07530735
20204,1123001203,3,1,2,0,0,0,1,2,0,0,0,0,1,0,0,0,0,0,0,2,0,3334.59171495
20204,1123001204,25,9,16,0,3,3,8,8,3,0,1,1,1,4,2,0,2,2,7,4,1,5537.27314008
20204,1123001212,912,386,526,2,141,195,202,221,151,1,48,91,84,77,85,1,93,104,118,144,66,3424.08233721
20204,1123001225,4,3,1,0,0,0,3,0,1,0,0,0,3,0,0,0,0,0,0,0,1,1620.38956919
20204,1123001227,1,1,0,0,0,0,1,0,0,0,0,0,1,0,0,0,0,0,0,0,0,2568.4614047
20204,1123001229,9,7,2,0,0,1,2,4,2,0,0,1,2,2,2,0,0,0,0,2,0,2638.75401326
20204,1123001230,11,9,2,0,1,2,5,3,0,0,1,2,4,2,0,0,0,0,1,1,0,2574.61545223
20204,1123001232,2,2,0,0,0,1,0,0,1,0,0,1,0,0,1,0,0,0,0,0,0,4104.49026507
20204,1123001233,124,88,36,0,13,23,29,20,39,0,6,16,17,13,36,0,7,7,12,7,3,4361.97528672
20204,1123001234,4,0,4,0,0,1,2,1,0,0,0,0,0,0,0,0,0,1,2,1,0,2265.87993922
20204,1123001243,7,7,0,0,0,0,2,4,1,0,0,0,2,4,1,0,0,0,0,0,0,412.873694887
20204,1123001247,3,2,1,0,0,0,3,0,0,0,0,0,2,0,0,0,0,0,1,0,0,2593.29276002
20204,1123001251,1,1,0,0,0,0,0,1,0,0,0,0,0,1,0,0,0,0,0,0,0,1806.93515137
20204,1123001252,4,3,1,0,1,0,0,2,1,0,1,0,0,1,1,0,0,0,0,1,0,3972.39225777
20204,1123001262,3,1,2,0,0,0,1,2,0,0,0,0,1,0,0,0,0,0,0,2,0,1388.2020094
20204,1123001265,21,2,19,0,2,5,6,6,2,0,0,0,1,0,1,0,2,5,5,6,1,2131.82584228
20204,1123001266,99,19,80,0,11,27,27,24,10,0,0,3,7,2,7,0,11,24,20,22,3,17231.4819426
20204,1123001269,2,1,1,0,0,0,1,1,0,0,0,0,0,1,0,0,0,0,1,0,0,1705.87460823
20204,1123001271,12,7,5,0,0,3,4,3,2,0,0,2,1,2,2,0,0,1,3,1,0,3031.587709
20204,1123001272,30,18,12,0,5,5,9,9,2,0,5,2,3,6,2,0,0,3,6,3,0,3015.47768558
20204,1123001273,8,5,3,0,1,1,3,3,0,0,0,1,2,2,0,0,1,0,1,1,0,9357.04827425
20204,1123001280,4,2,2,0,0,0,1,2,1,0,0,0,0,2,0,0,0,0,1,0,1,3600.74066953
20204,1123001282,4,0,4,0,1,0,0,3,0,0,0,0,0,0,0,0,1,0,0,3,0,1476.08055255
20204,1123001284,5,1,4,0,3,0,0,2,0,0,0,0,0,1,0,0,3,0,0,1,0,4095.01648466
20204,1123001285,3,1,2,0,1,0,1,1,0,0,0,0,0,1,0,0,1,0,1,0,0,1094.09394927
20204,1123001286,7,2,5,0,0,1,6,0,0,0,0,0,2,0,0,0,0,1,4,0,0,2682.5819701
20204,1123001292,4,2,2,0,2,0,1,0,1,0,2,0,0,0,0,0,0,0,1,0,1,1340.74481648
20204,1123001295,7,4,3,0,0,0,1,4,2,0,0,0,1,1,2,0,0,0,0,3,0,3050.30695554
20204,1123001298,3,0,3,0,1,0,0,2,0,0,0,0,0,0,0,0,1,0,0,2,0,1490.37942704
20204,1123001299,160,94,66,0,20,53,32,39,16,0,5,20,23,34,12,0,15,33,9,5,4,3095.68658882
20204,1123001301,51,43,8,0,2,30,18,1,0,0,2,27,13,1,0,0,0,3,5,0,0,5649.15500544
20204,1123001306,33,11,22,0,7,9,9,4,4,0,1,5,2,1,2,0,6,4,7,3,2,6314.75504802
20204,1123001309,14,11,3,0,2,7,0,3,2,0,1,6,0,2,2,0,1,1,0,1,0,3176.70006711
20204,1123001317,5,4,1,0,0,0,0,1,4,0,0,0,0,1,3,0,0,0,0,0,1,7574.59307796
20204,1123001319,8,7,1,0,2,2,2,2,0,0,2,2,1,2,0,0,0,0,1,0,0,4983.2483172
20204,1123001326,399,226,173,0,43,89,100,103,64,0,17,41,45,74,49,0,26,48,55,29,15,5658.17166803
20204,1123001329,7,2,5,0,3,2,0,2,0,0,0,0,0,2,0,0,3,2,0,0,0,5200.27360612
20204,1123001330,134,129,5,0,1,1,11,56,65,0,0,1,10,53,65,0,1,0,1,3,0,4968.44184638
20204,1123001331,9,8,1,0,0,0,1,2,6,0,0,0,1,2,5,0,0,0,0,0,1,6572.33371418
20204,1123001333,25,23,2,0,0,2,0,2,21,0,0,1,0,1,21,0,0,1,0,1,0,142300.960354
20204,1123001335,71,48,23,0,9,15,19,14,14,0,5,10,13,11,9,0,4,5,6,3,5,14580.2287956
20204,1123001336,163,85,78,0,18,70,44,14,17,0,6,36,24,8,11,0,12,34,20,6,6,13518.2484709
20204,1123001338,72,42,30,1,8,15,13,17,18,1,4,5,7,10,15,0,4,10,6,7,3,14034.7598661
20204,1123001339,20,15,5,0,3,2,6,7,2,0,2,2,4,5,2,0,1,0,2,2,0,3086.2119734
20204,1123001341,135,72,63,3,11,26,38,38,19,3,7,14,20,15,13,0,4,12,18,23,6,14753.5555328
20204,1123001342,84,66,18,0,10,20,27,17,10,0,7,16,22,12,9,0,3,4,5,5,1,4890.27737582
20204,1123001344,111,107,4,0,0,5,17,32,57,0,0,4,15,31,57,0,0,1,2,1,0,10344.9087969
20204,1123001346,153,99,54,0,27,37,40,28,21,0,13,24,24,18,20,0,14,13,16,10,1,14228.9395352
20204,1123001348,18,7,11,0,5,5,3,4,1,0,1,1,2,2,1,0,4,4,1,2,0,1516.73077499
20204,1123001349,40,27,13,0,5,3,9,13,10,0,1,3,6,8,9,0,4,0,3,5,1,6100.05561612
20204,1123001350,524,310,214,0,51,45,36,91,301,0,44,40,32,48,146,0,7,5,4,43,155,7800.16063219
20204,1123001351,139,75,64,0,19,39,31,33,17,0,2,18,19,24,12,0,17,21,12,9,5,13334.0678012
20204,1123001352,48,35,13,0,11,8,11,10,8,0,8,5,8,7,7,0,3,3,3,3,1,5923.45945574
20204,1123001353,438,296,142,2,9,11,28,37,351,0,2,3,15,16,260,2,7,8,13,21,91,7192.62815346
20204,1123001354,12,8,4,0,1,1,3,6,1,0,1,1,1,4,1,0,0,0,2,2,0,1388.96975073
20204,1123001355,8,4,4,0,0,2,2,3,1,0,0,0,1,3,0,0,0,2,1,0,1,2977.99793061
20204,1123001356,69,64,5,0,1,3,8,14,43,0,1,2,6,13,42,0,0,1,2,1,1,3433.71335463
20204,1123001357,10,6,4,0,2,0,3,3,2,0,1,0,2,2,1,0,1,0,1,1,1,5898.85922386
20204,1123001358,52,33,19,0,10,12,18,9,3,0,5,7,12,7,2,0,5,5,6,2,1,8534.43284344
20204,1123001359,10,5,5,0,0,5,4,1,0,0,0,3,2,0,0,0,0,2,2,1,0,3743.21790007
20204,1123001360,4,2,2,0,2,0,0,2,0,0,1,0,0,1,0,0,1,0,0,1,0,1355.34837445
20204,1123001362,56,35,21,0,6,7,8,20,15,0,1,3,4,16,11,0,5,4,4,4,4,6518.33570488
20204,1123001365,516,416,100,0,145,141,122,55,53,0,119,123,94,35,45,0,26,18,28,20,8,14057.3660987
20204,1123001366,4,1,3,0,0,1,0,1,2,0,0,0,0,0,1,0,0,1,0,1,1,343.514960473
20204,1123001367,58,44,14,0,3,6,16,8,25,0,2,3,7,8,24,0,1,3,9,0,1,7875.80489619
20204,1123001368,38,18,20,0,3,5,10,15,5,0,0,2,5,10,1,0,3,3,5,5,4,7981.48969243
20204,1123001371,9,8,1,0,0,0,5,2,2,0,0,0,5,2,1,0,0,0,0,0,1,3789.31894149
20204,1123001372,83,45,38,0,10,26,26,15,6,0,7,10,16,11,1,0,3,16,10,4,5,7544.30183205
20204,1123001373,2,2,0,0,0,0,0,1,1,0,0,0,0,1,1,0,0,0,0,0,0,267.986559413
20204,1123001374,25,17,8,0,5,5,3,6,6,0,3,4,2,4,4,0,2,1,1,2,2,3448.47641737
20204,1123001375,416,298,118,6,31,74,106,78,121,5,11,44,71,62,105,1,20,30,35,16,16,14113.5126472
20204,1123001376,10,6,4,0,0,0,1,4,5,0,0,0,0,2,4,0,0,0,1,2,1,5273.24260925
20204,1123001377,6,6,0,0,0,2,0,1,3,0,0,2,0,1,3,0,0,0,0,0,0,2621.53512107
20204,1123001379,10,6,4,0,0,2,2,4,2,0,0,0,1,3,2,0,0,2,1,1,0,5566.7657525
20204,1123001381,18,14,4,0,0,1,8,4,5,0,0,1,6,3,4,0,0,0,2,1,1,4734.4584569
20204,1123001384,13,3,10,0,6,3,2,1,1,0,0,1,2,0,0,0,6,2,0,1,1,5199.24676573
20204,1123001385,139,75,64,0,14,30,44,33,18,0,4,15,25,18,13,0,10,15,19,15,5,8042.37328887
20204,1123001386,18,11,7,0,1,2,8,4,3,0,1,2,4,2,2,0,0,0,4,2,1,2931.89741529
20204,1123001388,25,13,12,0,3,2,4,15,1,0,2,1,0,9,1,0,1,1,4,6,0,6419.41771923
20204,1123001389,15,10,5,0,0,3,3,5,4,0,0,1,2,3,4,0,0,2,1,2,0,5354.60233294
20204,1123001391,271,249,22,0,22,94,72,80,3,0,18,87,67,76,1,0,4,7,5,4,2,5470.59872095
20204,1123001392,38,9,29,0,17,5,4,8,4,0,0,3,1,3,2,0,17,2,3,5,2,6654.32879763
20204,1123001393,44,32,12,0,12,6,11,8,7,0,9,4,8,5,6,0,3,2,3,3,1,6374.30314091
20204,1123001397,24,14,10,0,5,5,5,8,1,0,5,2,4,2,1,0,0,3,1,6,0,6525.81560154
20204,1123001398,7,3,4,0,1,3,0,2,1,0,0,2,0,0,1,0,1,1,0,2,0,4536.20935954
20204,1123001399,10,4,6,0,0,1,4,5,0,0,0,0,1,3,0,0,0,1,3,2,0,6474.82609417
20204,1123001400,6,5,1,0,0,1,1,2,2,0,0,1,0,2,2,0,0,0,1,0,0,11320.3183701
20204,1123001401,27,5,22,0,2,5,7,7,6,0,0,0,0,0,5,0,2,5,7,7,1,15122.9864546
20204,1123001402,3,2,1,0,0,1,1,0,1,0,0,1,0,0,1,0,0,0,1,0,0,3221.89739034
20204,1123001403,38,23,15,0,2,8,11,7,10,0,1,3,8,3,8,0,1,5,3,4,2,4867.70086789
20204,1123001404,18,16,2,0,2,5,5,5,1,0,2,5,5,3,1,0,0,0,0,2,0,1810.52620531
20204,1123001405,72,35,37,0,23,14,16,12,7,0,9,10,6,6,4,0,14,4,10,6,3,5917.4011449
20204,1123001406,10,9,1,0,0,0,1,7,2,0,0,0,1,6,2,0,0,0,0,1,0,6501.7530575
20204,1123001407,16,13,3,0,1,4,7,3,1,0,0,3,7,2,1,0,1,1,0,1,0,6368.72709123
20204,1123001408,25,12,13,0,6,5,7,4,3,0,2,2,3,2,3,0,4,3,4,2,0,1000.0890138
20204,1123001409,2,2,0,0,0,0,1,0,1,0,0,0,1,0,1,0,0,0,0,0,0,1020.5928757
20204,1123001411,7,7,0,0,1,0,1,1,4,0,1,0,1,1,4,0,0,0,0,0,0,2523.75545318
20204,1123001413,100,75,25,0,6,33,28,15,18,0,1,26,23,11,14,0,5,7,5,4,4,11519.4560242
20204,1123001414,2,2,0,0,0,0,0,0,2,0,0,0,0,0,2,0,0,0,0,0,0,1137.48089262
20204,1123001416,5,2,3,0,0,1,2,1,1,0,0,0,1,0,1,0,0,1,1,1,0,3778.67687162
20204,1123001417,181,143,38,1,56,42,37,31,14,0,43,32,32,26,10,1,13,10,5,5,4,7514.87708392
20204,1123001419,10,8,2,0,0,1,0,5,4,0,0,0,0,5,3,0,0,1,0,0,1,9775.13424425
20204,1123001421,14,4,10,0,3,3,2,5,1,0,1,1,1,0,1,0,2,2,1,5,0,6014.44502704
20204,1123001422,2,2,0,0,0,0,2,0,0,0,0,0,2,0,0,0,0,0,0,0,0,1880.3633536
20204,1123001424,101,99,2,0,1,0,8,42,50,0,1,0,8,40,50,0,0,0,0,2,0,4932.16320077
20204,1123001425,147,79,68,0,31,51,22,21,22,0,12,28,12,12,15,0,19,23,10,9,7,13280.7704614
20204,1123001426,13,10,3,0,0,3,5,4,1,0,0,3,4,2,1,0,0,0,1,2,0,5658.04577768
20204,1123001427,21,9,12,0,3,6,3,3,6,0,0,3,0,1,5,0,3,3,3,2,1,3280.33657303
20204,1123001429,15,11,4,0,0,6,3,3,3,0,0,4,2,2,3,0,0,2,1,1,0,5682.75460762
20204,1123001431,3,2,1,0,0,0,1,1,1,0,0,0,1,1,0,0,0,0,0,0,1,1921.24713238
20204,1123001433,5,5,0,0,0,1,2,2,0,0,0,1,2,2,0,0,0,0,0,0,0,5496.50228721
20204,1123001434,68,43,25,0,11,21,14,11,11,0,3,13,9,8,10,0,8,8,5,3,1,5145.44003317
20204,1123001437,8,6,2,0,1,0,1,2,4,0,0,0,1,2,3,0,1,0,0,0,1,2326.9723399
20204,1123001440,20,14,6,0,0,3,5,7,5,0,0,1,4,6,3,0,0,2,1,1,2,7213.35894654
20204,1123001441,3,1,2,0,0,1,0,1,1,0,0,0,0,0,1,0,0,1,0,1,0,1457.86495565
20204,1123001442,38,17,21,0,1,4,3,22,8,0,0,1,2,11,3,0,1,3,1,11,5,4977.86546705
20204,1123001443,24,6,18,0,2,7,7,3,5,0,0,1,1,1,3,0,2,6,6,2,2,4730.21808241
20204,1123001444,96,13,83,0,7,19,34,30,6,0,1,3,2,2,5,0,6,16,32,28,1,13746.4756124
20204,1123001445,5,4,1,0,0,0,2,3,0,0,0,0,2,2,0,0,0,0,0,1,0,2480.22846466
20204,1123001448,3,2,1,0,0,1,0,0,2,0,0,0,0,0,2,0,0,1,0,0,0,4354.47016014
20204,1123001450,4,4,0,0,0,2,0,2,0,0,0,2,0,2,0,0,0,0,0,0,0,3045.99398529
20204,1123001451,2,1,1,0,0,1,0,0,1,0,0,1,0,0,0,0,0,0,0,0,1,4503.51955396
20204,1123001452,103,52,51,0,22,31,23,16,11,0,9,14,12,7,10,0,13,17,11,9,1,5180.56802312
20204,1123001453,11,10,1,0,2,2,3,3,1,0,2,1,3,3,1,0,0,1,0,0,0,2969.74191804
20204,1123001454,2,2,0,0,0,1,0,1,0,0,0,1,0,1,0,0,0,0,0,0,0,1674.43272639
20204,1123001455,24,12,12,0,2,1,7,9,5,0,2,1,3,5,1,0,0,0,4,4,4,6837.64911032
20204,1123001456,164,148,16,0,26,35,45,37,21,0,19,31,44,34,20,0,7,4,1,3,1,5126.12306402
20204,1123001459,3,3,0,0,0,0,1,1,1,0,0,0,1,1,1,0,0,0,0,0,0,2630.20227803
20204,1123001460,9,6,3,0,0,1,7,0,1,0,0,1,4,0,1,0,0,0,3,0,0,1541.02592783
20204,1123001462,122,65,57,0,9,20,35,36,22,0,6,10,17,20,12,0,3,10,18,16,10,3894.32687889
20204,1123001464,5,4,1,0,2,0,1,1,1,0,2,0,1,1,0,0,0,0,0,0,1,8432.94970331
20204,1123001465,46,11,35,0,9,14,8,13,2,0,2,3,1,4,1,0,7,11,7,9,1,18246.4413529
20204,1123001467,21,9,12,0,0,0,4,10,7,0,0,0,2,5,2,0,0,0,2,5,5,4736.76092528
20204,1123001473,126,91,35,0,21,31,31,26,17,0,16,18,22,20,15,0,5,13,9,6,2,2709.17188854
20204,1123001474,59,30,29,0,3,12,28,10,6,0,3,9,14,1,3,0,0,3,14,9,3,8476.88203593
20204,1123001476,5,4,1,0,1,1,1,1,1,0,1,0,1,1,1,0,0,1,0,0,0,7063.28036857
20204,1123001477,13,9,4,0,2,1,4,4,2,0,1,0,4,2,2,0,1,1,0,2,0,6953.99217491
20204,1123001479,10,9,1,0,0,1,5,3,1,0,0,0,5,3,1,0,0,1,0,0,0,6990.62090556
20204,1123001480,23,11,12,0,0,3,4,11,5,0,0,1,2,6,2,0,0,2,2,5,3,7085.04358612
20204,1123001481,57,35,22,0,6,17,15,13,6,0,1,13,10,8,3,0,5,4,5,5,3,8895.96901651
20204,1123001482,60,33,27,0,5,11,14,23,7,0,3,8,6,10,6,0,2,3,8,13,1,6110.90501105
20204,1123001483,27,12,15,0,3,5,9,10,0,0,2,4,2,4,0,0,1,1,7,6,0,6160.22952037
20204,1123001484,47,31,16,2,10,14,10,9,2,2,7,5,7,8,2,0,3,9,3,1,0,3076.36896317
20204,1123001486,7,3,4,0,0,0,2,2,3,0,0,0,0,1,2,0,0,0,2,1,1,5359.76878647
20204,1123001487,11,10,1,0,1,1,3,3,3,0,1,1,2,3,3,0,0,0,1,0,0,3386.07192793
20204,1123001488,7,4,3,0,0,1,6,0,0,0,0,0,4,0,0,0,0,1,2,0,0,3019.7420794
20204,1123001489,15,11,4,0,4,5,4,1,1,0,3,3,3,1,1,0,1,2,1,0,0,3187.30133804
20204,1123001491,16,6,10,0,3,5,3,4,1,0,0,2,1,2,1,0,3,3,2,2,0,25154.3285933
20204,1123001493,2,2,0,0,1,0,0,1,0,0,1,0,0,1,0,0,0,0,0,0,0,3174.20676325
20204,1123001494,92,25,67,0,13,15,16,22,26,0,4,9,6,2,4,0,9,6,10,20,22,7379.14624136
20204,1123001497,6,6,0,0,0,0,3,2,1,0,0,0,3,2,1,0,0,0,0,0,0,2817.87552365
20204,1123001498,16,1,15,0,5,3,2,4,2,0,0,0,0,0,1,0,5,3,2,4,1,1808.47977986
20204,1123001499,6,4,2,0,2,1,1,2,0,0,2,1,0,1,0,0,0,0,1,1,0,1821.86097926
20204,1123001501,16,9,7,0,0,6,2,8,0,0,0,4,1,4,0,0,0,2,1,4,0,1697.95252412
20204,1123001505,8,4,4,0,0,4,1,2,1,0,0,2,1,1,0,0,0,2,0,1,1,7638.06405978
20204,1123001509,110,75,35,0,7,25,30,30,18,0,6,17,21,17,14,0,1,8,9,13,4,10862.3147481
20204,1123001514,724,301,423,0,14,16,59,178,457,0,11,9,33,67,181,0,3,7,26,111,276,3651.64655198
20204,1123001516,22,2,20,0,5,7,3,3,4,0,0,0,0,0,2,0,5,7,3,3,2,7303.2756489
20204,1123001518,41,21,20,0,8,7,4,17,5,0,5,3,2,7,4,0,3,4,2,10,1,6825.94748015
20204,1123001520,19,15,4,0,6,3,7,2,1,0,3,3,6,2,1,0,3,0,1,0,0,2442.67438422
20204,1123001526,13,9,4,0,0,2,7,3,1,0,0,1,5,2,1,0,0,1,2,1,0,3198.73780029
20204,1123001530,23,11,12,0,4,6,7,3,3,0,2,0,5,1,3,0,2,6,2,2,0,7635.80977453
20204,1123001534,44,25,19,1,8,11,16,5,3,1,3,6,11,4,0,0,5,5,5,1,3,9796.04396006
20204,1123001536,7,6,1,0,0,1,3,0,3,0,0,1,2,0,3,0,0,0,1,0,0,6330.7126506
20204,1123001537,3,3,0,0,0,2,0,1,0,0,0,2,0,1,0,0,0,0,0,0,0,770.712491337
20204,1123001540,5,3,2,0,0,1,0,2,2,0,0,0,0,1,2,0,0,1,0,1,0,365.90759133
20204,1123001541,27,13,14,0,1,4,6,7,9,0,0,2,3,3,5,0,1,2,3,4,4,2661.1772161
20204,1123001542,12,9,3,0,0,1,4,5,2,0,0,0,3,4,2,0,0,1,1,1,0,2955.87505828
20204,1123001543,3,3,0,0,0,0,2,1,0,0,0,0,2,1,0,0,0,0,0,0,0,8596.90806714
20204,1123001548,7,2,5,0,3,1,1,2,0,0,1,0,0,1,0,0,2,1,1,1,0,2383.501796
20204,1123001552,1,0,1,0,0,0,0,0,1,0,0,0,0,0,0,0,0,0,0,0,1,780.11637716
20204,1123001555,15,7,8,0,0,3,3,5,4,0,0,1,1,2,3,0,0,2,2,3,1,2318.38621465
20204,1123001557,9,4,5,0,1,2,4,1,1,0,0,1,2,0,1,0,1,1,2,1,0,2655.03621618
20204,1123001562,2,2,0,0,0,0,0,1,1,0,0,0,0,1,1,0,0,0,0,0,0,2385.05822121
20204,1123001563,1,1,0,0,0,0,0,0,1,0,0,0,0,0,1,0,0,0,0,0,0,1105.44703502
20204,1123001564,155,114,41,0,21,31,37,46,20,0,16,26,25,31,16,0,5,5,12,15,4,9502.44158873
20204,1123001567,2,0,2,0,1,1,0,0,0,0,0,0,0,0,0,0,1,1,0,0,0,5111.96050348
20204,1123001571,12,8,4,0,0,1,1,8,2,0,0,1,0,5,2,0,0,0,1,3,0,2768.6736512
20204,1123001572,4,3,1,0,0,0,0,2,2,0,0,0,0,1,2,0,0,0,0,1,0,1958.7063422
20204,1123001573,2115,1411,704,12,473,565,537,385,143,9,328,398,329,244,103,3,145,167,208,141,40,5441.91728221
20204,1123001578,14,10,4,0,2,3,4,2,3,0,0,3,3,2,2,0,2,0,1,0,1,1097.38995478
20204,1123001579,49,7,42,0,0,5,9,31,4,0,0,1,2,2,2,0,0,4,7,29,2,807.433710519
20204,1123001583,2,2,0,0,0,0,0,1,1,0,0,0,0,1,1,0,0,0,0,0,0,1005.17816963
20204,1123001584,280,107,173,1,43,63,76,67,30,0,3,22,33,33,16,1,40,41,43,34,14,7992.12693281
20204,1123001588,272,248,24,0,1,7,37,98,129,0,0,2,27,94,125,0,1,5,10,4,4,6658.18866416
20204,1123001589,16,9,7,0,1,2,2,7,4,0,0,0,1,5,3,0,1,2,1,2,1,6674.14783146
20204,1123001592,13,8,5,0,0,3,8,2,0,0,0,1,5,2,0,0,0,2,3,0,0,9422.71776574
20204,1123001593,49,21,28,0,1,10,10,14,14,0,0,1,3,8,9,0,1,9,7,6,5,4203.23962719
20204,1123001594,82,38,44,0,10,16,17,23,16,0,8,11,5,9,5,0,2,5,12,14,11,6043.8271992
20204,1123001595,285,155,130,5,58,72,66,66,18,5,35,46,36,21,12,0,23,26,30,45,6,8134.30016491
20204,1123001596,7,2,5,0,0,0,0,1,6,0,0,0,0,0,2,0,0,0,0,1,4,2177.99281376
20204,1123001597,7,2,5,0,0,0,2,3,2,0,0,0,0,1,1,0,0,0,2,2,1,4043.53997307
20204,1123001598,9,6,3,0,0,2,1,3,3,0,0,1,0,3,2,0,0,1,1,0,1,8201.99578759
20204,1123001599,18,7,11,0,5,2,3,8,0,0,2,1,0,4,0,0,3,1,3,4,0,4523.47937648
20204,1123001603,10,7,3,0,2,1,4,3,0,0,0,1,4,2,0,0,2,0,0,1,0,2900.42462842
20204,1123001604,24,21,3,0,3,2,8,8,3,0,3,2,6,8,2,0,0,0,2,0,1,5674.69976032
20204,1123001606,45,24,21,0,2,11,13,13,6,0,1,8,4,8,3,0,1,3,9,5,3,8286.57684344
20204,1123001608,11,9,2,0,0,2,8,1,0,0,0,2,7,0,0,0,0,0,1,1,0,2528.02648496
20204,1123001609,13,5,8,0,4,5,4,0,0,0,1,2,2,0,0,0,3,3,2,0,0,5641.27108116
20204,1123001610,2,1,1,0,0,1,1,0,0,0,0,0,1,0,0,0,0,1,0,0,0,5021.12982437
20204,1123001611,24,16,8,0,2,5,8,7,2,0,0,3,6,5,2,0,2,2,2,2,0,2432.27787358
20204,1123001612,18,16,2,0,1,4,5,4,4,0,1,4,3,4,4,0,0,0,2,0,0,1069.3195533
20204,1123001614,2,1,1,0,0,0,0,2,0,0,0,0,0,1,0,0,0,0,0,1,0,4159.12468628
20204,1123001615,7,6,1,0,1,0,2,3,1,0,1,0,2,2,1,0,0,0,0,1,0,3305.78195532
20204,1123001617,15,4,11,0,1,9,3,2,0,0,0,1,2,1,0,0,1,8,1,1,0,6957.9189275
20204,1123001618,3,1,2,0,0,0,0,2,1,0,0,0,0,0,1,0,0,0,0,2,0,5984.21590529
20204,1123001621,7,0,7,0,0,1,1,4,1,0,0,0,0,0,0,0,0,1,1,4,1,4874.31694985
20204,1123001623,2,0,2,0,1,0,0,1,0,0,0,0,0,0,0,0,1,0,0,1,0,7212.21447054
20204,1123001625,40,26,14,0,5,3,9,12,11,0,4,2,5,6,9,0,1,1,4,6,2,10200.3265225
20204,1123001627,56,44,12,0,5,11,15,13,12,0,3,9,13,8,11,0,2,2,2,5,1,1501.43628989
20204,1123001629,24,12,12,0,6,4,7,5,2,0,4,1,1,4,2,0,2,3,6,1,0,1240.72513743
20204,1123001630,36,29,7,0,2,3,3,3,25,0,0,2,2,3,22,0,2,1,1,0,3,9988.33228846
20204,1123001631,26,9,17,0,1,0,5,10,10,0,0,0,2,2,5,0,1,0,3,8,5,3305.8485222
20204,1123001632,84,61,23,0,22,38,15,7,2,0,15,28,13,4,1,0,7,10,2,3,1,6750.31116411
20204,1123001633,2,1,1,0,0,0,1,1,0,0,0,0,0,1,0,0,0,0,1,0,0,6884.56562242
20204,1123001634,30,22,8,0,1,2,11,13,3,0,1,1,7,10,3,0,0,1,4,3,0,10865.4088096
20204,1123001635,20,7,13,0,4,2,7,5,2,0,3,2,1,1,0,0,1,0,6,4,2,10148.5998149
20204,1123001636,14,11,3,0,0,7,4,2,1,0,0,5,4,1,1,0,0,2,0,1,0,16477.1155956
20204,1123001637,66,26,40,0,4,6,14,25,17,0,0,0,7,10,9,0,4,6,7,15,8,10103.7257895
20204,1123001638,46,13,33,0,4,10,11,13,8,0,1,1,1,5,5,0,3,9,10,8,3,6998.01461805
20204,1123001639,55,23,32,0,9,20,13,9,4,0,3,6,8,4,2,0,6,14,5,5,2,7302.31771112
20204,1123001640,502,68,434,0,105,138,196,60,3,0,7,32,19,8,2,0,98,106,177,52,1,7463.03189471
20204,1123001642,106,84,22,1,25,33,21,13,13,1,20,29,11,12,11,0,5,4,10,1,2,6188.93719982
20204,1123001646,10,6,4,0,1,2,2,4,1,0,0,1,2,2,1,0,1,1,0,2,0,6821.34012799
20204,1123001649,7,5,2,0,0,3,3,0,1,0,0,3,2,0,0,0,0,0,1,0,1,4254.85928562
20204,1123001653,3,1,2,0,0,1,1,1,0,0,0,0,0,1,0,0,0,1,1,0,0,3074.36091837
20204,1123001654,35,16,19,0,2,3,14,5,11,0,1,2,10,2,1,0,1,1,4,3,10,4366.01332506
20204,1123001655,4,4,0,0,0,1,0,1,2,0,0,1,0,1,2,0,0,0,0,0,0,2515.36345007
20204,1123001672,2,0,2,0,0,1,1,0,0,0,0,0,0,0,0,0,0,1,1,0,0,770.715518982
20204,1123001673,67,10,57,0,7,15,31,14,0,0,1,4,4,1,0,0,6,11,27,13,0,15586.8132153
20204,1123001674,100,49,51,0,12,16,21,34,17,0,2,6,12,19,10,0,10,10,9,15,7,9743.13897554
20204,1123001675,79,34,45,0,11,13,13,27,15,0,4,6,6,7,11,0,7,7,7,20,4,9263.09745605
20204,1123001681,15,11,4,0,1,4,6,3,1,0,1,4,3,2,1,0,0,0,3,1,0,6276.58377682
20204,1123001683,2,1,1,0,1,0,1,0,0,0,1,0,0,0,0,0,0,0,1,0,0,1870.34371462
20204,1123001686,5,4,1,0,0,0,0,1,4,0,0,0,0,1,3,0,0,0,0,0,1,6396.27500015
20204,1123001692,5,3,2,0,0,0,1,2,2,0,0,0,0,1,2,0,0,0,1,1,0,5573.72641073
20204,1123001695,1718,1041,677,39,1366,276,32,4,1,23,780,204,29,4,1,16,586,72,3,0,0,3319.13818758
20204,1123001699,8,6,2,1,2,0,1,4,0,1,1,0,0,4,0,0,1,0,1,0,0,1514.18148639
20204,1123001704,235,117,118,1,34,48,80,38,34,1,10,19,38,24,25,0,24,29,42,14,9,5036.11964138
20204,1123001705,6,5,1,0,1,0,0,4,1,0,1,0,0,3,1,0,0,0,0,1,0,6642.42426424
20204,1123001706,49,14,35,0,14,14,13,5,3,0,3,1,4,3,3,0,11,13,9,2,0,3728.42218296
20204,1123001707,330,155,175,1,43,47,73,98,68,0,17,24,31,43,40,1,26,23,42,55,28,8545.53019173
20204,1123001708,95,66,29,0,29,28,16,8,14,0,18,25,10,4,9,0,11,3,6,4,5,8154.01474872
20204,1123001717,6,2,4,0,0,0,1,3,2,0,0,0,0,1,1,0,0,0,1,2,1,2678.28882192
20204,1123001718,4,3,1,0,0,1,0,1,2,0,0,0,0,1,2,0,0,1,0,0,0,6806.22010542
20204,1123001719,10,2,8,0,0,2,4,4,0,0,0,0,2,0,0,0,0,2,2,4,0,5209.53403597
20204,1123001722,6,0,6,0,1,3,1,1,0,0,0,0,0,0,0,0,1,3,1,1,0,2305.30489082
20204,1123001723,18,8,10,0,0,3,3,5,7,0,0,0,3,3,2,0,0,3,0,2,5,2202.31947404
20204,1123001728,3,1,2,0,0,2,1,0,0,0,0,0,1,0,0,0,0,2,0,0,0,1362.15195814
20204,1123001729,11,7,4,0,0,3,3,1,4,0,0,2,2,0,3,0,0,1,1,1,1,6839.26936854
20204,1123001731,45,26,19,0,5,6,16,13,5,0,0,4,11,6,5,0,5,2,5,7,0,8658.17422558
20204,1123001733,29,5,24,0,0,1,2,16,10,0,0,0,0,2,3,0,0,1,2,14,7,8296.31010887
20204,1123001738,5,5,0,0,2,1,0,0,2,0,2,1,0,0,2,0,0,0,0,0,0,1801.07270536
20204,1123001740,4,3,1,0,0,1,1,2,0,0,0,0,1,2,0,0,0,1,0,0,0,980.194432809
20204,1123001742,3,1,2,0,0,0,0,2,1,0,0,0,0,0,1,0,0,0,0,2,0,6160.8449913
20204,1123001747,452,214,238,1,43,103,138,141,26,0,25,60,68,47,14,1,18,43,70,94,12,4357.42417553
20204,1123001748,4,3,1,0,0,0,3,1,0,0,0,0,3,0,0,0,0,0,0,1,0,1241.384888
20204,1123001751,5,3,2,0,0,0,0,3,2,0,0,0,0,1,2,0,0,0,0,2,0,1670.12238524
20204,1123001752,13,8,5,0,0,1,2,8,2,0,0,1,2,3,2,0,0,0,0,5,0,3872.14504388
20204,1123001753,62,28,34,0,18,19,13,11,1,0,7,11,6,3,1,0,11,8,7,8,0,8907.81809772
20204,1123001754,3,2,1,0,0,0,1,2,0,0,0,0,1,1,0,0,0,0,0,1,0,1928.37964443
20204,1123001756,11,1,10,0,2,1,3,4,1,0,0,0,0,1,0,0,2,1,3,3,1,1925.65316767
20204,1123001757,9,7,2,0,1,1,5,1,1,0,0,1,4,1,1,0,1,0,1,0,0,3068.65804359
20204,1123001760,18,10,8,0,5,3,2,6,2,0,3,3,0,3,1,0,2,0,2,3,1,3977.20013561
20204,1123001761,2,2,0,0,0,0,1,1,0,0,0,0,1,1,0,0,0,0,0,0,0,4276.03451425
20204,1123001762,56,40,16,0,1,11,17,19,8,0,0,10,14,11,5,0,1,1,3,8,3,9550.87826095
20204,1123001765,5,3,2,0,2,0,0,2,1,0,1,0,0,1,1,0,1,0,0,1,0,3834.09074247
20204,1123001766,167,54,113,0,8,20,64,70,5,0,6,10,20,14,4,0,2,10,44,56,1,9297.4510458
20204,1123001772,19,15,4,0,3,3,1,7,5,0,3,3,0,5,4,0,0,0,1,2,1,6309.01429743
20204,1123001774,26,9,17,0,3,9,7,4,3,0,1,3,2,0,3,0,2,6,5,4,0,1681.53295582
20204,1123001775,7,6,1,0,0,1,4,0,2,0,0,1,3,0,2,0,0,0,1,0,0,6648.50062046
20204,1123001776,15,9,6,0,3,1,4,2,5,0,3,1,1,2,2,0,0,0,3,0,3,6692.04152494
20204,1123001777,77,42,35,0,5,16,22,22,12,0,4,7,11,10,10,0,1,9,11,12,2,13677.9660346
20204,1123001779,6,3,3,0,0,1,2,2,1,0,0,1,0,1,1,0,0,0,2,1,0,2915.40789666
20204,1123001780,50,37,13,0,3,9,17,15,6,0,1,6,13,13,4,0,2,3,4,2,2,7472.38544568
20204,1123001782,35,24,11,0,3,3,4,17,8,0,1,1,3,13,6,0,2,2,1,4,2,7896.5910533
20204,1123001784,29,20,9,0,0,4,9,12,4,0,0,4,5,8,3,0,0,0,4,4,1,28284.9379399
20204,1123001785,21,15,6,0,3,1,4,8,5,0,2,1,3,4,5,0,1,0,1,4,0,8923.63552952
20204,1123001786,14,8,6,0,3,5,3,3,0,0,1,3,2,2,0,0,2,2,1,1,0,4933.04247039
20204,1123001788,3,1,2,0,0,0,0,1,2,0,0,0,0,0,1,0,0,0,0,1,1,3354.96691417
20204,1123001790,222,216,6,0,0,2,24,88,108,0,0,1,22,87,106,0,0,1,2,1,2,6949.65081213
20204,1123001791,4,2,2,0,0,0,3,1,0,0,0,0,2,0,0,0,0,0,1,1,0,2909.24675782
20204,1123001793,12,0,12,0,0,4,5,1,2,0,0,0,0,0,0,0,0,4,5,1,2,1359.01102341
20204,1123001794,35,9,26,0,1,1,2,7,24,0,0,0,1,1,7,0,1,1,1,6,17,8827.21551829
20204,1123001795,13,10,3,0,0,0,3,5,5,0,0,0,3,4,3,0,0,0,0,1,2,11121.5233736
20204,1123001796,13,9,4,0,2,4,2,2,3,0,1,3,2,1,2,0,1,1,0,1,1,1051.54566169
20204,1123001797,14,6,8,0,0,5,7,2,0,0,0,2,3,1,0,0,0,3,4,1,0,4748.95147149
20204,1123001799,113,56,57,0,24,49,19,10,11,0,9,29,6,5,7,0,15,20,13,5,4,6519.11709223
20204,1123001800,25,8,17,0,1,6,6,10,2,0,1,2,3,2,0,0,0,4,3,8,2,5864.04942963
20204,1123001802,43,33,10,0,4,9,7,11,12,0,2,5,6,8,12,0,2,4,1,3,0,4983.96641971
20204,1123001803,90,85,5,0,0,4,12,28,46,0,0,3,10,28,44,0,0,1,2,0,2,4187.58088906
20204,1123001804,7,5,2,0,1,2,3,1,0,0,1,2,2,0,0,0,0,0,1,1,0,6604.14337509
20204,1123001805,8,2,6,0,1,3,4,0,0,0,0,0,2,0,0,0,1,3,2,0,0,14862.3520205
20204,1123001808,3,2,1,0,0,0,1,1,1,0,0,0,0,1,1,0,0,0,1,0,0,2977.21670631
20204,1123001810,5,3,2,0,1,0,1,3,0,0,1,0,1,1,0,0,0,0,0,2,0,4445.49689001
20204,1123001812,184,120,64,1,29,55,40,40,19,0,13,44,28,19,16,1,16,11,12,21,3,5745.42206838
20204,1123001814,9,6,3,0,0,1,5,3,0,0,0,1,3,2,0,0,0,0,2,1,0,2557.57993975
20204,1123001816,1,0,1,0,0,1,0,0,0,0,0,0,0,0,0,0,0,1,0,0,0,9384.3475861
20204,1123001819,21,18,3,0,3,8,5,3,2,0,2,6,5,3,2,0,1,2,0,0,0,1904.36639678
20204,1123001822,9,6,3,0,0,1,3,4,1,0,0,1,2,3,0,0,0,0,1,1,1,5127.23001287
20204,1123001824,3,3,0,0,1,0,0,2,0,0,1,0,0,2,0,0,0,0,0,0,0,3710.02490604
20204,1123001827,2,2,0,0,0,0,0,1,1,0,0,0,0,1,1,0,0,0,0,0,0,2452.77132621
20204,1123001829,10,3,7,0,2,3,3,2,0,0,0,1,1,1,0,0,2,2,2,1,0,2538.48517068
20204,1123001831,140,51,89,1,18,35,45,34,7,1,6,23,14,5,2,0,12,12,31,29,5,13598.1602686
20204,1123001847,23,18,5,1,4,3,6,6,3,0,4,3,3,5,3,1,0,0,3,1,0,5390.73527039
20204,1123001849,35,26,9,0,3,6,9,12,5,0,3,5,6,8,4,0,0,1,3,4,1,15884.2258296
20204,1123001853,41,34,7,0,2,2,7,15,15,0,0,2,6,11,15,0,2,0,1,4,0,3521.82595606
20204,1123001857,121,94,27,0,25,27,35,22,12,0,22,20,25,17,10,0,3,7,10,5,2,6295.81292237
20204,1123001859,8,8,0,0,1,1,5,1,0,0,1,1,5,1,0,0,0,0,0,0,0,1491.61008874
20204,1123001864,47,27,20,0,8,15,6,9,9,0,5,8,5,3,6,0,3,7,1,6,3,19668.2728815
20204,1123001869,4,3,1,0,0,2,1,0,1,0,0,1,1,0,1,0,0,1,0,0,0,5910.88547042
20204,1123001876,21,7,14,0,2,1,7,6,5,0,1,0,1,2,3,0,1,1,6,4,2,12264.955188
20204,1123001878,3,2,1,0,0,0,2,1,0,0,0,0,1,1,0,0,0,0,1,0,0,4265.14826027
20204,1123001885,39,16,23,0,6,12,6,9,6,0,3,5,1,6,1,0,3,7,5,3,5,3511.67954615
20204,1123001894,6,4,2,0,0,0,2,4,0,0,0,0,2,2,0,0,0,0,0,2,0,10382.5596797
20204,1123001898,13,3,10,0,2,3,4,1,3,0,0,0,2,0,1,0,2,3,2,1,2,10202.9924044
20204,1123001904,7,5,2,0,0,2,1,2,2,0,0,2,1,1,1,0,0,0,0,1,1,5919.14861411
20204,1123001907,3,2,1,0,1,0,1,1,0,0,0,0,1,1,0,0,1,0,0,0,0,2825.53634447
20204,1123001908,18,15,3,0,0,1,7,6,4,0,0,0,5,6,4,0,0,1,2,0,0,1786.3873178
20204,1123001909,4,3,1,0,0,0,0,2,2,0,0,0,0,1,2,0,0,0,0,1,0,1326.48799967
20204,1123001918,47,32,15,0,8,20,13,6,0,0,6,12,9,5,0,0,2,8,4,1,0,3609.02175634
20204,1123001924,2,2,0,0,0,0,0,1,1,0,0,0,0,1,1,0,0,0,0,0,0,2746.53735723
20204,1123001930,19,15,4,0,0,3,12,2,2,0,0,2,11,1,1,0,0,1,1,1,1,1972.12600563
20204,1123001935,7,3,4,0,1,0,2,3,1,0,0,0,1,1,1,0,1,0,1,2,0,16835.9273328
20204,1123001939,2,1,1,0,0,1,1,0,0,0,0,1,0,0,0,0,0,0,1,0,0,2390.50075085
20204,1123001940,85,19,66,0,5,5,11,23,41,0,5,1,9,3,1,0,0,4,2,20,40,1322.5410897
20204,1123001941,10,7,3,0,3,5,1,1,0,0,2,3,1,1,0,0,1,2,0,0,0,1211.01319982
20204,1123001944,7,1,6,0,0,1,2,4,0,0,0,0,0,1,0,0,0,1,2,3,0,4627.34944165
20204,1123001947,8,7,1,0,0,1,4,2,1,0,0,1,4,1,1,0,0,0,0,1,0,2646.56892023
20204,1123001957,3,0,3,0,1,0,1,0,1,0,0,0,0,0,0,0,1,0,1,0,1,2612.62853264
20204,1123001958,3,0,3,0,0,0,0,2,1,0,0,0,0,0,0,0,0,0,0,2,1,5223.47490317
20204,1123001965,5,3,2,0,1,0,1,2,1,0,0,0,1,1,1,0,1,0,0,1,0,2944.25809345
20204,1123001966,11,5,6,0,2,4,2,1,2,0,1,2,0,1,1,0,1,2,2,0,1,2149.47353253
20204,1123001973,14,0,14,0,1,3,3,4,3,0,0,0,0,0,0,0,1,3,3,4,3,4827.13451998
20204,1123001984,32,17,15,0,15,4,7,3,3,0,6,3,4,1,3,0,9,1,3,2,0,6624.73440979
20204,1123001986,10,4,6,0,1,0,5,0,4,0,1,0,0,0,3,0,0,0,5,0,1,2525.93626494
20204,1123001987,2,2,0,0,0,1,0,0,1,0,0,1,0,0,1,0,0,0,0,0,0,3663.45874161
20204,1123001990,9,3,6,0,0,2,2,2,3,0,0,2,1,0,0,0,0,0,1,2,3,4991.96970388
20204,1123001991,4,3,1,0,0,0,2,2,0,0,0,0,2,1,0,0,0,0,0,1,0,2957.58181393
20204,1123001992,440,323,117,1,52,73,136,142,36,0,34,47,100,115,27,1,18,26,36,27,9,2659.19958978
20204,1123001993,4,3,1,0,1,1,1,0,1,0,1,1,1,0,0,0,0,0,0,0,1,732.657724252
20204,1123001994,31,11,20,0,6,7,3,10,5,0,0,3,0,3,5,0,6,4,3,7,0,9181.08458714
20204,1123001999,4,2,2,0,0,1,0,3,0,0,0,0,0,2,0,0,0,1,0,1,0,5188.80815538
20204,1123002000,2,1,1,0,0,0,0,2,0,0,0,0,0,1,0,0,0,0,0,1,0,2839.57107339
20204,1123002004,2,0,2,0,0,0,0,1,1,0,0,0,0,0,0,0,0,0,0,1,1,3090.53973316
20204,1123002006,3,2,1,0,0,1,1,1,0,0,0,1,1,0,0,0,0,0,0,1,0,5106.74938669
20204,1123002009,2,0,2,0,0,0,1,1,0,0,0,0,0,0,0,0,0,0,1,1,0,3389.01848664
20204,1123002011,11,8,3,0,3,0,2,1,5,0,2,0,1,1,4,0,1,0,1,0,1,5210.0495317
20204,1123002014,8,6,2,0,0,1,6,0,1,0,0,1,4,0,1,0,0,0,2,0,0,4830.5152482
20204,1123002018,140,91,49,0,8,18,22,41,51,0,7,18,19,22,25,0,1,0,3,19,26,970.851822096
20204,1123002019,3,3,0,0,1,0,1,1,0,0,1,0,1,1,0,0,0,0,0,0,0,1411.74946427
20204,1123002021,4,2,2,0,0,1,1,2,0,0,0,0,0,2,0,0,0,1,1,0,0,3880.10666176
20204,1123002023,4,2,2,0,0,0,0,3,1,0,0,0,0,2,0,0,0,0,0,1,1,2546.96203805
20204,1123002027,5,5,0,0,1,2,2,0,0,0,1,2,2,0,0,0,0,0,0,0,0,1900.110492
20204,1123002036,2,2,0,0,0,0,1,1,0,0,0,0,1,1,0,0,0,0,0,0,0,3863.14836129
20204,1123002037,12,3,9,0,0,4,5,1,2,0,0,2,0,1,0,0,0,2,5,0,2,2698.79656527
20204,1123002043,18,15,3,0,2,2,5,5,4,0,2,2,3,4,4,0,0,0,2,1,0,2092.60410656
20204,1123002048,4,0,4,0,0,0,2,2,0,0,0,0,0,0,0,0,0,0,2,2,0,3539.71342265
20204,1123002056,3,1,2,0,1,0,1,0,1,0,0,0,0,0,1,0,1,0,1,0,0,5004.34740564
20204,1123002061,6,5,1,0,0,1,2,2,1,0,0,0,2,2,1,0,0,1,0,0,0,2221.79576457
20204,1123002064,29,9,20,0,3,9,7,8,2,0,1,3,1,2,2,0,2,6,6,6,0,1401.43957703
20204,1123002066,2,0,2,0,0,0,1,0,1,0,0,0,0,0,0,0,0,0,1,0,1,3561.66451619
20204,1123002070,9,6,3,0,2,1,2,2,2,0,2,1,1,1,1,0,0,0,1,1,1,3039.62631581
20204,1123002072,14,10,4,0,0,5,2,3,4,0,0,3,1,2,4,0,0,2,1,1,0,2242.76260131
20204,1123002074,4,1,3,0,0,0,0,3,1,0,0,0,0,1,0,0,0,0,0,2,1,2312.74095862
20204,1123002076,6,4,2,0,2,3,1,0,0,0,0,3,1,0,0,0,2,0,0,0,0,2454.79125138
20204,1123002078,8,3,5,0,1,0,4,1,2,0,0,0,2,0,1,0,1,0,2,1,1,13384.042897
20204,1123002082,2,1,1,0,0,1,0,0,1,0,0,1,0,0,0,0,0,0,0,0,1,1643.38839658
20204,1123002091,27,14,13,0,1,4,10,6,6,0,0,2,7,1,4,0,1,2,3,5,2,189650.855414
20204,1123002092,18,12,6,0,1,3,5,6,3,0,1,2,3,5,1,0,0,1,2,1,2,2870.71374496
20204,1123002095,14,4,10,0,3,2,4,3,2,0,1,0,0,1,2,0,2,2,4,2,0,26205.3453911
20204,1123002099,2,1,1,0,0,0,0,1,1,0,0,0,0,0,1,0,0,0,0,1,0,2225.95049321
20204,1123002102,1,0,1,0,0,1,0,0,0,0,0,0,0,0,0,0,0,1,0,0,0,1058.83492936
20204,1123002106,2,1,1,0,0,0,2,0,0,0,0,0,1,0,0,0,0,0,1,0,0,1729.18324543
20204,1123002110,8,7,1,0,0,3,1,4,0,0,0,3,1,3,0,0,0,0,0,1,0,4444.17989109
20204,1123002112,10,7,3,0,0,1,2,6,1,0,0,0,2,4,1,0,0,1,0,2,0,15684.4861607
20204,1123002117,28,14,14,0,1,5,11,10,1,0,0,3,4,6,1,0,1,2,7,4,0,5186.12357986
20204,1123002121,14,4,10,0,2,7,3,2,0,0,0,2,0,2,0,0,2,5,3,0,0,2346.17358884
20204,1123002126,664,359,305,1,62,131,186,167,117,0,26,74,88,93,78,1,36,57,98,74,39,4292.3381603
20204,1123002137,6,3,3,0,0,0,3,1,2,0,0,0,2,0,1,0,0,0,1,1,1,7388.25522622
20204,1123002138,146,95,51,0,27,42,40,24,13,0,10,26,28,20,11,0,17,16,12,4,2,10821.3304508
20204,1123002140,599,420,179,0,51,130,176,140,102,0,34,88,128,97,73,0,17,42,48,43,29,1806.47154327
20204,1123002143,3,3,0,0,0,1,0,1,1,0,0,1,0,1,1,0,0,0,0,0,0,2788.7430648
20204,1123002147,13,10,3,0,4,0,5,3,1,0,3,0,4,2,1,0,1,0,1,1,0,2812.86100703
20204,1123002149,131,77,54,0,24,35,20,29,23,0,16,26,15,9,11,0,8,9,5,20,12,1077.17964895
20204,1123002154,23,17,6,0,6,10,3,3,1,0,4,9,3,1,0,0,2,1,0,2,1,1062.3166324
20204,1123002155,5,4,1,0,0,1,1,2,1,0,0,1,1,1,1,0,0,0,0,1,0,2775.26012818
20204,1123002156,49,8,41,0,0,9,14,17,9,0,0,3,1,0,4,0,0,6,13,17,5,5600.48497582
20204,1123002158,7,4,3,0,0,0,4,3,0,0,0,0,3,1,0,0,0,0,1,2,0,3268.57726876
20204,1123002159,10,3,7,0,1,1,2,2,4,0,0,0,1,1,1,0,1,1,1,1,3,8732.50187672
20204,1123002160,169,34,135,0,6,9,33,72,49,0,3,3,9,7,12,0,3,6,24,65,37,5820.05613738
20204,1123002162,18,5,13,0,1,2,5,5,5,0,0,0,1,2,2,0,1,2,4,3,3,4503.00374877
20204,1123002166,4,3,1,0,0,0,0,0,4,0,0,0,0,0,3,0,0,0,0,0,1,4374.58570695
20204,1123002171,3,0,3,0,0,1,2,0,0,0,0,0,0,0,0,0,0,1,2,0,0,4935.77759267
20204,1123002173,70,33,37,0,8,17,10,19,16,0,1,5,4,10,13,0,7,12,6,9,3,4747.74478704
20204,1123002174,26,3,23,0,4,7,7,7,1,0,1,2,0,0,0,0,3,5,7,7,1,2632.94803202
20204,1123002175,11,10,1,0,3,2,6,0,0,0,3,2,5,0,0,0,0,0,1,0,0,4021.82257158
20204,1123002178,2,1,1,0,0,0,2,0,0,0,0,0,1,0,0,0,0,0,1,0,0,2490.52703263
20204,1123002179,9,6,3,0,1,1,1,5,1,0,1,0,1,3,1,0,0,1,0,2,0,4191.7694339
20204,1123002180,19,7,12,0,0,6,9,3,1,0,0,2,4,0,1,0,0,4,5,3,0,5056.23016698
20204,1123002183,88,11,77,0,7,28,28,21,4,0,2,2,3,2,2,0,5,26,25,19,2,16977.1701846
20204,1123002186,2,1,1,0,0,0,0,2,0,0,0,0,0,1,0,0,0,0,0,1,0,637.874780302
20204,1123002190,150,55,95,1,26,38,48,33,4,1,10,12,16,14,2,0,16,26,32,19,2,6912.98431199
20204,1123002191,2,1,1,0,0,0,0,1,1,0,0,0,0,0,1,0,0,0,0,1,0,4523.1297816
20204,1123002198,9,4,5,0,0,0,5,2,2,0,0,0,1,1,2,0,0,0,4,1,0,3443.34547656
20204,1123002199,2,0,2,0,1,0,1,0,0,0,0,0,0,0,0,0,1,0,1,0,0,2459.30964445
20204,1123002201,3,2,1,0,0,0,1,2,0,0,0,0,1,1,0,0,0,0,0,1,0,2464.20029723
20204,1123002204,24,10,14,0,2,6,4,6,6,0,0,4,2,0,4,0,2,2,2,6,2,1491.48814953
20204,1123002207,66,11,55,0,8,8,21,25,4,0,2,0,3,4,2,0,6,8,18,21,2,20535.5716621
20204,1123002209,23,6,17,0,3,2,6,8,4,0,1,2,1,0,2,0,2,0,5,8,2,13140.2743558
20204,1123002210,2,2,0,0,0,0,1,0,1,0,0,0,1,0,1,0,0,0,0,0,0,3223.23791026
20204,1123002215,5,2,3,0,0,1,3,1,0,0,0,0,2,0,0,0,0,1,1,1,0,3490.69604892
20204,1123002218,2,2,0,0,0,0,0,0,2,0,0,0,0,0,2,0,0,0,0,0,0,6562.4026054
20204,1123002220,54,21,33,0,15,17,11,5,6,0,1,3,8,4,5,0,14,14,3,1,1,16768.3859252
20204,1123002222,132,83,49,0,22,16,24,48,22,0,14,8,15,30,16,0,8,8,9,18,6,5179.10626493
20204,1123002224,1,1,0,0,0,0,0,1,0,0,0,0,0,1,0,0,0,0,0,0,0,5155.47349608
20204,1123002227,55,31,24,0,0,3,21,25,6,0,0,1,9,17,4,0,0,2,12,8,2,4133.41379771
20204,1123002229,29,6,23,0,0,6,10,11,2,0,0,1,2,1,2,0,0,5,8,10,0,25744.5218007
20204,1123002232,56,13,43,0,7,19,15,14,1,0,1,5,3,3,1,0,6,14,12,11,0,20769.5395934
20204,1123002235,349,138,211,2,87,67,59,92,42,0,20,40,37,19,22,2,67,27,22,73,20,4026.98877548
20204,1123002239,13,8,5,0,0,1,4,3,5,0,0,0,2,3,3,0,0,1,2,0,2,2505.9275616
20204,1123002241,917,558,359,0,89,219,256,253,100,0,40,72,162,195,89,0,49,147,94,58,11,264120.405593
20204,1123002242,12,8,4,0,0,6,3,3,0,0,0,4,2,2,0,0,0,2,1,1,0,3622.2253219
20204,1123002243,27,20,7,0,2,3,5,7,10,0,2,2,5,5,6,0,0,1,0,2,4,6707.2140141
20204,1123002244,33,18,15,0,5,8,8,9,3,0,0,3,4,9,2,0,5,5,4,0,1,5366.84284805
20204,1123002246,14,13,1,0,0,0,2,6,6,0,0,0,2,6,5,0,0,0,0,0,1,3571.80590865
20204,1123002247,68,27,41,0,13,24,14,9,8,0,2,9,6,5,5,0,11,15,8,4,3,3412.74802572
20204,1123002248,220,83,137,0,10,12,52,97,49,0,6,5,21,34,17,0,4,7,31,63,32,4472.11898723
20204,1123002249,46,24,22,0,2,6,10,5,23,0,1,2,5,2,14,0,1,4,5,3,9,6566.48065377
20204,1123002250,45,28,17,0,4,1,9,13,18,0,2,0,4,11,11,0,2,1,5,2,7,3517.35178291
20204,1123002251,40,21,19,0,9,4,6,8,13,0,1,2,5,6,7,0,8,2,1,2,6,7174.54945447
20204,1123002253,38,30,8,0,3,8,12,7,8,0,2,6,9,7,6,0,1,2,3,0,2,4171.19225771
20204,1123002254,12,7,5,0,0,3,2,2,5,0,0,1,2,1,3,0,0,2,0,1,2,7304.62080241
20204,1123002257,583,464,119,0,23,75,116,111,258,0,17,64,107,92,184,0,6,11,9,19,74,4505.1525303
20204,1123002262,42,15,27,0,7,12,13,5,5,0,0,3,8,1,3,0,7,9,5,4,2,6922.57938222
20204,1123002263,23,12,11,0,0,3,6,2,12,0,0,0,3,2,7,0,0,3,3,0,5,6290.75318039
20204,1123002265,3,2,1,0,0,0,1,0,2,0,0,0,0,0,2,0,0,0,1,0,0,1874.69934541
20204,1123002266,3,2,1,0,0,0,0,2,1,0,0,0,0,2,0,0,0,0,0,0,1,1316.81873043
20204,1123002267,12,6,6,0,3,2,0,3,4,0,0,0,0,3,3,0,3,2,0,0,1,11343.4469245
20204,1123002270,5,4,1,0,0,0,2,2,1,0,0,0,2,1,1,0,0,0,0,1,0,680.022418855
20204,1123002272,5,3,2,0,0,0,1,2,2,0,0,0,1,0,2,0,0,0,0,2,0,2539.19443165
20204,1123002274,144,83,61,1,27,44,27,26,19,0,4,23,21,21,14,1,23,21,6,5,5,6450.61661385
20204,1123002276,22,11,11,0,1,6,7,3,5,0,0,3,5,1,2,0,1,3,2,2,3,6759.87866561
20204,1123002279,6,3,3,0,0,0,2,2,2,0,0,0,0,1,2,0,0,0,2,1,0,7141.81428832
20204,1123002281,7,6,1,0,1,2,1,3,0,0,1,1,1,3,0,0,0,1,0,0,0,1074.11712513
20204,1123002282,1,1,0,0,1,0,0,0,0,0,1,0,0,0,0,0,0,0,0,0,0,1740.97410592
20204,1123002283,4,3,1,0,0,1,1,2,0,0,0,1,1,1,0,0,0,0,0,1,0,1532.81553405
20204,1123002286,2,2,0,0,0,0,0,1,1,0,0,0,0,1,1,0,0,0,0,0,0,923.55901947
20204,1123002288,3,2,1,0,0,2,0,0,1,0,0,1,0,0,1,0,0,1,0,0,0,2666.28772958
20204,1123002290,8,5,3,0,0,0,1,5,2,0,0,0,0,3,2,0,0,0,1,2,0,5663.67935415
20204,1123002291,53,27,26,2,6,12,13,15,5,0,3,12,6,4,2,2,3,0,7,11,3,1857.36362904
20204,1123002292,6,6,0,0,0,1,2,0,3,0,0,1,2,0,3,0,0,0,0,0,0,5095.5741118
20204,1123002298,13,9,4,0,3,9,1,0,0,0,3,5,1,0,0,0,0,4,0,0,0,1788.32139912
20204,1123002300,24,13,11,0,0,4,4,7,9,0,0,2,2,3,6,0,0,2,2,4,3,5551.81187853
20204,1123002301,4,4,0,0,0,0,0,2,2,0,0,0,0,2,2,0,0,0,0,0,0,5556.88182803
20204,1123002303,3,1,2,0,0,1,0,1,1,0,0,0,0,0,1,0,0,1,0,1,0,1968.87547387
20204,1123002304,209,92,117,0,42,68,44,25,30,0,3,19,25,16,29,0,39,49,19,9,1,4136.59020888
20204,1123002311,7,6,1,0,0,0,1,4,2,0,0,0,1,3,2,0,0,0,0,1,0,2692.41951674
20204,1123002312,11,8,3,0,2,0,2,4,3,0,2,0,0,4,2,0,0,0,2,0,1,4527.89056143
20204,1123002313,3,2,1,0,0,0,0,1,2,0,0,0,0,1,1,0,0,0,0,0,1,6984.39564968
20204,1123002314,2,1,1,0,0,0,0,1,1,0,0,0,0,1,0,0,0,0,0,0,1,3617.12360981
20204,1123002315,30,3,27,0,0,3,2,19,6,0,0,1,0,1,1,0,0,2,2,18,5,3189.24692818
20204,1123002316,2,2,0,0,0,0,2,0,0,0,0,0,2,0,0,0,0,0,0,0,0,1090.98235375
20204,1123002321,6,1,5,0,1,1,1,2,1,0,0,0,0,0,1,0,1,1,1,2,0,3434.18195563
20204,1123002326,31,23,8,0,3,10,8,6,4,0,1,6,7,5,4,0,2,4,1,1,0,9551.84924255
20204,1123002327,4,2,2,0,0,0,0,1,3,0,0,0,0,1,1,0,0,0,0,0,2,3611.62367222
20204,1123002328,579,384,195,1,156,277,142,2,1,0,64,193,124,2,1,1,92,84,18,0,0,8105.10463962
20204,1123002330,7,6,1,0,0,1,3,1,2,0,0,1,3,1,1,0,0,0,0,0,1,4794.39141547
20204,1123002332,19,12,7,0,2,4,2,5,6,0,2,2,1,3,4,0,0,2,1,2,2,5008.30370071
20204,1123002333,2,1,1,0,1,0,0,1,0,0,1,0,0,0,0,0,0,0,0,1,0,1544.57627638
20204,1123002334,28,11,17,0,2,2,3,14,7,0,2,1,0,3,5,0,0,1,3,11,2,3360.12192372
20204,1123002335,3,2,1,0,0,0,1,1,1,0,0,0,0,1,1,0,0,0,1,0,0,2991.9522189
20204,1123002340,582,300,282,3,179,249,105,45,1,1,82,132,49,35,1,2,97,117,56,10,0,4844.07531438
20204,1123002341,55,14,41,0,8,15,17,11,4,0,3,3,3,1,4,0,5,12,14,10,0,16193.3263142
20204,1123002343,2,1,1,0,0,1,1,0,0,0,0,0,1,0,0,0,0,1,0,0,0,1511.35400755
20204,1123002345,104,75,29,0,13,31,37,11,12,0,7,26,29,8,5,0,6,5,8,3,7,3137.59640447
20204,1123002348,2,2,0,0,0,0,0,1,1,0,0,0,0,1,1,0,0,0,0,0,0,2043.68568529
20204,1123002351,52,17,35,0,1,0,14,30,7,0,0,0,6,6,5,0,1,0,8,24,2,2120.67131279
20204,1123002352,3,2,1,0,0,1,2,0,0,0,0,1,1,0,0,0,0,0,1,0,0,1209.85285074
20204,1123002353,9,6,3,0,0,0,0,5,4,0,0,0,0,3,3,0,0,0,0,2,1,4499.28234407
20204,1123002354,2,0,2,0,0,0,0,2,0,0,0,0,0,0,0,0,0,0,0,2,0,1737.93589134
20204,1123002358,18,11,7,0,1,3,6,6,2,0,1,1,4,3,2,0,0,2,2,3,0,2912.30757317
20204,1123002359,49,5,44,0,12,11,11,14,1,0,1,2,1,1,0,0,11,9,10,13,1,17341.5030527
20204,1123002360,120,70,50,0,15,27,24,39,15,0,11,20,18,16,5,0,4,7,6,23,10,4894.46703079
20204,1123002361,4,4,0,0,0,0,0,2,2,0,0,0,0,2,2,0,0,0,0,0,0,1614.26543567
20204,1123002362,13,8,5,0,4,1,4,3,1,0,2,1,2,2,1,0,2,0,2,1,0,4788.69494573
20204,1123002363,3,1,2,0,0,0,0,2,1,0,0,0,0,1,0,0,0,0,0,1,1,1850.30512168
20204,1123002365,25,19,6,0,6,3,9,5,2,0,4,3,7,3,2,0,2,0,2,2,0,4822.82214585
20204,1123002367,12,5,7,0,1,0,6,4,1,0,0,0,4,1,0,0,1,0,2,3,1,5047.00025452
20204,1123002368,2,2,0,0,0,0,1,1,0,0,0,0,1,1,0,0,0,0,0,0,0,3987.13698327
20204,1123002369,2,2,0,0,0,2,0,0,0,0,0,2,0,0,0,0,0,0,0,0,0,1163.20300487
20204,1123002372,4,4,0,0,0,1,1,1,1,0,0,1,1,1,1,0,0,0,0,0,0,1012.48171616
20204,1123002374,13,7,6,0,0,0,2,7,4,0,0,0,0,4,3,0,0,0,2,3,1,4366.4474611
20204,1123002379,36,31,5,0,2,4,2,9,19,0,0,4,1,8,18,0,2,0,1,1,1,11334.9830522
20204,1123002380,41,27,14,0,5,10,9,12,5,0,2,8,4,9,4,0,3,2,5,3,1,6193.59377387
20204,1123002382,29,15,14,0,1,8,10,6,4,0,0,5,6,3,1,0,1,3,4,3,3,4402.09264046
20204,1123002385,6,3,3,0,0,3,1,2,0,0,0,1,1,1,0,0,0,2,0,1,0,3269.75525522
20204,1123002386,3,3,0,0,0,1,0,2,0,0,0,1,0,2,0,0,0,0,0,0,0,1483.74198814
20204,1123002387,41,22,19,0,5,10,14,7,5,0,3,4,6,5,4,0,2,6,8,2,1,9483.39448294
20204,1123002388,9,6,3,0,0,0,2,4,3,0,0,0,1,3,2,0,0,0,1,1,1,3319.92875618
20204,1123002390,26,18,8,0,4,6,7,6,3,0,3,4,4,5,2,0,1,2,3,1,1,2716.47116399
20204,1123002392,8,7,1,0,0,0,2,4,2,0,0,0,2,3,2,0,0,0,0,1,0,6124.54651913
20204,1123002393,3,3,0,0,0,0,0,2,1,0,0,0,0,2,1,0,0,0,0,0,0,5701.47397597
20204,1123002394,4,3,1,0,0,0,1,3,0,0,0,0,1,2,0,0,0,0,0,1,0,2626.38319737
20204,1123002395,2,2,0,0,0,0,2,0,0,0,0,0,2,0,0,0,0,0,0,0,0,4594.25587329
20204,1123002401,2,1,1,0,0,0,0,1,1,0,0,0,0,0,1,0,0,0,0,1,0,1058.91228679
20204,1123002403,2,2,0,0,0,1,0,0,1,0,0,1,0,0,1,0,0,0,0,0,0,1549.284005
20204,1123002404,6,5,1,0,0,0,1,5,0,0,0,0,1,4,0,0,0,0,0,1,0,3479.13120395
20204,1123002405,2,2,0,1,0,0,0,1,0,1,0,0,0,1,0,0,0,0,0,0,0,2106.21908255
20204,1123002406,5,2,3,0,2,0,2,0,1,0,1,0,0,0,1,0,1,0,2,0,0,4386.64720564
20204,1123002407,17,12,5,0,3,3,7,4,0,0,2,2,6,2,0,0,1,1,1,2,0,2975.2159031
20204,1123002409,6,3,3,0,0,0,2,0,4,0,0,0,1,0,2,0,0,0,1,0,2,2822.09873085
20204,1123002410,2,1,1,0,0,0,1,0,1,0,0,0,1,0,0,0,0,0,0,0,1,6012.36030651
20204,1123002412,5,2,3,0,0,1,2,2,0,0,0,0,1,1,0,0,0,1,1,1,0,872.237863966
20204,1123002417,218,146,72,0,24,43,56,55,40,0,11,33,37,36,29,0,13,10,19,19,11,4639.88905157
20204,1123002418,5,0,5,0,0,0,1,3,1,0,0,0,0,0,0,0,0,0,1,3,1,1213.57278641
20204,1123002419,21,16,5,0,6,5,3,5,2,0,3,5,3,3,2,0,3,0,0,2,0,2466.30164489
20204,1123002422,29,21,8,0,9,9,1,9,1,0,8,5,1,6,1,0,1,4,0,3,0,5463.57178712
20204,1123002423,2,1,1,0,0,0,0,0,2,0,0,0,0,0,1,0,0,0,0,0,1,3874.95893226
20204,1123002424,15,7,8,0,1,9,3,0,2,0,1,3,2,0,1,0,0,6,1,0,1,1624.32393773
20204,1123002429,2,1,1,0,1,0,0,1,0,0,1,0,0,0,0,0,0,0,0,1,0,3171.77296686
20204,1123002430,7,5,2,0,0,1,2,4,0,0,0,1,1,3,0,0,0,0,1,1,0,1099.48313509
20204,1123002433,5,4,1,0,1,2,2,0,0,0,1,2,1,0,0,0,0,0,1,0,0,5130.40644399
20204,1123002434,24,17,7,0,0,0,12,7,5,0,0,0,9,5,3,0,0,0,3,2,2,5237.79948596
20204,1123002435,8,0,8,0,2,0,3,3,0,0,0,0,0,0,0,0,2,0,3,3,0,1498.45916254
20204,1123002440,4,2,2,0,1,0,1,1,1,0,0,0,1,0,1,0,1,0,0,1,0,1820.12008515
20204,1123002442,35,10,25,0,9,7,7,7,5,0,0,4,4,1,1,0,9,3,3,6,4,7620.53064753
20204,1123002445,32,9,23,0,2,10,5,5,10,0,0,1,5,1,2,0,2,9,0,4,8,3643.97908972
20204,1123002449,12,10,2,0,0,0,4,5,3,0,0,0,4,4,2,0,0,0,0,1,1,1637.41295732
20204,1123002450,93,46,47,1,9,15,26,31,11,0,5,7,8,16,10,1,4,8,18,15,1,8693.4001718
20204,1123002451,2,2,0,0,0,1,0,1,0,0,0,1,0,1,0,0,0,0,0,0,0,25580.1575984
20204,1123002452,17,13,4,0,1,4,1,8,3,0,1,2,1,7,2,0,0,2,0,1,1,2091.21336345
20204,1123002453,17,10,7,0,0,6,6,3,2,0,0,5,3,1,1,0,0,1,3,2,1,2457.9287146
20204,1123002454,38,33,5,0,1,14,12,10,1,0,1,11,10,10,1,0,0,3,2,0,0,2569.66618771
20204,1123002456,5,1,4,0,3,1,0,1,0,0,0,0,0,1,0,0,3,1,0,0,0,3951.77681175
20204,1123002457,48,29,19,0,1,3,7,6,31,0,0,3,2,2,22,0,1,0,5,4,9,5512.94256361
20204,1123002463,12,8,4,0,2,3,4,3,0,0,1,3,1,3,0,0,1,0,3,0,0,1523.82829576
20204,1123002464,7,5,2,0,0,1,4,2,0,0,0,1,3,1,0,0,0,0,1,1,0,5197.6500563
20204,1123002465,2,1,1,0,1,0,0,0,1,0,0,0,0,0,1,0,1,0,0,0,0,705.889362071
20204,1123002472,8,5,3,0,2,3,1,2,0,0,0,3,1,1,0,0,2,0,0,1,0,2905.04995382
20204,1123002475,10,7,3,0,0,1,1,3,5,0,0,1,1,1,4,0,0,0,0,2,1,5663.62654563
20204,1123002476,10,6,4,0,0,0,4,6,0,0,0,0,2,4,0,0,0,0,2,2,0,5499.72654896
20204,1123002478,12,9,3,0,0,1,2,7,2,0,0,0,1,6,2,0,0,1,1,1,0,1990.85372177
20204,1123002481,58,34,24,0,3,7,5,10,33,0,2,6,4,5,17,0,1,1,1,5,16,4628.88604209
20204,1123002485,14,8,6,0,8,0,2,4,0,0,6,0,0,2,0,0,2,0,2,2,0,4853.07922671
20204,1123002487,5,1,4,0,1,1,1,2,0,0,0,0,0,1,0,0,1,1,1,1,0,4611.10094684
20204,1123002489,2,1,1,0,0,0,0,0,2,0,0,0,0,0,1,0,0,0,0,0,1,7850.86244173
20204,1123002491,3,2,1,0,0,0,3,0,0,0,0,0,2,0,0,0,0,0,1,0,0,10097.4603887
20204,1123002494,15,12,3,0,2,4,4,1,4,0,2,4,2,1,3,0,0,0,2,0,1,4066.33760414
20204,1123002495,2,1,1,0,0,2,0,0,0,0,0,1,0,0,0,0,0,1,0,0,0,1145.19459214
20204,1123002498,53,21,32,0,0,2,11,36,4,0,0,1,6,11,3,0,0,1,5,25,1,6402.8538519
20204,1123002501,3,0,3,0,0,2,1,0,0,0,0,0,0,0,0,0,0,2,1,0,0,2280.57526831
20204,1123002502,2,1,1,0,0,0,0,2,0,0,0,0,0,1,0,0,0,0,0,1,0,3705.71252493
20204,1123002503,8,6,2,0,1,3,3,1,0,0,1,2,2,1,0,0,0,1,1,0,0,2292.53695395
20204,1123002509,2,2,0,0,0,0,1,1,0,0,0,0,1,1,0,0,0,0,0,0,0,6278.93086133
20204,1123002510,32,11,21,0,0,6,18,5,3,0,0,3,3,2,3,0,0,3,15,3,0,4955.8233255
20204,1123002513,66,12,54,0,8,19,21,14,4,0,1,2,2,3,4,0,7,17,19,11,0,13354.7864847
20204,1123002514,4,4,0,0,0,0,0,3,1,0,0,0,0,3,1,0,0,0,0,0,0,6745.76887548
20204,1123002515,4,4,0,0,0,1,0,0,3,0,0,1,0,0,3,0,0,0,0,0,0,3045.27256202
20204,1123002519,24,21,3,0,0,5,9,3,7,0,0,5,7,3,6,0,0,0,2,0,1,3643.99151507
20204,1123002520,2,1,1,0,0,0,1,1,0,0,0,0,1,0,0,0,0,0,0,1,0,4076.11845592
20204,1123002531,5,5,0,0,1,2,1,1,0,0,1,2,1,1,0,0,0,0,0,0,0,2836.64684626
20204,1123002536,4,3,1,0,0,0,4,0,0,0,0,0,3,0,0,0,0,0,1,0,0,3622.11421246
20204,1123002550,1,1,0,0,0,0,1,0,0,0,0,0,1,0,0,0,0,0,0,0,0,820.199193503
20204,1123002554,2,2,0,0,0,0,1,1,0,0,0,0,1,1,0,0,0,0,0,0,0,3691.36341801
20204,1123002565,8,6,2,0,0,3,2,1,2,0,0,2,1,1,2,0,0,1,1,0,0,1404.58152604
20204,1123002567,5,5,0,0,0,0,3,1,1,0,0,0,3,1,1,0,0,0,0,0,0,832.129823743
20204,1123002568,452,314,138,1,20,81,163,130,57,1,13,36,115,96,53,0,7,45,48,34,4,1831.48307665
20204,1123002578,6,6,0,0,1,1,0,3,1,0,1,1,0,3,1,0,0,0,0,0,0,4279.2552907
20204,1123002582,2,2,0,0,0,0,1,0,1,0,0,0,1,0,1,0,0,0,0,0,0,2176.99092134
20204,1123002589,2,1,1,0,0,1,1,0,0,0,0,0,1,0,0,0,0,1,0,0,0,1155.38552059
20204,1123002593,5,3,2,0,0,3,0,1,1,0,0,2,0,0,1,0,0,1,0,1,0,8385.24352629
20204,1123002601,49,33,16,0,8,17,22,2,0,0,4,13,15,1,0,0,4,4,7,1,0,1841.85327599
20204,1123002605,34,29,5,0,5,6,7,10,6,0,3,4,6,10,6,0,2,2,1,0,0,13237.1194942
20204,1123002606,4,2,2,0,0,1,1,0,2,0,0,0,1,0,1,0,0,1,0,0,1,4138.75667684
20204,1123002607,91,44,47,0,10,18,31,25,7,0,3,17,10,8,6,0,7,1,21,17,1,3940.03439716
20204,1123002608,5,2,3,0,0,3,0,0,2,0,0,1,0,0,1,0,0,2,0,0,1,7654.08675125
20204,1123002616,60,16,44,0,7,2,10,10,31,0,0,0,2,5,9,0,7,2,8,5,22,9243.73748842
20204,1123002618,11,5,6,0,2,2,1,0,6,0,0,1,0,0,4,0,2,1,1,0,2,6978.0957187
20204,1123002621,17,10,7,0,1,4,5,4,3,0,1,2,3,2,2,0,0,2,2,2,1,3854.78339284
20204,1123002622,207,117,90,3,56,37,45,44,22,2,26,23,30,23,13,1,30,14,15,21,9,2178.13917658
20204,1123002623,14,8,6,0,0,2,1,5,6,0,0,0,0,4,4,0,0,2,1,1,2,5821.58192479
20204,1123002627,4,3,1,0,1,2,1,0,0,0,1,1,1,0,0,0,0,1,0,0,0,3243.50498842
20204,1123002628,120,68,52,0,14,22,18,33,33,0,10,9,8,17,24,0,4,13,10,16,9,14535.9802083
20204,1123002629,80,28,52,0,5,14,17,27,17,0,3,5,8,6,6,0,2,9,9,21,11,3361.02961059
20204,1123002631,21,8,13,0,7,5,2,6,1,0,2,2,0,3,1,0,5,3,2,3,0,9423.44799531
20204,1123002633,237,141,96,0,12,26,41,58,100,0,7,17,19,35,63,0,5,9,22,23,37,10295.3038033
20204,1123002634,3,1,2,0,0,0,0,2,1,0,0,0,0,1,0,0,0,0,0,1,1,4481.7189554
20204,1123002635,14,3,11,0,0,1,5,4,4,0,0,0,2,0,1,0,0,1,3,4,3,2678.94766554
20204,1123002636,5,3,2,0,1,0,2,1,1,0,0,0,1,1,1,0,1,0,1,0,0,1044.62139714
20204,1123002638,8,3,5,0,0,1,2,2,3,0,0,0,1,0,2,0,0,1,1,2,1,3139.23114956
20204,1123002639,37,8,29,0,3,8,8,8,10,0,0,0,0,2,6,0,3,8,8,6,4,5673.18015791
20204,1123002640,216,125,91,0,22,19,29,58,88,0,11,14,13,27,60,0,11,5,16,31,28,7504.99769694
20204,1123002641,4,2,2,0,2,0,0,2,0,0,0,0,0,2,0,0,2,0,0,0,0,1893.06739058
20204,1123002643,15,3,12,0,4,3,1,3,4,0,0,0,0,0,3,0,4,3,1,3,1,5369.47236959
20204,1123002644,6,3,3,0,1,1,0,2,2,0,0,1,0,2,0,0,1,0,0,0,2,1270.4937998
20204,1123002645,10,3,7,0,1,3,2,3,1,0,0,0,0,2,1,0,1,3,2,1,0,5111.00326465
20204,1123002647,11,8,3,0,0,1,6,2,2,0,0,1,5,1,1,0,0,0,1,1,1,1792.53377292
20204,1123002650,54,35,19,0,3,15,6,12,18,0,1,11,3,6,14,0,2,4,3,6,4,3281.86765659
20204,1123002651,353,87,266,0,96,98,86,56,17,0,12,25,19,18,13,0,84,73,67,38,4,6172.00839944
20204,1123002654,3,2,1,0,1,0,2,0,0,0,0,0,2,0,0,0,1,0,0,0,0,3893.0683886
20204,1123002660,26,20,6,1,0,2,16,5,2,1,0,0,13,4,2,0,0,2,3,1,0,4042.42087228
20204,1123002662,8,4,4,0,0,0,3,4,1,0,0,0,2,1,1,0,0,0,1,3,0,1085.16450444
20204,1123002669,2,2,0,0,0,1,0,1,0,0,0,1,0,1,0,0,0,0,0,0,0,934.769917878
20204,1123002674,23,11,12,0,2,2,6,5,8,0,1,1,3,1,5,0,1,1,3,4,3,4746.99512161
20204,1123002677,6,4,2,0,1,2,1,1,1,0,0,2,1,0,1,0,1,0,0,1,0,719.96882156
20204,1123002683,22,18,4,0,0,5,8,9,0,0,0,2,7,9,0,0,0,3,1,0,0,781.21546642
20204,1123002684,3,1,2,0,1,0,0,2,0,0,0,0,0,1,0,0,1,0,0,1,0,1603.46469515
20204,1123002690,4,2,2,0,0,0,2,2,0,0,0,0,1,1,0,0,0,0,1,1,0,2896.75745726
20204,1123002692,10,0,10,0,0,3,3,4,0,0,0,0,0,0,0,0,0,3,3,4,0,1233.39585641
20204,1123002697,4,2,2,0,0,0,0,2,2,0,0,0,0,0,2,0,0,0,0,2,0,1989.42465704
20204,1123002699,10,9,1,0,1,5,2,1,1,0,1,4,2,1,1,0,0,1,0,0,0,926.081338484
20204,1123002701,5,4,1,0,0,0,5,0,0,0,0,0,4,0,0,0,0,0,1,0,0,778.779638929
20204,1123002706,2,0,2,0,0,0,1,1,0,0,0,0,0,0,0,0,0,0,1,1,0,1445.25842996
20204,1123002707,47,42,5,0,0,1,10,5,31,0,0,1,5,5,31,0,0,0,5,0,0,10946.0681679
20204,1123002708,6,2,4,0,0,2,3,0,1,0,0,0,2,0,0,0,0,2,1,0,1,4176.15077947
20204,1123002713,3,1,2,0,0,0,0,3,0,0,0,0,0,1,0,0,0,0,0,2,0,9693.84098584
20204,1123002714,43,27,16,0,8,8,15,5,7,0,5,3,8,4,7,0,3,5,7,1,0,4680.70346453
20204,1123002715,1,1,0,0,0,0,0,1,0,0,0,0,0,1,0,0,0,0,0,0,0,1253.9989814
20204,1123002717,2,2,0,0,0,0,1,1,0,0,0,0,1,1,0,0,0,0,0,0,0,2431.05873191
20204,1123002719,2,2,0,0,0,0,2,0,0,0,0,0,2,0,0,0,0,0,0,0,0,975.571989327
20204,1123002723,55,33,22,0,8,11,21,11,4,0,4,4,14,8,3,0,4,7,7,3,1,6040.37530546
20204,1123002725,2,2,0,0,0,0,1,0,1,0,0,0,1,0,1,0,0,0,0,0,0,3743.19124982
20204,1123002729,4,1,3,0,0,0,0,3,1,0,0,0,0,1,0,0,0,0,0,2,1,2279.12340816
20204,1123002733,16,13,3,0,1,4,5,6,0,0,0,4,4,5,0,0,1,0,1,1,0,5199.83648477
20204,1123002734,1,1,0,0,0,0,1,0,0,0,0,0,1,0,0,0,0,0,0,0,0,1502.51419786
20204,1123002736,6,5,1,0,1,0,3,2,0,0,0,0,3,2,0,0,1,0,0,0,0,2096.69549657
20204,1123002738,19,11,8,0,2,9,5,3,0,0,1,7,1,2,0,0,1,2,4,1,0,5995.60777454
20204,1123002742,6,5,1,0,0,1,1,3,1,0,0,0,1,3,1,0,0,1,0,0,0,5582.61413012
20204,1123002746,6,4,2,0,3,1,1,1,0,0,3,0,0,1,0,0,0,1,1,0,0,574.036106706
20204,1123002749,1,1,0,0,0,0,0,0,1,0,0,0,0,0,1,0,0,0,0,0,0,787.454644106
20204,1123002751,19,7,12,0,8,8,2,1,0,0,2,4,1,0,0,0,6,4,1,1,0,4083.93505586
20204,1123002755,249,59,190,1,30,20,16,43,139,1,6,10,9,5,28,0,24,10,7,38,111,7310.33141785
20204,1123002756,11,4,7,0,1,0,3,6,1,0,0,0,2,2,0,0,1,0,1,4,1,6327.95327245
20204,1123002757,1,1,0,0,0,0,0,1,0,0,0,0,0,1,0,0,0,0,0,0,0,5494.58312936
20204,1123002761,13,8,5,0,3,3,4,1,2,0,3,0,3,0,2,0,0,3,1,1,0,3105.93828489
20204,1123002766,18,3,15,0,5,5,3,3,2,0,0,1,2,0,0,0,5,4,1,3,2,7574.87214461
20204,1123002767,8,8,0,0,1,2,2,3,0,0,1,2,2,3,0,0,0,0,0,0,0,4733.72402152
20204,1123002769,2,2,0,0,0,0,0,0,2,0,0,0,0,0,2,0,0,0,0,0,0,2698.34449133
20204,1123002774,7,5,2,0,0,0,2,3,2,0,0,0,0,3,2,0,0,0,2,0,0,2959.69723667
20204,1123002776,802,598,204,0,138,382,114,113,55,0,87,323,78,80,30,0,51,59,36,33,25,5416.71290985
20204,1123002781,10,1,9,0,0,1,1,6,2,0,0,0,0,1,0,0,0,1,1,5,2,5162.70193978
20204,1123002784,19,8,11,0,1,6,7,4,1,0,1,4,2,1,0,0,0,2,5,3,1,2008.60643332
20204,1123002785,36,12,24,0,7,10,6,13,0,0,2,1,2,7,0,0,5,9,4,6,0,18019.1780333
20204,1123002786,6,2,4,0,1,0,2,3,0,0,0,0,1,1,0,0,1,0,1,2,0,4069.79125929
20204,1123002791,2,2,0,0,0,0,0,0,2,0,0,0,0,0,2,0,0,0,0,0,0,4494.47104337
20204,1123002792,9,4,5,0,1,3,1,4,0,0,0,0,1,3,0,0,1,3,0,1,0,2008.5003708
20204,1123002794,3,2,1,0,0,0,2,1,0,0,0,0,1,1,0,0,0,0,1,0,0,1972.92056067
20204,1123002797,114,27,87,0,21,25,25,23,20,0,9,8,3,3,4,0,12,17,22,20,16,13109.7705542
20204,1123002807,30,12,18,0,1,16,7,5,1,0,1,5,2,3,1,0,0,11,5,2,0,18763.0717535
20204,1123002811,5,4,1,0,1,1,1,2,0,0,1,1,0,2,0,0,0,0,1,0,0,823.418927319
20204,1123002814,14,6,8,0,1,4,2,3,4,0,0,3,0,0,3,0,1,1,2,3,1,6168.85521255
20204,1123002823,13,9,4,0,0,1,11,1,0,0,0,1,8,0,0,0,0,0,3,1,0,1481.26778293
20204,1123002827,5,4,1,0,0,1,1,1,2,0,0,1,1,1,1,0,0,0,0,0,1,1070.50199421
20204,1123002829,15,12,3,0,0,2,3,7,3,0,0,2,3,6,1,0,0,0,0,1,2,4181.02332029
20204,1123002831,3,1,2,0,0,0,1,0,2,0,0,0,1,0,0,0,0,0,0,0,2,5406.19270289
20204,1123002832,36,3,33,0,2,7,17,8,2,0,0,0,2,1,0,0,2,7,15,7,2,16011.9000326
20204,1123002833,2,1,1,0,0,0,1,1,0,0,0,0,0,1,0,0,0,0,1,0,0,4835.77166826
20204,1123002834,386,244,142,0,45,106,101,105,29,0,9,48,76,87,24,0,36,58,25,18,5,145231.340463
20204,1123002839,433,279,154,1,101,179,87,46,19,1,44,116,66,39,13,0,57,63,21,7,6,86929.4344295
20204,1123002840,783,366,417,1,238,302,113,86,43,0,79,128,68,55,36,1,159,174,45,31,7,204928.740361
20204,1123002845,1,0,1,0,0,0,0,1,0,0,0,0,0,0,0,0,0,0,0,1,0,1857.92952282
20204,1123002847,2,1,1,0,0,1,0,1,0,0,0,0,0,1,0,0,0,1,0,0,0,1332.09506987
20204,1123002848,4,0,4,0,0,2,0,2,0,0,0,0,0,0,0,0,0,2,0,2,0,2581.0345929
20204,1123002851,46,40,6,0,0,2,1,9,34,0,0,0,0,6,34,0,0,2,1,3,0,1452.37187066
20204,1123002865,4,1,3,0,2,0,0,2,0,0,0,0,0,1,0,0,2,0,0,1,0,5373.72049496
20204,1123002868,260,121,139,0,37,62,57,70,34,0,9,21,32,33,26,0,28,41,25,37,8,1510.91950751
20204,1123002876,47,26,21,1,5,18,15,6,2,1,3,10,9,3,0,0,2,8,6,3,2,15017.9680694
20204,1123002877,4,0,4,0,0,0,4,0,0,0,0,0,0,0,0,0,0,0,4,0,0,1607.11077524
20204,1123002880,4,4,0,0,0,3,1,0,0,0,0,3,1,0,0,0,0,0,0,0,0,6573.82251752
20204,1123002883,2,1,1,0,0,0,0,2,0,0,0,0,0,1,0,0,0,0,0,1,0,1318.55705442
20204,1123002886,2,1,1,0,0,0,1,1,0,0,0,0,0,1,0,0,0,0,1,0,0,2935.76638306
20204,1123002891,17,7,10,0,3,2,7,5,0,0,0,2,2,3,0,0,3,0,5,2,0,9962.6035372
20204,1123002895,14,7,7,0,0,2,3,4,5,0,0,2,1,1,3,0,0,0,2,3,2,4137.9390375
20204,1123002896,3,0,3,0,1,2,0,0,0,0,0,0,0,0,0,0,1,2,0,0,0,3959.52459558
20204,1123002898,28,6,22,0,6,10,5,5,2,0,2,1,1,1,1,0,4,9,4,4,1,6010.32442575
20204,1123002899,4,4,0,0,2,0,0,1,1,0,2,0,0,1,1,0,0,0,0,0,0,3200.76256493
20204,1123002900,25,18,7,0,0,6,9,7,3,0,0,5,5,6,2,0,0,1,4,1,1,13063.948137
20204,1123002901,13,9,4,0,1,0,1,5,6,0,0,0,0,5,4,0,1,0,1,0,2,3447.72831246
20204,1123002903,2,2,0,0,0,0,1,1,0,0,0,0,1,1,0,0,0,0,0,0,0,4492.04775526
20204,1123002905,10,9,1,0,5,2,0,0,3,0,4,2,0,0,3,0,1,0,0,0,0,5201.55250318
20204,1123002906,2,1,1,0,0,0,0,0,2,0,0,0,0,0,1,0,0,0,0,0,1,1563.78613036
20204,1123002907,5,2,3,0,0,0,2,1,2,0,0,0,1,0,1,0,0,0,1,1,1,4459.29513123
20204,1123002908,5,0,5,0,0,1,2,2,0,0,0,0,0,0,0,0,0,1,2,2,0,1661.85417865
20204,1123002911,6,0,6,0,0,0,4,1,1,0,0,0,0,0,0,0,0,0,4,1,1,3750.41693968
20204,1123002914,6,2,4,0,1,1,1,2,1,0,0,0,1,1,0,0,1,1,0,1,1,4604.29294001
20204,1123002915,13,5,8,0,1,2,4,1,5,0,0,2,2,0,1,0,1,0,2,1,4,4925.59184714
20204,1123002916,4,1,3,0,0,0,2,2,0,0,0,0,0,1,0,0,0,0,2,1,0,4142.42363309
20204,1123002917,4,3,1,0,0,1,0,2,1,0,0,1,0,1,1,0,0,0,0,1,0,603.027519223
20204,1123002918,9,0,9,0,3,3,1,0,2,0,0,0,0,0,0,0,3,3,1,0,2,1004.19322794
20204,1123002919,91,14,77,0,6,25,33,22,5,0,1,4,4,1,4,0,5,21,29,21,1,17689.5856703
20204,1123002920,5,4,1,0,0,0,0,2,3,0,0,0,0,2,2,0,0,0,0,0,1,2780.02974491
20204,1123002923,6,2,4,0,1,0,2,2,1,0,0,0,0,2,0,0,1,0,2,0,1,4296.91466037
20204,1123002924,15,6,9,0,2,8,2,0,3,0,0,4,1,0,1,0,2,4,1,0,2,3736.83245655
20204,1123002925,5,1,4,0,1,1,1,1,1,0,1,0,0,0,0,0,0,1,1,1,1,2422.05723758
20204,1123002926,22,9,13,0,4,6,4,3,5,0,4,1,1,1,2,0,0,5,3,2,3,1926.12998818
20204,1123002928,7,3,4,0,3,2,1,1,0,0,0,1,1,1,0,0,3,1,0,0,0,5427.73148192
20204,1123002929,17,11,6,0,0,6,5,2,4,0,0,4,5,1,1,0,0,2,0,1,3,6990.87268715
20204,1123002931,3,2,1,0,0,1,1,1,0,0,0,0,1,1,0,0,0,1,0,0,0,2471.75163454
20204,1123002937,52,42,10,0,1,9,20,11,11,0,1,7,16,8,10,0,0,2,4,3,1,34094.480476
20204,1123002938,15,6,9,0,8,2,5,0,0,0,1,1,4,0,0,0,7,1,1,0,0,68381.0030704
20204,1123002941,8,7,1,0,0,1,2,2,3,0,0,1,2,2,2,0,0,0,0,0,1,2186.89832288
20204,1123002942,16,9,7,1,1,5,2,3,4,0,0,3,1,2,3,1,1,2,1,1,1,8655.7840371
20204,1123002943,34,17,17,0,5,9,9,5,6,0,3,5,3,3,3,0,2,4,6,2,3,11806.3933984
20204,1123002946,1,1,0,0,1,0,0,0,0,0,1,0,0,0,0,0,0,0,0,0,0,2280.66381413
20204,1123002949,7,6,1,0,0,0,2,5,0,0,0,0,2,4,0,0,0,0,0,1,0,1173.42272159
20204,1123002951,15,9,6,0,1,1,4,3,6,0,1,1,3,0,4,0,0,0,1,3,2,3091.96541572
20204,1123002952,3,2,1,0,0,1,1,0,1,0,0,1,1,0,0,0,0,0,0,0,1,3942.64469453
20204,1123002953,5,3,2,1,1,0,1,1,1,1,0,0,1,1,0,0,1,0,0,0,1,4089.65904967
20204,1123002954,20,9,11,0,6,8,2,1,3,0,1,4,1,0,3,0,5,4,1,1,0,5493.46665185
20204,1123002956,4,4,0,0,0,0,0,1,3,0,0,0,0,1,3,0,0,0,0,0,0,22550.5034436
20204,1123002959,7,6,1,0,0,0,3,2,2,0,0,0,3,1,2,0,0,0,0,1,0,1461.94013885
20204,1123002960,3,1,2,0,0,1,1,1,0,0,0,0,0,1,0,0,0,1,1,0,0,2876.59289452
20204,1123002964,20,17,3,0,0,3,2,6,9,0,0,2,2,4,9,0,0,1,0,2,0,10333.6074492
20204,1123002965,2,1,1,0,0,1,0,0,1,0,0,0,0,0,1,0,0,1,0,0,0,1421.04892608
20204,1123002966,27,15,12,0,6,2,4,6,9,0,2,2,2,2,7,0,4,0,2,4,2,3956.03477432
20204,1123002967,84,54,30,0,14,8,28,25,9,0,8,6,15,17,8,0,6,2,13,8,1,13051.1044731
20204,1123002968,2,1,1,0,0,0,0,1,1,0,0,0,0,0,1,0,0,0,0,1,0,6251.95843482
20204,1123002974,319,252,67,0,20,58,110,115,16,0,10,50,85,96,11,0,10,8,25,19,5,4514.14451559
20204,1123002982,2,2,0,0,0,0,1,0,1,0,0,0,1,0,1,0,0,0,0,0,0,5860.91184551
20204,1123002985,230,126,104,0,26,57,60,49,38,0,11,36,41,30,8,0,15,21,19,19,30,1232.6863747
20204,1123002986,5,4,1,0,0,0,2,1,2,0,0,0,2,0,2,0,0,0,0,1,0,7121.21524291
20204,1123002990,47,33,14,0,7,4,12,14,10,0,5,4,6,9,9,0,2,0,6,5,1,12047.0287981
20204,1123002991,37,23,14,0,3,5,7,8,14,0,2,2,3,4,12,0,1,3,4,4,2,5781.13744145
20204,1123002993,4,4,0,0,0,0,2,0,2,0,0,0,2,0,2,0,0,0,0,0,0,6875.16128071
20204,1123002995,5,1,4,0,2,2,1,0,0,0,0,0,1,0,0,0,2,2,0,0,0,1339.17571596
20204,1123002996,92,27,65,0,10,15,14,5,48,0,3,6,3,2,13,0,7,9,11,3,35,7871.0655319
20204,1123002998,3,0,3,0,2,0,0,1,0,0,0,0,0,0,0,0,2,0,0,1,0,2231.43201635
20204,1123002999,2,2,0,0,0,0,1,1,0,0,0,0,1,1,0,0,0,0,0,0,0,1162.60106867
20204,1123003009,35,17,18,1,3,9,14,7,1,0,2,1,8,5,1,1,1,8,6,2,0,5556.41635339
20204,1123003012,8,5,3,0,1,2,2,2,1,0,0,0,2,2,1,0,1,2,0,0,0,1218.34512365
20204,1123003014,3,2,1,0,0,2,0,0,1,0,0,1,0,0,1,0,0,1,0,0,0,1182.30404241
20204,1123003018,12,11,1,0,0,2,1,5,4,0,0,2,0,5,4,0,0,0,1,0,0,8835.50062464
20204,1123003020,14,8,6,0,3,3,4,3,1,0,3,2,2,1,0,0,0,1,2,2,1,7216.11136233
20204,1123003022,2,1,1,0,0,0,2,0,0,0,0,0,1,0,0,0,0,0,1,0,0,1677.00612323
20204,1123003023,39,7,32,0,5,11,9,9,5,0,1,0,2,2,2,0,4,11,7,7,3,2959.45200321
20204,1123003024,17,2,15,0,0,5,5,4,3,0,0,0,0,0,2,0,0,5,5,4,1,1400.23542553
20204,1123003025,4,3,1,0,0,2,1,1,0,0,0,1,1,1,0,0,0,1,0,0,0,3303.94673515
20204,1123003029,5,4,1,0,0,0,0,5,0,0,0,0,0,4,0,0,0,0,0,1,0,4524.61911672
20204,1123003032,115,63,52,2,22,34,19,28,10,0,2,14,13,25,9,2,20,20,6,3,1,12058.3743236
20204,1123003034,5,1,4,0,0,0,1,4,0,0,0,0,0,1,0,0,0,0,1,3,0,2565.69065106
20204,1123003037,2,1,1,0,0,0,0,1,1,0,0,0,0,1,0,0,0,0,0,0,1,3638.95708217
20204,1123003038,9,4,5,0,0,1,1,3,4,0,0,1,0,2,1,0,0,0,1,1,3,3698.24780991
20204,1123003044,3,3,0,0,0,1,2,0,0,0,0,1,2,0,0,0,0,0,0,0,0,3574.12178366
20204,1123003046,3,2,1,0,0,0,1,1,1,0,0,0,1,0,1,0,0,0,0,1,0,3867.1605798
20204,1123003052,31,7,24,0,3,0,1,7,20,0,1,0,1,2,3,0,2,0,0,5,17,3927.52294582
20204,1123003057,10,6,4,0,1,0,2,3,4,0,1,0,1,1,3,0,0,0,1,2,1,3167.75738429
20204,1123003059,5,4,1,0,0,2,0,1,2,0,0,2,0,0,2,0,0,0,0,1,0,1313.90936941
20204,1123003060,16,12,4,0,1,1,4,8,2,0,0,1,3,6,2,0,1,0,1,2,0,3224.03133839
20204,1123003061,2,2,0,0,0,0,2,0,0,0,0,0,2,0,0,0,0,0,0,0,0,3218.04294109
20204,1123003063,13,6,7,0,5,2,2,1,3,0,1,1,1,1,2,0,4,1,1,0,1,9640.84880546
20204,1123003065,3,2,1,0,0,2,0,0,1,0,0,1,0,0,1,0,0,1,0,0,0,3022.13577466
20204,1123003066,17,3,14,0,0,7,3,6,1,0,0,1,0,2,0,0,0,6,3,4,1,1166.57534
20204,1123003067,18,1,17,0,3,5,3,4,3,0,0,0,0,0,1,0,3,5,3,4,2,1538.43611938
20204,1123003068,7,7,0,0,0,0,2,4,1,0,0,0,2,4,1,0,0,0,0,0,0,4541.00568846
20204,1123003069,3,2,1,0,1,0,0,2,0,0,0,0,0,2,0,0,1,0,0,0,0,1889.17113346
20204,1123003070,16,8,8,0,0,1,2,2,11,0,0,1,1,1,5,0,0,0,1,1,6,11129.0370473
20204,1123003078,2,2,0,0,0,0,1,1,0,0,0,0,1,1,0,0,0,0,0,0,0,1068.36855711
20204,1123003082,105,41,64,0,8,31,37,23,6,0,2,8,12,15,4,0,6,23,25,8,2,2342.93071185
20204,1123003094,186,107,79,0,22,45,48,46,25,0,10,21,23,29,24,0,12,24,25,17,1,5618.47306291
20204,1123003100,18,2,16,0,5,4,6,1,2,0,0,0,0,1,1,0,5,4,6,0,1,7604.23128972
20204,1123003105,39,18,21,0,9,10,9,9,2,0,3,3,5,5,2,0,6,7,4,4,0,3015.93063789
20204,1123003107,678,421,257,5,58,126,204,175,110,3,26,61,117,113,101,2,32,65,87,62,9,4626.95567548
20204,1123003118,4,3,1,0,0,0,2,2,0,0,0,0,2,1,0,0,0,0,0,1,0,4249.76234106
20204,1123003119,50,39,11,0,3,20,18,1,8,0,2,17,11,1,8,0,1,3,7,0,0,12868.6711485
20204,1123003120,25,15,10,0,1,2,7,13,2,0,1,2,6,6,0,0,0,0,1,7,2,11398.4598182
20204,1123003122,10,1,9,0,3,2,1,2,2,0,0,0,0,0,1,0,3,2,1,2,1,3272.18602586
20204,1123003124,185,82,103,0,26,43,43,59,14,0,13,15,9,35,10,0,13,28,34,24,4,19358.6191889
20204,1123003128,9,3,6,0,2,5,0,1,1,0,0,2,0,0,1,0,2,3,0,1,0,12928.1814159
20204,1123003129,22,17,5,0,2,5,8,6,1,0,2,3,7,4,1,0,0,2,1,2,0,4091.84871842
20204,1123003130,4,3,1,0,0,0,1,1,2,0,0,0,1,1,1,0,0,0,0,0,1,1471.64044485
20204,1123003131,4,2,2,0,0,0,1,2,1,0,0,0,0,1,1,0,0,0,1,1,0,3349.4808711
20204,1123003136,2,1,1,0,0,1,1,0,0,0,0,0,1,0,0,0,0,1,0,0,0,884.504306945
20204,1123003137,314,221,93,0,24,118,122,50,0,0,13,77,91,40,0,0,11,41,31,10,0,27614.2424638
20204,1123003138,18,7,11,0,0,0,6,9,3,0,0,0,3,2,2,0,0,0,3,7,1,8513.5283851
20204,1123003139,34,11,23,0,4,11,5,14,0,0,0,2,2,7,0,0,4,9,3,7,0,15038.7415062
20204,1123003144,5,3,2,0,0,0,0,3,2,0,0,0,0,1,2,0,0,0,0,2,0,1993.21277869
20204,1123003146,19,16,3,0,5,2,1,7,4,0,5,2,0,5,4,0,0,0,1,2,0,2252.1967799
20204,1123003147,67,10,57,0,8,15,18,22,4,0,1,2,0,3,4,0,7,13,18,19,0,17303.1775195
20204,1123003148,2,1,1,0,0,0,2,0,0,0,0,0,1,0,0,0,0,0,1,0,0,3128.59616429
20204,1123003150,297,225,72,1,6,12,9,21,248,1,2,7,1,12,202,0,4,5,8,9,46,5558.46557363
20204,1123003151,2,2,0,0,1,1,0,0,0,0,1,1,0,0,0,0,0,0,0,0,0,1743.12974971
20204,1123003153,19,3,16,0,0,6,4,7,2,0,0,1,1,0,1,0,0,5,3,7,1,2316.69666325
20204,1123003154,3,3,0,0,0,0,2,1,0,0,0,0,2,1,0,0,0,0,0,0,0,6281.24073051
20204,1123003155,20,11,9,0,1,0,3,11,5,0,1,0,2,4,4,0,0,0,1,7,1,3363.2077305
20204,1123003156,1,1,0,0,0,0,1,0,0,0,0,0,1,0,0,0,0,0,0,0,0,1373.31387675
20204,1123003158,18,16,2,0,0,3,5,4,6,0,0,3,4,4,5,0,0,0,1,0,1,8970.64619539
20204,1123003159,63,51,12,0,7,17,23,13,3,0,4,13,19,12,3,0,3,4,4,1,0,5480.83401
20204,1123003161,1,1,0,0,0,0,0,1,0,0,0,0,0,1,0,0,0,0,0,0,0,23579.4917903
20204,1123003166,3,1,2,0,0,1,0,1,1,0,0,0,0,0,1,0,0,1,0,1,0,3247.92058127
20204,1123003171,53,15,38,0,6,15,14,17,1,0,1,3,4,7,0,0,5,12,10,10,1,13633.9854419
20204,1123003175,8,7,1,0,0,1,2,2,3,0,0,1,2,2,2,0,0,0,0,0,1,9316.32131498
20204,1123003181,6,5,1,0,0,2,0,3,1,0,0,2,0,2,1,0,0,0,0,1,0,3407.7166487
20204,1123003182,3,2,1,0,0,1,1,1,0,0,0,0,1,1,0,0,0,1,0,0,0,2931.7594135
20204,1123003184,2,0,2,0,0,0,1,0,1,0,0,0,0,0,0,0,0,0,1,0,1,1837.34800783
20204,1123003186,55,37,18,0,3,14,19,19,0,0,1,7,11,18,0,0,2,7,8,1,0,1775.20415458
20204,1123003187,4,3,1,0,0,1,1,2,0,0,0,1,0,2,0,0,0,0,1,0,0,2689.88167951
20204,1123003192,4,4,0,0,0,0,1,3,0,0,0,0,1,3,0,0,0,0,0,0,0,3395.39822332
20204,1123003194,5,4,1,0,1,0,3,1,0,0,1,0,2,1,0,0,0,0,1,0,0,3940.78552013
20204,1123003195,7,4,3,0,0,0,1,5,1,0,0,0,1,3,0,0,0,0,0,2,1,2096.1240028
20204,1123003198,1,1,0,0,0,0,0,0,1,0,0,0,0,0,1,0,0,0,0,0,0,1773.35958788
20204,1123003199,13,8,5,0,1,5,3,3,1,0,1,2,1,3,1,0,0,3,2,0,0,11968.2079724
20204,1123003200,5,2,3,0,0,0,2,0,3,0,0,0,0,0,2,0,0,0,2,0,1,3125.45551703
20204,1123003201,126,50,76,0,22,34,37,19,14,0,2,11,15,10,12,0,20,23,22,9,2,3733.1613408
20204,1123003202,6,5,1,0,0,2,3,1,0,0,0,2,2,1,0,0,0,0,1,0,0,11987.7122254
20204,1123003204,4,4,0,0,0,0,1,1,2,0,0,0,1,1,2,0,0,0,0,0,0,3210.21328573
20204,1123003208,3,2,1,0,0,2,0,0,1,0,0,1,0,0,1,0,0,1,0,0,0,3851.541978
20204,1123003210,1,0,1,0,0,0,1,0,0,0,0,0,0,0,0,0,0,0,1,0,0,4020.53359944
20204,1123003211,62,45,17,0,12,16,17,12,5,0,8,13,12,8,4,0,4,3,5,4,1,8274.21403272
20204,1123003213,15,0,15,0,2,4,4,5,0,0,0,0,0,0,0,0,2,4,4,5,0,5956.24610527
20204,1123003214,7,0,7,0,0,0,4,2,1,0,0,0,0,0,0,0,0,0,4,2,1,1257.14468851
20204,1123003216,6,6,0,0,0,0,2,4,0,0,0,0,2,4,0,0,0,0,0,0,0,2667.28280985
20204,1123003217,6,2,4,1,0,2,2,1,0,0,0,1,0,1,0,1,0,1,2,0,0,3329.87581324
20204,1123003221,4,2,2,0,0,1,3,0,0,0,0,1,1,0,0,0,0,0,2,0,0,2101.70309045
20204,1123003222,7,2,5,0,0,1,4,1,1,0,0,1,0,1,0,0,0,0,4,0,1,2742.40524015
20204,1123003223,2,2,0,0,2,0,0,0,0,0,2,0,0,0,0,0,0,0,0,0,0,610.98000847
20204,1123003225,28,11,17,0,3,4,9,2,10,0,0,0,2,1,8,0,3,4,7,1,2,10602.3289047
20204,1123003227,5,3,2,0,0,1,1,1,2,0,0,0,0,1,2,0,0,1,1,0,0,3652.08823396
20204,1123003228,1,0,1,0,0,1,0,0,0,0,0,0,0,0,0,0,0,1,0,0,0,2456.07411552
20204,1123003230,163,52,111,0,15,17,34,42,55,0,7,8,17,11,9,0,8,9,17,31,46,141007.569639
20204,1123003231,1499,630,869,0,323,352,359,382,83,0,64,161,193,169,43,0,259,191,166,213,40,4303.94168553
20204,1123003242,4,2,2,0,0,0,0,1,3,0,0,0,0,1,1,0,0,0,0,0,2,6594.92086151
20204,1123003243,15,12,3,0,1,5,5,3,1,0,1,5,3,2,1,0,0,0,2,1,0,4674.05976834
20204,1123003244,5,3,2,0,1,0,0,2,2,0,0,0,0,1,2,0,1,0,0,1,0,2617.4533702
20204,1123003245,38,8,30,0,2,7,16,11,2,0,0,1,3,3,1,0,2,6,13,8,1,3968.17004883
20204,1129000001,19,1,18,0,4,6,4,3,2,0,0,0,0,0,1,0,4,6,4,3,1,3003.00535396
20204,1129000003,63,37,26,0,4,17,18,16,8,0,0,10,7,13,7,0,4,7,11,3,1,2810.55308507
20204,1129000008,88,19,69,0,36,24,10,8,10,0,2,5,3,2,7,0,34,19,7,6,3,7946.14242889
20204,1129000013,4,1,3,0,1,0,2,1,0,0,0,0,0,1,0,0,1,0,2,0,0,2883.14216599
20204,1129000016,2,0,2,0,0,0,1,0,1,0,0,0,0,0,0,0,0,0,1,0,1,1720.46424123
20204,1129000026,19,2,17,0,5,5,4,3,2,0,0,0,0,0,2,0,5,5,4,3,0,677.896615756
20204,1129000031,173,89,84,0,16,45,43,46,23,0,6,26,26,15,16,0,10,19,17,31,7,7682.32234575
20204,1129000032,8,4,4,0,0,2,1,2,3,0,0,2,0,0,2,0,0,0,1,2,1,3930.49844048
20204,1129000039,6,4,2,0,0,1,2,0,3,0,0,0,1,0,3,0,0,1,1,0,0,2677.49029149
20204,1129000042,5,0,5,0,0,0,2,0,3,0,0,0,0,0,0,0,0,0,2,0,3,17067.9713324
20204,1129000047,4,1,3,0,0,0,3,1,0,0,0,0,0,1,0,0,0,0,3,0,0,10290.4625534
20204,1129000049,42,9,33,0,12,7,11,8,4,0,0,0,5,2,2,0,12,7,6,6,2,8054.58226851
20204,1129000051,89,52,37,0,16,21,30,15,7,0,7,15,17,8,5,0,9,6,13,7,2,3961.21404433
20204,1129000062,218,74,144,1,29,62,65,38,23,0,13,20,16,14,11,1,16,42,49,24,12,2211.8899486
20204,1129000063,1,0,1,0,0,1,0,0,0,0,0,0,0,0,0,0,0,1,0,0,0,1984.38510667
20204,1129000070,358,154,204,0,45,52,105,117,39,0,22,25,42,40,25,0,23,27,63,77,14,27762.0060369
20204,1129000078,26,24,2,0,0,4,15,6,1,0,0,4,14,5,1,0,0,0,1,1,0,2532.94933053
20204,1129000086,104,47,57,0,28,16,25,17,18,0,10,7,10,7,13,0,18,9,15,10,5,2544.84774991
20204,1129000099,7,0,7,0,0,0,0,5,2,0,0,0,0,0,0,0,0,0,0,5,2,4588.45491458
20204,1129000104,29,12,17,0,0,7,10,5,7,0,0,3,4,2,3,0,0,4,6,3,4,7549.06429063
20204,1129000105,21,13,8,0,0,1,10,6,4,0,0,0,5,4,4,0,0,1,5,2,0,9426.87632765
20204,1129000115,120,68,52,1,33,41,24,16,5,0,16,27,10,10,5,1,17,14,14,6,0,1328.92312917
20204,1129000117,48,33,15,0,4,8,16,14,6,0,3,5,10,10,5,0,1,3,6,4,1,6622.64540695
20204,1129000118,20,3,17,0,1,6,8,4,1,0,0,0,1,1,1,0,1,6,7,3,0,5725.0525603
20204,1129000119,235,179,56,2,12,33,48,57,83,0,3,22,34,42,78,2,9,11,14,15,5,3283.84044582
20204,1129000131,35,9,26,0,10,12,6,4,3,0,0,3,3,2,1,0,10,9,3,2,2,4121.38126759
20204,1129000141,23,3,20,0,3,5,7,6,2,0,0,0,1,1,1,0,3,5,6,5,1,5649.8863137
20204,1129000149,272,135,137,0,32,45,106,66,23,0,12,21,50,42,10,0,20,24,56,24,13,3072.52310862
20204,1129000151,103,15,88,0,13,36,28,24,2,0,0,4,5,4,2,0,13,32,23,20,0,19784.0317989
20204,1129000154,4104,2068,2036,415,1905,1079,431,183,91,176,863,612,254,88,75,239,1042,467,177,95,16,2911.71914429
20204,1129000199,51,10,41,0,2,9,19,11,10,0,0,1,1,1,7,0,2,8,18,10,3,14872.3100721
20204,1129000200,32,29,3,0,0,1,3,8,20,0,0,1,3,5,20,0,0,0,0,3,0,4605.01613628
20204,1129000205,45,14,31,0,12,8,5,15,5,0,4,1,2,4,3,0,8,7,3,11,2,9684.75492897
20204,1129000216,15,9,6,0,1,1,5,4,4,0,0,0,3,3,3,0,1,1,2,1,1,7192.74839825
20204,1129000217,4,3,1,0,1,0,3,0,0,0,1,0,2,0,0,0,0,0,1,0,0,4529.78713502
20204,1129000218,6,3,3,0,0,0,3,2,1,0,0,0,1,2,0,0,0,0,2,0,1,2002.22047374
20204,1129000222,1,0,1,0,0,0,0,1,0,0,0,0,0,0,0,0,0,0,0,1,0,2355.9686265
20204,1129000226,25,18,7,0,0,5,11,4,5,0,0,2,10,2,4,0,0,3,1,2,1,5691.90574767
20204,1129000231,7,3,4,0,1,4,1,1,0,0,1,2,0,0,0,0,0,2,1,1,0,28476.078963
20204,1129000236,7,5,2,0,0,0,2,2,3,0,0,0,1,1,3,0,0,0,1,1,0,3825.23928098
20204,1129000238,18,13,5,0,0,5,2,7,4,0,0,2,2,7,2,0,0,3,0,0,2,10132.1033128
20204,1129000239,28,7,21,0,1,6,8,12,1,0,0,1,1,5,0,0,1,5,7,7,1,1974.53794165
20204,1129000240,19,12,7,0,2,4,4,5,4,0,1,2,2,3,4,0,1,2,2,2,0,5983.87898946
20204,1129000242,25,10,15,0,0,3,8,6,8,0,0,1,1,3,5,0,0,2,7,3,3,5381.7570772
20204,1129000243,10,7,3,1,0,3,6,0,0,0,0,3,4,0,0,1,0,0,2,0,0,5539.74042375
20204,1129000248,59,8,51,0,0,4,16,28,11,0,0,0,1,3,4,0,0,4,15,25,7,3053.45355792
20204,1129000249,93,19,74,0,12,17,19,26,19,0,2,5,5,1,6,0,10,12,14,25,13,11260.2036519
20204,1129000250,10,8,2,0,1,6,3,0,0,0,1,5,2,0,0,0,0,1,1,0,0,2917.0277682
20204,1129000252,25,16,9,0,1,9,7,6,2,0,1,6,4,4,1,0,0,3,3,2,1,2494.45260442
20204,1129000253,80,38,42,1,10,20,28,14,7,1,0,9,18,7,3,0,10,11,10,7,4,10863.379154
20204,1129000255,39,29,10,0,8,8,9,10,4,0,8,6,7,5,3,0,0,2,2,5,1,18553.8109315
20204,1129000259,2,1,1,0,0,0,1,1,0,0,0,0,1,0,0,0,0,0,0,1,0,3430.41905732
20204,1129000260,22,9,13,1,7,5,3,3,3,1,4,1,1,1,1,0,3,4,2,2,2,11322.6441677
20204,1129000262,38,10,28,0,11,7,9,9,2,0,5,1,1,2,1,0,6,6,8,7,1,3209.41082252
20204,1129000265,5,1,4,0,0,2,0,2,1,0,0,0,0,1,0,0,0,2,0,1,1,3424.79930994
20204,1129000273,12,7,5,0,1,2,5,3,1,0,1,2,2,2,0,0,0,0,3,1,1,4934.1020933
20204,1129000275,10,0,10,0,2,3,2,2,1,0,0,0,0,0,0,0,2,3,2,2,1,3805.91350446
20204,1129000280,12,7,5,0,1,1,3,3,4,0,1,1,1,1,3,0,0,0,2,2,1,2940.64197682
20204,1129000281,2,1,1,0,0,0,0,1,1,0,0,0,0,0,1,0,0,0,0,1,0,1873.3090004
20204,1129000284,50,25,25,0,3,10,14,14,9,0,2,5,9,6,3,0,1,5,5,8,6,17453.3113364
20204,1129000294,6,1,5,0,0,1,1,2,2,0,0,0,0,1,0,0,0,1,1,1,2,2356.93864494
20204,1129000303,5,3,2,0,0,0,2,3,0,0,0,0,1,2,0,0,0,0,1,1,0,5690.15376419
20204,1129000318,17,7,10,0,2,1,1,7,6,0,2,1,1,1,2,0,0,0,0,6,4,3832.52510983
20204,1129000321,23,12,11,0,3,3,7,5,5,0,1,2,3,3,3,0,2,1,4,2,2,18802.7956365
20204,1129000322,2,1,1,0,0,0,2,0,0,0,0,0,1,0,0,0,0,0,1,0,0,1228.72102
20204,1129000330,75,13,62,0,10,20,23,16,6,0,0,5,3,1,4,0,10,15,20,15,2,10218.1411501
20204,1129000335,92,60,32,0,3,16,25,21,27,0,2,9,12,13,24,0,1,7,13,8,3,6807.09646108
20204,1129000337,2,1,1,0,0,0,1,1,0,0,0,0,1,0,0,0,0,0,0,1,0,2139.15375133
20204,1129000341,50,14,36,0,4,14,15,17,0,0,0,2,8,4,0,0,4,12,7,13,0,22886.0896876
20204,1129000342,29,6,23,1,6,6,9,5,2,0,1,1,3,0,1,1,5,5,6,5,1,6058.26392649
20204,1129000343,3,0,3,0,0,0,0,2,1,0,0,0,0,0,0,0,0,0,0,2,1,66423.1669351
20204,1129000346,4,2,2,0,0,0,2,1,1,0,0,0,1,0,1,0,0,0,1,1,0,1669.7726758
20204,1129000350,2,1,1,0,0,0,0,1,1,0,0,0,0,0,1,0,0,0,0,1,0,2010.27400729
20204,1129000352,364,228,136,0,69,87,80,74,54,0,21,59,47,52,49,0,48,28,33,22,5,5464.41808822
20204,1129000354,1,1,0,0,0,0,0,1,0,0,0,0,0,1,0,0,0,0,0,0,0,1341.11667629
20204,1129000355,26,18,8,0,6,5,8,2,5,0,4,2,5,2,5,0,2,3,3,0,0,7105.56749095
20204,1129000360,4,0,4,0,0,1,2,1,0,0,0,0,0,0,0,0,0,1,2,1,0,7460.8954622
20204,1129000370,6,2,4,0,1,3,1,1,0,0,0,1,0,1,0,0,1,2,1,0,0,6500.29653181
20204,1129000387,7,3,4,0,0,0,2,5,0,0,0,0,1,2,0,0,0,0,1,3,0,876.585080906
20204,1129000393,23,14,9,0,7,6,4,5,1,0,4,4,2,3,1,0,3,2,2,2,0,6937.07027254
20204,1129000399,90,18,72,0,10,27,25,23,5,0,1,5,5,3,4,0,9,22,20,20,1,8017.20566594
20204,1129000404,8,7,1,0,0,4,0,3,1,0,0,3,0,3,1,0,0,1,0,0,0,4420.05960458
20204,1129000407,1103,298,805,8,497,361,132,79,26,0,75,125,37,39,22,8,422,236,95,40,4,5834.86487691
20204,1129000415,1,0,1,0,0,0,0,1,0,0,0,0,0,0,0,0,0,0,0,1,0,2012.5937853
20204,1129000417,14,3,11,0,1,2,7,4,0,0,0,1,1,1,0,0,1,1,6,3,0,8582.69223261
20204,1129000424,425,378,47,0,63,153,148,58,3,0,54,135,131,56,2,0,9,18,17,2,1,2187.70909293
20204,1129000438,10940,6783,4157,44,1682,2620,3536,1917,1141,13,807,1596,2417,1469,481,31,875,1024,1119,448,660,5266.54340769
20204,1129000448,95,43,52,0,13,39,21,14,8,0,3,21,4,9,6,0,10,18,17,5,2,3699.66282137
20204,1129000462,7,5,2,0,1,0,0,4,2,0,1,0,0,2,2,0,0,0,0,2,0,689.729106096
20204,1129000470,294,123,171,0,69,72,68,50,35,0,15,30,36,20,22,0,54,42,32,30,13,1437.52877038
20204,1129000482,49,40,9,0,3,9,9,14,14,0,3,6,7,12,12,0,0,3,2,2,2,3268.92247078
20204,1129000484,1,0,1,0,0,1,0,0,0,0,0,0,0,0,0,0,0,1,0,0,0,1194.0456133
20204,1129000486,1,1,0,0,0,0,0,0,1,0,0,0,0,0,1,0,0,0,0,0,0,3854.01878954
20204,1129000500,4,1,3,0,0,1,2,0,1,0,0,0,1,0,0,0,0,1,1,0,1,2258.24613742
20204,1129000514,15,11,4,0,0,2,4,3,6,0,0,1,2,2,6,0,0,1,2,1,0,5772.87533006
20204,1129000517,101,10,91,0,18,27,28,18,10,0,1,3,0,2,4,0,17,24,28,16,6,11352.5183472
20204,1129000518,7,5,2,0,1,2,2,1,1,0,1,1,1,1,1,0,0,1,1,0,0,2724.82460008
20204,1129000522,2,2,0,0,0,1,0,1,0,0,0,1,0,1,0,0,0,0,0,0,0,2964.98986681
20204,1129000532,192,57,135,0,12,36,46,61,37,0,1,12,11,17,16,0,11,24,35,44,21,4846.91070091
20204,1129000538,18,9,9,0,7,3,5,0,3,0,2,1,4,0,2,0,5,2,1,0,1,1874.16530021
20204,1129000540,20,11,9,0,5,1,8,6,0,0,4,0,3,4,0,0,1,1,5,2,0,3323.50657324
20204,1129000541,3,1,2,0,0,0,1,0,2,0,0,0,0,0,1,0,0,0,1,0,1,1485.44957098
20204,1129000543,18,6,12,0,1,2,2,3,10,0,1,2,1,0,2,0,0,0,1,3,8,1192.47309019
20204,1129000546,3,3,0,0,0,0,2,1,0,0,0,0,2,1,0,0,0,0,0,0,0,1322.72303375
20204,1129000548,4,3,1,0,1,3,0,0,0,0,1,2,0,0,0,0,0,1,0,0,0,1589.5683156
20204,1129000552,2,2,0,0,0,1,1,0,0,0,0,1,1,0,0,0,0,0,0,0,0,1015.37985709
20204,1129000556,3,1,2,0,0,1,0,0,2,0,0,0,0,0,1,0,0,1,0,0,1,4026.61390601
20204,1129000565,71,53,18,0,5,21,28,11,6,0,2,18,21,8,4,0,3,3,7,3,2,6219.92172054
20204,1129000568,56,7,49,0,2,4,9,31,10,0,1,2,1,1,2,0,1,2,8,30,8,10578.8997692
20204,1129000569,14,9,5,0,0,3,6,4,1,0,0,1,4,4,0,0,0,2,2,0,1,4116.63364968
20204,1129000570,4,2,2,0,0,0,0,2,2,0,0,0,0,1,1,0,0,0,0,1,1,2954.14405097
20204,1129000572,32,11,21,6,8,7,3,1,7,0,2,2,1,1,5,6,6,5,2,0,2,5876.21166167
20204,1129000573,2,2,0,0,0,0,1,0,1,0,0,0,1,0,1,0,0,0,0,0,0,3795.13387217
20204,1129000574,3,2,1,0,0,1,1,0,1,0,0,1,0,0,1,0,0,0,1,0,0,1854.58815205
20204,1129000577,145,53,92,0,15,45,46,30,9,0,3,12,15,17,6,0,12,33,31,13,3,5099.32249693
20204,1129000580,2,1,1,0,1,1,0,0,0,0,0,1,0,0,0,0,1,0,0,0,0,5278.8403183
20204,1129000581,5,4,1,0,2,1,2,0,0,0,2,1,1,0,0,0,0,0,1,0,0,728.809803529
20204,1129000582,5,5,0,0,0,0,0,1,4,0,0,0,0,1,4,0,0,0,0,0,0,4293.84573068
20204,1129000585,1,1,0,0,0,0,0,0,1,0,0,0,0,0,1,0,0,0,0,0,0,1119.84348948
20204,1129000586,4,3,1,0,0,0,3,1,0,0,0,0,2,1,0,0,0,0,1,0,0,676.027180238
20204,1129000588,10,5,5,0,0,6,0,2,2,0,0,3,0,1,1,0,0,3,0,1,1,745.10447959
20204,1129000590,15,8,7,0,3,4,7,1,0,0,0,2,5,1,0,0,3,2,2,0,0,5246.14530073
20204,1129000591,160,52,108,0,18,35,20,50,37,0,4,11,2,19,16,0,14,24,18,31,21,6663.82873504
20204,1129000592,14,6,8,0,1,2,1,3,7,0,0,1,1,1,3,0,1,1,0,2,4,3894.73715712
20204,1129000593,9,1,8,0,1,2,3,2,1,0,0,0,0,0,1,0,1,2,3,2,0,2662.32106892
20204,1129000595,30,20,10,1,9,10,4,5,1,0,5,7,4,3,1,1,4,3,0,2,0,5676.7046914
20204,1129000596,5,1,4,0,3,1,1,0,0,0,0,0,1,0,0,0,3,1,0,0,0,1686.97972103
20204,1129000597,16,15,1,0,0,1,5,8,2,0,0,1,4,8,2,0,0,0,1,0,0,7609.66171191
20204,1129000598,9,4,5,0,6,1,0,1,1,0,3,0,0,1,0,0,3,1,0,0,1,938.028927433
20204,1129000600,4,1,3,0,1,0,0,1,2,0,0,0,0,0,1,0,1,0,0,1,1,1907.89325531
20204,1129000601,6,6,0,0,0,2,2,2,0,0,0,2,2,2,0,0,0,0,0,0,0,4871.77079929
20204,1129000602,8,5,3,0,0,0,1,4,3,0,0,0,0,2,3,0,0,0,1,2,0,4921.87835847
20204,1129000603,12,5,7,0,0,5,3,2,2,0,0,1,2,1,1,0,0,4,1,1,1,5263.74067975
20204,1129000604,54,49,5,3,23,13,10,4,1,3,21,12,9,3,1,0,2,1,1,1,0,2010.8517074
20204,1129000605,47,12,35,0,20,11,9,3,4,0,0,1,6,1,4,0,20,10,3,2,0,4003.49988732
20204,1129000607,51,8,43,0,21,16,4,6,4,0,0,3,1,1,3,0,21,13,3,5,1,68994.1344654
20204,1129000608,11,3,8,0,1,2,2,3,3,0,0,0,0,1,2,0,1,2,2,2,1,3124.22075666
20204,1129000609,4,1,3,0,0,1,0,0,3,0,0,0,0,0,1,0,0,1,0,0,2,1166.11048829
20204,1129000610,13,2,11,0,4,2,4,2,1,0,0,0,1,1,0,0,4,2,3,1,1,4836.51376301
20204,1129000611,4,3,1,0,1,1,0,0,2,0,1,1,0,0,1,0,0,0,0,0,1,3119.89985555
20204,1129000612,59,29,30,8,1,9,17,17,7,8,1,4,2,8,6,0,0,5,15,9,1,6324.36993047
20204,1129000613,1,1,0,0,0,0,0,0,1,0,0,0,0,0,1,0,0,0,0,0,0,3121.35319166
20204,1129000614,1,1,0,0,0,0,0,0,1,0,0,0,0,0,1,0,0,0,0,0,0,16336.6769814
20204,1129000617,15,11,4,0,1,2,7,5,0,0,1,1,4,5,0,0,0,1,3,0,0,6965.76464849
20204,1129000618,6,5,1,0,0,2,4,0,0,0,0,2,3,0,0,0,0,0,1,0,0,1358.76041947
20204,1129000619,3,2,1,0,0,0,1,1,1,0,0,0,0,1,1,0,0,0,1,0,0,9165.84179353
20204,1129000620,8,6,2,0,0,1,1,5,1,0,0,1,1,4,0,0,0,0,0,1,1,5582.26139068
20204,1129000623,23,16,7,1,2,4,9,2,5,1,1,3,8,2,1,0,1,1,1,0,4,6312.11690292
20204,1129000624,1,1,0,0,0,0,0,0,1,0,0,0,0,0,1,0,0,0,0,0,0,4073.47087871
20204,1129000625,100,21,79,0,18,30,29,17,6,0,5,3,4,4,5,0,13,27,25,13,1,22975.5460365
20204,1129000626,14,10,4,0,0,4,3,3,4,0,0,2,1,3,4,0,0,2,2,0,0,2776.82359155
20204,1129000628,2,2,0,0,0,1,0,0,1,0,0,1,0,0,1,0,0,0,0,0,0,1896.74297675
20204,1129000629,13,3,10,0,2,5,5,1,0,0,0,0,3,0,0,0,2,5,2,1,0,4551.06674819
20204,1129000631,2,1,1,0,1,0,0,0,1,0,1,0,0,0,0,0,0,0,0,0,1,1112.3063394
20204,1129000632,21,16,5,0,2,3,5,8,3,0,1,2,3,7,3,0,1,1,2,1,0,6503.32882222
20204,1129000633,3,3,0,0,0,0,0,3,0,0,0,0,0,3,0,0,0,0,0,0,0,1283.48139986
20204,1129000634,4,4,0,0,0,0,2,1,1,0,0,0,2,1,1,0,0,0,0,0,0,2672.64788193
20204,1129000636,78,58,20,0,6,20,19,28,5,0,1,12,15,26,4,0,5,8,4,2,1,4855.63914073
20204,1129000639,2,0,2,0,0,0,1,0,1,0,0,0,0,0,0,0,0,0,1,0,1,3292.56368116
20204,1129000640,89,25,64,1,8,30,20,26,4,0,1,8,5,8,3,1,7,22,15,18,1,4755.49564657
20204,1129000643,5,2,3,0,1,1,2,0,1,0,1,0,1,0,0,0,0,1,1,0,1,808.10269634
20204,1129000645,4,4,0,0,0,0,2,1,1,0,0,0,2,1,1,0,0,0,0,0,0,940.508483314
20204,1129000646,5,1,4,0,1,1,0,1,2,0,0,0,0,0,1,0,1,1,0,1,1,4479.38114258
20204,1129000647,17,5,12,0,8,6,1,0,2,0,1,2,1,0,1,0,7,4,0,0,1,1143.15161662
20204,1129000648,9,7,2,0,0,4,4,0,1,0,0,3,3,0,1,0,0,1,1,0,0,4866.52521645
20204,1129000655,4,2,2,0,2,0,1,1,0,0,0,0,1,1,0,0,2,0,0,0,0,4900.26869254
20204,1129000659,3,1,2,0,0,0,2,0,1,0,0,0,1,0,0,0,0,0,1,0,1,4392.09165753
20204,1129000661,2,2,0,0,0,0,0,1,1,0,0,0,0,1,1,0,0,0,0,0,0,2164.75701438
20204,1129000662,28,17,11,0,0,4,5,7,12,0,0,1,3,3,10,0,0,3,2,4,2,6949.62737076
20204,1129000664,18,14,4,0,1,4,3,4,6,0,0,2,2,4,6,0,1,2,1,0,0,2356.89097495
20204,1129000665,130,116,14,0,0,5,21,41,63,0,0,3,18,33,62,0,0,2,3,8,1,7379.49035939
20204,1129000669,34,21,13,1,5,4,6,12,6,0,2,2,1,10,6,1,3,2,5,2,0,1685.18047767
20204,1129000670,2,1,1,0,0,0,2,0,0,0,0,0,1,0,0,0,0,0,1,0,0,1294.96423569
20204,1129000672,11,3,8,0,0,1,0,6,4,0,0,0,0,1,2,0,0,1,0,5,2,5713.46465004
20204,1129000673,9,1,8,0,5,3,1,0,0,0,0,0,1,0,0,0,5,3,0,0,0,2509.59399613
20204,1129000674,8,5,3,0,1,1,0,4,2,0,1,0,0,3,1,0,0,1,0,1,1,3918.578309
20204,1129000679,153,34,119,0,10,19,40,52,32,0,2,6,8,11,7,0,8,13,32,41,25,6096.61899836
20204,1129000680,20,12,8,1,0,6,6,4,3,0,0,3,4,3,2,1,0,3,2,1,1,4333.18084148
20204,1129000681,62,26,36,1,27,10,8,14,2,0,13,4,2,5,2,1,14,6,6,9,0,4869.75500874
20204,1129000683,9,8,1,0,1,1,2,3,2,0,1,1,1,3,2,0,0,0,1,0,0,1752.87978491
20204,1129000684,154,82,72,0,31,34,34,33,22,0,8,20,22,18,14,0,23,14,12,15,8,3738.99523684
20204,1129000685,12,9,3,0,0,3,3,4,2,0,0,2,2,4,1,0,0,1,1,0,1,4592.83741425
20204,1129000690,4,3,1,0,0,0,0,3,1,0,0,0,0,2,1,0,0,0,0,1,0,4005.13853828
20204,1129000692,15,2,13,0,3,2,5,3,2,0,0,0,1,1,0,0,3,2,4,2,2,6129.40076765
20204,1129000695,6,4,2,0,0,1,1,1,3,0,0,1,0,1,2,0,0,0,1,0,1,2472.25712337
20204,1129000696,13,5,8,0,0,2,5,2,4,0,0,0,1,2,2,0,0,2,4,0,2,6057.95367591
20204,1129000697,19,4,15,0,0,0,0,13,6,0,0,0,0,4,0,0,0,0,0,9,6,6087.19119562
20204,1129000698,2,1,1,0,0,0,0,2,0,0,0,0,0,1,0,0,0,0,0,1,0,1985.0563129
20204,1129000700,107,58,49,1,4,12,22,29,39,1,2,8,8,9,30,0,2,4,14,20,9,5151.86605373
20204,1129000701,3,1,2,0,0,1,1,1,0,0,0,0,0,1,0,0,0,1,1,0,0,1456.7712311
20204,1129000702,26,10,16,0,4,7,8,2,5,0,1,4,0,1,4,0,3,3,8,1,1,9990.66616499
20204,1129000703,38,33,5,0,1,4,12,13,8,0,1,3,11,10,8,0,0,1,1,3,0,4548.97385831
20204,1129000706,11,6,5,0,1,6,3,1,0,0,0,4,1,1,0,0,1,2,2,0,0,11643.727626
20204,1129000713,65,40,25,0,20,27,12,6,0,0,11,14,10,5,0,0,9,13,2,1,0,5438.45813851
20204,1129000714,15,10,5,0,1,2,2,8,2,0,1,0,0,7,2,0,0,2,2,1,0,6700.82958602
20204,1129000716,25,3,22,0,1,2,1,0,21,0,0,2,0,0,1,0,1,0,1,0,20,7504.20334069
20204,1129000717,20,18,2,0,1,2,5,11,1,0,1,1,5,10,1,0,0,1,0,1,0,923.785981563
20204,1129000720,11,7,4,0,1,1,6,3,0,0,1,1,3,2,0,0,0,0,3,1,0,6136.7999923
20204,1129000722,67,35,32,0,9,19,17,20,2,0,4,7,11,12,1,0,5,12,6,8,1,5894.81091272
20204,1129000723,8,5,3,0,0,2,3,1,2,0,0,2,1,1,1,0,0,0,2,0,1,1944.3136627
20204,1129000724,2,2,0,0,0,2,0,0,0,0,0,2,0,0,0,0,0,0,0,0,0,2235.58839446
20204,1129000726,31,24,7,3,2,4,8,10,4,3,1,1,6,9,4,0,1,3,2,1,0,3738.97601094
20204,1129000732,3,3,0,0,0,0,2,1,0,0,0,0,2,1,0,0,0,0,0,0,0,3050.11966354
20204,1129000739,37,30,7,0,4,7,11,8,7,0,3,5,9,7,6,0,1,2,2,1,1,8202.46308964
20204,1129000740,145,97,48,0,7,36,38,41,23,0,3,17,25,31,21,0,4,19,13,10,2,9541.93127465
20204,1129000741,56,20,36,0,3,16,17,14,6,0,0,6,6,4,4,0,3,10,11,10,2,4143.61013048
20204,1129000742,3,2,1,0,0,0,1,2,0,0,0,0,0,2,0,0,0,0,1,0,0,1431.23791778
20204,1129000743,61,42,19,0,1,11,14,23,12,0,0,7,8,16,11,0,1,4,6,7,1,7113.146768
20204,1129000744,757,537,220,0,2,7,21,54,673,0,2,6,9,25,495,0,0,1,12,29,178,904.36961389
20204,1129000745,15,13,2,0,1,3,4,6,1,0,0,2,4,6,1,0,1,1,0,0,0,3710.29729485
20204,1129000746,2,2,0,0,0,1,1,0,0,0,0,1,1,0,0,0,0,0,0,0,0,2143.21195944
20204,1129000748,10,7,3,0,1,1,6,0,2,0,0,1,5,0,1,0,1,0,1,0,1,1118.38182539
20204,1129000749,8,7,1,0,0,3,5,0,0,0,0,3,4,0,0,0,0,0,1,0,0,948.530638041
20204,1129000756,58,36,22,0,19,13,19,7,0,0,9,6,17,4,0,0,10,7,2,3,0,4848.63238981
20204,1129000758,87,21,66,0,12,11,27,27,10,0,3,3,8,2,5,0,9,8,19,25,5,4746.70127887
20204,1129000759,8,6,2,0,0,3,2,1,2,0,0,1,2,1,2,0,0,2,0,0,0,4198.54580256
20204,1129000763,40,22,18,0,2,7,17,8,6,0,1,6,10,3,2,0,1,1,7,5,4,4077.80120428
20204,1129000767,1,0,1,0,0,1,0,0,0,0,0,0,0,0,0,0,0,1,0,0,0,3633.36732999
20204,1129000770,9,6,3,0,0,0,6,2,1,0,0,0,3,2,1,0,0,0,3,0,0,4494.64404784
20204,1129000773,2,0,2,0,0,0,2,0,0,0,0,0,0,0,0,0,0,0,2,0,0,3472.2940408
20204,1129000774,7,3,4,0,1,2,4,0,0,0,0,0,3,0,0,0,1,2,1,0,0,4345.99394664
20204,1129000775,9,2,7,0,1,4,2,2,0,0,0,1,0,1,0,0,1,3,2,1,0,3136.78108163
20204,1129000776,14,11,3,0,1,5,4,4,0,0,0,4,4,3,0,0,1,1,0,1,0,3585.98635768
20204,1129000780,1,1,0,0,0,0,0,1,0,0,0,0,0,1,0,0,0,0,0,0,0,9422.77781434
20204,1129000781,28,19,9,0,6,4,10,6,2,0,2,3,7,5,2,0,4,1,3,1,0,2547.94772849
20204,1129000782,24,8,16,3,3,4,11,2,1,0,0,2,5,0,1,3,3,2,6,2,0,5348.99714237
20204,1129000784,15,5,10,0,1,7,4,2,1,0,0,1,2,1,1,0,1,6,2,1,0,5119.40646325
20204,1129000787,10,4,6,0,5,2,1,1,1,0,1,2,0,0,1,0,4,0,1,1,0,3394.73541103
20204,1129000794,24,19,5,0,0,0,7,6,11,0,0,0,5,5,9,0,0,0,2,1,2,4926.52656172
20204,1129000796,12,8,4,0,0,0,2,4,6,0,0,0,1,3,4,0,0,0,1,1,2,4710.51065289
20204,1129000798,13,11,2,0,0,1,3,7,2,0,0,1,2,6,2,0,0,0,1,1,0,4172.81334224
20204,1129000800,23,20,3,0,5,2,5,6,5,0,5,2,3,6,4,0,0,0,2,0,1,9189.49733779
20204,1129000801,9,2,7,0,0,0,2,4,3,0,0,0,0,0,2,0,0,0,2,4,1,3116.91508343
20204,1129000802,2843,2591,252,0,311,1334,571,583,44,0,227,1193,545,582,44,0,84,141,26,1,0,1396.42794887
20204,1129000805,10,10,0,0,0,1,5,1,3,0,0,1,5,1,3,0,0,0,0,0,0,2544.69833752
20204,1129000806,7,7,0,0,1,1,2,3,0,0,1,1,2,3,0,0,0,0,0,0,0,4868.1024665
20204,1129000810,3,1,2,0,0,2,0,1,0,0,0,1,0,0,0,0,0,1,0,1,0,2902.12756064
20204,1129000811,106,87,19,2,12,20,28,21,23,1,6,18,24,19,19,1,6,2,4,2,4,4712.19466275
20204,1129000812,716,470,246,0,18,67,86,152,393,0,16,61,81,83,229,0,2,6,5,69,164,2416.06728545
20204,1129000814,1,0,1,0,0,0,0,0,1,0,0,0,0,0,0,0,0,0,0,0,1,3535.76576188
20204,1129000815,21,4,17,0,7,4,4,5,1,0,0,0,1,2,1,0,7,4,3,3,0,2705.47322857
20204,1129000818,22,12,10,0,2,4,5,8,3,0,2,3,3,2,2,0,0,1,2,6,1,5225.811889
20204,1129000819,99,23,76,0,17,14,21,39,8,0,1,7,10,3,2,0,16,7,11,36,6,5554.98911301
20204,1129000823,42,25,17,0,7,6,8,9,12,0,2,4,3,7,9,0,5,2,5,2,3,5420.59526373
20204,1129000826,45,35,10,1,8,8,10,15,3,1,5,7,6,13,3,0,3,1,4,2,0,4070.9246453
20204,1129000827,2,1,1,0,0,0,0,2,0,0,0,0,0,1,0,0,0,0,0,1,0,8345.35970478
20204,1129000829,8,3,5,0,1,2,2,2,1,0,0,2,1,0,0,0,1,0,1,2,1,838.622725244
20204,1129000831,2,1,1,0,0,0,0,2,0,0,0,0,0,1,0,0,0,0,0,1,0,4537.91626988
20204,1129000832,9,2,7,0,0,0,4,3,2,0,0,0,0,1,1,0,0,0,4,2,1,2183.68107382
20204,1129000833,3,2,1,0,0,0,0,0,3,0,0,0,0,0,2,0,0,0,0,0,1,879.295476845
20204,1129000837,3,3,0,0,0,1,1,1,0,0,0,1,1,1,0,0,0,0,0,0,0,6468.44824669
20204,1129000840,1,0,1,0,0,0,1,0,0,0,0,0,0,0,0,0,0,0,1,0,0,3295.81688917
20204,1129000841,13,6,7,0,1,5,4,1,2,0,1,2,1,1,1,0,0,3,3,0,1,5206.56465917
20204,1129000842,27,8,19,0,6,7,7,4,3,0,1,2,2,1,2,0,5,5,5,3,1,41579.382174
20204,1129000848,4,4,0,0,0,0,2,2,0,0,0,0,2,2,0,0,0,0,0,0,0,3721.90256055
20204,1129000852,1324,924,400,0,185,375,407,339,18,0,68,233,313,295,15,0,117,142,94,44,3,2298.98810316
20204,1129000856,17,7,10,0,0,2,7,4,4,0,0,0,2,2,3,0,0,2,5,2,1,7003.62599755
20204,1129000858,6,2,4,0,1,0,1,0,4,0,0,0,0,0,2,0,1,0,1,0,2,6460.11439249
20204,1129000860,4,3,1,0,0,2,2,0,0,0,0,1,2,0,0,0,0,1,0,0,0,11302.0638409
20204,1129000865,11,2,9,0,0,1,6,4,0,0,0,0,2,0,0,0,0,1,4,4,0,5324.17018796
20204,1129000866,63,47,16,0,7,24,17,11,4,0,2,16,16,9,4,0,5,8,1,2,0,5136.25425065
20204,1129000867,23,6,17,0,4,3,8,7,1,0,1,0,1,4,0,0,3,3,7,3,1,5045.4005423
20204,1129000868,24,19,5,0,4,13,5,1,1,0,3,11,3,1,1,0,1,2,2,0,0,9852.24429658
20204,1129000874,2,2,0,0,0,0,1,1,0,0,0,0,1,1,0,0,0,0,0,0,0,1406.93640558
20204,1129000885,2,2,0,0,0,1,0,1,0,0,0,1,0,1,0,0,0,0,0,0,0,5231.8062761
20204,1129000893,241,226,15,0,10,91,87,39,14,0,9,87,84,33,13,0,1,4,3,6,1,2119.1117736
20204,1129000903,6,5,1,0,1,1,4,0,0,0,1,0,4,0,0,0,0,1,0,0,0,1007.05343671
20204,1129000907,3,2,1,0,0,0,2,1,0,0,0,0,1,1,0,0,0,0,1,0,0,48087.2623084
20204,1129000909,2,1,1,0,0,0,0,2,0,0,0,0,0,1,0,0,0,0,0,1,0,5166.2689427
20204,1129000918,16,0,16,0,5,2,5,4,0,0,0,0,0,0,0,0,5,2,5,4,0,14185.5072107
20204,1129000922,24,19,5,0,2,5,9,3,5,0,2,5,6,2,4,0,0,0,3,1,1,1524.11613458
20204,1129000928,185,109,76,0,23,27,34,38,63,0,7,15,22,23,42,0,16,12,12,15,21,1558.34090415
20204,1129000931,51,8,43,0,0,1,3,15,32,0,0,1,1,4,2,0,0,0,2,11,30,5185.99555115
20204,1129000932,4,3,1,0,0,1,1,2,0,0,0,1,1,1,0,0,0,0,0,1,0,2642.08715849
20204,1129000933,3,1,2,0,1,2,0,0,0,0,0,1,0,0,0,0,1,1,0,0,0,4002.61665704
20204,1129000936,2,1,1,0,0,0,0,2,0,0,0,0,0,1,0,0,0,0,0,1,0,1776.85046849
20204,1129000937,2,2,0,0,0,0,2,0,0,0,0,0,2,0,0,0,0,0,0,0,0,4500.351309
20204,1129000938,7,3,4,0,1,0,2,2,2,0,0,0,1,1,1,0,1,0,1,1,1,2365.00968403
20204,1129000943,3,0,3,0,0,0,0,2,1,0,0,0,0,0,0,0,0,0,0,2,1,11980.392721
20204,1129000945,2,1,1,0,0,0,1,1,0,0,0,0,1,0,0,0,0,0,0,1,0,1689.85260309
20204,1129000947,3,3,0,0,0,0,3,0,0,0,0,0,3,0,0,0,0,0,0,0,0,2011.29263515
20204,1129000948,11,3,8,0,1,0,0,7,3,0,0,0,0,3,0,0,1,0,0,4,3,4031.43145234
20204,1129000949,3,1,2,0,1,2,0,0,0,0,0,1,0,0,0,0,1,1,0,0,0,1465.83435404
20204,1129000950,2,1,1,0,0,0,2,0,0,0,0,0,1,0,0,0,0,0,1,0,0,4461.30782734
20204,1129000951,6,4,2,0,3,0,0,2,1,0,1,0,0,2,1,0,2,0,0,0,0,3920.70547856
20204,1129000953,3,1,2,0,0,0,2,1,0,0,0,0,1,0,0,0,0,0,1,1,0,2073.78218536
20204,1129000955,2,1,1,0,0,1,1,0,0,0,0,0,1,0,0,0,0,1,0,0,0,8279.33715161
20204,1129000961,8,0,8,0,0,1,5,2,0,0,0,0,0,0,0,0,0,1,5,2,0,1027.71170842
20204,1129000963,1,0,1,0,0,0,0,1,0,0,0,0,0,0,0,0,0,0,0,1,0,2936.63904732
20204,1129000966,5,3,2,0,1,1,2,1,0,0,0,1,1,1,0,0,1,0,1,0,0,3996.60147507
20204,1129000967,23,10,13,0,1,2,10,8,2,0,0,0,6,4,0,0,1,2,4,4,2,5835.11929548
20204,1129000968,21,16,5,0,3,5,1,6,6,0,3,4,1,5,3,0,0,1,0,1,3,5025.1413773
20204,1129000969,38,16,22,0,6,14,11,6,1,0,1,7,4,3,1,0,5,7,7,3,0,4441.18787613
20204,1129000975,23,4,19,0,5,4,7,6,1,0,0,2,0,1,1,0,5,2,7,5,0,2796.2155936
20204,1129000977,4,3,1,0,0,1,2,1,0,0,0,1,1,1,0,0,0,0,1,0,0,4341.64748414
20204,1129000978,5,2,3,0,0,0,1,4,0,0,0,0,0,2,0,0,0,0,1,2,0,1726.0931747
20204,1129000980,76,60,16,1,6,15,21,16,17,0,5,9,19,14,13,1,1,6,2,2,4,5095.56778035
20204,1129000981,1,1,0,0,0,0,0,1,0,0,0,0,0,1,0,0,0,0,0,0,0,1652.94656966
20204,1129000985,4,3,1,0,0,0,0,2,2,0,0,0,0,1,2,0,0,0,0,1,0,3395.58049285
20204,1129000986,4,1,3,0,0,2,1,0,1,0,0,0,0,0,1,0,0,2,1,0,0,4952.45455533
20204,1129000989,4,3,1,0,1,0,1,0,2,0,0,0,1,0,2,0,1,0,0,0,0,3070.24257225
20204,1129000991,3,2,1,0,0,0,0,1,2,0,0,0,0,1,1,0,0,0,0,0,1,2224.03921715
20204,1129000992,3,1,2,0,0,1,1,0,1,0,0,0,0,0,1,0,0,1,1,0,0,2179.81448763
20204,1129000993,77,10,67,0,12,23,28,12,2,0,3,2,4,1,0,0,9,21,24,11,2,23159.967845
20204,1129000994,70,32,38,0,12,11,14,29,4,0,12,6,7,4,3,0,0,5,7,25,1,6404.97706942
20204,1129000996,13,11,2,0,1,2,5,5,0,0,1,0,5,5,0,0,0,2,0,0,0,4348.20984225
20204,1129001000,20,5,15,0,3,1,10,4,2,0,1,0,1,2,1,0,2,1,9,2,1,2206.90975883
20204,1129001001,24,18,6,0,3,9,4,6,2,0,1,6,4,5,2,0,2,3,0,1,0,2175.0936737
20204,1129001004,3,2,1,0,0,0,0,3,0,0,0,0,0,2,0,0,0,0,0,1,0,841.776469571
20204,1129001005,6,4,2,0,0,0,0,2,4,0,0,0,0,2,2,0,0,0,0,0,2,5383.81920806
20204,1129001013,1,0,1,0,0,0,1,0,0,0,0,0,0,0,0,0,0,0,1,0,0,1362.66134975
20204,1129001014,2,0,2,0,1,0,1,0,0,0,0,0,0,0,0,0,1,0,1,0,0,2521.91071702
20204,1129001017,4,1,3,1,1,0,0,2,0,0,0,0,0,1,0,1,1,0,0,1,0,547.046863162
20204,1129001018,1,1,0,0,0,0,1,0,0,0,0,0,1,0,0,0,0,0,0,0,0,6064.97069654
20204,1129001023,3,2,1,0,0,2,0,0,1,0,0,1,0,0,1,0,0,1,0,0,0,3199.33517688
20204,1129001025,5,2,3,0,0,2,2,1,0,0,0,1,1,0,0,0,0,1,1,1,0,3103.11723382
20204,1129001028,12,11,1,0,2,3,2,5,0,0,2,3,2,4,0,0,0,0,0,1,0,9120.23713948
20204,1129001030,2,2,0,0,1,0,0,1,0,0,1,0,0,1,0,0,0,0,0,0,0,1108.05236748
20204,1129001032,3,2,1,0,0,1,1,1,0,0,0,0,1,1,0,0,0,1,0,0,0,4876.98694464
20204,1129001037,25,10,15,0,0,8,8,5,4,0,0,1,2,3,4,0,0,7,6,2,0,3751.77947069
20204,1129001038,13,11,2,0,2,2,2,5,2,0,2,1,2,4,2,0,0,1,0,1,0,3626.80682001
20204,1129001042,5,4,1,0,0,0,2,2,1,0,0,0,1,2,1,0,0,0,1,0,0,1140.02472102
20204,1129001043,82,49,33,0,13,18,23,13,15,0,5,11,13,6,14,0,8,7,10,7,1,5254.32926294
20204,1129001044,6,5,1,0,0,0,1,0,5,0,0,0,0,0,5,0,0,0,1,0,0,4353.42759836
20204,1129001045,2,0,2,0,0,2,0,0,0,0,0,0,0,0,0,0,0,2,0,0,0,1745.5788188
20204,1129001046,10,2,8,0,2,1,6,0,1,0,0,0,1,0,1,0,2,1,5,0,0,5524.71091009
20204,1129001047,10,6,4,0,0,1,1,5,3,0,0,0,1,3,2,0,0,1,0,2,1,1830.36775806
20204,1129001051,7,5,2,0,5,0,2,0,0,0,4,0,1,0,0,0,1,0,1,0,0,5735.56898147
20204,1129001052,8,3,5,0,1,3,2,1,1,0,0,1,1,0,1,0,1,2,1,1,0,2746.02079493
20204,1129001054,6,4,2,0,0,3,3,0,0,0,0,2,2,0,0,0,0,1,1,0,0,1503.74960553
20204,1129001055,101,58,43,0,6,18,20,23,34,0,4,17,11,12,14,0,2,1,9,11,20,6147.10025989
20204,1129001056,4,3,1,0,0,2,1,0,1,0,0,1,1,0,1,0,0,1,0,0,0,1075.18881478
20204,1129001057,7,2,5,0,0,2,1,2,2,0,0,0,1,0,1,0,0,2,0,2,1,6251.77217275
20204,1129001058,21,15,6,0,0,3,4,7,7,0,0,2,2,6,5,0,0,1,2,1,2,2296.71578448
20204,1129001059,83,35,48,0,11,16,22,21,13,0,3,5,12,6,9,0,8,11,10,15,4,4413.11239033
20204,1129001060,9,3,6,0,0,1,2,3,3,0,0,1,0,1,1,0,0,0,2,2,2,3498.04703902
20204,1129001061,11,4,7,0,1,4,2,1,3,0,0,0,2,1,1,0,1,4,0,0,2,7049.04775842
20204,1129001063,11,9,2,0,0,1,1,3,6,0,0,1,1,1,6,0,0,0,0,2,0,1505.11098439
20204,1129001066,3,1,2,0,1,1,0,0,1,0,0,0,0,0,1,0,1,1,0,0,0,4832.92958376
20204,1129001067,3,2,1,0,0,0,0,1,2,0,0,0,0,1,1,0,0,0,0,0,1,1016.29541208
20204,1129001068,107,32,75,0,20,23,17,28,19,0,5,12,5,5,5,0,15,11,12,23,14,5273.02720483
20204,1129001069,30,7,23,0,3,6,9,10,2,0,0,1,3,3,0,0,3,5,6,7,2,7790.76766504
20204,1129001070,43,22,21,0,7,8,10,9,9,0,0,2,9,4,7,0,7,6,1,5,2,7140.29290074
20204,1129001071,13,9,4,0,2,4,3,2,2,0,1,3,3,1,1,0,1,1,0,1,1,4726.6933964
20204,1129001074,73,26,47,0,4,6,9,26,28,0,4,4,4,11,3,0,0,2,5,15,25,5494.36833374
20204,1129001078,38,8,30,0,4,14,12,8,0,0,0,2,3,3,0,0,4,12,9,5,0,5059.85190985
20204,1129001079,5,5,0,0,0,1,1,0,3,0,0,1,1,0,3,0,0,0,0,0,0,4938.48442309
20204,1129001081,21,11,10,0,1,1,11,5,3,0,0,0,7,2,2,0,1,1,4,3,1,5816.87580394
20204,1129001084,3,2,1,0,0,0,1,1,1,0,0,0,1,1,0,0,0,0,0,0,1,1218.13032825
20204,1129001086,4,3,1,0,1,0,0,3,0,0,1,0,0,2,0,0,0,0,0,1,0,1258.83208564
20204,1129001087,1888,974,914,2,173,552,489,562,110,2,59,199,237,388,89,0,114,353,252,174,21,4652.20452983
20204,1129001089,36,11,25,1,9,3,9,12,2,1,2,1,3,2,2,0,7,2,6,10,0,6911.31536168
20204,1129001090,41,25,16,0,0,5,7,14,15,0,0,3,4,10,8,0,0,2,3,4,7,8753.21672797
20204,1129001091,72,38,34,0,14,13,24,13,8,0,8,9,8,8,5,0,6,4,16,5,3,4886.54686968
20204,1129001093,11,7,4,0,1,4,2,2,2,0,0,2,2,1,2,0,1,2,0,1,0,2522.29532956
20204,1129001094,23,11,12,0,2,4,9,3,5,0,0,1,6,2,2,0,2,3,3,1,3,4647.07777335
20204,1129001096,10,5,5,0,1,1,1,3,4,0,0,1,0,2,2,0,1,0,1,1,2,4122.46900647
20204,1129001097,3,2,1,0,0,0,1,0,2,0,0,0,1,0,1,0,0,0,0,0,1,2761.41092864
20204,1129001098,569,476,93,0,50,99,195,215,10,0,28,69,161,211,7,0,22,30,34,4,3,8358.05920776
20204,1129001101,7,3,4,0,1,1,4,0,1,0,1,0,1,0,1,0,0,1,3,0,0,4987.15848152
20204,1129001103,7,6,1,0,0,1,4,0,2,0,0,1,3,0,2,0,0,0,1,0,0,489.322619795
20204,1129001104,74,3,71,0,2,4,4,23,41,0,0,0,0,1,2,0,2,4,4,22,39,4061.42766531
20204,1129001105,13,5,8,0,1,5,2,5,0,0,0,2,1,2,0,0,1,3,1,3,0,4728.46195577
20204,1129001108,63,11,52,1,5,15,13,19,10,0,1,1,1,5,3,1,4,14,12,14,7,4633.23802407
20204,1129001111,1440,504,936,0,168,388,622,235,27,0,45,127,183,129,20,0,123,261,439,106,7,3581.21371223
20204,1129001115,10,5,5,0,2,2,5,1,0,0,0,1,3,1,0,0,2,1,2,0,0,1857.22107275
20204,1129001117,42,28,14,0,15,15,8,3,1,0,9,8,7,3,1,0,6,7,1,0,0,5669.0010691
20204,1129001120,4,2,2,0,0,0,1,1,2,0,0,0,0,1,1,0,0,0,1,0,1,4580.96899217
20204,1129001122,97,36,61,1,32,5,12,19,28,1,11,3,6,3,12,0,21,2,6,16,16,7421.26712276
20204,1129001123,2,1,1,0,0,0,0,0,2,0,0,0,0,0,1,0,0,0,0,0,1,1696.64153036
20204,1129001129,19,6,13,0,3,3,5,5,3,0,0,2,1,3,0,0,3,1,4,2,3,3607.41567548
20204,1129001130,6,0,6,0,0,0,1,1,4,0,0,0,0,0,0,0,0,0,1,1,4,2583.55293079
20204,1129001131,23,5,18,0,2,8,6,4,3,0,0,0,2,1,2,0,2,8,4,3,1,4133.48659791
20204,1129001133,95,66,29,0,8,14,24,15,34,0,4,10,20,7,25,0,4,4,4,8,9,3183.55152703
20204,1129001135,2,1,1,0,0,0,0,2,0,0,0,0,0,1,0,0,0,0,0,1,0,2058.40180891
20204,1129001136,10,8,2,0,1,4,3,2,0,0,0,4,2,2,0,0,1,0,1,0,0,3266.05569003
20204,1129001138,4,2,2,0,1,0,1,2,0,0,0,0,1,1,0,0,1,0,0,1,0,585.791870285
20204,1129001139,2,0,2,0,0,0,1,0,1,0,0,0,0,0,0,0,0,0,1,0,1,1302.75915144
20204,1129001140,28,5,23,0,6,8,7,7,0,0,0,0,2,3,0,0,6,8,5,4,0,3436.02822603
20204,1129001141,42,10,32,1,11,9,12,3,6,0,0,0,4,1,5,1,11,9,8,2,1,3221.74481827
20204,1129001142,66,57,9,0,5,9,27,20,5,0,4,8,22,18,5,0,1,1,5,2,0,5276.16119067
20204,1129001148,9,0,9,0,0,1,6,1,1,0,0,0,0,0,0,0,0,1,6,1,1,2789.06820654
20204,1129001160,26,23,3,0,2,0,6,10,8,0,1,0,6,8,8,0,1,0,0,2,0,2685.46833113
20204,1129001162,10,0,10,0,5,1,3,1,0,0,0,0,0,0,0,0,5,1,3,1,0,1353.70511579
20204,1129001177,2,1,1,0,0,0,1,1,0,0,0,0,0,1,0,0,0,0,1,0,0,2909.55795781
20204,1129001189,7,0,7,0,0,1,3,3,0,0,0,0,0,0,0,0,0,1,3,3,0,1309.27820178
20204,1129001193,5,5,0,0,0,0,0,0,5,0,0,0,0,0,5,0,0,0,0,0,0,1998.83080038
20204,1129001197,2,1,1,0,1,0,0,1,0,0,1,0,0,0,0,0,0,0,0,1,0,99605.7962169
20204,1129001209,3,1,2,0,1,1,1,0,0,0,0,1,0,0,0,0,1,0,1,0,0,1209.571331
20204,1129001212,63,40,23,0,4,6,14,14,25,0,3,3,8,9,17,0,1,3,6,5,8,3228.87013375
20204,1129001213,11,11,0,0,0,0,5,3,3,0,0,0,5,3,3,0,0,0,0,0,0,11869.6987014
20204,1129001216,2,2,0,0,0,0,1,0,1,0,0,0,1,0,1,0,0,0,0,0,0,1419.54481761
20204,1129001222,5,1,4,0,0,2,2,0,1,0,0,0,0,0,1,0,0,2,2,0,0,1470.5223192
20204,1129001224,12,9,3,0,1,1,3,4,3,0,0,1,2,3,3,0,1,0,1,1,0,4565.34861939
20204,1129001225,281,216,65,3,41,118,74,36,9,0,15,96,63,33,9,3,26,22,11,3,0,10829.4942014
20204,1129001229,23,12,11,0,1,5,7,7,3,0,1,2,3,4,2,0,0,3,4,3,1,5993.1940868
20204,1129001230,2,1,1,0,0,0,0,1,1,0,0,0,0,0,1,0,0,0,0,1,0,2293.41197725
20204,1129001231,3,2,1,0,0,1,2,0,0,0,0,0,2,0,0,0,0,1,0,0,0,936.311347998
20204,1129001233,2,1,1,0,0,0,1,0,1,0,0,0,0,0,1,0,0,0,1,0,0,1892.3058786
20204,1129001234,8,3,5,0,0,3,0,5,0,0,0,2,0,1,0,0,0,1,0,4,0,1664.17872038
20204,1129001236,3,1,2,0,0,0,3,0,0,0,0,0,1,0,0,0,0,0,2,0,0,2740.33162369
20204,1129001237,9,6,3,0,0,1,2,2,4,0,0,0,2,2,2,0,0,1,0,0,2,4341.85360475
20204,1129001244,2,0,2,0,0,0,1,0,1,0,0,0,0,0,0,0,0,0,1,0,1,1992.77634823
20204,1129001248,2,2,0,0,0,0,1,1,0,0,0,0,1,1,0,0,0,0,0,0,0,1114.64235579
20204,1129001249,15,13,2,0,1,2,4,3,5,0,1,2,3,3,4,0,0,0,1,0,1,2931.45226285
20204,1129001251,3,2,1,0,0,0,1,2,0,0,0,0,1,1,0,0,0,0,0,1,0,923.601009438
20204,1129001252,3,2,1,0,0,2,1,0,0,0,0,1,1,0,0,0,0,1,0,0,0,2599.71738132
20204,1129001254,6,5,1,0,1,1,3,0,1,0,1,1,2,0,1,0,0,0,1,0,0,5550.75628274
20204,1129001258,18,12,6,0,3,4,3,7,1,0,2,2,2,5,1,0,1,2,1,2,0,3363.37529125
20204,1129001282,1,0,1,0,0,0,1,0,0,0,0,0,0,0,0,0,0,0,1,0,0,754.959099717
20204,1129001285,51,41,10,0,4,7,10,15,15,0,3,4,7,13,14,0,1,3,3,2,1,658.550706345
20204,1129001289,5,1,4,0,1,0,1,2,1,0,0,0,0,1,0,0,1,0,1,1,1,3968.07642543
20204,1129001291,69,19,50,0,14,15,22,14,4,0,5,5,4,3,2,0,9,10,18,11,2,17632.6150367
20204,1129001292,20,15,5,0,0,4,1,3,12,0,0,1,1,2,11,0,0,3,0,1,1,4902.26588196
20204,1129001300,6,5,1,0,2,1,1,1,1,0,1,1,1,1,1,0,1,0,0,0,0,1001.19178283
20204,1129001301,13,10,3,0,0,5,2,6,0,0,0,4,1,5,0,0,0,1,1,1,0,1508.07996165
20204,1129001311,16,15,1,0,0,5,5,5,1,0,0,4,5,5,1,0,0,1,0,0,0,1419.37916464
20204,1129001315,13,8,5,0,1,4,2,5,1,0,0,3,1,3,1,0,1,1,1,2,0,7326.73988324
20204,1129001318,15,13,2,0,0,0,6,5,4,0,0,0,4,5,4,0,0,0,2,0,0,5437.55591509
20204,1129001320,4,1,3,0,0,2,0,1,1,0,0,1,0,0,0,0,0,1,0,1,1,1903.80143801
20204,1129001323,3,2,1,0,0,0,0,1,2,0,0,0,0,1,1,0,0,0,0,0,1,2120.45093986
20204,1129001326,2,1,1,0,1,0,0,1,0,0,1,0,0,0,0,0,0,0,0,1,0,918.664044957
20204,1129001327,22,19,3,0,0,8,6,7,1,0,0,7,5,6,1,0,0,1,1,1,0,4622.36804481
20204,1129001330,2,0,2,0,0,0,0,1,1,0,0,0,0,0,0,0,0,0,0,1,1,1084.26803368
20204,1129001334,4,4,0,0,0,4,0,0,0,0,0,4,0,0,0,0,0,0,0,0,0,5649.95803163
20204,1129001336,5,4,1,0,1,2,0,2,0,0,1,2,0,1,0,0,0,0,0,1,0,2715.72165908
20204,1129001346,4,2,2,0,0,0,2,1,1,0,0,0,1,1,0,0,0,0,1,0,1,2308.39439091
20204,1129001348,8,1,7,0,1,1,1,4,1,0,0,0,0,0,1,0,1,1,1,4,0,4790.86921001
20204,1129001350,95,50,45,0,14,19,24,17,21,0,1,9,13,10,17,0,13,10,11,7,4,3080.69931178
20204,1129001354,38,9,29,0,12,14,5,7,0,0,2,2,2,3,0,0,10,12,3,4,0,2816.14414283
20204,1129001360,92,77,15,0,22,21,14,30,5,0,22,17,8,25,5,0,0,4,6,5,0,2836.0672573
20204,1129001363,4,2,2,0,0,1,0,1,2,0,0,0,0,1,1,0,0,1,0,0,1,3231.17273356
20204,1129001364,18,17,1,0,1,3,4,6,4,0,1,3,4,5,4,0,0,0,0,1,0,2347.55049009
20204,1129001369,2,2,0,0,0,1,1,0,0,0,0,1,1,0,0,0,0,0,0,0,0,1727.63892008
20204,1129001371,5,1,4,0,2,0,0,2,1,0,0,0,0,1,0,0,2,0,0,1,1,3301.08702655
20204,1129001376,10,8,2,0,0,2,3,1,4,0,0,2,3,1,2,0,0,0,0,0,2,4852.52882864
20204,1129001379,6,4,2,0,1,0,1,4,0,0,1,0,0,3,0,0,0,0,1,1,0,2566.67596289
20204,1129001380,8,4,4,0,0,1,2,1,4,0,0,1,1,1,1,0,0,0,1,0,3,3835.571848
20204,1129001382,3,2,1,0,0,1,0,2,0,0,0,1,0,1,0,0,0,0,0,1,0,1341.3151994
20204,1129001384,11,7,4,0,0,5,2,3,1,0,0,3,2,1,1,0,0,2,0,2,0,2434.41465641
20204,1129001389,3,3,0,0,0,0,1,1,1,0,0,0,1,1,1,0,0,0,0,0,0,1455.30132018
20204,1129001391,3,2,1,0,0,0,1,2,0,0,0,0,1,1,0,0,0,0,0,1,0,4600.61349277
20204,1129001397,2,1,1,0,0,0,0,1,1,0,0,0,0,1,0,0,0,0,0,0,1,868.923957791
20204,1129001400,8,5,3,0,1,1,0,4,2,0,0,0,0,3,2,0,1,1,0,1,0,2443.09056824
20204,1129001402,8,6,2,0,0,2,2,3,1,0,0,1,2,2,1,0,0,1,0,1,0,1363.18684457
20204,1129001405,7,4,3,0,0,0,1,2,4,0,0,0,0,1,3,0,0,0,1,1,1,3773.12069376
20204,1129001409,7,4,3,0,3,2,1,1,0,0,2,1,1,0,0,0,1,1,0,1,0,3687.19811542
20204,1129001411,1,0,1,0,0,0,1,0,0,0,0,0,0,0,0,0,0,0,1,0,0,893.065313794
20204,1129001415,3,2,1,0,0,0,2,1,0,0,0,0,2,0,0,0,0,0,0,1,0,2578.26555068
20204,1129001416,16,8,8,0,2,3,6,4,1,0,0,1,4,2,1,0,2,2,2,2,0,2382.94063562
20204,1129001422,82,34,48,0,10,19,16,19,18,0,0,4,6,8,16,0,10,15,10,11,2,10522.4008775
20204,1129001424,71,57,14,0,4,10,20,34,3,0,3,5,14,32,3,0,1,5,6,2,0,5099.14970665
20204,1129001427,9,4,5,0,0,0,1,6,2,0,0,0,0,3,1,0,0,0,1,3,1,2764.31163355
20204,1129001428,58,25,33,0,6,15,15,17,5,0,3,4,5,9,4,0,3,11,10,8,1,24849.9049279
20204,1129001430,40,39,1,0,2,3,4,23,8,0,2,3,3,23,8,0,0,0,1,0,0,1719.2810491
20204,1129001433,1,0,1,0,0,1,0,0,0,0,0,0,0,0,0,0,0,1,0,0,0,4161.82129936
20204,1129001434,8,8,0,0,0,2,2,1,3,0,0,2,2,1,3,0,0,0,0,0,0,3140.00692645
20204,1129001436,3,3,0,0,0,0,1,0,2,0,0,0,1,0,2,0,0,0,0,0,0,1922.30098389
20204,1129001437,4,2,2,0,1,1,0,2,0,0,0,1,0,1,0,0,1,0,0,1,0,1054.98095312
20204,1129001440,37,8,29,0,2,7,11,12,5,0,2,1,1,0,4,0,0,6,10,12,1,12902.9829544
20204,1129001441,3,1,2,0,2,0,0,1,0,0,1,0,0,0,0,0,1,0,0,1,0,2441.66146192
20204,1129001442,10,10,0,0,0,3,5,2,0,0,0,3,5,2,0,0,0,0,0,0,0,2677.91136473
20204,1129001444,9,3,6,0,3,1,1,4,0,0,1,0,1,1,0,0,2,1,0,3,0,8911.19997696
20204,1129001445,1,0,1,0,0,0,0,1,0,0,0,0,0,0,0,0,0,0,0,1,0,2572.54803552
20204,1129001446,129,54,75,1,31,34,27,12,24,0,6,10,19,8,11,1,25,24,8,4,13,6222.99353583
20204,1129001449,10,8,2,0,4,1,1,3,1,0,3,1,1,2,1,0,1,0,0,1,0,1638.67995197
20204,1129001450,41,39,2,0,1,5,4,13,18,0,1,4,4,12,18,0,0,1,0,1,0,3137.43463678
20204,1129001451,3,2,1,0,0,0,1,1,1,0,0,0,1,1,0,0,0,0,0,0,1,1471.26951474
20204,1129001454,44,39,5,0,0,2,7,12,23,0,0,2,4,11,22,0,0,0,3,1,1,3278.69548523
20204,1129001457,4,3,1,0,0,1,0,2,1,0,0,1,0,1,1,0,0,0,0,1,0,2809.34675755
20204,1129001465,6,5,1,0,0,0,3,2,1,0,0,0,2,2,1,0,0,0,1,0,0,4592.43662789
20204,1129001468,6,2,4,0,0,2,1,2,1,0,0,1,0,1,0,0,0,1,1,1,1,5275.84700193
20204,1129001471,9,4,5,0,0,3,1,0,5,0,0,0,0,0,4,0,0,3,1,0,1,3885.02788991
20204,1129001473,6,5,1,0,0,0,4,2,0,0,0,0,3,2,0,0,0,0,1,0,0,1611.55927305
20204,1129001476,12,10,2,0,2,1,4,3,2,0,2,1,4,1,2,0,0,0,0,2,0,3534.0133398
20204,1129001489,907,703,204,0,4,10,19,44,830,0,0,7,6,26,664,0,4,3,13,18,166,3463.59476813
20204,1129001491,3,1,2,0,0,0,3,0,0,0,0,0,1,0,0,0,0,0,2,0,0,3906.08988199
20204,1129001498,19,12,7,0,0,2,6,5,6,0,0,1,4,2,5,0,0,1,2,3,1,1347.21113131
20204,1129001499,4,4,0,0,3,1,0,0,0,0,3,1,0,0,0,0,0,0,0,0,0,1754.1850392
20204,1129001500,4,1,3,0,0,1,3,0,0,0,0,0,1,0,0,0,0,1,2,0,0,863.468436994
20204,1129001503,37,34,3,0,4,7,7,9,10,0,3,6,6,9,10,0,1,1,1,0,0,6648.95313586
20204,1129001508,23,11,12,0,1,0,9,9,4,0,1,0,4,3,3,0,0,0,5,6,1,2775.16339585
20204,1129001511,6,2,4,0,0,1,3,2,0,0,0,0,0,2,0,0,0,1,3,0,0,2425.55832245
20204,1129001512,3,3,0,0,0,0,3,0,0,0,0,0,3,0,0,0,0,0,0,0,0,2482.12818792
20204,1129001516,3,1,2,0,0,0,1,2,0,0,0,0,0,1,0,0,0,0,1,1,0,10269.6729421
20204,1129001517,8,2,6,0,4,1,3,0,0,0,1,0,1,0,0,0,3,1,2,0,0,2946.1416121
20204,1129001520,24,19,5,0,0,0,3,4,17,0,0,0,2,3,14,0,0,0,1,1,3,112264.001808
20204,1129001527,21,3,18,1,3,7,6,3,1,0,1,0,1,0,1,1,2,7,5,3,0,1815.25704643
20204,1129001529,836,443,393,10,107,148,194,210,167,8,67,96,91,95,86,2,40,52,103,115,81,3244.91565666
20204,1129001533,12,6,6,0,1,2,5,3,1,0,1,2,0,2,1,0,0,0,5,1,0,7005.07258843
20204,1129001541,4,2,2,0,0,0,3,1,0,0,0,0,1,1,0,0,0,0,2,0,0,5582.10152217
20204,1129001542,35,21,14,0,6,12,6,9,2,0,0,8,5,7,1,0,6,4,1,2,1,10809.4800919
20204,1129001543,9,5,4,0,2,4,2,0,1,0,2,2,1,0,0,0,0,2,1,0,1,4252.23772058
20204,1129001544,13,7,6,0,2,2,3,3,3,0,1,1,3,0,2,0,1,1,0,3,1,2769.46438583
20204,1129001546,41,13,28,4,14,5,9,8,1,0,3,3,3,4,0,4,11,2,6,4,1,3700.23516321
20204,1129001547,8,4,4,0,0,1,1,2,4,0,0,0,0,1,3,0,0,1,1,1,1,2283.89334788
20204,1129001549,3,2,1,0,0,0,0,1,2,0,0,0,0,0,2,0,0,0,0,1,0,3082.87086879
20204,1129001550,17,7,10,0,4,4,0,5,4,0,0,0,0,5,2,0,4,4,0,0,2,3963.01710403
20204,1129001551,3,2,1,0,0,0,2,1,0,0,0,0,1,1,0,0,0,0,1,0,0,1255.51300215
20204,1129001552,11,4,7,0,3,4,0,4,0,0,0,2,0,2,0,0,3,2,0,2,0,2288.87004357
20204,1129001553,3,0,3,0,0,1,1,0,1,0,0,0,0,0,0,0,0,1,1,0,1,1312.89575304
20204,1129001554,20,13,7,0,0,3,4,10,3,0,0,1,1,9,2,0,0,2,3,1,1,4500.72589937
20204,1129001556,2,1,1,0,0,0,1,0,1,0,0,0,0,0,1,0,0,0,1,0,0,2130.03979263
20204,1129001557,22,10,12,0,3,2,5,4,8,0,2,0,2,2,4,0,1,2,3,2,4,1823.5022601
20204,1129001558,4,2,2,0,0,0,4,0,0,0,0,0,2,0,0,0,0,0,2,0,0,4102.41936634
20204,1129001561,2,1,1,0,0,0,1,0,1,0,0,0,0,0,1,0,0,0,1,0,0,1632.12625983
20204,1129001564,2,1,1,0,0,0,1,0,1,0,0,0,0,0,1,0,0,0,1,0,0,13747.5201953
20204,1129001566,8,5,3,0,1,0,2,3,2,0,0,0,2,2,1,0,1,0,0,1,1,2783.57534131
20204,1129001567,3,0,3,0,1,0,0,2,0,0,0,0,0,0,0,0,1,0,0,2,0,10023.0335707
20204,1129001568,24,14,10,0,2,6,2,7,7,0,0,2,2,5,5,0,2,4,0,2,2,4343.0355389
20204,1129001569,26,13,13,0,3,5,8,5,5,0,1,2,4,2,4,0,2,3,4,3,1,14381.065832
20204,1129001570,13,10,3,0,0,3,2,5,3,0,0,3,1,3,3,0,0,0,1,2,0,1730.01425553
20204,1129001571,432,90,342,1,41,96,188,103,3,0,11,40,30,7,2,1,30,56,158,96,1,3964.85927945
20204,1129001572,362,112,250,0,18,131,177,24,12,0,6,34,48,12,12,0,12,97,129,12,0,8056.7275957
20204,1129001573,5,4,1,0,0,3,0,1,1,0,0,2,0,1,1,0,0,1,0,0,0,3278.67060907
20204,1129001574,14,9,5,0,2,3,6,2,1,0,1,2,3,2,1,0,1,1,3,0,0,5029.25642128
20204,1129001575,45,16,29,0,8,7,8,14,8,0,3,3,0,6,4,0,5,4,8,8,4,8008.16925497
20204,1129001576,20,13,7,0,2,6,6,5,1,0,2,3,5,3,0,0,0,3,1,2,1,2056.06663506
20204,1129001577,59,11,48,0,11,11,6,29,2,0,2,4,5,0,0,0,9,7,1,29,2,4200.93537208
20204,1129001578,122,88,34,0,3,13,50,42,14,0,0,11,38,31,8,0,3,2,12,11,6,5359.15774984
20204,1129001580,12,1,11,0,1,2,2,3,4,0,0,0,0,0,1,0,1,2,2,3,3,2692.58656665
20204,1129001581,16,6,10,0,1,3,4,4,4,0,0,0,2,1,3,0,1,3,2,3,1,5943.67095631
20204,1129001582,5,1,4,0,2,0,1,1,1,0,1,0,0,0,0,0,1,0,1,1,1,3755.61358973
20204,1129001583,188,60,128,0,40,88,41,12,7,0,9,26,16,4,5,0,31,62,25,8,2,2705.58063208
20204,1129001584,682,558,124,3,110,218,218,92,41,3,79,184,190,69,33,0,31,34,28,23,8,12585.539396
20204,1129001585,62,15,47,0,4,22,21,13,2,0,0,7,3,4,1,0,4,15,18,9,1,18159.6794215
20204,1129001586,236,75,161,0,33,30,40,49,84,0,11,13,13,11,27,0,22,17,27,38,57,6965.9160308
20204,1129001588,23,9,14,0,4,5,5,6,3,0,2,0,2,2,3,0,2,5,3,4,0,28616.6529241
20204,1129001589,9,5,4,0,1,1,3,4,0,0,0,1,1,3,0,0,1,0,2,1,0,2947.70634045
20204,1129001590,27,17,10,1,2,9,7,6,2,0,2,6,4,4,1,1,0,3,3,2,1,4798.23307808
20204,1129001591,21,10,11,0,5,3,6,4,3,0,1,2,3,2,2,0,4,1,3,2,1,2138.14774143
20204,1129001595,16,12,4,0,0,7,1,6,2,0,0,5,0,5,2,0,0,2,1,1,0,1784.00920877
20204,1129001602,6,5,1,0,0,0,1,3,2,0,0,0,1,2,2,0,0,0,0,1,0,2389.19628428
20204,1129001604,7,2,5,0,2,0,3,2,0,0,1,0,0,1,0,0,1,0,3,1,0,13313.163929
20204,1129001607,60,51,9,0,1,11,10,24,14,0,1,5,9,23,13,0,0,6,1,1,1,7635.27289405
20204,1129001610,53,30,23,0,4,21,12,4,12,0,1,13,5,4,7,0,3,8,7,0,5,23111.2737032
20204,1129001611,19,18,1,0,6,5,2,3,3,0,6,5,2,3,2,0,0,0,0,0,1,9148.49375224
20204,1129001612,2,2,0,0,0,0,1,1,0,0,0,0,1,1,0,0,0,0,0,0,0,3095.44501609
20204,1129001616,124,24,100,0,14,20,35,50,5,0,7,4,7,5,1,0,7,16,28,45,4,8470.10363357
20204,1129001617,42,23,19,0,6,9,18,1,8,0,1,3,12,0,7,0,5,6,6,1,1,14624.148448
20204,1129001618,24,18,6,0,6,5,8,4,1,0,4,3,6,4,1,0,2,2,2,0,0,6027.49492595
20204,1129001619,3,1,2,0,0,2,0,0,1,0,0,0,0,0,1,0,0,2,0,0,0,1286.20306618
20204,1129001620,4,3,1,0,0,0,1,3,0,0,0,0,1,2,0,0,0,0,0,1,0,3699.48213505
20204,1129001624,1,1,0,0,0,0,1,0,0,0,0,0,1,0,0,0,0,0,0,0,0,1939.28228487
20204,1129001628,9,6,3,0,1,1,2,2,3,0,0,1,2,1,2,0,1,0,0,1,1,2708.79202984
20204,1129001629,8,8,0,0,2,0,4,1,1,0,2,0,4,1,1,0,0,0,0,0,0,3474.47241604
20204,1129001631,2,1,1,0,0,0,0,1,1,0,0,0,0,1,0,0,0,0,0,0,1,2526.9182402
20204,1129001640,2,2,0,0,0,0,0,2,0,0,0,0,0,2,0,0,0,0,0,0,0,6906.31589345
20204,1129001644,62,42,20,0,1,11,18,24,8,0,0,5,13,18,6,0,1,6,5,6,2,17096.9992394
20204,1129001645,6,2,4,0,0,1,1,0,4,0,0,0,1,0,1,0,0,1,0,0,3,1706.17310916
20204,1129001646,15,10,5,0,1,2,3,4,5,0,1,1,3,2,3,0,0,1,0,2,2,7776.28594244
20204,1129001649,6,3,3,0,1,1,0,2,2,0,1,0,0,1,1,0,0,1,0,1,1,3571.2929428
20204,1129001652,59,54,5,0,4,7,31,16,1,0,4,5,28,16,1,0,0,2,3,0,0,11076.9615897
20204,1129001653,1,1,0,0,0,0,0,0,1,0,0,0,0,0,1,0,0,0,0,0,0,531.4830948
20204,1129001657,20,12,8,0,3,1,4,6,6,0,1,1,1,4,5,0,2,0,3,2,1,7318.72766697
20204,1129001659,117,110,7,0,23,26,40,21,7,0,19,24,39,21,7,0,4,2,1,0,0,4489.0919205
20204,1129001660,2,0,2,0,0,0,0,1,1,0,0,0,0,0,0,0,0,0,0,1,1,1786.09024829
20204,1129001661,3,2,1,0,1,1,0,1,0,0,0,1,0,1,0,0,1,0,0,0,0,4540.41539848
20204,1129001663,3,1,2,0,1,0,0,2,0,0,0,0,0,1,0,0,1,0,0,1,0,2767.61504058
20204,1129001666,35,4,31,0,7,11,10,7,0,0,0,1,2,1,0,0,7,10,8,6,0,13506.0754743
20204,1129001668,20,11,9,0,1,4,5,2,8,0,0,2,4,1,4,0,1,2,1,1,4,8051.24339719
20204,1129001669,3,2,1,0,1,0,0,1,1,0,1,0,0,0,1,0,0,0,0,1,0,4217.65010909
20204,1129001670,2,1,1,0,0,0,1,1,0,0,0,0,0,1,0,0,0,0,1,0,0,4432.79953572
20204,1129001673,107,36,71,0,5,23,47,26,6,0,1,5,15,11,4,0,4,18,32,15,2,42048.6372977
20204,1129001674,6,5,1,0,0,1,0,5,0,0,0,1,0,4,0,0,0,0,0,1,0,5319.85616062
20204,1129001675,8,4,4,0,1,5,1,1,0,0,0,4,0,0,0,0,1,1,1,1,0,4405.43144491
20204,1129001677,5,3,2,0,0,1,2,1,1,0,0,1,1,1,0,0,0,0,1,0,1,18777.2333451
20204,1129001678,253,207,46,5,27,75,82,40,24,1,11,70,74,34,17,4,16,5,8,6,7,31709.101242
20204,1129001680,275,110,165,0,46,115,62,31,21,0,12,37,35,12,14,0,34,78,27,19,7,31423.9957706
20204,1129001681,159,124,35,6,42,59,35,11,6,6,36,54,23,5,0,0,6,5,12,6,6,4056.36903134
20204,1129001683,56,29,27,0,4,9,16,19,8,0,2,2,6,13,6,0,2,7,10,6,2,57347.5502962
20204,1129001685,31,17,14,0,6,10,9,4,2,0,4,8,4,0,1,0,2,2,5,4,1,9737.43556297
20204,1129001686,292,231,61,0,42,76,122,35,17,0,24,64,106,28,9,0,18,12,16,7,8,11872.4971689
20204,1129001687,15,3,12,0,6,3,2,3,1,0,0,0,0,2,1,0,6,3,2,1,0,6060.75766147
20204,1129001691,34,26,8,0,4,6,12,5,7,0,2,4,9,5,6,0,2,2,3,0,1,3565.23037215
20204,1129001695,29,10,19,0,3,2,7,8,9,0,2,2,4,1,1,0,1,0,3,7,8,9635.54196006
20204,1129001696,8,5,3,0,0,0,3,4,1,0,0,0,2,2,1,0,0,0,1,2,0,21940.0663842
20204,1129001697,287,166,121,3,123,71,40,34,16,0,56,46,29,24,11,3,67,25,11,10,5,3701.5317609
20204,1129001698,113,56,57,0,14,35,33,25,6,0,4,14,13,20,5,0,10,21,20,5,1,36366.1105139
20204,1129001699,203,155,48,0,19,62,53,60,9,0,13,46,43,45,8,0,6,16,10,15,1,18370.718007
20204,1129001701,55,33,22,0,9,10,11,13,12,0,5,7,7,7,7,0,4,3,4,6,5,14579.7433132
20204,1129001706,10,4,6,0,2,1,1,2,4,0,0,0,0,1,3,0,2,1,1,1,1,8823.65887523
20204,1129001707,100,41,59,0,17,42,34,5,2,0,5,12,20,2,2,0,12,30,14,3,0,2298.36418357
20204,1129001710,7,3,4,0,1,0,4,0,2,0,0,0,1,0,2,0,1,0,3,0,0,9280.69115543
20204,1129001711,1,1,0,0,0,0,0,0,1,0,0,0,0,0,1,0,0,0,0,0,0,3813.48944324
20204,1129001712,389,264,125,3,93,154,89,33,17,0,50,111,61,26,16,3,43,43,28,7,1,50964.5354988
20204,1129001713,7,6,1,0,0,0,3,2,2,0,0,0,2,2,2,0,0,0,1,0,0,15040.4546882
20204,1129001714,2,1,1,0,0,0,1,1,0,0,0,0,1,0,0,0,0,0,0,1,0,61113.2339719
20204,1129001717,5,3,2,0,0,0,3,1,1,0,0,0,2,0,1,0,0,0,1,1,0,2859.45799565
20204,1129001718,20,20,0,0,1,2,4,10,3,0,1,2,4,10,3,0,0,0,0,0,0,5182.60388761
20204,1129001720,113,81,32,0,9,24,27,35,18,0,3,17,20,25,16,0,6,7,7,10,2,14588.5181186
20204,1129001721,2,2,0,0,0,1,0,0,1,0,0,1,0,0,1,0,0,0,0,0,0,35726.6010143
20204,1129001722,115,50,65,3,39,21,21,23,8,1,20,10,12,6,1,2,19,11,9,17,7,208944.212216
20204,1129001723,1007,400,607,4,392,409,176,22,4,1,168,178,43,6,4,3,224,231,133,16,0,17351.2547931
20204,1129001725,115,105,10,0,14,26,36,30,9,0,11,24,33,29,8,0,3,2,3,1,1,3211.27340679
20204,1129001727,60,37,23,0,16,23,16,4,1,0,10,15,9,3,0,0,6,8,7,1,1,11404.1999449
20204,1129001728,122,113,9,0,0,3,13,52,54,0,0,1,11,49,52,0,0,2,2,3,2,10298.3745181
20204,1129001729,39,21,18,0,9,8,16,5,1,0,1,3,13,4,0,0,8,5,3,1,1,14429.3177552
20204,1129001731,352,338,14,0,36,100,101,105,10,0,32,96,96,105,9,0,4,4,5,0,1,15322.0620527
20204,1129001732,22,14,8,0,3,5,4,8,2,0,3,4,2,4,1,0,0,1,2,4,1,7008.62593422
20204,1129001733,507,385,122,1,154,156,83,102,11,0,74,127,72,102,10,1,80,29,11,0,1,14141.332928
20204,1129001734,11,5,6,0,4,1,2,2,2,0,1,1,1,1,1,0,3,0,1,1,1,16218.749889
20204,1129001735,2,1,1,0,1,0,1,0,0,0,0,0,1,0,0,0,1,0,0,0,0,3143.56685703
20204,1129001736,888,751,137,0,105,305,278,187,13,0,54,259,248,178,12,0,51,46,30,9,1,20885.5474179
20204,1129001737,4,4,0,0,0,1,2,0,1,0,0,1,2,0,1,0,0,0,0,0,0,6677.97298018
20204,1129001738,12087,11233,854,5,892,2435,3701,4847,207,0,725,2094,3516,4751,147,5,167,341,185,96,60,36702.3474634
20204,1129001739,61,36,25,0,1,19,25,12,4,0,0,11,11,10,4,0,1,8,14,2,0,3342.16520041
20204,1129001740,7,4,3,0,0,2,3,1,1,0,0,1,2,1,0,0,0,1,1,0,1,11136.2202808
20204,1129001741,19,8,11,1,5,1,7,3,2,0,4,0,3,0,1,1,1,1,4,3,1,14491.8325383
20204,1129001742,82,45,37,0,8,18,22,15,19,0,4,7,10,10,14,0,4,11,12,5,5,59407.2168511
20204,1129001743,35,22,13,0,7,11,9,6,2,0,5,7,6,3,1,0,2,4,3,3,1,45676.2336692
20204,1129001744,277,230,47,1,36,85,92,55,8,0,23,60,87,53,7,1,13,25,5,2,1,4252.37959544
20204,1129001747,554,197,357,0,114,176,203,59,2,0,31,48,81,35,2,0,83,128,122,24,0,62215.1849167
20204,1129001748,22,18,4,0,1,4,5,8,4,0,0,4,3,8,3,0,1,0,2,0,1,13250.2462508
20204,1129001750,62,55,7,1,3,5,11,21,21,1,2,4,10,19,19,0,1,1,1,2,2,4991.29551256
20204,1129001752,268,138,130,2,94,38,39,37,58,0,42,19,26,18,33,2,52,19,13,19,25,32129.1420407
20204,1129001754,37,21,16,0,4,9,13,5,6,0,3,6,4,2,6,0,1,3,9,3,0,56238.503021
20204,1129001755,8,5,3,0,0,3,1,1,3,0,0,2,1,1,1,0,0,1,0,0,2,15866.9890591
20204,1129001757,971,449,522,0,262,307,224,139,39,0,77,122,129,93,28,0,185,185,95,46,11,115183.835906
20204,1129001758,9,6,3,0,0,2,1,1,5,0,0,1,0,0,5,0,0,1,1,1,0,461704.104484
20204,1129001759,21,9,12,0,4,6,7,3,1,0,0,2,3,3,1,0,4,4,4,0,0,127972.990805
20204,1129001760,12,5,7,0,0,2,5,3,2,0,0,0,1,2,2,0,0,2,4,1,0,173578.137983
20204,1129001762,81,60,21,0,9,13,26,17,16,0,6,10,17,13,14,0,3,3,9,4,2,3792.49172069
20204,1129001763,38,19,19,0,7,9,11,9,2,0,2,5,5,6,1,0,5,4,6,3,1,3685.11917834
20204,1129001765,89,64,25,0,7,10,25,24,23,0,2,6,19,20,17,0,5,4,6,4,6,3195.51657621
20204,1129001766,84,69,15,0,11,13,23,28,9,0,7,10,20,23,9,0,4,3,3,5,0,2626.50736881
20204,1129001767,4,3,1,0,1,0,0,0,3,0,0,0,0,0,3,0,1,0,0,0,0,2362.44833114
20204,1129001769,7,5,2,0,0,0,1,4,2,0,0,0,0,3,2,0,0,0,1,1,0,7690.69074465
20204,1129001771,28,18,10,0,1,5,12,7,3,0,1,2,6,6,3,0,0,3,6,1,0,5002.07761172
20204,1129001772,2,2,0,0,0,0,0,1,1,0,0,0,0,1,1,0,0,0,0,0,0,5441.09988607
20204,1129001775,22,17,5,0,7,10,2,1,2,0,5,9,2,1,0,0,2,1,0,0,2,4574.31319467
20204,1129001777,676,506,170,3,121,184,150,147,71,3,79,140,120,117,47,0,42,44,30,30,24,5672.70743044
20204,1129001780,39,24,15,0,2,13,9,10,5,0,1,11,4,4,4,0,1,2,5,6,1,12966.6739742
20204,1129001781,49,27,22,1,13,11,10,11,3,0,5,6,9,4,3,1,8,5,1,7,0,679.953867576
20204,1129001782,301,249,52,1,33,90,111,66,0,0,26,81,91,51,0,1,7,9,20,15,0,5627.30439485
20204,1129001787,5,2,3,0,0,2,0,2,1,0,0,1,0,0,1,0,0,1,0,2,0,1932.05015884
20204,1129001790,2,2,0,0,0,0,2,0,0,0,0,0,2,0,0,0,0,0,0,0,0,953.419858708
20204,1129001791,23,13,10,0,12,9,1,1,0,0,6,6,1,0,0,0,6,3,0,1,0,5521.52808952
20204,1129001792,4,2,2,0,0,0,1,3,0,0,0,0,0,2,0,0,0,0,1,1,0,6575.87772822
20204,1129001793,8,4,4,0,0,1,0,3,4,0,0,1,0,0,3,0,0,0,0,3,1,1556.47288448
20204,1129001796,2,1,1,0,0,0,0,2,0,0,0,0,0,1,0,0,0,0,0,1,0,5927.95159607
20204,1129001797,3,3,0,0,0,0,0,3,0,0,0,0,0,3,0,0,0,0,0,0,0,3749.07707306
20204,1129001798,4,2,2,0,0,0,2,0,2,0,0,0,2,0,0,0,0,0,0,0,2,2491.22563213
20204,1129001799,7,1,6,0,3,3,0,0,1,0,1,0,0,0,0,0,2,3,0,0,1,3497.66272857
20204,1129001800,22,6,16,1,10,7,2,0,2,0,0,3,2,0,1,1,10,4,0,0,1,2929.06750307
20204,1129001802,5,4,1,0,0,1,2,2,0,0,0,1,1,2,0,0,0,0,1,0,0,1957.18080496
20204,1129001803,10,1,9,0,2,5,2,0,1,0,0,1,0,0,0,0,2,4,2,0,1,3701.79853524
20204,1129001805,173,162,11,0,3,13,17,56,84,0,2,10,15,54,81,0,1,3,2,2,3,7603.20550094
20204,1129001806,6,5,1,0,0,1,0,3,2,0,0,1,0,3,1,0,0,0,0,0,1,6103.56689588
20204,1129001809,393,366,27,0,18,51,87,144,93,0,15,49,81,132,89,0,3,2,6,12,4,4015.54869065
20204,1129001811,3,1,2,0,0,1,1,0,1,0,0,0,0,0,1,0,0,1,1,0,0,4013.3108732
20204,1129001813,1027,535,492,0,91,342,397,191,6,0,29,148,235,117,6,0,62,194,162,74,0,1236.84460347
20204,1129001817,15,9,6,0,0,4,3,1,7,0,0,1,2,0,6,0,0,3,1,1,1,4900.68402436
20204,1129001819,70,66,4,0,3,0,9,33,25,0,1,0,8,33,24,0,2,0,1,0,1,2866.42817973
20204,1129001821,437,335,102,1,126,198,91,17,4,0,86,158,76,13,2,1,40,40,15,4,2,6101.43159287
20204,1129001822,121,44,77,0,27,24,36,19,15,0,10,8,10,10,6,0,17,16,26,9,9,3977.64529884
20204,1129001823,12,7,5,0,0,0,1,3,8,0,0,0,1,0,6,0,0,0,0,3,2,9128.55318805
20204,1129001824,16,9,7,0,4,4,3,2,3,0,3,2,2,0,2,0,1,2,1,2,1,8815.50505784
20204,1129001826,7,6,1,0,3,3,1,0,0,0,2,3,1,0,0,0,1,0,0,0,0,1169.4131382
20204,1129001831,24,19,5,0,3,4,9,5,3,0,2,2,8,4,3,0,1,2,1,1,0,3705.6866103
20204,1129001834,2,1,1,0,0,1,1,0,0,0,0,0,1,0,0,0,0,1,0,0,0,1737.95598376
20204,1129001837,5,2,3,0,0,0,2,1,2,0,0,0,0,0,2,0,0,0,2,1,0,4200.31347075
20204,1129001838,20,0,20,0,9,2,4,5,0,0,0,0,0,0,0,0,9,2,4,5,0,1605.0396624
20204,1129001839,2,1,1,0,0,0,1,1,0,0,0,0,0,1,0,0,0,0,1,0,0,2216.78679614
20204,1129001843,16,5,11,1,3,4,2,4,2,0,0,1,2,1,1,1,3,3,0,3,1,6201.15364473
20204,1129001844,8,1,7,0,1,2,1,0,4,0,0,0,0,0,1,0,1,2,1,0,3,1180.56938563
20204,1129001845,6,2,4,0,2,1,1,0,2,0,0,1,0,0,1,0,2,0,1,0,1,1469.88884095
20204,1129001846,2,2,0,0,0,0,1,0,1,0,0,0,1,0,1,0,0,0,0,0,0,4253.98061194
20204,1129001847,10,9,1,0,2,5,3,0,0,0,2,4,3,0,0,0,0,1,0,0,0,3085.97983842
20204,1129001849,5,2,3,0,1,0,1,3,0,0,1,0,0,1,0,0,0,0,1,2,0,1774.29074096
20204,1129001852,14,2,12,0,1,3,7,2,1,0,0,0,1,1,0,0,1,3,6,1,1,5600.35205905
20204,1129001854,28,7,21,0,12,9,5,1,1,0,0,2,3,1,1,0,12,7,2,0,0,2237.60939737
20204,1129001855,3,1,2,0,1,1,0,1,0,0,0,0,0,1,0,0,1,1,0,0,0,2625.55521993
20204,1129001856,11,8,3,0,0,3,5,3,0,0,0,3,3,2,0,0,0,0,2,1,0,2524.69968364
20204,1129001857,12,6,6,0,0,6,3,2,1,0,0,2,1,2,1,0,0,4,2,0,0,1269.0379333
20204,1129001858,9,6,3,0,0,1,2,1,5,0,0,1,0,1,4,0,0,0,2,0,1,2440.06803089
20204,1129001859,4,2,2,0,0,1,1,2,0,0,0,1,0,1,0,0,0,0,1,1,0,1274.74125263
20204,1129001862,22,11,11,0,3,3,6,5,5,0,0,2,3,3,3,0,3,1,3,2,2,1344.83088156
20204,1129001864,15,7,8,0,5,2,0,2,6,0,1,1,0,1,4,0,4,1,0,1,2,4159.64299935
20204,1129001865,13,10,3,0,1,5,2,4,1,0,0,4,2,3,1,0,1,1,0,1,0,5431.32381959
20204,1129001866,9,5,4,0,0,1,5,3,0,0,0,1,1,3,0,0,0,0,4,0,0,1978.40387727
20204,1129001868,6,4,2,0,1,4,0,0,1,0,0,3,0,0,1,0,1,1,0,0,0,2023.40280659
20204,1129001869,17,11,6,0,0,2,7,5,3,0,0,1,3,4,3,0,0,1,4,1,0,1213.87136607
20204,1129001871,20,6,14,0,4,3,6,7,0,0,0,2,0,4,0,0,4,1,6,3,0,5937.41628291
20204,1129001872,81,44,37,0,6,10,25,30,10,0,4,7,12,16,5,0,2,3,13,14,5,4385.11483318
20204,1129001873,17,10,7,0,0,2,9,3,3,0,0,2,5,0,3,0,0,0,4,3,0,6423.12726131
20204,1129001874,3,1,2,0,0,0,3,0,0,0,0,0,1,0,0,0,0,0,2,0,0,3041.35607503
20204,1129001877,24,17,7,0,1,2,11,5,5,0,1,1,8,3,4,0,0,1,3,2,1,2379.96039316
20204,1129001880,88,32,56,0,11,17,22,17,21,0,6,5,2,8,11,0,5,12,20,9,10,11745.6973191
20204,1129001882,7,5,2,0,0,0,1,6,0,0,0,0,0,5,0,0,0,0,1,1,0,2567.74991221
20204,1129001885,15,9,6,0,5,5,2,3,0,0,4,1,2,2,0,0,1,4,0,1,0,4631.45059836
20204,1129001890,2,2,0,0,0,0,2,0,0,0,0,0,2,0,0,0,0,0,0,0,0,1215.75226458
20204,1129001892,5,1,4,0,0,0,0,4,1,0,0,0,0,1,0,0,0,0,0,3,1,4712.9194268
20204,1129001893,7,6,1,0,2,1,3,0,1,0,2,1,3,0,0,0,0,0,0,0,1,4072.76141789
20204,1129001894,11,5,6,0,5,3,2,0,1,0,0,2,2,0,1,0,5,1,0,0,0,5014.25878933
20204,1129001895,20,4,16,0,1,0,5,12,2,0,0,0,0,3,1,0,1,0,5,9,1,4594.51232741
20204,1129001900,2,2,0,0,0,0,1,0,1,0,0,0,1,0,1,0,0,0,0,0,0,1438.37091732
20204,1129001902,6,4,2,0,1,1,0,0,4,0,1,1,0,0,2,0,0,0,0,0,2,2446.56008202
20204,1129001905,73,25,48,0,14,19,20,12,8,0,5,4,6,5,5,0,9,15,14,7,3,76031.7400242
20204,1129001908,9,3,6,0,1,2,4,1,1,0,0,1,1,0,1,0,1,1,3,1,0,2639.12239581
20204,1129001910,10,5,5,0,0,5,3,2,0,0,0,2,1,2,0,0,0,3,2,0,0,3448.69916309
20204,1129001911,9,3,6,0,0,0,6,2,1,0,0,0,3,0,0,0,0,0,3,2,1,4654.39745712
20204,1129001912,5,4,1,0,0,1,0,2,2,0,0,1,0,2,1,0,0,0,0,0,1,1587.62560515
20204,1129001913,4,4,0,0,0,1,0,2,1,0,0,1,0,2,1,0,0,0,0,0,0,1322.62881485
20204,1129001919,3,1,2,0,0,3,0,0,0,0,0,1,0,0,0,0,0,2,0,0,0,1226.92166334
20204,1129001921,1,0,1,0,0,1,0,0,0,0,0,0,0,0,0,0,0,1,0,0,0,1330.40119407
20204,1129001923,128,38,90,0,10,24,53,30,11,0,4,5,15,9,5,0,6,19,38,21,6,3420.0104574
20204,1129001932,3,0,3,0,1,0,0,2,0,0,0,0,0,0,0,0,1,0,0,2,0,2467.5735448
20204,1129001936,3,2,1,0,0,0,0,3,0,0,0,0,0,2,0,0,0,0,0,1,0,9166.11253513
20204,1129001941,46,12,34,0,16,13,7,8,2,0,4,4,3,0,1,0,12,9,4,8,1,9370.09863927
20204,1129001942,26,12,14,0,18,3,3,2,0,0,7,2,1,2,0,0,11,1,2,0,0,437947.697653
20204,1129001945,2,2,0,0,0,0,0,1,1,0,0,0,0,1,1,0,0,0,0,0,0,1967.90878546
20204,1129001946,6,6,0,0,0,3,3,0,0,0,0,3,3,0,0,0,0,0,0,0,0,1541.27775852
20204,1129001947,2,1,1,0,0,1,0,0,1,0,0,0,0,0,1,0,0,1,0,0,0,7388.18419486
20204,1129001948,44,12,32,0,5,1,14,17,7,0,1,1,2,3,5,0,4,0,12,14,2,16156.7338016
20204,1129001950,7,5,2,0,0,4,2,1,0,0,0,2,2,1,0,0,0,2,0,0,0,3221.76775899
20204,1129001953,6,4,2,0,0,0,3,3,0,0,0,0,2,2,0,0,0,0,1,1,0,9974.66027638
20204,1129001954,17,4,13,0,4,3,7,2,1,0,0,1,2,0,1,0,4,2,5,2,0,6849.4671825
20204,1129001955,56,37,19,0,11,16,13,11,5,0,8,11,9,6,3,0,3,5,4,5,2,3092.29561786
20204,1129001959,5,4,1,0,0,0,2,3,0,0,0,0,1,3,0,0,0,0,1,0,0,3289.24841544
20204,1129001960,2,2,0,0,0,0,1,1,0,0,0,0,1,1,0,0,0,0,0,0,0,1295.03307299
20204,1129001962,6,5,1,0,1,1,2,0,2,0,1,1,1,0,2,0,0,0,1,0,0,1859.69998736
20204,1129001964,243,154,89,2,21,47,70,68,35,2,16,28,39,47,22,0,5,19,31,21,13,4677.16547515
20204,1129001967,40,38,2,0,0,3,7,26,4,0,0,3,6,26,3,0,0,0,1,0,1,2753.5521339
20204,1129001968,155,134,21,0,4,8,23,64,56,0,1,7,16,58,52,0,3,1,7,6,4,1484.80235144
20204,1129001970,989,763,226,0,20,25,102,137,705,0,17,19,68,110,549,0,3,6,34,27,156,10142.1060422
20204,1129001981,8,8,0,0,0,1,6,1,0,0,0,1,6,1,0,0,0,0,0,0,0,1991.0859651
20204,1129001983,2,2,0,0,0,0,1,0,1,0,0,0,1,0,1,0,0,0,0,0,0,3496.91527157
20204,1129001986,11,0,11,0,1,3,4,1,2,0,0,0,0,0,0,0,1,3,4,1,2,1822.66614489
20204,1129001997,48,37,11,0,9,3,4,23,9,0,5,2,2,21,7,0,4,1,2,2,2,6168.94218231
20204,1129002002,1,1,0,0,0,0,0,1,0,0,0,0,0,1,0,0,0,0,0,0,0,3881.52250267
20204,1129002003,4,2,2,0,0,0,1,2,1,0,0,0,0,1,1,0,0,0,1,1,0,1632.91902632
20204,1129002007,9,2,7,0,2,1,5,1,0,0,0,0,1,1,0,0,2,1,4,0,0,4233.0347951
20204,1129002009,3,2,1,0,0,0,2,1,0,0,0,0,1,1,0,0,0,0,1,0,0,2124.45724996
20204,1129002012,15,4,11,0,0,0,3,11,1,0,0,0,1,2,1,0,0,0,2,9,0,1507.14214812
20204,1129002016,24,11,13,0,5,5,7,4,3,0,0,3,5,2,1,0,5,2,2,2,2,3779.15199954
20204,1129002021,8,6,2,0,0,4,2,2,0,0,0,4,0,2,0,0,0,0,2,0,0,1576.48788212
20204,1129002022,4,2,2,0,1,0,2,0,1,0,0,0,1,0,1,0,1,0,1,0,0,4191.55035887
20204,1129002023,116,57,59,0,21,31,27,22,15,0,8,13,11,14,11,0,13,18,16,8,4,11480.5519753
20204,1129002039,2,2,0,0,1,0,0,1,0,0,1,0,0,1,0,0,0,0,0,0,0,1334.84037769
20204,1129002043,3,3,0,0,0,0,0,1,2,0,0,0,0,1,2,0,0,0,0,0,0,1435.64434277
20204,1129002046,58,14,44,0,0,4,13,18,23,0,0,4,4,4,2,0,0,0,9,14,21,8749.50762102
20204,1129002047,2,1,1,0,0,0,1,1,0,0,0,0,1,0,0,0,0,0,0,1,0,3870.47638498
20204,1129002048,5,3,2,0,0,1,1,2,1,0,0,0,1,2,0,0,0,1,0,0,1,1443.41986327
20204,1129002049,11,10,1,0,0,2,3,4,2,0,0,2,2,4,2,0,0,0,1,0,0,1672.3509793
20204,1129002053,21,5,16,0,2,10,4,5,0,0,0,5,0,0,0,0,2,5,4,5,0,1894.38440958
20204,1129002059,84,61,23,1,11,22,35,11,4,1,6,19,30,5,0,0,5,3,5,6,4,4709.91195331
20204,1129002060,13,6,7,0,6,3,2,2,0,0,2,1,1,2,0,0,4,2,1,0,0,1810.84668155
20204,1129002068,3,1,2,0,0,0,3,0,0,0,0,0,1,0,0,0,0,0,2,0,0,2267.13034229
20204,1129002072,3,3,0,0,0,0,0,2,1,0,0,0,0,2,1,0,0,0,0,0,0,1338.37583629
20204,1129002077,13,4,9,0,7,2,2,1,1,0,0,1,2,0,1,0,7,1,0,1,0,1355.91522144
20204,1129002080,10,0,10,0,1,3,3,2,1,0,0,0,0,0,0,0,1,3,3,2,1,2501.95897082
20204,1129002083,3,0,3,0,1,2,0,0,0,0,0,0,0,0,0,0,1,2,0,0,0,2980.77335471
20204,1129002084,179,29,150,0,34,58,48,38,1,0,3,8,9,9,0,0,31,50,39,29,1,13593.4671353
20204,1129002086,5,4,1,0,0,0,1,3,1,0,0,0,1,2,1,0,0,0,0,1,0,5751.88011396
20204,1129002087,10,0,10,0,1,3,4,2,0,0,0,0,0,0,0,0,1,3,4,2,0,1676.80587636
20204,1129002090,6,5,1,0,0,2,1,3,0,0,0,2,1,2,0,0,0,0,0,1,0,1737.84172402
20204,1129002091,4,3,1,0,0,0,0,3,1,0,0,0,0,2,1,0,0,0,0,1,0,3879.23639159
20204,1129002093,7,5,2,0,1,1,3,2,0,0,1,1,2,1,0,0,0,0,1,1,0,1683.362008
20204,1129002094,2,1,1,0,0,1,1,0,0,0,0,1,0,0,0,0,0,0,1,0,0,2410.06826046
20204,1129002105,3,2,1,0,0,1,2,0,0,0,0,1,1,0,0,0,0,0,1,0,0,2036.80540496
20204,1129002107,11,4,7,0,0,4,4,2,1,0,0,0,2,1,1,0,0,4,2,1,0,4800.9954326
20204,1129002118,2,1,1,0,0,2,0,0,0,0,0,1,0,0,0,0,0,1,0,0,0,2098.21971208
20204,1129002124,5,2,3,0,0,1,0,2,2,0,0,1,0,0,1,0,0,0,0,2,1,2433.43492417
20204,1129002126,173,72,101,0,14,29,53,27,50,0,4,10,28,12,18,0,10,19,25,15,32,2709.43073191
20204,1129002128,10,1,9,0,1,0,2,6,1,0,0,0,0,0,1,0,1,0,2,6,0,3326.39011218
20204,1129002138,1,1,0,0,0,0,1,0,0,0,0,0,1,0,0,0,0,0,0,0,0,533.733970255
20204,1129002154,54,15,39,1,10,21,16,3,3,1,2,5,6,1,0,0,8,16,10,2,3,5325.53662008
20204,1129002156,35,9,26,0,3,5,4,5,18,0,0,2,3,1,3,0,3,3,1,4,15,4538.77153372
20204,1129002163,23,5,18,0,6,1,10,6,0,0,0,0,1,4,0,0,6,1,9,2,0,6501.85395217
20204,1129002168,30,13,17,0,3,6,11,4,6,0,0,1,7,0,5,0,3,5,4,4,1,5826.40881998
20204,1129002171,2,0,2,0,0,2,0,0,0,0,0,0,0,0,0,0,0,2,0,0,0,10329.6850449
20204,1129002181,3,3,0,0,0,1,1,0,1,0,0,1,1,0,1,0,0,0,0,0,0,5679.50517494
20204,1129002182,224,140,84,1,30,64,82,29,18,0,17,43,44,21,15,1,13,21,38,8,3,3129.97681504
20204,1129002184,4,2,2,0,0,3,1,0,0,0,0,2,0,0,0,0,0,1,1,0,0,1770.72861873
20204,1129002185,3,2,1,0,1,0,1,1,0,0,1,0,1,0,0,0,0,0,0,1,0,1834.70040303
20204,1129002186,2,1,1,0,0,0,2,0,0,0,0,0,1,0,0,0,0,0,1,0,0,3832.37423793
20204,1129002188,3,2,1,0,0,0,1,2,0,0,0,0,0,2,0,0,0,0,1,0,0,3403.37784519
20204,1129002190,2,2,0,0,0,1,0,1,0,0,0,1,0,1,0,0,0,0,0,0,0,3530.87557737
20204,1129002192,2,2,0,0,0,0,0,2,0,0,0,0,0,2,0,0,0,0,0,0,0,3566.39001961
20204,1129002193,3,2,1,0,0,0,0,2,1,0,0,0,0,1,1,0,0,0,0,1,0,3217.46525943
20204,1129002195,101,69,32,0,11,24,31,13,22,0,6,18,22,10,13,0,5,6,9,3,9,22349.1448746
20204,1129002196,4,2,2,0,1,2,0,1,0,0,0,1,0,1,0,0,1,1,0,0,0,1252.91435252
20204,1129002198,35,22,13,0,1,7,8,9,10,0,1,3,3,7,8,0,0,4,5,2,2,7752.24972337
20204,1129002199,2,1,1,0,0,1,0,1,0,0,0,0,0,1,0,0,0,1,0,0,0,3624.71100486
20204,1129002201,2,1,1,0,0,0,0,0,2,0,0,0,0,0,1,0,0,0,0,0,1,2906.53584558
20204,1129002203,36,32,4,0,4,3,11,12,6,0,4,2,9,11,6,0,0,1,2,1,0,4622.10989553
20204,1129002204,7,4,3,0,1,3,2,0,1,0,0,1,2,0,1,0,1,2,0,0,0,8681.19333025
20204,1129002205,6,0,6,0,1,2,0,3,0,0,0,0,0,0,0,0,1,2,0,3,0,8030.38680177
20204,1129002207,23,12,11,0,1,6,3,6,7,0,0,3,1,2,6,0,1,3,2,4,1,4035.81071771
20204,1129002208,332,173,159,0,32,101,104,63,32,0,12,50,64,28,19,0,20,51,40,35,13,10145.1995628
20204,1129002209,5,0,5,0,0,2,1,1,1,0,0,0,0,0,0,0,0,2,1,1,1,1273.98623352
20204,1129002210,38,15,23,0,7,8,9,7,7,0,2,3,2,3,5,0,5,5,7,4,2,8120.09588535
20204,1129002211,21,9,12,0,0,1,5,8,7,0,0,1,1,3,4,0,0,0,4,5,3,4500.74404008
20204,1129002212,65,35,30,0,5,14,13,16,17,0,2,9,6,11,7,0,3,5,7,5,10,8957.09524743
20204,1129002213,45,22,23,0,2,7,16,16,4,0,1,3,7,9,2,0,1,4,9,7,2,14995.2650451
20204,1129002214,7,6,1,0,0,1,2,1,3,0,0,1,2,0,3,0,0,0,0,1,0,1731.99791452
20204,1129002215,6,2,4,0,1,0,2,2,1,0,0,0,1,0,1,0,1,0,1,2,0,3440.34008297
20204,1129002218,52,34,18,1,10,13,16,8,4,0,5,9,12,6,2,1,5,4,4,2,2,14864.3252315
20204,1129002219,7,5,2,0,2,1,2,2,0,0,1,1,1,2,0,0,1,0,1,0,0,5857.28448504
20204,1129002221,22,10,12,0,4,6,2,5,5,0,1,1,0,4,4,0,3,5,2,1,1,12600.4196396
20204,1129002223,6,2,4,0,0,0,2,4,0,0,0,0,0,2,0,0,0,0,2,2,0,3021.59637702
20204,1129002225,16,6,10,0,1,4,6,3,2,0,0,1,4,0,1,0,1,3,2,3,1,3273.96716563
20204,1129002229,1627,1166,461,0,310,658,319,221,119,0,169,480,226,177,114,0,141,178,93,44,5,441421.287997
20204,1129002231,26,12,14,0,0,5,13,3,5,0,0,1,6,1,4,0,0,4,7,2,1,5168.98395907
20204,1129002233,3,1,2,0,0,0,1,0,2,0,0,0,0,0,1,0,0,0,1,0,1,3429.18856967
20204,1129002236,9,2,7,0,2,5,2,0,0,0,0,2,0,0,0,0,2,3,2,0,0,5999.12956369
20204,1129002238,5,4,1,0,1,2,2,0,0,0,1,2,1,0,0,0,0,0,1,0,0,8420.20371284
20204,1129002243,17,1,16,0,3,7,4,2,1,0,0,0,0,0,1,0,3,7,4,2,0,169635.383512
20204,1129002244,14,2,12,0,4,2,4,3,1,0,0,0,0,2,0,0,4,2,4,1,1,5380.12712583
20204,1129002245,6,3,3,0,2,1,1,0,2,0,1,1,1,0,0,0,1,0,0,0,2,2074.48980596
20204,1129002248,3,2,1,0,1,0,0,2,0,0,1,0,0,1,0,0,0,0,0,1,0,956.49386295
20204,1129002249,282,263,19,0,7,10,13,15,237,0,6,7,4,12,234,0,1,3,9,3,3,19442.8273689
20204,1129002250,55,19,36,0,26,15,8,4,2,0,5,7,4,1,2,0,21,8,4,3,0,14181.1653138
20204,1129002252,2,2,0,0,0,0,2,0,0,0,0,0,2,0,0,0,0,0,0,0,0,3337.16519792
20204,1129002253,2,2,0,0,0,0,0,2,0,0,0,0,0,2,0,0,0,0,0,0,0,2807.55795774
20204,1129002254,132,97,35,0,5,46,53,24,4,0,1,32,41,20,3,0,4,14,12,4,1,5285.01129929
20204,1129002259,2,1,1,0,0,0,0,1,1,0,0,0,0,0,1,0,0,0,0,1,0,2217.39757024
20204,1129002262,10,1,9,0,0,3,1,2,4,0,0,0,0,0,1,0,0,3,1,2,3,2223.12867025
20204,1129002263,6,4,2,0,0,0,1,4,1,0,0,0,0,4,0,0,0,0,1,0,1,3466.09500634
20204,1129002264,2,0,2,0,0,0,1,0,1,0,0,0,0,0,0,0,0,0,1,0,1,4824.49219195
20204,1129002265,6,1,5,0,0,1,4,1,0,0,0,0,1,0,0,0,0,1,3,1,0,1242.80683928
20204,1129002267,20,5,15,2,12,1,4,0,1,0,2,0,2,0,1,2,10,1,2,0,0,2775.1633575
20204,1129002268,168,57,111,0,37,23,26,55,27,0,13,15,12,11,6,0,24,8,14,44,21,36458.9526739
20204,1129002270,17,10,7,0,4,5,1,5,2,0,4,4,1,0,1,0,0,1,0,5,1,1475.42593303
20204,1129002274,16,1,15,0,5,6,1,1,3,0,0,0,0,0,1,0,5,6,1,1,2,4669.56432472
20204,1129002279,92,31,61,0,9,28,25,27,3,0,5,4,10,9,3,0,4,24,15,18,0,10094.5325662
20204,1129002282,158,116,42,1,28,64,40,15,10,1,22,53,22,9,9,0,6,11,18,6,1,4021.73304909
20204,1129002289,19,5,14,0,4,2,5,8,0,0,1,0,1,3,0,0,3,2,4,5,0,9705.0365792
20204,1129002290,250,137,113,0,7,22,88,97,36,0,0,8,52,54,23,0,7,14,36,43,13,42011.6324016
20204,1129002291,2,1,1,0,0,0,0,2,0,0,0,0,0,1,0,0,0,0,0,1,0,929.497139492
20204,1129002292,9,7,2,0,0,1,3,4,1,0,0,1,2,3,1,0,0,0,1,1,0,3039.09428775
20204,1129002293,6,5,1,0,1,1,3,1,0,0,0,1,3,1,0,0,1,0,0,0,0,2077.61239976
20204,1129002294,7,6,1,0,1,0,4,2,0,0,1,0,4,1,0,0,0,0,0,1,0,8727.81815393
20204,1129002301,2,1,1,0,0,0,0,0,2,0,0,0,0,0,1,0,0,0,0,0,1,1077.75832975
20204,1129002303,19,14,5,0,1,4,8,4,2,0,1,2,6,3,2,0,0,2,2,1,0,1920.66345941
20204,1129002307,26,15,11,0,1,3,8,10,4,0,1,3,5,4,2,0,0,0,3,6,2,13700.153053
20204,1129002313,2,1,1,0,0,1,1,0,0,0,0,0,1,0,0,0,0,1,0,0,0,826.490001464
20204,1129002318,666,429,237,1,166,159,181,111,48,0,91,118,113,64,43,1,75,41,68,47,5,3428.74690881
20204,1129002319,2,0,2,0,0,0,0,0,2,0,0,0,0,0,0,0,0,0,0,0,2,4658.41670517
20204,1129002323,2,1,1,0,0,0,0,2,0,0,0,0,0,1,0,0,0,0,0,1,0,475.323322453
20204,1129002326,1,1,0,0,0,0,0,1,0,0,0,0,0,1,0,0,0,0,0,0,0,2359.65263058
20204,1129002327,6,2,4,0,1,0,3,1,1,0,1,0,1,0,0,0,0,0,2,1,1,2827.66203477
20204,1129002328,10,0,10,0,1,5,2,2,0,0,0,0,0,0,0,0,1,5,2,2,0,80656.4532543
20204,1129002333,14,3,11,0,3,3,5,2,1,0,0,1,2,0,0,0,3,2,3,2,1,3902.50395142
20204,1129002335,19,10,9,0,2,3,4,5,5,0,1,1,3,2,3,0,1,2,1,3,2,4812.48497944
20204,1129002336,69,15,54,0,14,15,20,16,4,0,4,3,2,4,2,0,10,12,18,12,2,11972.4676867
20204,1129002339,3,2,1,0,0,0,0,3,0,0,0,0,0,2,0,0,0,0,0,1,0,2735.23796963
20204,1129002341,13,6,7,0,7,3,2,1,0,0,3,2,1,0,0,0,4,1,1,1,0,1288.63460844
20204,1129002342,13,8,5,0,4,3,5,0,1,0,3,2,2,0,1,0,1,1,3,0,0,1763.56480908
20204,1129002343,1,1,0,0,0,0,1,0,0,0,0,0,1,0,0,0,0,0,0,0,0,760.370671509
20204,1129002345,2,2,0,0,0,2,0,0,0,0,0,2,0,0,0,0,0,0,0,0,0,2031.83967628
20204,1129002347,2,1,1,0,0,1,1,0,0,0,0,0,1,0,0,0,0,1,0,0,0,2901.35365091
20204,1129002355,2,2,0,0,0,0,0,0,2,0,0,0,0,0,2,0,0,0,0,0,0,5650.48804124
20204,1129002357,28,2,26,0,1,2,2,6,17,0,0,1,0,0,1,0,1,1,2,6,16,3529.63067203
20204,1129002361,70,41,29,0,19,16,17,14,4,0,13,11,11,4,2,0,6,5,6,10,2,1643.30826449
20204,1129002362,2,2,0,0,0,0,0,2,0,0,0,0,0,2,0,0,0,0,0,0,0,2039.82799501
20204,1129002369,20,6,14,0,0,2,6,5,7,0,0,1,4,0,1,0,0,1,2,5,6,4270.19633829
20204,1129002370,98,39,59,0,58,26,8,4,2,0,20,11,3,3,2,0,38,15,5,1,0,1985.52759671
20204,1129002375,12,8,4,0,1,0,3,0,8,0,0,0,1,0,7,0,1,0,2,0,1,2627.26094901
20204,1129002376,10,9,1,0,1,4,3,1,1,0,1,4,2,1,1,0,0,0,1,0,0,2230.4637765
20204,1129002379,4,1,3,0,1,2,0,1,0,0,0,0,0,1,0,0,1,2,0,0,0,6381.68159416
20204,1129002380,1,0,1,0,0,0,0,0,1,0,0,0,0,0,0,0,0,0,0,0,1,1272.59744782
20204,1129002382,1,0,1,0,0,0,1,0,0,0,0,0,0,0,0,0,0,0,1,0,0,1731.38142829
20204,1129002386,7,2,5,0,0,0,4,3,0,0,0,0,0,2,0,0,0,0,4,1,0,7508.23601006
20204,1129002390,1,1,0,0,0,0,0,1,0,0,0,0,0,1,0,0,0,0,0,0,0,2112.76016803
20204,1129002391,7,2,5,0,0,0,4,1,2,0,0,0,0,1,1,0,0,0,4,0,1,5430.82202861
20204,1129002392,1,1,0,0,0,0,0,0,1,0,0,0,0,0,1,0,0,0,0,0,0,1825.03622874
20204,1129002395,5,4,1,0,1,0,2,0,2,0,1,0,1,0,2,0,0,0,1,0,0,2343.15160373
20204,1129002397,2,2,0,0,0,0,0,1,1,0,0,0,0,1,1,0,0,0,0,0,0,2736.41121504
20204,1129002398,3,1,2,0,0,0,2,1,0,0,0,0,0,1,0,0,0,0,2,0,0,4258.27755876
20204,1129002403,3,2,1,0,0,1,0,1,1,0,0,1,0,0,1,0,0,0,0,1,0,2180.53800508
20204,1129002404,13,6,7,0,1,3,2,5,2,0,1,0,0,4,1,0,0,3,2,1,1,5544.70553907
20204,1129002405,12,7,5,0,4,4,2,1,1,0,1,2,2,1,1,0,3,2,0,0,0,2490.9383013
20204,1129002406,14,3,11,0,1,3,4,4,2,0,0,0,1,0,2,0,1,3,3,4,0,3280.74419166
20204,1129002409,8,3,5,0,0,1,1,2,4,0,0,1,0,0,2,0,0,0,1,2,2,3821.27002589
20204,1129002412,8,6,2,0,0,1,2,0,5,0,0,0,1,0,5,0,0,1,1,0,0,2119.41136724
20204,1129002413,37,22,15,0,8,11,10,5,3,0,1,9,8,2,2,0,7,2,2,3,1,2392.79185618
20204,1129002415,10,3,7,0,0,3,6,1,0,0,0,1,2,0,0,0,0,2,4,1,0,5882.43759393
20204,1129002416,9,2,7,0,3,0,4,1,1,0,0,0,1,0,1,0,3,0,3,1,0,4144.25181428
20204,1129002420,4,3,1,0,0,1,0,0,3,0,0,1,0,0,2,0,0,0,0,0,1,1918.4246657
20204,1129002421,3,2,1,0,0,1,0,1,1,0,0,1,0,1,0,0,0,0,0,0,1,2282.14404754
20204,1129002423,10,9,1,0,0,4,5,0,1,0,0,4,4,0,1,0,0,0,1,0,0,1426.14195618
20204,1129002426,14,12,2,1,3,2,2,3,3,1,3,2,1,2,3,0,0,0,1,1,0,1877.15047981
20204,1129002428,18,12,6,0,7,9,2,0,0,0,4,6,2,0,0,0,3,3,0,0,0,3078.12933764
20204,1129002429,2,2,0,0,0,0,1,0,1,0,0,0,1,0,1,0,0,0,0,0,0,2232.8242843
20204,1129002430,8,6,2,0,0,0,1,5,2,0,0,0,0,4,2,0,0,0,1,1,0,13886.5299447
20204,1129002433,3,1,2,0,0,0,1,2,0,0,0,0,0,1,0,0,0,0,1,1,0,1679.41447793
20204,1129002437,3,2,1,0,0,3,0,0,0,0,0,2,0,0,0,0,0,1,0,0,0,2518.39681814
20204,1129002439,11,7,4,0,2,5,4,0,0,0,0,3,4,0,0,0,2,2,0,0,0,2025.83551952
20204,1129002444,7,3,4,0,1,0,0,2,4,0,0,0,0,1,2,0,1,0,0,1,2,2545.97590097
20204,1129002449,2,2,0,0,0,0,0,0,2,0,0,0,0,0,2,0,0,0,0,0,0,2169.3399566
20204,1129002451,9,5,4,0,0,0,0,2,7,0,0,0,0,0,5,0,0,0,0,2,2,2290.52617839
20204,1129002453,5,3,2,0,0,4,0,0,1,0,0,2,0,0,1,0,0,2,0,0,0,1245.12249191
20204,1129002454,2,1,1,0,0,0,1,0,1,0,0,0,1,0,0,0,0,0,0,0,1,3108.32565961
20204,1129002457,2,1,1,0,0,0,1,1,0,0,0,0,1,0,0,0,0,0,0,1,0,3014.48060882
20204,1129002462,2,1,1,0,0,0,0,2,0,0,0,0,0,1,0,0,0,0,0,1,0,3213.42681059
20204,1129002463,46,6,40,0,0,3,1,13,29,0,0,1,1,2,2,0,0,2,0,11,27,14562.7530353
20204,1129002464,1,1,0,0,0,0,0,0,1,0,0,0,0,0,1,0,0,0,0,0,0,3533.36701361
20204,1129002467,2,2,0,0,0,1,1,0,0,0,0,1,1,0,0,0,0,0,0,0,0,2186.23762408
20204,1129002470,69,61,8,0,2,2,7,24,34,0,1,2,4,22,32,0,1,0,3,2,2,2916.52868226
20204,1129002474,6,0,6,0,0,1,3,2,0,0,0,0,0,0,0,0,0,1,3,2,0,9060.60967438
20204,1129002482,5,2,3,0,0,1,2,2,0,0,0,1,1,0,0,0,0,0,1,2,0,1741.45926861
20204,1129002484,3,0,3,0,0,1,1,1,0,0,0,0,0,0,0,0,0,1,1,1,0,1774.65046696
20204,1129002487,1,1,0,0,0,0,0,0,1,0,0,0,0,0,1,0,0,0,0,0,0,2343.96339767
20204,1129002488,3,1,2,0,0,2,1,0,0,0,0,0,1,0,0,0,0,2,0,0,0,2971.3173049
20204,1129002491,36,14,22,0,12,10,7,6,1,0,1,4,3,5,1,0,11,6,4,1,0,2242.56079871
20204,1129002492,16,10,6,0,2,3,2,7,2,0,0,3,1,5,1,0,2,0,1,2,1,2698.26202527
20204,1129002493,91,72,19,1,24,22,19,23,2,0,19,20,16,15,2,1,5,2,3,8,0,22204.6778074
20204,1129002498,3,1,2,0,0,0,0,2,1,0,0,0,0,1,0,0,0,0,0,1,1,2956.82137497
20204,1129002500,3,1,2,0,0,0,0,2,1,0,0,0,0,0,1,0,0,0,0,2,0,2674.87043327
20204,1129002508,2,2,0,0,0,0,2,0,0,0,0,0,2,0,0,0,0,0,0,0,0,640.758253747
20204,1129002509,9,6,3,0,0,3,3,0,3,0,0,1,3,0,2,0,0,2,0,0,1,2180.93167491
20204,1129002512,71,8,63,0,11,18,24,13,5,0,0,1,2,2,3,0,11,17,22,11,2,7718.56578093
20204,1129002514,81,66,15,0,5,7,28,24,17,0,5,5,21,21,14,0,0,2,7,3,3,6885.78435703
20204,1129002517,20,11,9,0,3,1,5,7,4,0,3,0,3,3,2,0,0,1,2,4,2,6198.49964574
20204,1129002518,2,1,1,0,0,0,1,1,0,0,0,0,1,0,0,0,0,0,0,1,0,1750.54834621
20204,1129002519,1,0,1,0,0,0,1,0,0,0,0,0,0,0,0,0,0,0,1,0,0,1924.32225221
20204,1129002522,26,3,23,0,0,11,6,8,1,0,0,2,0,0,1,0,0,9,6,8,0,1422.1478076
20204,1129002523,2,1,1,0,0,0,1,1,0,0,0,0,0,1,0,0,0,0,1,0,0,1923.59277048
20204,1129002528,62,28,34,0,14,11,18,14,5,0,6,2,10,6,4,0,8,9,8,8,1,6990.71006168
20204,1129002531,28,5,23,0,2,7,9,8,2,0,2,2,0,0,1,0,0,5,9,8,1,2532.3398918
20204,1129002532,5,2,3,0,0,1,3,1,0,0,0,0,1,1,0,0,0,1,2,0,0,2521.78054879
20204,1129002533,5,3,2,0,0,1,0,1,3,0,0,1,0,0,2,0,0,0,0,1,1,2229.75860671
20204,1129002534,1,1,0,0,0,0,0,1,0,0,0,0,0,1,0,0,0,0,0,0,0,8743.6121695
20204,1129002535,85,75,10,0,20,34,21,7,3,0,16,34,18,5,2,0,4,0,3,2,1,4971.15181774
20204,1129002537,6,5,1,0,1,0,1,4,0,0,1,0,1,3,0,0,0,0,0,1,0,11342.1650667
20204,1129002539,4,4,0,0,0,0,3,0,1,0,0,0,3,0,1,0,0,0,0,0,0,3522.04385972
20204,1129002542,1,1,0,0,0,0,1,0,0,0,0,0,1,0,0,0,0,0,0,0,0,1660.90262781
20204,1129002543,4,1,3,0,1,1,0,2,0,0,0,0,0,1,0,0,1,1,0,1,0,3896.95655528
20204,1129002545,10,7,3,0,0,3,5,2,0,0,0,2,4,1,0,0,0,1,1,1,0,15484.5253364
20204,1129002546,11,8,3,0,1,2,4,3,1,0,1,1,3,2,1,0,0,1,1,1,0,7008.05892493
20204,1129002548,2,1,1,0,0,0,1,0,1,0,0,0,0,0,1,0,0,0,1,0,0,5635.99295671
20204,1129002550,7,5,2,0,0,0,5,1,1,0,0,0,4,1,0,0,0,0,1,0,1,7405.71073134
20204,1129002552,9,4,5,0,1,0,3,1,4,0,0,0,1,0,3,0,1,0,2,1,1,3098.04765708
20204,1129002553,15,3,12,0,1,4,5,3,2,0,0,1,0,0,2,0,1,3,5,3,0,2702.38072329
20204,1129002556,5,3,2,0,1,1,1,2,0,0,1,1,1,0,0,0,0,0,0,2,0,7467.18653729
20204,1129002557,5,4,1,0,0,0,2,1,2,0,0,0,1,1,2,0,0,0,1,0,0,4019.66509373
20204,1129002561,5,4,1,0,0,2,2,1,0,0,0,1,2,1,0,0,0,1,0,0,0,3554.67848052
20204,1129002564,5,5,0,0,0,4,1,0,0,0,0,4,1,0,0,0,0,0,0,0,0,1731.86539079
20204,1129002565,10,3,7,0,1,2,3,2,2,0,0,0,1,1,1,0,1,2,2,1,1,2994.35731247
20204,1129002567,5,4,1,0,2,0,1,0,2,0,2,0,1,0,1,0,0,0,0,0,1,3720.18244896
20204,1129002568,81,42,39,0,10,23,17,21,10,0,1,8,9,16,8,0,9,15,8,5,2,8196.50899983
20204,1129002573,1,1,0,0,0,0,1,0,0,0,0,0,1,0,0,0,0,0,0,0,0,3339.90812729
20204,1129002576,63,46,17,1,18,17,10,10,7,0,13,11,10,7,5,1,5,6,0,3,2,5967.04350769
20204,1129002579,34,21,13,0,6,7,9,10,2,0,1,6,7,6,1,0,5,1,2,4,1,17053.0103439
20204,1129002581,18,2,16,0,1,4,5,6,2,0,0,0,0,0,2,0,1,4,5,6,0,17905.3775233
20204,1129002584,2,2,0,0,0,0,2,0,0,0,0,0,2,0,0,0,0,0,0,0,0,1879.20285652
20204,1129002585,6,5,1,0,0,0,1,4,1,0,0,0,1,3,1,0,0,0,0,1,0,3239.42151105
20204,1129002587,8,6,2,0,1,3,0,3,1,0,0,2,0,3,1,0,1,1,0,0,0,4051.08703834
20204,1129002589,14,11,3,0,0,3,4,3,4,0,0,2,4,3,2,0,0,1,0,0,2,2754.49652676
20204,1129002592,9,7,2,0,2,0,2,3,2,0,1,0,1,3,2,0,1,0,1,0,0,2916.68001354
20204,1129002593,2,1,1,0,1,0,1,0,0,0,1,0,0,0,0,0,0,0,1,0,0,3089.87851531
20204,1129002595,3,2,1,0,0,1,0,0,2,0,0,1,0,0,1,0,0,0,0,0,1,2743.62446279
20204,1129002596,30,21,9,0,8,4,7,9,2,0,5,4,4,7,1,0,3,0,3,2,1,5096.81294101
20204,1129002598,6,2,4,0,0,1,2,3,0,0,0,0,0,2,0,0,0,1,2,1,0,2954.52081688
20204,1129002599,2,1,1,0,0,0,0,0,2,0,0,0,0,0,1,0,0,0,0,0,1,3322.787428
20204,1129002601,4,0,4,0,1,2,0,0,1,0,0,0,0,0,0,0,1,2,0,0,1,2887.5691553
20204,1129002604,5,2,3,0,0,4,0,0,1,0,0,1,0,0,1,0,0,3,0,0,0,2945.37651993
20204,1129002605,16,11,5,0,3,5,6,0,2,0,0,5,4,0,2,0,3,0,2,0,0,5030.79771549
20204,1129002606,5,0,5,0,2,1,1,1,0,0,0,0,0,0,0,0,2,1,1,1,0,3406.6579324
20204,1129002607,7,6,1,0,0,0,2,2,3,0,0,0,2,1,3,0,0,0,0,1,0,2853.63565329
20204,1129002608,5,5,0,0,1,0,0,4,0,0,1,0,0,4,0,0,0,0,0,0,0,1764.44399597
20204,1129002609,1,1,0,0,0,0,0,0,1,0,0,0,0,0,1,0,0,0,0,0,0,3407.97190945
20204,1129002611,7,3,4,0,1,2,1,2,1,0,1,0,1,1,0,0,0,2,0,1,1,4435.69379108
20204,1129002615,4,2,2,0,1,0,1,2,0,0,1,0,0,1,0,0,0,0,1,1,0,4732.48136469
20204,1129002617,4,4,0,0,0,1,2,1,0,0,0,1,2,1,0,0,0,0,0,0,0,5978.98811612
20204,1129002625,8,5,3,0,0,4,2,1,1,0,0,2,2,0,1,0,0,2,0,1,0,2978.60877262
20204,1129002627,16,10,6,0,3,3,6,4,0,0,1,3,3,3,0,0,2,0,3,1,0,2139.47305022
20204,1129002628,3,0,3,0,1,0,0,1,1,0,0,0,0,0,0,0,1,0,0,1,1,4128.76653444
20204,1129002629,5,1,4,0,0,0,2,1,2,0,0,0,1,0,0,0,0,0,1,1,2,6003.37456971
20204,1129002630,4,1,3,0,0,0,2,0,2,0,0,0,1,0,0,0,0,0,1,0,2,2510.37714457
20204,1129002631,148,126,22,0,3,6,15,12,112,0,1,3,8,10,104,0,2,3,7,2,8,8749.39789924
20204,1129002632,27,19,8,0,0,0,2,0,25,0,0,0,1,0,18,0,0,0,1,0,7,5589.46694678
20204,1129002633,114,29,85,0,20,18,28,34,14,0,3,10,9,5,2,0,17,8,19,29,12,4306.09884985
20204,1129002635,3,1,2,0,0,0,1,2,0,0,0,0,0,1,0,0,0,0,1,1,0,5819.94689896
20204,1129002636,4,4,0,0,0,0,2,2,0,0,0,0,2,2,0,0,0,0,0,0,0,4374.28950998
20204,1129002639,7,1,6,0,0,0,2,2,3,0,0,0,0,0,1,0,0,0,2,2,2,2129.56325532
20204,1129002640,6,4,2,0,1,2,1,0,2,0,0,1,1,0,2,0,1,1,0,0,0,2527.55636928
20204,1129002642,10,7,3,0,1,1,3,4,1,0,1,1,3,1,1,0,0,0,0,3,0,4197.10978617
20204,1129002643,2,2,0,0,0,0,1,0,1,0,0,0,1,0,1,0,0,0,0,0,0,2360.88167132
20204,1129002648,2,2,0,0,0,0,0,1,1,0,0,0,0,1,1,0,0,0,0,0,0,1571.21259162
20204,1129002649,87,12,75,0,11,25,31,14,6,0,1,3,3,2,3,0,10,22,28,12,3,16350.8188163
20204,1129002654,1,0,1,0,0,0,0,1,0,0,0,0,0,0,0,0,0,0,0,1,0,1823.49051811
20204,1129002655,1,1,0,0,0,0,1,0,0,0,0,0,1,0,0,0,0,0,0,0,0,1060.44170941
20204,1129002658,11,7,4,0,0,1,1,8,1,0,0,0,1,5,1,0,0,1,0,3,0,4985.03332929
20204,1129002662,25,9,16,0,1,4,10,9,1,0,0,2,3,4,0,0,1,2,7,5,1,6278.119058
20204,1129002663,11,3,8,0,0,0,2,5,4,0,0,0,0,1,2,0,0,0,2,4,2,1731.77395699
20204,1129002664,3,1,2,0,1,0,1,1,0,0,0,0,0,1,0,0,1,0,1,0,0,1453.55747439
20204,1129002665,10,4,6,0,0,2,3,3,2,0,0,1,0,2,1,0,0,1,3,1,1,5747.70521949
20204,1129002666,12,5,7,0,2,2,0,1,7,0,0,0,0,1,4,0,2,2,0,0,3,5995.61155262
20204,1129002668,10,3,7,0,1,2,3,2,2,0,0,0,1,1,1,0,1,2,2,1,1,5851.72137031
20204,1129002670,2,2,0,0,0,0,0,2,0,0,0,0,0,2,0,0,0,0,0,0,0,2788.75526557
20204,1129002673,27,21,6,0,0,2,1,3,21,0,0,1,1,2,17,0,0,1,0,1,4,4862.8791621
20204,1129002674,4,0,4,0,1,0,2,1,0,0,0,0,0,0,0,0,1,0,2,1,0,2498.35934028
20204,1129002677,12,4,8,0,4,1,4,2,1,0,0,0,2,1,1,0,4,1,2,1,0,1904.20590089
20204,1129002679,3,2,1,0,0,0,0,0,3,0,0,0,0,0,2,0,0,0,0,0,1,4924.09713631
20204,1129002682,9,1,8,0,0,0,1,3,5,0,0,0,0,0,1,0,0,0,1,3,4,2644.42795867
20204,1129002683,6,6,0,0,0,2,0,2,2,0,0,2,0,2,2,0,0,0,0,0,0,3570.53634428
20204,1129002684,7,1,6,0,0,0,4,2,1,0,0,0,0,0,1,0,0,0,4,2,0,3253.26233681
20204,1129002685,3,1,2,0,0,0,1,2,0,0,0,0,1,0,0,0,0,0,0,2,0,2742.11007194
20204,1129002687,10,7,3,0,0,5,1,2,2,0,0,5,1,0,1,0,0,0,0,2,1,7938.3393892
20204,1129002690,18,8,10,0,2,6,3,4,3,0,0,3,1,2,2,0,2,3,2,2,1,3714.12072191
20204,1129002695,4,3,1,0,0,1,2,1,0,0,0,0,2,1,0,0,0,1,0,0,0,4085.75902319
20204,1129002702,5,3,2,0,0,1,0,1,3,0,0,1,0,0,2,0,0,0,0,1,1,3769.06679114
20204,1129002704,7,6,1,0,0,1,4,2,0,0,0,1,3,2,0,0,0,0,1,0,0,4457.02163493
20204,1129002707,9,6,3,0,1,0,2,2,4,0,0,0,1,2,3,0,1,0,1,0,1,5398.11540919
20204,1129002715,12,5,7,0,0,5,2,2,3,0,0,1,0,1,3,0,0,4,2,1,0,3266.53012563
20204,1129002716,3,0,3,0,0,1,0,1,1,0,0,0,0,0,0,0,0,1,0,1,1,1931.37648281
20204,1129002717,36,29,7,0,0,1,1,4,30,0,0,1,1,2,25,0,0,0,0,2,5,3688.56911079
20204,1129002719,2,2,0,0,1,0,0,0,1,0,1,0,0,0,1,0,0,0,0,0,0,3254.93154777
20204,1129002720,565,404,161,2,38,93,150,164,118,2,20,49,104,131,98,0,18,44,46,33,20,2077.2126593
20204,1129002725,2,1,1,0,0,0,0,1,1,0,0,0,0,0,1,0,0,0,0,1,0,3499.02911257
20204,1129002726,2,1,1,0,0,0,0,1,1,0,0,0,0,0,1,0,0,0,0,1,0,1933.88301606
20204,1129002730,2,2,0,0,0,0,0,2,0,0,0,0,0,2,0,0,0,0,0,0,0,3282.77444721
20204,1129002734,5,4,1,0,0,1,2,1,1,0,0,0,2,1,1,0,0,1,0,0,0,847.865646984
20204,1129002736,4,3,1,0,0,0,1,0,3,0,0,0,1,0,2,0,0,0,0,0,1,5694.24589366
20204,1129002737,4,2,2,0,0,1,2,0,1,0,0,0,1,0,1,0,0,1,1,0,0,2754.77750146
20204,1129002741,2,1,1,0,0,0,1,0,1,0,0,0,0,0,1,0,0,0,1,0,0,2562.34874275
20204,1129002745,9,7,2,0,0,2,2,3,2,0,0,2,2,2,1,0,0,0,0,1,1,5084.56377248
20204,1129002750,3,2,1,0,0,1,0,0,2,0,0,1,0,0,1,0,0,0,0,0,1,1751.86419898
20204,1129002758,4,1,3,0,0,1,2,0,1,0,0,0,1,0,0,0,0,1,1,0,1,2032.30119427
20204,1129002761,2,0,2,0,1,0,0,1,0,0,0,0,0,0,0,0,1,0,0,1,0,1916.7802284
20204,1129002766,2,1,1,0,1,0,0,1,0,0,0,0,0,1,0,0,1,0,0,0,0,1371.74301888
20204,1129002767,7,3,4,0,4,2,1,0,0,0,1,1,1,0,0,0,3,1,0,0,0,6720.94929957
20204,1129002773,7,7,0,0,0,1,1,2,3,0,0,1,1,2,3,0,0,0,0,0,0,2500.34206656
20204,1129002774,16,5,11,0,9,6,1,0,0,0,2,2,1,0,0,0,7,4,0,0,0,3943.36895136
20204,1129002775,2,2,0,0,1,0,0,1,0,0,1,0,0,1,0,0,0,0,0,0,0,3814.52448146
20204,1129002776,10,7,3,0,0,4,3,3,0,0,0,2,2,3,0,0,0,2,1,0,0,1532.19359293
20204,1129002778,23,18,5,0,2,6,5,7,3,0,2,4,4,5,3,0,0,2,1,2,0,12590.4931161
20204,1129002779,3,1,2,0,1,0,1,1,0,0,0,0,1,0,0,0,1,0,0,1,0,1372.59984558
20204,1129002781,2,2,0,0,0,0,0,1,1,0,0,0,0,1,1,0,0,0,0,0,0,2261.09676806
20204,1129002784,125,123,2,0,2,0,11,40,72,0,1,0,11,39,72,0,1,0,0,1,0,3693.64751755
20204,1129002785,4,2,2,0,0,0,2,2,0,0,0,0,1,1,0,0,0,0,1,1,0,3498.06829637
20204,1129002786,4,1,3,0,0,2,2,0,0,0,0,0,1,0,0,0,0,2,1,0,0,655.826889159
20204,1129002787,2,1,1,0,0,0,0,2,0,0,0,0,0,1,0,0,0,0,0,1,0,2345.73109473
20204,1129002790,3,2,1,0,0,0,2,1,0,0,0,0,1,1,0,0,0,0,1,0,0,1652.94996883
20204,1129002791,8,6,2,0,0,0,3,2,3,0,0,0,2,1,3,0,0,0,1,1,0,2938.08656253
20204,1129002792,126,122,4,0,0,2,16,52,56,0,0,1,14,52,55,0,0,1,2,0,1,6214.95408465
20204,1129002793,41,17,24,0,15,11,4,9,2,0,7,3,2,3,2,0,8,8,2,6,0,6260.91425155
20204,1129002796,5,4,1,0,0,0,2,1,2,0,0,0,2,1,1,0,0,0,0,0,1,2930.33158532
20204,1129002797,2,2,0,0,0,0,0,2,0,0,0,0,0,2,0,0,0,0,0,0,0,1334.1946941
20204,1129002800,120,42,78,0,21,28,28,34,9,0,4,14,13,8,3,0,17,14,15,26,6,12145.2760122
20204,1129002801,6,4,2,0,0,0,2,3,1,0,0,0,1,2,1,0,0,0,1,1,0,5325.02844834
20204,1129002805,46,21,25,0,13,11,12,7,3,0,5,6,6,3,1,0,8,5,6,4,2,2487.99968821
20204,1129002807,4,2,2,0,0,2,0,2,0,0,0,1,0,1,0,0,0,1,0,1,0,1227.61801799
20204,1129002816,12,9,3,0,1,3,3,5,0,0,0,3,2,4,0,0,1,0,1,1,0,1079.26453681
20204,1129002817,2,2,0,0,0,0,2,0,0,0,0,0,2,0,0,0,0,0,0,0,0,726.300693196
20204,1129002819,55,30,25,5,18,10,14,5,3,1,11,7,8,2,1,4,7,3,6,3,2,4943.48173046
20204,1129002823,5,4,1,0,0,1,2,2,0,0,0,0,2,2,0,0,0,1,0,0,0,1760.40886155
20204,1129002832,3,2,1,0,0,0,2,1,0,0,0,0,1,1,0,0,0,0,1,0,0,4964.84332294
20204,1129002834,2,2,0,0,0,0,0,0,2,0,0,0,0,0,2,0,0,0,0,0,0,2475.34126798
20204,1129002837,5,3,2,0,1,0,1,3,0,0,0,0,0,3,0,0,1,0,1,0,0,5796.65856921
20204,1129002840,5,4,1,0,0,1,2,1,1,0,0,1,1,1,1,0,0,0,1,0,0,1827.81869652
20204,1129002842,7,2,5,0,1,3,1,2,0,0,0,1,0,1,0,0,1,2,1,1,0,6284.94124142
20204,1129002851,15,4,11,0,3,0,1,7,4,0,2,0,0,1,1,0,1,0,1,6,3,8720.90612591
20204,1129002852,12,5,7,0,0,2,3,4,3,0,0,2,0,1,2,0,0,0,3,3,1,1698.31759891
20204,1129002853,7,6,1,0,0,1,1,2,3,0,0,1,1,1,3,0,0,0,0,1,0,5516.51261701
20204,1129002854,4,4,0,0,0,1,2,1,0,0,0,1,2,1,0,0,0,0,0,0,0,2710.35363206
20204,1129002858,7,6,1,1,0,2,1,2,1,1,0,2,1,1,1,0,0,0,0,1,0,3073.05659004
20204,1129002859,2,2,0,0,0,0,0,2,0,0,0,0,0,2,0,0,0,0,0,0,0,912.377375488
20204,1129002864,19,0,19,0,6,4,6,3,0,0,0,0,0,0,0,0,6,4,6,3,0,5241.47265617
20204,1129002868,87,36,51,0,32,49,4,0,2,0,4,30,1,0,1,0,28,19,3,0,1,4778.24848515
20204,1129002869,26,19,7,0,1,4,9,12,0,0,1,1,7,10,0,0,0,3,2,2,0,4862.19712695
20204,1129002886,61,26,35,0,6,26,16,10,3,0,3,13,5,2,3,0,3,13,11,8,0,12937.086627
20204,1129002910,3,2,1,0,0,0,2,0,1,0,0,0,1,0,1,0,0,0,1,0,0,2748.40653281
20204,1129002919,4,1,3,0,1,0,1,0,2,0,0,0,0,0,1,0,1,0,1,0,1,5346.90475408
20204,1129002927,2,1,1,0,0,0,0,0,2,0,0,0,0,0,1,0,0,0,0,0,1,2031.61796756
20204,1129002930,11,7,4,0,1,4,4,1,1,0,0,2,3,1,1,0,1,2,1,0,0,2917.91822692
20204,1129002931,99,57,42,0,20,18,34,13,14,0,12,12,16,6,11,0,8,6,18,7,3,5917.60132611
20204,1129002935,5,3,2,0,0,2,0,2,1,0,0,2,0,0,1,0,0,0,0,2,0,2788.91613672
20204,1129002936,8,6,2,0,0,1,0,4,3,0,0,1,0,2,3,0,0,0,0,2,0,4209.43661227
20204,1129002937,9,5,4,0,1,2,2,3,1,0,1,1,2,1,0,0,0,1,0,2,1,3205.47302214
20204,1129002941,27,3,24,0,0,7,7,10,3,0,0,1,0,0,2,0,0,6,7,10,1,9462.01415392
20204,1129002944,8,5,3,0,0,1,2,2,3,0,0,0,1,1,3,0,0,1,1,1,0,2238.99396323
20204,1129002948,67,51,16,0,2,4,23,19,19,0,2,3,19,10,17,0,0,1,4,9,2,2873.86745986
20204,1129002949,10,7,3,0,0,0,3,1,6,0,0,0,1,1,5,0,0,0,2,0,1,3938.87154449
20204,1129002951,40,20,20,0,13,7,8,8,4,0,6,2,3,6,3,0,7,5,5,2,1,5828.0541768
20204,1129002972,2,1,1,0,0,0,0,0,2,0,0,0,0,0,1,0,0,0,0,0,1,2621.12324854
20204,1129002974,155,88,67,0,18,40,27,50,20,0,7,17,14,33,17,0,11,23,13,17,3,3755.62725514
20204,1129002975,33,20,13,0,5,11,12,2,3,0,1,6,10,2,1,0,4,5,2,0,2,5364.05410242
20204,1129002983,1,0,1,0,0,1,0,0,0,0,0,0,0,0,0,0,0,1,0,0,0,3203.53912984
20204,1129002986,7,7,0,0,1,0,3,2,1,0,1,0,3,2,1,0,0,0,0,0,0,1964.76823561
20204,1129002992,2,1,1,0,1,0,1,0,0,0,0,0,1,0,0,0,1,0,0,0,0,3620.09909732
20204,1129003001,2,1,1,0,0,0,2,0,0,0,0,0,1,0,0,0,0,0,1,0,0,1209.95623379
20204,1129003002,28,18,10,0,0,3,8,11,6,0,0,1,2,10,5,0,0,2,6,1,1,3486.72686105
20204,1129003004,4,2,2,0,1,0,1,1,1,0,0,0,1,0,1,0,1,0,0,1,0,3460.20011502
20204,1129003006,1,1,0,0,0,0,0,0,1,0,0,0,0,0,1,0,0,0,0,0,0,1059.83553501
20204,1129003009,6,6,0,0,1,0,3,1,1,0,1,0,3,1,1,0,0,0,0,0,0,1450.63182255
20204,1129003011,16,4,12,0,2,2,7,3,2,0,0,0,3,0,1,0,2,2,4,3,1,3668.58276496
20204,1129003012,2,0,2,0,0,0,0,1,1,0,0,0,0,0,0,0,0,0,0,1,1,3522.87732936
20204,1129003015,3,2,1,0,1,0,1,1,0,0,1,0,1,0,0,0,0,0,0,1,0,9087.93614223
20204,1129003017,28,8,20,0,2,8,8,7,3,0,0,0,1,4,3,0,2,8,7,3,0,1183.50498078
20204,1129003018,136,133,3,0,1,1,12,38,84,0,1,0,10,38,84,0,0,1,2,0,0,2062.31053703
20204,1129003019,10,7,3,0,1,1,6,1,1,0,1,0,4,1,1,0,0,1,2,0,0,4045.47881746
20204,1129003020,2,1,1,0,0,0,2,0,0,0,0,0,1,0,0,0,0,0,1,0,0,1942.32683499
20204,1129003027,20,7,13,0,5,3,3,5,4,0,0,0,1,3,3,0,5,3,2,2,1,8796.2157041
20204,1129003034,8,5,3,0,0,6,2,0,0,0,0,4,1,0,0,0,0,2,1,0,0,2252.69009991
20204,1129003035,10,5,5,0,0,2,5,2,1,0,0,0,2,2,1,0,0,2,3,0,0,3717.01820287
20204,1129003037,24,10,14,0,2,5,9,7,1,0,0,1,3,5,1,0,2,4,6,2,0,3592.73380512
20204,1129003040,7,2,5,0,0,3,2,2,0,0,0,0,0,2,0,0,0,3,2,0,0,1806.45537376
20204,1129003041,32,14,18,0,0,3,8,13,8,0,0,1,4,6,3,0,0,2,4,7,5,1171.40095398
20204,1129003042,38,15,23,2,8,11,8,6,3,0,1,4,2,5,3,2,7,7,6,1,0,3380.26247304
20204,1129003044,33,7,26,1,8,9,4,8,3,0,0,2,0,3,2,1,8,7,4,5,1,4444.42123654
20204,1129003048,3,1,2,0,0,0,1,2,0,0,0,0,0,1,0,0,0,0,1,1,0,2832.81298506
20204,1129003053,13,8,5,0,2,3,3,1,4,0,2,3,1,0,2,0,0,0,2,1,2,4899.77519327
20204,1129003056,55,19,36,0,16,7,16,9,7,0,1,2,6,4,6,0,15,5,10,5,1,9543.35996833
20204,1129003057,266,130,136,2,34,33,57,86,54,1,11,14,27,40,37,1,23,19,30,46,17,3459.89958581
20204,1129003065,1,1,0,0,0,0,0,1,0,0,0,0,0,1,0,0,0,0,0,0,0,3031.1257573
20204,1129003067,116,53,63,1,31,45,23,11,5,0,9,19,15,6,4,1,22,26,8,5,1,1960.73629351
20204,1129003070,6,0,6,0,0,1,4,0,1,0,0,0,0,0,0,0,0,1,4,0,1,5567.76679718
20204,1129003072,65,31,34,0,9,5,17,23,11,0,4,0,9,11,7,0,5,5,8,12,4,4084.44073694
20204,1129003076,3,1,2,0,0,1,0,1,1,0,0,0,0,0,1,0,0,1,0,1,0,3919.40052077
20204,1129003086,14,12,2,0,0,2,3,3,6,0,0,0,3,3,6,0,0,2,0,0,0,3887.31598407
20204,1129003093,25,1,24,0,4,12,6,3,0,0,0,0,1,0,0,0,4,12,5,3,0,3041.20758308
20204,1129003094,3,2,1,0,0,0,3,0,0,0,0,0,2,0,0,0,0,0,1,0,0,8172.03536645
20204,1129003095,7,4,3,0,1,0,3,2,1,0,1,0,1,1,1,0,0,0,2,1,0,3287.98730611
20204,1129003097,23,13,10,0,0,3,5,9,6,0,0,3,3,3,4,0,0,0,2,6,2,3464.49313751
20204,1129003099,3,1,2,0,0,1,2,0,0,0,0,0,1,0,0,0,0,1,1,0,0,2437.33057751
20204,1129003101,6,2,4,0,0,2,2,2,0,0,0,0,1,1,0,0,0,2,1,1,0,2336.92079312
20204,1129003107,6,4,2,0,0,2,2,0,2,0,0,0,2,0,2,0,0,2,0,0,0,7505.19828178
20204,1129003109,12,6,6,0,0,3,3,2,4,0,0,2,0,2,2,0,0,1,3,0,2,18992.0131998
20204,1129003111,2,1,1,0,0,2,0,0,0,0,0,1,0,0,0,0,0,1,0,0,0,4060.99282654
20204,1129003113,18,12,6,0,0,4,10,2,2,0,0,3,7,0,2,0,0,1,3,2,0,2851.67362311
20204,1129003114,3,2,1,0,0,0,1,2,0,0,0,0,1,1,0,0,0,0,0,1,0,4542.76132568
20204,1129003115,41,17,24,0,13,14,12,2,0,0,2,5,8,2,0,0,11,9,4,0,0,2321.60310198
20204,1129003118,2,1,1,0,0,0,0,1,1,0,0,0,0,0,1,0,0,0,0,1,0,8901.25138938
20204,1129003120,8,4,4,0,0,4,4,0,0,0,0,1,3,0,0,0,0,3,1,0,0,2976.72600347
20204,1129003121,27,11,16,0,2,7,8,7,3,0,1,3,3,1,3,0,1,4,5,6,0,7438.25700464
20204,1129003124,21,17,4,0,3,7,4,4,3,0,3,7,2,3,2,0,0,0,2,1,1,3758.3609374
20204,1129003126,20,4,16,0,4,9,1,4,2,0,0,3,0,0,1,0,4,6,1,4,1,10382.2676633
20204,1129003127,12,7,5,0,4,6,1,1,0,0,0,5,1,1,0,0,4,1,0,0,0,8359.50708252
20204,1129003138,7,3,4,0,1,3,3,0,0,0,0,2,1,0,0,0,1,1,2,0,0,3398.92620896
20204,1129003145,22,9,13,0,0,6,7,8,1,0,0,1,1,6,1,0,0,5,6,2,0,18146.0066388
20204,1129003166,14,5,9,0,3,5,3,2,1,0,0,2,1,2,0,0,3,3,2,0,1,1747.5660384
20204,1129003168,3,2,1,0,0,1,0,0,2,0,0,1,0,0,1,0,0,0,0,0,1,3334.32217404
20204,1129003174,171,86,85,0,29,43,52,38,9,0,15,28,26,12,5,0,14,15,26,26,4,4851.09342493
20204,1129003176,6,2,4,0,0,0,1,3,2,0,0,0,0,2,0,0,0,0,1,1,2,181549.710325
20204,1129003179,11,1,10,0,1,1,7,2,0,0,1,0,0,0,0,0,0,1,7,2,0,3261.56125899
20204,1129003182,4,2,2,0,0,1,0,1,2,0,0,0,0,1,1,0,0,1,0,0,1,1980.18975681
20204,1129003189,55,13,42,0,5,15,16,12,7,0,0,2,2,3,6,0,5,13,14,9,1,12230.9123414
20204,1129003190,16,7,9,0,0,2,6,3,5,0,0,1,2,2,2,0,0,1,4,1,3,3942.95807901
20204,1129003193,22,10,12,0,0,3,3,12,4,0,0,0,1,6,3,0,0,3,2,6,1,1670.69693616
20204,1129003196,121,20,101,0,13,36,43,22,7,0,0,6,4,6,4,0,13,30,39,16,3,24379.2435096
20204,1129003197,10,3,7,0,1,2,5,1,1,0,0,2,1,0,0,0,1,0,4,1,1,2403.76775529
20204,1129003198,1,0,1,0,0,0,0,1,0,0,0,0,0,0,0,0,0,0,0,1,0,769.525965648
20204,1129003200,6,6,0,0,0,2,3,1,0,0,0,2,3,1,0,0,0,0,0,0,0,4424.47588641
20204,1129003202,2,1,1,0,0,0,2,0,0,0,0,0,1,0,0,0,0,0,1,0,0,7898.64081648
20204,1129003205,4,4,0,0,0,2,2,0,0,0,0,2,2,0,0,0,0,0,0,0,0,1771.36682709
20204,1129003206,3,2,1,0,0,1,0,2,0,0,0,1,0,1,0,0,0,0,0,1,0,5373.71201391
20204,1129003208,1,1,0,0,0,0,0,0,1,0,0,0,0,0,1,0,0,0,0,0,0,1465.64428187
20204,1129003209,6,5,1,0,0,0,3,3,0,0,0,0,2,3,0,0,0,0,1,0,0,1361.52460671
20204,1129003212,17,8,9,0,0,0,8,6,3,0,0,0,4,2,2,0,0,0,4,4,1,9885.7222336
20204,1129003222,31,19,12,0,5,7,11,4,4,0,3,6,7,2,1,0,2,1,4,2,3,3405.47119231
20204,1129003226,86,43,43,0,14,15,21,22,14,0,5,9,10,12,7,0,9,6,11,10,7,4535.9669593
20204,1129003227,533,183,350,0,153,150,124,77,29,0,34,55,33,33,28,0,119,95,91,44,1,8808.63119494
20204,1129003232,5,2,3,0,1,1,0,1,2,0,1,0,0,0,1,0,0,1,0,1,1,856.310424617
20204,1129003239,33,16,17,0,5,7,10,6,5,0,0,5,4,3,4,0,5,2,6,3,1,23681.685196
20204,1129003245,4,3,1,0,1,0,2,1,0,0,1,0,1,1,0,0,0,0,1,0,0,2856.74893881
20204,1129003249,12,9,3,0,1,3,3,2,3,0,1,1,2,2,3,0,0,2,1,0,0,1993.59907756
20204,1129003251,59,31,28,0,2,10,17,22,8,0,1,5,11,10,4,0,1,5,6,12,4,16240.7449186
20204,1129003252,12,5,7,0,1,3,5,2,1,0,0,1,3,1,0,0,1,2,2,1,1,5033.99382824
20204,1129003253,12,7,5,0,0,0,1,3,8,0,0,0,0,1,6,0,0,0,1,2,2,2129.75096584
20204,1129003256,19,9,10,0,6,6,4,2,1,0,0,5,2,2,0,0,6,1,2,0,1,3204.65340618
20204,1129003259,2,1,1,0,0,0,0,1,1,0,0,0,0,1,0,0,0,0,0,0,1,2732.20612794
20204,1129003260,29,18,11,0,5,1,7,15,1,0,2,1,7,7,1,0,3,0,0,8,0,1707.01936264
20204,1129003263,24,7,17,0,2,9,6,4,3,0,0,3,1,0,3,0,2,6,5,4,0,9576.02661646
20204,1129003264,4,4,0,0,0,0,2,2,0,0,0,0,2,2,0,0,0,0,0,0,0,1866.95626467
20204,1129003266,10,5,5,0,1,1,3,4,1,0,0,1,1,2,1,0,1,0,2,2,0,15326.443464
20204,1129003268,2,1,1,0,0,0,1,0,1,0,0,0,0,0,1,0,0,0,1,0,0,1968.88106601
20204,1129003269,18,3,15,0,2,1,5,9,1,0,1,1,0,1,0,0,1,0,5,8,1,7699.40582463
20204,1129003272,10,6,4,0,2,3,2,1,2,0,1,2,2,0,1,0,1,1,0,1,1,2717.33802711
20204,1129003274,8,3,5,0,0,2,4,2,0,0,0,1,0,2,0,0,0,1,4,0,0,8069.38302156
20204,1129003276,2,1,1,0,0,0,0,0,2,0,0,0,0,0,1,0,0,0,0,0,1,2821.19217976
20204,1129003277,101,98,3,0,1,0,14,42,44,0,1,0,13,41,43,0,0,0,1,1,1,1796.42265556
20204,1129003286,14,10,4,0,0,1,3,6,4,0,0,1,1,4,4,0,0,0,2,2,0,2803.45377912
20204,1129003291,62,14,48,0,16,15,11,16,4,0,6,0,3,1,4,0,10,15,8,15,0,9791.84305715
20204,1129003295,10,7,3,0,0,3,5,1,1,0,0,1,4,1,1,0,0,2,1,0,0,150658.194233
20204,1129003297,23,8,15,0,2,5,6,7,3,0,2,2,2,1,1,0,0,3,4,6,2,9142.43887075
20204,1129003298,25,13,12,0,3,9,3,7,3,0,2,3,1,4,3,0,1,6,2,3,0,153132.017996
20204,1129003301,20,14,6,0,3,1,6,6,4,0,2,0,5,4,3,0,1,1,1,2,1,1986.76351246
20204,1129003304,3,3,0,0,0,2,1,0,0,0,0,2,1,0,0,0,0,0,0,0,0,1672.5735129
20204,1129003306,666,585,81,0,148,331,158,26,3,0,103,307,146,26,3,0,45,24,12,0,0,1713.6508946
20204,1129003307,370,339,31,0,8,32,123,158,49,0,3,30,113,151,42,0,5,2,10,7,7,19495.1816125
20204,1129003308,120,56,64,0,0,6,11,6,97,0,0,3,6,2,45,0,0,3,5,4,52,10581.0911798
20204,1129003310,102,47,55,0,5,39,36,19,3,0,1,12,17,14,3,0,4,27,19,5,0,2770.65655474
20204,1129003312,141,122,19,13,33,39,25,25,6,12,27,34,22,21,6,1,6,5,3,4,0,7673.80725909
20204,1129003313,3,3,0,0,0,0,0,0,3,0,0,0,0,0,3,0,0,0,0,0,0,3708.91559748
20204,1129003315,28,17,11,0,2,6,6,10,4,0,2,3,3,6,3,0,0,3,3,4,1,2017.5094654
20204,1129003316,3,3,0,0,0,1,0,2,0,0,0,1,0,2,0,0,0,0,0,0,0,7841.78248881
20204,1129003318,3,3,0,0,0,1,2,0,0,0,0,1,2,0,0,0,0,0,0,0,0,3548.22422424
20204,1129003322,12,10,2,0,0,1,4,5,2,0,0,1,3,4,2,0,0,0,1,1,0,10755.1635351
20204,1129003324,16,11,5,0,1,2,5,4,4,0,1,2,2,3,3,0,0,0,3,1,1,1769.06303048
20204,1129003327,7,4,3,0,0,0,1,0,6,0,0,0,0,0,4,0,0,0,1,0,2,5166.20165654
20204,1129003328,3,2,1,0,0,1,2,0,0,0,0,0,2,0,0,0,0,1,0,0,0,3729.29810905
20204,1129003329,4,2,2,0,0,0,2,1,1,0,0,0,1,0,1,0,0,0,1,1,0,1848.52853895
20204,1129003331,22,19,3,0,3,4,4,6,5,0,2,3,4,5,5,0,1,1,0,1,0,7748.36793471
20204,1129003332,55,37,18,2,20,10,13,6,4,2,14,8,6,4,3,0,6,2,7,2,1,215719.067956
20204,1129003335,28,12,16,0,1,3,9,12,3,0,0,1,6,4,1,0,1,2,3,8,2,2418.6848547
20204,1129003342,3,1,2,0,0,0,3,0,0,0,0,0,1,0,0,0,0,0,2,0,0,2311.70677967
20204,1129003344,45,37,8,0,4,18,17,3,3,0,4,15,12,3,3,0,0,3,5,0,0,5244.6227638
20204,1129003345,2,1,1,0,0,1,0,1,0,0,0,0,0,1,0,0,0,1,0,0,0,28853.8807185
20204,1129003346,11,6,5,0,0,0,6,4,1,0,0,0,3,2,1,0,0,0,3,2,0,2029.67296716
20204,1129003350,4,1,3,0,1,0,1,0,2,0,0,0,0,0,1,0,1,0,1,0,1,10586.870596
20204,1129003353,3,2,1,0,0,0,0,2,1,0,0,0,0,2,0,0,0,0,0,0,1,461.241539054
20204,1129003354,10,1,9,0,3,1,2,4,0,0,0,0,0,1,0,0,3,1,2,3,0,2251.90633398
20204,1129003359,2,1,1,0,0,0,0,0,2,0,0,0,0,0,1,0,0,0,0,0,1,1821.31091352
20204,1129003364,9,5,4,0,1,2,2,2,2,0,0,2,1,1,1,0,1,0,1,1,1,11256.0176298
20204,1129003367,20,14,6,0,3,2,6,9,0,0,2,2,6,4,0,0,1,0,0,5,0,8646.12487479
20204,1129003374,23,4,19,0,6,5,7,3,2,0,2,1,0,0,1,0,4,4,7,3,1,2200.62430712
20204,1129003382,16,14,2,0,6,4,3,3,0,0,5,4,3,2,0,0,1,0,0,1,0,3529.9245972
20204,1129003383,6,4,2,0,1,1,1,1,2,0,0,1,0,1,2,0,1,0,1,0,0,3301.58478418
20204,1129003386,1,0,1,0,0,0,1,0,0,0,0,0,0,0,0,0,0,0,1,0,0,9178.45469356
20204,1129003387,46,1,45,0,3,5,2,12,24,0,0,0,0,0,1,0,3,5,2,12,23,14015.5105883
20204,1129003389,39,6,33,0,9,7,12,7,4,0,1,2,1,1,1,0,8,5,11,6,3,4351.27532063
20204,1129003396,6,3,3,0,1,2,0,3,0,0,0,1,0,2,0,0,1,1,0,1,0,3011.66059464
20204,1129003398,10,10,0,0,0,3,1,3,3,0,0,3,1,3,3,0,0,0,0,0,0,5080.71253135
20204,1129003399,16,9,7,0,2,3,7,3,1,0,1,2,2,3,1,0,1,1,5,0,0,3711.03540675
20204,1129003402,19,10,9,0,2,3,7,2,5,0,0,2,2,2,4,0,2,1,5,0,1,12604.4376944
20204,1129003403,42,9,33,0,7,18,10,7,0,0,0,7,1,1,0,0,7,11,9,6,0,18062.061525
20204,1129003404,7,1,6,0,2,4,1,0,0,0,0,0,1,0,0,0,2,4,0,0,0,5851.29808174
20204,1129003405,3,2,1,0,0,0,0,2,1,0,0,0,0,1,1,0,0,0,0,1,0,4626.82329492
20204,1129003407,4,2,2,0,1,2,1,0,0,0,0,1,1,0,0,0,1,1,0,0,0,5369.19492692
20204,1129003413,215,79,136,0,76,90,36,9,4,0,22,30,18,6,3,0,54,60,18,3,1,176517.546399
20204,1129003416,13,5,8,0,0,0,2,4,7,0,0,0,1,0,4,0,0,0,1,4,3,43289.3628752
20204,1129003420,2,1,1,0,0,0,1,0,1,0,0,0,0,0,1,0,0,0,1,0,0,5783.34671246
20204,1129003425,7,3,4,0,1,0,1,5,0,0,1,0,0,2,0,0,0,0,1,3,0,13173.9466361
20204,1129003430,9,5,4,0,1,1,0,4,3,0,0,0,0,2,3,0,1,1,0,2,0,11398.3199726
20204,1129003438,6,3,3,0,2,0,0,2,2,0,2,0,0,0,1,0,0,0,0,2,1,5201.4781763
20204,1129003439,7,3,4,0,1,0,0,3,3,0,1,0,0,1,1,0,0,0,0,2,2,3907.40446867
20204,1129003449,95,65,30,0,5,11,27,19,33,0,1,6,14,16,28,0,4,5,13,3,5,187810.655269
20204,1129003454,4,1,3,0,0,1,2,0,1,0,0,0,0,0,1,0,0,1,2,0,0,1635.74900217
20204,1129003458,5,2,3,0,0,0,0,2,3,0,0,0,0,1,1,0,0,0,0,1,2,3125.20783225
20204,1129003459,5,2,3,0,2,2,0,1,0,0,0,1,0,1,0,0,2,1,0,0,0,5154.16300387
20204,1129003461,9,2,7,0,0,4,2,3,0,0,0,0,1,1,0,0,0,4,1,2,0,895.469127812
20204,1129003462,6,5,1,0,2,1,3,0,0,0,2,1,2,0,0,0,0,0,1,0,0,2256.17247661
20204,1129003463,2,1,1,0,0,0,0,0,2,0,0,0,0,0,1,0,0,0,0,0,1,2883.31968909
20204,1129003464,2,1,1,0,0,0,0,2,0,0,0,0,0,1,0,0,0,0,0,1,0,6440.32625528
20204,1129003465,20,4,16,0,8,2,5,4,1,0,1,0,1,2,0,0,7,2,4,2,1,10892.0161003
20204,1129003466,5,3,2,0,0,1,1,2,1,0,0,1,0,1,1,0,0,0,1,1,0,1605.80721062
20204,1129003471,185,147,38,0,1,2,19,73,90,0,0,2,16,64,65,0,1,0,3,9,25,11444.966217
20204,1129003472,9,3,6,0,0,1,6,1,1,0,0,0,2,0,1,0,0,1,4,1,0,4741.68292349
20204,1129003473,6,4,2,0,1,0,1,3,1,0,1,0,1,2,0,0,0,0,0,1,1,7415.77253621
20204,1129003475,28,14,14,0,0,2,10,7,9,0,0,0,4,3,7,0,0,2,6,4,2,15399.1824614
20204,1129003478,9,8,1,0,0,0,2,3,4,0,0,0,1,3,4,0,0,0,1,0,0,2173.44061398
20204,1129003481,4,3,1,0,0,1,2,0,1,0,0,1,1,0,1,0,0,0,1,0,0,2720.8337914
20204,1129003488,12,10,2,0,0,2,5,3,2,0,0,2,3,3,2,0,0,0,2,0,0,2759.1334116
20204,1129003490,64,55,9,0,7,3,9,19,26,0,7,0,7,17,24,0,0,3,2,2,2,5127.06380089
20204,1129003491,5,5,0,0,0,0,1,3,1,0,0,0,1,3,1,0,0,0,0,0,0,3840.8570141
20204,1129003492,14,3,11,0,1,1,7,1,4,0,0,0,0,0,3,0,1,1,7,1,1,4444.62520214
20204,1129003494,54,43,11,0,1,4,13,25,11,0,0,4,10,20,9,0,1,0,3,5,2,10865.6456726
20204,1129003495,1,0,1,0,0,0,0,0,1,0,0,0,0,0,0,0,0,0,0,0,1,7080.28371426
20204,1129003497,43,24,19,0,5,12,12,7,7,0,3,7,4,6,4,0,2,5,8,1,3,12197.3477535
20204,1129003501,50,18,32,0,11,11,7,15,6,0,0,1,3,9,5,0,11,10,4,6,1,9558.81610453
20204,1129003502,3,1,2,0,0,1,1,1,0,0,0,0,0,1,0,0,0,1,1,0,0,2814.81008911
20204,1129003503,9,7,2,0,1,0,3,4,1,0,1,0,2,3,1,0,0,0,1,1,0,4808.585719
20204,1129003504,13,11,2,0,0,1,3,3,6,0,0,1,3,2,5,0,0,0,0,1,1,2850.58247671
20204,1129003505,1,0,1,0,0,0,1,0,0,0,0,0,0,0,0,0,0,0,1,0,0,5077.2057616
20204,1129003507,2,0,2,0,0,0,1,1,0,0,0,0,0,0,0,0,0,0,1,1,0,2091.02593302
20204,1129003512,9,7,2,0,1,0,4,2,2,0,1,0,3,1,2,0,0,0,1,1,0,8231.56905744
20204,1129003516,6,3,3,0,3,1,2,0,0,0,1,1,1,0,0,0,2,0,1,0,0,15508.1357462
20204,1129003518,15,1,14,0,6,2,3,4,0,0,0,0,1,0,0,0,6,2,2,4,0,3969.57837388
20204,1129003529,13,10,3,0,0,4,8,0,1,0,0,3,6,0,1,0,0,1,2,0,0,9025.84763106
20204,1129003532,285,130,155,0,41,53,67,68,56,0,10,24,34,28,34,0,31,29,33,40,22,918.580815296
20204,1129003535,15,13,2,0,0,1,3,7,4,0,0,1,3,6,3,0,0,0,0,1,1,7701.9239029
20204,1129003538,161,38,123,0,14,11,21,59,56,0,8,9,5,11,5,0,6,2,16,48,51,2352.87876807
20204,1129003552,154,119,35,0,15,10,38,66,25,0,0,6,33,57,23,0,15,4,5,9,2,7836.58501461
20204,1129003553,3,3,0,0,3,0,0,0,0,0,3,0,0,0,0,0,0,0,0,0,0,66923.920245
20204,1129003554,11,5,6,0,0,1,1,8,1,0,0,0,0,4,1,0,0,1,1,4,0,3190.56101361
20204,1129003556,32,12,20,0,5,8,9,8,2,0,2,2,4,2,2,0,3,6,5,6,0,5942.08922072
20204,1129003557,2,0,2,0,1,1,0,0,0,0,0,0,0,0,0,0,1,1,0,0,0,11496.5088845
20204,1129003558,6,3,3,0,0,0,0,1,5,0,0,0,0,0,3,0,0,0,0,1,2,3635.4763951
20204,1129003560,4,1,3,2,1,1,0,0,0,0,0,1,0,0,0,2,1,0,0,0,0,4382.42548896
20204,1129003561,4,1,3,0,0,1,2,1,0,0,0,0,0,1,0,0,0,1,2,0,0,10339.5582671
20204,1129003562,9,8,1,0,0,0,1,3,5,0,0,0,1,2,5,0,0,0,0,1,0,2384.24060202
20204,1129003566,2,1,1,0,0,1,0,1,0,0,0,1,0,0,0,0,0,0,0,1,0,4002.07989979
20204,1129003569,3,1,2,0,0,0,2,0,1,0,0,0,1,0,0,0,0,0,1,0,1,3362.24094154
20204,1129003570,7,4,3,0,0,0,2,4,1,0,0,0,0,3,1,0,0,0,2,1,0,4095.43017248
20204,1129003571,68,33,35,0,5,17,16,21,9,0,2,11,7,5,8,0,3,6,9,16,1,2099.64748224
20204,1129003572,7,2,5,0,0,0,2,4,1,0,0,0,1,0,1,0,0,0,1,4,0,11735.0325811
20204,1129003573,210,85,125,0,35,68,46,32,29,0,9,24,17,15,20,0,26,44,29,17,9,1383.15053281
20204,1129003583,2,2,0,0,0,0,0,1,1,0,0,0,0,1,1,0,0,0,0,0,0,9062.71641534
20204,1129003584,24,16,8,0,0,3,12,8,1,0,0,1,9,5,1,0,0,2,3,3,0,7500.91627999
20204,1129003591,5,0,5,0,2,1,1,1,0,0,0,0,0,0,0,0,2,1,1,1,0,35057.7791291
20204,1129003592,4,0,4,0,0,1,3,0,0,0,0,0,0,0,0,0,0,1,3,0,0,2108.21308021
20204,1129003595,6,2,4,0,0,1,1,2,2,0,0,0,1,0,1,0,0,1,0,2,1,10796.8229576
20204,1129003597,3,1,2,0,0,0,1,1,1,0,0,0,0,0,1,0,0,0,1,1,0,66883.6004134
20204,1129003605,21,12,9,0,2,5,5,4,5,0,1,1,2,4,4,0,1,4,3,0,1,14460.250442
20204,1129003609,510,474,36,0,3,51,162,213,81,0,3,47,150,199,75,0,0,4,12,14,6,23371.0695476
20204,1129003612,80,19,61,0,13,21,23,18,5,0,3,2,5,4,5,0,10,19,18,14,0,14747.2569598
20204,1129003617,21,7,14,0,3,12,1,4,1,0,1,4,0,1,1,0,2,8,1,3,0,91824.7350045
20204,1129003622,129,77,52,0,10,36,30,36,17,0,5,23,23,19,7,0,5,13,7,17,10,364030.393388
20204,1129003626,2,1,1,0,0,1,0,1,0,0,0,1,0,0,0,0,0,0,0,1,0,1229.95861833
20204,1129003631,15,12,3,0,1,2,4,5,3,0,0,2,3,5,2,0,1,0,1,0,1,3410.75305058
20204,1129003632,10,0,10,0,1,2,4,1,2,0,0,0,0,0,0,0,1,2,4,1,2,2647.76767072
20204,1129003635,24,12,12,0,0,4,6,10,4,0,0,1,3,6,2,0,0,3,3,4,2,4196.59967382
20204,1129003637,2,1,1,0,0,0,0,1,1,0,0,0,0,0,1,0,0,0,0,1,0,8049.11175236
20204,1129003638,17,12,5,0,0,5,7,4,1,0,0,4,4,4,0,0,0,1,3,0,1,15226.2434879
20204,1129003639,5,3,2,0,0,1,0,0,4,0,0,1,0,0,2,0,0,0,0,0,2,2934.13519498
20204,1129003642,4,4,0,0,0,0,2,1,1,0,0,0,2,1,1,0,0,0,0,0,0,5897.5778106
20204,1129003643,11,1,10,0,1,2,5,2,1,0,0,0,0,0,1,0,1,2,5,2,0,6837.4161208
20204,1129003644,25,19,6,0,4,6,10,5,0,0,2,4,10,3,0,0,2,2,0,2,0,5193.41238891
20204,1129003645,2,1,1,0,0,0,1,1,0,0,0,0,1,0,0,0,0,0,0,1,0,4580.15754293
20204,1129003646,5,1,4,0,0,0,0,2,3,0,0,0,0,0,1,0,0,0,0,2,2,3918.47960485
20204,1129003647,4,3,1,0,0,1,1,0,2,0,0,1,1,0,1,0,0,0,0,0,1,1771.93214574
20204,1129003648,10,3,7,0,0,3,1,2,4,0,0,1,0,1,1,0,0,2,1,1,3,8662.37507444
20204,1129003649,73,17,56,0,10,25,19,17,2,0,2,7,2,4,2,0,8,18,17,13,0,15138.197714
20204,1129003650,2,2,0,0,0,0,1,1,0,0,0,0,1,1,0,0,0,0,0,0,0,3109.9158624
20204,1129003652,16,12,4,0,3,4,5,2,2,0,3,4,3,1,1,0,0,0,2,1,1,3606.45113363
20204,1129003653,11,5,6,0,1,7,0,2,1,0,0,4,0,0,1,0,1,3,0,2,0,4437.25472213
20204,1129003654,299,135,164,0,16,91,127,63,2,0,3,29,57,46,0,0,13,62,70,17,2,4859.55705745
20204,1129003656,21,12,9,0,8,7,4,1,1,0,5,4,2,1,0,0,3,3,2,0,1,11004.0351229
20204,1129003661,1,1,0,0,0,0,0,1,0,0,0,0,0,1,0,0,0,0,0,0,0,70721.8136508
20204,1129003662,226,216,10,0,0,6,55,122,43,0,0,5,50,120,41,0,0,1,5,2,2,6772.06650861
20204,1129003664,23,12,11,0,1,5,4,10,3,0,0,2,2,7,1,0,1,3,2,3,2,7449.32944136
20204,1129003666,5,4,1,0,1,1,1,2,0,0,1,0,1,2,0,0,0,1,0,0,0,1856.63367865
20204,1129003668,3,1,2,0,0,1,0,2,0,0,0,0,0,1,0,0,0,1,0,1,0,3861.22013661
20204,1129003669,5,4,1,0,0,0,0,2,3,0,0,0,0,2,2,0,0,0,0,0,1,11254.8578306
20204,1129003675,7,3,4,0,0,1,3,3,0,0,0,0,2,1,0,0,0,1,1,2,0,8134.38017431
20204,1129003676,6,2,4,0,0,1,2,1,2,0,0,0,0,0,2,0,0,1,2,1,0,2757.3207121
20204,1129003683,43,34,9,0,1,4,18,10,10,0,1,3,11,9,10,0,0,1,7,1,0,32502.5464158
20204,1129003686,12,6,6,0,2,2,1,2,5,0,1,1,0,1,3,0,1,1,1,1,2,3100.33448527
20204,1129003688,2,0,2,0,0,0,0,2,0,0,0,0,0,0,0,0,0,0,0,2,0,2580.03319568
20204,1129003689,12,9,3,0,0,2,4,2,4,0,0,1,3,1,4,0,0,1,1,1,0,4895.55031041
20204,1129003690,28,16,12,0,7,4,9,7,1,0,2,1,7,5,1,0,5,3,2,2,0,7512.16445146
20204,1129003691,16,3,13,0,0,0,2,6,8,0,0,0,0,1,2,0,0,0,2,5,6,2512.19308667
20204,1129003692,93,44,49,0,10,18,35,18,12,0,2,11,16,10,5,0,8,7,19,8,7,1654.19259011
20204,1129003707,104,30,74,0,27,21,31,13,12,0,6,5,12,2,5,0,21,16,19,11,7,3578.19044182
20204,1129003708,3,2,1,0,1,1,1,0,0,0,0,1,1,0,0,0,1,0,0,0,0,4508.21204408
20204,1129003709,7,6,1,1,0,4,1,1,0,1,0,4,1,0,0,0,0,0,0,1,0,2703.26186374
20204,1129003713,2,1,1,0,0,1,0,1,0,0,0,1,0,0,0,0,0,0,0,1,0,3855.67425809
20204,1129003714,4,2,2,0,0,1,2,0,1,0,0,1,1,0,0,0,0,0,1,0,1,3992.61757975
20204,1129003715,7,0,7,0,0,2,5,0,0,0,0,0,0,0,0,0,0,2,5,0,0,2863.81754593
20204,1129003718,7,5,2,0,0,4,0,3,0,0,0,2,0,3,0,0,0,2,0,0,0,2765.49020333
20204,1129003722,14,11,3,0,1,2,5,6,0,0,1,2,4,4,0,0,0,0,1,2,0,6548.44868383
20204,1129003730,22,18,4,0,0,0,7,10,5,0,0,0,7,8,3,0,0,0,0,2,2,4859.02020555
20204,1129003733,1,1,0,0,0,0,1,0,0,0,0,0,1,0,0,0,0,0,0,0,0,1375.8279614
20204,1129003736,2,1,1,0,0,0,2,0,0,0,0,0,1,0,0,0,0,0,1,0,0,1815.04522933
20204,1129003738,1,1,0,0,0,0,1,0,0,0,0,0,1,0,0,0,0,0,0,0,0,972.19093857
20204,1129003741,4,1,3,0,0,2,2,0,0,0,0,0,1,0,0,0,0,2,1,0,0,4936.46713229
20204,1129003742,4,1,3,0,1,0,2,1,0,0,0,0,0,1,0,0,1,0,2,0,0,3731.55817055
20204,1129003743,10,4,6,0,2,3,1,4,0,0,1,2,0,1,0,0,1,1,1,3,0,9426.09054684
20204,1129003747,13,10,3,0,2,1,5,4,1,0,2,1,3,3,1,0,0,0,2,1,0,98983.2011773
20204,1129003749,7,6,1,0,0,1,1,2,3,0,0,1,1,2,2,0,0,0,0,0,1,6088.11954373
20204,1129003752,3,2,1,0,0,0,0,1,2,0,0,0,0,1,1,0,0,0,0,0,1,8476.50519957
20204,1129003753,18227,9407,8820,55,1380,4733,6768,5234,57,12,578,1554,2999,4214,50,43,802,3179,3769,1020,7,2722.10885391
20204,1129003755,51,15,36,0,11,10,19,9,2,0,2,6,4,1,2,0,9,4,15,8,0,5675.39728984
20204,1129003757,2,1,1,0,0,0,2,0,0,0,0,0,1,0,0,0,0,0,1,0,0,3853.97568297
20204,1129003758,37,16,21,0,13,13,7,3,1,0,4,10,1,1,0,0,9,3,6,2,1,7810.12637188
20204,1129003761,17,11,6,0,1,4,6,4,2,0,1,3,2,3,2,0,0,1,4,1,0,4804.4487743
20204,1129003763,2,1,1,0,0,0,0,0,2,0,0,0,0,0,1,0,0,0,0,0,1,2296.15955491
20204,1129003765,11,3,8,0,1,0,5,3,2,0,0,0,2,0,1,0,1,0,3,3,1,4923.71898931
20204,1129003769,5,4,1,0,0,0,0,4,1,0,0,0,0,3,1,0,0,0,0,1,0,1080.53169284
20204,1129003770,2,1,1,0,0,0,0,1,1,0,0,0,0,0,1,0,0,0,0,1,0,1966.90108742
20204,1129003773,66,30,36,0,6,10,11,15,24,0,3,8,5,8,6,0,3,2,6,7,18,13314.3166489
20204,1129003776,17,8,9,0,2,1,3,7,4,0,1,1,2,4,0,0,1,0,1,3,4,1237.35871907
20204,1129003782,2,1,1,0,0,1,1,0,0,0,0,1,0,0,0,0,0,0,1,0,0,1548.99743626
20204,1129003783,7,4,3,0,0,1,2,2,2,0,0,1,1,1,1,0,0,0,1,1,1,3051.7287323
20204,1129003789,4,2,2,0,0,1,0,1,2,0,0,0,0,0,2,0,0,1,0,1,0,5673.86036683
20204,1129003796,7,3,4,0,0,1,4,0,2,0,0,0,1,0,2,0,0,1,3,0,0,12054.9248195
20204,1129003798,95,20,75,0,13,29,33,18,2,0,5,6,2,6,1,0,8,23,31,12,1,4385.2380074
20204,1129003800,28,6,22,0,5,8,6,8,1,0,1,0,2,2,1,0,4,8,4,6,0,5733.59436
20204,1129003804,10,2,8,0,3,3,1,1,2,0,0,1,0,0,1,0,3,2,1,1,1,2957.85152396
20204,1129003805,78,18,60,0,16,15,25,16,6,0,3,3,5,2,5,0,13,12,20,14,1,10312.166553
20204,1129003807,28,3,25,0,8,4,4,8,4,0,1,1,0,0,1,0,7,3,4,8,3,4031.21743756
20204,1129003808,26,17,9,0,13,4,6,2,1,0,11,1,3,1,1,0,2,3,3,1,0,4077.87335975
20204,1129003818,12,6,6,0,1,3,1,2,5,0,0,2,0,1,3,0,1,1,1,1,2,406.991142185
20204,1129003819,3,2,1,0,1,1,1,0,0,0,0,1,1,0,0,0,1,0,0,0,0,2623.44244625
20204,1129003822,8,6,2,0,0,2,1,2,3,0,0,1,1,1,3,0,0,1,0,1,0,9233.31269517
20204,1129003831,213,3,210,0,14,8,35,87,69,0,0,0,1,0,2,0,14,8,34,87,67,8360.25277104
20204,1129003832,3,3,0,0,1,1,1,0,0,0,1,1,1,0,0,0,0,0,0,0,0,8841.87290226
20204,1129003836,4,4,0,0,0,0,1,3,0,0,0,0,1,3,0,0,0,0,0,0,0,3192.73090815
20204,1129003837,8,2,6,0,1,1,1,5,0,0,0,0,0,2,0,0,1,1,1,3,0,3653.93374724
20204,1129003841,16,9,7,0,0,3,5,7,1,0,0,1,3,5,0,0,0,2,2,2,1,5801.40639592
20204,1129003848,247,155,92,1,26,53,56,75,36,0,16,30,34,50,25,1,10,23,22,25,11,4439.32277955
20204,1129003850,8,7,1,0,0,1,2,5,0,0,0,1,1,5,0,0,0,0,1,0,0,3680.25513449
20204,1129003852,66,39,27,1,6,10,13,18,18,0,1,2,9,14,13,1,5,8,4,4,5,4897.45106624
20204,1129003853,18,2,16,0,1,2,11,0,4,0,0,0,0,0,2,0,1,2,11,0,2,51772.1790006
20204,1129003874,12,8,4,0,8,0,1,3,0,0,6,0,1,1,0,0,2,0,0,2,0,2742.85222461
20204,1129003878,477,304,173,2,79,108,113,136,39,0,45,65,68,95,31,2,34,43,45,41,8,2181.72728471
20204,1129003880,45,17,28,0,12,8,2,12,11,0,1,3,2,3,8,0,11,5,0,9,3,4487.40751104
20204,1129003883,16,9,7,0,2,4,5,5,0,0,0,2,5,2,0,0,2,2,0,3,0,2187.00235115
20204,1129003895,45,22,23,0,15,12,15,2,1,0,6,6,10,0,0,0,9,6,5,2,1,8573.68921877
20204,1129003898,444,373,71,0,49,136,113,140,6,0,30,110,93,134,6,0,19,26,20,6,0,6673.68426042
20204,1129003904,11,5,6,0,1,4,4,1,1,0,0,2,2,0,1,0,1,2,2,1,0,1802.43582599
20204,1129003906,257,232,25,0,32,90,55,79,1,0,29,80,48,74,1,0,3,10,7,5,0,3646.97607484
20204,1129003910,4,2,2,0,0,1,1,1,1,0,0,1,1,0,0,0,0,0,0,1,1,3654.51063992
20204,1129003911,187,135,52,2,37,45,51,29,23,0,22,34,40,22,17,2,15,11,11,7,6,1356.87277141
20204,1129003914,66,13,53,1,8,11,22,15,9,0,0,2,3,4,4,1,8,9,19,11,5,6337.81086175
20204,1129003915,2,1,1,0,0,1,0,1,0,0,0,1,0,0,0,0,0,0,0,1,0,3504.52930645
20204,1129003916,7,1,6,0,0,0,2,3,2,0,0,0,0,0,1,0,0,0,2,3,1,2544.18164403
20204,1129003918,2,1,1,0,0,0,0,0,2,0,0,0,0,0,1,0,0,0,0,0,1,3065.12168171
20211,1123000001,120,55,65,0,7,10,27,32,44,0,1,2,14,11,27,0,6,8,13,21,17,4017.03275138
20211,1123000002,6,3,3,0,0,1,0,3,2,0,0,0,0,1,2,0,0,1,0,2,0,4030.88106728
20211,1123000003,5,4,1,0,0,2,2,0,1,0,0,2,1,0,1,0,0,0,1,0,0,2781.85755149
20211,1123000004,764,299,465,2,92,103,227,194,146,0,51,55,53,59,81,2,41,48,174,135,65,3286.03019847
20211,1123000005,113,57,56,0,27,36,24,14,12,0,7,14,16,10,10,0,20,22,8,4,2,6411.81232975
20211,1123000006,8,3,5,0,1,1,2,3,1,0,0,1,0,1,1,0,1,0,2,2,0,1289.78300619
20211,1123000007,8,7,1,0,1,2,1,1,3,0,0,2,1,1,3,0,1,0,0,0,0,4301.33006743
20211,1123000008,24,9,15,0,5,0,6,5,8,0,0,0,2,3,4,0,5,0,4,2,4,3931.99356818
20211,1123000010,3,2,1,0,0,0,2,1,0,0,0,0,1,1,0,0,0,0,1,0,0,946.498084201
20211,1123000012,75,41,34,0,9,14,22,21,9,0,5,10,12,7,7,0,4,4,10,14,2,6062.06191538
20211,1123000013,2,2,0,0,0,1,0,0,1,0,0,1,0,0,1,0,0,0,0,0,0,1035.68562879
20211,1123000014,2,1,1,0,0,0,2,0,0,0,0,0,1,0,0,0,0,0,1,0,0,2203.81881846
20211,1123000015,8,5,3,0,0,1,4,2,1,0,0,0,3,1,1,0,0,1,1,1,0,2393.8773718
20211,1123000017,28,18,10,0,9,12,6,1,0,0,7,9,1,1,0,0,2,3,5,0,0,2824.91954045
20211,1123000018,14,9,5,0,0,0,1,1,12,0,0,0,0,0,9,0,0,0,1,1,3,6616.95583478
20211,1123000020,3,3,0,0,0,2,0,1,0,0,0,2,0,1,0,0,0,0,0,0,0,2175.39408638
20211,1123000021,11,9,2,0,0,0,1,5,5,0,0,0,1,5,3,0,0,0,0,0,2,5430.30601674
20211,1123000022,3058,1155,1903,1,468,643,945,966,35,1,373,482,237,55,7,0,95,161,708,911,28,5528.57732009
20211,1123000023,2,2,0,0,0,0,1,1,0,0,0,0,1,1,0,0,0,0,0,0,0,840.798748147
20211,1123000024,2,1,1,0,0,1,0,1,0,0,0,0,0,1,0,0,0,1,0,0,0,2048.15282661
20211,1123000025,7,1,6,0,0,2,0,4,1,0,0,1,0,0,0,0,0,1,0,4,1,1447.24906033
20211,1123000026,10,8,2,0,0,3,5,1,1,0,0,2,5,1,0,0,0,1,0,0,1,3915.09617768
20211,1123000027,24,19,5,0,0,5,6,7,6,0,0,3,4,6,6,0,0,2,2,1,0,2555.75910236
20211,1123000029,52,37,15,0,1,5,15,11,20,0,0,2,9,7,19,0,1,3,6,4,1,7199.08930214
20211,1123000031,4,3,1,0,0,0,0,1,3,0,0,0,0,1,2,0,0,0,0,0,1,1903.20900952
20211,1123000033,2,2,0,0,0,1,0,0,1,0,0,1,0,0,1,0,0,0,0,0,0,1491.58486878
20211,1123000034,21,18,3,0,5,9,3,3,1,0,4,9,2,3,0,0,1,0,1,0,1,6220.61213951
20211,1123000035,25,17,8,1,0,4,8,5,7,0,0,4,7,2,4,1,0,0,1,3,3,6605.30271984
20211,1123000037,178,111,67,0,5,12,14,13,134,0,0,9,6,5,91,0,5,3,8,8,43,8207.61627371
20211,1123000038,27,20,7,0,11,2,5,5,4,0,8,2,2,4,4,0,3,0,3,1,0,803.762450547
20211,1123000040,387,293,94,1,93,150,74,47,22,0,61,103,65,43,21,1,32,47,9,4,1,8138.33113334
20211,1123000044,1,0,1,0,0,0,1,0,0,0,0,0,0,0,0,0,0,0,1,0,0,2137.75890075
20211,1123000045,83,13,70,0,9,29,27,17,1,0,0,5,5,3,0,0,9,24,22,14,1,15648.5004924
20211,1123000046,5,5,0,0,0,0,0,4,1,0,0,0,0,4,1,0,0,0,0,0,0,1130.86507
20211,1123000048,10,7,3,0,0,1,3,3,3,0,0,1,2,2,2,0,0,0,1,1,1,1083.1532696
20211,1123000054,31,15,16,0,2,8,10,10,1,0,0,6,4,5,0,0,2,2,6,5,1,15357.967654
20211,1123000055,20,13,7,0,0,3,3,5,9,0,0,2,1,4,6,0,0,1,2,1,3,7092.9507577
20211,1123000056,3,2,1,0,0,1,1,0,1,0,0,1,0,0,1,0,0,0,1,0,0,577.232722192
20211,1123000057,42,28,14,1,5,20,4,8,4,0,2,13,2,7,4,1,3,7,2,1,0,3234.22420105
20211,1123000059,2,1,1,0,0,0,0,0,2,0,0,0,0,0,1,0,0,0,0,0,1,4698.91175408
20211,1123000060,42,30,12,0,2,5,6,14,15,0,1,3,4,10,12,0,1,2,2,4,3,5016.86744303
20211,1123000062,46,28,18,0,1,6,14,11,14,0,0,2,8,8,10,0,1,4,6,3,4,4520.76958669
20211,1123000064,11,8,3,0,6,3,2,0,0,0,5,2,1,0,0,0,1,1,1,0,0,2714.33596439
20211,1123000068,12,7,5,0,0,1,6,2,3,0,0,1,3,2,1,0,0,0,3,0,2,2571.36398479
20211,1123000074,9,7,2,0,0,1,5,2,1,0,0,1,4,1,1,0,0,0,1,1,0,5678.60586915
20211,1123000076,8,3,5,0,1,2,2,3,0,0,0,0,1,2,0,0,1,2,1,1,0,1888.01799067
20211,1123000080,12,11,1,0,1,1,5,3,2,0,1,1,4,3,2,0,0,0,1,0,0,4204.1555437
20211,1123000081,2,0,2,0,1,0,1,0,0,0,0,0,0,0,0,0,1,0,1,0,0,1220.34719234
20211,1123000086,35,29,6,0,8,2,13,7,5,0,8,1,10,5,5,0,0,1,3,2,0,6094.20213656
20211,1123000087,31,17,14,0,1,5,13,10,2,0,0,2,7,7,1,0,1,3,6,3,1,6170.24214404
20211,1123000095,97,76,21,0,15,15,13,39,15,0,12,13,10,30,11,0,3,2,3,9,4,6888.55564025
20211,1123000101,3,1,2,0,0,0,0,0,3,0,0,0,0,0,1,0,0,0,0,0,2,3102.44110675
20211,1123000110,4,4,0,0,1,0,0,1,2,0,1,0,0,1,2,0,0,0,0,0,0,5124.86166655
20211,1123000115,15,0,15,0,4,5,1,5,0,0,0,0,0,0,0,0,4,5,1,5,0,1516.72095658
20211,1123000118,2,2,0,0,0,2,0,0,0,0,0,2,0,0,0,0,0,0,0,0,0,3624.99097869
20211,1123000121,7,4,3,0,1,2,2,1,1,0,0,0,2,1,1,0,1,2,0,0,0,3406.21207151
20211,1123000125,10,8,2,0,0,1,1,7,1,0,0,1,1,5,1,0,0,0,0,2,0,6931.85762841
20211,1123000126,35,14,21,0,3,12,10,8,2,0,1,3,6,3,1,0,2,9,4,5,1,3836.44843671
20211,1123000133,38,24,14,0,0,5,15,10,8,0,0,0,9,8,7,0,0,5,6,2,1,2259.47066943
20211,1123000134,3,2,1,0,0,0,0,3,0,0,0,0,0,2,0,0,0,0,0,1,0,3499.19733522
20211,1123000136,2,2,0,0,0,0,1,0,1,0,0,0,1,0,1,0,0,0,0,0,0,1596.34807451
20211,1123000137,34,24,10,0,8,1,9,11,5,0,4,0,6,10,4,0,4,1,3,1,1,2979.24347907
20211,1123000142,8,5,3,0,2,2,2,2,0,0,1,2,1,1,0,0,1,0,1,1,0,5931.98452651
20211,1123000145,41,28,13,0,7,18,13,2,1,0,1,18,7,2,0,0,6,0,6,0,1,2671.59923204
20211,1123000148,15,12,3,0,0,2,7,3,3,0,0,2,6,1,3,0,0,0,1,2,0,4354.43292439
20211,1123000151,2,1,1,0,0,0,1,1,0,0,0,0,0,1,0,0,0,0,1,0,0,3625.53155849
20211,1123000153,2,2,0,0,0,0,0,0,2,0,0,0,0,0,2,0,0,0,0,0,0,4067.70923234
20211,1123000159,64,49,15,3,27,12,5,5,12,3,21,8,2,4,11,0,6,4,3,1,1,4181.10209351
20211,1123000160,8,5,3,0,0,1,2,4,1,0,0,1,1,3,0,0,0,0,1,1,1,4134.06663485
20211,1123000161,9,4,5,0,1,0,4,4,0,0,0,0,3,1,0,0,1,0,1,3,0,4211.32107547
20211,1123000162,50,32,18,0,3,10,9,15,13,0,2,2,4,12,12,0,1,8,5,3,1,3010.23207377
20211,1123000165,3,2,1,0,0,0,0,2,1,0,0,0,0,1,1,0,0,0,0,1,0,3316.38080846
20211,1123000167,13,6,7,0,1,1,4,3,4,0,0,0,0,3,3,0,1,1,4,0,1,4511.13210114
20211,1123000168,40,5,35,0,6,13,9,12,0,0,1,2,0,2,0,0,5,11,9,10,0,9387.61218208
20211,1123000171,3,2,1,0,0,0,3,0,0,0,0,0,2,0,0,0,0,0,1,0,0,6299.9018049
20211,1123000172,53,44,9,0,10,8,20,12,3,0,8,6,15,12,3,0,2,2,5,0,0,4813.26234244
20211,1123000180,23,20,3,0,1,4,14,4,0,0,1,4,11,4,0,0,0,0,3,0,0,2999.47522755
20211,1123000183,105,84,21,0,12,26,40,14,13,0,8,21,31,13,11,0,4,5,9,1,2,7375.44148827
20211,1123000188,128,82,46,0,33,28,19,35,13,0,26,18,10,22,6,0,7,10,9,13,7,10463.6082986
20211,1123000190,1,0,1,0,0,0,1,0,0,0,0,0,0,0,0,0,0,0,1,0,0,2329.28483175
20211,1123000192,34,12,22,0,4,7,11,6,6,0,2,2,3,1,4,0,2,5,8,5,2,13732.0907677
20211,1123000194,19,13,6,0,1,5,6,2,5,0,1,3,4,2,3,0,0,2,2,0,2,2892.15962561
20211,1123000197,10,0,10,0,4,4,1,1,0,0,0,0,0,0,0,0,4,4,1,1,0,1557.20047538
20211,1123000198,2,1,1,0,0,0,1,1,0,0,0,0,1,0,0,0,0,0,0,1,0,1248.0171003
20211,1123000203,2,0,2,0,0,0,2,0,0,0,0,0,0,0,0,0,0,0,2,0,0,2573.41998702
20211,1123000204,2,2,0,0,0,0,0,0,2,0,0,0,0,0,2,0,0,0,0,0,0,4623.78894414
20211,1123000206,48,21,27,0,9,3,10,19,7,0,2,1,1,13,4,0,7,2,9,6,3,10040.5122401
20211,1123000211,220,165,55,0,5,31,40,54,90,0,4,12,26,44,79,0,1,19,14,10,11,9339.31922521
20211,1123000212,8,5,3,0,1,0,2,3,2,0,1,0,1,2,1,0,0,0,1,1,1,1225.44547636
20211,1123000213,20,15,5,0,2,5,2,5,6,0,2,4,2,4,3,0,0,1,0,1,3,1361.05161365
20211,1123000214,75,52,23,1,2,8,22,21,21,0,1,5,16,17,13,1,1,3,6,4,8,9506.07577589
20211,1123000215,8,7,1,0,0,1,3,2,2,0,0,1,2,2,2,0,0,0,1,0,0,1592.80154171
20211,1123000216,28,21,7,0,2,6,9,7,4,0,2,6,7,4,2,0,0,0,2,3,2,4814.16819106
20211,1123000217,7,5,2,0,1,1,3,0,2,0,1,0,2,0,2,0,0,1,1,0,0,956.60642855
20211,1123000218,9,9,0,0,0,2,4,0,3,0,0,2,4,0,3,0,0,0,0,0,0,1529.83558997
20211,1123000219,5,3,2,0,1,2,1,1,0,0,0,2,1,0,0,0,1,0,0,1,0,1074.32345325
20211,1123000220,16,16,0,0,0,7,3,3,3,0,0,7,3,3,3,0,0,0,0,0,0,1245.18242562
20211,1123000221,1098,985,113,18,431,435,151,44,19,18,379,393,143,35,17,0,52,42,8,9,2,12392.3332501
20211,1123000222,26,17,9,0,2,10,4,5,5,0,2,10,2,1,2,0,0,0,2,4,3,3245.18033155
20211,1123000223,6,5,1,0,0,0,4,2,0,0,0,0,3,2,0,0,0,0,1,0,0,2695.61471883
20211,1123000224,17,12,5,0,3,1,7,5,1,0,1,1,6,3,1,0,2,0,1,2,0,2963.33981399
20211,1123000225,216,166,50,1,18,45,60,47,45,1,13,36,48,31,37,0,5,9,12,16,8,19707.8622913
20211,1123000228,351,324,27,1,8,57,154,111,20,1,5,53,138,107,20,0,3,4,16,4,0,9404.49919757
20211,1123000229,2,1,1,0,0,0,0,1,1,0,0,0,0,0,1,0,0,0,0,1,0,1641.22956229
20211,1123000232,3,3,0,0,0,0,0,0,3,0,0,0,0,0,3,0,0,0,0,0,0,2148.40184801
20211,1123000233,20,19,1,0,1,2,7,8,2,0,1,2,7,8,1,0,0,0,0,0,1,3411.02784581
20211,1123000234,17,14,3,0,4,3,2,6,2,0,3,3,1,5,2,0,1,0,1,1,0,2866.74679435
20211,1123000236,115,87,28,0,3,23,35,35,19,0,2,17,28,24,16,0,1,6,7,11,3,3607.98985246
20211,1123000237,13,12,1,0,0,1,4,5,3,0,0,1,4,4,3,0,0,0,0,1,0,1646.85913787
20211,1123000241,2,2,0,0,0,0,0,0,2,0,0,0,0,0,2,0,0,0,0,0,0,445.409192279
20211,1123000242,63,37,26,0,11,15,22,10,5,0,5,7,13,8,4,0,6,8,9,2,1,1345.95386629
20211,1123000245,6,5,1,0,0,0,1,2,3,0,0,0,1,2,2,0,0,0,0,0,1,715.106846907
20211,1123000247,25,14,11,0,3,11,2,4,5,0,1,6,1,1,5,0,2,5,1,3,0,6884.19895901
20211,1123000254,42,27,15,0,4,11,7,14,6,0,2,6,6,9,4,0,2,5,1,5,2,8772.93835973
20211,1123000255,3,2,1,0,0,1,0,0,2,0,0,0,0,0,2,0,0,1,0,0,0,865.097427369
20211,1123000258,7,2,5,0,0,2,5,0,0,0,0,1,1,0,0,0,0,1,4,0,0,3039.18561101
20211,1123000264,2,2,0,0,0,0,2,0,0,0,0,0,2,0,0,0,0,0,0,0,0,4542.37238945
20211,1123000268,4,2,2,0,0,0,1,1,2,0,0,0,0,1,1,0,0,0,1,0,1,3047.33205643
20211,1123000270,4,3,1,0,0,1,2,1,0,0,0,1,1,1,0,0,0,0,1,0,0,2018.08693897
20211,1123000273,3,1,2,0,0,0,1,2,0,0,0,0,1,0,0,0,0,0,0,2,0,1054.94377933
20211,1123000282,22,18,4,0,3,3,5,7,4,0,3,3,4,6,2,0,0,0,1,1,2,3938.34616373
20211,1123000288,2,1,1,0,0,0,0,0,2,0,0,0,0,0,1,0,0,0,0,0,1,1980.02887542
20211,1123000289,3,1,2,0,0,0,0,2,1,0,0,0,0,1,0,0,0,0,0,1,1,668.536327817
20211,1123000291,2,1,1,0,0,1,1,0,0,0,0,1,0,0,0,0,0,0,1,0,0,793.763677092
20211,1123000292,10,4,6,0,0,4,1,5,0,0,0,1,1,2,0,0,0,3,0,3,0,2326.45340104
20211,1123000294,8,1,7,0,0,1,6,0,1,0,0,0,0,0,1,0,0,1,6,0,0,3352.07177196
20211,1123000297,10,0,10,0,1,2,1,5,1,0,0,0,0,0,0,0,1,2,1,5,1,3062.31488374
20211,1123000304,3,1,2,0,0,1,0,2,0,0,0,1,0,0,0,0,0,0,0,2,0,1243.07871428
20211,1123000311,219,138,81,0,5,16,35,64,99,0,3,10,25,41,59,0,2,6,10,23,40,12826.3621649
20211,1123000313,21,7,14,0,5,3,4,8,1,0,1,1,3,1,1,0,4,2,1,7,0,12629.6218867
20211,1123000315,2,2,0,0,0,0,2,0,0,0,0,0,2,0,0,0,0,0,0,0,0,1196.27749514
20211,1123000317,4,4,0,0,0,1,2,1,0,0,0,1,2,1,0,0,0,0,0,0,0,3370.5653296
20211,1123000318,12,8,4,0,1,2,5,2,2,0,1,2,2,1,2,0,0,0,3,1,0,3924.42055462
20211,1123000321,232,135,97,0,28,37,48,66,53,0,18,21,25,36,35,0,10,16,23,30,18,3145.08825278
20211,1123000322,39,18,21,0,9,10,12,6,2,0,2,6,6,4,0,0,7,4,6,2,2,5494.435008
20211,1123000323,225,130,95,4,32,36,51,58,44,3,6,18,32,39,32,1,26,18,19,19,12,2897.72268167
20211,1123000329,18,16,2,0,1,0,8,9,0,0,1,0,6,9,0,0,0,0,2,0,0,1998.48206724
20211,1123000332,3,1,2,0,0,0,3,0,0,0,0,0,1,0,0,0,0,0,2,0,0,3759.87692997
20211,1123000334,1,0,1,0,0,0,0,0,1,0,0,0,0,0,0,0,0,0,0,0,1,6665.12189398
20211,1123000337,36,24,12,0,7,3,8,6,12,0,3,2,5,6,8,0,4,1,3,0,4,7347.94807207
20211,1123000339,6,4,2,0,0,1,2,2,1,0,0,1,1,2,0,0,0,0,1,0,1,5393.1096788
20211,1123000342,26,15,11,0,5,7,3,6,5,0,1,4,2,3,5,0,4,3,1,3,0,3548.83810834
20211,1123000343,5,5,0,0,0,1,0,2,2,0,0,1,0,2,2,0,0,0,0,0,0,2410.66251465
20211,1123000346,34,28,6,2,3,5,6,4,14,2,1,3,4,4,14,0,2,2,2,0,0,2914.34643421
20211,1123000351,24,13,11,0,4,4,7,9,0,0,2,3,3,5,0,0,2,1,4,4,0,6009.65176534
20211,1123000353,2,2,0,0,0,0,0,0,2,0,0,0,0,0,2,0,0,0,0,0,0,4416.74960542
20211,1123000354,11,9,2,0,0,3,4,1,3,0,0,3,2,1,3,0,0,0,2,0,0,7580.06307624
20211,1123000355,11,7,4,0,0,2,2,4,3,0,0,1,1,2,3,0,0,1,1,2,0,2469.91902325
20211,1123000358,3,2,1,0,0,0,2,1,0,0,0,0,2,0,0,0,0,0,0,1,0,1726.38569282
20211,1123000359,19,5,14,0,3,0,7,6,3,0,0,0,0,2,3,0,3,0,7,4,0,7190.05473792
20211,1123000360,73,5,68,0,1,2,4,23,43,0,0,0,0,2,3,0,1,2,4,21,40,4869.81765984
20211,1123000361,3,3,0,0,0,0,0,3,0,0,0,0,0,3,0,0,0,0,0,0,0,4014.57137912
20211,1123000364,136,68,68,0,14,19,27,27,49,0,3,8,5,16,36,0,11,11,22,11,13,6876.32152484
20211,1123000365,8,6,2,0,0,3,2,2,1,0,0,2,2,1,1,0,0,1,0,1,0,5372.32479558
20211,1123000366,23,15,8,0,2,3,5,11,2,0,0,2,2,9,2,0,2,1,3,2,0,4162.11914876
20211,1123000368,6,2,4,0,0,0,1,4,1,0,0,0,0,1,1,0,0,0,1,3,0,2351.50251293
20211,1123000369,10,3,7,0,1,5,2,2,0,0,1,1,0,1,0,0,0,4,2,1,0,4316.36084581
20211,1123000371,2,2,0,0,0,0,2,0,0,0,0,0,2,0,0,0,0,0,0,0,0,1550.74502717
20211,1123000372,6,4,2,0,0,2,0,3,1,0,0,1,0,2,1,0,0,1,0,1,0,1115.26464071
20211,1123000373,9,6,3,0,2,2,1,2,2,0,1,1,1,1,2,0,1,1,0,1,0,4975.55561046
20211,1123000375,41,26,15,0,5,12,18,4,2,0,4,8,10,3,1,0,1,4,8,1,1,2225.89671569
20211,1123000380,3,2,1,0,0,1,2,0,0,0,0,1,1,0,0,0,0,0,1,0,0,4071.00695357
20211,1123000381,18,8,10,0,2,7,1,5,3,0,1,3,1,2,1,0,1,4,0,3,2,7013.37792937
20211,1123000390,72,45,27,2,3,12,23,24,8,1,2,9,14,11,8,1,1,3,9,13,0,3143.25258799
20211,1123000394,82,32,50,2,19,22,19,8,12,2,4,7,8,4,7,0,15,15,11,4,5,6970.93472206
20211,1123000395,29,27,2,0,1,1,5,4,18,0,1,0,4,4,18,0,0,1,1,0,0,1955.64644102
20211,1123000404,2,1,1,0,0,0,1,0,1,0,0,0,1,0,0,0,0,0,0,0,1,1100.26549614
20211,1123000405,9,8,1,0,2,2,3,2,0,0,2,2,2,2,0,0,0,0,1,0,0,3238.00246143
20211,1123000407,167,127,40,0,18,25,42,39,43,0,15,20,34,29,29,0,3,5,8,10,14,5142.13964751
20211,1123000416,26,11,15,0,2,5,11,6,2,0,0,2,6,2,1,0,2,3,5,4,1,2358.77187609
20211,1123000419,1,0,1,0,0,0,1,0,0,0,0,0,0,0,0,0,0,0,1,0,0,5899.06983397
20211,1123000423,26,12,14,1,5,7,6,4,3,0,2,1,5,2,2,1,3,6,1,2,1,80846.9160056
20211,1123000427,5,4,1,0,0,0,0,2,3,0,0,0,0,2,2,0,0,0,0,0,1,4144.48299325
20211,1123000428,4,3,1,0,1,0,1,0,2,0,1,0,0,0,2,0,0,0,1,0,0,2514.57657256
20211,1123000432,66,44,22,1,6,20,14,19,6,1,2,10,8,17,6,0,4,10,6,2,0,8280.65284575
20211,1123000433,16,14,2,0,0,1,3,5,7,0,0,1,3,4,6,0,0,0,0,1,1,2436.63949994
20211,1123000434,5,2,3,0,1,1,0,1,2,0,0,0,0,1,1,0,1,1,0,0,1,2050.92057543
20211,1123000436,425,337,88,8,73,143,142,45,14,2,46,123,125,30,11,6,27,20,17,15,3,16972.1355696
20211,1123000437,203,171,32,1,27,41,36,77,21,1,21,36,29,66,18,0,6,5,7,11,3,7210.75269373
20211,1123000438,29,16,13,0,1,1,4,17,6,0,0,1,3,9,3,0,1,0,1,8,3,4989.62584016
20211,1123000439,4,4,0,0,0,1,1,2,0,0,0,1,1,2,0,0,0,0,0,0,0,2152.19965666
20211,1123000440,6,5,1,0,0,0,1,4,1,0,0,0,1,3,1,0,0,0,0,1,0,1731.8187245
20211,1123000443,5,4,1,0,1,1,0,3,0,0,1,0,0,3,0,0,0,1,0,0,0,2988.77858266
20211,1123000447,16,10,6,0,2,1,6,7,0,0,2,1,2,5,0,0,0,0,4,2,0,2908.54500871
20211,1123000448,7,4,3,0,0,2,3,1,1,0,0,1,2,0,1,0,0,1,1,1,0,853.51796658
20211,1123000450,2,1,1,0,0,0,0,1,1,0,0,0,0,0,1,0,0,0,0,1,0,1195.79720661
20211,1123000454,4,1,3,0,0,0,1,2,1,0,0,0,0,1,0,0,0,0,1,1,1,2146.1138515
20211,1123000457,118,67,51,0,21,22,19,20,36,0,7,13,10,10,27,0,14,9,9,10,9,11178.8074975
20211,1123000458,2,1,1,0,0,0,0,2,0,0,0,0,0,1,0,0,0,0,0,1,0,3221.82682212
20211,1123000459,2,2,0,0,1,0,1,0,0,0,1,0,1,0,0,0,0,0,0,0,0,799.119568551
20211,1123000460,3,1,2,0,0,0,0,1,2,0,0,0,0,0,1,0,0,0,0,1,1,9542.1815697
20211,1123000461,35,24,11,0,6,6,6,10,7,0,1,4,4,10,5,0,5,2,2,0,2,5926.29449319
20211,1123000462,21,17,4,0,0,2,3,9,7,0,0,2,2,7,6,0,0,0,1,2,1,2433.26987734
20211,1123000464,12,5,7,0,0,2,4,5,1,0,0,1,2,2,0,0,0,1,2,3,1,4303.51701822
20211,1123000465,8,7,1,0,1,0,5,0,2,0,1,0,4,0,2,0,0,0,1,0,0,1400.30853031
20211,1123000467,16,13,3,0,0,3,2,3,8,0,0,1,1,3,8,0,0,2,1,0,0,1320.06597028
20211,1123000468,77,58,19,0,6,19,15,22,15,0,4,13,14,14,13,0,2,6,1,8,2,7189.43543783
20211,1123000469,18,15,3,0,1,1,8,5,3,0,1,1,6,4,3,0,0,0,2,1,0,4414.45263074
20211,1123000470,1111,664,447,11,132,99,135,222,512,11,108,71,81,118,275,0,24,28,54,104,237,3949.34350749
20211,1123000472,9,6,3,0,1,4,3,1,0,0,1,3,1,1,0,0,0,1,2,0,0,2634.71533759
20211,1123000473,84,73,11,0,2,9,12,32,29,0,1,5,11,29,27,0,1,4,1,3,2,3108.66796867
20211,1123000474,12,9,3,0,0,1,2,8,1,0,0,1,1,7,0,0,0,0,1,1,1,4981.89738597
20211,1123000475,47,25,22,0,5,7,14,13,8,0,3,5,4,8,5,0,2,2,10,5,3,3133.02543881
20211,1123000480,26,10,16,0,1,2,6,10,7,0,0,1,3,3,3,0,1,1,3,7,4,1601.86981027
20211,1123000486,10,5,5,0,3,1,1,3,2,0,1,1,0,1,2,0,2,0,1,2,0,3329.54903351
20211,1123000487,3,2,1,0,0,0,1,0,2,0,0,0,1,0,1,0,0,0,0,0,1,2778.91643329
20211,1123000488,9,8,1,0,0,0,1,3,5,0,0,0,1,2,5,0,0,0,0,1,0,4935.64771254
20211,1123000489,1,0,1,0,0,1,0,0,0,0,0,0,0,0,0,0,0,1,0,0,0,10553.4898352
20211,1123000490,20,12,8,0,2,3,4,6,5,0,2,2,3,2,3,0,0,1,1,4,2,2577.10429151
20211,1123000492,25,20,5,0,0,3,12,6,4,0,0,2,10,4,4,0,0,1,2,2,0,9511.98057188
20211,1123000498,72,59,13,0,8,11,14,19,20,0,5,9,11,17,17,0,3,2,3,2,3,6570.05535661
20211,1123000501,22,12,10,0,1,5,6,5,5,0,0,1,5,2,4,0,1,4,1,3,1,4448.66788869
20211,1123000503,4,3,1,0,0,0,1,3,0,0,0,0,1,2,0,0,0,0,0,1,0,3128.38591877
20211,1123000504,7,6,1,0,0,0,2,3,2,0,0,0,1,3,2,0,0,0,1,0,0,2190.7864261
20211,1123000505,9,7,2,0,1,1,1,4,2,0,1,1,0,3,2,0,0,0,1,1,0,13294.2598484
20211,1123000507,5,4,1,0,0,0,1,2,2,0,0,0,0,2,2,0,0,0,1,0,0,952.686306164
20211,1123000512,64,38,26,0,13,23,16,8,4,0,3,14,13,5,3,0,10,9,3,3,1,3553.68808835
20211,1123000516,14,10,4,0,2,5,5,2,0,0,1,5,2,2,0,0,1,0,3,0,0,1917.43399775
20211,1123000517,62,48,14,0,0,2,11,23,26,0,0,0,6,18,24,0,0,2,5,5,2,2068.40407842
20211,1123000519,15,11,4,0,1,4,3,5,2,0,1,4,0,4,2,0,0,0,3,1,0,1913.52529964
20211,1123000520,8,7,1,0,0,0,2,4,2,0,0,0,2,3,2,0,0,0,0,1,0,6492.02410893
20211,1123000521,11,7,4,0,0,1,3,0,7,0,0,0,2,0,5,0,0,1,1,0,2,2853.66387992
20211,1123000524,7,0,7,0,2,1,0,2,2,0,0,0,0,0,0,0,2,1,0,2,2,3560.15397671
20211,1123000525,38,28,10,0,3,9,5,8,13,0,1,6,2,8,11,0,2,3,3,0,2,3848.48964201
20211,1123000526,166,99,67,0,18,64,42,24,18,0,3,23,36,21,16,0,15,41,6,3,2,5716.78029794
20211,1123000527,14,8,6,0,3,2,2,4,3,0,3,1,0,1,3,0,0,1,2,3,0,2035.00329444
20211,1123000529,3,3,0,0,0,0,0,2,1,0,0,0,0,2,1,0,0,0,0,0,0,2224.52256163
20211,1123000530,8,7,1,0,0,2,1,4,1,0,0,2,1,3,1,0,0,0,0,1,0,2197.52072203
20211,1123000531,53,44,9,0,5,3,19,16,10,0,5,2,13,15,9,0,0,1,6,1,1,1922.42265679
20211,1123000532,21,14,7,0,1,0,4,12,4,0,1,0,3,7,3,0,0,0,1,5,1,2005.12669396
20211,1123000533,34,17,17,0,1,6,8,14,5,0,1,3,7,3,3,0,0,3,1,11,2,6303.82036938
20211,1123000534,9,4,5,0,0,4,3,2,0,0,0,0,3,1,0,0,0,4,0,1,0,969.415456872
20211,1123000535,9,5,4,0,3,0,4,2,0,0,2,0,2,1,0,0,1,0,2,1,0,3600.84699736
20211,1123000539,16,13,3,0,2,6,2,2,4,0,0,6,2,2,3,0,2,0,0,0,1,1962.13418735
20211,1123000541,3,0,3,0,0,1,1,1,0,0,0,0,0,0,0,0,0,1,1,1,0,3446.23332823
20211,1123000542,6,5,1,1,0,0,3,0,2,1,0,0,2,0,2,0,0,0,1,0,0,21216.7836092
20211,1123000543,9,6,3,0,1,0,4,1,3,0,0,0,2,1,3,0,1,0,2,0,0,11651.5127601
20211,1123000544,6,3,3,0,0,1,3,1,1,0,0,1,1,0,1,0,0,0,2,1,0,1591.94412169
20211,1123000547,11,4,7,0,3,2,1,5,0,0,0,2,1,1,0,0,3,0,0,4,0,2448.82469674
20211,1123000548,15,7,8,0,2,4,3,5,1,0,0,2,1,3,1,0,2,2,2,2,0,2482.52158477
20211,1123000549,4,2,2,0,0,1,0,1,2,0,0,0,0,1,1,0,0,1,0,0,1,1777.54923764
20211,1123000551,4655,1984,2671,6,295,1163,1725,1337,129,1,151,742,691,371,28,5,144,421,1034,966,101,10360.0348741
20211,1123000552,2,1,1,0,0,0,0,2,0,0,0,0,0,1,0,0,0,0,0,1,0,2822.15133736
20211,1123000554,4,3,1,0,0,0,3,1,0,0,0,0,3,0,0,0,0,0,0,1,0,797.064897408
20211,1123000555,89,55,34,0,9,11,27,29,13,0,2,5,18,19,11,0,7,6,9,10,2,3369.23975255
20211,1123000556,40,26,14,0,5,6,14,8,7,0,2,3,9,7,5,0,3,3,5,1,2,9303.72420376
20211,1123000557,9,4,5,0,0,0,1,6,2,0,0,0,0,4,0,0,0,0,1,2,2,2772.82436557
20211,1123000558,27,19,8,0,2,2,12,6,5,0,1,1,7,5,5,0,1,1,5,1,0,2539.3125673
20211,1123000560,11,8,3,0,0,4,3,1,3,0,0,2,3,0,3,0,0,2,0,1,0,2934.61586342
20211,1123000561,6,5,1,0,1,1,2,1,1,0,1,1,2,0,1,0,0,0,0,1,0,1737.6047196
20211,1123000562,3,2,1,0,0,0,1,1,1,0,0,0,1,1,0,0,0,0,0,0,1,1811.24298432
20211,1123000563,2,1,1,0,0,0,0,1,1,0,0,0,0,0,1,0,0,0,0,1,0,2957.4947786
20211,1123000564,24,17,7,0,3,2,8,8,3,0,1,2,5,6,3,0,2,0,3,2,0,2121.6648195
20211,1123000565,56,29,27,0,6,12,13,17,8,0,1,8,6,9,5,0,5,4,7,8,3,4675.14201419
20211,1123000566,12,8,4,0,0,1,7,1,3,0,0,0,5,1,2,0,0,1,2,0,1,2470.47226513
20211,1123000567,18,14,4,0,0,2,5,6,5,0,0,2,3,5,4,0,0,0,2,1,1,2431.47574291
20211,1123000568,88,67,21,2,15,22,22,20,7,0,9,18,17,17,6,2,6,4,5,3,1,2209.02915775
20211,1123000569,20,10,10,0,0,0,4,11,5,0,0,0,1,7,2,0,0,0,3,4,3,4287.90569515
20211,1123000570,2,1,1,0,0,0,0,1,1,0,0,0,0,0,1,0,0,0,0,1,0,2939.5225765
20211,1123000571,4,4,0,0,0,2,2,0,0,0,0,2,2,0,0,0,0,0,0,0,0,1716.47034127
20211,1123000576,40,14,26,0,9,16,6,7,2,0,3,5,4,1,1,0,6,11,2,6,1,3058.24911753
20211,1123000577,21,15,6,0,0,3,4,8,6,0,0,1,4,6,4,0,0,2,0,2,2,1907.65500781
20211,1123000580,33,31,2,0,1,8,18,4,2,0,0,8,17,4,2,0,1,0,1,0,0,2259.46977601
20211,1123000581,48,31,17,0,9,5,13,6,15,0,4,2,7,6,12,0,5,3,6,0,3,10109.4401727
20211,1123000582,7,7,0,0,0,0,1,2,4,0,0,0,1,2,4,0,0,0,0,0,0,1138.96438792
20211,1123000583,26,13,13,0,2,8,4,7,5,0,2,2,1,5,3,0,0,6,3,2,2,6558.03722184
20211,1123000584,6,4,2,0,3,2,0,1,0,0,2,2,0,0,0,0,1,0,0,1,0,988.926394008
20211,1123000585,8,6,2,0,1,1,3,3,0,0,1,1,2,2,0,0,0,0,1,1,0,3607.9552115
20211,1123000587,33,20,13,0,1,10,9,6,7,0,0,5,3,6,6,0,1,5,6,0,1,1691.30119912
20211,1123000588,1951,944,1007,3,231,487,493,608,129,2,94,193,182,389,84,1,137,294,311,219,45,13586.4982094
20211,1123000589,479,159,320,1,97,137,104,56,84,0,11,27,31,29,61,1,86,110,73,27,23,9406.4401534
20211,1123000590,23,10,13,0,2,13,3,5,0,0,1,5,2,2,0,0,1,8,1,3,0,12965.2219511
20211,1123000592,40,22,18,0,2,1,12,17,8,0,2,0,6,11,3,0,0,1,6,6,5,2045.69248671
20211,1123000593,5,3,2,0,0,0,0,4,1,0,0,0,0,3,0,0,0,0,0,1,1,2224.96319264
20211,1123000594,10,8,2,0,3,1,1,1,4,0,2,1,1,1,3,0,1,0,0,0,1,1405.42039128
20211,1123000595,4,2,2,0,0,0,0,0,4,0,0,0,0,0,2,0,0,0,0,0,2,1885.58957413
20211,1123000596,35,11,24,0,2,9,11,8,5,0,1,1,2,5,2,0,1,8,9,3,3,2079.86290593
20211,1123000598,5,4,1,0,1,0,1,2,1,0,0,0,1,2,1,0,1,0,0,0,0,1951.17131422
20211,1123000599,12,9,3,0,0,2,3,2,5,0,0,1,3,2,3,0,0,1,0,0,2,1823.27345438
20211,1123000600,27,12,15,0,2,9,8,5,3,0,1,2,4,3,2,0,1,7,4,2,1,2162.62447898
20211,1123000602,3,1,2,0,0,2,0,0,1,0,0,1,0,0,0,0,0,1,0,0,1,2931.45358807
20211,1123000603,3,1,2,0,3,0,0,0,0,0,1,0,0,0,0,0,2,0,0,0,0,2358.07625861
20211,1123000605,1646,1312,334,1,135,280,466,403,361,1,92,225,408,329,257,0,43,55,58,74,104,4346.21841473
20211,1123000606,4,2,2,0,0,1,1,1,1,0,0,0,0,1,1,0,0,1,1,0,0,3125.15005907
20211,1123000607,2,2,0,0,0,2,0,0,0,0,0,2,0,0,0,0,0,0,0,0,0,3249.3479218
20211,1123000608,27,16,11,0,1,5,10,5,6,0,1,3,4,4,4,0,0,2,6,1,2,2625.83904468
20211,1123000613,16,10,6,0,3,5,2,2,4,0,0,3,2,2,3,0,3,2,0,0,1,1818.15010802
20211,1123000614,2,2,0,0,0,0,0,1,1,0,0,0,0,1,1,0,0,0,0,0,0,3246.01714871
20211,1123000615,11,8,3,1,3,2,0,5,0,1,1,2,0,4,0,0,2,0,0,1,0,1543.17841073
20211,1123000616,329,78,251,0,56,119,75,64,15,0,6,22,21,24,5,0,50,97,54,40,10,7002.64869002
20211,1123000621,3,3,0,0,0,0,0,1,2,0,0,0,0,1,2,0,0,0,0,0,0,1668.83691379
20211,1123000622,920,430,490,0,44,61,113,269,433,0,23,37,66,94,210,0,21,24,47,175,223,8139.28415819
20211,1123000623,1,1,0,0,0,0,0,0,1,0,0,0,0,0,1,0,0,0,0,0,0,3248.84264715
20211,1123000624,27,16,11,0,3,7,10,1,6,0,1,4,6,1,4,0,2,3,4,0,2,4937.56851411
20211,1123000626,26,17,9,0,2,3,5,4,12,0,2,1,3,2,9,0,0,2,2,2,3,3635.86047217
20211,1123000627,94,41,53,0,3,28,36,15,12,0,2,12,15,6,6,0,1,16,21,9,6,8179.49828885
20211,1123000628,15,9,6,0,0,3,4,4,4,0,0,3,0,3,3,0,0,0,4,1,1,3183.56836114
20211,1123000630,4,1,3,0,0,0,0,3,1,0,0,0,0,1,0,0,0,0,0,2,1,4726.51273309
20211,1123000634,19,16,3,0,3,4,5,6,1,0,2,4,3,6,1,0,1,0,2,0,0,2162.78508597
20211,1123000635,27,23,4,0,3,2,7,11,4,0,2,2,6,9,4,0,1,0,1,2,0,2254.37723106
20211,1123000636,9,5,4,0,1,2,2,2,2,0,1,1,1,2,0,0,0,1,1,0,2,2583.12862341
20211,1123000638,3,2,1,0,0,0,2,1,0,0,0,0,1,1,0,0,0,0,1,0,0,4376.3797947
20211,1123000639,37,14,23,0,5,6,13,6,7,0,1,4,3,2,4,0,4,2,10,4,3,5975.26547421
20211,1123000640,2,0,2,0,0,0,1,1,0,0,0,0,0,0,0,0,0,0,1,1,0,2418.28491108
20211,1123000642,539,192,347,1,37,55,61,156,229,0,16,11,21,40,104,1,21,44,40,116,125,9087.70959967
20211,1123000645,7,6,1,0,0,2,4,1,0,0,0,2,3,1,0,0,0,0,1,0,0,1601.23263639
20211,1123000646,5,4,1,0,0,1,4,0,0,0,0,1,3,0,0,0,0,0,1,0,0,1378.44414946
20211,1123000653,274,170,104,2,21,36,73,89,53,0,4,18,45,60,43,2,17,18,28,29,10,8637.43186113
20211,1123000654,39,25,14,0,10,7,6,9,7,0,6,3,3,8,5,0,4,4,3,1,2,6619.07270546
20211,1123000656,13,10,3,0,1,1,4,1,6,0,1,1,3,1,4,0,0,0,1,0,2,2449.27811575
20211,1123000657,14,13,1,0,0,0,4,7,3,0,0,0,4,7,2,0,0,0,0,0,1,1230.53015294
20211,1123000659,6,5,1,0,0,2,1,2,1,0,0,2,0,2,1,0,0,0,1,0,0,6366.2523986
20211,1123000660,1571,1415,156,12,367,530,409,231,22,6,334,479,375,207,14,6,33,51,34,24,8,2911.98424896
20211,1123000661,77,33,44,0,34,35,5,2,1,0,10,17,4,2,0,0,24,18,1,0,1,2518.69245769
20211,1123000662,26,14,12,0,3,7,7,5,4,0,1,4,3,3,3,0,2,3,4,2,1,5277.1018916
20211,1123000664,140,30,110,0,26,70,22,9,13,0,4,9,1,6,10,0,22,61,21,3,3,5699.66764004
20211,1123000665,15,3,12,0,1,4,8,1,1,0,0,2,1,0,0,0,1,2,7,1,1,2503.09760121
20211,1123000666,35,18,17,0,4,6,8,11,6,0,2,2,4,7,3,0,2,4,4,4,3,5564.95403295
20211,1123000667,143,90,53,0,13,20,37,33,40,0,6,6,22,18,38,0,7,14,15,15,2,4317.78726912
20211,1123000669,2,1,1,0,0,0,1,0,1,0,0,0,0,0,1,0,0,0,1,0,0,1884.05125028
20211,1123000670,56,44,12,0,4,15,12,13,12,0,2,12,9,11,10,0,2,3,3,2,2,4668.64406334
20211,1123000671,5,4,1,0,0,0,0,5,0,0,0,0,0,4,0,0,0,0,0,1,0,1747.18607916
20211,1123000672,13,7,6,0,0,0,1,7,5,0,0,0,1,4,2,0,0,0,0,3,3,2895.57394366
20211,1123000674,61,12,49,0,13,9,21,13,5,0,4,1,2,1,4,0,9,8,19,12,1,22176.719608
20211,1123000675,98,40,58,0,7,19,28,22,22,0,2,8,8,11,11,0,5,11,20,11,11,7731.02447436
20211,1123000678,29,18,11,0,0,4,4,15,6,0,0,0,3,10,5,0,0,4,1,5,1,1902.95409476
20211,1123000680,21,14,7,0,2,4,7,6,2,0,1,3,3,6,1,0,1,1,4,0,1,903.699622706
20211,1123000681,3,2,1,0,0,0,1,0,2,0,0,0,1,0,1,0,0,0,0,0,1,5436.58843236
20211,1123000682,11,8,3,0,0,3,3,3,2,0,0,2,2,2,2,0,0,1,1,1,0,5662.97446008
20211,1123000689,15,6,9,0,1,1,4,6,3,0,0,0,1,4,1,0,1,1,3,2,2,3315.67715596
20211,1123000692,2,0,2,0,0,0,2,0,0,0,0,0,0,0,0,0,0,0,2,0,0,4347.51199684
20211,1123000693,4,2,2,0,0,1,0,1,2,0,0,0,0,1,1,0,0,1,0,0,1,1490.47639101
20211,1123000697,11,6,5,0,1,3,1,3,3,0,0,1,0,2,3,0,1,2,1,1,0,3301.47939503
20211,1123000698,2,0,2,0,0,0,0,2,0,0,0,0,0,0,0,0,0,0,0,2,0,699.943944066
20211,1123000704,3,2,1,0,0,1,0,0,2,0,0,1,0,0,1,0,0,0,0,0,1,3082.5145774
20211,1123000707,18,11,7,0,3,5,7,2,1,0,1,2,6,1,1,0,2,3,1,1,0,11145.9383493
20211,1123000710,5,4,1,0,0,1,0,2,2,0,0,0,0,2,2,0,0,1,0,0,0,2036.58428895
20211,1123000715,6,0,6,0,1,1,2,2,0,0,0,0,0,0,0,0,1,1,2,2,0,1539.3655359
20211,1123000717,107,73,34,0,19,19,22,33,14,0,13,14,15,22,9,0,6,5,7,11,5,2914.74706095
20211,1123000718,2,2,0,0,0,0,0,1,1,0,0,0,0,1,1,0,0,0,0,0,0,1772.5989134
20211,1123000719,3,2,1,0,0,0,1,0,2,0,0,0,0,0,2,0,0,0,1,0,0,1984.39986253
20211,1123000720,170,89,81,0,29,64,53,17,7,0,8,34,29,12,6,0,21,30,24,5,1,8968.58069041
20211,1123000721,5,0,5,0,2,0,2,1,0,0,0,0,0,0,0,0,2,0,2,1,0,1360.06184532
20211,1123000725,4,3,1,0,0,1,1,2,0,0,0,1,0,2,0,0,0,0,1,0,0,770.437710314
20211,1123000727,70,57,13,0,4,2,9,8,47,0,4,0,3,4,46,0,0,2,6,4,1,5519.61595065
20211,1123000728,3133,562,2571,1,433,588,566,988,557,0,97,230,171,46,18,1,336,358,395,942,539,2847.02821333
20211,1123000732,13,8,5,0,0,6,5,1,1,0,0,3,5,0,0,0,0,3,0,1,1,2573.09926262
20211,1123000733,3,1,2,0,0,0,2,0,1,0,0,0,0,0,1,0,0,0,2,0,0,5735.67251126
20211,1123000736,93,49,44,0,15,26,22,17,13,0,6,16,14,10,3,0,9,10,8,7,10,9188.41281174
20211,1123000737,4,3,1,0,1,0,1,1,1,0,1,0,1,0,1,0,0,0,0,1,0,5914.93846871
20211,1123000738,129,88,41,0,4,1,6,12,106,0,2,1,3,5,77,0,2,0,3,7,29,3820.80092312
20211,1123000739,25,10,15,0,4,3,3,13,2,0,2,0,1,6,1,0,2,3,2,7,1,8825.02822343
20211,1123000740,9,4,5,0,0,0,2,3,4,0,0,0,1,1,2,0,0,0,1,2,2,3158.56877521
20211,1123000742,1,1,0,0,0,0,0,0,1,0,0,0,0,0,1,0,0,0,0,0,0,4244.76656106
20211,1123000746,40,11,29,0,19,9,5,4,3,0,4,4,1,2,0,0,15,5,4,2,3,3797.5155461
20211,1123000747,4,1,3,0,1,0,3,0,0,0,0,0,1,0,0,0,1,0,2,0,0,4229.15002906
20211,1123000748,1,1,0,0,0,0,0,0,1,0,0,0,0,0,1,0,0,0,0,0,0,6652.09689504
20211,1123000749,116,80,36,0,29,38,20,13,16,0,19,23,14,9,15,0,10,15,6,4,1,4240.11981196
20211,1123000751,198,127,71,0,25,90,22,18,43,0,8,56,17,10,36,0,17,34,5,8,7,4006.09273558
20211,1123000753,27,10,17,1,8,5,4,3,6,0,3,1,1,3,2,1,5,4,3,0,4,3640.99294239
20211,1123000754,6,5,1,0,1,2,1,2,0,0,1,2,0,2,0,0,0,0,1,0,0,3635.66513278
20211,1123000756,282,122,160,0,65,83,57,33,44,0,12,30,19,17,44,0,53,53,38,16,0,4338.63340236
20211,1123000758,108,60,48,0,6,10,16,18,58,0,5,9,12,10,24,0,1,1,4,8,34,4095.62700985
20211,1123000759,5,1,4,0,0,1,1,1,2,0,0,1,0,0,0,0,0,0,1,1,2,2448.02260624
20211,1123000761,554,268,286,3,210,201,94,35,11,1,78,100,48,31,10,2,132,101,46,4,1,6890.23982491
20211,1123000762,15,9,6,0,1,2,5,3,4,0,0,0,3,2,4,0,1,2,2,1,0,16004.2052743
20211,1123000764,9,7,2,0,0,3,2,0,4,0,0,1,2,0,4,0,0,2,0,0,0,4110.25781179
20211,1123000766,2,2,0,0,0,0,2,0,0,0,0,0,2,0,0,0,0,0,0,0,0,1247.24874098
20211,1123000767,20,11,9,0,0,10,8,1,1,0,0,3,6,1,1,0,0,7,2,0,0,1901.15458958
20211,1123000769,9,5,4,0,0,1,2,1,5,0,0,0,0,1,4,0,0,1,2,0,1,2206.66753405
20211,1123000770,55,34,21,0,6,7,21,12,9,0,1,4,14,8,7,0,5,3,7,4,2,11464.3050017
20211,1123000772,3,2,1,0,0,0,0,0,3,0,0,0,0,0,2,0,0,0,0,0,1,4132.53707003
20211,1123000774,16,6,10,0,1,4,6,3,2,0,0,1,2,1,2,0,1,3,4,2,0,2395.23824756
20211,1123000775,1,0,1,0,0,0,0,1,0,0,0,0,0,0,0,0,0,0,0,1,0,7559.6167189
20211,1123000776,14,10,4,0,0,1,5,7,1,0,0,0,3,6,1,0,0,1,2,1,0,4645.15896643
20211,1123000777,5,2,3,0,0,0,0,1,4,0,0,0,0,0,2,0,0,0,0,1,2,4637.37759361
20211,1123000779,6,6,0,0,1,2,2,0,1,0,1,2,2,0,1,0,0,0,0,0,0,3420.31595081
20211,1123000783,10,4,6,0,0,2,4,2,2,0,0,1,0,1,2,0,0,1,4,1,0,2849.07207398
20211,1123000784,24,22,2,0,3,2,10,5,4,0,3,2,9,4,4,0,0,0,1,1,0,9942.58958689
20211,1123000785,28,25,3,0,1,5,10,10,2,0,1,3,9,10,2,0,0,2,1,0,0,3943.49847808
20211,1123000787,8,6,2,0,2,2,0,2,2,0,0,2,0,2,2,0,2,0,0,0,0,2845.04936832
20211,1123000788,16,3,13,0,0,4,6,1,5,0,0,0,0,0,3,0,0,4,6,1,2,2837.51426934
20211,1123000790,7,3,4,0,3,3,0,1,0,0,1,1,0,1,0,0,2,2,0,0,0,7394.77884981
20211,1123000791,4,2,2,0,0,0,2,0,2,0,0,0,0,0,2,0,0,0,2,0,0,6190.17818905
20211,1123000792,210,134,76,0,35,92,39,24,20,0,10,61,26,22,15,0,25,31,13,2,5,3241.68558175
20211,1123000794,4,2,2,0,0,0,1,2,1,0,0,0,0,1,1,0,0,0,1,1,0,5526.98765954
20211,1123000796,3,0,3,0,0,0,2,1,0,0,0,0,0,0,0,0,0,0,2,1,0,2548.54200245
20211,1123000797,13,9,4,0,1,5,6,0,1,0,0,5,3,0,1,0,1,0,3,0,0,8036.97057082
20211,1123000799,90,50,40,0,6,32,22,24,6,0,3,13,14,14,6,0,3,19,8,10,0,35453.1704954
20211,1123000804,2,0,2,0,0,0,0,2,0,0,0,0,0,0,0,0,0,0,0,2,0,6529.5723876
20211,1123000805,1,0,1,0,0,0,0,1,0,0,0,0,0,0,0,0,0,0,0,1,0,8770.34867432
20211,1123000806,2,2,0,0,0,0,0,1,1,0,0,0,0,1,1,0,0,0,0,0,0,3574.87789573
20211,1123000809,5,4,1,0,0,0,2,1,2,0,0,0,1,1,2,0,0,0,1,0,0,4624.25370529
20211,1123000810,4,3,1,0,0,0,0,1,3,0,0,0,0,0,3,0,0,0,0,1,0,1262.72374307
20211,1123000811,4,2,2,0,1,0,1,1,1,0,0,0,1,0,1,0,1,0,0,1,0,1581.86584045
20211,1123000812,74,55,19,0,9,15,19,20,11,0,7,12,14,13,9,0,2,3,5,7,2,3035.88478622
20211,1123000814,13,6,7,0,2,2,4,1,4,0,0,1,3,0,2,0,2,1,1,1,2,6328.78202065
20211,1123000817,2,2,0,0,0,0,0,2,0,0,0,0,0,2,0,0,0,0,0,0,0,3092.94501325
20211,1123000818,7,6,1,0,0,1,0,2,4,0,0,1,0,2,3,0,0,0,0,0,1,11921.0973824
20211,1123000821,7,3,4,0,0,0,1,3,3,0,0,0,0,1,2,0,0,0,1,2,1,6999.5667647
20211,1123000822,24,12,12,0,0,4,10,3,7,0,0,2,3,2,5,0,0,2,7,1,2,6013.87445249
20211,1123000823,8,6,2,0,0,1,3,1,3,0,0,1,1,1,3,0,0,0,2,0,0,2165.13348129
20211,1123000824,1,0,1,0,0,0,1,0,0,0,0,0,0,0,0,0,0,0,1,0,0,2499.86282906
20211,1123000826,15,7,8,0,0,0,2,7,6,0,0,0,2,2,3,0,0,0,0,5,3,4934.16602867
20211,1123000828,4,2,2,0,2,0,1,1,0,0,1,0,0,1,0,0,1,0,1,0,0,2999.95610432
20211,1123000829,9,8,1,0,1,2,1,2,3,0,1,2,1,1,3,0,0,0,0,1,0,10360.8752738
20211,1123000830,22,19,3,0,3,3,8,3,5,0,3,3,6,2,5,0,0,0,2,1,0,7393.05431544
20211,1123000831,16,9,7,0,0,4,5,2,5,0,0,3,1,2,3,0,0,1,4,0,2,2969.82232353
20211,1123000832,13,10,3,0,1,2,1,5,4,0,1,2,1,3,3,0,0,0,0,2,1,595.572774367
20211,1123000833,39,16,23,0,9,7,13,5,5,0,1,7,5,1,2,0,8,0,8,4,3,11952.4452845
20211,1123000834,8,7,1,0,0,0,2,6,0,0,0,0,1,6,0,0,0,0,1,0,0,2598.71345033
20211,1123000835,5,5,0,0,0,0,3,2,0,0,0,0,3,2,0,0,0,0,0,0,0,1111.49576141
20211,1123000836,26,17,9,0,0,5,8,10,3,0,0,3,5,7,2,0,0,2,3,3,1,2788.69944117
20211,1123000837,2,1,1,0,0,0,0,0,2,0,0,0,0,0,1,0,0,0,0,0,1,2386.50490123
20211,1123000838,12,8,4,0,1,4,1,5,1,0,0,3,1,4,0,0,1,1,0,1,1,1206.35704805
20211,1123000840,12,10,2,0,0,1,3,3,5,0,0,1,3,2,4,0,0,0,0,1,1,3559.81870719
20211,1123000841,114,96,18,0,3,16,10,13,72,0,0,7,8,10,71,0,3,9,2,3,1,17054.004377
20211,1123000842,24,23,1,0,3,4,5,8,4,0,2,4,5,8,4,0,1,0,0,0,0,2172.34562805
20211,1123000843,5,3,2,0,1,2,0,0,2,0,0,1,0,0,2,0,1,1,0,0,0,2048.99462376
20211,1123000844,42,31,11,0,5,4,13,12,8,0,4,1,10,9,7,0,1,3,3,3,1,3432.34716877
20211,1123000845,7,3,4,0,2,0,1,3,1,0,0,0,0,2,1,0,2,0,1,1,0,2260.48510389
20211,1123000846,48,17,31,0,9,11,17,6,5,0,1,5,7,2,2,0,8,6,10,4,3,2268.05573689
20211,1123000847,29,23,6,0,2,7,6,4,10,0,2,6,4,2,9,0,0,1,2,2,1,2418.13496029
20211,1123000848,32,22,10,0,2,9,11,7,3,0,0,5,10,6,1,0,2,4,1,1,2,3474.14869826
20211,1123000849,1,1,0,0,0,0,0,1,0,0,0,0,0,1,0,0,0,0,0,0,0,2202.90659378
20211,1123000850,10,6,4,0,2,3,3,2,0,0,1,2,1,2,0,0,1,1,2,0,0,3219.71305901
20211,1123000851,6,1,5,0,0,2,2,1,1,0,0,0,0,1,0,0,0,2,2,0,1,5606.01333844
20211,1123000852,4,4,0,0,0,0,2,0,2,0,0,0,2,0,2,0,0,0,0,0,0,1578.57854434
20211,1123000854,4,1,3,0,1,1,2,0,0,0,0,0,1,0,0,0,1,1,1,0,0,865.51864328
20211,1123000856,4,1,3,0,1,0,0,3,0,0,0,0,0,1,0,0,1,0,0,2,0,2204.64945203
20211,1123000857,10,0,10,0,7,1,1,1,0,0,0,0,0,0,0,0,7,1,1,1,0,3051.58675781
20211,1123000858,120,86,34,1,17,26,35,26,15,0,11,17,23,23,12,1,6,9,12,3,3,2766.90389094
20211,1123000860,107,69,38,0,17,54,13,12,11,0,7,40,9,5,8,0,10,14,4,7,3,8391.36259807
20211,1123000871,6,3,3,0,2,1,1,0,2,0,0,0,1,0,2,0,2,1,0,0,0,6143.96655999
20211,1123000873,14,10,4,0,0,3,3,5,3,0,0,2,2,4,2,0,0,1,1,1,1,3531.93565764
20211,1123000875,1446,334,1112,0,497,549,301,93,6,0,69,150,90,20,5,0,428,399,211,73,1,3194.71731579
20211,1123000877,3,2,1,0,0,1,0,1,1,0,0,1,0,0,1,0,0,0,0,1,0,2928.75373941
20211,1123000878,4,4,0,0,0,0,3,0,1,0,0,0,3,0,1,0,0,0,0,0,0,2378.11521735
20211,1123000879,28,12,16,0,4,2,8,12,2,0,3,2,4,2,1,0,1,0,4,10,1,3399.64835843
20211,1123000880,8,1,7,0,0,2,4,0,2,0,0,0,0,0,1,0,0,2,4,0,1,3422.0005008
20211,1123000882,2,0,2,0,1,0,0,1,0,0,0,0,0,0,0,0,1,0,0,1,0,3512.74773724
20211,1123000883,8,6,2,0,0,1,2,2,3,0,0,1,2,2,1,0,0,0,0,0,2,2125.16655741
20211,1123000887,48,28,20,0,9,15,11,5,8,0,3,8,7,3,7,0,6,7,4,2,1,8606.23512171
20211,1123000889,2,1,1,0,0,0,1,0,1,0,0,0,0,0,1,0,0,0,1,0,0,2234.79247841
20211,1123000892,6,4,2,0,0,0,2,1,3,0,0,0,0,1,3,0,0,0,2,0,0,1482.01424451
20211,1123000896,4,2,2,0,0,0,2,1,1,0,0,0,1,0,1,0,0,0,1,1,0,3852.66229586
20211,1123000899,4,4,0,0,1,1,1,1,0,0,1,1,1,1,0,0,0,0,0,0,0,1424.06439015
20211,1123000900,9,2,7,0,0,3,4,1,1,0,0,1,0,0,1,0,0,2,4,1,0,8449.230904
20211,1123000903,4,2,2,0,0,0,0,2,2,0,0,0,0,1,1,0,0,0,0,1,1,4101.30733984
20211,1123000911,5,3,2,0,1,0,2,1,1,0,0,0,1,1,1,0,1,0,1,0,0,2662.73336807
20211,1123000916,16,13,3,0,5,3,6,1,1,0,3,3,5,1,1,0,2,0,1,0,0,926.997156386
20211,1123000920,37,23,14,0,2,8,19,7,1,0,2,6,11,3,1,0,0,2,8,4,0,1086.18995356
20211,1123000922,4,1,3,0,1,0,1,1,1,0,0,0,1,0,0,0,1,0,0,1,1,2397.62565878
20211,1123000924,7,2,5,0,0,3,2,2,0,0,0,0,0,2,0,0,0,3,2,0,0,3349.21343777
20211,1123000925,64,33,31,0,11,17,13,21,2,0,4,11,9,8,1,0,7,6,4,13,1,3732.67537
20211,1123000933,22,9,13,0,10,1,3,6,2,0,2,0,1,5,1,0,8,1,2,1,1,2075.67256411
20211,1123000934,12,8,4,0,1,1,5,2,3,0,0,0,4,2,2,0,1,1,1,0,1,5033.75205013
20211,1123000935,4,3,1,0,2,0,0,2,0,0,1,0,0,2,0,0,1,0,0,0,0,5658.86112854
20211,1123000938,21,7,14,0,4,5,7,5,0,0,0,1,3,3,0,0,4,4,4,2,0,1822.39100718
20211,1123000940,2,2,0,0,0,0,1,1,0,0,0,0,1,1,0,0,0,0,0,0,0,3083.36377762
20211,1123000942,47,43,4,0,1,7,19,15,5,0,1,5,18,15,4,0,0,2,1,0,1,2469.10378439
20211,1123000944,6,3,3,0,0,1,3,1,1,0,0,1,0,1,1,0,0,0,3,0,0,2541.94115157
20211,1123000949,18,10,8,0,3,10,2,1,2,0,1,4,2,1,2,0,2,6,0,0,0,1253.45301219
20211,1123000954,11,1,10,0,2,0,5,4,0,0,0,0,1,0,0,0,2,0,4,4,0,4708.06271298
20211,1123000957,8,7,1,0,0,0,1,4,3,0,0,0,1,3,3,0,0,0,0,1,0,2804.75312681
20211,1123000958,35,24,11,0,1,7,10,9,8,0,1,3,6,7,7,0,0,4,4,2,1,6868.69509997
20211,1123000960,3,3,0,0,0,0,2,1,0,0,0,0,2,1,0,0,0,0,0,0,0,1899.39653633
20211,1123000961,13,5,8,0,3,4,2,3,1,0,1,0,1,2,1,0,2,4,1,1,0,9874.45124892
20211,1123000969,50,22,28,1,0,5,25,16,3,1,0,3,8,7,3,0,0,2,17,9,0,3966.53727376
20211,1123000974,3,2,1,0,0,0,1,2,0,0,0,0,1,1,0,0,0,0,0,1,0,1212.71752248
20211,1123000975,2,2,0,0,0,0,2,0,0,0,0,0,2,0,0,0,0,0,0,0,0,4277.10327787
20211,1123000978,3,3,0,0,0,1,0,1,1,0,0,1,0,1,1,0,0,0,0,0,0,1836.00903797
20211,1123000979,3,1,2,0,0,0,0,2,1,0,0,0,0,1,0,0,0,0,0,1,1,9758.30407219
20211,1123000980,1,1,0,0,0,0,0,1,0,0,0,0,0,1,0,0,0,0,0,0,0,1117.58018808
20211,1123000983,7,3,4,0,2,2,1,1,1,0,2,1,0,0,0,0,0,1,1,1,1,2366.24545472
20211,1123000984,2,2,0,0,0,0,1,1,0,0,0,0,1,1,0,0,0,0,0,0,0,3077.86066463
20211,1123000990,2,1,1,0,0,0,0,0,2,0,0,0,0,0,1,0,0,0,0,0,1,1305.98708829
20211,1123000995,15,2,13,0,8,1,5,0,1,0,0,0,1,0,1,0,8,1,4,0,0,3073.87166788
20211,1123000999,4,4,0,0,0,1,0,1,2,0,0,1,0,1,2,0,0,0,0,0,0,4074.72198537
20211,1123001000,1,1,0,0,0,0,0,0,1,0,0,0,0,0,1,0,0,0,0,0,0,2394.42581509
20211,1123001002,5,1,4,0,0,0,2,1,2,0,0,0,1,0,0,0,0,0,1,1,2,4405.99332393
20211,1123001005,30,15,15,0,4,5,14,5,2,0,0,3,7,5,0,0,4,2,7,0,2,6633.87725523
20211,1123001006,4,3,1,0,0,1,0,1,2,0,0,1,0,0,2,0,0,0,0,1,0,830.165903969
20211,1123001008,8,7,1,0,0,0,0,5,3,0,0,0,0,4,3,0,0,0,0,1,0,4966.72047992
20211,1123001009,2,2,0,0,2,0,0,0,0,0,2,0,0,0,0,0,0,0,0,0,0,3491.88435607
20211,1123001010,4,2,2,0,0,2,0,2,0,0,0,1,0,1,0,0,0,1,0,1,0,2510.94937435
20211,1123001012,4,2,2,0,0,0,0,3,1,0,0,0,0,1,1,0,0,0,0,2,0,654.762584036
20211,1123001013,2,2,0,0,1,0,1,0,0,0,1,0,1,0,0,0,0,0,0,0,0,2311.56558557
20211,1123001015,17,6,11,0,6,8,1,1,1,0,2,2,0,1,1,0,4,6,1,0,0,1381.14508248
20211,1123001020,4,4,0,0,0,3,1,0,0,0,0,3,1,0,0,0,0,0,0,0,0,3282.08490934
20211,1123001021,7,4,3,0,0,2,3,1,1,0,0,2,2,0,0,0,0,0,1,1,1,2792.34741787
20211,1123001022,702,498,204,0,5,92,243,248,114,0,3,42,152,202,99,0,2,50,91,46,15,75357.7962421
20211,1123001024,2,2,0,0,0,1,1,0,0,0,0,1,1,0,0,0,0,0,0,0,0,1737.81831967
20211,1123001030,3,1,2,0,2,1,0,0,0,0,0,1,0,0,0,0,2,0,0,0,0,2631.50546448
20211,1123001031,15,7,8,0,6,3,6,0,0,0,3,2,2,0,0,0,3,1,4,0,0,2513.51861358
20211,1123001034,3,1,2,0,0,1,1,1,0,0,0,0,0,1,0,0,0,1,1,0,0,2937.58974716
20211,1123001035,6,1,5,0,1,0,3,1,1,0,0,0,1,0,0,0,1,0,2,1,1,2582.97069588
20211,1123001036,14,7,7,0,4,3,3,4,0,0,1,1,2,3,0,0,3,2,1,1,0,86181.752073
20211,1123001038,3,2,1,0,0,1,1,0,1,0,0,1,0,0,1,0,0,0,1,0,0,702.517798597
20211,1123001039,13,9,4,0,1,1,2,3,6,0,0,0,2,2,5,0,1,1,0,1,1,26947.7282141
20211,1123001040,5,3,2,0,0,1,1,3,0,0,0,0,0,3,0,0,0,1,1,0,0,2564.67134806
20211,1123001041,14,5,9,0,0,1,7,6,0,0,0,1,3,1,0,0,0,0,4,5,0,3891.79118463
20211,1123001043,14,8,6,0,0,3,5,3,3,0,0,2,4,1,1,0,0,1,1,2,2,2174.7425155
20211,1123001047,2,1,1,0,0,0,0,2,0,0,0,0,0,1,0,0,0,0,0,1,0,5773.03312329
20211,1123001048,19,13,6,0,1,1,10,4,3,0,0,1,7,3,2,0,1,0,3,1,1,5667.90612722
20211,1123001049,4,3,1,0,0,2,1,1,0,0,0,1,1,1,0,0,0,1,0,0,0,2908.9263683
20211,1123001051,128,40,88,0,7,10,27,30,54,0,0,4,13,5,18,0,7,6,14,25,36,12705.1673298
20211,1123001052,4,1,3,0,0,1,0,2,1,0,0,0,0,0,1,0,0,1,0,2,0,2913.25226694
20211,1123001057,11,5,6,0,1,2,3,3,2,0,0,1,2,1,1,0,1,1,1,2,1,3302.94712939
20211,1123001063,7,4,3,0,1,1,2,2,1,0,0,0,1,2,1,0,1,1,1,0,0,1036.60154414
20211,1123001070,7,6,1,0,4,0,1,2,0,0,3,0,1,2,0,0,1,0,0,0,0,5731.46337646
20211,1123001071,25,10,15,0,6,5,6,6,2,0,0,3,2,4,1,0,6,2,4,2,1,3146.20831367
20211,1123001077,4,2,2,0,0,1,1,1,1,0,0,0,1,1,0,0,0,1,0,0,1,1921.47218633
20211,1123001078,35,18,17,0,3,6,7,13,6,0,1,3,2,8,4,0,2,3,5,5,2,6464.12246345
20211,1123001082,4,4,0,0,0,0,2,1,1,0,0,0,2,1,1,0,0,0,0,0,0,1952.94323736
20211,1123001085,238,127,111,0,35,53,83,51,16,0,11,26,55,25,10,0,24,27,28,26,6,5762.89541679
20211,1123001088,3,3,0,0,0,0,0,0,3,0,0,0,0,0,3,0,0,0,0,0,0,8042.30153718
20211,1123001089,3,1,2,0,0,0,1,1,1,0,0,0,0,0,1,0,0,0,1,1,0,9030.19472157
20211,1123001091,2,1,1,0,0,0,0,1,1,0,0,0,0,0,1,0,0,0,0,1,0,2168.0241135
20211,1123001093,2,1,1,0,0,1,1,0,0,0,0,0,1,0,0,0,0,1,0,0,0,3166.72280181
20211,1123001102,4,3,1,0,1,0,0,2,1,0,1,0,0,1,1,0,0,0,0,1,0,2096.36169548
20211,1123001103,3,1,2,0,0,1,2,0,0,0,0,0,1,0,0,0,0,1,1,0,0,5580.69721502
20211,1123001115,72,36,36,1,28,11,15,4,13,1,14,6,8,2,5,0,14,5,7,2,8,38244.3507977
20211,1123001117,7,5,2,0,2,3,2,0,0,0,1,3,1,0,0,0,1,0,1,0,0,1137.74013892
20211,1123001118,4,3,1,0,1,0,0,3,0,0,0,0,0,3,0,0,1,0,0,0,0,1306.08891639
20211,1123001119,5,2,3,0,1,0,0,1,3,0,0,0,0,0,2,0,1,0,0,1,1,1619.08847219
20211,1123001121,2,2,0,0,0,0,0,0,2,0,0,0,0,0,2,0,0,0,0,0,0,1470.25396391
20211,1123001123,3,1,2,0,1,1,1,0,0,0,0,0,1,0,0,0,1,1,0,0,0,5027.21683106
20211,1123001125,219,69,150,0,41,56,60,47,15,0,8,15,14,20,12,0,33,41,46,27,3,4184.06575642
20211,1123001126,9,7,2,0,0,1,4,3,1,0,0,1,3,2,1,0,0,0,1,1,0,3173.32707008
20211,1123001131,7,3,4,0,0,3,1,2,1,0,0,1,1,1,0,0,0,2,0,1,1,5769.86987865
20211,1123001136,5,5,0,0,0,3,2,0,0,0,0,3,2,0,0,0,0,0,0,0,0,1115.19650562
20211,1123001138,4,4,0,0,0,1,3,0,0,0,0,1,3,0,0,0,0,0,0,0,0,995.522197245
20211,1123001140,2,1,1,0,0,1,0,1,0,0,0,0,0,1,0,0,0,1,0,0,0,2198.20008866
20211,1123001141,10,5,5,0,0,2,2,3,3,0,0,0,1,1,3,0,0,2,1,2,0,2710.43756067
20211,1123001147,4,3,1,0,0,1,0,2,1,0,0,1,0,1,1,0,0,0,0,1,0,2089.71271821
20211,1123001154,58,48,10,0,2,7,13,28,8,0,1,6,9,25,7,0,1,1,4,3,1,3163.5209142
20211,1123001159,9,5,4,0,0,5,1,2,1,0,0,1,1,2,1,0,0,4,0,0,0,615.770390618
20211,1123001164,1,1,0,0,0,0,0,0,1,0,0,0,0,0,1,0,0,0,0,0,0,845.324753447
20211,1123001169,5,4,1,0,1,1,2,1,0,0,0,1,2,1,0,0,1,0,0,0,0,1885.21017967
20211,1123001178,7,6,1,0,1,4,1,0,1,0,1,4,0,0,1,0,0,0,1,0,0,948.704945047
20211,1123001184,6,2,4,0,0,0,1,5,0,0,0,0,0,2,0,0,0,0,1,3,0,1621.91633535
20211,1123001188,3,3,0,0,0,0,0,3,0,0,0,0,0,3,0,0,0,0,0,0,0,4681.36199995
20211,1123001192,6,3,3,0,0,0,1,5,0,0,0,0,0,3,0,0,0,0,1,2,0,1363.00514833
20211,1123001196,6,2,4,0,0,1,0,1,4,0,0,0,0,1,1,0,0,1,0,0,3,2983.07530735
20211,1123001203,3,1,2,0,0,0,1,2,0,0,0,0,1,0,0,0,0,0,0,2,0,3334.59171495
20211,1123001204,25,9,16,0,3,3,8,8,3,0,1,1,1,4,2,0,2,2,7,4,1,5537.27314008
20211,1123001212,912,386,526,2,141,195,202,221,151,1,48,91,84,77,85,1,93,104,118,144,66,3424.08233721
20211,1123001225,4,3,1,0,0,0,3,0,1,0,0,0,3,0,0,0,0,0,0,0,1,1620.38956919
20211,1123001227,1,1,0,0,0,0,1,0,0,0,0,0,1,0,0,0,0,0,0,0,0,2568.4614047
20211,1123001229,9,7,2,0,0,1,2,4,2,0,0,1,2,2,2,0,0,0,0,2,0,2638.75401326
20211,1123001230,11,9,2,0,1,2,5,3,0,0,1,2,4,2,0,0,0,0,1,1,0,2574.61545223
20211,1123001232,2,2,0,0,0,1,0,0,1,0,0,1,0,0,1,0,0,0,0,0,0,4104.49026507
20211,1123001233,124,88,36,0,13,23,29,20,39,0,6,16,17,13,36,0,7,7,12,7,3,4361.97528672
20211,1123001234,4,0,4,0,0,1,2,1,0,0,0,0,0,0,0,0,0,1,2,1,0,2265.87993922
20211,1123001243,7,7,0,0,0,0,2,4,1,0,0,0,2,4,1,0,0,0,0,0,0,412.873694887
20211,1123001247,3,2,1,0,0,0,3,0,0,0,0,0,2,0,0,0,0,0,1,0,0,2593.29276002
20211,1123001251,1,1,0,0,0,0,0,1,0,0,0,0,0,1,0,0,0,0,0,0,0,1806.93515137
20211,1123001252,4,3,1,0,1,0,0,2,1,0,1,0,0,1,1,0,0,0,0,1,0,3972.39225777
20211,1123001262,3,1,2,0,0,0,1,2,0,0,0,0,1,0,0,0,0,0,0,2,0,1388.2020094
20211,1123001265,21,2,19,0,2,5,6,6,2,0,0,0,1,0,1,0,2,5,5,6,1,2131.82584228
20211,1123001266,99,19,80,0,11,27,27,24,10,0,0,3,7,2,7,0,11,24,20,22,3,17231.4819426
20211,1123001269,2,1,1,0,0,0,1,1,0,0,0,0,0,1,0,0,0,0,1,0,0,1705.87460823
20211,1123001271,12,7,5,0,0,3,4,3,2,0,0,2,1,2,2,0,0,1,3,1,0,3031.587709
20211,1123001272,30,18,12,0,5,5,9,9,2,0,5,2,3,6,2,0,0,3,6,3,0,3015.47768558
20211,1123001273,8,5,3,0,1,1,3,3,0,0,0,1,2,2,0,0,1,0,1,1,0,9357.04827425
20211,1123001280,4,2,2,0,0,0,1,2,1,0,0,0,0,2,0,0,0,0,1,0,1,3600.74066953
20211,1123001282,4,0,4,0,1,0,0,3,0,0,0,0,0,0,0,0,1,0,0,3,0,1476.08055255
20211,1123001284,5,1,4,0,3,0,0,2,0,0,0,0,0,1,0,0,3,0,0,1,0,4095.01648466
20211,1123001285,3,1,2,0,1,0,1,1,0,0,0,0,0,1,0,0,1,0,1,0,0,1094.09394927
20211,1123001286,7,2,5,0,0,1,6,0,0,0,0,0,2,0,0,0,0,1,4,0,0,2682.5819701
20211,1123001292,4,2,2,0,2,0,1,0,1,0,2,0,0,0,0,0,0,0,1,0,1,1340.74481648
20211,1123001295,7,4,3,0,0,0,1,4,2,0,0,0,1,1,2,0,0,0,0,3,0,3050.30695554
20211,1123001298,3,0,3,0,1,0,0,2,0,0,0,0,0,0,0,0,1,0,0,2,0,1490.37942704
20211,1123001299,160,94,66,0,20,53,32,39,16,0,5,20,23,34,12,0,15,33,9,5,4,3095.68658882
20211,1123001301,51,43,8,0,2,30,18,1,0,0,2,27,13,1,0,0,0,3,5,0,0,5649.15500544
20211,1123001306,33,11,22,0,7,9,9,4,4,0,1,5,2,1,2,0,6,4,7,3,2,6314.75504802
20211,1123001309,14,11,3,0,2,7,0,3,2,0,1,6,0,2,2,0,1,1,0,1,0,3176.70006711
20211,1123001317,5,4,1,0,0,0,0,1,4,0,0,0,0,1,3,0,0,0,0,0,1,7574.59307796
20211,1123001319,8,7,1,0,2,2,2,2,0,0,2,2,1,2,0,0,0,0,1,0,0,4983.2483172
20211,1123001326,399,226,173,0,43,89,100,103,64,0,17,41,45,74,49,0,26,48,55,29,15,5658.17166803
20211,1123001329,7,2,5,0,3,2,0,2,0,0,0,0,0,2,0,0,3,2,0,0,0,5200.27360612
20211,1123001330,134,129,5,0,1,1,11,56,65,0,0,1,10,53,65,0,1,0,1,3,0,4968.44184638
20211,1123001331,9,8,1,0,0,0,1,2,6,0,0,0,1,2,5,0,0,0,0,0,1,6572.33371418
20211,1123001333,25,23,2,0,0,2,0,2,21,0,0,1,0,1,21,0,0,1,0,1,0,142300.960354
20211,1123001335,71,48,23,0,9,15,19,14,14,0,5,10,13,11,9,0,4,5,6,3,5,14580.2287956
20211,1123001336,163,85,78,0,18,70,44,14,17,0,6,36,24,8,11,0,12,34,20,6,6,13518.2484709
20211,1123001338,72,42,30,1,8,15,13,17,18,1,4,5,7,10,15,0,4,10,6,7,3,14034.7598661
20211,1123001339,20,15,5,0,3,2,6,7,2,0,2,2,4,5,2,0,1,0,2,2,0,3086.2119734
20211,1123001341,135,72,63,3,11,26,38,38,19,3,7,14,20,15,13,0,4,12,18,23,6,14753.5555328
20211,1123001342,84,66,18,0,10,20,27,17,10,0,7,16,22,12,9,0,3,4,5,5,1,4890.27737582
20211,1123001344,111,107,4,0,0,5,17,32,57,0,0,4,15,31,57,0,0,1,2,1,0,10344.9087969
20211,1123001346,153,99,54,0,27,37,40,28,21,0,13,24,24,18,20,0,14,13,16,10,1,14228.9395352
20211,1123001348,18,7,11,0,5,5,3,4,1,0,1,1,2,2,1,0,4,4,1,2,0,1516.73077499
20211,1123001349,40,27,13,0,5,3,9,13,10,0,1,3,6,8,9,0,4,0,3,5,1,6100.05561612
20211,1123001350,524,310,214,0,51,45,36,91,301,0,44,40,32,48,146,0,7,5,4,43,155,7800.16063219
20211,1123001351,139,75,64,0,19,39,31,33,17,0,2,18,19,24,12,0,17,21,12,9,5,13334.0678012
20211,1123001352,48,35,13,0,11,8,11,10,8,0,8,5,8,7,7,0,3,3,3,3,1,5923.45945574
20211,1123001353,438,296,142,2,9,11,28,37,351,0,2,3,15,16,260,2,7,8,13,21,91,7192.62815346
20211,1123001354,12,8,4,0,1,1,3,6,1,0,1,1,1,4,1,0,0,0,2,2,0,1388.96975073
20211,1123001355,8,4,4,0,0,2,2,3,1,0,0,0,1,3,0,0,0,2,1,0,1,2977.99793061
20211,1123001356,69,64,5,0,1,3,8,14,43,0,1,2,6,13,42,0,0,1,2,1,1,3433.71335463
20211,1123001357,10,6,4,0,2,0,3,3,2,0,1,0,2,2,1,0,1,0,1,1,1,5898.85922386
20211,1123001358,52,33,19,0,10,12,18,9,3,0,5,7,12,7,2,0,5,5,6,2,1,8534.43284344
20211,1123001359,10,5,5,0,0,5,4,1,0,0,0,3,2,0,0,0,0,2,2,1,0,3743.21790007
20211,1123001360,4,2,2,0,2,0,0,2,0,0,1,0,0,1,0,0,1,0,0,1,0,1355.34837445
20211,1123001362,56,35,21,0,6,7,8,20,15,0,1,3,4,16,11,0,5,4,4,4,4,6518.33570488
20211,1123001365,516,416,100,0,145,141,122,55,53,0,119,123,94,35,45,0,26,18,28,20,8,14057.3660987
20211,1123001366,4,1,3,0,0,1,0,1,2,0,0,0,0,0,1,0,0,1,0,1,1,343.514960473
20211,1123001367,58,44,14,0,3,6,16,8,25,0,2,3,7,8,24,0,1,3,9,0,1,7875.80489619
20211,1123001368,38,18,20,0,3,5,10,15,5,0,0,2,5,10,1,0,3,3,5,5,4,7981.48969243
20211,1123001371,9,8,1,0,0,0,5,2,2,0,0,0,5,2,1,0,0,0,0,0,1,3789.31894149
20211,1123001372,83,45,38,0,10,26,26,15,6,0,7,10,16,11,1,0,3,16,10,4,5,7544.30183205
20211,1123001373,2,2,0,0,0,0,0,1,1,0,0,0,0,1,1,0,0,0,0,0,0,267.986559413
20211,1123001374,25,17,8,0,5,5,3,6,6,0,3,4,2,4,4,0,2,1,1,2,2,3448.47641737
20211,1123001375,416,298,118,6,31,74,106,78,121,5,11,44,71,62,105,1,20,30,35,16,16,14113.5126472
20211,1123001376,10,6,4,0,0,0,1,4,5,0,0,0,0,2,4,0,0,0,1,2,1,5273.24260925
20211,1123001377,6,6,0,0,0,2,0,1,3,0,0,2,0,1,3,0,0,0,0,0,0,2621.53512107
20211,1123001379,10,6,4,0,0,2,2,4,2,0,0,0,1,3,2,0,0,2,1,1,0,5566.7657525
20211,1123001381,18,14,4,0,0,1,8,4,5,0,0,1,6,3,4,0,0,0,2,1,1,4734.4584569
20211,1123001384,13,3,10,0,6,3,2,1,1,0,0,1,2,0,0,0,6,2,0,1,1,5199.24676573
20211,1123001385,139,75,64,0,14,30,44,33,18,0,4,15,25,18,13,0,10,15,19,15,5,8042.37328887
20211,1123001386,18,11,7,0,1,2,8,4,3,0,1,2,4,2,2,0,0,0,4,2,1,2931.89741529
20211,1123001388,25,13,12,0,3,2,4,15,1,0,2,1,0,9,1,0,1,1,4,6,0,6419.41771923
20211,1123001389,15,10,5,0,0,3,3,5,4,0,0,1,2,3,4,0,0,2,1,2,0,5354.60233294
20211,1123001391,271,249,22,0,22,94,72,80,3,0,18,87,67,76,1,0,4,7,5,4,2,5470.59872095
20211,1123001392,38,9,29,0,17,5,4,8,4,0,0,3,1,3,2,0,17,2,3,5,2,6654.32879763
20211,1123001393,44,32,12,0,12,6,11,8,7,0,9,4,8,5,6,0,3,2,3,3,1,6374.30314091
20211,1123001397,24,14,10,0,5,5,5,8,1,0,5,2,4,2,1,0,0,3,1,6,0,6525.81560154
20211,1123001398,7,3,4,0,1,3,0,2,1,0,0,2,0,0,1,0,1,1,0,2,0,4536.20935954
20211,1123001399,10,4,6,0,0,1,4,5,0,0,0,0,1,3,0,0,0,1,3,2,0,6474.82609417
20211,1123001400,6,5,1,0,0,1,1,2,2,0,0,1,0,2,2,0,0,0,1,0,0,11320.3183701
20211,1123001401,27,5,22,0,2,5,7,7,6,0,0,0,0,0,5,0,2,5,7,7,1,15122.9864546
20211,1123001402,3,2,1,0,0,1,1,0,1,0,0,1,0,0,1,0,0,0,1,0,0,3221.89739034
20211,1123001403,38,23,15,0,2,8,11,7,10,0,1,3,8,3,8,0,1,5,3,4,2,4867.70086789
20211,1123001404,18,16,2,0,2,5,5,5,1,0,2,5,5,3,1,0,0,0,0,2,0,1810.52620531
20211,1123001405,72,35,37,0,23,14,16,12,7,0,9,10,6,6,4,0,14,4,10,6,3,5917.4011449
20211,1123001406,10,9,1,0,0,0,1,7,2,0,0,0,1,6,2,0,0,0,0,1,0,6501.7530575
20211,1123001407,16,13,3,0,1,4,7,3,1,0,0,3,7,2,1,0,1,1,0,1,0,6368.72709123
20211,1123001408,25,12,13,0,6,5,7,4,3,0,2,2,3,2,3,0,4,3,4,2,0,1000.0890138
20211,1123001409,2,2,0,0,0,0,1,0,1,0,0,0,1,0,1,0,0,0,0,0,0,1020.5928757
20211,1123001411,7,7,0,0,1,0,1,1,4,0,1,0,1,1,4,0,0,0,0,0,0,2523.75545318
20211,1123001413,100,75,25,0,6,33,28,15,18,0,1,26,23,11,14,0,5,7,5,4,4,11519.4560242
20211,1123001414,2,2,0,0,0,0,0,0,2,0,0,0,0,0,2,0,0,0,0,0,0,1137.48089262
20211,1123001416,5,2,3,0,0,1,2,1,1,0,0,0,1,0,1,0,0,1,1,1,0,3778.67687162
20211,1123001417,181,143,38,1,56,42,37,31,14,0,43,32,32,26,10,1,13,10,5,5,4,7514.87708392
20211,1123001419,10,8,2,0,0,1,0,5,4,0,0,0,0,5,3,0,0,1,0,0,1,9775.13424425
20211,1123001421,14,4,10,0,3,3,2,5,1,0,1,1,1,0,1,0,2,2,1,5,0,6014.44502704
20211,1123001422,2,2,0,0,0,0,2,0,0,0,0,0,2,0,0,0,0,0,0,0,0,1880.3633536
20211,1123001424,101,99,2,0,1,0,8,42,50,0,1,0,8,40,50,0,0,0,0,2,0,4932.16320077
20211,1123001425,147,79,68,0,31,51,22,21,22,0,12,28,12,12,15,0,19,23,10,9,7,13280.7704614
20211,1123001426,13,10,3,0,0,3,5,4,1,0,0,3,4,2,1,0,0,0,1,2,0,5658.04577768
20211,1123001427,21,9,12,0,3,6,3,3,6,0,0,3,0,1,5,0,3,3,3,2,1,3280.33657303
20211,1123001429,15,11,4,0,0,6,3,3,3,0,0,4,2,2,3,0,0,2,1,1,0,5682.75460762
20211,1123001431,3,2,1,0,0,0,1,1,1,0,0,0,1,1,0,0,0,0,0,0,1,1921.24713238
20211,1123001433,5,5,0,0,0,1,2,2,0,0,0,1,2,2,0,0,0,0,0,0,0,5496.50228721
20211,1123001434,68,43,25,0,11,21,14,11,11,0,3,13,9,8,10,0,8,8,5,3,1,5145.44003317
20211,1123001437,8,6,2,0,1,0,1,2,4,0,0,0,1,2,3,0,1,0,0,0,1,2326.9723399
20211,1123001440,20,14,6,0,0,3,5,7,5,0,0,1,4,6,3,0,0,2,1,1,2,7213.35894654
20211,1123001441,3,1,2,0,0,1,0,1,1,0,0,0,0,0,1,0,0,1,0,1,0,1457.86495565
20211,1123001442,38,17,21,0,1,4,3,22,8,0,0,1,2,11,3,0,1,3,1,11,5,4977.86546705
20211,1123001443,24,6,18,0,2,7,7,3,5,0,0,1,1,1,3,0,2,6,6,2,2,4730.21808241
20211,1123001444,96,13,83,0,7,19,34,30,6,0,1,3,2,2,5,0,6,16,32,28,1,13746.4756124
20211,1123001445,5,4,1,0,0,0,2,3,0,0,0,0,2,2,0,0,0,0,0,1,0,2480.22846466
20211,1123001448,3,2,1,0,0,1,0,0,2,0,0,0,0,0,2,0,0,1,0,0,0,4354.47016014
20211,1123001450,4,4,0,0,0,2,0,2,0,0,0,2,0,2,0,0,0,0,0,0,0,3045.99398529
20211,1123001451,2,1,1,0,0,1,0,0,1,0,0,1,0,0,0,0,0,0,0,0,1,4503.51955396
20211,1123001452,103,52,51,0,22,31,23,16,11,0,9,14,12,7,10,0,13,17,11,9,1,5180.56802312
20211,1123001453,11,10,1,0,2,2,3,3,1,0,2,1,3,3,1,0,0,1,0,0,0,2969.74191804
20211,1123001454,2,2,0,0,0,1,0,1,0,0,0,1,0,1,0,0,0,0,0,0,0,1674.43272639
20211,1123001455,24,12,12,0,2,1,7,9,5,0,2,1,3,5,1,0,0,0,4,4,4,6837.64911032
20211,1123001456,164,148,16,0,26,35,45,37,21,0,19,31,44,34,20,0,7,4,1,3,1,5126.12306402
20211,1123001459,3,3,0,0,0,0,1,1,1,0,0,0,1,1,1,0,0,0,0,0,0,2630.20227803
20211,1123001460,9,6,3,0,0,1,7,0,1,0,0,1,4,0,1,0,0,0,3,0,0,1541.02592783
20211,1123001462,122,65,57,0,9,20,35,36,22,0,6,10,17,20,12,0,3,10,18,16,10,3894.32687889
20211,1123001464,5,4,1,0,2,0,1,1,1,0,2,0,1,1,0,0,0,0,0,0,1,8432.94970331
20211,1123001465,46,11,35,0,9,14,8,13,2,0,2,3,1,4,1,0,7,11,7,9,1,18246.4413529
20211,1123001467,21,9,12,0,0,0,4,10,7,0,0,0,2,5,2,0,0,0,2,5,5,4736.76092528
20211,1123001473,126,91,35,0,21,31,31,26,17,0,16,18,22,20,15,0,5,13,9,6,2,2709.17188854
20211,1123001474,59,30,29,0,3,12,28,10,6,0,3,9,14,1,3,0,0,3,14,9,3,8476.88203593
20211,1123001476,5,4,1,0,1,1,1,1,1,0,1,0,1,1,1,0,0,1,0,0,0,7063.28036857
20211,1123001477,13,9,4,0,2,1,4,4,2,0,1,0,4,2,2,0,1,1,0,2,0,6953.99217491
20211,1123001479,10,9,1,0,0,1,5,3,1,0,0,0,5,3,1,0,0,1,0,0,0,6990.62090556
20211,1123001480,23,11,12,0,0,3,4,11,5,0,0,1,2,6,2,0,0,2,2,5,3,7085.04358612
20211,1123001481,57,35,22,0,6,17,15,13,6,0,1,13,10,8,3,0,5,4,5,5,3,8895.96901651
20211,1123001482,60,33,27,0,5,11,14,23,7,0,3,8,6,10,6,0,2,3,8,13,1,6110.90501105
20211,1123001483,27,12,15,0,3,5,9,10,0,0,2,4,2,4,0,0,1,1,7,6,0,6160.22952037
20211,1123001484,47,31,16,2,10,14,10,9,2,2,7,5,7,8,2,0,3,9,3,1,0,3076.36896317
20211,1123001486,7,3,4,0,0,0,2,2,3,0,0,0,0,1,2,0,0,0,2,1,1,5359.76878647
20211,1123001487,11,10,1,0,1,1,3,3,3,0,1,1,2,3,3,0,0,0,1,0,0,3386.07192793
20211,1123001488,7,4,3,0,0,1,6,0,0,0,0,0,4,0,0,0,0,1,2,0,0,3019.7420794
20211,1123001489,15,11,4,0,4,5,4,1,1,0,3,3,3,1,1,0,1,2,1,0,0,3187.30133804
20211,1123001491,16,6,10,0,3,5,3,4,1,0,0,2,1,2,1,0,3,3,2,2,0,25154.3285933
20211,1123001493,2,2,0,0,1,0,0,1,0,0,1,0,0,1,0,0,0,0,0,0,0,3174.20676325
20211,1123001494,92,25,67,0,13,15,16,22,26,0,4,9,6,2,4,0,9,6,10,20,22,7379.14624136
20211,1123001497,6,6,0,0,0,0,3,2,1,0,0,0,3,2,1,0,0,0,0,0,0,2817.87552365
20211,1123001498,16,1,15,0,5,3,2,4,2,0,0,0,0,0,1,0,5,3,2,4,1,1808.47977986
20211,1123001499,6,4,2,0,2,1,1,2,0,0,2,1,0,1,0,0,0,0,1,1,0,1821.86097926
20211,1123001501,16,9,7,0,0,6,2,8,0,0,0,4,1,4,0,0,0,2,1,4,0,1697.95252412
20211,1123001505,8,4,4,0,0,4,1,2,1,0,0,2,1,1,0,0,0,2,0,1,1,7638.06405978
20211,1123001509,110,75,35,0,7,25,30,30,18,0,6,17,21,17,14,0,1,8,9,13,4,10862.3147481
20211,1123001514,724,301,423,0,14,16,59,178,457,0,11,9,33,67,181,0,3,7,26,111,276,3651.64655198
20211,1123001516,22,2,20,0,5,7,3,3,4,0,0,0,0,0,2,0,5,7,3,3,2,7303.2756489
20211,1123001518,41,21,20,0,8,7,4,17,5,0,5,3,2,7,4,0,3,4,2,10,1,6825.94748015
20211,1123001520,19,15,4,0,6,3,7,2,1,0,3,3,6,2,1,0,3,0,1,0,0,2442.67438422
20211,1123001526,13,9,4,0,0,2,7,3,1,0,0,1,5,2,1,0,0,1,2,1,0,3198.73780029
20211,1123001530,23,11,12,0,4,6,7,3,3,0,2,0,5,1,3,0,2,6,2,2,0,7635.80977453
20211,1123001534,44,25,19,1,8,11,16,5,3,1,3,6,11,4,0,0,5,5,5,1,3,9796.04396006
20211,1123001536,7,6,1,0,0,1,3,0,3,0,0,1,2,0,3,0,0,0,1,0,0,6330.7126506
20211,1123001537,3,3,0,0,0,2,0,1,0,0,0,2,0,1,0,0,0,0,0,0,0,770.712491337
20211,1123001540,5,3,2,0,0,1,0,2,2,0,0,0,0,1,2,0,0,1,0,1,0,365.90759133
20211,1123001541,27,13,14,0,1,4,6,7,9,0,0,2,3,3,5,0,1,2,3,4,4,2661.1772161
20211,1123001542,12,9,3,0,0,1,4,5,2,0,0,0,3,4,2,0,0,1,1,1,0,2955.87505828
20211,1123001543,3,3,0,0,0,0,2,1,0,0,0,0,2,1,0,0,0,0,0,0,0,8596.90806714
20211,1123001548,7,2,5,0,3,1,1,2,0,0,1,0,0,1,0,0,2,1,1,1,0,2383.501796
20211,1123001552,1,0,1,0,0,0,0,0,1,0,0,0,0,0,0,0,0,0,0,0,1,780.11637716
20211,1123001555,15,7,8,0,0,3,3,5,4,0,0,1,1,2,3,0,0,2,2,3,1,2318.38621465
20211,1123001557,9,4,5,0,1,2,4,1,1,0,0,1,2,0,1,0,1,1,2,1,0,2655.03621618
20211,1123001562,2,2,0,0,0,0,0,1,1,0,0,0,0,1,1,0,0,0,0,0,0,2385.05822121
20211,1123001563,1,1,0,0,0,0,0,0,1,0,0,0,0,0,1,0,0,0,0,0,0,1105.44703502
20211,1123001564,155,114,41,0,21,31,37,46,20,0,16,26,25,31,16,0,5,5,12,15,4,9502.44158873
20211,1123001567,2,0,2,0,1,1,0,0,0,0,0,0,0,0,0,0,1,1,0,0,0,5111.96050348
20211,1123001571,12,8,4,0,0,1,1,8,2,0,0,1,0,5,2,0,0,0,1,3,0,2768.6736512
20211,1123001572,4,3,1,0,0,0,0,2,2,0,0,0,0,1,2,0,0,0,0,1,0,1958.7063422
20211,1123001573,2115,1411,704,12,473,565,537,385,143,9,328,398,329,244,103,3,145,167,208,141,40,5441.91728221
20211,1123001578,14,10,4,0,2,3,4,2,3,0,0,3,3,2,2,0,2,0,1,0,1,1097.38995478
20211,1123001579,49,7,42,0,0,5,9,31,4,0,0,1,2,2,2,0,0,4,7,29,2,807.433710519
20211,1123001583,2,2,0,0,0,0,0,1,1,0,0,0,0,1,1,0,0,0,0,0,0,1005.17816963
20211,1123001584,280,107,173,1,43,63,76,67,30,0,3,22,33,33,16,1,40,41,43,34,14,7992.12693281
20211,1123001588,272,248,24,0,1,7,37,98,129,0,0,2,27,94,125,0,1,5,10,4,4,6658.18866416
20211,1123001589,16,9,7,0,1,2,2,7,4,0,0,0,1,5,3,0,1,2,1,2,1,6674.14783146
20211,1123001592,13,8,5,0,0,3,8,2,0,0,0,1,5,2,0,0,0,2,3,0,0,9422.71776574
20211,1123001593,49,21,28,0,1,10,10,14,14,0,0,1,3,8,9,0,1,9,7,6,5,4203.23962719
20211,1123001594,82,38,44,0,10,16,17,23,16,0,8,11,5,9,5,0,2,5,12,14,11,6043.8271992
20211,1123001595,285,155,130,5,58,72,66,66,18,5,35,46,36,21,12,0,23,26,30,45,6,8134.30016491
20211,1123001596,7,2,5,0,0,0,0,1,6,0,0,0,0,0,2,0,0,0,0,1,4,2177.99281376
20211,1123001597,7,2,5,0,0,0,2,3,2,0,0,0,0,1,1,0,0,0,2,2,1,4043.53997307
20211,1123001598,9,6,3,0,0,2,1,3,3,0,0,1,0,3,2,0,0,1,1,0,1,8201.99578759
20211,1123001599,18,7,11,0,5,2,3,8,0,0,2,1,0,4,0,0,3,1,3,4,0,4523.47937648
20211,1123001603,10,7,3,0,2,1,4,3,0,0,0,1,4,2,0,0,2,0,0,1,0,2900.42462842
20211,1123001604,24,21,3,0,3,2,8,8,3,0,3,2,6,8,2,0,0,0,2,0,1,5674.69976032
20211,1123001606,45,24,21,0,2,11,13,13,6,0,1,8,4,8,3,0,1,3,9,5,3,8286.57684344
20211,1123001608,11,9,2,0,0,2,8,1,0,0,0,2,7,0,0,0,0,0,1,1,0,2528.02648496
20211,1123001609,13,5,8,0,4,5,4,0,0,0,1,2,2,0,0,0,3,3,2,0,0,5641.27108116
20211,1123001610,2,1,1,0,0,1,1,0,0,0,0,0,1,0,0,0,0,1,0,0,0,5021.12982437
20211,1123001611,24,16,8,0,2,5,8,7,2,0,0,3,6,5,2,0,2,2,2,2,0,2432.27787358
20211,1123001612,18,16,2,0,1,4,5,4,4,0,1,4,3,4,4,0,0,0,2,0,0,1069.3195533
20211,1123001614,2,1,1,0,0,0,0,2,0,0,0,0,0,1,0,0,0,0,0,1,0,4159.12468628
20211,1123001615,7,6,1,0,1,0,2,3,1,0,1,0,2,2,1,0,0,0,0,1,0,3305.78195532
20211,1123001617,15,4,11,0,1,9,3,2,0,0,0,1,2,1,0,0,1,8,1,1,0,6957.9189275
20211,1123001618,3,1,2,0,0,0,0,2,1,0,0,0,0,0,1,0,0,0,0,2,0,5984.21590529
20211,1123001621,7,0,7,0,0,1,1,4,1,0,0,0,0,0,0,0,0,1,1,4,1,4874.31694985
20211,1123001623,2,0,2,0,1,0,0,1,0,0,0,0,0,0,0,0,1,0,0,1,0,7212.21447054
20211,1123001625,40,26,14,0,5,3,9,12,11,0,4,2,5,6,9,0,1,1,4,6,2,10200.3265225
20211,1123001627,56,44,12,0,5,11,15,13,12,0,3,9,13,8,11,0,2,2,2,5,1,1501.43628989
20211,1123001629,24,12,12,0,6,4,7,5,2,0,4,1,1,4,2,0,2,3,6,1,0,1240.72513743
20211,1123001630,36,29,7,0,2,3,3,3,25,0,0,2,2,3,22,0,2,1,1,0,3,9988.33228846
20211,1123001631,26,9,17,0,1,0,5,10,10,0,0,0,2,2,5,0,1,0,3,8,5,3305.8485222
20211,1123001632,84,61,23,0,22,38,15,7,2,0,15,28,13,4,1,0,7,10,2,3,1,6750.31116411
20211,1123001633,2,1,1,0,0,0,1,1,0,0,0,0,0,1,0,0,0,0,1,0,0,6884.56562242
20211,1123001634,30,22,8,0,1,2,11,13,3,0,1,1,7,10,3,0,0,1,4,3,0,10865.4088096
20211,1123001635,20,7,13,0,4,2,7,5,2,0,3,2,1,1,0,0,1,0,6,4,2,10148.5998149
20211,1123001636,14,11,3,0,0,7,4,2,1,0,0,5,4,1,1,0,0,2,0,1,0,16477.1155956
20211,1123001637,66,26,40,0,4,6,14,25,17,0,0,0,7,10,9,0,4,6,7,15,8,10103.7257895
20211,1123001638,46,13,33,0,4,10,11,13,8,0,1,1,1,5,5,0,3,9,10,8,3,6998.01461805
20211,1123001639,55,23,32,0,9,20,13,9,4,0,3,6,8,4,2,0,6,14,5,5,2,7302.31771112
20211,1123001640,502,68,434,0,105,138,196,60,3,0,7,32,19,8,2,0,98,106,177,52,1,7463.03189471
20211,1123001642,106,84,22,1,25,33,21,13,13,1,20,29,11,12,11,0,5,4,10,1,2,6188.93719982
20211,1123001646,10,6,4,0,1,2,2,4,1,0,0,1,2,2,1,0,1,1,0,2,0,6821.34012799
20211,1123001649,7,5,2,0,0,3,3,0,1,0,0,3,2,0,0,0,0,0,1,0,1,4254.85928562
20211,1123001653,3,1,2,0,0,1,1,1,0,0,0,0,0,1,0,0,0,1,1,0,0,3074.36091837
20211,1123001654,35,16,19,0,2,3,14,5,11,0,1,2,10,2,1,0,1,1,4,3,10,4366.01332506
20211,1123001655,4,4,0,0,0,1,0,1,2,0,0,1,0,1,2,0,0,0,0,0,0,2515.36345007
20211,1123001672,2,0,2,0,0,1,1,0,0,0,0,0,0,0,0,0,0,1,1,0,0,770.715518982
20211,1123001673,67,10,57,0,7,15,31,14,0,0,1,4,4,1,0,0,6,11,27,13,0,15586.8132153
20211,1123001674,100,49,51,0,12,16,21,34,17,0,2,6,12,19,10,0,10,10,9,15,7,9743.13897554
20211,1123001675,79,34,45,0,11,13,13,27,15,0,4,6,6,7,11,0,7,7,7,20,4,9263.09745605
20211,1123001681,15,11,4,0,1,4,6,3,1,0,1,4,3,2,1,0,0,0,3,1,0,6276.58377682
20211,1123001683,2,1,1,0,1,0,1,0,0,0,1,0,0,0,0,0,0,0,1,0,0,1870.34371462
20211,1123001686,5,4,1,0,0,0,0,1,4,0,0,0,0,1,3,0,0,0,0,0,1,6396.27500015
20211,1123001692,5,3,2,0,0,0,1,2,2,0,0,0,0,1,2,0,0,0,1,1,0,5573.72641073
20211,1123001695,1718,1041,677,39,1366,276,32,4,1,23,780,204,29,4,1,16,586,72,3,0,0,3319.13818758
20211,1123001699,8,6,2,1,2,0,1,4,0,1,1,0,0,4,0,0,1,0,1,0,0,1514.18148639
20211,1123001704,235,117,118,1,34,48,80,38,34,1,10,19,38,24,25,0,24,29,42,14,9,5036.11964138
20211,1123001705,6,5,1,0,1,0,0,4,1,0,1,0,0,3,1,0,0,0,0,1,0,6642.42426424
20211,1123001706,49,14,35,0,14,14,13,5,3,0,3,1,4,3,3,0,11,13,9,2,0,3728.42218296
20211,1123001707,330,155,175,1,43,47,73,98,68,0,17,24,31,43,40,1,26,23,42,55,28,8545.53019173
20211,1123001708,95,66,29,0,29,28,16,8,14,0,18,25,10,4,9,0,11,3,6,4,5,8154.01474872
20211,1123001717,6,2,4,0,0,0,1,3,2,0,0,0,0,1,1,0,0,0,1,2,1,2678.28882192
20211,1123001718,4,3,1,0,0,1,0,1,2,0,0,0,0,1,2,0,0,1,0,0,0,6806.22010542
20211,1123001719,10,2,8,0,0,2,4,4,0,0,0,0,2,0,0,0,0,2,2,4,0,5209.53403597
20211,1123001722,6,0,6,0,1,3,1,1,0,0,0,0,0,0,0,0,1,3,1,1,0,2305.30489082
20211,1123001723,18,8,10,0,0,3,3,5,7,0,0,0,3,3,2,0,0,3,0,2,5,2202.31947404
20211,1123001728,3,1,2,0,0,2,1,0,0,0,0,0,1,0,0,0,0,2,0,0,0,1362.15195814
20211,1123001729,11,7,4,0,0,3,3,1,4,0,0,2,2,0,3,0,0,1,1,1,1,6839.26936854
20211,1123001731,45,26,19,0,5,6,16,13,5,0,0,4,11,6,5,0,5,2,5,7,0,8658.17422558
20211,1123001733,29,5,24,0,0,1,2,16,10,0,0,0,0,2,3,0,0,1,2,14,7,8296.31010887
20211,1123001738,5,5,0,0,2,1,0,0,2,0,2,1,0,0,2,0,0,0,0,0,0,1801.07270536
20211,1123001740,4,3,1,0,0,1,1,2,0,0,0,0,1,2,0,0,0,1,0,0,0,980.194432809
20211,1123001742,3,1,2,0,0,0,0,2,1,0,0,0,0,0,1,0,0,0,0,2,0,6160.8449913
20211,1123001747,452,214,238,1,43,103,138,141,26,0,25,60,68,47,14,1,18,43,70,94,12,4357.42417553
20211,1123001748,4,3,1,0,0,0,3,1,0,0,0,0,3,0,0,0,0,0,0,1,0,1241.384888
20211,1123001751,5,3,2,0,0,0,0,3,2,0,0,0,0,1,2,0,0,0,0,2,0,1670.12238524
20211,1123001752,13,8,5,0,0,1,2,8,2,0,0,1,2,3,2,0,0,0,0,5,0,3872.14504388
20211,1123001753,62,28,34,0,18,19,13,11,1,0,7,11,6,3,1,0,11,8,7,8,0,8907.81809772
20211,1123001754,3,2,1,0,0,0,1,2,0,0,0,0,1,1,0,0,0,0,0,1,0,1928.37964443
20211,1123001756,11,1,10,0,2,1,3,4,1,0,0,0,0,1,0,0,2,1,3,3,1,1925.65316767
20211,1123001757,9,7,2,0,1,1,5,1,1,0,0,1,4,1,1,0,1,0,1,0,0,3068.65804359
20211,1123001760,18,10,8,0,5,3,2,6,2,0,3,3,0,3,1,0,2,0,2,3,1,3977.20013561
20211,1123001761,2,2,0,0,0,0,1,1,0,0,0,0,1,1,0,0,0,0,0,0,0,4276.03451425
20211,1123001762,56,40,16,0,1,11,17,19,8,0,0,10,14,11,5,0,1,1,3,8,3,9550.87826095
20211,1123001765,5,3,2,0,2,0,0,2,1,0,1,0,0,1,1,0,1,0,0,1,0,3834.09074247
20211,1123001766,167,54,113,0,8,20,64,70,5,0,6,10,20,14,4,0,2,10,44,56,1,9297.4510458
20211,1123001772,19,15,4,0,3,3,1,7,5,0,3,3,0,5,4,0,0,0,1,2,1,6309.01429743
20211,1123001774,26,9,17,0,3,9,7,4,3,0,1,3,2,0,3,0,2,6,5,4,0,1681.53295582
20211,1123001775,7,6,1,0,0,1,4,0,2,0,0,1,3,0,2,0,0,0,1,0,0,6648.50062046
20211,1123001776,15,9,6,0,3,1,4,2,5,0,3,1,1,2,2,0,0,0,3,0,3,6692.04152494
20211,1123001777,77,42,35,0,5,16,22,22,12,0,4,7,11,10,10,0,1,9,11,12,2,13677.9660346
20211,1123001779,6,3,3,0,0,1,2,2,1,0,0,1,0,1,1,0,0,0,2,1,0,2915.40789666
20211,1123001780,50,37,13,0,3,9,17,15,6,0,1,6,13,13,4,0,2,3,4,2,2,7472.38544568
20211,1123001782,35,24,11,0,3,3,4,17,8,0,1,1,3,13,6,0,2,2,1,4,2,7896.5910533
20211,1123001784,29,20,9,0,0,4,9,12,4,0,0,4,5,8,3,0,0,0,4,4,1,28284.9379399
20211,1123001785,21,15,6,0,3,1,4,8,5,0,2,1,3,4,5,0,1,0,1,4,0,8923.63552952
20211,1123001786,14,8,6,0,3,5,3,3,0,0,1,3,2,2,0,0,2,2,1,1,0,4933.04247039
20211,1123001788,3,1,2,0,0,0,0,1,2,0,0,0,0,0,1,0,0,0,0,1,1,3354.96691417
20211,1123001790,222,216,6,0,0,2,24,88,108,0,0,1,22,87,106,0,0,1,2,1,2,6949.65081213
20211,1123001791,4,2,2,0,0,0,3,1,0,0,0,0,2,0,0,0,0,0,1,1,0,2909.24675782
20211,1123001793,12,0,12,0,0,4,5,1,2,0,0,0,0,0,0,0,0,4,5,1,2,1359.01102341
20211,1123001794,35,9,26,0,1,1,2,7,24,0,0,0,1,1,7,0,1,1,1,6,17,8827.21551829
20211,1123001795,13,10,3,0,0,0,3,5,5,0,0,0,3,4,3,0,0,0,0,1,2,11121.5233736
20211,1123001796,13,9,4,0,2,4,2,2,3,0,1,3,2,1,2,0,1,1,0,1,1,1051.54566169
20211,1123001797,14,6,8,0,0,5,7,2,0,0,0,2,3,1,0,0,0,3,4,1,0,4748.95147149
20211,1123001799,113,56,57,0,24,49,19,10,11,0,9,29,6,5,7,0,15,20,13,5,4,6519.11709223
20211,1123001800,25,8,17,0,1,6,6,10,2,0,1,2,3,2,0,0,0,4,3,8,2,5864.04942963
20211,1123001802,43,33,10,0,4,9,7,11,12,0,2,5,6,8,12,0,2,4,1,3,0,4983.96641971
20211,1123001803,90,85,5,0,0,4,12,28,46,0,0,3,10,28,44,0,0,1,2,0,2,4187.58088906
20211,1123001804,7,5,2,0,1,2,3,1,0,0,1,2,2,0,0,0,0,0,1,1,0,6604.14337509
20211,1123001805,8,2,6,0,1,3,4,0,0,0,0,0,2,0,0,0,1,3,2,0,0,14862.3520205
20211,1123001808,3,2,1,0,0,0,1,1,1,0,0,0,0,1,1,0,0,0,1,0,0,2977.21670631
20211,1123001810,5,3,2,0,1,0,1,3,0,0,1,0,1,1,0,0,0,0,0,2,0,4445.49689001
20211,1123001812,184,120,64,1,29,55,40,40,19,0,13,44,28,19,16,1,16,11,12,21,3,5745.42206838
20211,1123001814,9,6,3,0,0,1,5,3,0,0,0,1,3,2,0,0,0,0,2,1,0,2557.57993975
20211,1123001816,1,0,1,0,0,1,0,0,0,0,0,0,0,0,0,0,0,1,0,0,0,9384.3475861
20211,1123001819,21,18,3,0,3,8,5,3,2,0,2,6,5,3,2,0,1,2,0,0,0,1904.36639678
20211,1123001822,9,6,3,0,0,1,3,4,1,0,0,1,2,3,0,0,0,0,1,1,1,5127.23001287
20211,1123001824,3,3,0,0,1,0,0,2,0,0,1,0,0,2,0,0,0,0,0,0,0,3710.02490604
20211,1123001827,2,2,0,0,0,0,0,1,1,0,0,0,0,1,1,0,0,0,0,0,0,2452.77132621
20211,1123001829,10,3,7,0,2,3,3,2,0,0,0,1,1,1,0,0,2,2,2,1,0,2538.48517068
20211,1123001831,140,51,89,1,18,35,45,34,7,1,6,23,14,5,2,0,12,12,31,29,5,13598.1602686
20211,1123001847,23,18,5,1,4,3,6,6,3,0,4,3,3,5,3,1,0,0,3,1,0,5390.73527039
20211,1123001849,35,26,9,0,3,6,9,12,5,0,3,5,6,8,4,0,0,1,3,4,1,15884.2258296
20211,1123001853,41,34,7,0,2,2,7,15,15,0,0,2,6,11,15,0,2,0,1,4,0,3521.82595606
20211,1123001857,121,94,27,0,25,27,35,22,12,0,22,20,25,17,10,0,3,7,10,5,2,6295.81292237
20211,1123001859,8,8,0,0,1,1,5,1,0,0,1,1,5,1,0,0,0,0,0,0,0,1491.61008874
20211,1123001864,47,27,20,0,8,15,6,9,9,0,5,8,5,3,6,0,3,7,1,6,3,19668.2728815
20211,1123001869,4,3,1,0,0,2,1,0,1,0,0,1,1,0,1,0,0,1,0,0,0,5910.88547042
20211,1123001876,21,7,14,0,2,1,7,6,5,0,1,0,1,2,3,0,1,1,6,4,2,12264.955188
20211,1123001878,3,2,1,0,0,0,2,1,0,0,0,0,1,1,0,0,0,0,1,0,0,4265.14826027
20211,1123001885,39,16,23,0,6,12,6,9,6,0,3,5,1,6,1,0,3,7,5,3,5,3511.67954615
20211,1123001894,6,4,2,0,0,0,2,4,0,0,0,0,2,2,0,0,0,0,0,2,0,10382.5596797
20211,1123001898,13,3,10,0,2,3,4,1,3,0,0,0,2,0,1,0,2,3,2,1,2,10202.9924044
20211,1123001904,7,5,2,0,0,2,1,2,2,0,0,2,1,1,1,0,0,0,0,1,1,5919.14861411
20211,1123001907,3,2,1,0,1,0,1,1,0,0,0,0,1,1,0,0,1,0,0,0,0,2825.53634447
20211,1123001908,18,15,3,0,0,1,7,6,4,0,0,0,5,6,4,0,0,1,2,0,0,1786.3873178
20211,1123001909,4,3,1,0,0,0,0,2,2,0,0,0,0,1,2,0,0,0,0,1,0,1326.48799967
20211,1123001918,47,32,15,0,8,20,13,6,0,0,6,12,9,5,0,0,2,8,4,1,0,3609.02175634
20211,1123001924,2,2,0,0,0,0,0,1,1,0,0,0,0,1,1,0,0,0,0,0,0,2746.53735723
20211,1123001930,19,15,4,0,0,3,12,2,2,0,0,2,11,1,1,0,0,1,1,1,1,1972.12600563
20211,1123001935,7,3,4,0,1,0,2,3,1,0,0,0,1,1,1,0,1,0,1,2,0,16835.9273328
20211,1123001939,2,1,1,0,0,1,1,0,0,0,0,1,0,0,0,0,0,0,1,0,0,2390.50075085
20211,1123001940,85,19,66,0,5,5,11,23,41,0,5,1,9,3,1,0,0,4,2,20,40,1322.5410897
20211,1123001941,10,7,3,0,3,5,1,1,0,0,2,3,1,1,0,0,1,2,0,0,0,1211.01319982
20211,1123001944,7,1,6,0,0,1,2,4,0,0,0,0,0,1,0,0,0,1,2,3,0,4627.34944165
20211,1123001947,8,7,1,0,0,1,4,2,1,0,0,1,4,1,1,0,0,0,0,1,0,2646.56892023
20211,1123001957,3,0,3,0,1,0,1,0,1,0,0,0,0,0,0,0,1,0,1,0,1,2612.62853264
20211,1123001958,3,0,3,0,0,0,0,2,1,0,0,0,0,0,0,0,0,0,0,2,1,5223.47490317
20211,1123001965,5,3,2,0,1,0,1,2,1,0,0,0,1,1,1,0,1,0,0,1,0,2944.25809345
20211,1123001966,11,5,6,0,2,4,2,1,2,0,1,2,0,1,1,0,1,2,2,0,1,2149.47353253
20211,1123001973,14,0,14,0,1,3,3,4,3,0,0,0,0,0,0,0,1,3,3,4,3,4827.13451998
20211,1123001984,32,17,15,0,15,4,7,3,3,0,6,3,4,1,3,0,9,1,3,2,0,6624.73440979
20211,1123001986,10,4,6,0,1,0,5,0,4,0,1,0,0,0,3,0,0,0,5,0,1,2525.93626494
20211,1123001987,2,2,0,0,0,1,0,0,1,0,0,1,0,0,1,0,0,0,0,0,0,3663.45874161
20211,1123001990,9,3,6,0,0,2,2,2,3,0,0,2,1,0,0,0,0,0,1,2,3,4991.96970388
20211,1123001991,4,3,1,0,0,0,2,2,0,0,0,0,2,1,0,0,0,0,0,1,0,2957.58181393
20211,1123001992,440,323,117,1,52,73,136,142,36,0,34,47,100,115,27,1,18,26,36,27,9,2659.19958978
20211,1123001993,4,3,1,0,1,1,1,0,1,0,1,1,1,0,0,0,0,0,0,0,1,732.657724252
20211,1123001994,31,11,20,0,6,7,3,10,5,0,0,3,0,3,5,0,6,4,3,7,0,9181.08458714
20211,1123001999,4,2,2,0,0,1,0,3,0,0,0,0,0,2,0,0,0,1,0,1,0,5188.80815538
20211,1123002000,2,1,1,0,0,0,0,2,0,0,0,0,0,1,0,0,0,0,0,1,0,2839.57107339
20211,1123002004,2,0,2,0,0,0,0,1,1,0,0,0,0,0,0,0,0,0,0,1,1,3090.53973316
20211,1123002006,3,2,1,0,0,1,1,1,0,0,0,1,1,0,0,0,0,0,0,1,0,5106.74938669
20211,1123002009,2,0,2,0,0,0,1,1,0,0,0,0,0,0,0,0,0,0,1,1,0,3389.01848664
20211,1123002011,11,8,3,0,3,0,2,1,5,0,2,0,1,1,4,0,1,0,1,0,1,5210.0495317
20211,1123002014,8,6,2,0,0,1,6,0,1,0,0,1,4,0,1,0,0,0,2,0,0,4830.5152482
20211,1123002018,140,91,49,0,8,18,22,41,51,0,7,18,19,22,25,0,1,0,3,19,26,970.851822096
20211,1123002019,3,3,0,0,1,0,1,1,0,0,1,0,1,1,0,0,0,0,0,0,0,1411.74946427
20211,1123002021,4,2,2,0,0,1,1,2,0,0,0,0,0,2,0,0,0,1,1,0,0,3880.10666176
20211,1123002023,4,2,2,0,0,0,0,3,1,0,0,0,0,2,0,0,0,0,0,1,1,2546.96203805
20211,1123002027,5,5,0,0,1,2,2,0,0,0,1,2,2,0,0,0,0,0,0,0,0,1900.110492
20211,1123002036,2,2,0,0,0,0,1,1,0,0,0,0,1,1,0,0,0,0,0,0,0,3863.14836129
20211,1123002037,12,3,9,0,0,4,5,1,2,0,0,2,0,1,0,0,0,2,5,0,2,2698.79656527
20211,1123002043,18,15,3,0,2,2,5,5,4,0,2,2,3,4,4,0,0,0,2,1,0,2092.60410656
20211,1123002048,4,0,4,0,0,0,2,2,0,0,0,0,0,0,0,0,0,0,2,2,0,3539.71342265
20211,1123002056,3,1,2,0,1,0,1,0,1,0,0,0,0,0,1,0,1,0,1,0,0,5004.34740564
20211,1123002061,6,5,1,0,0,1,2,2,1,0,0,0,2,2,1,0,0,1,0,0,0,2221.79576457
20211,1123002064,29,9,20,0,3,9,7,8,2,0,1,3,1,2,2,0,2,6,6,6,0,1401.43957703
20211,1123002066,2,0,2,0,0,0,1,0,1,0,0,0,0,0,0,0,0,0,1,0,1,3561.66451619
20211,1123002070,9,6,3,0,2,1,2,2,2,0,2,1,1,1,1,0,0,0,1,1,1,3039.62631581
20211,1123002072,14,10,4,0,0,5,2,3,4,0,0,3,1,2,4,0,0,2,1,1,0,2242.76260131
20211,1123002074,4,1,3,0,0,0,0,3,1,0,0,0,0,1,0,0,0,0,0,2,1,2312.74095862
20211,1123002076,6,4,2,0,2,3,1,0,0,0,0,3,1,0,0,0,2,0,0,0,0,2454.79125138
20211,1123002078,8,3,5,0,1,0,4,1,2,0,0,0,2,0,1,0,1,0,2,1,1,13384.042897
20211,1123002082,2,1,1,0,0,1,0,0,1,0,0,1,0,0,0,0,0,0,0,0,1,1643.38839658
20211,1123002091,27,14,13,0,1,4,10,6,6,0,0,2,7,1,4,0,1,2,3,5,2,189650.855414
20211,1123002092,18,12,6,0,1,3,5,6,3,0,1,2,3,5,1,0,0,1,2,1,2,2870.71374496
20211,1123002095,14,4,10,0,3,2,4,3,2,0,1,0,0,1,2,0,2,2,4,2,0,26205.3453911
20211,1123002099,2,1,1,0,0,0,0,1,1,0,0,0,0,0,1,0,0,0,0,1,0,2225.95049321
20211,1123002102,1,0,1,0,0,1,0,0,0,0,0,0,0,0,0,0,0,1,0,0,0,1058.83492936
20211,1123002106,2,1,1,0,0,0,2,0,0,0,0,0,1,0,0,0,0,0,1,0,0,1729.18324543
20211,1123002110,8,7,1,0,0,3,1,4,0,0,0,3,1,3,0,0,0,0,0,1,0,4444.17989109
20211,1123002112,10,7,3,0,0,1,2,6,1,0,0,0,2,4,1,0,0,1,0,2,0,15684.4861607
20211,1123002117,28,14,14,0,1,5,11,10,1,0,0,3,4,6,1,0,1,2,7,4,0,5186.12357986
20211,1123002121,14,4,10,0,2,7,3,2,0,0,0,2,0,2,0,0,2,5,3,0,0,2346.17358884
20211,1123002126,664,359,305,1,62,131,186,167,117,0,26,74,88,93,78,1,36,57,98,74,39,4292.3381603
20211,1123002137,6,3,3,0,0,0,3,1,2,0,0,0,2,0,1,0,0,0,1,1,1,7388.25522622
20211,1123002138,146,95,51,0,27,42,40,24,13,0,10,26,28,20,11,0,17,16,12,4,2,10821.3304508
20211,1123002140,599,420,179,0,51,130,176,140,102,0,34,88,128,97,73,0,17,42,48,43,29,1806.47154327
20211,1123002143,3,3,0,0,0,1,0,1,1,0,0,1,0,1,1,0,0,0,0,0,0,2788.7430648
20211,1123002147,13,10,3,0,4,0,5,3,1,0,3,0,4,2,1,0,1,0,1,1,0,2812.86100703
20211,1123002149,131,77,54,0,24,35,20,29,23,0,16,26,15,9,11,0,8,9,5,20,12,1077.17964895
20211,1123002154,23,17,6,0,6,10,3,3,1,0,4,9,3,1,0,0,2,1,0,2,1,1062.3166324
20211,1123002155,5,4,1,0,0,1,1,2,1,0,0,1,1,1,1,0,0,0,0,1,0,2775.26012818
20211,1123002156,49,8,41,0,0,9,14,17,9,0,0,3,1,0,4,0,0,6,13,17,5,5600.48497582
20211,1123002158,7,4,3,0,0,0,4,3,0,0,0,0,3,1,0,0,0,0,1,2,0,3268.57726876
20211,1123002159,10,3,7,0,1,1,2,2,4,0,0,0,1,1,1,0,1,1,1,1,3,8732.50187672
20211,1123002160,169,34,135,0,6,9,33,72,49,0,3,3,9,7,12,0,3,6,24,65,37,5820.05613738
20211,1123002162,18,5,13,0,1,2,5,5,5,0,0,0,1,2,2,0,1,2,4,3,3,4503.00374877
20211,1123002166,4,3,1,0,0,0,0,0,4,0,0,0,0,0,3,0,0,0,0,0,1,4374.58570695
20211,1123002171,3,0,3,0,0,1,2,0,0,0,0,0,0,0,0,0,0,1,2,0,0,4935.77759267
20211,1123002173,70,33,37,0,8,17,10,19,16,0,1,5,4,10,13,0,7,12,6,9,3,4747.74478704
20211,1123002174,26,3,23,0,4,7,7,7,1,0,1,2,0,0,0,0,3,5,7,7,1,2632.94803202
20211,1123002175,11,10,1,0,3,2,6,0,0,0,3,2,5,0,0,0,0,0,1,0,0,4021.82257158
20211,1123002178,2,1,1,0,0,0,2,0,0,0,0,0,1,0,0,0,0,0,1,0,0,2490.52703263
20211,1123002179,9,6,3,0,1,1,1,5,1,0,1,0,1,3,1,0,0,1,0,2,0,4191.7694339
20211,1123002180,19,7,12,0,0,6,9,3,1,0,0,2,4,0,1,0,0,4,5,3,0,5056.23016698
20211,1123002183,88,11,77,0,7,28,28,21,4,0,2,2,3,2,2,0,5,26,25,19,2,16977.1701846
20211,1123002186,2,1,1,0,0,0,0,2,0,0,0,0,0,1,0,0,0,0,0,1,0,637.874780302
20211,1123002190,150,55,95,1,26,38,48,33,4,1,10,12,16,14,2,0,16,26,32,19,2,6912.98431199
20211,1123002191,2,1,1,0,0,0,0,1,1,0,0,0,0,0,1,0,0,0,0,1,0,4523.1297816
20211,1123002198,9,4,5,0,0,0,5,2,2,0,0,0,1,1,2,0,0,0,4,1,0,3443.34547656
20211,1123002199,2,0,2,0,1,0,1,0,0,0,0,0,0,0,0,0,1,0,1,0,0,2459.30964445
20211,1123002201,3,2,1,0,0,0,1,2,0,0,0,0,1,1,0,0,0,0,0,1,0,2464.20029723
20211,1123002204,24,10,14,0,2,6,4,6,6,0,0,4,2,0,4,0,2,2,2,6,2,1491.48814953
20211,1123002207,66,11,55,0,8,8,21,25,4,0,2,0,3,4,2,0,6,8,18,21,2,20535.5716621
20211,1123002209,23,6,17,0,3,2,6,8,4,0,1,2,1,0,2,0,2,0,5,8,2,13140.2743558
20211,1123002210,2,2,0,0,0,0,1,0,1,0,0,0,1,0,1,0,0,0,0,0,0,3223.23791026
20211,1123002215,5,2,3,0,0,1,3,1,0,0,0,0,2,0,0,0,0,1,1,1,0,3490.69604892
20211,1123002218,2,2,0,0,0,0,0,0,2,0,0,0,0,0,2,0,0,0,0,0,0,6562.4026054
20211,1123002220,54,21,33,0,15,17,11,5,6,0,1,3,8,4,5,0,14,14,3,1,1,16768.3859252
20211,1123002222,132,83,49,0,22,16,24,48,22,0,14,8,15,30,16,0,8,8,9,18,6,5179.10626493
20211,1123002224,1,1,0,0,0,0,0,1,0,0,0,0,0,1,0,0,0,0,0,0,0,5155.47349608
20211,1123002227,55,31,24,0,0,3,21,25,6,0,0,1,9,17,4,0,0,2,12,8,2,4133.41379771
20211,1123002229,29,6,23,0,0,6,10,11,2,0,0,1,2,1,2,0,0,5,8,10,0,25744.5218007
20211,1123002232,56,13,43,0,7,19,15,14,1,0,1,5,3,3,1,0,6,14,12,11,0,20769.5395934
20211,1123002235,349,138,211,2,87,67,59,92,42,0,20,40,37,19,22,2,67,27,22,73,20,4026.98877548
20211,1123002239,13,8,5,0,0,1,4,3,5,0,0,0,2,3,3,0,0,1,2,0,2,2505.9275616
20211,1123002241,917,558,359,0,89,219,256,253,100,0,40,72,162,195,89,0,49,147,94,58,11,264120.405593
20211,1123002242,12,8,4,0,0,6,3,3,0,0,0,4,2,2,0,0,0,2,1,1,0,3622.2253219
20211,1123002243,27,20,7,0,2,3,5,7,10,0,2,2,5,5,6,0,0,1,0,2,4,6707.2140141
20211,1123002244,33,18,15,0,5,8,8,9,3,0,0,3,4,9,2,0,5,5,4,0,1,5366.84284805
20211,1123002246,14,13,1,0,0,0,2,6,6,0,0,0,2,6,5,0,0,0,0,0,1,3571.80590865
20211,1123002247,68,27,41,0,13,24,14,9,8,0,2,9,6,5,5,0,11,15,8,4,3,3412.74802572
20211,1123002248,220,83,137,0,10,12,52,97,49,0,6,5,21,34,17,0,4,7,31,63,32,4472.11898723
20211,1123002249,46,24,22,0,2,6,10,5,23,0,1,2,5,2,14,0,1,4,5,3,9,6566.48065377
20211,1123002250,45,28,17,0,4,1,9,13,18,0,2,0,4,11,11,0,2,1,5,2,7,3517.35178291
20211,1123002251,40,21,19,0,9,4,6,8,13,0,1,2,5,6,7,0,8,2,1,2,6,7174.54945447
20211,1123002253,38,30,8,0,3,8,12,7,8,0,2,6,9,7,6,0,1,2,3,0,2,4171.19225771
20211,1123002254,12,7,5,0,0,3,2,2,5,0,0,1,2,1,3,0,0,2,0,1,2,7304.62080241
20211,1123002257,583,464,119,0,23,75,116,111,258,0,17,64,107,92,184,0,6,11,9,19,74,4505.1525303
20211,1123002262,42,15,27,0,7,12,13,5,5,0,0,3,8,1,3,0,7,9,5,4,2,6922.57938222
20211,1123002263,23,12,11,0,0,3,6,2,12,0,0,0,3,2,7,0,0,3,3,0,5,6290.75318039
20211,1123002265,3,2,1,0,0,0,1,0,2,0,0,0,0,0,2,0,0,0,1,0,0,1874.69934541
20211,1123002266,3,2,1,0,0,0,0,2,1,0,0,0,0,2,0,0,0,0,0,0,1,1316.81873043
20211,1123002267,12,6,6,0,3,2,0,3,4,0,0,0,0,3,3,0,3,2,0,0,1,11343.4469245
20211,1123002270,5,4,1,0,0,0,2,2,1,0,0,0,2,1,1,0,0,0,0,1,0,680.022418855
20211,1123002272,5,3,2,0,0,0,1,2,2,0,0,0,1,0,2,0,0,0,0,2,0,2539.19443165
20211,1123002274,144,83,61,1,27,44,27,26,19,0,4,23,21,21,14,1,23,21,6,5,5,6450.61661385
20211,1123002276,22,11,11,0,1,6,7,3,5,0,0,3,5,1,2,0,1,3,2,2,3,6759.87866561
20211,1123002279,6,3,3,0,0,0,2,2,2,0,0,0,0,1,2,0,0,0,2,1,0,7141.81428832
20211,1123002281,7,6,1,0,1,2,1,3,0,0,1,1,1,3,0,0,0,1,0,0,0,1074.11712513
20211,1123002282,1,1,0,0,1,0,0,0,0,0,1,0,0,0,0,0,0,0,0,0,0,1740.97410592
20211,1123002283,4,3,1,0,0,1,1,2,0,0,0,1,1,1,0,0,0,0,0,1,0,1532.81553405
20211,1123002286,2,2,0,0,0,0,0,1,1,0,0,0,0,1,1,0,0,0,0,0,0,923.55901947
20211,1123002288,3,2,1,0,0,2,0,0,1,0,0,1,0,0,1,0,0,1,0,0,0,2666.28772958
20211,1123002290,8,5,3,0,0,0,1,5,2,0,0,0,0,3,2,0,0,0,1,2,0,5663.67935415
20211,1123002291,53,27,26,2,6,12,13,15,5,0,3,12,6,4,2,2,3,0,7,11,3,1857.36362904
20211,1123002292,6,6,0,0,0,1,2,0,3,0,0,1,2,0,3,0,0,0,0,0,0,5095.5741118
20211,1123002298,13,9,4,0,3,9,1,0,0,0,3,5,1,0,0,0,0,4,0,0,0,1788.32139912
20211,1123002300,24,13,11,0,0,4,4,7,9,0,0,2,2,3,6,0,0,2,2,4,3,5551.81187853
20211,1123002301,4,4,0,0,0,0,0,2,2,0,0,0,0,2,2,0,0,0,0,0,0,5556.88182803
20211,1123002303,3,1,2,0,0,1,0,1,1,0,0,0,0,0,1,0,0,1,0,1,0,1968.87547387
20211,1123002304,209,92,117,0,42,68,44,25,30,0,3,19,25,16,29,0,39,49,19,9,1,4136.59020888
20211,1123002311,7,6,1,0,0,0,1,4,2,0,0,0,1,3,2,0,0,0,0,1,0,2692.41951674
20211,1123002312,11,8,3,0,2,0,2,4,3,0,2,0,0,4,2,0,0,0,2,0,1,4527.89056143
20211,1123002313,3,2,1,0,0,0,0,1,2,0,0,0,0,1,1,0,0,0,0,0,1,6984.39564968
20211,1123002314,2,1,1,0,0,0,0,1,1,0,0,0,0,1,0,0,0,0,0,0,1,3617.12360981
20211,1123002315,30,3,27,0,0,3,2,19,6,0,0,1,0,1,1,0,0,2,2,18,5,3189.24692818
20211,1123002316,2,2,0,0,0,0,2,0,0,0,0,0,2,0,0,0,0,0,0,0,0,1090.98235375
20211,1123002321,6,1,5,0,1,1,1,2,1,0,0,0,0,0,1,0,1,1,1,2,0,3434.18195563
20211,1123002326,31,23,8,0,3,10,8,6,4,0,1,6,7,5,4,0,2,4,1,1,0,9551.84924255
20211,1123002327,4,2,2,0,0,0,0,1,3,0,0,0,0,1,1,0,0,0,0,0,2,3611.62367222
20211,1123002328,579,384,195,1,156,277,142,2,1,0,64,193,124,2,1,1,92,84,18,0,0,8105.10463962
20211,1123002330,7,6,1,0,0,1,3,1,2,0,0,1,3,1,1,0,0,0,0,0,1,4794.39141547
20211,1123002332,19,12,7,0,2,4,2,5,6,0,2,2,1,3,4,0,0,2,1,2,2,5008.30370071
20211,1123002333,2,1,1,0,1,0,0,1,0,0,1,0,0,0,0,0,0,0,0,1,0,1544.57627638
20211,1123002334,28,11,17,0,2,2,3,14,7,0,2,1,0,3,5,0,0,1,3,11,2,3360.12192372
20211,1123002335,3,2,1,0,0,0,1,1,1,0,0,0,0,1,1,0,0,0,1,0,0,2991.9522189
20211,1123002340,582,300,282,3,179,249,105,45,1,1,82,132,49,35,1,2,97,117,56,10,0,4844.07531438
20211,1123002341,55,14,41,0,8,15,17,11,4,0,3,3,3,1,4,0,5,12,14,10,0,16193.3263142
20211,1123002343,2,1,1,0,0,1,1,0,0,0,0,0,1,0,0,0,0,1,0,0,0,1511.35400755
20211,1123002345,104,75,29,0,13,31,37,11,12,0,7,26,29,8,5,0,6,5,8,3,7,3137.59640447
20211,1123002348,2,2,0,0,0,0,0,1,1,0,0,0,0,1,1,0,0,0,0,0,0,2043.68568529
20211,1123002351,52,17,35,0,1,0,14,30,7,0,0,0,6,6,5,0,1,0,8,24,2,2120.67131279
20211,1123002352,3,2,1,0,0,1,2,0,0,0,0,1,1,0,0,0,0,0,1,0,0,1209.85285074
20211,1123002353,9,6,3,0,0,0,0,5,4,0,0,0,0,3,3,0,0,0,0,2,1,4499.28234407
20211,1123002354,2,0,2,0,0,0,0,2,0,0,0,0,0,0,0,0,0,0,0,2,0,1737.93589134
20211,1123002358,18,11,7,0,1,3,6,6,2,0,1,1,4,3,2,0,0,2,2,3,0,2912.30757317
20211,1123002359,49,5,44,0,12,11,11,14,1,0,1,2,1,1,0,0,11,9,10,13,1,17341.5030527
20211,1123002360,120,70,50,0,15,27,24,39,15,0,11,20,18,16,5,0,4,7,6,23,10,4894.46703079
20211,1123002361,4,4,0,0,0,0,0,2,2,0,0,0,0,2,2,0,0,0,0,0,0,1614.26543567
20211,1123002362,13,8,5,0,4,1,4,3,1,0,2,1,2,2,1,0,2,0,2,1,0,4788.69494573
20211,1123002363,3,1,2,0,0,0,0,2,1,0,0,0,0,1,0,0,0,0,0,1,1,1850.30512168
20211,1123002365,25,19,6,0,6,3,9,5,2,0,4,3,7,3,2,0,2,0,2,2,0,4822.82214585
20211,1123002367,12,5,7,0,1,0,6,4,1,0,0,0,4,1,0,0,1,0,2,3,1,5047.00025452
20211,1123002368,2,2,0,0,0,0,1,1,0,0,0,0,1,1,0,0,0,0,0,0,0,3987.13698327
20211,1123002369,2,2,0,0,0,2,0,0,0,0,0,2,0,0,0,0,0,0,0,0,0,1163.20300487
20211,1123002372,4,4,0,0,0,1,1,1,1,0,0,1,1,1,1,0,0,0,0,0,0,1012.48171616
20211,1123002374,13,7,6,0,0,0,2,7,4,0,0,0,0,4,3,0,0,0,2,3,1,4366.4474611
20211,1123002379,36,31,5,0,2,4,2,9,19,0,0,4,1,8,18,0,2,0,1,1,1,11334.9830522
20211,1123002380,41,27,14,0,5,10,9,12,5,0,2,8,4,9,4,0,3,2,5,3,1,6193.59377387
20211,1123002382,29,15,14,0,1,8,10,6,4,0,0,5,6,3,1,0,1,3,4,3,3,4402.09264046
20211,1123002385,6,3,3,0,0,3,1,2,0,0,0,1,1,1,0,0,0,2,0,1,0,3269.75525522
20211,1123002386,3,3,0,0,0,1,0,2,0,0,0,1,0,2,0,0,0,0,0,0,0,1483.74198814
20211,1123002387,41,22,19,0,5,10,14,7,5,0,3,4,6,5,4,0,2,6,8,2,1,9483.39448294
20211,1123002388,9,6,3,0,0,0,2,4,3,0,0,0,1,3,2,0,0,0,1,1,1,3319.92875618
20211,1123002390,26,18,8,0,4,6,7,6,3,0,3,4,4,5,2,0,1,2,3,1,1,2716.47116399
20211,1123002392,8,7,1,0,0,0,2,4,2,0,0,0,2,3,2,0,0,0,0,1,0,6124.54651913
20211,1123002393,3,3,0,0,0,0,0,2,1,0,0,0,0,2,1,0,0,0,0,0,0,5701.47397597
20211,1123002394,4,3,1,0,0,0,1,3,0,0,0,0,1,2,0,0,0,0,0,1,0,2626.38319737
20211,1123002395,2,2,0,0,0,0,2,0,0,0,0,0,2,0,0,0,0,0,0,0,0,4594.25587329
20211,1123002401,2,1,1,0,0,0,0,1,1,0,0,0,0,0,1,0,0,0,0,1,0,1058.91228679
20211,1123002403,2,2,0,0,0,1,0,0,1,0,0,1,0,0,1,0,0,0,0,0,0,1549.284005
20211,1123002404,6,5,1,0,0,0,1,5,0,0,0,0,1,4,0,0,0,0,0,1,0,3479.13120395
20211,1123002405,2,2,0,1,0,0,0,1,0,1,0,0,0,1,0,0,0,0,0,0,0,2106.21908255
20211,1123002406,5,2,3,0,2,0,2,0,1,0,1,0,0,0,1,0,1,0,2,0,0,4386.64720564
20211,1123002407,17,12,5,0,3,3,7,4,0,0,2,2,6,2,0,0,1,1,1,2,0,2975.2159031
20211,1123002409,6,3,3,0,0,0,2,0,4,0,0,0,1,0,2,0,0,0,1,0,2,2822.09873085
20211,1123002410,2,1,1,0,0,0,1,0,1,0,0,0,1,0,0,0,0,0,0,0,1,6012.36030651
20211,1123002412,5,2,3,0,0,1,2,2,0,0,0,0,1,1,0,0,0,1,1,1,0,872.237863966
20211,1123002417,218,146,72,0,24,43,56,55,40,0,11,33,37,36,29,0,13,10,19,19,11,4639.88905157
20211,1123002418,5,0,5,0,0,0,1,3,1,0,0,0,0,0,0,0,0,0,1,3,1,1213.57278641
20211,1123002419,21,16,5,0,6,5,3,5,2,0,3,5,3,3,2,0,3,0,0,2,0,2466.30164489
20211,1123002422,29,21,8,0,9,9,1,9,1,0,8,5,1,6,1,0,1,4,0,3,0,5463.57178712
20211,1123002423,2,1,1,0,0,0,0,0,2,0,0,0,0,0,1,0,0,0,0,0,1,3874.95893226
20211,1123002424,15,7,8,0,1,9,3,0,2,0,1,3,2,0,1,0,0,6,1,0,1,1624.32393773
20211,1123002429,2,1,1,0,1,0,0,1,0,0,1,0,0,0,0,0,0,0,0,1,0,3171.77296686
20211,1123002430,7,5,2,0,0,1,2,4,0,0,0,1,1,3,0,0,0,0,1,1,0,1099.48313509
20211,1123002433,5,4,1,0,1,2,2,0,0,0,1,2,1,0,0,0,0,0,1,0,0,5130.40644399
20211,1123002434,24,17,7,0,0,0,12,7,5,0,0,0,9,5,3,0,0,0,3,2,2,5237.79948596
20211,1123002435,8,0,8,0,2,0,3,3,0,0,0,0,0,0,0,0,2,0,3,3,0,1498.45916254
20211,1123002440,4,2,2,0,1,0,1,1,1,0,0,0,1,0,1,0,1,0,0,1,0,1820.12008515
20211,1123002442,35,10,25,0,9,7,7,7,5,0,0,4,4,1,1,0,9,3,3,6,4,7620.53064753
20211,1123002445,32,9,23,0,2,10,5,5,10,0,0,1,5,1,2,0,2,9,0,4,8,3643.97908972
20211,1123002449,12,10,2,0,0,0,4,5,3,0,0,0,4,4,2,0,0,0,0,1,1,1637.41295732
20211,1123002450,93,46,47,1,9,15,26,31,11,0,5,7,8,16,10,1,4,8,18,15,1,8693.4001718
20211,1123002451,2,2,0,0,0,1,0,1,0,0,0,1,0,1,0,0,0,0,0,0,0,25580.1575984
20211,1123002452,17,13,4,0,1,4,1,8,3,0,1,2,1,7,2,0,0,2,0,1,1,2091.21336345
20211,1123002453,17,10,7,0,0,6,6,3,2,0,0,5,3,1,1,0,0,1,3,2,1,2457.9287146
20211,1123002454,38,33,5,0,1,14,12,10,1,0,1,11,10,10,1,0,0,3,2,0,0,2569.66618771
20211,1123002456,5,1,4,0,3,1,0,1,0,0,0,0,0,1,0,0,3,1,0,0,0,3951.77681175
20211,1123002457,48,29,19,0,1,3,7,6,31,0,0,3,2,2,22,0,1,0,5,4,9,5512.94256361
20211,1123002463,12,8,4,0,2,3,4,3,0,0,1,3,1,3,0,0,1,0,3,0,0,1523.82829576
20211,1123002464,7,5,2,0,0,1,4,2,0,0,0,1,3,1,0,0,0,0,1,1,0,5197.6500563
20211,1123002465,2,1,1,0,1,0,0,0,1,0,0,0,0,0,1,0,1,0,0,0,0,705.889362071
20211,1123002472,8,5,3,0,2,3,1,2,0,0,0,3,1,1,0,0,2,0,0,1,0,2905.04995382
20211,1123002475,10,7,3,0,0,1,1,3,5,0,0,1,1,1,4,0,0,0,0,2,1,5663.62654563
20211,1123002476,10,6,4,0,0,0,4,6,0,0,0,0,2,4,0,0,0,0,2,2,0,5499.72654896
20211,1123002478,12,9,3,0,0,1,2,7,2,0,0,0,1,6,2,0,0,1,1,1,0,1990.85372177
20211,1123002481,58,34,24,0,3,7,5,10,33,0,2,6,4,5,17,0,1,1,1,5,16,4628.88604209
20211,1123002485,14,8,6,0,8,0,2,4,0,0,6,0,0,2,0,0,2,0,2,2,0,4853.07922671
20211,1123002487,5,1,4,0,1,1,1,2,0,0,0,0,0,1,0,0,1,1,1,1,0,4611.10094684
20211,1123002489,2,1,1,0,0,0,0,0,2,0,0,0,0,0,1,0,0,0,0,0,1,7850.86244173
20211,1123002491,3,2,1,0,0,0,3,0,0,0,0,0,2,0,0,0,0,0,1,0,0,10097.4603887
20211,1123002494,15,12,3,0,2,4,4,1,4,0,2,4,2,1,3,0,0,0,2,0,1,4066.33760414
20211,1123002495,2,1,1,0,0,2,0,0,0,0,0,1,0,0,0,0,0,1,0,0,0,1145.19459214
20211,1123002498,53,21,32,0,0,2,11,36,4,0,0,1,6,11,3,0,0,1,5,25,1,6402.8538519
20211,1123002501,3,0,3,0,0,2,1,0,0,0,0,0,0,0,0,0,0,2,1,0,0,2280.57526831
20211,1123002502,2,1,1,0,0,0,0,2,0,0,0,0,0,1,0,0,0,0,0,1,0,3705.71252493
20211,1123002503,8,6,2,0,1,3,3,1,0,0,1,2,2,1,0,0,0,1,1,0,0,2292.53695395
20211,1123002509,2,2,0,0,0,0,1,1,0,0,0,0,1,1,0,0,0,0,0,0,0,6278.93086133
20211,1123002510,32,11,21,0,0,6,18,5,3,0,0,3,3,2,3,0,0,3,15,3,0,4955.8233255
20211,1123002513,66,12,54,0,8,19,21,14,4,0,1,2,2,3,4,0,7,17,19,11,0,13354.7864847
20211,1123002514,4,4,0,0,0,0,0,3,1,0,0,0,0,3,1,0,0,0,0,0,0,6745.76887548
20211,1123002515,4,4,0,0,0,1,0,0,3,0,0,1,0,0,3,0,0,0,0,0,0,3045.27256202
20211,1123002519,24,21,3,0,0,5,9,3,7,0,0,5,7,3,6,0,0,0,2,0,1,3643.99151507
20211,1123002520,2,1,1,0,0,0,1,1,0,0,0,0,1,0,0,0,0,0,0,1,0,4076.11845592
20211,1123002531,5,5,0,0,1,2,1,1,0,0,1,2,1,1,0,0,0,0,0,0,0,2836.64684626
20211,1123002536,4,3,1,0,0,0,4,0,0,0,0,0,3,0,0,0,0,0,1,0,0,3622.11421246
20211,1123002550,1,1,0,0,0,0,1,0,0,0,0,0,1,0,0,0,0,0,0,0,0,820.199193503
20211,1123002554,2,2,0,0,0,0,1,1,0,0,0,0,1,1,0,0,0,0,0,0,0,3691.36341801
20211,1123002565,8,6,2,0,0,3,2,1,2,0,0,2,1,1,2,0,0,1,1,0,0,1404.58152604
20211,1123002567,5,5,0,0,0,0,3,1,1,0,0,0,3,1,1,0,0,0,0,0,0,832.129823743
20211,1123002568,452,314,138,1,20,81,163,130,57,1,13,36,115,96,53,0,7,45,48,34,4,1831.48307665
20211,1123002578,6,6,0,0,1,1,0,3,1,0,1,1,0,3,1,0,0,0,0,0,0,4279.2552907
20211,1123002582,2,2,0,0,0,0,1,0,1,0,0,0,1,0,1,0,0,0,0,0,0,2176.99092134
20211,1123002589,2,1,1,0,0,1,1,0,0,0,0,0,1,0,0,0,0,1,0,0,0,1155.38552059
20211,1123002593,5,3,2,0,0,3,0,1,1,0,0,2,0,0,1,0,0,1,0,1,0,8385.24352629
20211,1123002601,49,33,16,0,8,17,22,2,0,0,4,13,15,1,0,0,4,4,7,1,0,1841.85327599
20211,1123002605,34,29,5,0,5,6,7,10,6,0,3,4,6,10,6,0,2,2,1,0,0,13237.1194942
20211,1123002606,4,2,2,0,0,1,1,0,2,0,0,0,1,0,1,0,0,1,0,0,1,4138.75667684
20211,1123002607,91,44,47,0,10,18,31,25,7,0,3,17,10,8,6,0,7,1,21,17,1,3940.03439716
20211,1123002608,5,2,3,0,0,3,0,0,2,0,0,1,0,0,1,0,0,2,0,0,1,7654.08675125
20211,1123002616,60,16,44,0,7,2,10,10,31,0,0,0,2,5,9,0,7,2,8,5,22,9243.73748842
20211,1123002618,11,5,6,0,2,2,1,0,6,0,0,1,0,0,4,0,2,1,1,0,2,6978.0957187
20211,1123002621,17,10,7,0,1,4,5,4,3,0,1,2,3,2,2,0,0,2,2,2,1,3854.78339284
20211,1123002622,207,117,90,3,56,37,45,44,22,2,26,23,30,23,13,1,30,14,15,21,9,2178.13917658
20211,1123002623,14,8,6,0,0,2,1,5,6,0,0,0,0,4,4,0,0,2,1,1,2,5821.58192479
20211,1123002627,4,3,1,0,1,2,1,0,0,0,1,1,1,0,0,0,0,1,0,0,0,3243.50498842
20211,1123002628,120,68,52,0,14,22,18,33,33,0,10,9,8,17,24,0,4,13,10,16,9,14535.9802083
20211,1123002629,80,28,52,0,5,14,17,27,17,0,3,5,8,6,6,0,2,9,9,21,11,3361.02961059
20211,1123002631,21,8,13,0,7,5,2,6,1,0,2,2,0,3,1,0,5,3,2,3,0,9423.44799531
20211,1123002633,237,141,96,0,12,26,41,58,100,0,7,17,19,35,63,0,5,9,22,23,37,10295.3038033
20211,1123002634,3,1,2,0,0,0,0,2,1,0,0,0,0,1,0,0,0,0,0,1,1,4481.7189554
20211,1123002635,14,3,11,0,0,1,5,4,4,0,0,0,2,0,1,0,0,1,3,4,3,2678.94766554
20211,1123002636,5,3,2,0,1,0,2,1,1,0,0,0,1,1,1,0,1,0,1,0,0,1044.62139714
20211,1123002638,8,3,5,0,0,1,2,2,3,0,0,0,1,0,2,0,0,1,1,2,1,3139.23114956
20211,1123002639,37,8,29,0,3,8,8,8,10,0,0,0,0,2,6,0,3,8,8,6,4,5673.18015791
20211,1123002640,216,125,91,0,22,19,29,58,88,0,11,14,13,27,60,0,11,5,16,31,28,7504.99769694
20211,1123002641,4,2,2,0,2,0,0,2,0,0,0,0,0,2,0,0,2,0,0,0,0,1893.06739058
20211,1123002643,15,3,12,0,4,3,1,3,4,0,0,0,0,0,3,0,4,3,1,3,1,5369.47236959
20211,1123002644,6,3,3,0,1,1,0,2,2,0,0,1,0,2,0,0,1,0,0,0,2,1270.4937998
20211,1123002645,10,3,7,0,1,3,2,3,1,0,0,0,0,2,1,0,1,3,2,1,0,5111.00326465
20211,1123002647,11,8,3,0,0,1,6,2,2,0,0,1,5,1,1,0,0,0,1,1,1,1792.53377292
20211,1123002650,54,35,19,0,3,15,6,12,18,0,1,11,3,6,14,0,2,4,3,6,4,3281.86765659
20211,1123002651,353,87,266,0,96,98,86,56,17,0,12,25,19,18,13,0,84,73,67,38,4,6172.00839944
20211,1123002654,3,2,1,0,1,0,2,0,0,0,0,0,2,0,0,0,1,0,0,0,0,3893.0683886
20211,1123002660,26,20,6,1,0,2,16,5,2,1,0,0,13,4,2,0,0,2,3,1,0,4042.42087228
20211,1123002662,8,4,4,0,0,0,3,4,1,0,0,0,2,1,1,0,0,0,1,3,0,1085.16450444
20211,1123002669,2,2,0,0,0,1,0,1,0,0,0,1,0,1,0,0,0,0,0,0,0,934.769917878
20211,1123002674,23,11,12,0,2,2,6,5,8,0,1,1,3,1,5,0,1,1,3,4,3,4746.99512161
20211,1123002677,6,4,2,0,1,2,1,1,1,0,0,2,1,0,1,0,1,0,0,1,0,719.96882156
20211,1123002683,22,18,4,0,0,5,8,9,0,0,0,2,7,9,0,0,0,3,1,0,0,781.21546642
20211,1123002684,3,1,2,0,1,0,0,2,0,0,0,0,0,1,0,0,1,0,0,1,0,1603.46469515
20211,1123002690,4,2,2,0,0,0,2,2,0,0,0,0,1,1,0,0,0,0,1,1,0,2896.75745726
20211,1123002692,10,0,10,0,0,3,3,4,0,0,0,0,0,0,0,0,0,3,3,4,0,1233.39585641
20211,1123002697,4,2,2,0,0,0,0,2,2,0,0,0,0,0,2,0,0,0,0,2,0,1989.42465704
20211,1123002699,10,9,1,0,1,5,2,1,1,0,1,4,2,1,1,0,0,1,0,0,0,926.081338484
20211,1123002701,5,4,1,0,0,0,5,0,0,0,0,0,4,0,0,0,0,0,1,0,0,778.779638929
20211,1123002706,2,0,2,0,0,0,1,1,0,0,0,0,0,0,0,0,0,0,1,1,0,1445.25842996
20211,1123002707,47,42,5,0,0,1,10,5,31,0,0,1,5,5,31,0,0,0,5,0,0,10946.0681679
20211,1123002708,6,2,4,0,0,2,3,0,1,0,0,0,2,0,0,0,0,2,1,0,1,4176.15077947
20211,1123002713,3,1,2,0,0,0,0,3,0,0,0,0,0,1,0,0,0,0,0,2,0,9693.84098584
20211,1123002714,43,27,16,0,8,8,15,5,7,0,5,3,8,4,7,0,3,5,7,1,0,4680.70346453
20211,1123002715,1,1,0,0,0,0,0,1,0,0,0,0,0,1,0,0,0,0,0,0,0,1253.9989814
20211,1123002717,2,2,0,0,0,0,1,1,0,0,0,0,1,1,0,0,0,0,0,0,0,2431.05873191
20211,1123002719,2,2,0,0,0,0,2,0,0,0,0,0,2,0,0,0,0,0,0,0,0,975.571989327
20211,1123002723,55,33,22,0,8,11,21,11,4,0,4,4,14,8,3,0,4,7,7,3,1,6040.37530546
20211,1123002725,2,2,0,0,0,0,1,0,1,0,0,0,1,0,1,0,0,0,0,0,0,3743.19124982
20211,1123002729,4,1,3,0,0,0,0,3,1,0,0,0,0,1,0,0,0,0,0,2,1,2279.12340816
20211,1123002733,16,13,3,0,1,4,5,6,0,0,0,4,4,5,0,0,1,0,1,1,0,5199.83648477
20211,1123002734,1,1,0,0,0,0,1,0,0,0,0,0,1,0,0,0,0,0,0,0,0,1502.51419786
20211,1123002736,6,5,1,0,1,0,3,2,0,0,0,0,3,2,0,0,1,0,0,0,0,2096.69549657
20211,1123002738,19,11,8,0,2,9,5,3,0,0,1,7,1,2,0,0,1,2,4,1,0,5995.60777454
20211,1123002742,6,5,1,0,0,1,1,3,1,0,0,0,1,3,1,0,0,1,0,0,0,5582.61413012
20211,1123002746,6,4,2,0,3,1,1,1,0,0,3,0,0,1,0,0,0,1,1,0,0,574.036106706
20211,1123002749,1,1,0,0,0,0,0,0,1,0,0,0,0,0,1,0,0,0,0,0,0,787.454644106
20211,1123002751,19,7,12,0,8,8,2,1,0,0,2,4,1,0,0,0,6,4,1,1,0,4083.93505586
20211,1123002755,249,59,190,1,30,20,16,43,139,1,6,10,9,5,28,0,24,10,7,38,111,7310.33141785
20211,1123002756,11,4,7,0,1,0,3,6,1,0,0,0,2,2,0,0,1,0,1,4,1,6327.95327245
20211,1123002757,1,1,0,0,0,0,0,1,0,0,0,0,0,1,0,0,0,0,0,0,0,5494.58312936
20211,1123002761,13,8,5,0,3,3,4,1,2,0,3,0,3,0,2,0,0,3,1,1,0,3105.93828489
20211,1123002766,18,3,15,0,5,5,3,3,2,0,0,1,2,0,0,0,5,4,1,3,2,7574.87214461
20211,1123002767,8,8,0,0,1,2,2,3,0,0,1,2,2,3,0,0,0,0,0,0,0,4733.72402152
20211,1123002769,2,2,0,0,0,0,0,0,2,0,0,0,0,0,2,0,0,0,0,0,0,2698.34449133
20211,1123002774,7,5,2,0,0,0,2,3,2,0,0,0,0,3,2,0,0,0,2,0,0,2959.69723667
20211,1123002776,802,598,204,0,138,382,114,113,55,0,87,323,78,80,30,0,51,59,36,33,25,5416.71290985
20211,1123002781,10,1,9,0,0,1,1,6,2,0,0,0,0,1,0,0,0,1,1,5,2,5162.70193978
20211,1123002784,19,8,11,0,1,6,7,4,1,0,1,4,2,1,0,0,0,2,5,3,1,2008.60643332
20211,1123002785,36,12,24,0,7,10,6,13,0,0,2,1,2,7,0,0,5,9,4,6,0,18019.1780333
20211,1123002786,6,2,4,0,1,0,2,3,0,0,0,0,1,1,0,0,1,0,1,2,0,4069.79125929
20211,1123002791,2,2,0,0,0,0,0,0,2,0,0,0,0,0,2,0,0,0,0,0,0,4494.47104337
20211,1123002792,9,4,5,0,1,3,1,4,0,0,0,0,1,3,0,0,1,3,0,1,0,2008.5003708
20211,1123002794,3,2,1,0,0,0,2,1,0,0,0,0,1,1,0,0,0,0,1,0,0,1972.92056067
20211,1123002797,114,27,87,0,21,25,25,23,20,0,9,8,3,3,4,0,12,17,22,20,16,13109.7705542
20211,1123002807,30,12,18,0,1,16,7,5,1,0,1,5,2,3,1,0,0,11,5,2,0,18763.0717535
20211,1123002811,5,4,1,0,1,1,1,2,0,0,1,1,0,2,0,0,0,0,1,0,0,823.418927319
20211,1123002814,14,6,8,0,1,4,2,3,4,0,0,3,0,0,3,0,1,1,2,3,1,6168.85521255
20211,1123002823,13,9,4,0,0,1,11,1,0,0,0,1,8,0,0,0,0,0,3,1,0,1481.26778293
20211,1123002827,5,4,1,0,0,1,1,1,2,0,0,1,1,1,1,0,0,0,0,0,1,1070.50199421
20211,1123002829,15,12,3,0,0,2,3,7,3,0,0,2,3,6,1,0,0,0,0,1,2,4181.02332029
20211,1123002831,3,1,2,0,0,0,1,0,2,0,0,0,1,0,0,0,0,0,0,0,2,5406.19270289
20211,1123002832,36,3,33,0,2,7,17,8,2,0,0,0,2,1,0,0,2,7,15,7,2,16011.9000326
20211,1123002833,2,1,1,0,0,0,1,1,0,0,0,0,0,1,0,0,0,0,1,0,0,4835.77166826
20211,1123002834,386,244,142,0,45,106,101,105,29,0,9,48,76,87,24,0,36,58,25,18,5,145231.340463
20211,1123002839,433,279,154,1,101,179,87,46,19,1,44,116,66,39,13,0,57,63,21,7,6,86929.4344295
20211,1123002840,783,366,417,1,238,302,113,86,43,0,79,128,68,55,36,1,159,174,45,31,7,204928.740361
20211,1123002845,1,0,1,0,0,0,0,1,0,0,0,0,0,0,0,0,0,0,0,1,0,1857.92952282
20211,1123002847,2,1,1,0,0,1,0,1,0,0,0,0,0,1,0,0,0,1,0,0,0,1332.09506987
20211,1123002848,4,0,4,0,0,2,0,2,0,0,0,0,0,0,0,0,0,2,0,2,0,2581.0345929
20211,1123002851,46,40,6,0,0,2,1,9,34,0,0,0,0,6,34,0,0,2,1,3,0,1452.37187066
20211,1123002865,4,1,3,0,2,0,0,2,0,0,0,0,0,1,0,0,2,0,0,1,0,5373.72049496
20211,1123002868,260,121,139,0,37,62,57,70,34,0,9,21,32,33,26,0,28,41,25,37,8,1510.91950751
20211,1123002876,47,26,21,1,5,18,15,6,2,1,3,10,9,3,0,0,2,8,6,3,2,15017.9680694
20211,1123002877,4,0,4,0,0,0,4,0,0,0,0,0,0,0,0,0,0,0,4,0,0,1607.11077524
20211,1123002880,4,4,0,0,0,3,1,0,0,0,0,3,1,0,0,0,0,0,0,0,0,6573.82251752
20211,1123002883,2,1,1,0,0,0,0,2,0,0,0,0,0,1,0,0,0,0,0,1,0,1318.55705442
20211,1123002886,2,1,1,0,0,0,1,1,0,0,0,0,0,1,0,0,0,0,1,0,0,2935.76638306
20211,1123002891,17,7,10,0,3,2,7,5,0,0,0,2,2,3,0,0,3,0,5,2,0,9962.6035372
20211,1123002895,14,7,7,0,0,2,3,4,5,0,0,2,1,1,3,0,0,0,2,3,2,4137.9390375
20211,1123002896,3,0,3,0,1,2,0,0,0,0,0,0,0,0,0,0,1,2,0,0,0,3959.52459558
20211,1123002898,28,6,22,0,6,10,5,5,2,0,2,1,1,1,1,0,4,9,4,4,1,6010.32442575
20211,1123002899,4,4,0,0,2,0,0,1,1,0,2,0,0,1,1,0,0,0,0,0,0,3200.76256493
20211,1123002900,25,18,7,0,0,6,9,7,3,0,0,5,5,6,2,0,0,1,4,1,1,13063.948137
20211,1123002901,13,9,4,0,1,0,1,5,6,0,0,0,0,5,4,0,1,0,1,0,2,3447.72831246
20211,1123002903,2,2,0,0,0,0,1,1,0,0,0,0,1,1,0,0,0,0,0,0,0,4492.04775526
20211,1123002905,10,9,1,0,5,2,0,0,3,0,4,2,0,0,3,0,1,0,0,0,0,5201.55250318
20211,1123002906,2,1,1,0,0,0,0,0,2,0,0,0,0,0,1,0,0,0,0,0,1,1563.78613036
20211,1123002907,5,2,3,0,0,0,2,1,2,0,0,0,1,0,1,0,0,0,1,1,1,4459.29513123
20211,1123002908,5,0,5,0,0,1,2,2,0,0,0,0,0,0,0,0,0,1,2,2,0,1661.85417865
20211,1123002911,6,0,6,0,0,0,4,1,1,0,0,0,0,0,0,0,0,0,4,1,1,3750.41693968
20211,1123002914,6,2,4,0,1,1,1,2,1,0,0,0,1,1,0,0,1,1,0,1,1,4604.29294001
20211,1123002915,13,5,8,0,1,2,4,1,5,0,0,2,2,0,1,0,1,0,2,1,4,4925.59184714
20211,1123002916,4,1,3,0,0,0,2,2,0,0,0,0,0,1,0,0,0,0,2,1,0,4142.42363309
20211,1123002917,4,3,1,0,0,1,0,2,1,0,0,1,0,1,1,0,0,0,0,1,0,603.027519223
20211,1123002918,9,0,9,0,3,3,1,0,2,0,0,0,0,0,0,0,3,3,1,0,2,1004.19322794
20211,1123002919,91,14,77,0,6,25,33,22,5,0,1,4,4,1,4,0,5,21,29,21,1,17689.5856703
20211,1123002920,5,4,1,0,0,0,0,2,3,0,0,0,0,2,2,0,0,0,0,0,1,2780.02974491
20211,1123002923,6,2,4,0,1,0,2,2,1,0,0,0,0,2,0,0,1,0,2,0,1,4296.91466037
20211,1123002924,15,6,9,0,2,8,2,0,3,0,0,4,1,0,1,0,2,4,1,0,2,3736.83245655
20211,1123002925,5,1,4,0,1,1,1,1,1,0,1,0,0,0,0,0,0,1,1,1,1,2422.05723758
20211,1123002926,22,9,13,0,4,6,4,3,5,0,4,1,1,1,2,0,0,5,3,2,3,1926.12998818
20211,1123002928,7,3,4,0,3,2,1,1,0,0,0,1,1,1,0,0,3,1,0,0,0,5427.73148192
20211,1123002929,17,11,6,0,0,6,5,2,4,0,0,4,5,1,1,0,0,2,0,1,3,6990.87268715
20211,1123002931,3,2,1,0,0,1,1,1,0,0,0,0,1,1,0,0,0,1,0,0,0,2471.75163454
20211,1123002937,52,42,10,0,1,9,20,11,11,0,1,7,16,8,10,0,0,2,4,3,1,34094.480476
20211,1123002938,15,6,9,0,8,2,5,0,0,0,1,1,4,0,0,0,7,1,1,0,0,68381.0030704
20211,1123002941,8,7,1,0,0,1,2,2,3,0,0,1,2,2,2,0,0,0,0,0,1,2186.89832288
20211,1123002942,16,9,7,1,1,5,2,3,4,0,0,3,1,2,3,1,1,2,1,1,1,8655.7840371
20211,1123002943,34,17,17,0,5,9,9,5,6,0,3,5,3,3,3,0,2,4,6,2,3,11806.3933984
20211,1123002946,1,1,0,0,1,0,0,0,0,0,1,0,0,0,0,0,0,0,0,0,0,2280.66381413
20211,1123002949,7,6,1,0,0,0,2,5,0,0,0,0,2,4,0,0,0,0,0,1,0,1173.42272159
20211,1123002951,15,9,6,0,1,1,4,3,6,0,1,1,3,0,4,0,0,0,1,3,2,3091.96541572
20211,1123002952,3,2,1,0,0,1,1,0,1,0,0,1,1,0,0,0,0,0,0,0,1,3942.64469453
20211,1123002953,5,3,2,1,1,0,1,1,1,1,0,0,1,1,0,0,1,0,0,0,1,4089.65904967
20211,1123002954,20,9,11,0,6,8,2,1,3,0,1,4,1,0,3,0,5,4,1,1,0,5493.46665185
20211,1123002956,4,4,0,0,0,0,0,1,3,0,0,0,0,1,3,0,0,0,0,0,0,22550.5034436
20211,1123002959,7,6,1,0,0,0,3,2,2,0,0,0,3,1,2,0,0,0,0,1,0,1461.94013885
20211,1123002960,3,1,2,0,0,1,1,1,0,0,0,0,0,1,0,0,0,1,1,0,0,2876.59289452
20211,1123002964,20,17,3,0,0,3,2,6,9,0,0,2,2,4,9,0,0,1,0,2,0,10333.6074492
20211,1123002965,2,1,1,0,0,1,0,0,1,0,0,0,0,0,1,0,0,1,0,0,0,1421.04892608
20211,1123002966,27,15,12,0,6,2,4,6,9,0,2,2,2,2,7,0,4,0,2,4,2,3956.03477432
20211,1123002967,84,54,30,0,14,8,28,25,9,0,8,6,15,17,8,0,6,2,13,8,1,13051.1044731
20211,1123002968,2,1,1,0,0,0,0,1,1,0,0,0,0,0,1,0,0,0,0,1,0,6251.95843482
20211,1123002974,319,252,67,0,20,58,110,115,16,0,10,50,85,96,11,0,10,8,25,19,5,4514.14451559
20211,1123002982,2,2,0,0,0,0,1,0,1,0,0,0,1,0,1,0,0,0,0,0,0,5860.91184551
20211,1123002985,230,126,104,0,26,57,60,49,38,0,11,36,41,30,8,0,15,21,19,19,30,1232.6863747
20211,1123002986,5,4,1,0,0,0,2,1,2,0,0,0,2,0,2,0,0,0,0,1,0,7121.21524291
20211,1123002990,47,33,14,0,7,4,12,14,10,0,5,4,6,9,9,0,2,0,6,5,1,12047.0287981
20211,1123002991,37,23,14,0,3,5,7,8,14,0,2,2,3,4,12,0,1,3,4,4,2,5781.13744145
20211,1123002993,4,4,0,0,0,0,2,0,2,0,0,0,2,0,2,0,0,0,0,0,0,6875.16128071
20211,1123002995,5,1,4,0,2,2,1,0,0,0,0,0,1,0,0,0,2,2,0,0,0,1339.17571596
20211,1123002996,92,27,65,0,10,15,14,5,48,0,3,6,3,2,13,0,7,9,11,3,35,7871.0655319
20211,1123002998,3,0,3,0,2,0,0,1,0,0,0,0,0,0,0,0,2,0,0,1,0,2231.43201635
20211,1123002999,2,2,0,0,0,0,1,1,0,0,0,0,1,1,0,0,0,0,0,0,0,1162.60106867
20211,1123003009,35,17,18,1,3,9,14,7,1,0,2,1,8,5,1,1,1,8,6,2,0,5556.41635339
20211,1123003012,8,5,3,0,1,2,2,2,1,0,0,0,2,2,1,0,1,2,0,0,0,1218.34512365
20211,1123003014,3,2,1,0,0,2,0,0,1,0,0,1,0,0,1,0,0,1,0,0,0,1182.30404241
20211,1123003018,12,11,1,0,0,2,1,5,4,0,0,2,0,5,4,0,0,0,1,0,0,8835.50062464
20211,1123003020,14,8,6,0,3,3,4,3,1,0,3,2,2,1,0,0,0,1,2,2,1,7216.11136233
20211,1123003022,2,1,1,0,0,0,2,0,0,0,0,0,1,0,0,0,0,0,1,0,0,1677.00612323
20211,1123003023,39,7,32,0,5,11,9,9,5,0,1,0,2,2,2,0,4,11,7,7,3,2959.45200321
20211,1123003024,17,2,15,0,0,5,5,4,3,0,0,0,0,0,2,0,0,5,5,4,1,1400.23542553
20211,1123003025,4,3,1,0,0,2,1,1,0,0,0,1,1,1,0,0,0,1,0,0,0,3303.94673515
20211,1123003029,5,4,1,0,0,0,0,5,0,0,0,0,0,4,0,0,0,0,0,1,0,4524.61911672
20211,1123003032,115,63,52,2,22,34,19,28,10,0,2,14,13,25,9,2,20,20,6,3,1,12058.3743236
20211,1123003034,5,1,4,0,0,0,1,4,0,0,0,0,0,1,0,0,0,0,1,3,0,2565.69065106
20211,1123003037,2,1,1,0,0,0,0,1,1,0,0,0,0,1,0,0,0,0,0,0,1,3638.95708217
20211,1123003038,9,4,5,0,0,1,1,3,4,0,0,1,0,2,1,0,0,0,1,1,3,3698.24780991
20211,1123003044,3,3,0,0,0,1,2,0,0,0,0,1,2,0,0,0,0,0,0,0,0,3574.12178366
20211,1123003046,3,2,1,0,0,0,1,1,1,0,0,0,1,0,1,0,0,0,0,1,0,3867.1605798
20211,1123003052,31,7,24,0,3,0,1,7,20,0,1,0,1,2,3,0,2,0,0,5,17,3927.52294582
20211,1123003057,10,6,4,0,1,0,2,3,4,0,1,0,1,1,3,0,0,0,1,2,1,3167.75738429
20211,1123003059,5,4,1,0,0,2,0,1,2,0,0,2,0,0,2,0,0,0,0,1,0,1313.90936941
20211,1123003060,16,12,4,0,1,1,4,8,2,0,0,1,3,6,2,0,1,0,1,2,0,3224.03133839
20211,1123003061,2,2,0,0,0,0,2,0,0,0,0,0,2,0,0,0,0,0,0,0,0,3218.04294109
20211,1123003063,13,6,7,0,5,2,2,1,3,0,1,1,1,1,2,0,4,1,1,0,1,9640.84880546
20211,1123003065,3,2,1,0,0,2,0,0,1,0,0,1,0,0,1,0,0,1,0,0,0,3022.13577466
20211,1123003066,17,3,14,0,0,7,3,6,1,0,0,1,0,2,0,0,0,6,3,4,1,1166.57534
20211,1123003067,18,1,17,0,3,5,3,4,3,0,0,0,0,0,1,0,3,5,3,4,2,1538.43611938
20211,1123003068,7,7,0,0,0,0,2,4,1,0,0,0,2,4,1,0,0,0,0,0,0,4541.00568846
20211,1123003069,3,2,1,0,1,0,0,2,0,0,0,0,0,2,0,0,1,0,0,0,0,1889.17113346
20211,1123003070,16,8,8,0,0,1,2,2,11,0,0,1,1,1,5,0,0,0,1,1,6,11129.0370473
20211,1123003078,2,2,0,0,0,0,1,1,0,0,0,0,1,1,0,0,0,0,0,0,0,1068.36855711
20211,1123003082,105,41,64,0,8,31,37,23,6,0,2,8,12,15,4,0,6,23,25,8,2,2342.93071185
20211,1123003094,186,107,79,0,22,45,48,46,25,0,10,21,23,29,24,0,12,24,25,17,1,5618.47306291
20211,1123003100,18,2,16,0,5,4,6,1,2,0,0,0,0,1,1,0,5,4,6,0,1,7604.23128972
20211,1123003105,39,18,21,0,9,10,9,9,2,0,3,3,5,5,2,0,6,7,4,4,0,3015.93063789
20211,1123003107,678,421,257,5,58,126,204,175,110,3,26,61,117,113,101,2,32,65,87,62,9,4626.95567548
20211,1123003118,4,3,1,0,0,0,2,2,0,0,0,0,2,1,0,0,0,0,0,1,0,4249.76234106
20211,1123003119,50,39,11,0,3,20,18,1,8,0,2,17,11,1,8,0,1,3,7,0,0,12868.6711485
20211,1123003120,25,15,10,0,1,2,7,13,2,0,1,2,6,6,0,0,0,0,1,7,2,11398.4598182
20211,1123003122,10,1,9,0,3,2,1,2,2,0,0,0,0,0,1,0,3,2,1,2,1,3272.18602586
20211,1123003124,185,82,103,0,26,43,43,59,14,0,13,15,9,35,10,0,13,28,34,24,4,19358.6191889
20211,1123003128,9,3,6,0,2,5,0,1,1,0,0,2,0,0,1,0,2,3,0,1,0,12928.1814159
20211,1123003129,22,17,5,0,2,5,8,6,1,0,2,3,7,4,1,0,0,2,1,2,0,4091.84871842
20211,1123003130,4,3,1,0,0,0,1,1,2,0,0,0,1,1,1,0,0,0,0,0,1,1471.64044485
20211,1123003131,4,2,2,0,0,0,1,2,1,0,0,0,0,1,1,0,0,0,1,1,0,3349.4808711
20211,1123003136,2,1,1,0,0,1,1,0,0,0,0,0,1,0,0,0,0,1,0,0,0,884.504306945
20211,1123003137,314,221,93,0,24,118,122,50,0,0,13,77,91,40,0,0,11,41,31,10,0,27614.2424638
20211,1123003138,18,7,11,0,0,0,6,9,3,0,0,0,3,2,2,0,0,0,3,7,1,8513.5283851
20211,1123003139,34,11,23,0,4,11,5,14,0,0,0,2,2,7,0,0,4,9,3,7,0,15038.7415062
20211,1123003144,5,3,2,0,0,0,0,3,2,0,0,0,0,1,2,0,0,0,0,2,0,1993.21277869
20211,1123003146,19,16,3,0,5,2,1,7,4,0,5,2,0,5,4,0,0,0,1,2,0,2252.1967799
20211,1123003147,67,10,57,0,8,15,18,22,4,0,1,2,0,3,4,0,7,13,18,19,0,17303.1775195
20211,1123003148,2,1,1,0,0,0,2,0,0,0,0,0,1,0,0,0,0,0,1,0,0,3128.59616429
20211,1123003150,297,225,72,1,6,12,9,21,248,1,2,7,1,12,202,0,4,5,8,9,46,5558.46557363
20211,1123003151,2,2,0,0,1,1,0,0,0,0,1,1,0,0,0,0,0,0,0,0,0,1743.12974971
20211,1123003153,19,3,16,0,0,6,4,7,2,0,0,1,1,0,1,0,0,5,3,7,1,2316.69666325
20211,1123003154,3,3,0,0,0,0,2,1,0,0,0,0,2,1,0,0,0,0,0,0,0,6281.24073051
20211,1123003155,20,11,9,0,1,0,3,11,5,0,1,0,2,4,4,0,0,0,1,7,1,3363.2077305
20211,1123003156,1,1,0,0,0,0,1,0,0,0,0,0,1,0,0,0,0,0,0,0,0,1373.31387675
20211,1123003158,18,16,2,0,0,3,5,4,6,0,0,3,4,4,5,0,0,0,1,0,1,8970.64619539
20211,1123003159,63,51,12,0,7,17,23,13,3,0,4,13,19,12,3,0,3,4,4,1,0,5480.83401
20211,1123003161,1,1,0,0,0,0,0,1,0,0,0,0,0,1,0,0,0,0,0,0,0,23579.4917903
20211,1123003166,3,1,2,0,0,1,0,1,1,0,0,0,0,0,1,0,0,1,0,1,0,3247.92058127
20211,1123003171,53,15,38,0,6,15,14,17,1,0,1,3,4,7,0,0,5,12,10,10,1,13633.9854419
20211,1123003175,8,7,1,0,0,1,2,2,3,0,0,1,2,2,2,0,0,0,0,0,1,9316.32131498
20211,1123003181,6,5,1,0,0,2,0,3,1,0,0,2,0,2,1,0,0,0,0,1,0,3407.7166487
20211,1123003182,3,2,1,0,0,1,1,1,0,0,0,0,1,1,0,0,0,1,0,0,0,2931.7594135
20211,1123003184,2,0,2,0,0,0,1,0,1,0,0,0,0,0,0,0,0,0,1,0,1,1837.34800783
20211,1123003186,55,37,18,0,3,14,19,19,0,0,1,7,11,18,0,0,2,7,8,1,0,1775.20415458
20211,1123003187,4,3,1,0,0,1,1,2,0,0,0,1,0,2,0,0,0,0,1,0,0,2689.88167951
20211,1123003192,4,4,0,0,0,0,1,3,0,0,0,0,1,3,0,0,0,0,0,0,0,3395.39822332
20211,1123003194,5,4,1,0,1,0,3,1,0,0,1,0,2,1,0,0,0,0,1,0,0,3940.78552013
20211,1123003195,7,4,3,0,0,0,1,5,1,0,0,0,1,3,0,0,0,0,0,2,1,2096.1240028
20211,1123003198,1,1,0,0,0,0,0,0,1,0,0,0,0,0,1,0,0,0,0,0,0,1773.35958788
20211,1123003199,13,8,5,0,1,5,3,3,1,0,1,2,1,3,1,0,0,3,2,0,0,11968.2079724
20211,1123003200,5,2,3,0,0,0,2,0,3,0,0,0,0,0,2,0,0,0,2,0,1,3125.45551703
20211,1123003201,126,50,76,0,22,34,37,19,14,0,2,11,15,10,12,0,20,23,22,9,2,3733.1613408
20211,1123003202,6,5,1,0,0,2,3,1,0,0,0,2,2,1,0,0,0,0,1,0,0,11987.7122254
20211,1123003204,4,4,0,0,0,0,1,1,2,0,0,0,1,1,2,0,0,0,0,0,0,3210.21328573
20211,1123003208,3,2,1,0,0,2,0,0,1,0,0,1,0,0,1,0,0,1,0,0,0,3851.541978
20211,1123003210,1,0,1,0,0,0,1,0,0,0,0,0,0,0,0,0,0,0,1,0,0,4020.53359944
20211,1123003211,62,45,17,0,12,16,17,12,5,0,8,13,12,8,4,0,4,3,5,4,1,8274.21403272
20211,1123003213,15,0,15,0,2,4,4,5,0,0,0,0,0,0,0,0,2,4,4,5,0,5956.24610527
20211,1123003214,7,0,7,0,0,0,4,2,1,0,0,0,0,0,0,0,0,0,4,2,1,1257.14468851
20211,1123003216,6,6,0,0,0,0,2,4,0,0,0,0,2,4,0,0,0,0,0,0,0,2667.28280985
20211,1123003217,6,2,4,1,0,2,2,1,0,0,0,1,0,1,0,1,0,1,2,0,0,3329.87581324
20211,1123003221,4,2,2,0,0,1,3,0,0,0,0,1,1,0,0,0,0,0,2,0,0,2101.70309045
20211,1123003222,7,2,5,0,0,1,4,1,1,0,0,1,0,1,0,0,0,0,4,0,1,2742.40524015
20211,1123003223,2,2,0,0,2,0,0,0,0,0,2,0,0,0,0,0,0,0,0,0,0,610.98000847
20211,1123003225,28,11,17,0,3,4,9,2,10,0,0,0,2,1,8,0,3,4,7,1,2,10602.3289047
20211,1123003227,5,3,2,0,0,1,1,1,2,0,0,0,0,1,2,0,0,1,1,0,0,3652.08823396
20211,1123003228,1,0,1,0,0,1,0,0,0,0,0,0,0,0,0,0,0,1,0,0,0,2456.07411552
20211,1123003230,163,52,111,0,15,17,34,42,55,0,7,8,17,11,9,0,8,9,17,31,46,141007.569639
20211,1123003231,1499,630,869,0,323,352,359,382,83,0,64,161,193,169,43,0,259,191,166,213,40,4303.94168553
20211,1123003242,4,2,2,0,0,0,0,1,3,0,0,0,0,1,1,0,0,0,0,0,2,6594.92086151
20211,1123003243,15,12,3,0,1,5,5,3,1,0,1,5,3,2,1,0,0,0,2,1,0,4674.05976834
20211,1123003244,5,3,2,0,1,0,0,2,2,0,0,0,0,1,2,0,1,0,0,1,0,2617.4533702
20211,1123003245,38,8,30,0,2,7,16,11,2,0,0,1,3,3,1,0,2,6,13,8,1,3968.17004883
20211,1129000001,19,1,18,0,4,6,4,3,2,0,0,0,0,0,1,0,4,6,4,3,1,3003.00535396
20211,1129000003,63,37,26,0,4,17,18,16,8,0,0,10,7,13,7,0,4,7,11,3,1,2810.55308507
20211,1129000008,88,19,69,0,36,24,10,8,10,0,2,5,3,2,7,0,34,19,7,6,3,7946.14242889
20211,1129000013,4,1,3,0,1,0,2,1,0,0,0,0,0,1,0,0,1,0,2,0,0,2883.14216599
20211,1129000016,2,0,2,0,0,0,1,0,1,0,0,0,0,0,0,0,0,0,1,0,1,1720.46424123
20211,1129000026,19,2,17,0,5,5,4,3,2,0,0,0,0,0,2,0,5,5,4,3,0,677.896615756
20211,1129000031,173,89,84,0,16,45,43,46,23,0,6,26,26,15,16,0,10,19,17,31,7,7682.32234575
20211,1129000032,8,4,4,0,0,2,1,2,3,0,0,2,0,0,2,0,0,0,1,2,1,3930.49844048
20211,1129000039,6,4,2,0,0,1,2,0,3,0,0,0,1,0,3,0,0,1,1,0,0,2677.49029149
20211,1129000042,5,0,5,0,0,0,2,0,3,0,0,0,0,0,0,0,0,0,2,0,3,17067.9713324
20211,1129000047,4,1,3,0,0,0,3,1,0,0,0,0,0,1,0,0,0,0,3,0,0,10290.4625534
20211,1129000049,42,9,33,0,12,7,11,8,4,0,0,0,5,2,2,0,12,7,6,6,2,8054.58226851
20211,1129000051,89,52,37,0,16,21,30,15,7,0,7,15,17,8,5,0,9,6,13,7,2,3961.21404433
20211,1129000062,218,74,144,1,29,62,65,38,23,0,13,20,16,14,11,1,16,42,49,24,12,2211.8899486
20211,1129000063,1,0,1,0,0,1,0,0,0,0,0,0,0,0,0,0,0,1,0,0,0,1984.38510667
20211,1129000070,358,154,204,0,45,52,105,117,39,0,22,25,42,40,25,0,23,27,63,77,14,27762.0060369
20211,1129000078,26,24,2,0,0,4,15,6,1,0,0,4,14,5,1,0,0,0,1,1,0,2532.94933053
20211,1129000086,104,47,57,0,28,16,25,17,18,0,10,7,10,7,13,0,18,9,15,10,5,2544.84774991
20211,1129000099,7,0,7,0,0,0,0,5,2,0,0,0,0,0,0,0,0,0,0,5,2,4588.45491458
20211,1129000104,29,12,17,0,0,7,10,5,7,0,0,3,4,2,3,0,0,4,6,3,4,7549.06429063
20211,1129000105,21,13,8,0,0,1,10,6,4,0,0,0,5,4,4,0,0,1,5,2,0,9426.87632765
20211,1129000115,120,68,52,1,33,41,24,16,5,0,16,27,10,10,5,1,17,14,14,6,0,1328.92312917
20211,1129000117,48,33,15,0,4,8,16,14,6,0,3,5,10,10,5,0,1,3,6,4,1,6622.64540695
20211,1129000118,20,3,17,0,1,6,8,4,1,0,0,0,1,1,1,0,1,6,7,3,0,5725.0525603
20211,1129000119,235,179,56,2,12,33,48,57,83,0,3,22,34,42,78,2,9,11,14,15,5,3283.84044582
20211,1129000131,35,9,26,0,10,12,6,4,3,0,0,3,3,2,1,0,10,9,3,2,2,4121.38126759
20211,1129000141,23,3,20,0,3,5,7,6,2,0,0,0,1,1,1,0,3,5,6,5,1,5649.8863137
20211,1129000149,272,135,137,0,32,45,106,66,23,0,12,21,50,42,10,0,20,24,56,24,13,3072.52310862
20211,1129000151,103,15,88,0,13,36,28,24,2,0,0,4,5,4,2,0,13,32,23,20,0,19784.0317989
20211,1129000154,4104,2068,2036,415,1905,1079,431,183,91,176,863,612,254,88,75,239,1042,467,177,95,16,2911.71914429
20211,1129000199,51,10,41,0,2,9,19,11,10,0,0,1,1,1,7,0,2,8,18,10,3,14872.3100721
20211,1129000200,32,29,3,0,0,1,3,8,20,0,0,1,3,5,20,0,0,0,0,3,0,4605.01613628
20211,1129000205,45,14,31,0,12,8,5,15,5,0,4,1,2,4,3,0,8,7,3,11,2,9684.75492897
20211,1129000216,15,9,6,0,1,1,5,4,4,0,0,0,3,3,3,0,1,1,2,1,1,7192.74839825
20211,1129000217,4,3,1,0,1,0,3,0,0,0,1,0,2,0,0,0,0,0,1,0,0,4529.78713502
20211,1129000218,6,3,3,0,0,0,3,2,1,0,0,0,1,2,0,0,0,0,2,0,1,2002.22047374
20211,1129000222,1,0,1,0,0,0,0,1,0,0,0,0,0,0,0,0,0,0,0,1,0,2355.9686265
20211,1129000226,25,18,7,0,0,5,11,4,5,0,0,2,10,2,4,0,0,3,1,2,1,5691.90574767
20211,1129000231,7,3,4,0,1,4,1,1,0,0,1,2,0,0,0,0,0,2,1,1,0,28476.078963
20211,1129000236,7,5,2,0,0,0,2,2,3,0,0,0,1,1,3,0,0,0,1,1,0,3825.23928098
20211,1129000238,18,13,5,0,0,5,2,7,4,0,0,2,2,7,2,0,0,3,0,0,2,10132.1033128
20211,1129000239,28,7,21,0,1,6,8,12,1,0,0,1,1,5,0,0,1,5,7,7,1,1974.53794165
20211,1129000240,19,12,7,0,2,4,4,5,4,0,1,2,2,3,4,0,1,2,2,2,0,5983.87898946
20211,1129000242,25,10,15,0,0,3,8,6,8,0,0,1,1,3,5,0,0,2,7,3,3,5381.7570772
20211,1129000243,10,7,3,1,0,3,6,0,0,0,0,3,4,0,0,1,0,0,2,0,0,5539.74042375
20211,1129000248,59,8,51,0,0,4,16,28,11,0,0,0,1,3,4,0,0,4,15,25,7,3053.45355792
20211,1129000249,93,19,74,0,12,17,19,26,19,0,2,5,5,1,6,0,10,12,14,25,13,11260.2036519
20211,1129000250,10,8,2,0,1,6,3,0,0,0,1,5,2,0,0,0,0,1,1,0,0,2917.0277682
20211,1129000252,25,16,9,0,1,9,7,6,2,0,1,6,4,4,1,0,0,3,3,2,1,2494.45260442
20211,1129000253,80,38,42,1,10,20,28,14,7,1,0,9,18,7,3,0,10,11,10,7,4,10863.379154
20211,1129000255,39,29,10,0,8,8,9,10,4,0,8,6,7,5,3,0,0,2,2,5,1,18553.8109315
20211,1129000259,2,1,1,0,0,0,1,1,0,0,0,0,1,0,0,0,0,0,0,1,0,3430.41905732
20211,1129000260,22,9,13,1,7,5,3,3,3,1,4,1,1,1,1,0,3,4,2,2,2,11322.6441677
20211,1129000262,38,10,28,0,11,7,9,9,2,0,5,1,1,2,1,0,6,6,8,7,1,3209.41082252
20211,1129000265,5,1,4,0,0,2,0,2,1,0,0,0,0,1,0,0,0,2,0,1,1,3424.79930994
20211,1129000273,12,7,5,0,1,2,5,3,1,0,1,2,2,2,0,0,0,0,3,1,1,4934.1020933
20211,1129000275,10,0,10,0,2,3,2,2,1,0,0,0,0,0,0,0,2,3,2,2,1,3805.91350446
20211,1129000280,12,7,5,0,1,1,3,3,4,0,1,1,1,1,3,0,0,0,2,2,1,2940.64197682
20211,1129000281,2,1,1,0,0,0,0,1,1,0,0,0,0,0,1,0,0,0,0,1,0,1873.3090004
20211,1129000284,50,25,25,0,3,10,14,14,9,0,2,5,9,6,3,0,1,5,5,8,6,17453.3113364
20211,1129000294,6,1,5,0,0,1,1,2,2,0,0,0,0,1,0,0,0,1,1,1,2,2356.93864494
20211,1129000303,5,3,2,0,0,0,2,3,0,0,0,0,1,2,0,0,0,0,1,1,0,5690.15376419
20211,1129000318,17,7,10,0,2,1,1,7,6,0,2,1,1,1,2,0,0,0,0,6,4,3832.52510983
20211,1129000321,23,12,11,0,3,3,7,5,5,0,1,2,3,3,3,0,2,1,4,2,2,18802.7956365
20211,1129000322,2,1,1,0,0,0,2,0,0,0,0,0,1,0,0,0,0,0,1,0,0,1228.72102
20211,1129000330,75,13,62,0,10,20,23,16,6,0,0,5,3,1,4,0,10,15,20,15,2,10218.1411501
20211,1129000335,92,60,32,0,3,16,25,21,27,0,2,9,12,13,24,0,1,7,13,8,3,6807.09646108
20211,1129000337,2,1,1,0,0,0,1,1,0,0,0,0,1,0,0,0,0,0,0,1,0,2139.15375133
20211,1129000341,50,14,36,0,4,14,15,17,0,0,0,2,8,4,0,0,4,12,7,13,0,22886.0896876
20211,1129000342,29,6,23,1,6,6,9,5,2,0,1,1,3,0,1,1,5,5,6,5,1,6058.26392649
20211,1129000343,3,0,3,0,0,0,0,2,1,0,0,0,0,0,0,0,0,0,0,2,1,66423.1669351
20211,1129000346,4,2,2,0,0,0,2,1,1,0,0,0,1,0,1,0,0,0,1,1,0,1669.7726758
20211,1129000350,2,1,1,0,0,0,0,1,1,0,0,0,0,0,1,0,0,0,0,1,0,2010.27400729
20211,1129000352,364,228,136,0,69,87,80,74,54,0,21,59,47,52,49,0,48,28,33,22,5,5464.41808822
20211,1129000354,1,1,0,0,0,0,0,1,0,0,0,0,0,1,0,0,0,0,0,0,0,1341.11667629
20211,1129000355,26,18,8,0,6,5,8,2,5,0,4,2,5,2,5,0,2,3,3,0,0,7105.56749095
20211,1129000360,4,0,4,0,0,1,2,1,0,0,0,0,0,0,0,0,0,1,2,1,0,7460.8954622
20211,1129000370,6,2,4,0,1,3,1,1,0,0,0,1,0,1,0,0,1,2,1,0,0,6500.29653181
20211,1129000387,7,3,4,0,0,0,2,5,0,0,0,0,1,2,0,0,0,0,1,3,0,876.585080906
20211,1129000393,23,14,9,0,7,6,4,5,1,0,4,4,2,3,1,0,3,2,2,2,0,6937.07027254
20211,1129000399,90,18,72,0,10,27,25,23,5,0,1,5,5,3,4,0,9,22,20,20,1,8017.20566594
20211,1129000404,8,7,1,0,0,4,0,3,1,0,0,3,0,3,1,0,0,1,0,0,0,4420.05960458
20211,1129000407,1103,298,805,8,497,361,132,79,26,0,75,125,37,39,22,8,422,236,95,40,4,5834.86487691
20211,1129000415,1,0,1,0,0,0,0,1,0,0,0,0,0,0,0,0,0,0,0,1,0,2012.5937853
20211,1129000417,14,3,11,0,1,2,7,4,0,0,0,1,1,1,0,0,1,1,6,3,0,8582.69223261
20211,1129000424,425,378,47,0,63,153,148,58,3,0,54,135,131,56,2,0,9,18,17,2,1,2187.70909293
20211,1129000438,10940,6783,4157,44,1682,2620,3536,1917,1141,13,807,1596,2417,1469,481,31,875,1024,1119,448,660,5266.54340769
20211,1129000448,95,43,52,0,13,39,21,14,8,0,3,21,4,9,6,0,10,18,17,5,2,3699.66282137
20211,1129000462,7,5,2,0,1,0,0,4,2,0,1,0,0,2,2,0,0,0,0,2,0,689.729106096
20211,1129000470,294,123,171,0,69,72,68,50,35,0,15,30,36,20,22,0,54,42,32,30,13,1437.52877038
20211,1129000482,49,40,9,0,3,9,9,14,14,0,3,6,7,12,12,0,0,3,2,2,2,3268.92247078
20211,1129000484,1,0,1,0,0,1,0,0,0,0,0,0,0,0,0,0,0,1,0,0,0,1194.0456133
20211,1129000486,1,1,0,0,0,0,0,0,1,0,0,0,0,0,1,0,0,0,0,0,0,3854.01878954
20211,1129000500,4,1,3,0,0,1,2,0,1,0,0,0,1,0,0,0,0,1,1,0,1,2258.24613742
20211,1129000514,15,11,4,0,0,2,4,3,6,0,0,1,2,2,6,0,0,1,2,1,0,5772.87533006
20211,1129000517,101,10,91,0,18,27,28,18,10,0,1,3,0,2,4,0,17,24,28,16,6,11352.5183472
20211,1129000518,7,5,2,0,1,2,2,1,1,0,1,1,1,1,1,0,0,1,1,0,0,2724.82460008
20211,1129000522,2,2,0,0,0,1,0,1,0,0,0,1,0,1,0,0,0,0,0,0,0,2964.98986681
20211,1129000532,192,57,135,0,12,36,46,61,37,0,1,12,11,17,16,0,11,24,35,44,21,4846.91070091
20211,1129000538,18,9,9,0,7,3,5,0,3,0,2,1,4,0,2,0,5,2,1,0,1,1874.16530021
20211,1129000540,20,11,9,0,5,1,8,6,0,0,4,0,3,4,0,0,1,1,5,2,0,3323.50657324
20211,1129000541,3,1,2,0,0,0,1,0,2,0,0,0,0,0,1,0,0,0,1,0,1,1485.44957098
20211,1129000543,18,6,12,0,1,2,2,3,10,0,1,2,1,0,2,0,0,0,1,3,8,1192.47309019
20211,1129000546,3,3,0,0,0,0,2,1,0,0,0,0,2,1,0,0,0,0,0,0,0,1322.72303375
20211,1129000548,4,3,1,0,1,3,0,0,0,0,1,2,0,0,0,0,0,1,0,0,0,1589.5683156
20211,1129000552,2,2,0,0,0,1,1,0,0,0,0,1,1,0,0,0,0,0,0,0,0,1015.37985709
20211,1129000556,3,1,2,0,0,1,0,0,2,0,0,0,0,0,1,0,0,1,0,0,1,4026.61390601
20211,1129000565,71,53,18,0,5,21,28,11,6,0,2,18,21,8,4,0,3,3,7,3,2,6219.92172054
20211,1129000568,56,7,49,0,2,4,9,31,10,0,1,2,1,1,2,0,1,2,8,30,8,10578.8997692
20211,1129000569,14,9,5,0,0,3,6,4,1,0,0,1,4,4,0,0,0,2,2,0,1,4116.63364968
20211,1129000570,4,2,2,0,0,0,0,2,2,0,0,0,0,1,1,0,0,0,0,1,1,2954.14405097
20211,1129000572,32,11,21,6,8,7,3,1,7,0,2,2,1,1,5,6,6,5,2,0,2,5876.21166167
20211,1129000573,2,2,0,0,0,0,1,0,1,0,0,0,1,0,1,0,0,0,0,0,0,3795.13387217
20211,1129000574,3,2,1,0,0,1,1,0,1,0,0,1,0,0,1,0,0,0,1,0,0,1854.58815205
20211,1129000577,145,53,92,0,15,45,46,30,9,0,3,12,15,17,6,0,12,33,31,13,3,5099.32249693
20211,1129000580,2,1,1,0,1,1,0,0,0,0,0,1,0,0,0,0,1,0,0,0,0,5278.8403183
20211,1129000581,5,4,1,0,2,1,2,0,0,0,2,1,1,0,0,0,0,0,1,0,0,728.809803529
20211,1129000582,5,5,0,0,0,0,0,1,4,0,0,0,0,1,4,0,0,0,0,0,0,4293.84573068
20211,1129000585,1,1,0,0,0,0,0,0,1,0,0,0,0,0,1,0,0,0,0,0,0,1119.84348948
20211,1129000586,4,3,1,0,0,0,3,1,0,0,0,0,2,1,0,0,0,0,1,0,0,676.027180238
20211,1129000588,10,5,5,0,0,6,0,2,2,0,0,3,0,1,1,0,0,3,0,1,1,745.10447959
20211,1129000590,15,8,7,0,3,4,7,1,0,0,0,2,5,1,0,0,3,2,2,0,0,5246.14530073
20211,1129000591,160,52,108,0,18,35,20,50,37,0,4,11,2,19,16,0,14,24,18,31,21,6663.82873504
20211,1129000592,14,6,8,0,1,2,1,3,7,0,0,1,1,1,3,0,1,1,0,2,4,3894.73715712
20211,1129000593,9,1,8,0,1,2,3,2,1,0,0,0,0,0,1,0,1,2,3,2,0,2662.32106892
20211,1129000595,30,20,10,1,9,10,4,5,1,0,5,7,4,3,1,1,4,3,0,2,0,5676.7046914
20211,1129000596,5,1,4,0,3,1,1,0,0,0,0,0,1,0,0,0,3,1,0,0,0,1686.97972103
20211,1129000597,16,15,1,0,0,1,5,8,2,0,0,1,4,8,2,0,0,0,1,0,0,7609.66171191
20211,1129000598,9,4,5,0,6,1,0,1,1,0,3,0,0,1,0,0,3,1,0,0,1,938.028927433
20211,1129000600,4,1,3,0,1,0,0,1,2,0,0,0,0,0,1,0,1,0,0,1,1,1907.89325531
20211,1129000601,6,6,0,0,0,2,2,2,0,0,0,2,2,2,0,0,0,0,0,0,0,4871.77079929
20211,1129000602,8,5,3,0,0,0,1,4,3,0,0,0,0,2,3,0,0,0,1,2,0,4921.87835847
20211,1129000603,12,5,7,0,0,5,3,2,2,0,0,1,2,1,1,0,0,4,1,1,1,5263.74067975
20211,1129000604,54,49,5,3,23,13,10,4,1,3,21,12,9,3,1,0,2,1,1,1,0,2010.8517074
20211,1129000605,47,12,35,0,20,11,9,3,4,0,0,1,6,1,4,0,20,10,3,2,0,4003.49988732
20211,1129000607,51,8,43,0,21,16,4,6,4,0,0,3,1,1,3,0,21,13,3,5,1,68994.1344654
20211,1129000608,11,3,8,0,1,2,2,3,3,0,0,0,0,1,2,0,1,2,2,2,1,3124.22075666
20211,1129000609,4,1,3,0,0,1,0,0,3,0,0,0,0,0,1,0,0,1,0,0,2,1166.11048829
20211,1129000610,13,2,11,0,4,2,4,2,1,0,0,0,1,1,0,0,4,2,3,1,1,4836.51376301
20211,1129000611,4,3,1,0,1,1,0,0,2,0,1,1,0,0,1,0,0,0,0,0,1,3119.89985555
20211,1129000612,59,29,30,8,1,9,17,17,7,8,1,4,2,8,6,0,0,5,15,9,1,6324.36993047
20211,1129000613,1,1,0,0,0,0,0,0,1,0,0,0,0,0,1,0,0,0,0,0,0,3121.35319166
20211,1129000614,1,1,0,0,0,0,0,0,1,0,0,0,0,0,1,0,0,0,0,0,0,16336.6769814
20211,1129000617,15,11,4,0,1,2,7,5,0,0,1,1,4,5,0,0,0,1,3,0,0,6965.76464849
20211,1129000618,6,5,1,0,0,2,4,0,0,0,0,2,3,0,0,0,0,0,1,0,0,1358.76041947
20211,1129000619,3,2,1,0,0,0,1,1,1,0,0,0,0,1,1,0,0,0,1,0,0,9165.84179353
20211,1129000620,8,6,2,0,0,1,1,5,1,0,0,1,1,4,0,0,0,0,0,1,1,5582.26139068
20211,1129000623,23,16,7,1,2,4,9,2,5,1,1,3,8,2,1,0,1,1,1,0,4,6312.11690292
20211,1129000624,1,1,0,0,0,0,0,0,1,0,0,0,0,0,1,0,0,0,0,0,0,4073.47087871
20211,1129000625,100,21,79,0,18,30,29,17,6,0,5,3,4,4,5,0,13,27,25,13,1,22975.5460365
20211,1129000626,14,10,4,0,0,4,3,3,4,0,0,2,1,3,4,0,0,2,2,0,0,2776.82359155
20211,1129000628,2,2,0,0,0,1,0,0,1,0,0,1,0,0,1,0,0,0,0,0,0,1896.74297675
20211,1129000629,13,3,10,0,2,5,5,1,0,0,0,0,3,0,0,0,2,5,2,1,0,4551.06674819
20211,1129000631,2,1,1,0,1,0,0,0,1,0,1,0,0,0,0,0,0,0,0,0,1,1112.3063394
20211,1129000632,21,16,5,0,2,3,5,8,3,0,1,2,3,7,3,0,1,1,2,1,0,6503.32882222
20211,1129000633,3,3,0,0,0,0,0,3,0,0,0,0,0,3,0,0,0,0,0,0,0,1283.48139986
20211,1129000634,4,4,0,0,0,0,2,1,1,0,0,0,2,1,1,0,0,0,0,0,0,2672.64788193
20211,1129000636,78,58,20,0,6,20,19,28,5,0,1,12,15,26,4,0,5,8,4,2,1,4855.63914073
20211,1129000639,2,0,2,0,0,0,1,0,1,0,0,0,0,0,0,0,0,0,1,0,1,3292.56368116
20211,1129000640,89,25,64,1,8,30,20,26,4,0,1,8,5,8,3,1,7,22,15,18,1,4755.49564657
20211,1129000643,5,2,3,0,1,1,2,0,1,0,1,0,1,0,0,0,0,1,1,0,1,808.10269634
20211,1129000645,4,4,0,0,0,0,2,1,1,0,0,0,2,1,1,0,0,0,0,0,0,940.508483314
20211,1129000646,5,1,4,0,1,1,0,1,2,0,0,0,0,0,1,0,1,1,0,1,1,4479.38114258
20211,1129000647,17,5,12,0,8,6,1,0,2,0,1,2,1,0,1,0,7,4,0,0,1,1143.15161662
20211,1129000648,9,7,2,0,0,4,4,0,1,0,0,3,3,0,1,0,0,1,1,0,0,4866.52521645
20211,1129000655,4,2,2,0,2,0,1,1,0,0,0,0,1,1,0,0,2,0,0,0,0,4900.26869254
20211,1129000659,3,1,2,0,0,0,2,0,1,0,0,0,1,0,0,0,0,0,1,0,1,4392.09165753
20211,1129000661,2,2,0,0,0,0,0,1,1,0,0,0,0,1,1,0,0,0,0,0,0,2164.75701438
20211,1129000662,28,17,11,0,0,4,5,7,12,0,0,1,3,3,10,0,0,3,2,4,2,6949.62737076
20211,1129000664,18,14,4,0,1,4,3,4,6,0,0,2,2,4,6,0,1,2,1,0,0,2356.89097495
20211,1129000665,130,116,14,0,0,5,21,41,63,0,0,3,18,33,62,0,0,2,3,8,1,7379.49035939
20211,1129000669,34,21,13,1,5,4,6,12,6,0,2,2,1,10,6,1,3,2,5,2,0,1685.18047767
20211,1129000670,2,1,1,0,0,0,2,0,0,0,0,0,1,0,0,0,0,0,1,0,0,1294.96423569
20211,1129000672,11,3,8,0,0,1,0,6,4,0,0,0,0,1,2,0,0,1,0,5,2,5713.46465004
20211,1129000673,9,1,8,0,5,3,1,0,0,0,0,0,1,0,0,0,5,3,0,0,0,2509.59399613
20211,1129000674,8,5,3,0,1,1,0,4,2,0,1,0,0,3,1,0,0,1,0,1,1,3918.578309
20211,1129000679,153,34,119,0,10,19,40,52,32,0,2,6,8,11,7,0,8,13,32,41,25,6096.61899836
20211,1129000680,20,12,8,1,0,6,6,4,3,0,0,3,4,3,2,1,0,3,2,1,1,4333.18084148
20211,1129000681,62,26,36,1,27,10,8,14,2,0,13,4,2,5,2,1,14,6,6,9,0,4869.75500874
20211,1129000683,9,8,1,0,1,1,2,3,2,0,1,1,1,3,2,0,0,0,1,0,0,1752.87978491
20211,1129000684,154,82,72,0,31,34,34,33,22,0,8,20,22,18,14,0,23,14,12,15,8,3738.99523684
20211,1129000685,12,9,3,0,0,3,3,4,2,0,0,2,2,4,1,0,0,1,1,0,1,4592.83741425
20211,1129000690,4,3,1,0,0,0,0,3,1,0,0,0,0,2,1,0,0,0,0,1,0,4005.13853828
20211,1129000692,15,2,13,0,3,2,5,3,2,0,0,0,1,1,0,0,3,2,4,2,2,6129.40076765
20211,1129000695,6,4,2,0,0,1,1,1,3,0,0,1,0,1,2,0,0,0,1,0,1,2472.25712337
20211,1129000696,13,5,8,0,0,2,5,2,4,0,0,0,1,2,2,0,0,2,4,0,2,6057.95367591
20211,1129000697,19,4,15,0,0,0,0,13,6,0,0,0,0,4,0,0,0,0,0,9,6,6087.19119562
20211,1129000698,2,1,1,0,0,0,0,2,0,0,0,0,0,1,0,0,0,0,0,1,0,1985.0563129
20211,1129000700,107,58,49,1,4,12,22,29,39,1,2,8,8,9,30,0,2,4,14,20,9,5151.86605373
20211,1129000701,3,1,2,0,0,1,1,1,0,0,0,0,0,1,0,0,0,1,1,0,0,1456.7712311
20211,1129000702,26,10,16,0,4,7,8,2,5,0,1,4,0,1,4,0,3,3,8,1,1,9990.66616499
20211,1129000703,38,33,5,0,1,4,12,13,8,0,1,3,11,10,8,0,0,1,1,3,0,4548.97385831
20211,1129000706,11,6,5,0,1,6,3,1,0,0,0,4,1,1,0,0,1,2,2,0,0,11643.727626
20211,1129000713,65,40,25,0,20,27,12,6,0,0,11,14,10,5,0,0,9,13,2,1,0,5438.45813851
20211,1129000714,15,10,5,0,1,2,2,8,2,0,1,0,0,7,2,0,0,2,2,1,0,6700.82958602
20211,1129000716,25,3,22,0,1,2,1,0,21,0,0,2,0,0,1,0,1,0,1,0,20,7504.20334069
20211,1129000717,20,18,2,0,1,2,5,11,1,0,1,1,5,10,1,0,0,1,0,1,0,923.785981563
20211,1129000720,11,7,4,0,1,1,6,3,0,0,1,1,3,2,0,0,0,0,3,1,0,6136.7999923
20211,1129000722,67,35,32,0,9,19,17,20,2,0,4,7,11,12,1,0,5,12,6,8,1,5894.81091272
20211,1129000723,8,5,3,0,0,2,3,1,2,0,0,2,1,1,1,0,0,0,2,0,1,1944.3136627
20211,1129000724,2,2,0,0,0,2,0,0,0,0,0,2,0,0,0,0,0,0,0,0,0,2235.58839446
20211,1129000726,31,24,7,3,2,4,8,10,4,3,1,1,6,9,4,0,1,3,2,1,0,3738.97601094
20211,1129000732,3,3,0,0,0,0,2,1,0,0,0,0,2,1,0,0,0,0,0,0,0,3050.11966354
20211,1129000739,37,30,7,0,4,7,11,8,7,0,3,5,9,7,6,0,1,2,2,1,1,8202.46308964
20211,1129000740,145,97,48,0,7,36,38,41,23,0,3,17,25,31,21,0,4,19,13,10,2,9541.93127465
20211,1129000741,56,20,36,0,3,16,17,14,6,0,0,6,6,4,4,0,3,10,11,10,2,4143.61013048
20211,1129000742,3,2,1,0,0,0,1,2,0,0,0,0,0,2,0,0,0,0,1,0,0,1431.23791778
20211,1129000743,61,42,19,0,1,11,14,23,12,0,0,7,8,16,11,0,1,4,6,7,1,7113.146768
20211,1129000744,757,537,220,0,2,7,21,54,673,0,2,6,9,25,495,0,0,1,12,29,178,904.36961389
20211,1129000745,15,13,2,0,1,3,4,6,1,0,0,2,4,6,1,0,1,1,0,0,0,3710.29729485
20211,1129000746,2,2,0,0,0,1,1,0,0,0,0,1,1,0,0,0,0,0,0,0,0,2143.21195944
20211,1129000748,10,7,3,0,1,1,6,0,2,0,0,1,5,0,1,0,1,0,1,0,1,1118.38182539
20211,1129000749,8,7,1,0,0,3,5,0,0,0,0,3,4,0,0,0,0,0,1,0,0,948.530638041
20211,1129000756,58,36,22,0,19,13,19,7,0,0,9,6,17,4,0,0,10,7,2,3,0,4848.63238981
20211,1129000758,87,21,66,0,12,11,27,27,10,0,3,3,8,2,5,0,9,8,19,25,5,4746.70127887
20211,1129000759,8,6,2,0,0,3,2,1,2,0,0,1,2,1,2,0,0,2,0,0,0,4198.54580256
20211,1129000763,40,22,18,0,2,7,17,8,6,0,1,6,10,3,2,0,1,1,7,5,4,4077.80120428
20211,1129000767,1,0,1,0,0,1,0,0,0,0,0,0,0,0,0,0,0,1,0,0,0,3633.36732999
20211,1129000770,9,6,3,0,0,0,6,2,1,0,0,0,3,2,1,0,0,0,3,0,0,4494.64404784
20211,1129000773,2,0,2,0,0,0,2,0,0,0,0,0,0,0,0,0,0,0,2,0,0,3472.2940408
20211,1129000774,7,3,4,0,1,2,4,0,0,0,0,0,3,0,0,0,1,2,1,0,0,4345.99394664
20211,1129000775,9,2,7,0,1,4,2,2,0,0,0,1,0,1,0,0,1,3,2,1,0,3136.78108163
20211,1129000776,14,11,3,0,1,5,4,4,0,0,0,4,4,3,0,0,1,1,0,1,0,3585.98635768
20211,1129000780,1,1,0,0,0,0,0,1,0,0,0,0,0,1,0,0,0,0,0,0,0,9422.77781434
20211,1129000781,28,19,9,0,6,4,10,6,2,0,2,3,7,5,2,0,4,1,3,1,0,2547.94772849
20211,1129000782,24,8,16,3,3,4,11,2,1,0,0,2,5,0,1,3,3,2,6,2,0,5348.99714237
20211,1129000784,15,5,10,0,1,7,4,2,1,0,0,1,2,1,1,0,1,6,2,1,0,5119.40646325
20211,1129000787,10,4,6,0,5,2,1,1,1,0,1,2,0,0,1,0,4,0,1,1,0,3394.73541103
20211,1129000794,24,19,5,0,0,0,7,6,11,0,0,0,5,5,9,0,0,0,2,1,2,4926.52656172
20211,1129000796,12,8,4,0,0,0,2,4,6,0,0,0,1,3,4,0,0,0,1,1,2,4710.51065289
20211,1129000798,13,11,2,0,0,1,3,7,2,0,0,1,2,6,2,0,0,0,1,1,0,4172.81334224
20211,1129000800,23,20,3,0,5,2,5,6,5,0,5,2,3,6,4,0,0,0,2,0,1,9189.49733779
20211,1129000801,9,2,7,0,0,0,2,4,3,0,0,0,0,0,2,0,0,0,2,4,1,3116.91508343
20211,1129000802,2843,2591,252,0,311,1334,571,583,44,0,227,1193,545,582,44,0,84,141,26,1,0,1396.42794887
20211,1129000805,10,10,0,0,0,1,5,1,3,0,0,1,5,1,3,0,0,0,0,0,0,2544.69833752
20211,1129000806,7,7,0,0,1,1,2,3,0,0,1,1,2,3,0,0,0,0,0,0,0,4868.1024665
20211,1129000810,3,1,2,0,0,2,0,1,0,0,0,1,0,0,0,0,0,1,0,1,0,2902.12756064
20211,1129000811,106,87,19,2,12,20,28,21,23,1,6,18,24,19,19,1,6,2,4,2,4,4712.19466275
20211,1129000812,716,470,246,0,18,67,86,152,393,0,16,61,81,83,229,0,2,6,5,69,164,2416.06728545
20211,1129000814,1,0,1,0,0,0,0,0,1,0,0,0,0,0,0,0,0,0,0,0,1,3535.76576188
20211,1129000815,21,4,17,0,7,4,4,5,1,0,0,0,1,2,1,0,7,4,3,3,0,2705.47322857
20211,1129000818,22,12,10,0,2,4,5,8,3,0,2,3,3,2,2,0,0,1,2,6,1,5225.811889
20211,1129000819,99,23,76,0,17,14,21,39,8,0,1,7,10,3,2,0,16,7,11,36,6,5554.98911301
20211,1129000823,42,25,17,0,7,6,8,9,12,0,2,4,3,7,9,0,5,2,5,2,3,5420.59526373
20211,1129000826,45,35,10,1,8,8,10,15,3,1,5,7,6,13,3,0,3,1,4,2,0,4070.9246453
20211,1129000827,2,1,1,0,0,0,0,2,0,0,0,0,0,1,0,0,0,0,0,1,0,8345.35970478
20211,1129000829,8,3,5,0,1,2,2,2,1,0,0,2,1,0,0,0,1,0,1,2,1,838.622725244
20211,1129000831,2,1,1,0,0,0,0,2,0,0,0,0,0,1,0,0,0,0,0,1,0,4537.91626988
20211,1129000832,9,2,7,0,0,0,4,3,2,0,0,0,0,1,1,0,0,0,4,2,1,2183.68107382
20211,1129000833,3,2,1,0,0,0,0,0,3,0,0,0,0,0,2,0,0,0,0,0,1,879.295476845
20211,1129000837,3,3,0,0,0,1,1,1,0,0,0,1,1,1,0,0,0,0,0,0,0,6468.44824669
20211,1129000840,1,0,1,0,0,0,1,0,0,0,0,0,0,0,0,0,0,0,1,0,0,3295.81688917
20211,1129000841,13,6,7,0,1,5,4,1,2,0,1,2,1,1,1,0,0,3,3,0,1,5206.56465917
20211,1129000842,27,8,19,0,6,7,7,4,3,0,1,2,2,1,2,0,5,5,5,3,1,41579.382174
20211,1129000848,4,4,0,0,0,0,2,2,0,0,0,0,2,2,0,0,0,0,0,0,0,3721.90256055
20211,1129000852,1324,924,400,0,185,375,407,339,18,0,68,233,313,295,15,0,117,142,94,44,3,2298.98810316
20211,1129000856,17,7,10,0,0,2,7,4,4,0,0,0,2,2,3,0,0,2,5,2,1,7003.62599755
20211,1129000858,6,2,4,0,1,0,1,0,4,0,0,0,0,0,2,0,1,0,1,0,2,6460.11439249
20211,1129000860,4,3,1,0,0,2,2,0,0,0,0,1,2,0,0,0,0,1,0,0,0,11302.0638409
20211,1129000865,11,2,9,0,0,1,6,4,0,0,0,0,2,0,0,0,0,1,4,4,0,5324.17018796
20211,1129000866,63,47,16,0,7,24,17,11,4,0,2,16,16,9,4,0,5,8,1,2,0,5136.25425065
20211,1129000867,23,6,17,0,4,3,8,7,1,0,1,0,1,4,0,0,3,3,7,3,1,5045.4005423
20211,1129000868,24,19,5,0,4,13,5,1,1,0,3,11,3,1,1,0,1,2,2,0,0,9852.24429658
20211,1129000874,2,2,0,0,0,0,1,1,0,0,0,0,1,1,0,0,0,0,0,0,0,1406.93640558
20211,1129000885,2,2,0,0,0,1,0,1,0,0,0,1,0,1,0,0,0,0,0,0,0,5231.8062761
20211,1129000893,241,226,15,0,10,91,87,39,14,0,9,87,84,33,13,0,1,4,3,6,1,2119.1117736
20211,1129000903,6,5,1,0,1,1,4,0,0,0,1,0,4,0,0,0,0,1,0,0,0,1007.05343671
20211,1129000907,3,2,1,0,0,0,2,1,0,0,0,0,1,1,0,0,0,0,1,0,0,48087.2623084
20211,1129000909,2,1,1,0,0,0,0,2,0,0,0,0,0,1,0,0,0,0,0,1,0,5166.2689427
20211,1129000918,16,0,16,0,5,2,5,4,0,0,0,0,0,0,0,0,5,2,5,4,0,14185.5072107
20211,1129000922,24,19,5,0,2,5,9,3,5,0,2,5,6,2,4,0,0,0,3,1,1,1524.11613458
20211,1129000928,185,109,76,0,23,27,34,38,63,0,7,15,22,23,42,0,16,12,12,15,21,1558.34090415
20211,1129000931,51,8,43,0,0,1,3,15,32,0,0,1,1,4,2,0,0,0,2,11,30,5185.99555115
20211,1129000932,4,3,1,0,0,1,1,2,0,0,0,1,1,1,0,0,0,0,0,1,0,2642.08715849
20211,1129000933,3,1,2,0,1,2,0,0,0,0,0,1,0,0,0,0,1,1,0,0,0,4002.61665704
20211,1129000936,2,1,1,0,0,0,0,2,0,0,0,0,0,1,0,0,0,0,0,1,0,1776.85046849
20211,1129000937,2,2,0,0,0,0,2,0,0,0,0,0,2,0,0,0,0,0,0,0,0,4500.351309
20211,1129000938,7,3,4,0,1,0,2,2,2,0,0,0,1,1,1,0,1,0,1,1,1,2365.00968403
20211,1129000943,3,0,3,0,0,0,0,2,1,0,0,0,0,0,0,0,0,0,0,2,1,11980.392721
20211,1129000945,2,1,1,0,0,0,1,1,0,0,0,0,1,0,0,0,0,0,0,1,0,1689.85260309
20211,1129000947,3,3,0,0,0,0,3,0,0,0,0,0,3,0,0,0,0,0,0,0,0,2011.29263515
20211,1129000948,11,3,8,0,1,0,0,7,3,0,0,0,0,3,0,0,1,0,0,4,3,4031.43145234
20211,1129000949,3,1,2,0,1,2,0,0,0,0,0,1,0,0,0,0,1,1,0,0,0,1465.83435404
20211,1129000950,2,1,1,0,0,0,2,0,0,0,0,0,1,0,0,0,0,0,1,0,0,4461.30782734
20211,1129000951,6,4,2,0,3,0,0,2,1,0,1,0,0,2,1,0,2,0,0,0,0,3920.70547856
20211,1129000953,3,1,2,0,0,0,2,1,0,0,0,0,1,0,0,0,0,0,1,1,0,2073.78218536
20211,1129000955,2,1,1,0,0,1,1,0,0,0,0,0,1,0,0,0,0,1,0,0,0,8279.33715161
20211,1129000961,8,0,8,0,0,1,5,2,0,0,0,0,0,0,0,0,0,1,5,2,0,1027.71170842
20211,1129000963,1,0,1,0,0,0,0,1,0,0,0,0,0,0,0,0,0,0,0,1,0,2936.63904732
20211,1129000966,5,3,2,0,1,1,2,1,0,0,0,1,1,1,0,0,1,0,1,0,0,3996.60147507
20211,1129000967,23,10,13,0,1,2,10,8,2,0,0,0,6,4,0,0,1,2,4,4,2,5835.11929548
20211,1129000968,21,16,5,0,3,5,1,6,6,0,3,4,1,5,3,0,0,1,0,1,3,5025.1413773
20211,1129000969,38,16,22,0,6,14,11,6,1,0,1,7,4,3,1,0,5,7,7,3,0,4441.18787613
20211,1129000975,23,4,19,0,5,4,7,6,1,0,0,2,0,1,1,0,5,2,7,5,0,2796.2155936
20211,1129000977,4,3,1,0,0,1,2,1,0,0,0,1,1,1,0,0,0,0,1,0,0,4341.64748414
20211,1129000978,5,2,3,0,0,0,1,4,0,0,0,0,0,2,0,0,0,0,1,2,0,1726.0931747
20211,1129000980,76,60,16,1,6,15,21,16,17,0,5,9,19,14,13,1,1,6,2,2,4,5095.56778035
20211,1129000981,1,1,0,0,0,0,0,1,0,0,0,0,0,1,0,0,0,0,0,0,0,1652.94656966
20211,1129000985,4,3,1,0,0,0,0,2,2,0,0,0,0,1,2,0,0,0,0,1,0,3395.58049285
20211,1129000986,4,1,3,0,0,2,1,0,1,0,0,0,0,0,1,0,0,2,1,0,0,4952.45455533
20211,1129000989,4,3,1,0,1,0,1,0,2,0,0,0,1,0,2,0,1,0,0,0,0,3070.24257225
20211,1129000991,3,2,1,0,0,0,0,1,2,0,0,0,0,1,1,0,0,0,0,0,1,2224.03921715
20211,1129000992,3,1,2,0,0,1,1,0,1,0,0,0,0,0,1,0,0,1,1,0,0,2179.81448763
20211,1129000993,77,10,67,0,12,23,28,12,2,0,3,2,4,1,0,0,9,21,24,11,2,23159.967845
20211,1129000994,70,32,38,0,12,11,14,29,4,0,12,6,7,4,3,0,0,5,7,25,1,6404.97706942
20211,1129000996,13,11,2,0,1,2,5,5,0,0,1,0,5,5,0,0,0,2,0,0,0,4348.20984225
20211,1129001000,20,5,15,0,3,1,10,4,2,0,1,0,1,2,1,0,2,1,9,2,1,2206.90975883
20211,1129001001,24,18,6,0,3,9,4,6,2,0,1,6,4,5,2,0,2,3,0,1,0,2175.0936737
20211,1129001004,3,2,1,0,0,0,0,3,0,0,0,0,0,2,0,0,0,0,0,1,0,841.776469571
20211,1129001005,6,4,2,0,0,0,0,2,4,0,0,0,0,2,2,0,0,0,0,0,2,5383.81920806
20211,1129001013,1,0,1,0,0,0,1,0,0,0,0,0,0,0,0,0,0,0,1,0,0,1362.66134975
20211,1129001014,2,0,2,0,1,0,1,0,0,0,0,0,0,0,0,0,1,0,1,0,0,2521.91071702
20211,1129001017,4,1,3,1,1,0,0,2,0,0,0,0,0,1,0,1,1,0,0,1,0,547.046863162
20211,1129001018,1,1,0,0,0,0,1,0,0,0,0,0,1,0,0,0,0,0,0,0,0,6064.97069654
20211,1129001023,3,2,1,0,0,2,0,0,1,0,0,1,0,0,1,0,0,1,0,0,0,3199.33517688
20211,1129001025,5,2,3,0,0,2,2,1,0,0,0,1,1,0,0,0,0,1,1,1,0,3103.11723382
20211,1129001028,12,11,1,0,2,3,2,5,0,0,2,3,2,4,0,0,0,0,0,1,0,9120.23713948
20211,1129001030,2,2,0,0,1,0,0,1,0,0,1,0,0,1,0,0,0,0,0,0,0,1108.05236748
20211,1129001032,3,2,1,0,0,1,1,1,0,0,0,0,1,1,0,0,0,1,0,0,0,4876.98694464
20211,1129001037,25,10,15,0,0,8,8,5,4,0,0,1,2,3,4,0,0,7,6,2,0,3751.77947069
20211,1129001038,13,11,2,0,2,2,2,5,2,0,2,1,2,4,2,0,0,1,0,1,0,3626.80682001
20211,1129001042,5,4,1,0,0,0,2,2,1,0,0,0,1,2,1,0,0,0,1,0,0,1140.02472102
20211,1129001043,82,49,33,0,13,18,23,13,15,0,5,11,13,6,14,0,8,7,10,7,1,5254.32926294
20211,1129001044,6,5,1,0,0,0,1,0,5,0,0,0,0,0,5,0,0,0,1,0,0,4353.42759836
20211,1129001045,2,0,2,0,0,2,0,0,0,0,0,0,0,0,0,0,0,2,0,0,0,1745.5788188
20211,1129001046,10,2,8,0,2,1,6,0,1,0,0,0,1,0,1,0,2,1,5,0,0,5524.71091009
20211,1129001047,10,6,4,0,0,1,1,5,3,0,0,0,1,3,2,0,0,1,0,2,1,1830.36775806
20211,1129001051,7,5,2,0,5,0,2,0,0,0,4,0,1,0,0,0,1,0,1,0,0,5735.56898147
20211,1129001052,8,3,5,0,1,3,2,1,1,0,0,1,1,0,1,0,1,2,1,1,0,2746.02079493
20211,1129001054,6,4,2,0,0,3,3,0,0,0,0,2,2,0,0,0,0,1,1,0,0,1503.74960553
20211,1129001055,101,58,43,0,6,18,20,23,34,0,4,17,11,12,14,0,2,1,9,11,20,6147.10025989
20211,1129001056,4,3,1,0,0,2,1,0,1,0,0,1,1,0,1,0,0,1,0,0,0,1075.18881478
20211,1129001057,7,2,5,0,0,2,1,2,2,0,0,0,1,0,1,0,0,2,0,2,1,6251.77217275
20211,1129001058,21,15,6,0,0,3,4,7,7,0,0,2,2,6,5,0,0,1,2,1,2,2296.71578448
20211,1129001059,83,35,48,0,11,16,22,21,13,0,3,5,12,6,9,0,8,11,10,15,4,4413.11239033
20211,1129001060,9,3,6,0,0,1,2,3,3,0,0,1,0,1,1,0,0,0,2,2,2,3498.04703902
20211,1129001061,11,4,7,0,1,4,2,1,3,0,0,0,2,1,1,0,1,4,0,0,2,7049.04775842
20211,1129001063,11,9,2,0,0,1,1,3,6,0,0,1,1,1,6,0,0,0,0,2,0,1505.11098439
20211,1129001066,3,1,2,0,1,1,0,0,1,0,0,0,0,0,1,0,1,1,0,0,0,4832.92958376
20211,1129001067,3,2,1,0,0,0,0,1,2,0,0,0,0,1,1,0,0,0,0,0,1,1016.29541208
20211,1129001068,107,32,75,0,20,23,17,28,19,0,5,12,5,5,5,0,15,11,12,23,14,5273.02720483
20211,1129001069,30,7,23,0,3,6,9,10,2,0,0,1,3,3,0,0,3,5,6,7,2,7790.76766504
20211,1129001070,43,22,21,0,7,8,10,9,9,0,0,2,9,4,7,0,7,6,1,5,2,7140.29290074
20211,1129001071,13,9,4,0,2,4,3,2,2,0,1,3,3,1,1,0,1,1,0,1,1,4726.6933964
20211,1129001074,73,26,47,0,4,6,9,26,28,0,4,4,4,11,3,0,0,2,5,15,25,5494.36833374
20211,1129001078,38,8,30,0,4,14,12,8,0,0,0,2,3,3,0,0,4,12,9,5,0,5059.85190985
20211,1129001079,5,5,0,0,0,1,1,0,3,0,0,1,1,0,3,0,0,0,0,0,0,4938.48442309
20211,1129001081,21,11,10,0,1,1,11,5,3,0,0,0,7,2,2,0,1,1,4,3,1,5816.87580394
20211,1129001084,3,2,1,0,0,0,1,1,1,0,0,0,1,1,0,0,0,0,0,0,1,1218.13032825
20211,1129001086,4,3,1,0,1,0,0,3,0,0,1,0,0,2,0,0,0,0,0,1,0,1258.83208564
20211,1129001087,1888,974,914,2,173,552,489,562,110,2,59,199,237,388,89,0,114,353,252,174,21,4652.20452983
20211,1129001089,36,11,25,1,9,3,9,12,2,1,2,1,3,2,2,0,7,2,6,10,0,6911.31536168
20211,1129001090,41,25,16,0,0,5,7,14,15,0,0,3,4,10,8,0,0,2,3,4,7,8753.21672797
20211,1129001091,72,38,34,0,14,13,24,13,8,0,8,9,8,8,5,0,6,4,16,5,3,4886.54686968
20211,1129001093,11,7,4,0,1,4,2,2,2,0,0,2,2,1,2,0,1,2,0,1,0,2522.29532956
20211,1129001094,23,11,12,0,2,4,9,3,5,0,0,1,6,2,2,0,2,3,3,1,3,4647.07777335
20211,1129001096,10,5,5,0,1,1,1,3,4,0,0,1,0,2,2,0,1,0,1,1,2,4122.46900647
20211,1129001097,3,2,1,0,0,0,1,0,2,0,0,0,1,0,1,0,0,0,0,0,1,2761.41092864
20211,1129001098,569,476,93,0,50,99,195,215,10,0,28,69,161,211,7,0,22,30,34,4,3,8358.05920776
20211,1129001101,7,3,4,0,1,1,4,0,1,0,1,0,1,0,1,0,0,1,3,0,0,4987.15848152
20211,1129001103,7,6,1,0,0,1,4,0,2,0,0,1,3,0,2,0,0,0,1,0,0,489.322619795
20211,1129001104,74,3,71,0,2,4,4,23,41,0,0,0,0,1,2,0,2,4,4,22,39,4061.42766531
20211,1129001105,13,5,8,0,1,5,2,5,0,0,0,2,1,2,0,0,1,3,1,3,0,4728.46195577
20211,1129001108,63,11,52,1,5,15,13,19,10,0,1,1,1,5,3,1,4,14,12,14,7,4633.23802407
20211,1129001111,1440,504,936,0,168,388,622,235,27,0,45,127,183,129,20,0,123,261,439,106,7,3581.21371223
20211,1129001115,10,5,5,0,2,2,5,1,0,0,0,1,3,1,0,0,2,1,2,0,0,1857.22107275
20211,1129001117,42,28,14,0,15,15,8,3,1,0,9,8,7,3,1,0,6,7,1,0,0,5669.0010691
20211,1129001120,4,2,2,0,0,0,1,1,2,0,0,0,0,1,1,0,0,0,1,0,1,4580.96899217
20211,1129001122,97,36,61,1,32,5,12,19,28,1,11,3,6,3,12,0,21,2,6,16,16,7421.26712276
20211,1129001123,2,1,1,0,0,0,0,0,2,0,0,0,0,0,1,0,0,0,0,0,1,1696.64153036
20211,1129001129,19,6,13,0,3,3,5,5,3,0,0,2,1,3,0,0,3,1,4,2,3,3607.41567548
20211,1129001130,6,0,6,0,0,0,1,1,4,0,0,0,0,0,0,0,0,0,1,1,4,2583.55293079
20211,1129001131,23,5,18,0,2,8,6,4,3,0,0,0,2,1,2,0,2,8,4,3,1,4133.48659791
20211,1129001133,95,66,29,0,8,14,24,15,34,0,4,10,20,7,25,0,4,4,4,8,9,3183.55152703
20211,1129001135,2,1,1,0,0,0,0,2,0,0,0,0,0,1,0,0,0,0,0,1,0,2058.40180891
20211,1129001136,10,8,2,0,1,4,3,2,0,0,0,4,2,2,0,0,1,0,1,0,0,3266.05569003
20211,1129001138,4,2,2,0,1,0,1,2,0,0,0,0,1,1,0,0,1,0,0,1,0,585.791870285
20211,1129001139,2,0,2,0,0,0,1,0,1,0,0,0,0,0,0,0,0,0,1,0,1,1302.75915144
20211,1129001140,28,5,23,0,6,8,7,7,0,0,0,0,2,3,0,0,6,8,5,4,0,3436.02822603
20211,1129001141,42,10,32,1,11,9,12,3,6,0,0,0,4,1,5,1,11,9,8,2,1,3221.74481827
20211,1129001142,66,57,9,0,5,9,27,20,5,0,4,8,22,18,5,0,1,1,5,2,0,5276.16119067
20211,1129001148,9,0,9,0,0,1,6,1,1,0,0,0,0,0,0,0,0,1,6,1,1,2789.06820654
20211,1129001160,26,23,3,0,2,0,6,10,8,0,1,0,6,8,8,0,1,0,0,2,0,2685.46833113
20211,1129001162,10,0,10,0,5,1,3,1,0,0,0,0,0,0,0,0,5,1,3,1,0,1353.70511579
20211,1129001177,2,1,1,0,0,0,1,1,0,0,0,0,0,1,0,0,0,0,1,0,0,2909.55795781
20211,1129001189,7,0,7,0,0,1,3,3,0,0,0,0,0,0,0,0,0,1,3,3,0,1309.27820178
20211,1129001193,5,5,0,0,0,0,0,0,5,0,0,0,0,0,5,0,0,0,0,0,0,1998.83080038
20211,1129001197,2,1,1,0,1,0,0,1,0,0,1,0,0,0,0,0,0,0,0,1,0,99605.7962169
20211,1129001209,3,1,2,0,1,1,1,0,0,0,0,1,0,0,0,0,1,0,1,0,0,1209.571331
20211,1129001212,63,40,23,0,4,6,14,14,25,0,3,3,8,9,17,0,1,3,6,5,8,3228.87013375
20211,1129001213,11,11,0,0,0,0,5,3,3,0,0,0,5,3,3,0,0,0,0,0,0,11869.6987014
20211,1129001216,2,2,0,0,0,0,1,0,1,0,0,0,1,0,1,0,0,0,0,0,0,1419.54481761
20211,1129001222,5,1,4,0,0,2,2,0,1,0,0,0,0,0,1,0,0,2,2,0,0,1470.5223192
20211,1129001224,12,9,3,0,1,1,3,4,3,0,0,1,2,3,3,0,1,0,1,1,0,4565.34861939
20211,1129001225,281,216,65,3,41,118,74,36,9,0,15,96,63,33,9,3,26,22,11,3,0,10829.4942014
20211,1129001229,23,12,11,0,1,5,7,7,3,0,1,2,3,4,2,0,0,3,4,3,1,5993.1940868
20211,1129001230,2,1,1,0,0,0,0,1,1,0,0,0,0,0,1,0,0,0,0,1,0,2293.41197725
20211,1129001231,3,2,1,0,0,1,2,0,0,0,0,0,2,0,0,0,0,1,0,0,0,936.311347998
20211,1129001233,2,1,1,0,0,0,1,0,1,0,0,0,0,0,1,0,0,0,1,0,0,1892.3058786
20211,1129001234,8,3,5,0,0,3,0,5,0,0,0,2,0,1,0,0,0,1,0,4,0,1664.17872038
20211,1129001236,3,1,2,0,0,0,3,0,0,0,0,0,1,0,0,0,0,0,2,0,0,2740.33162369
20211,1129001237,9,6,3,0,0,1,2,2,4,0,0,0,2,2,2,0,0,1,0,0,2,4341.85360475
20211,1129001244,2,0,2,0,0,0,1,0,1,0,0,0,0,0,0,0,0,0,1,0,1,1992.77634823
20211,1129001248,2,2,0,0,0,0,1,1,0,0,0,0,1,1,0,0,0,0,0,0,0,1114.64235579
20211,1129001249,15,13,2,0,1,2,4,3,5,0,1,2,3,3,4,0,0,0,1,0,1,2931.45226285
20211,1129001251,3,2,1,0,0,0,1,2,0,0,0,0,1,1,0,0,0,0,0,1,0,923.601009438
20211,1129001252,3,2,1,0,0,2,1,0,0,0,0,1,1,0,0,0,0,1,0,0,0,2599.71738132
20211,1129001254,6,5,1,0,1,1,3,0,1,0,1,1,2,0,1,0,0,0,1,0,0,5550.75628274
20211,1129001258,18,12,6,0,3,4,3,7,1,0,2,2,2,5,1,0,1,2,1,2,0,3363.37529125
20211,1129001282,1,0,1,0,0,0,1,0,0,0,0,0,0,0,0,0,0,0,1,0,0,754.959099717
20211,1129001285,51,41,10,0,4,7,10,15,15,0,3,4,7,13,14,0,1,3,3,2,1,658.550706345
20211,1129001289,5,1,4,0,1,0,1,2,1,0,0,0,0,1,0,0,1,0,1,1,1,3968.07642543
20211,1129001291,69,19,50,0,14,15,22,14,4,0,5,5,4,3,2,0,9,10,18,11,2,17632.6150367
20211,1129001292,20,15,5,0,0,4,1,3,12,0,0,1,1,2,11,0,0,3,0,1,1,4902.26588196
20211,1129001300,6,5,1,0,2,1,1,1,1,0,1,1,1,1,1,0,1,0,0,0,0,1001.19178283
20211,1129001301,13,10,3,0,0,5,2,6,0,0,0,4,1,5,0,0,0,1,1,1,0,1508.07996165
20211,1129001311,16,15,1,0,0,5,5,5,1,0,0,4,5,5,1,0,0,1,0,0,0,1419.37916464
20211,1129001315,13,8,5,0,1,4,2,5,1,0,0,3,1,3,1,0,1,1,1,2,0,7326.73988324
20211,1129001318,15,13,2,0,0,0,6,5,4,0,0,0,4,5,4,0,0,0,2,0,0,5437.55591509
20211,1129001320,4,1,3,0,0,2,0,1,1,0,0,1,0,0,0,0,0,1,0,1,1,1903.80143801
20211,1129001323,3,2,1,0,0,0,0,1,2,0,0,0,0,1,1,0,0,0,0,0,1,2120.45093986
20211,1129001326,2,1,1,0,1,0,0,1,0,0,1,0,0,0,0,0,0,0,0,1,0,918.664044957
20211,1129001327,22,19,3,0,0,8,6,7,1,0,0,7,5,6,1,0,0,1,1,1,0,4622.36804481
20211,1129001330,2,0,2,0,0,0,0,1,1,0,0,0,0,0,0,0,0,0,0,1,1,1084.26803368
20211,1129001334,4,4,0,0,0,4,0,0,0,0,0,4,0,0,0,0,0,0,0,0,0,5649.95803163
20211,1129001336,5,4,1,0,1,2,0,2,0,0,1,2,0,1,0,0,0,0,0,1,0,2715.72165908
20211,1129001346,4,2,2,0,0,0,2,1,1,0,0,0,1,1,0,0,0,0,1,0,1,2308.39439091
20211,1129001348,8,1,7,0,1,1,1,4,1,0,0,0,0,0,1,0,1,1,1,4,0,4790.86921001
20211,1129001350,95,50,45,0,14,19,24,17,21,0,1,9,13,10,17,0,13,10,11,7,4,3080.69931178
20211,1129001354,38,9,29,0,12,14,5,7,0,0,2,2,2,3,0,0,10,12,3,4,0,2816.14414283
20211,1129001360,92,77,15,0,22,21,14,30,5,0,22,17,8,25,5,0,0,4,6,5,0,2836.0672573
20211,1129001363,4,2,2,0,0,1,0,1,2,0,0,0,0,1,1,0,0,1,0,0,1,3231.17273356
20211,1129001364,18,17,1,0,1,3,4,6,4,0,1,3,4,5,4,0,0,0,0,1,0,2347.55049009
20211,1129001369,2,2,0,0,0,1,1,0,0,0,0,1,1,0,0,0,0,0,0,0,0,1727.63892008
20211,1129001371,5,1,4,0,2,0,0,2,1,0,0,0,0,1,0,0,2,0,0,1,1,3301.08702655
20211,1129001376,10,8,2,0,0,2,3,1,4,0,0,2,3,1,2,0,0,0,0,0,2,4852.52882864
20211,1129001379,6,4,2,0,1,0,1,4,0,0,1,0,0,3,0,0,0,0,1,1,0,2566.67596289
20211,1129001380,8,4,4,0,0,1,2,1,4,0,0,1,1,1,1,0,0,0,1,0,3,3835.571848
20211,1129001382,3,2,1,0,0,1,0,2,0,0,0,1,0,1,0,0,0,0,0,1,0,1341.3151994
20211,1129001384,11,7,4,0,0,5,2,3,1,0,0,3,2,1,1,0,0,2,0,2,0,2434.41465641
20211,1129001389,3,3,0,0,0,0,1,1,1,0,0,0,1,1,1,0,0,0,0,0,0,1455.30132018
20211,1129001391,3,2,1,0,0,0,1,2,0,0,0,0,1,1,0,0,0,0,0,1,0,4600.61349277
20211,1129001397,2,1,1,0,0,0,0,1,1,0,0,0,0,1,0,0,0,0,0,0,1,868.923957791
20211,1129001400,8,5,3,0,1,1,0,4,2,0,0,0,0,3,2,0,1,1,0,1,0,2443.09056824
20211,1129001402,8,6,2,0,0,2,2,3,1,0,0,1,2,2,1,0,0,1,0,1,0,1363.18684457
20211,1129001405,7,4,3,0,0,0,1,2,4,0,0,0,0,1,3,0,0,0,1,1,1,3773.12069376
20211,1129001409,7,4,3,0,3,2,1,1,0,0,2,1,1,0,0,0,1,1,0,1,0,3687.19811542
20211,1129001411,1,0,1,0,0,0,1,0,0,0,0,0,0,0,0,0,0,0,1,0,0,893.065313794
20211,1129001415,3,2,1,0,0,0,2,1,0,0,0,0,2,0,0,0,0,0,0,1,0,2578.26555068
20211,1129001416,16,8,8,0,2,3,6,4,1,0,0,1,4,2,1,0,2,2,2,2,0,2382.94063562
20211,1129001422,82,34,48,0,10,19,16,19,18,0,0,4,6,8,16,0,10,15,10,11,2,10522.4008775
20211,1129001424,71,57,14,0,4,10,20,34,3,0,3,5,14,32,3,0,1,5,6,2,0,5099.14970665
20211,1129001427,9,4,5,0,0,0,1,6,2,0,0,0,0,3,1,0,0,0,1,3,1,2764.31163355
20211,1129001428,58,25,33,0,6,15,15,17,5,0,3,4,5,9,4,0,3,11,10,8,1,24849.9049279
20211,1129001430,40,39,1,0,2,3,4,23,8,0,2,3,3,23,8,0,0,0,1,0,0,1719.2810491
20211,1129001433,1,0,1,0,0,1,0,0,0,0,0,0,0,0,0,0,0,1,0,0,0,4161.82129936
20211,1129001434,8,8,0,0,0,2,2,1,3,0,0,2,2,1,3,0,0,0,0,0,0,3140.00692645
20211,1129001436,3,3,0,0,0,0,1,0,2,0,0,0,1,0,2,0,0,0,0,0,0,1922.30098389
20211,1129001437,4,2,2,0,1,1,0,2,0,0,0,1,0,1,0,0,1,0,0,1,0,1054.98095312
20211,1129001440,37,8,29,0,2,7,11,12,5,0,2,1,1,0,4,0,0,6,10,12,1,12902.9829544
20211,1129001441,3,1,2,0,2,0,0,1,0,0,1,0,0,0,0,0,1,0,0,1,0,2441.66146192
20211,1129001442,10,10,0,0,0,3,5,2,0,0,0,3,5,2,0,0,0,0,0,0,0,2677.91136473
20211,1129001444,9,3,6,0,3,1,1,4,0,0,1,0,1,1,0,0,2,1,0,3,0,8911.19997696
20211,1129001445,1,0,1,0,0,0,0,1,0,0,0,0,0,0,0,0,0,0,0,1,0,2572.54803552
20211,1129001446,129,54,75,1,31,34,27,12,24,0,6,10,19,8,11,1,25,24,8,4,13,6222.99353583
20211,1129001449,10,8,2,0,4,1,1,3,1,0,3,1,1,2,1,0,1,0,0,1,0,1638.67995197
20211,1129001450,41,39,2,0,1,5,4,13,18,0,1,4,4,12,18,0,0,1,0,1,0,3137.43463678
20211,1129001451,3,2,1,0,0,0,1,1,1,0,0,0,1,1,0,0,0,0,0,0,1,1471.26951474
20211,1129001454,44,39,5,0,0,2,7,12,23,0,0,2,4,11,22,0,0,0,3,1,1,3278.69548523
20211,1129001457,4,3,1,0,0,1,0,2,1,0,0,1,0,1,1,0,0,0,0,1,0,2809.34675755
20211,1129001465,6,5,1,0,0,0,3,2,1,0,0,0,2,2,1,0,0,0,1,0,0,4592.43662789
20211,1129001468,6,2,4,0,0,2,1,2,1,0,0,1,0,1,0,0,0,1,1,1,1,5275.84700193
20211,1129001471,9,4,5,0,0,3,1,0,5,0,0,0,0,0,4,0,0,3,1,0,1,3885.02788991
20211,1129001473,6,5,1,0,0,0,4,2,0,0,0,0,3,2,0,0,0,0,1,0,0,1611.55927305
20211,1129001476,12,10,2,0,2,1,4,3,2,0,2,1,4,1,2,0,0,0,0,2,0,3534.0133398
20211,1129001489,907,703,204,0,4,10,19,44,830,0,0,7,6,26,664,0,4,3,13,18,166,3463.59476813
20211,1129001491,3,1,2,0,0,0,3,0,0,0,0,0,1,0,0,0,0,0,2,0,0,3906.08988199
20211,1129001498,19,12,7,0,0,2,6,5,6,0,0,1,4,2,5,0,0,1,2,3,1,1347.21113131
20211,1129001499,4,4,0,0,3,1,0,0,0,0,3,1,0,0,0,0,0,0,0,0,0,1754.1850392
20211,1129001500,4,1,3,0,0,1,3,0,0,0,0,0,1,0,0,0,0,1,2,0,0,863.468436994
20211,1129001503,37,34,3,0,4,7,7,9,10,0,3,6,6,9,10,0,1,1,1,0,0,6648.95313586
20211,1129001508,23,11,12,0,1,0,9,9,4,0,1,0,4,3,3,0,0,0,5,6,1,2775.16339585
20211,1129001511,6,2,4,0,0,1,3,2,0,0,0,0,0,2,0,0,0,1,3,0,0,2425.55832245
20211,1129001512,3,3,0,0,0,0,3,0,0,0,0,0,3,0,0,0,0,0,0,0,0,2482.12818792
20211,1129001516,3,1,2,0,0,0,1,2,0,0,0,0,0,1,0,0,0,0,1,1,0,10269.6729421
20211,1129001517,8,2,6,0,4,1,3,0,0,0,1,0,1,0,0,0,3,1,2,0,0,2946.1416121
20211,1129001520,24,19,5,0,0,0,3,4,17,0,0,0,2,3,14,0,0,0,1,1,3,112264.001808
20211,1129001527,21,3,18,1,3,7,6,3,1,0,1,0,1,0,1,1,2,7,5,3,0,1815.25704643
20211,1129001529,836,443,393,10,107,148,194,210,167,8,67,96,91,95,86,2,40,52,103,115,81,3244.91565666
20211,1129001533,12,6,6,0,1,2,5,3,1,0,1,2,0,2,1,0,0,0,5,1,0,7005.07258843
20211,1129001541,4,2,2,0,0,0,3,1,0,0,0,0,1,1,0,0,0,0,2,0,0,5582.10152217
20211,1129001542,35,21,14,0,6,12,6,9,2,0,0,8,5,7,1,0,6,4,1,2,1,10809.4800919
20211,1129001543,9,5,4,0,2,4,2,0,1,0,2,2,1,0,0,0,0,2,1,0,1,4252.23772058
20211,1129001544,13,7,6,0,2,2,3,3,3,0,1,1,3,0,2,0,1,1,0,3,1,2769.46438583
20211,1129001546,41,13,28,4,14,5,9,8,1,0,3,3,3,4,0,4,11,2,6,4,1,3700.23516321
20211,1129001547,8,4,4,0,0,1,1,2,4,0,0,0,0,1,3,0,0,1,1,1,1,2283.89334788
20211,1129001549,3,2,1,0,0,0,0,1,2,0,0,0,0,0,2,0,0,0,0,1,0,3082.87086879
20211,1129001550,17,7,10,0,4,4,0,5,4,0,0,0,0,5,2,0,4,4,0,0,2,3963.01710403
20211,1129001551,3,2,1,0,0,0,2,1,0,0,0,0,1,1,0,0,0,0,1,0,0,1255.51300215
20211,1129001552,11,4,7,0,3,4,0,4,0,0,0,2,0,2,0,0,3,2,0,2,0,2288.87004357
20211,1129001553,3,0,3,0,0,1,1,0,1,0,0,0,0,0,0,0,0,1,1,0,1,1312.89575304
20211,1129001554,20,13,7,0,0,3,4,10,3,0,0,1,1,9,2,0,0,2,3,1,1,4500.72589937
20211,1129001556,2,1,1,0,0,0,1,0,1,0,0,0,0,0,1,0,0,0,1,0,0,2130.03979263
20211,1129001557,22,10,12,0,3,2,5,4,8,0,2,0,2,2,4,0,1,2,3,2,4,1823.5022601
20211,1129001558,4,2,2,0,0,0,4,0,0,0,0,0,2,0,0,0,0,0,2,0,0,4102.41936634
20211,1129001561,2,1,1,0,0,0,1,0,1,0,0,0,0,0,1,0,0,0,1,0,0,1632.12625983
20211,1129001564,2,1,1,0,0,0,1,0,1,0,0,0,0,0,1,0,0,0,1,0,0,13747.5201953
20211,1129001566,8,5,3,0,1,0,2,3,2,0,0,0,2,2,1,0,1,0,0,1,1,2783.57534131
20211,1129001567,3,0,3,0,1,0,0,2,0,0,0,0,0,0,0,0,1,0,0,2,0,10023.0335707
20211,1129001568,24,14,10,0,2,6,2,7,7,0,0,2,2,5,5,0,2,4,0,2,2,4343.0355389
20211,1129001569,26,13,13,0,3,5,8,5,5,0,1,2,4,2,4,0,2,3,4,3,1,14381.065832
20211,1129001570,13,10,3,0,0,3,2,5,3,0,0,3,1,3,3,0,0,0,1,2,0,1730.01425553
20211,1129001571,432,90,342,1,41,96,188,103,3,0,11,40,30,7,2,1,30,56,158,96,1,3964.85927945
20211,1129001572,362,112,250,0,18,131,177,24,12,0,6,34,48,12,12,0,12,97,129,12,0,8056.7275957
20211,1129001573,5,4,1,0,0,3,0,1,1,0,0,2,0,1,1,0,0,1,0,0,0,3278.67060907
20211,1129001574,14,9,5,0,2,3,6,2,1,0,1,2,3,2,1,0,1,1,3,0,0,5029.25642128
20211,1129001575,45,16,29,0,8,7,8,14,8,0,3,3,0,6,4,0,5,4,8,8,4,8008.16925497
20211,1129001576,20,13,7,0,2,6,6,5,1,0,2,3,5,3,0,0,0,3,1,2,1,2056.06663506
20211,1129001577,59,11,48,0,11,11,6,29,2,0,2,4,5,0,0,0,9,7,1,29,2,4200.93537208
20211,1129001578,122,88,34,0,3,13,50,42,14,0,0,11,38,31,8,0,3,2,12,11,6,5359.15774984
20211,1129001580,12,1,11,0,1,2,2,3,4,0,0,0,0,0,1,0,1,2,2,3,3,2692.58656665
20211,1129001581,16,6,10,0,1,3,4,4,4,0,0,0,2,1,3,0,1,3,2,3,1,5943.67095631
20211,1129001582,5,1,4,0,2,0,1,1,1,0,1,0,0,0,0,0,1,0,1,1,1,3755.61358973
20211,1129001583,188,60,128,0,40,88,41,12,7,0,9,26,16,4,5,0,31,62,25,8,2,2705.58063208
20211,1129001584,682,558,124,3,110,218,218,92,41,3,79,184,190,69,33,0,31,34,28,23,8,12585.539396
20211,1129001585,62,15,47,0,4,22,21,13,2,0,0,7,3,4,1,0,4,15,18,9,1,18159.6794215
20211,1129001586,236,75,161,0,33,30,40,49,84,0,11,13,13,11,27,0,22,17,27,38,57,6965.9160308
20211,1129001588,23,9,14,0,4,5,5,6,3,0,2,0,2,2,3,0,2,5,3,4,0,28616.6529241
20211,1129001589,9,5,4,0,1,1,3,4,0,0,0,1,1,3,0,0,1,0,2,1,0,2947.70634045
20211,1129001590,27,17,10,1,2,9,7,6,2,0,2,6,4,4,1,1,0,3,3,2,1,4798.23307808
20211,1129001591,21,10,11,0,5,3,6,4,3,0,1,2,3,2,2,0,4,1,3,2,1,2138.14774143
20211,1129001595,16,12,4,0,0,7,1,6,2,0,0,5,0,5,2,0,0,2,1,1,0,1784.00920877
20211,1129001602,6,5,1,0,0,0,1,3,2,0,0,0,1,2,2,0,0,0,0,1,0,2389.19628428
20211,1129001604,7,2,5,0,2,0,3,2,0,0,1,0,0,1,0,0,1,0,3,1,0,13313.163929
20211,1129001607,60,51,9,0,1,11,10,24,14,0,1,5,9,23,13,0,0,6,1,1,1,7635.27289405
20211,1129001610,53,30,23,0,4,21,12,4,12,0,1,13,5,4,7,0,3,8,7,0,5,23111.2737032
20211,1129001611,19,18,1,0,6,5,2,3,3,0,6,5,2,3,2,0,0,0,0,0,1,9148.49375224
20211,1129001612,2,2,0,0,0,0,1,1,0,0,0,0,1,1,0,0,0,0,0,0,0,3095.44501609
20211,1129001616,124,24,100,0,14,20,35,50,5,0,7,4,7,5,1,0,7,16,28,45,4,8470.10363357
20211,1129001617,42,23,19,0,6,9,18,1,8,0,1,3,12,0,7,0,5,6,6,1,1,14624.148448
20211,1129001618,24,18,6,0,6,5,8,4,1,0,4,3,6,4,1,0,2,2,2,0,0,6027.49492595
20211,1129001619,3,1,2,0,0,2,0,0,1,0,0,0,0,0,1,0,0,2,0,0,0,1286.20306618
20211,1129001620,4,3,1,0,0,0,1,3,0,0,0,0,1,2,0,0,0,0,0,1,0,3699.48213505
20211,1129001624,1,1,0,0,0,0,1,0,0,0,0,0,1,0,0,0,0,0,0,0,0,1939.28228487
20211,1129001628,9,6,3,0,1,1,2,2,3,0,0,1,2,1,2,0,1,0,0,1,1,2708.79202984
20211,1129001629,8,8,0,0,2,0,4,1,1,0,2,0,4,1,1,0,0,0,0,0,0,3474.47241604
20211,1129001631,2,1,1,0,0,0,0,1,1,0,0,0,0,1,0,0,0,0,0,0,1,2526.9182402
20211,1129001640,2,2,0,0,0,0,0,2,0,0,0,0,0,2,0,0,0,0,0,0,0,6906.31589345
20211,1129001644,62,42,20,0,1,11,18,24,8,0,0,5,13,18,6,0,1,6,5,6,2,17096.9992394
20211,1129001645,6,2,4,0,0,1,1,0,4,0,0,0,1,0,1,0,0,1,0,0,3,1706.17310916
20211,1129001646,15,10,5,0,1,2,3,4,5,0,1,1,3,2,3,0,0,1,0,2,2,7776.28594244
20211,1129001649,6,3,3,0,1,1,0,2,2,0,1,0,0,1,1,0,0,1,0,1,1,3571.2929428
20211,1129001652,59,54,5,0,4,7,31,16,1,0,4,5,28,16,1,0,0,2,3,0,0,11076.9615897
20211,1129001653,1,1,0,0,0,0,0,0,1,0,0,0,0,0,1,0,0,0,0,0,0,531.4830948
20211,1129001657,20,12,8,0,3,1,4,6,6,0,1,1,1,4,5,0,2,0,3,2,1,7318.72766697
20211,1129001659,117,110,7,0,23,26,40,21,7,0,19,24,39,21,7,0,4,2,1,0,0,4489.0919205
20211,1129001660,2,0,2,0,0,0,0,1,1,0,0,0,0,0,0,0,0,0,0,1,1,1786.09024829
20211,1129001661,3,2,1,0,1,1,0,1,0,0,0,1,0,1,0,0,1,0,0,0,0,4540.41539848
20211,1129001663,3,1,2,0,1,0,0,2,0,0,0,0,0,1,0,0,1,0,0,1,0,2767.61504058
20211,1129001666,35,4,31,0,7,11,10,7,0,0,0,1,2,1,0,0,7,10,8,6,0,13506.0754743
20211,1129001668,20,11,9,0,1,4,5,2,8,0,0,2,4,1,4,0,1,2,1,1,4,8051.24339719
20211,1129001669,3,2,1,0,1,0,0,1,1,0,1,0,0,0,1,0,0,0,0,1,0,4217.65010909
20211,1129001670,2,1,1,0,0,0,1,1,0,0,0,0,0,1,0,0,0,0,1,0,0,4432.79953572
20211,1129001673,107,36,71,0,5,23,47,26,6,0,1,5,15,11,4,0,4,18,32,15,2,42048.6372977
20211,1129001674,6,5,1,0,0,1,0,5,0,0,0,1,0,4,0,0,0,0,0,1,0,5319.85616062
20211,1129001675,8,4,4,0,1,5,1,1,0,0,0,4,0,0,0,0,1,1,1,1,0,4405.43144491
20211,1129001677,5,3,2,0,0,1,2,1,1,0,0,1,1,1,0,0,0,0,1,0,1,18777.2333451
20211,1129001678,253,207,46,5,27,75,82,40,24,1,11,70,74,34,17,4,16,5,8,6,7,31709.101242
20211,1129001680,275,110,165,0,46,115,62,31,21,0,12,37,35,12,14,0,34,78,27,19,7,31423.9957706
20211,1129001681,159,124,35,6,42,59,35,11,6,6,36,54,23,5,0,0,6,5,12,6,6,4056.36903134
20211,1129001683,56,29,27,0,4,9,16,19,8,0,2,2,6,13,6,0,2,7,10,6,2,57347.5502962
20211,1129001685,31,17,14,0,6,10,9,4,2,0,4,8,4,0,1,0,2,2,5,4,1,9737.43556297
20211,1129001686,292,231,61,0,42,76,122,35,17,0,24,64,106,28,9,0,18,12,16,7,8,11872.4971689
20211,1129001687,15,3,12,0,6,3,2,3,1,0,0,0,0,2,1,0,6,3,2,1,0,6060.75766147
20211,1129001691,34,26,8,0,4,6,12,5,7,0,2,4,9,5,6,0,2,2,3,0,1,3565.23037215
20211,1129001695,29,10,19,0,3,2,7,8,9,0,2,2,4,1,1,0,1,0,3,7,8,9635.54196006
20211,1129001696,8,5,3,0,0,0,3,4,1,0,0,0,2,2,1,0,0,0,1,2,0,21940.0663842
20211,1129001697,287,166,121,3,123,71,40,34,16,0,56,46,29,24,11,3,67,25,11,10,5,3701.5317609
20211,1129001698,113,56,57,0,14,35,33,25,6,0,4,14,13,20,5,0,10,21,20,5,1,36366.1105139
20211,1129001699,203,155,48,0,19,62,53,60,9,0,13,46,43,45,8,0,6,16,10,15,1,18370.718007
20211,1129001701,55,33,22,0,9,10,11,13,12,0,5,7,7,7,7,0,4,3,4,6,5,14579.7433132
20211,1129001706,10,4,6,0,2,1,1,2,4,0,0,0,0,1,3,0,2,1,1,1,1,8823.65887523
20211,1129001707,100,41,59,0,17,42,34,5,2,0,5,12,20,2,2,0,12,30,14,3,0,2298.36418357
20211,1129001710,7,3,4,0,1,0,4,0,2,0,0,0,1,0,2,0,1,0,3,0,0,9280.69115543
20211,1129001711,1,1,0,0,0,0,0,0,1,0,0,0,0,0,1,0,0,0,0,0,0,3813.48944324
20211,1129001712,389,264,125,3,93,154,89,33,17,0,50,111,61,26,16,3,43,43,28,7,1,50964.5354988
20211,1129001713,7,6,1,0,0,0,3,2,2,0,0,0,2,2,2,0,0,0,1,0,0,15040.4546882
20211,1129001714,2,1,1,0,0,0,1,1,0,0,0,0,1,0,0,0,0,0,0,1,0,61113.2339719
20211,1129001717,5,3,2,0,0,0,3,1,1,0,0,0,2,0,1,0,0,0,1,1,0,2859.45799565
20211,1129001718,20,20,0,0,1,2,4,10,3,0,1,2,4,10,3,0,0,0,0,0,0,5182.60388761
20211,1129001720,113,81,32,0,9,24,27,35,18,0,3,17,20,25,16,0,6,7,7,10,2,14588.5181186
20211,1129001721,2,2,0,0,0,1,0,0,1,0,0,1,0,0,1,0,0,0,0,0,0,35726.6010143
20211,1129001722,115,50,65,3,39,21,21,23,8,1,20,10,12,6,1,2,19,11,9,17,7,208944.212216
20211,1129001723,1007,400,607,4,392,409,176,22,4,1,168,178,43,6,4,3,224,231,133,16,0,17351.2547931
20211,1129001725,115,105,10,0,14,26,36,30,9,0,11,24,33,29,8,0,3,2,3,1,1,3211.27340679
20211,1129001727,60,37,23,0,16,23,16,4,1,0,10,15,9,3,0,0,6,8,7,1,1,11404.1999449
20211,1129001728,122,113,9,0,0,3,13,52,54,0,0,1,11,49,52,0,0,2,2,3,2,10298.3745181
20211,1129001729,39,21,18,0,9,8,16,5,1,0,1,3,13,4,0,0,8,5,3,1,1,14429.3177552
20211,1129001731,352,338,14,0,36,100,101,105,10,0,32,96,96,105,9,0,4,4,5,0,1,15322.0620527
20211,1129001732,22,14,8,0,3,5,4,8,2,0,3,4,2,4,1,0,0,1,2,4,1,7008.62593422
20211,1129001733,507,385,122,1,154,156,83,102,11,0,74,127,72,102,10,1,80,29,11,0,1,14141.332928
20211,1129001734,11,5,6,0,4,1,2,2,2,0,1,1,1,1,1,0,3,0,1,1,1,16218.749889
20211,1129001735,2,1,1,0,1,0,1,0,0,0,0,0,1,0,0,0,1,0,0,0,0,3143.56685703
20211,1129001736,888,751,137,0,105,305,278,187,13,0,54,259,248,178,12,0,51,46,30,9,1,20885.5474179
20211,1129001737,4,4,0,0,0,1,2,0,1,0,0,1,2,0,1,0,0,0,0,0,0,6677.97298018
20211,1129001738,12087,11233,854,5,892,2435,3701,4847,207,0,725,2094,3516,4751,147,5,167,341,185,96,60,36702.3474634
20211,1129001739,61,36,25,0,1,19,25,12,4,0,0,11,11,10,4,0,1,8,14,2,0,3342.16520041
20211,1129001740,7,4,3,0,0,2,3,1,1,0,0,1,2,1,0,0,0,1,1,0,1,11136.2202808
20211,1129001741,19,8,11,1,5,1,7,3,2,0,4,0,3,0,1,1,1,1,4,3,1,14491.8325383
20211,1129001742,82,45,37,0,8,18,22,15,19,0,4,7,10,10,14,0,4,11,12,5,5,59407.2168511
20211,1129001743,35,22,13,0,7,11,9,6,2,0,5,7,6,3,1,0,2,4,3,3,1,45676.2336692
20211,1129001744,277,230,47,1,36,85,92,55,8,0,23,60,87,53,7,1,13,25,5,2,1,4252.37959544
20211,1129001747,554,197,357,0,114,176,203,59,2,0,31,48,81,35,2,0,83,128,122,24,0,62215.1849167
20211,1129001748,22,18,4,0,1,4,5,8,4,0,0,4,3,8,3,0,1,0,2,0,1,13250.2462508
20211,1129001750,62,55,7,1,3,5,11,21,21,1,2,4,10,19,19,0,1,1,1,2,2,4991.29551256
20211,1129001752,268,138,130,2,94,38,39,37,58,0,42,19,26,18,33,2,52,19,13,19,25,32129.1420407
20211,1129001754,37,21,16,0,4,9,13,5,6,0,3,6,4,2,6,0,1,3,9,3,0,56238.503021
20211,1129001755,8,5,3,0,0,3,1,1,3,0,0,2,1,1,1,0,0,1,0,0,2,15866.9890591
20211,1129001757,971,449,522,0,262,307,224,139,39,0,77,122,129,93,28,0,185,185,95,46,11,115183.835906
20211,1129001758,9,6,3,0,0,2,1,1,5,0,0,1,0,0,5,0,0,1,1,1,0,461704.104484
20211,1129001759,21,9,12,0,4,6,7,3,1,0,0,2,3,3,1,0,4,4,4,0,0,127972.990805
20211,1129001760,12,5,7,0,0,2,5,3,2,0,0,0,1,2,2,0,0,2,4,1,0,173578.137983
20211,1129001762,81,60,21,0,9,13,26,17,16,0,6,10,17,13,14,0,3,3,9,4,2,3792.49172069
20211,1129001763,38,19,19,0,7,9,11,9,2,0,2,5,5,6,1,0,5,4,6,3,1,3685.11917834
20211,1129001765,89,64,25,0,7,10,25,24,23,0,2,6,19,20,17,0,5,4,6,4,6,3195.51657621
20211,1129001766,84,69,15,0,11,13,23,28,9,0,7,10,20,23,9,0,4,3,3,5,0,2626.50736881
20211,1129001767,4,3,1,0,1,0,0,0,3,0,0,0,0,0,3,0,1,0,0,0,0,2362.44833114
20211,1129001769,7,5,2,0,0,0,1,4,2,0,0,0,0,3,2,0,0,0,1,1,0,7690.69074465
20211,1129001771,28,18,10,0,1,5,12,7,3,0,1,2,6,6,3,0,0,3,6,1,0,5002.07761172
20211,1129001772,2,2,0,0,0,0,0,1,1,0,0,0,0,1,1,0,0,0,0,0,0,5441.09988607
20211,1129001775,22,17,5,0,7,10,2,1,2,0,5,9,2,1,0,0,2,1,0,0,2,4574.31319467
20211,1129001777,676,506,170,3,121,184,150,147,71,3,79,140,120,117,47,0,42,44,30,30,24,5672.70743044
20211,1129001780,39,24,15,0,2,13,9,10,5,0,1,11,4,4,4,0,1,2,5,6,1,12966.6739742
20211,1129001781,49,27,22,1,13,11,10,11,3,0,5,6,9,4,3,1,8,5,1,7,0,679.953867576
20211,1129001782,301,249,52,1,33,90,111,66,0,0,26,81,91,51,0,1,7,9,20,15,0,5627.30439485
20211,1129001787,5,2,3,0,0,2,0,2,1,0,0,1,0,0,1,0,0,1,0,2,0,1932.05015884
20211,1129001790,2,2,0,0,0,0,2,0,0,0,0,0,2,0,0,0,0,0,0,0,0,953.419858708
20211,1129001791,23,13,10,0,12,9,1,1,0,0,6,6,1,0,0,0,6,3,0,1,0,5521.52808952
20211,1129001792,4,2,2,0,0,0,1,3,0,0,0,0,0,2,0,0,0,0,1,1,0,6575.87772822
20211,1129001793,8,4,4,0,0,1,0,3,4,0,0,1,0,0,3,0,0,0,0,3,1,1556.47288448
20211,1129001796,2,1,1,0,0,0,0,2,0,0,0,0,0,1,0,0,0,0,0,1,0,5927.95159607
20211,1129001797,3,3,0,0,0,0,0,3,0,0,0,0,0,3,0,0,0,0,0,0,0,3749.07707306
20211,1129001798,4,2,2,0,0,0,2,0,2,0,0,0,2,0,0,0,0,0,0,0,2,2491.22563213
20211,1129001799,7,1,6,0,3,3,0,0,1,0,1,0,0,0,0,0,2,3,0,0,1,3497.66272857
20211,1129001800,22,6,16,1,10,7,2,0,2,0,0,3,2,0,1,1,10,4,0,0,1,2929.06750307
20211,1129001802,5,4,1,0,0,1,2,2,0,0,0,1,1,2,0,0,0,0,1,0,0,1957.18080496
20211,1129001803,10,1,9,0,2,5,2,0,1,0,0,1,0,0,0,0,2,4,2,0,1,3701.79853524
20211,1129001805,173,162,11,0,3,13,17,56,84,0,2,10,15,54,81,0,1,3,2,2,3,7603.20550094
20211,1129001806,6,5,1,0,0,1,0,3,2,0,0,1,0,3,1,0,0,0,0,0,1,6103.56689588
20211,1129001809,393,366,27,0,18,51,87,144,93,0,15,49,81,132,89,0,3,2,6,12,4,4015.54869065
20211,1129001811,3,1,2,0,0,1,1,0,1,0,0,0,0,0,1,0,0,1,1,0,0,4013.3108732
20211,1129001813,1027,535,492,0,91,342,397,191,6,0,29,148,235,117,6,0,62,194,162,74,0,1236.84460347
20211,1129001817,15,9,6,0,0,4,3,1,7,0,0,1,2,0,6,0,0,3,1,1,1,4900.68402436
20211,1129001819,70,66,4,0,3,0,9,33,25,0,1,0,8,33,24,0,2,0,1,0,1,2866.42817973
20211,1129001821,437,335,102,1,126,198,91,17,4,0,86,158,76,13,2,1,40,40,15,4,2,6101.43159287
20211,1129001822,121,44,77,0,27,24,36,19,15,0,10,8,10,10,6,0,17,16,26,9,9,3977.64529884
20211,1129001823,12,7,5,0,0,0,1,3,8,0,0,0,1,0,6,0,0,0,0,3,2,9128.55318805
20211,1129001824,16,9,7,0,4,4,3,2,3,0,3,2,2,0,2,0,1,2,1,2,1,8815.50505784
20211,1129001826,7,6,1,0,3,3,1,0,0,0,2,3,1,0,0,0,1,0,0,0,0,1169.4131382
20211,1129001831,24,19,5,0,3,4,9,5,3,0,2,2,8,4,3,0,1,2,1,1,0,3705.6866103
20211,1129001834,2,1,1,0,0,1,1,0,0,0,0,0,1,0,0,0,0,1,0,0,0,1737.95598376
20211,1129001837,5,2,3,0,0,0,2,1,2,0,0,0,0,0,2,0,0,0,2,1,0,4200.31347075
20211,1129001838,20,0,20,0,9,2,4,5,0,0,0,0,0,0,0,0,9,2,4,5,0,1605.0396624
20211,1129001839,2,1,1,0,0,0,1,1,0,0,0,0,0,1,0,0,0,0,1,0,0,2216.78679614
20211,1129001843,16,5,11,1,3,4,2,4,2,0,0,1,2,1,1,1,3,3,0,3,1,6201.15364473
20211,1129001844,8,1,7,0,1,2,1,0,4,0,0,0,0,0,1,0,1,2,1,0,3,1180.56938563
20211,1129001845,6,2,4,0,2,1,1,0,2,0,0,1,0,0,1,0,2,0,1,0,1,1469.88884095
20211,1129001846,2,2,0,0,0,0,1,0,1,0,0,0,1,0,1,0,0,0,0,0,0,4253.98061194
20211,1129001847,10,9,1,0,2,5,3,0,0,0,2,4,3,0,0,0,0,1,0,0,0,3085.97983842
20211,1129001849,5,2,3,0,1,0,1,3,0,0,1,0,0,1,0,0,0,0,1,2,0,1774.29074096
20211,1129001852,14,2,12,0,1,3,7,2,1,0,0,0,1,1,0,0,1,3,6,1,1,5600.35205905
20211,1129001854,28,7,21,0,12,9,5,1,1,0,0,2,3,1,1,0,12,7,2,0,0,2237.60939737
20211,1129001855,3,1,2,0,1,1,0,1,0,0,0,0,0,1,0,0,1,1,0,0,0,2625.55521993
20211,1129001856,11,8,3,0,0,3,5,3,0,0,0,3,3,2,0,0,0,0,2,1,0,2524.69968364
20211,1129001857,12,6,6,0,0,6,3,2,1,0,0,2,1,2,1,0,0,4,2,0,0,1269.0379333
20211,1129001858,9,6,3,0,0,1,2,1,5,0,0,1,0,1,4,0,0,0,2,0,1,2440.06803089
20211,1129001859,4,2,2,0,0,1,1,2,0,0,0,1,0,1,0,0,0,0,1,1,0,1274.74125263
20211,1129001862,22,11,11,0,3,3,6,5,5,0,0,2,3,3,3,0,3,1,3,2,2,1344.83088156
20211,1129001864,15,7,8,0,5,2,0,2,6,0,1,1,0,1,4,0,4,1,0,1,2,4159.64299935
20211,1129001865,13,10,3,0,1,5,2,4,1,0,0,4,2,3,1,0,1,1,0,1,0,5431.32381959
20211,1129001866,9,5,4,0,0,1,5,3,0,0,0,1,1,3,0,0,0,0,4,0,0,1978.40387727
20211,1129001868,6,4,2,0,1,4,0,0,1,0,0,3,0,0,1,0,1,1,0,0,0,2023.40280659
20211,1129001869,17,11,6,0,0,2,7,5,3,0,0,1,3,4,3,0,0,1,4,1,0,1213.87136607
20211,1129001871,20,6,14,0,4,3,6,7,0,0,0,2,0,4,0,0,4,1,6,3,0,5937.41628291
20211,1129001872,81,44,37,0,6,10,25,30,10,0,4,7,12,16,5,0,2,3,13,14,5,4385.11483318
20211,1129001873,17,10,7,0,0,2,9,3,3,0,0,2,5,0,3,0,0,0,4,3,0,6423.12726131
20211,1129001874,3,1,2,0,0,0,3,0,0,0,0,0,1,0,0,0,0,0,2,0,0,3041.35607503
20211,1129001877,24,17,7,0,1,2,11,5,5,0,1,1,8,3,4,0,0,1,3,2,1,2379.96039316
20211,1129001880,88,32,56,0,11,17,22,17,21,0,6,5,2,8,11,0,5,12,20,9,10,11745.6973191
20211,1129001882,7,5,2,0,0,0,1,6,0,0,0,0,0,5,0,0,0,0,1,1,0,2567.74991221
20211,1129001885,15,9,6,0,5,5,2,3,0,0,4,1,2,2,0,0,1,4,0,1,0,4631.45059836
20211,1129001890,2,2,0,0,0,0,2,0,0,0,0,0,2,0,0,0,0,0,0,0,0,1215.75226458
20211,1129001892,5,1,4,0,0,0,0,4,1,0,0,0,0,1,0,0,0,0,0,3,1,4712.9194268
20211,1129001893,7,6,1,0,2,1,3,0,1,0,2,1,3,0,0,0,0,0,0,0,1,4072.76141789
20211,1129001894,11,5,6,0,5,3,2,0,1,0,0,2,2,0,1,0,5,1,0,0,0,5014.25878933
20211,1129001895,20,4,16,0,1,0,5,12,2,0,0,0,0,3,1,0,1,0,5,9,1,4594.51232741
20211,1129001900,2,2,0,0,0,0,1,0,1,0,0,0,1,0,1,0,0,0,0,0,0,1438.37091732
20211,1129001902,6,4,2,0,1,1,0,0,4,0,1,1,0,0,2,0,0,0,0,0,2,2446.56008202
20211,1129001905,73,25,48,0,14,19,20,12,8,0,5,4,6,5,5,0,9,15,14,7,3,76031.7400242
20211,1129001908,9,3,6,0,1,2,4,1,1,0,0,1,1,0,1,0,1,1,3,1,0,2639.12239581
20211,1129001910,10,5,5,0,0,5,3,2,0,0,0,2,1,2,0,0,0,3,2,0,0,3448.69916309
20211,1129001911,9,3,6,0,0,0,6,2,1,0,0,0,3,0,0,0,0,0,3,2,1,4654.39745712
20211,1129001912,5,4,1,0,0,1,0,2,2,0,0,1,0,2,1,0,0,0,0,0,1,1587.62560515
20211,1129001913,4,4,0,0,0,1,0,2,1,0,0,1,0,2,1,0,0,0,0,0,0,1322.62881485
20211,1129001919,3,1,2,0,0,3,0,0,0,0,0,1,0,0,0,0,0,2,0,0,0,1226.92166334
20211,1129001921,1,0,1,0,0,1,0,0,0,0,0,0,0,0,0,0,0,1,0,0,0,1330.40119407
20211,1129001923,128,38,90,0,10,24,53,30,11,0,4,5,15,9,5,0,6,19,38,21,6,3420.0104574
20211,1129001932,3,0,3,0,1,0,0,2,0,0,0,0,0,0,0,0,1,0,0,2,0,2467.5735448
20211,1129001936,3,2,1,0,0,0,0,3,0,0,0,0,0,2,0,0,0,0,0,1,0,9166.11253513
20211,1129001941,46,12,34,0,16,13,7,8,2,0,4,4,3,0,1,0,12,9,4,8,1,9370.09863927
20211,1129001942,26,12,14,0,18,3,3,2,0,0,7,2,1,2,0,0,11,1,2,0,0,437947.697653
20211,1129001945,2,2,0,0,0,0,0,1,1,0,0,0,0,1,1,0,0,0,0,0,0,1967.90878546
20211,1129001946,6,6,0,0,0,3,3,0,0,0,0,3,3,0,0,0,0,0,0,0,0,1541.27775852
20211,1129001947,2,1,1,0,0,1,0,0,1,0,0,0,0,0,1,0,0,1,0,0,0,7388.18419486
20211,1129001948,44,12,32,0,5,1,14,17,7,0,1,1,2,3,5,0,4,0,12,14,2,16156.7338016
20211,1129001950,7,5,2,0,0,4,2,1,0,0,0,2,2,1,0,0,0,2,0,0,0,3221.76775899
20211,1129001953,6,4,2,0,0,0,3,3,0,0,0,0,2,2,0,0,0,0,1,1,0,9974.66027638
20211,1129001954,17,4,13,0,4,3,7,2,1,0,0,1,2,0,1,0,4,2,5,2,0,6849.4671825
20211,1129001955,56,37,19,0,11,16,13,11,5,0,8,11,9,6,3,0,3,5,4,5,2,3092.29561786
20211,1129001959,5,4,1,0,0,0,2,3,0,0,0,0,1,3,0,0,0,0,1,0,0,3289.24841544
20211,1129001960,2,2,0,0,0,0,1,1,0,0,0,0,1,1,0,0,0,0,0,0,0,1295.03307299
20211,1129001962,6,5,1,0,1,1,2,0,2,0,1,1,1,0,2,0,0,0,1,0,0,1859.69998736
20211,1129001964,243,154,89,2,21,47,70,68,35,2,16,28,39,47,22,0,5,19,31,21,13,4677.16547515
20211,1129001967,40,38,2,0,0,3,7,26,4,0,0,3,6,26,3,0,0,0,1,0,1,2753.5521339
20211,1129001968,155,134,21,0,4,8,23,64,56,0,1,7,16,58,52,0,3,1,7,6,4,1484.80235144
20211,1129001970,989,763,226,0,20,25,102,137,705,0,17,19,68,110,549,0,3,6,34,27,156,10142.1060422
20211,1129001981,8,8,0,0,0,1,6,1,0,0,0,1,6,1,0,0,0,0,0,0,0,1991.0859651
20211,1129001983,2,2,0,0,0,0,1,0,1,0,0,0,1,0,1,0,0,0,0,0,0,3496.91527157
20211,1129001986,11,0,11,0,1,3,4,1,2,0,0,0,0,0,0,0,1,3,4,1,2,1822.66614489
20211,1129001997,48,37,11,0,9,3,4,23,9,0,5,2,2,21,7,0,4,1,2,2,2,6168.94218231
20211,1129002002,1,1,0,0,0,0,0,1,0,0,0,0,0,1,0,0,0,0,0,0,0,3881.52250267
20211,1129002003,4,2,2,0,0,0,1,2,1,0,0,0,0,1,1,0,0,0,1,1,0,1632.91902632
20211,1129002007,9,2,7,0,2,1,5,1,0,0,0,0,1,1,0,0,2,1,4,0,0,4233.0347951
20211,1129002009,3,2,1,0,0,0,2,1,0,0,0,0,1,1,0,0,0,0,1,0,0,2124.45724996
20211,1129002012,15,4,11,0,0,0,3,11,1,0,0,0,1,2,1,0,0,0,2,9,0,1507.14214812
20211,1129002016,24,11,13,0,5,5,7,4,3,0,0,3,5,2,1,0,5,2,2,2,2,3779.15199954
20211,1129002021,8,6,2,0,0,4,2,2,0,0,0,4,0,2,0,0,0,0,2,0,0,1576.48788212
20211,1129002022,4,2,2,0,1,0,2,0,1,0,0,0,1,0,1,0,1,0,1,0,0,4191.55035887
20211,1129002023,116,57,59,0,21,31,27,22,15,0,8,13,11,14,11,0,13,18,16,8,4,11480.5519753
20211,1129002039,2,2,0,0,1,0,0,1,0,0,1,0,0,1,0,0,0,0,0,0,0,1334.84037769
20211,1129002043,3,3,0,0,0,0,0,1,2,0,0,0,0,1,2,0,0,0,0,0,0,1435.64434277
20211,1129002046,58,14,44,0,0,4,13,18,23,0,0,4,4,4,2,0,0,0,9,14,21,8749.50762102
20211,1129002047,2,1,1,0,0,0,1,1,0,0,0,0,1,0,0,0,0,0,0,1,0,3870.47638498
20211,1129002048,5,3,2,0,0,1,1,2,1,0,0,0,1,2,0,0,0,1,0,0,1,1443.41986327
20211,1129002049,11,10,1,0,0,2,3,4,2,0,0,2,2,4,2,0,0,0,1,0,0,1672.3509793
20211,1129002053,21,5,16,0,2,10,4,5,0,0,0,5,0,0,0,0,2,5,4,5,0,1894.38440958
20211,1129002059,84,61,23,1,11,22,35,11,4,1,6,19,30,5,0,0,5,3,5,6,4,4709.91195331
20211,1129002060,13,6,7,0,6,3,2,2,0,0,2,1,1,2,0,0,4,2,1,0,0,1810.84668155
20211,1129002068,3,1,2,0,0,0,3,0,0,0,0,0,1,0,0,0,0,0,2,0,0,2267.13034229
20211,1129002072,3,3,0,0,0,0,0,2,1,0,0,0,0,2,1,0,0,0,0,0,0,1338.37583629
20211,1129002077,13,4,9,0,7,2,2,1,1,0,0,1,2,0,1,0,7,1,0,1,0,1355.91522144
20211,1129002080,10,0,10,0,1,3,3,2,1,0,0,0,0,0,0,0,1,3,3,2,1,2501.95897082
20211,1129002083,3,0,3,0,1,2,0,0,0,0,0,0,0,0,0,0,1,2,0,0,0,2980.77335471
20211,1129002084,179,29,150,0,34,58,48,38,1,0,3,8,9,9,0,0,31,50,39,29,1,13593.4671353
20211,1129002086,5,4,1,0,0,0,1,3,1,0,0,0,1,2,1,0,0,0,0,1,0,5751.88011396
20211,1129002087,10,0,10,0,1,3,4,2,0,0,0,0,0,0,0,0,1,3,4,2,0,1676.80587636
20211,1129002090,6,5,1,0,0,2,1,3,0,0,0,2,1,2,0,0,0,0,0,1,0,1737.84172402
20211,1129002091,4,3,1,0,0,0,0,3,1,0,0,0,0,2,1,0,0,0,0,1,0,3879.23639159
20211,1129002093,7,5,2,0,1,1,3,2,0,0,1,1,2,1,0,0,0,0,1,1,0,1683.362008
20211,1129002094,2,1,1,0,0,1,1,0,0,0,0,1,0,0,0,0,0,0,1,0,0,2410.06826046
20211,1129002105,3,2,1,0,0,1,2,0,0,0,0,1,1,0,0,0,0,0,1,0,0,2036.80540496
20211,1129002107,11,4,7,0,0,4,4,2,1,0,0,0,2,1,1,0,0,4,2,1,0,4800.9954326
20211,1129002118,2,1,1,0,0,2,0,0,0,0,0,1,0,0,0,0,0,1,0,0,0,2098.21971208
20211,1129002124,5,2,3,0,0,1,0,2,2,0,0,1,0,0,1,0,0,0,0,2,1,2433.43492417
20211,1129002126,173,72,101,0,14,29,53,27,50,0,4,10,28,12,18,0,10,19,25,15,32,2709.43073191
20211,1129002128,10,1,9,0,1,0,2,6,1,0,0,0,0,0,1,0,1,0,2,6,0,3326.39011218
20211,1129002138,1,1,0,0,0,0,1,0,0,0,0,0,1,0,0,0,0,0,0,0,0,533.733970255
20211,1129002154,54,15,39,1,10,21,16,3,3,1,2,5,6,1,0,0,8,16,10,2,3,5325.53662008
20211,1129002156,35,9,26,0,3,5,4,5,18,0,0,2,3,1,3,0,3,3,1,4,15,4538.77153372
20211,1129002163,23,5,18,0,6,1,10,6,0,0,0,0,1,4,0,0,6,1,9,2,0,6501.85395217
20211,1129002168,30,13,17,0,3,6,11,4,6,0,0,1,7,0,5,0,3,5,4,4,1,5826.40881998
20211,1129002171,2,0,2,0,0,2,0,0,0,0,0,0,0,0,0,0,0,2,0,0,0,10329.6850449
20211,1129002181,3,3,0,0,0,1,1,0,1,0,0,1,1,0,1,0,0,0,0,0,0,5679.50517494
20211,1129002182,224,140,84,1,30,64,82,29,18,0,17,43,44,21,15,1,13,21,38,8,3,3129.97681504
20211,1129002184,4,2,2,0,0,3,1,0,0,0,0,2,0,0,0,0,0,1,1,0,0,1770.72861873
20211,1129002185,3,2,1,0,1,0,1,1,0,0,1,0,1,0,0,0,0,0,0,1,0,1834.70040303
20211,1129002186,2,1,1,0,0,0,2,0,0,0,0,0,1,0,0,0,0,0,1,0,0,3832.37423793
20211,1129002188,3,2,1,0,0,0,1,2,0,0,0,0,0,2,0,0,0,0,1,0,0,3403.37784519
20211,1129002190,2,2,0,0,0,1,0,1,0,0,0,1,0,1,0,0,0,0,0,0,0,3530.87557737
20211,1129002192,2,2,0,0,0,0,0,2,0,0,0,0,0,2,0,0,0,0,0,0,0,3566.39001961
20211,1129002193,3,2,1,0,0,0,0,2,1,0,0,0,0,1,1,0,0,0,0,1,0,3217.46525943
20211,1129002195,101,69,32,0,11,24,31,13,22,0,6,18,22,10,13,0,5,6,9,3,9,22349.1448746
20211,1129002196,4,2,2,0,1,2,0,1,0,0,0,1,0,1,0,0,1,1,0,0,0,1252.91435252
20211,1129002198,35,22,13,0,1,7,8,9,10,0,1,3,3,7,8,0,0,4,5,2,2,7752.24972337
20211,1129002199,2,1,1,0,0,1,0,1,0,0,0,0,0,1,0,0,0,1,0,0,0,3624.71100486
20211,1129002201,2,1,1,0,0,0,0,0,2,0,0,0,0,0,1,0,0,0,0,0,1,2906.53584558
20211,1129002203,36,32,4,0,4,3,11,12,6,0,4,2,9,11,6,0,0,1,2,1,0,4622.10989553
20211,1129002204,7,4,3,0,1,3,2,0,1,0,0,1,2,0,1,0,1,2,0,0,0,8681.19333025
20211,1129002205,6,0,6,0,1,2,0,3,0,0,0,0,0,0,0,0,1,2,0,3,0,8030.38680177
20211,1129002207,23,12,11,0,1,6,3,6,7,0,0,3,1,2,6,0,1,3,2,4,1,4035.81071771
20211,1129002208,332,173,159,0,32,101,104,63,32,0,12,50,64,28,19,0,20,51,40,35,13,10145.1995628
20211,1129002209,5,0,5,0,0,2,1,1,1,0,0,0,0,0,0,0,0,2,1,1,1,1273.98623352
20211,1129002210,38,15,23,0,7,8,9,7,7,0,2,3,2,3,5,0,5,5,7,4,2,8120.09588535
20211,1129002211,21,9,12,0,0,1,5,8,7,0,0,1,1,3,4,0,0,0,4,5,3,4500.74404008
20211,1129002212,65,35,30,0,5,14,13,16,17,0,2,9,6,11,7,0,3,5,7,5,10,8957.09524743
20211,1129002213,45,22,23,0,2,7,16,16,4,0,1,3,7,9,2,0,1,4,9,7,2,14995.2650451
20211,1129002214,7,6,1,0,0,1,2,1,3,0,0,1,2,0,3,0,0,0,0,1,0,1731.99791452
20211,1129002215,6,2,4,0,1,0,2,2,1,0,0,0,1,0,1,0,1,0,1,2,0,3440.34008297
20211,1129002218,52,34,18,1,10,13,16,8,4,0,5,9,12,6,2,1,5,4,4,2,2,14864.3252315
20211,1129002219,7,5,2,0,2,1,2,2,0,0,1,1,1,2,0,0,1,0,1,0,0,5857.28448504
20211,1129002221,22,10,12,0,4,6,2,5,5,0,1,1,0,4,4,0,3,5,2,1,1,12600.4196396
20211,1129002223,6,2,4,0,0,0,2,4,0,0,0,0,0,2,0,0,0,0,2,2,0,3021.59637702
20211,1129002225,16,6,10,0,1,4,6,3,2,0,0,1,4,0,1,0,1,3,2,3,1,3273.96716563
20211,1129002229,1627,1166,461,0,310,658,319,221,119,0,169,480,226,177,114,0,141,178,93,44,5,441421.287997
20211,1129002231,26,12,14,0,0,5,13,3,5,0,0,1,6,1,4,0,0,4,7,2,1,5168.98395907
20211,1129002233,3,1,2,0,0,0,1,0,2,0,0,0,0,0,1,0,0,0,1,0,1,3429.18856967
20211,1129002236,9,2,7,0,2,5,2,0,0,0,0,2,0,0,0,0,2,3,2,0,0,5999.12956369
20211,1129002238,5,4,1,0,1,2,2,0,0,0,1,2,1,0,0,0,0,0,1,0,0,8420.20371284
20211,1129002243,17,1,16,0,3,7,4,2,1,0,0,0,0,0,1,0,3,7,4,2,0,169635.383512
20211,1129002244,14,2,12,0,4,2,4,3,1,0,0,0,0,2,0,0,4,2,4,1,1,5380.12712583
20211,1129002245,6,3,3,0,2,1,1,0,2,0,1,1,1,0,0,0,1,0,0,0,2,2074.48980596
20211,1129002248,3,2,1,0,1,0,0,2,0,0,1,0,0,1,0,0,0,0,0,1,0,956.49386295
20211,1129002249,282,263,19,0,7,10,13,15,237,0,6,7,4,12,234,0,1,3,9,3,3,19442.8273689
20211,1129002250,55,19,36,0,26,15,8,4,2,0,5,7,4,1,2,0,21,8,4,3,0,14181.1653138
20211,1129002252,2,2,0,0,0,0,2,0,0,0,0,0,2,0,0,0,0,0,0,0,0,3337.16519792
20211,1129002253,2,2,0,0,0,0,0,2,0,0,0,0,0,2,0,0,0,0,0,0,0,2807.55795774
20211,1129002254,132,97,35,0,5,46,53,24,4,0,1,32,41,20,3,0,4,14,12,4,1,5285.01129929
20211,1129002259,2,1,1,0,0,0,0,1,1,0,0,0,0,0,1,0,0,0,0,1,0,2217.39757024
20211,1129002262,10,1,9,0,0,3,1,2,4,0,0,0,0,0,1,0,0,3,1,2,3,2223.12867025
20211,1129002263,6,4,2,0,0,0,1,4,1,0,0,0,0,4,0,0,0,0,1,0,1,3466.09500634
20211,1129002264,2,0,2,0,0,0,1,0,1,0,0,0,0,0,0,0,0,0,1,0,1,4824.49219195
20211,1129002265,6,1,5,0,0,1,4,1,0,0,0,0,1,0,0,0,0,1,3,1,0,1242.80683928
20211,1129002267,20,5,15,2,12,1,4,0,1,0,2,0,2,0,1,2,10,1,2,0,0,2775.1633575
20211,1129002268,168,57,111,0,37,23,26,55,27,0,13,15,12,11,6,0,24,8,14,44,21,36458.9526739
20211,1129002270,17,10,7,0,4,5,1,5,2,0,4,4,1,0,1,0,0,1,0,5,1,1475.42593303
20211,1129002274,16,1,15,0,5,6,1,1,3,0,0,0,0,0,1,0,5,6,1,1,2,4669.56432472
20211,1129002279,92,31,61,0,9,28,25,27,3,0,5,4,10,9,3,0,4,24,15,18,0,10094.5325662
20211,1129002282,158,116,42,1,28,64,40,15,10,1,22,53,22,9,9,0,6,11,18,6,1,4021.73304909
20211,1129002289,19,5,14,0,4,2,5,8,0,0,1,0,1,3,0,0,3,2,4,5,0,9705.0365792
20211,1129002290,250,137,113,0,7,22,88,97,36,0,0,8,52,54,23,0,7,14,36,43,13,42011.6324016
20211,1129002291,2,1,1,0,0,0,0,2,0,0,0,0,0,1,0,0,0,0,0,1,0,929.497139492
20211,1129002292,9,7,2,0,0,1,3,4,1,0,0,1,2,3,1,0,0,0,1,1,0,3039.09428775
20211,1129002293,6,5,1,0,1,1,3,1,0,0,0,1,3,1,0,0,1,0,0,0,0,2077.61239976
20211,1129002294,7,6,1,0,1,0,4,2,0,0,1,0,4,1,0,0,0,0,0,1,0,8727.81815393
20211,1129002301,2,1,1,0,0,0,0,0,2,0,0,0,0,0,1,0,0,0,0,0,1,1077.75832975
20211,1129002303,19,14,5,0,1,4,8,4,2,0,1,2,6,3,2,0,0,2,2,1,0,1920.66345941
20211,1129002307,26,15,11,0,1,3,8,10,4,0,1,3,5,4,2,0,0,0,3,6,2,13700.153053
20211,1129002313,2,1,1,0,0,1,1,0,0,0,0,0,1,0,0,0,0,1,0,0,0,826.490001464
20211,1129002318,666,429,237,1,166,159,181,111,48,0,91,118,113,64,43,1,75,41,68,47,5,3428.74690881
20211,1129002319,2,0,2,0,0,0,0,0,2,0,0,0,0,0,0,0,0,0,0,0,2,4658.41670517
20211,1129002323,2,1,1,0,0,0,0,2,0,0,0,0,0,1,0,0,0,0,0,1,0,475.323322453
20211,1129002326,1,1,0,0,0,0,0,1,0,0,0,0,0,1,0,0,0,0,0,0,0,2359.65263058
20211,1129002327,6,2,4,0,1,0,3,1,1,0,1,0,1,0,0,0,0,0,2,1,1,2827.66203477
20211,1129002328,10,0,10,0,1,5,2,2,0,0,0,0,0,0,0,0,1,5,2,2,0,80656.4532543
20211,1129002333,14,3,11,0,3,3,5,2,1,0,0,1,2,0,0,0,3,2,3,2,1,3902.50395142
20211,1129002335,19,10,9,0,2,3,4,5,5,0,1,1,3,2,3,0,1,2,1,3,2,4812.48497944
20211,1129002336,69,15,54,0,14,15,20,16,4,0,4,3,2,4,2,0,10,12,18,12,2,11972.4676867
20211,1129002339,3,2,1,0,0,0,0,3,0,0,0,0,0,2,0,0,0,0,0,1,0,2735.23796963
20211,1129002341,13,6,7,0,7,3,2,1,0,0,3,2,1,0,0,0,4,1,1,1,0,1288.63460844
20211,1129002342,13,8,5,0,4,3,5,0,1,0,3,2,2,0,1,0,1,1,3,0,0,1763.56480908
20211,1129002343,1,1,0,0,0,0,1,0,0,0,0,0,1,0,0,0,0,0,0,0,0,760.370671509
20211,1129002345,2,2,0,0,0,2,0,0,0,0,0,2,0,0,0,0,0,0,0,0,0,2031.83967628
20211,1129002347,2,1,1,0,0,1,1,0,0,0,0,0,1,0,0,0,0,1,0,0,0,2901.35365091
20211,1129002355,2,2,0,0,0,0,0,0,2,0,0,0,0,0,2,0,0,0,0,0,0,5650.48804124
20211,1129002357,28,2,26,0,1,2,2,6,17,0,0,1,0,0,1,0,1,1,2,6,16,3529.63067203
20211,1129002361,70,41,29,0,19,16,17,14,4,0,13,11,11,4,2,0,6,5,6,10,2,1643.30826449
20211,1129002362,2,2,0,0,0,0,0,2,0,0,0,0,0,2,0,0,0,0,0,0,0,2039.82799501
20211,1129002369,20,6,14,0,0,2,6,5,7,0,0,1,4,0,1,0,0,1,2,5,6,4270.19633829
20211,1129002370,98,39,59,0,58,26,8,4,2,0,20,11,3,3,2,0,38,15,5,1,0,1985.52759671
20211,1129002375,12,8,4,0,1,0,3,0,8,0,0,0,1,0,7,0,1,0,2,0,1,2627.26094901
20211,1129002376,10,9,1,0,1,4,3,1,1,0,1,4,2,1,1,0,0,0,1,0,0,2230.4637765
20211,1129002379,4,1,3,0,1,2,0,1,0,0,0,0,0,1,0,0,1,2,0,0,0,6381.68159416
20211,1129002380,1,0,1,0,0,0,0,0,1,0,0,0,0,0,0,0,0,0,0,0,1,1272.59744782
20211,1129002382,1,0,1,0,0,0,1,0,0,0,0,0,0,0,0,0,0,0,1,0,0,1731.38142829
20211,1129002386,7,2,5,0,0,0,4,3,0,0,0,0,0,2,0,0,0,0,4,1,0,7508.23601006
20211,1129002390,1,1,0,0,0,0,0,1,0,0,0,0,0,1,0,0,0,0,0,0,0,2112.76016803
20211,1129002391,7,2,5,0,0,0,4,1,2,0,0,0,0,1,1,0,0,0,4,0,1,5430.82202861
20211,1129002392,1,1,0,0,0,0,0,0,1,0,0,0,0,0,1,0,0,0,0,0,0,1825.03622874
20211,1129002395,5,4,1,0,1,0,2,0,2,0,1,0,1,0,2,0,0,0,1,0,0,2343.15160373
20211,1129002397,2,2,0,0,0,0,0,1,1,0,0,0,0,1,1,0,0,0,0,0,0,2736.41121504
20211,1129002398,3,1,2,0,0,0,2,1,0,0,0,0,0,1,0,0,0,0,2,0,0,4258.27755876
20211,1129002403,3,2,1,0,0,1,0,1,1,0,0,1,0,0,1,0,0,0,0,1,0,2180.53800508
20211,1129002404,13,6,7,0,1,3,2,5,2,0,1,0,0,4,1,0,0,3,2,1,1,5544.70553907
20211,1129002405,12,7,5,0,4,4,2,1,1,0,1,2,2,1,1,0,3,2,0,0,0,2490.9383013
20211,1129002406,14,3,11,0,1,3,4,4,2,0,0,0,1,0,2,0,1,3,3,4,0,3280.74419166
20211,1129002409,8,3,5,0,0,1,1,2,4,0,0,1,0,0,2,0,0,0,1,2,2,3821.27002589
20211,1129002412,8,6,2,0,0,1,2,0,5,0,0,0,1,0,5,0,0,1,1,0,0,2119.41136724
20211,1129002413,37,22,15,0,8,11,10,5,3,0,1,9,8,2,2,0,7,2,2,3,1,2392.79185618
20211,1129002415,10,3,7,0,0,3,6,1,0,0,0,1,2,0,0,0,0,2,4,1,0,5882.43759393
20211,1129002416,9,2,7,0,3,0,4,1,1,0,0,0,1,0,1,0,3,0,3,1,0,4144.25181428
20211,1129002420,4,3,1,0,0,1,0,0,3,0,0,1,0,0,2,0,0,0,0,0,1,1918.4246657
20211,1129002421,3,2,1,0,0,1,0,1,1,0,0,1,0,1,0,0,0,0,0,0,1,2282.14404754
20211,1129002423,10,9,1,0,0,4,5,0,1,0,0,4,4,0,1,0,0,0,1,0,0,1426.14195618
20211,1129002426,14,12,2,1,3,2,2,3,3,1,3,2,1,2,3,0,0,0,1,1,0,1877.15047981
20211,1129002428,18,12,6,0,7,9,2,0,0,0,4,6,2,0,0,0,3,3,0,0,0,3078.12933764
20211,1129002429,2,2,0,0,0,0,1,0,1,0,0,0,1,0,1,0,0,0,0,0,0,2232.8242843
20211,1129002430,8,6,2,0,0,0,1,5,2,0,0,0,0,4,2,0,0,0,1,1,0,13886.5299447
20211,1129002433,3,1,2,0,0,0,1,2,0,0,0,0,0,1,0,0,0,0,1,1,0,1679.41447793
20211,1129002437,3,2,1,0,0,3,0,0,0,0,0,2,0,0,0,0,0,1,0,0,0,2518.39681814
20211,1129002439,11,7,4,0,2,5,4,0,0,0,0,3,4,0,0,0,2,2,0,0,0,2025.83551952
20211,1129002444,7,3,4,0,1,0,0,2,4,0,0,0,0,1,2,0,1,0,0,1,2,2545.97590097
20211,1129002449,2,2,0,0,0,0,0,0,2,0,0,0,0,0,2,0,0,0,0,0,0,2169.3399566
20211,1129002451,9,5,4,0,0,0,0,2,7,0,0,0,0,0,5,0,0,0,0,2,2,2290.52617839
20211,1129002453,5,3,2,0,0,4,0,0,1,0,0,2,0,0,1,0,0,2,0,0,0,1245.12249191
20211,1129002454,2,1,1,0,0,0,1,0,1,0,0,0,1,0,0,0,0,0,0,0,1,3108.32565961
20211,1129002457,2,1,1,0,0,0,1,1,0,0,0,0,1,0,0,0,0,0,0,1,0,3014.48060882
20211,1129002462,2,1,1,0,0,0,0,2,0,0,0,0,0,1,0,0,0,0,0,1,0,3213.42681059
20211,1129002463,46,6,40,0,0,3,1,13,29,0,0,1,1,2,2,0,0,2,0,11,27,14562.7530353
20211,1129002464,1,1,0,0,0,0,0,0,1,0,0,0,0,0,1,0,0,0,0,0,0,3533.36701361
20211,1129002467,2,2,0,0,0,1,1,0,0,0,0,1,1,0,0,0,0,0,0,0,0,2186.23762408
20211,1129002470,69,61,8,0,2,2,7,24,34,0,1,2,4,22,32,0,1,0,3,2,2,2916.52868226
20211,1129002474,6,0,6,0,0,1,3,2,0,0,0,0,0,0,0,0,0,1,3,2,0,9060.60967438
20211,1129002482,5,2,3,0,0,1,2,2,0,0,0,1,1,0,0,0,0,0,1,2,0,1741.45926861
20211,1129002484,3,0,3,0,0,1,1,1,0,0,0,0,0,0,0,0,0,1,1,1,0,1774.65046696
20211,1129002487,1,1,0,0,0,0,0,0,1,0,0,0,0,0,1,0,0,0,0,0,0,2343.96339767
20211,1129002488,3,1,2,0,0,2,1,0,0,0,0,0,1,0,0,0,0,2,0,0,0,2971.3173049
20211,1129002491,36,14,22,0,12,10,7,6,1,0,1,4,3,5,1,0,11,6,4,1,0,2242.56079871
20211,1129002492,16,10,6,0,2,3,2,7,2,0,0,3,1,5,1,0,2,0,1,2,1,2698.26202527
20211,1129002493,91,72,19,1,24,22,19,23,2,0,19,20,16,15,2,1,5,2,3,8,0,22204.6778074
20211,1129002498,3,1,2,0,0,0,0,2,1,0,0,0,0,1,0,0,0,0,0,1,1,2956.82137497
20211,1129002500,3,1,2,0,0,0,0,2,1,0,0,0,0,0,1,0,0,0,0,2,0,2674.87043327
20211,1129002508,2,2,0,0,0,0,2,0,0,0,0,0,2,0,0,0,0,0,0,0,0,640.758253747
20211,1129002509,9,6,3,0,0,3,3,0,3,0,0,1,3,0,2,0,0,2,0,0,1,2180.93167491
20211,1129002512,71,8,63,0,11,18,24,13,5,0,0,1,2,2,3,0,11,17,22,11,2,7718.56578093
20211,1129002514,81,66,15,0,5,7,28,24,17,0,5,5,21,21,14,0,0,2,7,3,3,6885.78435703
20211,1129002517,20,11,9,0,3,1,5,7,4,0,3,0,3,3,2,0,0,1,2,4,2,6198.49964574
20211,1129002518,2,1,1,0,0,0,1,1,0,0,0,0,1,0,0,0,0,0,0,1,0,1750.54834621
20211,1129002519,1,0,1,0,0,0,1,0,0,0,0,0,0,0,0,0,0,0,1,0,0,1924.32225221
20211,1129002522,26,3,23,0,0,11,6,8,1,0,0,2,0,0,1,0,0,9,6,8,0,1422.1478076
20211,1129002523,2,1,1,0,0,0,1,1,0,0,0,0,0,1,0,0,0,0,1,0,0,1923.59277048
20211,1129002528,62,28,34,0,14,11,18,14,5,0,6,2,10,6,4,0,8,9,8,8,1,6990.71006168
20211,1129002531,28,5,23,0,2,7,9,8,2,0,2,2,0,0,1,0,0,5,9,8,1,2532.3398918
20211,1129002532,5,2,3,0,0,1,3,1,0,0,0,0,1,1,0,0,0,1,2,0,0,2521.78054879
20211,1129002533,5,3,2,0,0,1,0,1,3,0,0,1,0,0,2,0,0,0,0,1,1,2229.75860671
20211,1129002534,1,1,0,0,0,0,0,1,0,0,0,0,0,1,0,0,0,0,0,0,0,8743.6121695
20211,1129002535,85,75,10,0,20,34,21,7,3,0,16,34,18,5,2,0,4,0,3,2,1,4971.15181774
20211,1129002537,6,5,1,0,1,0,1,4,0,0,1,0,1,3,0,0,0,0,0,1,0,11342.1650667
20211,1129002539,4,4,0,0,0,0,3,0,1,0,0,0,3,0,1,0,0,0,0,0,0,3522.04385972
20211,1129002542,1,1,0,0,0,0,1,0,0,0,0,0,1,0,0,0,0,0,0,0,0,1660.90262781
20211,1129002543,4,1,3,0,1,1,0,2,0,0,0,0,0,1,0,0,1,1,0,1,0,3896.95655528
20211,1129002545,10,7,3,0,0,3,5,2,0,0,0,2,4,1,0,0,0,1,1,1,0,15484.5253364
20211,1129002546,11,8,3,0,1,2,4,3,1,0,1,1,3,2,1,0,0,1,1,1,0,7008.05892493
20211,1129002548,2,1,1,0,0,0,1,0,1,0,0,0,0,0,1,0,0,0,1,0,0,5635.99295671
20211,1129002550,7,5,2,0,0,0,5,1,1,0,0,0,4,1,0,0,0,0,1,0,1,7405.71073134
20211,1129002552,9,4,5,0,1,0,3,1,4,0,0,0,1,0,3,0,1,0,2,1,1,3098.04765708
20211,1129002553,15,3,12,0,1,4,5,3,2,0,0,1,0,0,2,0,1,3,5,3,0,2702.38072329
20211,1129002556,5,3,2,0,1,1,1,2,0,0,1,1,1,0,0,0,0,0,0,2,0,7467.18653729
20211,1129002557,5,4,1,0,0,0,2,1,2,0,0,0,1,1,2,0,0,0,1,0,0,4019.66509373
20211,1129002561,5,4,1,0,0,2,2,1,0,0,0,1,2,1,0,0,0,1,0,0,0,3554.67848052
20211,1129002564,5,5,0,0,0,4,1,0,0,0,0,4,1,0,0,0,0,0,0,0,0,1731.86539079
20211,1129002565,10,3,7,0,1,2,3,2,2,0,0,0,1,1,1,0,1,2,2,1,1,2994.35731247
20211,1129002567,5,4,1,0,2,0,1,0,2,0,2,0,1,0,1,0,0,0,0,0,1,3720.18244896
20211,1129002568,81,42,39,0,10,23,17,21,10,0,1,8,9,16,8,0,9,15,8,5,2,8196.50899983
20211,1129002573,1,1,0,0,0,0,1,0,0,0,0,0,1,0,0,0,0,0,0,0,0,3339.90812729
20211,1129002576,63,46,17,1,18,17,10,10,7,0,13,11,10,7,5,1,5,6,0,3,2,5967.04350769
20211,1129002579,34,21,13,0,6,7,9,10,2,0,1,6,7,6,1,0,5,1,2,4,1,17053.0103439
20211,1129002581,18,2,16,0,1,4,5,6,2,0,0,0,0,0,2,0,1,4,5,6,0,17905.3775233
20211,1129002584,2,2,0,0,0,0,2,0,0,0,0,0,2,0,0,0,0,0,0,0,0,1879.20285652
20211,1129002585,6,5,1,0,0,0,1,4,1,0,0,0,1,3,1,0,0,0,0,1,0,3239.42151105
20211,1129002587,8,6,2,0,1,3,0,3,1,0,0,2,0,3,1,0,1,1,0,0,0,4051.08703834
20211,1129002589,14,11,3,0,0,3,4,3,4,0,0,2,4,3,2,0,0,1,0,0,2,2754.49652676
20211,1129002592,9,7,2,0,2,0,2,3,2,0,1,0,1,3,2,0,1,0,1,0,0,2916.68001354
20211,1129002593,2,1,1,0,1,0,1,0,0,0,1,0,0,0,0,0,0,0,1,0,0,3089.87851531
20211,1129002595,3,2,1,0,0,1,0,0,2,0,0,1,0,0,1,0,0,0,0,0,1,2743.62446279
20211,1129002596,30,21,9,0,8,4,7,9,2,0,5,4,4,7,1,0,3,0,3,2,1,5096.81294101
20211,1129002598,6,2,4,0,0,1,2,3,0,0,0,0,0,2,0,0,0,1,2,1,0,2954.52081688
20211,1129002599,2,1,1,0,0,0,0,0,2,0,0,0,0,0,1,0,0,0,0,0,1,3322.787428
20211,1129002601,4,0,4,0,1,2,0,0,1,0,0,0,0,0,0,0,1,2,0,0,1,2887.5691553
20211,1129002604,5,2,3,0,0,4,0,0,1,0,0,1,0,0,1,0,0,3,0,0,0,2945.37651993
20211,1129002605,16,11,5,0,3,5,6,0,2,0,0,5,4,0,2,0,3,0,2,0,0,5030.79771549
20211,1129002606,5,0,5,0,2,1,1,1,0,0,0,0,0,0,0,0,2,1,1,1,0,3406.6579324
20211,1129002607,7,6,1,0,0,0,2,2,3,0,0,0,2,1,3,0,0,0,0,1,0,2853.63565329
20211,1129002608,5,5,0,0,1,0,0,4,0,0,1,0,0,4,0,0,0,0,0,0,0,1764.44399597
20211,1129002609,1,1,0,0,0,0,0,0,1,0,0,0,0,0,1,0,0,0,0,0,0,3407.97190945
20211,1129002611,7,3,4,0,1,2,1,2,1,0,1,0,1,1,0,0,0,2,0,1,1,4435.69379108
20211,1129002615,4,2,2,0,1,0,1,2,0,0,1,0,0,1,0,0,0,0,1,1,0,4732.48136469
20211,1129002617,4,4,0,0,0,1,2,1,0,0,0,1,2,1,0,0,0,0,0,0,0,5978.98811612
20211,1129002625,8,5,3,0,0,4,2,1,1,0,0,2,2,0,1,0,0,2,0,1,0,2978.60877262
20211,1129002627,16,10,6,0,3,3,6,4,0,0,1,3,3,3,0,0,2,0,3,1,0,2139.47305022
20211,1129002628,3,0,3,0,1,0,0,1,1,0,0,0,0,0,0,0,1,0,0,1,1,4128.76653444
20211,1129002629,5,1,4,0,0,0,2,1,2,0,0,0,1,0,0,0,0,0,1,1,2,6003.37456971
20211,1129002630,4,1,3,0,0,0,2,0,2,0,0,0,1,0,0,0,0,0,1,0,2,2510.37714457
20211,1129002631,148,126,22,0,3,6,15,12,112,0,1,3,8,10,104,0,2,3,7,2,8,8749.39789924
20211,1129002632,27,19,8,0,0,0,2,0,25,0,0,0,1,0,18,0,0,0,1,0,7,5589.46694678
20211,1129002633,114,29,85,0,20,18,28,34,14,0,3,10,9,5,2,0,17,8,19,29,12,4306.09884985
20211,1129002635,3,1,2,0,0,0,1,2,0,0,0,0,0,1,0,0,0,0,1,1,0,5819.94689896
20211,1129002636,4,4,0,0,0,0,2,2,0,0,0,0,2,2,0,0,0,0,0,0,0,4374.28950998
20211,1129002639,7,1,6,0,0,0,2,2,3,0,0,0,0,0,1,0,0,0,2,2,2,2129.56325532
20211,1129002640,6,4,2,0,1,2,1,0,2,0,0,1,1,0,2,0,1,1,0,0,0,2527.55636928
20211,1129002642,10,7,3,0,1,1,3,4,1,0,1,1,3,1,1,0,0,0,0,3,0,4197.10978617
20211,1129002643,2,2,0,0,0,0,1,0,1,0,0,0,1,0,1,0,0,0,0,0,0,2360.88167132
20211,1129002648,2,2,0,0,0,0,0,1,1,0,0,0,0,1,1,0,0,0,0,0,0,1571.21259162
20211,1129002649,87,12,75,0,11,25,31,14,6,0,1,3,3,2,3,0,10,22,28,12,3,16350.8188163
20211,1129002654,1,0,1,0,0,0,0,1,0,0,0,0,0,0,0,0,0,0,0,1,0,1823.49051811
20211,1129002655,1,1,0,0,0,0,1,0,0,0,0,0,1,0,0,0,0,0,0,0,0,1060.44170941
20211,1129002658,11,7,4,0,0,1,1,8,1,0,0,0,1,5,1,0,0,1,0,3,0,4985.03332929
20211,1129002662,25,9,16,0,1,4,10,9,1,0,0,2,3,4,0,0,1,2,7,5,1,6278.119058
20211,1129002663,11,3,8,0,0,0,2,5,4,0,0,0,0,1,2,0,0,0,2,4,2,1731.77395699
20211,1129002664,3,1,2,0,1,0,1,1,0,0,0,0,0,1,0,0,1,0,1,0,0,1453.55747439
20211,1129002665,10,4,6,0,0,2,3,3,2,0,0,1,0,2,1,0,0,1,3,1,1,5747.70521949
20211,1129002666,12,5,7,0,2,2,0,1,7,0,0,0,0,1,4,0,2,2,0,0,3,5995.61155262
20211,1129002668,10,3,7,0,1,2,3,2,2,0,0,0,1,1,1,0,1,2,2,1,1,5851.72137031
20211,1129002670,2,2,0,0,0,0,0,2,0,0,0,0,0,2,0,0,0,0,0,0,0,2788.75526557
20211,1129002673,27,21,6,0,0,2,1,3,21,0,0,1,1,2,17,0,0,1,0,1,4,4862.8791621
20211,1129002674,4,0,4,0,1,0,2,1,0,0,0,0,0,0,0,0,1,0,2,1,0,2498.35934028
20211,1129002677,12,4,8,0,4,1,4,2,1,0,0,0,2,1,1,0,4,1,2,1,0,1904.20590089
20211,1129002679,3,2,1,0,0,0,0,0,3,0,0,0,0,0,2,0,0,0,0,0,1,4924.09713631
20211,1129002682,9,1,8,0,0,0,1,3,5,0,0,0,0,0,1,0,0,0,1,3,4,2644.42795867
20211,1129002683,6,6,0,0,0,2,0,2,2,0,0,2,0,2,2,0,0,0,0,0,0,3570.53634428
20211,1129002684,7,1,6,0,0,0,4,2,1,0,0,0,0,0,1,0,0,0,4,2,0,3253.26233681
20211,1129002685,3,1,2,0,0,0,1,2,0,0,0,0,1,0,0,0,0,0,0,2,0,2742.11007194
20211,1129002687,10,7,3,0,0,5,1,2,2,0,0,5,1,0,1,0,0,0,0,2,1,7938.3393892
20211,1129002690,18,8,10,0,2,6,3,4,3,0,0,3,1,2,2,0,2,3,2,2,1,3714.12072191
20211,1129002695,4,3,1,0,0,1,2,1,0,0,0,0,2,1,0,0,0,1,0,0,0,4085.75902319
20211,1129002702,5,3,2,0,0,1,0,1,3,0,0,1,0,0,2,0,0,0,0,1,1,3769.06679114
20211,1129002704,7,6,1,0,0,1,4,2,0,0,0,1,3,2,0,0,0,0,1,0,0,4457.02163493
20211,1129002707,9,6,3,0,1,0,2,2,4,0,0,0,1,2,3,0,1,0,1,0,1,5398.11540919
20211,1129002715,12,5,7,0,0,5,2,2,3,0,0,1,0,1,3,0,0,4,2,1,0,3266.53012563
20211,1129002716,3,0,3,0,0,1,0,1,1,0,0,0,0,0,0,0,0,1,0,1,1,1931.37648281
20211,1129002717,36,29,7,0,0,1,1,4,30,0,0,1,1,2,25,0,0,0,0,2,5,3688.56911079
20211,1129002719,2,2,0,0,1,0,0,0,1,0,1,0,0,0,1,0,0,0,0,0,0,3254.93154777
20211,1129002720,565,404,161,2,38,93,150,164,118,2,20,49,104,131,98,0,18,44,46,33,20,2077.2126593
20211,1129002725,2,1,1,0,0,0,0,1,1,0,0,0,0,0,1,0,0,0,0,1,0,3499.02911257
20211,1129002726,2,1,1,0,0,0,0,1,1,0,0,0,0,0,1,0,0,0,0,1,0,1933.88301606
20211,1129002730,2,2,0,0,0,0,0,2,0,0,0,0,0,2,0,0,0,0,0,0,0,3282.77444721
20211,1129002734,5,4,1,0,0,1,2,1,1,0,0,0,2,1,1,0,0,1,0,0,0,847.865646984
20211,1129002736,4,3,1,0,0,0,1,0,3,0,0,0,1,0,2,0,0,0,0,0,1,5694.24589366
20211,1129002737,4,2,2,0,0,1,2,0,1,0,0,0,1,0,1,0,0,1,1,0,0,2754.77750146
20211,1129002741,2,1,1,0,0,0,1,0,1,0,0,0,0,0,1,0,0,0,1,0,0,2562.34874275
20211,1129002745,9,7,2,0,0,2,2,3,2,0,0,2,2,2,1,0,0,0,0,1,1,5084.56377248
20211,1129002750,3,2,1,0,0,1,0,0,2,0,0,1,0,0,1,0,0,0,0,0,1,1751.86419898
20211,1129002758,4,1,3,0,0,1,2,0,1,0,0,0,1,0,0,0,0,1,1,0,1,2032.30119427
20211,1129002761,2,0,2,0,1,0,0,1,0,0,0,0,0,0,0,0,1,0,0,1,0,1916.7802284
20211,1129002766,2,1,1,0,1,0,0,1,0,0,0,0,0,1,0,0,1,0,0,0,0,1371.74301888
20211,1129002767,7,3,4,0,4,2,1,0,0,0,1,1,1,0,0,0,3,1,0,0,0,6720.94929957
20211,1129002773,7,7,0,0,0,1,1,2,3,0,0,1,1,2,3,0,0,0,0,0,0,2500.34206656
20211,1129002774,16,5,11,0,9,6,1,0,0,0,2,2,1,0,0,0,7,4,0,0,0,3943.36895136
20211,1129002775,2,2,0,0,1,0,0,1,0,0,1,0,0,1,0,0,0,0,0,0,0,3814.52448146
20211,1129002776,10,7,3,0,0,4,3,3,0,0,0,2,2,3,0,0,0,2,1,0,0,1532.19359293
20211,1129002778,23,18,5,0,2,6,5,7,3,0,2,4,4,5,3,0,0,2,1,2,0,12590.4931161
20211,1129002779,3,1,2,0,1,0,1,1,0,0,0,0,1,0,0,0,1,0,0,1,0,1372.59984558
20211,1129002781,2,2,0,0,0,0,0,1,1,0,0,0,0,1,1,0,0,0,0,0,0,2261.09676806
20211,1129002784,125,123,2,0,2,0,11,40,72,0,1,0,11,39,72,0,1,0,0,1,0,3693.64751755
20211,1129002785,4,2,2,0,0,0,2,2,0,0,0,0,1,1,0,0,0,0,1,1,0,3498.06829637
20211,1129002786,4,1,3,0,0,2,2,0,0,0,0,0,1,0,0,0,0,2,1,0,0,655.826889159
20211,1129002787,2,1,1,0,0,0,0,2,0,0,0,0,0,1,0,0,0,0,0,1,0,2345.73109473
20211,1129002790,3,2,1,0,0,0,2,1,0,0,0,0,1,1,0,0,0,0,1,0,0,1652.94996883
20211,1129002791,8,6,2,0,0,0,3,2,3,0,0,0,2,1,3,0,0,0,1,1,0,2938.08656253
20211,1129002792,126,122,4,0,0,2,16,52,56,0,0,1,14,52,55,0,0,1,2,0,1,6214.95408465
20211,1129002793,41,17,24,0,15,11,4,9,2,0,7,3,2,3,2,0,8,8,2,6,0,6260.91425155
20211,1129002796,5,4,1,0,0,0,2,1,2,0,0,0,2,1,1,0,0,0,0,0,1,2930.33158532
20211,1129002797,2,2,0,0,0,0,0,2,0,0,0,0,0,2,0,0,0,0,0,0,0,1334.1946941
20211,1129002800,120,42,78,0,21,28,28,34,9,0,4,14,13,8,3,0,17,14,15,26,6,12145.2760122
20211,1129002801,6,4,2,0,0,0,2,3,1,0,0,0,1,2,1,0,0,0,1,1,0,5325.02844834
20211,1129002805,46,21,25,0,13,11,12,7,3,0,5,6,6,3,1,0,8,5,6,4,2,2487.99968821
20211,1129002807,4,2,2,0,0,2,0,2,0,0,0,1,0,1,0,0,0,1,0,1,0,1227.61801799
20211,1129002816,12,9,3,0,1,3,3,5,0,0,0,3,2,4,0,0,1,0,1,1,0,1079.26453681
20211,1129002817,2,2,0,0,0,0,2,0,0,0,0,0,2,0,0,0,0,0,0,0,0,726.300693196
20211,1129002819,55,30,25,5,18,10,14,5,3,1,11,7,8,2,1,4,7,3,6,3,2,4943.48173046
20211,1129002823,5,4,1,0,0,1,2,2,0,0,0,0,2,2,0,0,0,1,0,0,0,1760.40886155
20211,1129002832,3,2,1,0,0,0,2,1,0,0,0,0,1,1,0,0,0,0,1,0,0,4964.84332294
20211,1129002834,2,2,0,0,0,0,0,0,2,0,0,0,0,0,2,0,0,0,0,0,0,2475.34126798
20211,1129002837,5,3,2,0,1,0,1,3,0,0,0,0,0,3,0,0,1,0,1,0,0,5796.65856921
20211,1129002840,5,4,1,0,0,1,2,1,1,0,0,1,1,1,1,0,0,0,1,0,0,1827.81869652
20211,1129002842,7,2,5,0,1,3,1,2,0,0,0,1,0,1,0,0,1,2,1,1,0,6284.94124142
20211,1129002851,15,4,11,0,3,0,1,7,4,0,2,0,0,1,1,0,1,0,1,6,3,8720.90612591
20211,1129002852,12,5,7,0,0,2,3,4,3,0,0,2,0,1,2,0,0,0,3,3,1,1698.31759891
20211,1129002853,7,6,1,0,0,1,1,2,3,0,0,1,1,1,3,0,0,0,0,1,0,5516.51261701
20211,1129002854,4,4,0,0,0,1,2,1,0,0,0,1,2,1,0,0,0,0,0,0,0,2710.35363206
20211,1129002858,7,6,1,1,0,2,1,2,1,1,0,2,1,1,1,0,0,0,0,1,0,3073.05659004
20211,1129002859,2,2,0,0,0,0,0,2,0,0,0,0,0,2,0,0,0,0,0,0,0,912.377375488
20211,1129002864,19,0,19,0,6,4,6,3,0,0,0,0,0,0,0,0,6,4,6,3,0,5241.47265617
20211,1129002868,87,36,51,0,32,49,4,0,2,0,4,30,1,0,1,0,28,19,3,0,1,4778.24848515
20211,1129002869,26,19,7,0,1,4,9,12,0,0,1,1,7,10,0,0,0,3,2,2,0,4862.19712695
20211,1129002886,61,26,35,0,6,26,16,10,3,0,3,13,5,2,3,0,3,13,11,8,0,12937.086627
20211,1129002910,3,2,1,0,0,0,2,0,1,0,0,0,1,0,1,0,0,0,1,0,0,2748.40653281
20211,1129002919,4,1,3,0,1,0,1,0,2,0,0,0,0,0,1,0,1,0,1,0,1,5346.90475408
20211,1129002927,2,1,1,0,0,0,0,0,2,0,0,0,0,0,1,0,0,0,0,0,1,2031.61796756
20211,1129002930,11,7,4,0,1,4,4,1,1,0,0,2,3,1,1,0,1,2,1,0,0,2917.91822692
20211,1129002931,99,57,42,0,20,18,34,13,14,0,12,12,16,6,11,0,8,6,18,7,3,5917.60132611
20211,1129002935,5,3,2,0,0,2,0,2,1,0,0,2,0,0,1,0,0,0,0,2,0,2788.91613672
20211,1129002936,8,6,2,0,0,1,0,4,3,0,0,1,0,2,3,0,0,0,0,2,0,4209.43661227
20211,1129002937,9,5,4,0,1,2,2,3,1,0,1,1,2,1,0,0,0,1,0,2,1,3205.47302214
20211,1129002941,27,3,24,0,0,7,7,10,3,0,0,1,0,0,2,0,0,6,7,10,1,9462.01415392
20211,1129002944,8,5,3,0,0,1,2,2,3,0,0,0,1,1,3,0,0,1,1,1,0,2238.99396323
20211,1129002948,67,51,16,0,2,4,23,19,19,0,2,3,19,10,17,0,0,1,4,9,2,2873.86745986
20211,1129002949,10,7,3,0,0,0,3,1,6,0,0,0,1,1,5,0,0,0,2,0,1,3938.87154449
20211,1129002951,40,20,20,0,13,7,8,8,4,0,6,2,3,6,3,0,7,5,5,2,1,5828.0541768
20211,1129002972,2,1,1,0,0,0,0,0,2,0,0,0,0,0,1,0,0,0,0,0,1,2621.12324854
20211,1129002974,155,88,67,0,18,40,27,50,20,0,7,17,14,33,17,0,11,23,13,17,3,3755.62725514
20211,1129002975,33,20,13,0,5,11,12,2,3,0,1,6,10,2,1,0,4,5,2,0,2,5364.05410242
20211,1129002983,1,0,1,0,0,1,0,0,0,0,0,0,0,0,0,0,0,1,0,0,0,3203.53912984
20211,1129002986,7,7,0,0,1,0,3,2,1,0,1,0,3,2,1,0,0,0,0,0,0,1964.76823561
20211,1129002992,2,1,1,0,1,0,1,0,0,0,0,0,1,0,0,0,1,0,0,0,0,3620.09909732
20211,1129003001,2,1,1,0,0,0,2,0,0,0,0,0,1,0,0,0,0,0,1,0,0,1209.95623379
20211,1129003002,28,18,10,0,0,3,8,11,6,0,0,1,2,10,5,0,0,2,6,1,1,3486.72686105
20211,1129003004,4,2,2,0,1,0,1,1,1,0,0,0,1,0,1,0,1,0,0,1,0,3460.20011502
20211,1129003006,1,1,0,0,0,0,0,0,1,0,0,0,0,0,1,0,0,0,0,0,0,1059.83553501
20211,1129003009,6,6,0,0,1,0,3,1,1,0,1,0,3,1,1,0,0,0,0,0,0,1450.63182255
20211,1129003011,16,4,12,0,2,2,7,3,2,0,0,0,3,0,1,0,2,2,4,3,1,3668.58276496
20211,1129003012,2,0,2,0,0,0,0,1,1,0,0,0,0,0,0,0,0,0,0,1,1,3522.87732936
20211,1129003015,3,2,1,0,1,0,1,1,0,0,1,0,1,0,0,0,0,0,0,1,0,9087.93614223
20211,1129003017,28,8,20,0,2,8,8,7,3,0,0,0,1,4,3,0,2,8,7,3,0,1183.50498078
20211,1129003018,136,133,3,0,1,1,12,38,84,0,1,0,10,38,84,0,0,1,2,0,0,2062.31053703
20211,1129003019,10,7,3,0,1,1,6,1,1,0,1,0,4,1,1,0,0,1,2,0,0,4045.47881746
20211,1129003020,2,1,1,0,0,0,2,0,0,0,0,0,1,0,0,0,0,0,1,0,0,1942.32683499
20211,1129003027,20,7,13,0,5,3,3,5,4,0,0,0,1,3,3,0,5,3,2,2,1,8796.2157041
20211,1129003034,8,5,3,0,0,6,2,0,0,0,0,4,1,0,0,0,0,2,1,0,0,2252.69009991
20211,1129003035,10,5,5,0,0,2,5,2,1,0,0,0,2,2,1,0,0,2,3,0,0,3717.01820287
20211,1129003037,24,10,14,0,2,5,9,7,1,0,0,1,3,5,1,0,2,4,6,2,0,3592.73380512
20211,1129003040,7,2,5,0,0,3,2,2,0,0,0,0,0,2,0,0,0,3,2,0,0,1806.45537376
20211,1129003041,32,14,18,0,0,3,8,13,8,0,0,1,4,6,3,0,0,2,4,7,5,1171.40095398
20211,1129003042,38,15,23,2,8,11,8,6,3,0,1,4,2,5,3,2,7,7,6,1,0,3380.26247304
20211,1129003044,33,7,26,1,8,9,4,8,3,0,0,2,0,3,2,1,8,7,4,5,1,4444.42123654
20211,1129003048,3,1,2,0,0,0,1,2,0,0,0,0,0,1,0,0,0,0,1,1,0,2832.81298506
20211,1129003053,13,8,5,0,2,3,3,1,4,0,2,3,1,0,2,0,0,0,2,1,2,4899.77519327
20211,1129003056,55,19,36,0,16,7,16,9,7,0,1,2,6,4,6,0,15,5,10,5,1,9543.35996833
20211,1129003057,266,130,136,2,34,33,57,86,54,1,11,14,27,40,37,1,23,19,30,46,17,3459.89958581
20211,1129003065,1,1,0,0,0,0,0,1,0,0,0,0,0,1,0,0,0,0,0,0,0,3031.1257573
20211,1129003067,116,53,63,1,31,45,23,11,5,0,9,19,15,6,4,1,22,26,8,5,1,1960.73629351
20211,1129003070,6,0,6,0,0,1,4,0,1,0,0,0,0,0,0,0,0,1,4,0,1,5567.76679718
20211,1129003072,65,31,34,0,9,5,17,23,11,0,4,0,9,11,7,0,5,5,8,12,4,4084.44073694
20211,1129003076,3,1,2,0,0,1,0,1,1,0,0,0,0,0,1,0,0,1,0,1,0,3919.40052077
20211,1129003086,14,12,2,0,0,2,3,3,6,0,0,0,3,3,6,0,0,2,0,0,0,3887.31598407
20211,1129003093,25,1,24,0,4,12,6,3,0,0,0,0,1,0,0,0,4,12,5,3,0,3041.20758308
20211,1129003094,3,2,1,0,0,0,3,0,0,0,0,0,2,0,0,0,0,0,1,0,0,8172.03536645
20211,1129003095,7,4,3,0,1,0,3,2,1,0,1,0,1,1,1,0,0,0,2,1,0,3287.98730611
20211,1129003097,23,13,10,0,0,3,5,9,6,0,0,3,3,3,4,0,0,0,2,6,2,3464.49313751
20211,1129003099,3,1,2,0,0,1,2,0,0,0,0,0,1,0,0,0,0,1,1,0,0,2437.33057751
20211,1129003101,6,2,4,0,0,2,2,2,0,0,0,0,1,1,0,0,0,2,1,1,0,2336.92079312
20211,1129003107,6,4,2,0,0,2,2,0,2,0,0,0,2,0,2,0,0,2,0,0,0,7505.19828178
20211,1129003109,12,6,6,0,0,3,3,2,4,0,0,2,0,2,2,0,0,1,3,0,2,18992.0131998
20211,1129003111,2,1,1,0,0,2,0,0,0,0,0,1,0,0,0,0,0,1,0,0,0,4060.99282654
20211,1129003113,18,12,6,0,0,4,10,2,2,0,0,3,7,0,2,0,0,1,3,2,0,2851.67362311
20211,1129003114,3,2,1,0,0,0,1,2,0,0,0,0,1,1,0,0,0,0,0,1,0,4542.76132568
20211,1129003115,41,17,24,0,13,14,12,2,0,0,2,5,8,2,0,0,11,9,4,0,0,2321.60310198
20211,1129003118,2,1,1,0,0,0,0,1,1,0,0,0,0,0,1,0,0,0,0,1,0,8901.25138938
20211,1129003120,8,4,4,0,0,4,4,0,0,0,0,1,3,0,0,0,0,3,1,0,0,2976.72600347
20211,1129003121,27,11,16,0,2,7,8,7,3,0,1,3,3,1,3,0,1,4,5,6,0,7438.25700464
20211,1129003124,21,17,4,0,3,7,4,4,3,0,3,7,2,3,2,0,0,0,2,1,1,3758.3609374
20211,1129003126,20,4,16,0,4,9,1,4,2,0,0,3,0,0,1,0,4,6,1,4,1,10382.2676633
20211,1129003127,12,7,5,0,4,6,1,1,0,0,0,5,1,1,0,0,4,1,0,0,0,8359.50708252
20211,1129003138,7,3,4,0,1,3,3,0,0,0,0,2,1,0,0,0,1,1,2,0,0,3398.92620896
20211,1129003145,22,9,13,0,0,6,7,8,1,0,0,1,1,6,1,0,0,5,6,2,0,18146.0066388
20211,1129003166,14,5,9,0,3,5,3,2,1,0,0,2,1,2,0,0,3,3,2,0,1,1747.5660384
20211,1129003168,3,2,1,0,0,1,0,0,2,0,0,1,0,0,1,0,0,0,0,0,1,3334.32217404
20211,1129003174,171,86,85,0,29,43,52,38,9,0,15,28,26,12,5,0,14,15,26,26,4,4851.09342493
20211,1129003176,6,2,4,0,0,0,1,3,2,0,0,0,0,2,0,0,0,0,1,1,2,181549.710325
20211,1129003179,11,1,10,0,1,1,7,2,0,0,1,0,0,0,0,0,0,1,7,2,0,3261.56125899
20211,1129003182,4,2,2,0,0,1,0,1,2,0,0,0,0,1,1,0,0,1,0,0,1,1980.18975681
20211,1129003189,55,13,42,0,5,15,16,12,7,0,0,2,2,3,6,0,5,13,14,9,1,12230.9123414
20211,1129003190,16,7,9,0,0,2,6,3,5,0,0,1,2,2,2,0,0,1,4,1,3,3942.95807901
20211,1129003193,22,10,12,0,0,3,3,12,4,0,0,0,1,6,3,0,0,3,2,6,1,1670.69693616
20211,1129003196,121,20,101,0,13,36,43,22,7,0,0,6,4,6,4,0,13,30,39,16,3,24379.2435096
20211,1129003197,10,3,7,0,1,2,5,1,1,0,0,2,1,0,0,0,1,0,4,1,1,2403.76775529
20211,1129003198,1,0,1,0,0,0,0,1,0,0,0,0,0,0,0,0,0,0,0,1,0,769.525965648
20211,1129003200,6,6,0,0,0,2,3,1,0,0,0,2,3,1,0,0,0,0,0,0,0,4424.47588641
20211,1129003202,2,1,1,0,0,0,2,0,0,0,0,0,1,0,0,0,0,0,1,0,0,7898.64081648
20211,1129003205,4,4,0,0,0,2,2,0,0,0,0,2,2,0,0,0,0,0,0,0,0,1771.36682709
20211,1129003206,3,2,1,0,0,1,0,2,0,0,0,1,0,1,0,0,0,0,0,1,0,5373.71201391
20211,1129003208,1,1,0,0,0,0,0,0,1,0,0,0,0,0,1,0,0,0,0,0,0,1465.64428187
20211,1129003209,6,5,1,0,0,0,3,3,0,0,0,0,2,3,0,0,0,0,1,0,0,1361.52460671
20211,1129003212,17,8,9,0,0,0,8,6,3,0,0,0,4,2,2,0,0,0,4,4,1,9885.7222336
20211,1129003222,31,19,12,0,5,7,11,4,4,0,3,6,7,2,1,0,2,1,4,2,3,3405.47119231
20211,1129003226,86,43,43,0,14,15,21,22,14,0,5,9,10,12,7,0,9,6,11,10,7,4535.9669593
20211,1129003227,533,183,350,0,153,150,124,77,29,0,34,55,33,33,28,0,119,95,91,44,1,8808.63119494
20211,1129003232,5,2,3,0,1,1,0,1,2,0,1,0,0,0,1,0,0,1,0,1,1,856.310424617
20211,1129003239,33,16,17,0,5,7,10,6,5,0,0,5,4,3,4,0,5,2,6,3,1,23681.685196
20211,1129003245,4,3,1,0,1,0,2,1,0,0,1,0,1,1,0,0,0,0,1,0,0,2856.74893881
20211,1129003249,12,9,3,0,1,3,3,2,3,0,1,1,2,2,3,0,0,2,1,0,0,1993.59907756
20211,1129003251,59,31,28,0,2,10,17,22,8,0,1,5,11,10,4,0,1,5,6,12,4,16240.7449186
20211,1129003252,12,5,7,0,1,3,5,2,1,0,0,1,3,1,0,0,1,2,2,1,1,5033.99382824
20211,1129003253,12,7,5,0,0,0,1,3,8,0,0,0,0,1,6,0,0,0,1,2,2,2129.75096584
20211,1129003256,19,9,10,0,6,6,4,2,1,0,0,5,2,2,0,0,6,1,2,0,1,3204.65340618
20211,1129003259,2,1,1,0,0,0,0,1,1,0,0,0,0,1,0,0,0,0,0,0,1,2732.20612794
20211,1129003260,29,18,11,0,5,1,7,15,1,0,2,1,7,7,1,0,3,0,0,8,0,1707.01936264
20211,1129003263,24,7,17,0,2,9,6,4,3,0,0,3,1,0,3,0,2,6,5,4,0,9576.02661646
20211,1129003264,4,4,0,0,0,0,2,2,0,0,0,0,2,2,0,0,0,0,0,0,0,1866.95626467
20211,1129003266,10,5,5,0,1,1,3,4,1,0,0,1,1,2,1,0,1,0,2,2,0,15326.443464
20211,1129003268,2,1,1,0,0,0,1,0,1,0,0,0,0,0,1,0,0,0,1,0,0,1968.88106601
20211,1129003269,18,3,15,0,2,1,5,9,1,0,1,1,0,1,0,0,1,0,5,8,1,7699.40582463
20211,1129003272,10,6,4,0,2,3,2,1,2,0,1,2,2,0,1,0,1,1,0,1,1,2717.33802711
20211,1129003274,8,3,5,0,0,2,4,2,0,0,0,1,0,2,0,0,0,1,4,0,0,8069.38302156
20211,1129003276,2,1,1,0,0,0,0,0,2,0,0,0,0,0,1,0,0,0,0,0,1,2821.19217976
20211,1129003277,101,98,3,0,1,0,14,42,44,0,1,0,13,41,43,0,0,0,1,1,1,1796.42265556
20211,1129003286,14,10,4,0,0,1,3,6,4,0,0,1,1,4,4,0,0,0,2,2,0,2803.45377912
20211,1129003291,62,14,48,0,16,15,11,16,4,0,6,0,3,1,4,0,10,15,8,15,0,9791.84305715
20211,1129003295,10,7,3,0,0,3,5,1,1,0,0,1,4,1,1,0,0,2,1,0,0,150658.194233
20211,1129003297,23,8,15,0,2,5,6,7,3,0,2,2,2,1,1,0,0,3,4,6,2,9142.43887075
20211,1129003298,25,13,12,0,3,9,3,7,3,0,2,3,1,4,3,0,1,6,2,3,0,153132.017996
20211,1129003301,20,14,6,0,3,1,6,6,4,0,2,0,5,4,3,0,1,1,1,2,1,1986.76351246
20211,1129003304,3,3,0,0,0,2,1,0,0,0,0,2,1,0,0,0,0,0,0,0,0,1672.5735129
20211,1129003306,666,585,81,0,148,331,158,26,3,0,103,307,146,26,3,0,45,24,12,0,0,1713.6508946
20211,1129003307,370,339,31,0,8,32,123,158,49,0,3,30,113,151,42,0,5,2,10,7,7,19495.1816125
20211,1129003308,120,56,64,0,0,6,11,6,97,0,0,3,6,2,45,0,0,3,5,4,52,10581.0911798
20211,1129003310,102,47,55,0,5,39,36,19,3,0,1,12,17,14,3,0,4,27,19,5,0,2770.65655474
20211,1129003312,141,122,19,13,33,39,25,25,6,12,27,34,22,21,6,1,6,5,3,4,0,7673.80725909
20211,1129003313,3,3,0,0,0,0,0,0,3,0,0,0,0,0,3,0,0,0,0,0,0,3708.91559748
20211,1129003315,28,17,11,0,2,6,6,10,4,0,2,3,3,6,3,0,0,3,3,4,1,2017.5094654
20211,1129003316,3,3,0,0,0,1,0,2,0,0,0,1,0,2,0,0,0,0,0,0,0,7841.78248881
20211,1129003318,3,3,0,0,0,1,2,0,0,0,0,1,2,0,0,0,0,0,0,0,0,3548.22422424
20211,1129003322,12,10,2,0,0,1,4,5,2,0,0,1,3,4,2,0,0,0,1,1,0,10755.1635351
20211,1129003324,16,11,5,0,1,2,5,4,4,0,1,2,2,3,3,0,0,0,3,1,1,1769.06303048
20211,1129003327,7,4,3,0,0,0,1,0,6,0,0,0,0,0,4,0,0,0,1,0,2,5166.20165654
20211,1129003328,3,2,1,0,0,1,2,0,0,0,0,0,2,0,0,0,0,1,0,0,0,3729.29810905
20211,1129003329,4,2,2,0,0,0,2,1,1,0,0,0,1,0,1,0,0,0,1,1,0,1848.52853895
20211,1129003331,22,19,3,0,3,4,4,6,5,0,2,3,4,5,5,0,1,1,0,1,0,7748.36793471
20211,1129003332,55,37,18,2,20,10,13,6,4,2,14,8,6,4,3,0,6,2,7,2,1,215719.067956
20211,1129003335,28,12,16,0,1,3,9,12,3,0,0,1,6,4,1,0,1,2,3,8,2,2418.6848547
20211,1129003342,3,1,2,0,0,0,3,0,0,0,0,0,1,0,0,0,0,0,2,0,0,2311.70677967
20211,1129003344,45,37,8,0,4,18,17,3,3,0,4,15,12,3,3,0,0,3,5,0,0,5244.6227638
20211,1129003345,2,1,1,0,0,1,0,1,0,0,0,0,0,1,0,0,0,1,0,0,0,28853.8807185
20211,1129003346,11,6,5,0,0,0,6,4,1,0,0,0,3,2,1,0,0,0,3,2,0,2029.67296716
20211,1129003350,4,1,3,0,1,0,1,0,2,0,0,0,0,0,1,0,1,0,1,0,1,10586.870596
20211,1129003353,3,2,1,0,0,0,0,2,1,0,0,0,0,2,0,0,0,0,0,0,1,461.241539054
20211,1129003354,10,1,9,0,3,1,2,4,0,0,0,0,0,1,0,0,3,1,2,3,0,2251.90633398
20211,1129003359,2,1,1,0,0,0,0,0,2,0,0,0,0,0,1,0,0,0,0,0,1,1821.31091352
20211,1129003364,9,5,4,0,1,2,2,2,2,0,0,2,1,1,1,0,1,0,1,1,1,11256.0176298
20211,1129003367,20,14,6,0,3,2,6,9,0,0,2,2,6,4,0,0,1,0,0,5,0,8646.12487479
20211,1129003374,23,4,19,0,6,5,7,3,2,0,2,1,0,0,1,0,4,4,7,3,1,2200.62430712
20211,1129003382,16,14,2,0,6,4,3,3,0,0,5,4,3,2,0,0,1,0,0,1,0,3529.9245972
20211,1129003383,6,4,2,0,1,1,1,1,2,0,0,1,0,1,2,0,1,0,1,0,0,3301.58478418
20211,1129003386,1,0,1,0,0,0,1,0,0,0,0,0,0,0,0,0,0,0,1,0,0,9178.45469356
20211,1129003387,46,1,45,0,3,5,2,12,24,0,0,0,0,0,1,0,3,5,2,12,23,14015.5105883
20211,1129003389,39,6,33,0,9,7,12,7,4,0,1,2,1,1,1,0,8,5,11,6,3,4351.27532063
20211,1129003396,6,3,3,0,1,2,0,3,0,0,0,1,0,2,0,0,1,1,0,1,0,3011.66059464
20211,1129003398,10,10,0,0,0,3,1,3,3,0,0,3,1,3,3,0,0,0,0,0,0,5080.71253135
20211,1129003399,16,9,7,0,2,3,7,3,1,0,1,2,2,3,1,0,1,1,5,0,0,3711.03540675
20211,1129003402,19,10,9,0,2,3,7,2,5,0,0,2,2,2,4,0,2,1,5,0,1,12604.4376944
20211,1129003403,42,9,33,0,7,18,10,7,0,0,0,7,1,1,0,0,7,11,9,6,0,18062.061525
20211,1129003404,7,1,6,0,2,4,1,0,0,0,0,0,1,0,0,0,2,4,0,0,0,5851.29808174
20211,1129003405,3,2,1,0,0,0,0,2,1,0,0,0,0,1,1,0,0,0,0,1,0,4626.82329492
20211,1129003407,4,2,2,0,1,2,1,0,0,0,0,1,1,0,0,0,1,1,0,0,0,5369.19492692
20211,1129003413,215,79,136,0,76,90,36,9,4,0,22,30,18,6,3,0,54,60,18,3,1,176517.546399
20211,1129003416,13,5,8,0,0,0,2,4,7,0,0,0,1,0,4,0,0,0,1,4,3,43289.3628752
20211,1129003420,2,1,1,0,0,0,1,0,1,0,0,0,0,0,1,0,0,0,1,0,0,5783.34671246
20211,1129003425,7,3,4,0,1,0,1,5,0,0,1,0,0,2,0,0,0,0,1,3,0,13173.9466361
20211,1129003430,9,5,4,0,1,1,0,4,3,0,0,0,0,2,3,0,1,1,0,2,0,11398.3199726
20211,1129003438,6,3,3,0,2,0,0,2,2,0,2,0,0,0,1,0,0,0,0,2,1,5201.4781763
20211,1129003439,7,3,4,0,1,0,0,3,3,0,1,0,0,1,1,0,0,0,0,2,2,3907.40446867
20211,1129003449,95,65,30,0,5,11,27,19,33,0,1,6,14,16,28,0,4,5,13,3,5,187810.655269
20211,1129003454,4,1,3,0,0,1,2,0,1,0,0,0,0,0,1,0,0,1,2,0,0,1635.74900217
20211,1129003458,5,2,3,0,0,0,0,2,3,0,0,0,0,1,1,0,0,0,0,1,2,3125.20783225
20211,1129003459,5,2,3,0,2,2,0,1,0,0,0,1,0,1,0,0,2,1,0,0,0,5154.16300387
20211,1129003461,9,2,7,0,0,4,2,3,0,0,0,0,1,1,0,0,0,4,1,2,0,895.469127812
20211,1129003462,6,5,1,0,2,1,3,0,0,0,2,1,2,0,0,0,0,0,1,0,0,2256.17247661
20211,1129003463,2,1,1,0,0,0,0,0,2,0,0,0,0,0,1,0,0,0,0,0,1,2883.31968909
20211,1129003464,2,1,1,0,0,0,0,2,0,0,0,0,0,1,0,0,0,0,0,1,0,6440.32625528
20211,1129003465,20,4,16,0,8,2,5,4,1,0,1,0,1,2,0,0,7,2,4,2,1,10892.0161003
20211,1129003466,5,3,2,0,0,1,1,2,1,0,0,1,0,1,1,0,0,0,1,1,0,1605.80721062
20211,1129003471,185,147,38,0,1,2,19,73,90,0,0,2,16,64,65,0,1,0,3,9,25,11444.966217
20211,1129003472,9,3,6,0,0,1,6,1,1,0,0,0,2,0,1,0,0,1,4,1,0,4741.68292349
20211,1129003473,6,4,2,0,1,0,1,3,1,0,1,0,1,2,0,0,0,0,0,1,1,7415.77253621
20211,1129003475,28,14,14,0,0,2,10,7,9,0,0,0,4,3,7,0,0,2,6,4,2,15399.1824614
20211,1129003478,9,8,1,0,0,0,2,3,4,0,0,0,1,3,4,0,0,0,1,0,0,2173.44061398
20211,1129003481,4,3,1,0,0,1,2,0,1,0,0,1,1,0,1,0,0,0,1,0,0,2720.8337914
20211,1129003488,12,10,2,0,0,2,5,3,2,0,0,2,3,3,2,0,0,0,2,0,0,2759.1334116
20211,1129003490,64,55,9,0,7,3,9,19,26,0,7,0,7,17,24,0,0,3,2,2,2,5127.06380089
20211,1129003491,5,5,0,0,0,0,1,3,1,0,0,0,1,3,1,0,0,0,0,0,0,3840.8570141
20211,1129003492,14,3,11,0,1,1,7,1,4,0,0,0,0,0,3,0,1,1,7,1,1,4444.62520214
20211,1129003494,54,43,11,0,1,4,13,25,11,0,0,4,10,20,9,0,1,0,3,5,2,10865.6456726
20211,1129003495,1,0,1,0,0,0,0,0,1,0,0,0,0,0,0,0,0,0,0,0,1,7080.28371426
20211,1129003497,43,24,19,0,5,12,12,7,7,0,3,7,4,6,4,0,2,5,8,1,3,12197.3477535
20211,1129003501,50,18,32,0,11,11,7,15,6,0,0,1,3,9,5,0,11,10,4,6,1,9558.81610453
20211,1129003502,3,1,2,0,0,1,1,1,0,0,0,0,0,1,0,0,0,1,1,0,0,2814.81008911
20211,1129003503,9,7,2,0,1,0,3,4,1,0,1,0,2,3,1,0,0,0,1,1,0,4808.585719
20211,1129003504,13,11,2,0,0,1,3,3,6,0,0,1,3,2,5,0,0,0,0,1,1,2850.58247671
20211,1129003505,1,0,1,0,0,0,1,0,0,0,0,0,0,0,0,0,0,0,1,0,0,5077.2057616
20211,1129003507,2,0,2,0,0,0,1,1,0,0,0,0,0,0,0,0,0,0,1,1,0,2091.02593302
20211,1129003512,9,7,2,0,1,0,4,2,2,0,1,0,3,1,2,0,0,0,1,1,0,8231.56905744
20211,1129003516,6,3,3,0,3,1,2,0,0,0,1,1,1,0,0,0,2,0,1,0,0,15508.1357462
20211,1129003518,15,1,14,0,6,2,3,4,0,0,0,0,1,0,0,0,6,2,2,4,0,3969.57837388
20211,1129003529,13,10,3,0,0,4,8,0,1,0,0,3,6,0,1,0,0,1,2,0,0,9025.84763106
20211,1129003532,285,130,155,0,41,53,67,68,56,0,10,24,34,28,34,0,31,29,33,40,22,918.580815296
20211,1129003535,15,13,2,0,0,1,3,7,4,0,0,1,3,6,3,0,0,0,0,1,1,7701.9239029
20211,1129003538,161,38,123,0,14,11,21,59,56,0,8,9,5,11,5,0,6,2,16,48,51,2352.87876807
20211,1129003552,154,119,35,0,15,10,38,66,25,0,0,6,33,57,23,0,15,4,5,9,2,7836.58501461
20211,1129003553,3,3,0,0,3,0,0,0,0,0,3,0,0,0,0,0,0,0,0,0,0,66923.920245
20211,1129003554,11,5,6,0,0,1,1,8,1,0,0,0,0,4,1,0,0,1,1,4,0,3190.56101361
20211,1129003556,32,12,20,0,5,8,9,8,2,0,2,2,4,2,2,0,3,6,5,6,0,5942.08922072
20211,1129003557,2,0,2,0,1,1,0,0,0,0,0,0,0,0,0,0,1,1,0,0,0,11496.5088845
20211,1129003558,6,3,3,0,0,0,0,1,5,0,0,0,0,0,3,0,0,0,0,1,2,3635.4763951
20211,1129003560,4,1,3,2,1,1,0,0,0,0,0,1,0,0,0,2,1,0,0,0,0,4382.42548896
20211,1129003561,4,1,3,0,0,1,2,1,0,0,0,0,0,1,0,0,0,1,2,0,0,10339.5582671
20211,1129003562,9,8,1,0,0,0,1,3,5,0,0,0,1,2,5,0,0,0,0,1,0,2384.24060202
20211,1129003566,2,1,1,0,0,1,0,1,0,0,0,1,0,0,0,0,0,0,0,1,0,4002.07989979
20211,1129003569,3,1,2,0,0,0,2,0,1,0,0,0,1,0,0,0,0,0,1,0,1,3362.24094154
20211,1129003570,7,4,3,0,0,0,2,4,1,0,0,0,0,3,1,0,0,0,2,1,0,4095.43017248
20211,1129003571,68,33,35,0,5,17,16,21,9,0,2,11,7,5,8,0,3,6,9,16,1,2099.64748224
20211,1129003572,7,2,5,0,0,0,2,4,1,0,0,0,1,0,1,0,0,0,1,4,0,11735.0325811
20211,1129003573,210,85,125,0,35,68,46,32,29,0,9,24,17,15,20,0,26,44,29,17,9,1383.15053281
20211,1129003583,2,2,0,0,0,0,0,1,1,0,0,0,0,1,1,0,0,0,0,0,0,9062.71641534
20211,1129003584,24,16,8,0,0,3,12,8,1,0,0,1,9,5,1,0,0,2,3,3,0,7500.91627999
20211,1129003591,5,0,5,0,2,1,1,1,0,0,0,0,0,0,0,0,2,1,1,1,0,35057.7791291
20211,1129003592,4,0,4,0,0,1,3,0,0,0,0,0,0,0,0,0,0,1,3,0,0,2108.21308021
20211,1129003595,6,2,4,0,0,1,1,2,2,0,0,0,1,0,1,0,0,1,0,2,1,10796.8229576
20211,1129003597,3,1,2,0,0,0,1,1,1,0,0,0,0,0,1,0,0,0,1,1,0,66883.6004134
20211,1129003605,21,12,9,0,2,5,5,4,5,0,1,1,2,4,4,0,1,4,3,0,1,14460.250442
20211,1129003609,510,474,36,0,3,51,162,213,81,0,3,47,150,199,75,0,0,4,12,14,6,23371.0695476
20211,1129003612,80,19,61,0,13,21,23,18,5,0,3,2,5,4,5,0,10,19,18,14,0,14747.2569598
20211,1129003617,21,7,14,0,3,12,1,4,1,0,1,4,0,1,1,0,2,8,1,3,0,91824.7350045
20211,1129003622,129,77,52,0,10,36,30,36,17,0,5,23,23,19,7,0,5,13,7,17,10,364030.393388
20211,1129003626,2,1,1,0,0,1,0,1,0,0,0,1,0,0,0,0,0,0,0,1,0,1229.95861833
20211,1129003631,15,12,3,0,1,2,4,5,3,0,0,2,3,5,2,0,1,0,1,0,1,3410.75305058
20211,1129003632,10,0,10,0,1,2,4,1,2,0,0,0,0,0,0,0,1,2,4,1,2,2647.76767072
20211,1129003635,24,12,12,0,0,4,6,10,4,0,0,1,3,6,2,0,0,3,3,4,2,4196.59967382
20211,1129003637,2,1,1,0,0,0,0,1,1,0,0,0,0,0,1,0,0,0,0,1,0,8049.11175236
20211,1129003638,17,12,5,0,0,5,7,4,1,0,0,4,4,4,0,0,0,1,3,0,1,15226.2434879
20211,1129003639,5,3,2,0,0,1,0,0,4,0,0,1,0,0,2,0,0,0,0,0,2,2934.13519498
20211,1129003642,4,4,0,0,0,0,2,1,1,0,0,0,2,1,1,0,0,0,0,0,0,5897.5778106
20211,1129003643,11,1,10,0,1,2,5,2,1,0,0,0,0,0,1,0,1,2,5,2,0,6837.4161208
20211,1129003644,25,19,6,0,4,6,10,5,0,0,2,4,10,3,0,0,2,2,0,2,0,5193.41238891
20211,1129003645,2,1,1,0,0,0,1,1,0,0,0,0,1,0,0,0,0,0,0,1,0,4580.15754293
20211,1129003646,5,1,4,0,0,0,0,2,3,0,0,0,0,0,1,0,0,0,0,2,2,3918.47960485
20211,1129003647,4,3,1,0,0,1,1,0,2,0,0,1,1,0,1,0,0,0,0,0,1,1771.93214574
20211,1129003648,10,3,7,0,0,3,1,2,4,0,0,1,0,1,1,0,0,2,1,1,3,8662.37507444
20211,1129003649,73,17,56,0,10,25,19,17,2,0,2,7,2,4,2,0,8,18,17,13,0,15138.197714
20211,1129003650,2,2,0,0,0,0,1,1,0,0,0,0,1,1,0,0,0,0,0,0,0,3109.9158624
20211,1129003652,16,12,4,0,3,4,5,2,2,0,3,4,3,1,1,0,0,0,2,1,1,3606.45113363
20211,1129003653,11,5,6,0,1,7,0,2,1,0,0,4,0,0,1,0,1,3,0,2,0,4437.25472213
20211,1129003654,299,135,164,0,16,91,127,63,2,0,3,29,57,46,0,0,13,62,70,17,2,4859.55705745
20211,1129003656,21,12,9,0,8,7,4,1,1,0,5,4,2,1,0,0,3,3,2,0,1,11004.0351229
20211,1129003661,1,1,0,0,0,0,0,1,0,0,0,0,0,1,0,0,0,0,0,0,0,70721.8136508
20211,1129003662,226,216,10,0,0,6,55,122,43,0,0,5,50,120,41,0,0,1,5,2,2,6772.06650861
20211,1129003664,23,12,11,0,1,5,4,10,3,0,0,2,2,7,1,0,1,3,2,3,2,7449.32944136
20211,1129003666,5,4,1,0,1,1,1,2,0,0,1,0,1,2,0,0,0,1,0,0,0,1856.63367865
20211,1129003668,3,1,2,0,0,1,0,2,0,0,0,0,0,1,0,0,0,1,0,1,0,3861.22013661
20211,1129003669,5,4,1,0,0,0,0,2,3,0,0,0,0,2,2,0,0,0,0,0,1,11254.8578306
20211,1129003675,7,3,4,0,0,1,3,3,0,0,0,0,2,1,0,0,0,1,1,2,0,8134.38017431
20211,1129003676,6,2,4,0,0,1,2,1,2,0,0,0,0,0,2,0,0,1,2,1,0,2757.3207121
20211,1129003683,43,34,9,0,1,4,18,10,10,0,1,3,11,9,10,0,0,1,7,1,0,32502.5464158
20211,1129003686,12,6,6,0,2,2,1,2,5,0,1,1,0,1,3,0,1,1,1,1,2,3100.33448527
20211,1129003688,2,0,2,0,0,0,0,2,0,0,0,0,0,0,0,0,0,0,0,2,0,2580.03319568
20211,1129003689,12,9,3,0,0,2,4,2,4,0,0,1,3,1,4,0,0,1,1,1,0,4895.55031041
20211,1129003690,28,16,12,0,7,4,9,7,1,0,2,1,7,5,1,0,5,3,2,2,0,7512.16445146
20211,1129003691,16,3,13,0,0,0,2,6,8,0,0,0,0,1,2,0,0,0,2,5,6,2512.19308667
20211,1129003692,93,44,49,0,10,18,35,18,12,0,2,11,16,10,5,0,8,7,19,8,7,1654.19259011
20211,1129003707,104,30,74,0,27,21,31,13,12,0,6,5,12,2,5,0,21,16,19,11,7,3578.19044182
20211,1129003708,3,2,1,0,1,1,1,0,0,0,0,1,1,0,0,0,1,0,0,0,0,4508.21204408
20211,1129003709,7,6,1,1,0,4,1,1,0,1,0,4,1,0,0,0,0,0,0,1,0,2703.26186374
20211,1129003713,2,1,1,0,0,1,0,1,0,0,0,1,0,0,0,0,0,0,0,1,0,3855.67425809
20211,1129003714,4,2,2,0,0,1,2,0,1,0,0,1,1,0,0,0,0,0,1,0,1,3992.61757975
20211,1129003715,7,0,7,0,0,2,5,0,0,0,0,0,0,0,0,0,0,2,5,0,0,2863.81754593
20211,1129003718,7,5,2,0,0,4,0,3,0,0,0,2,0,3,0,0,0,2,0,0,0,2765.49020333
20211,1129003722,14,11,3,0,1,2,5,6,0,0,1,2,4,4,0,0,0,0,1,2,0,6548.44868383
20211,1129003730,22,18,4,0,0,0,7,10,5,0,0,0,7,8,3,0,0,0,0,2,2,4859.02020555
20211,1129003733,1,1,0,0,0,0,1,0,0,0,0,0,1,0,0,0,0,0,0,0,0,1375.8279614
20211,1129003736,2,1,1,0,0,0,2,0,0,0,0,0,1,0,0,0,0,0,1,0,0,1815.04522933
20211,1129003738,1,1,0,0,0,0,1,0,0,0,0,0,1,0,0,0,0,0,0,0,0,972.19093857
20211,1129003741,4,1,3,0,0,2,2,0,0,0,0,0,1,0,0,0,0,2,1,0,0,4936.46713229
20211,1129003742,4,1,3,0,1,0,2,1,0,0,0,0,0,1,0,0,1,0,2,0,0,3731.55817055
20211,1129003743,10,4,6,0,2,3,1,4,0,0,1,2,0,1,0,0,1,1,1,3,0,9426.09054684
20211,1129003747,13,10,3,0,2,1,5,4,1,0,2,1,3,3,1,0,0,0,2,1,0,98983.2011773
20211,1129003749,7,6,1,0,0,1,1,2,3,0,0,1,1,2,2,0,0,0,0,0,1,6088.11954373
20211,1129003752,3,2,1,0,0,0,0,1,2,0,0,0,0,1,1,0,0,0,0,0,1,8476.50519957
20211,1129003753,18227,9407,8820,55,1380,4733,6768,5234,57,12,578,1554,2999,4214,50,43,802,3179,3769,1020,7,2722.10885391
20211,1129003755,51,15,36,0,11,10,19,9,2,0,2,6,4,1,2,0,9,4,15,8,0,5675.39728984
20211,1129003757,2,1,1,0,0,0,2,0,0,0,0,0,1,0,0,0,0,0,1,0,0,3853.97568297
20211,1129003758,37,16,21,0,13,13,7,3,1,0,4,10,1,1,0,0,9,3,6,2,1,7810.12637188
20211,1129003761,17,11,6,0,1,4,6,4,2,0,1,3,2,3,2,0,0,1,4,1,0,4804.4487743
20211,1129003763,2,1,1,0,0,0,0,0,2,0,0,0,0,0,1,0,0,0,0,0,1,2296.15955491
20211,1129003765,11,3,8,0,1,0,5,3,2,0,0,0,2,0,1,0,1,0,3,3,1,4923.71898931
20211,1129003769,5,4,1,0,0,0,0,4,1,0,0,0,0,3,1,0,0,0,0,1,0,1080.53169284
20211,1129003770,2,1,1,0,0,0,0,1,1,0,0,0,0,0,1,0,0,0,0,1,0,1966.90108742
20211,1129003773,66,30,36,0,6,10,11,15,24,0,3,8,5,8,6,0,3,2,6,7,18,13314.3166489
20211,1129003776,17,8,9,0,2,1,3,7,4,0,1,1,2,4,0,0,1,0,1,3,4,1237.35871907
20211,1129003782,2,1,1,0,0,1,1,0,0,0,0,1,0,0,0,0,0,0,1,0,0,1548.99743626
20211,1129003783,7,4,3,0,0,1,2,2,2,0,0,1,1,1,1,0,0,0,1,1,1,3051.7287323
20211,1129003789,4,2,2,0,0,1,0,1,2,0,0,0,0,0,2,0,0,1,0,1,0,5673.86036683
20211,1129003796,7,3,4,0,0,1,4,0,2,0,0,0,1,0,2,0,0,1,3,0,0,12054.9248195
20211,1129003798,95,20,75,0,13,29,33,18,2,0,5,6,2,6,1,0,8,23,31,12,1,4385.2380074
20211,1129003800,28,6,22,0,5,8,6,8,1,0,1,0,2,2,1,0,4,8,4,6,0,5733.59436
20211,1129003804,10,2,8,0,3,3,1,1,2,0,0,1,0,0,1,0,3,2,1,1,1,2957.85152396
20211,1129003805,78,18,60,0,16,15,25,16,6,0,3,3,5,2,5,0,13,12,20,14,1,10312.166553
20211,1129003807,28,3,25,0,8,4,4,8,4,0,1,1,0,0,1,0,7,3,4,8,3,4031.21743756
20211,1129003808,26,17,9,0,13,4,6,2,1,0,11,1,3,1,1,0,2,3,3,1,0,4077.87335975
20211,1129003818,12,6,6,0,1,3,1,2,5,0,0,2,0,1,3,0,1,1,1,1,2,406.991142185
20211,1129003819,3,2,1,0,1,1,1,0,0,0,0,1,1,0,0,0,1,0,0,0,0,2623.44244625
20211,1129003822,8,6,2,0,0,2,1,2,3,0,0,1,1,1,3,0,0,1,0,1,0,9233.31269517
20211,1129003831,213,3,210,0,14,8,35,87,69,0,0,0,1,0,2,0,14,8,34,87,67,8360.25277104
20211,1129003832,3,3,0,0,1,1,1,0,0,0,1,1,1,0,0,0,0,0,0,0,0,8841.87290226
20211,1129003836,4,4,0,0,0,0,1,3,0,0,0,0,1,3,0,0,0,0,0,0,0,3192.73090815
20211,1129003837,8,2,6,0,1,1,1,5,0,0,0,0,0,2,0,0,1,1,1,3,0,3653.93374724
20211,1129003841,16,9,7,0,0,3,5,7,1,0,0,1,3,5,0,0,0,2,2,2,1,5801.40639592
20211,1129003848,247,155,92,1,26,53,56,75,36,0,16,30,34,50,25,1,10,23,22,25,11,4439.32277955
20211,1129003850,8,7,1,0,0,1,2,5,0,0,0,1,1,5,0,0,0,0,1,0,0,3680.25513449
20211,1129003852,66,39,27,1,6,10,13,18,18,0,1,2,9,14,13,1,5,8,4,4,5,4897.45106624
20211,1129003853,18,2,16,0,1,2,11,0,4,0,0,0,0,0,2,0,1,2,11,0,2,51772.1790006
20211,1129003874,12,8,4,0,8,0,1,3,0,0,6,0,1,1,0,0,2,0,0,2,0,2742.85222461
20211,1129003878,477,304,173,2,79,108,113,136,39,0,45,65,68,95,31,2,34,43,45,41,8,2181.72728471
20211,1129003880,45,17,28,0,12,8,2,12,11,0,1,3,2,3,8,0,11,5,0,9,3,4487.40751104
20211,1129003883,16,9,7,0,2,4,5,5,0,0,0,2,5,2,0,0,2,2,0,3,0,2187.00235115
20211,1129003895,45,22,23,0,15,12,15,2,1,0,6,6,10,0,0,0,9,6,5,2,1,8573.68921877
20211,1129003898,444,373,71,0,49,136,113,140,6,0,30,110,93,134,6,0,19,26,20,6,0,6673.68426042
20211,1129003904,11,5,6,0,1,4,4,1,1,0,0,2,2,0,1,0,1,2,2,1,0,1802.43582599
20211,1129003906,257,232,25,0,32,90,55,79,1,0,29,80,48,74,1,0,3,10,7,5,0,3646.97607484
20211,1129003910,4,2,2,0,0,1,1,1,1,0,0,1,1,0,0,0,0,0,0,1,1,3654.51063992
20211,1129003911,187,135,52,2,37,45,51,29,23,0,22,34,40,22,17,2,15,11,11,7,6,1356.87277141
20211,1129003914,66,13,53,1,8,11,22,15,9,0,0,2,3,4,4,1,8,9,19,11,5,6337.81086175
20211,1129003915,2,1,1,0,0,1,0,1,0,0,0,1,0,0,0,0,0,0,0,1,0,3504.52930645
20211,1129003916,7,1,6,0,0,0,2,3,2,0,0,0,0,0,1,0,0,0,2,3,1,2544.18164403
20211,1129003918,2,1,1,0,0,0,0,0,2,0,0,0,0,0,1,0,0,0,0,0,1,3065.12168171
20212,1123000001,120,55,65,0,7,10,27,32,44,0,1,2,14,11,27,0,6,8,13,21,17,4017.03275138
20212,1123000002,6,3,3,0,0,1,0,3,2,0,0,0,0,1,2,0,0,1,0,2,0,4030.88106728
20212,1123000003,5,4,1,0,0,2,2,0,1,0,0,2,1,0,1,0,0,0,1,0,0,2781.85755149
20212,1123000004,764,299,465,2,92,103,227,194,146,0,51,55,53,59,81,2,41,48,174,135,65,3286.03019847
20212,1123000005,113,57,56,0,27,36,24,14,12,0,7,14,16,10,10,0,20,22,8,4,2,6411.81232975
20212,1123000006,8,3,5,0,1,1,2,3,1,0,0,1,0,1,1,0,1,0,2,2,0,1289.78300619
20212,1123000007,8,7,1,0,1,2,1,1,3,0,0,2,1,1,3,0,1,0,0,0,0,4301.33006743
20212,1123000008,24,9,15,0,5,0,6,5,8,0,0,0,2,3,4,0,5,0,4,2,4,3931.99356818
20212,1123000010,3,2,1,0,0,0,2,1,0,0,0,0,1,1,0,0,0,0,1,0,0,946.498084201
20212,1123000012,75,41,34,0,9,14,22,21,9,0,5,10,12,7,7,0,4,4,10,14,2,6062.06191538
20212,1123000013,2,2,0,0,0,1,0,0,1,0,0,1,0,0,1,0,0,0,0,0,0,1035.68562879
20212,1123000014,2,1,1,0,0,0,2,0,0,0,0,0,1,0,0,0,0,0,1,0,0,2203.81881846
20212,1123000015,8,5,3,0,0,1,4,2,1,0,0,0,3,1,1,0,0,1,1,1,0,2393.8773718
20212,1123000017,28,18,10,0,9,12,6,1,0,0,7,9,1,1,0,0,2,3,5,0,0,2824.91954045
20212,1123000018,14,9,5,0,0,0,1,1,12,0,0,0,0,0,9,0,0,0,1,1,3,6616.95583478
20212,1123000020,3,3,0,0,0,2,0,1,0,0,0,2,0,1,0,0,0,0,0,0,0,2175.39408638
20212,1123000021,11,9,2,0,0,0,1,5,5,0,0,0,1,5,3,0,0,0,0,0,2,5430.30601674
20212,1123000022,3058,1155,1903,1,468,643,945,966,35,1,373,482,237,55,7,0,95,161,708,911,28,5528.57732009
20212,1123000023,2,2,0,0,0,0,1,1,0,0,0,0,1,1,0,0,0,0,0,0,0,840.798748147
20212,1123000024,2,1,1,0,0,1,0,1,0,0,0,0,0,1,0,0,0,1,0,0,0,2048.15282661
20212,1123000025,7,1,6,0,0,2,0,4,1,0,0,1,0,0,0,0,0,1,0,4,1,1447.24906033
20212,1123000026,10,8,2,0,0,3,5,1,1,0,0,2,5,1,0,0,0,1,0,0,1,3915.09617768
20212,1123000027,24,19,5,0,0,5,6,7,6,0,0,3,4,6,6,0,0,2,2,1,0,2555.75910236
20212,1123000029,52,37,15,0,1,5,15,11,20,0,0,2,9,7,19,0,1,3,6,4,1,7199.08930214
20212,1123000031,4,3,1,0,0,0,0,1,3,0,0,0,0,1,2,0,0,0,0,0,1,1903.20900952
20212,1123000033,2,2,0,0,0,1,0,0,1,0,0,1,0,0,1,0,0,0,0,0,0,1491.58486878
20212,1123000034,21,18,3,0,5,9,3,3,1,0,4,9,2,3,0,0,1,0,1,0,1,6220.61213951
20212,1123000035,25,17,8,1,0,4,8,5,7,0,0,4,7,2,4,1,0,0,1,3,3,6605.30271984
20212,1123000037,178,111,67,0,5,12,14,13,134,0,0,9,6,5,91,0,5,3,8,8,43,8207.61627371
20212,1123000038,27,20,7,0,11,2,5,5,4,0,8,2,2,4,4,0,3,0,3,1,0,803.762450547
20212,1123000040,387,293,94,1,93,150,74,47,22,0,61,103,65,43,21,1,32,47,9,4,1,8138.33113334
20212,1123000044,1,0,1,0,0,0,1,0,0,0,0,0,0,0,0,0,0,0,1,0,0,2137.75890075
20212,1123000045,83,13,70,0,9,29,27,17,1,0,0,5,5,3,0,0,9,24,22,14,1,15648.5004924
20212,1123000046,5,5,0,0,0,0,0,4,1,0,0,0,0,4,1,0,0,0,0,0,0,1130.86507
20212,1123000048,10,7,3,0,0,1,3,3,3,0,0,1,2,2,2,0,0,0,1,1,1,1083.1532696
20212,1123000054,31,15,16,0,2,8,10,10,1,0,0,6,4,5,0,0,2,2,6,5,1,15357.967654
20212,1123000055,20,13,7,0,0,3,3,5,9,0,0,2,1,4,6,0,0,1,2,1,3,7092.9507577
20212,1123000056,3,2,1,0,0,1,1,0,1,0,0,1,0,0,1,0,0,0,1,0,0,577.232722192
20212,1123000057,42,28,14,1,5,20,4,8,4,0,2,13,2,7,4,1,3,7,2,1,0,3234.22420105
20212,1123000059,2,1,1,0,0,0,0,0,2,0,0,0,0,0,1,0,0,0,0,0,1,4698.91175408
20212,1123000060,42,30,12,0,2,5,6,14,15,0,1,3,4,10,12,0,1,2,2,4,3,5016.86744303
20212,1123000062,46,28,18,0,1,6,14,11,14,0,0,2,8,8,10,0,1,4,6,3,4,4520.76958669
20212,1123000064,11,8,3,0,6,3,2,0,0,0,5,2,1,0,0,0,1,1,1,0,0,2714.33596439
20212,1123000068,12,7,5,0,0,1,6,2,3,0,0,1,3,2,1,0,0,0,3,0,2,2571.36398479
20212,1123000074,9,7,2,0,0,1,5,2,1,0,0,1,4,1,1,0,0,0,1,1,0,5678.60586915
20212,1123000076,8,3,5,0,1,2,2,3,0,0,0,0,1,2,0,0,1,2,1,1,0,1888.01799067
20212,1123000080,12,11,1,0,1,1,5,3,2,0,1,1,4,3,2,0,0,0,1,0,0,4204.1555437
20212,1123000081,2,0,2,0,1,0,1,0,0,0,0,0,0,0,0,0,1,0,1,0,0,1220.34719234
20212,1123000086,35,29,6,0,8,2,13,7,5,0,8,1,10,5,5,0,0,1,3,2,0,6094.20213656
20212,1123000087,31,17,14,0,1,5,13,10,2,0,0,2,7,7,1,0,1,3,6,3,1,6170.24214404
20212,1123000095,97,76,21,0,15,15,13,39,15,0,12,13,10,30,11,0,3,2,3,9,4,6888.55564025
20212,1123000101,3,1,2,0,0,0,0,0,3,0,0,0,0,0,1,0,0,0,0,0,2,3102.44110675
20212,1123000110,4,4,0,0,1,0,0,1,2,0,1,0,0,1,2,0,0,0,0,0,0,5124.86166655
20212,1123000115,15,0,15,0,4,5,1,5,0,0,0,0,0,0,0,0,4,5,1,5,0,1516.72095658
20212,1123000118,2,2,0,0,0,2,0,0,0,0,0,2,0,0,0,0,0,0,0,0,0,3624.99097869
20212,1123000121,7,4,3,0,1,2,2,1,1,0,0,0,2,1,1,0,1,2,0,0,0,3406.21207151
20212,1123000125,10,8,2,0,0,1,1,7,1,0,0,1,1,5,1,0,0,0,0,2,0,6931.85762841
20212,1123000126,35,14,21,0,3,12,10,8,2,0,1,3,6,3,1,0,2,9,4,5,1,3836.44843671
20212,1123000133,38,24,14,0,0,5,15,10,8,0,0,0,9,8,7,0,0,5,6,2,1,2259.47066943
20212,1123000134,3,2,1,0,0,0,0,3,0,0,0,0,0,2,0,0,0,0,0,1,0,3499.19733522
20212,1123000136,2,2,0,0,0,0,1,0,1,0,0,0,1,0,1,0,0,0,0,0,0,1596.34807451
20212,1123000137,34,24,10,0,8,1,9,11,5,0,4,0,6,10,4,0,4,1,3,1,1,2979.24347907
20212,1123000142,8,5,3,0,2,2,2,2,0,0,1,2,1,1,0,0,1,0,1,1,0,5931.98452651
20212,1123000145,41,28,13,0,7,18,13,2,1,0,1,18,7,2,0,0,6,0,6,0,1,2671.59923204
20212,1123000148,15,12,3,0,0,2,7,3,3,0,0,2,6,1,3,0,0,0,1,2,0,4354.43292439
20212,1123000151,2,1,1,0,0,0,1,1,0,0,0,0,0,1,0,0,0,0,1,0,0,3625.53155849
20212,1123000153,2,2,0,0,0,0,0,0,2,0,0,0,0,0,2,0,0,0,0,0,0,4067.70923234
20212,1123000159,64,49,15,3,27,12,5,5,12,3,21,8,2,4,11,0,6,4,3,1,1,4181.10209351
20212,1123000160,8,5,3,0,0,1,2,4,1,0,0,1,1,3,0,0,0,0,1,1,1,4134.06663485
20212,1123000161,9,4,5,0,1,0,4,4,0,0,0,0,3,1,0,0,1,0,1,3,0,4211.32107547
20212,1123000162,50,32,18,0,3,10,9,15,13,0,2,2,4,12,12,0,1,8,5,3,1,3010.23207377
20212,1123000165,3,2,1,0,0,0,0,2,1,0,0,0,0,1,1,0,0,0,0,1,0,3316.38080846
20212,1123000167,13,6,7,0,1,1,4,3,4,0,0,0,0,3,3,0,1,1,4,0,1,4511.13210114
20212,1123000168,40,5,35,0,6,13,9,12,0,0,1,2,0,2,0,0,5,11,9,10,0,9387.61218208
20212,1123000171,3,2,1,0,0,0,3,0,0,0,0,0,2,0,0,0,0,0,1,0,0,6299.9018049
20212,1123000172,53,44,9,0,10,8,20,12,3,0,8,6,15,12,3,0,2,2,5,0,0,4813.26234244
20212,1123000180,23,20,3,0,1,4,14,4,0,0,1,4,11,4,0,0,0,0,3,0,0,2999.47522755
20212,1123000183,105,84,21,0,12,26,40,14,13,0,8,21,31,13,11,0,4,5,9,1,2,7375.44148827
20212,1123000188,128,82,46,0,33,28,19,35,13,0,26,18,10,22,6,0,7,10,9,13,7,10463.6082986
20212,1123000190,1,0,1,0,0,0,1,0,0,0,0,0,0,0,0,0,0,0,1,0,0,2329.28483175
20212,1123000192,34,12,22,0,4,7,11,6,6,0,2,2,3,1,4,0,2,5,8,5,2,13732.0907677
20212,1123000194,19,13,6,0,1,5,6,2,5,0,1,3,4,2,3,0,0,2,2,0,2,2892.15962561
20212,1123000197,10,0,10,0,4,4,1,1,0,0,0,0,0,0,0,0,4,4,1,1,0,1557.20047538
20212,1123000198,2,1,1,0,0,0,1,1,0,0,0,0,1,0,0,0,0,0,0,1,0,1248.0171003
20212,1123000203,2,0,2,0,0,0,2,0,0,0,0,0,0,0,0,0,0,0,2,0,0,2573.41998702
20212,1123000204,2,2,0,0,0,0,0,0,2,0,0,0,0,0,2,0,0,0,0,0,0,4623.78894414
20212,1123000206,48,21,27,0,9,3,10,19,7,0,2,1,1,13,4,0,7,2,9,6,3,10040.5122401
20212,1123000211,220,165,55,0,5,31,40,54,90,0,4,12,26,44,79,0,1,19,14,10,11,9339.31922521
20212,1123000212,8,5,3,0,1,0,2,3,2,0,1,0,1,2,1,0,0,0,1,1,1,1225.44547636
20212,1123000213,20,15,5,0,2,5,2,5,6,0,2,4,2,4,3,0,0,1,0,1,3,1361.05161365
20212,1123000214,75,52,23,1,2,8,22,21,21,0,1,5,16,17,13,1,1,3,6,4,8,9506.07577589
20212,1123000215,8,7,1,0,0,1,3,2,2,0,0,1,2,2,2,0,0,0,1,0,0,1592.80154171
20212,1123000216,28,21,7,0,2,6,9,7,4,0,2,6,7,4,2,0,0,0,2,3,2,4814.16819106
20212,1123000217,7,5,2,0,1,1,3,0,2,0,1,0,2,0,2,0,0,1,1,0,0,956.60642855
20212,1123000218,9,9,0,0,0,2,4,0,3,0,0,2,4,0,3,0,0,0,0,0,0,1529.83558997
20212,1123000219,5,3,2,0,1,2,1,1,0,0,0,2,1,0,0,0,1,0,0,1,0,1074.32345325
20212,1123000220,16,16,0,0,0,7,3,3,3,0,0,7,3,3,3,0,0,0,0,0,0,1245.18242562
20212,1123000221,1098,985,113,18,431,435,151,44,19,18,379,393,143,35,17,0,52,42,8,9,2,12392.3332501
20212,1123000222,26,17,9,0,2,10,4,5,5,0,2,10,2,1,2,0,0,0,2,4,3,3245.18033155
20212,1123000223,6,5,1,0,0,0,4,2,0,0,0,0,3,2,0,0,0,0,1,0,0,2695.61471883
20212,1123000224,17,12,5,0,3,1,7,5,1,0,1,1,6,3,1,0,2,0,1,2,0,2963.33981399
20212,1123000225,216,166,50,1,18,45,60,47,45,1,13,36,48,31,37,0,5,9,12,16,8,19707.8622913
20212,1123000228,351,324,27,1,8,57,154,111,20,1,5,53,138,107,20,0,3,4,16,4,0,9404.49919757
20212,1123000229,2,1,1,0,0,0,0,1,1,0,0,0,0,0,1,0,0,0,0,1,0,1641.22956229
20212,1123000232,3,3,0,0,0,0,0,0,3,0,0,0,0,0,3,0,0,0,0,0,0,2148.40184801
20212,1123000233,20,19,1,0,1,2,7,8,2,0,1,2,7,8,1,0,0,0,0,0,1,3411.02784581
20212,1123000234,17,14,3,0,4,3,2,6,2,0,3,3,1,5,2,0,1,0,1,1,0,2866.74679435
20212,1123000236,115,87,28,0,3,23,35,35,19,0,2,17,28,24,16,0,1,6,7,11,3,3607.98985246
20212,1123000237,13,12,1,0,0,1,4,5,3,0,0,1,4,4,3,0,0,0,0,1,0,1646.85913787
20212,1123000241,2,2,0,0,0,0,0,0,2,0,0,0,0,0,2,0,0,0,0,0,0,445.409192279
20212,1123000242,63,37,26,0,11,15,22,10,5,0,5,7,13,8,4,0,6,8,9,2,1,1345.95386629
20212,1123000245,6,5,1,0,0,0,1,2,3,0,0,0,1,2,2,0,0,0,0,0,1,715.106846907
20212,1123000247,25,14,11,0,3,11,2,4,5,0,1,6,1,1,5,0,2,5,1,3,0,6884.19895901
20212,1123000254,42,27,15,0,4,11,7,14,6,0,2,6,6,9,4,0,2,5,1,5,2,8772.93835973
20212,1123000255,3,2,1,0,0,1,0,0,2,0,0,0,0,0,2,0,0,1,0,0,0,865.097427369
20212,1123000258,7,2,5,0,0,2,5,0,0,0,0,1,1,0,0,0,0,1,4,0,0,3039.18561101
20212,1123000264,2,2,0,0,0,0,2,0,0,0,0,0,2,0,0,0,0,0,0,0,0,4542.37238945
20212,1123000268,4,2,2,0,0,0,1,1,2,0,0,0,0,1,1,0,0,0,1,0,1,3047.33205643
20212,1123000270,4,3,1,0,0,1,2,1,0,0,0,1,1,1,0,0,0,0,1,0,0,2018.08693897
20212,1123000273,3,1,2,0,0,0,1,2,0,0,0,0,1,0,0,0,0,0,0,2,0,1054.94377933
20212,1123000282,22,18,4,0,3,3,5,7,4,0,3,3,4,6,2,0,0,0,1,1,2,3938.34616373
20212,1123000288,2,1,1,0,0,0,0,0,2,0,0,0,0,0,1,0,0,0,0,0,1,1980.02887542
20212,1123000289,3,1,2,0,0,0,0,2,1,0,0,0,0,1,0,0,0,0,0,1,1,668.536327817
20212,1123000291,2,1,1,0,0,1,1,0,0,0,0,1,0,0,0,0,0,0,1,0,0,793.763677092
20212,1123000292,10,4,6,0,0,4,1,5,0,0,0,1,1,2,0,0,0,3,0,3,0,2326.45340104
20212,1123000294,8,1,7,0,0,1,6,0,1,0,0,0,0,0,1,0,0,1,6,0,0,3352.07177196
20212,1123000297,10,0,10,0,1,2,1,5,1,0,0,0,0,0,0,0,1,2,1,5,1,3062.31488374
20212,1123000304,3,1,2,0,0,1,0,2,0,0,0,1,0,0,0,0,0,0,0,2,0,1243.07871428
20212,1123000311,219,138,81,0,5,16,35,64,99,0,3,10,25,41,59,0,2,6,10,23,40,12826.3621649
20212,1123000313,21,7,14,0,5,3,4,8,1,0,1,1,3,1,1,0,4,2,1,7,0,12629.6218867
20212,1123000315,2,2,0,0,0,0,2,0,0,0,0,0,2,0,0,0,0,0,0,0,0,1196.27749514
20212,1123000317,4,4,0,0,0,1,2,1,0,0,0,1,2,1,0,0,0,0,0,0,0,3370.5653296
20212,1123000318,12,8,4,0,1,2,5,2,2,0,1,2,2,1,2,0,0,0,3,1,0,3924.42055462
20212,1123000321,232,135,97,0,28,37,48,66,53,0,18,21,25,36,35,0,10,16,23,30,18,3145.08825278
20212,1123000322,39,18,21,0,9,10,12,6,2,0,2,6,6,4,0,0,7,4,6,2,2,5494.435008
20212,1123000323,225,130,95,4,32,36,51,58,44,3,6,18,32,39,32,1,26,18,19,19,12,2897.72268167
20212,1123000329,18,16,2,0,1,0,8,9,0,0,1,0,6,9,0,0,0,0,2,0,0,1998.48206724
20212,1123000332,3,1,2,0,0,0,3,0,0,0,0,0,1,0,0,0,0,0,2,0,0,3759.87692997
20212,1123000334,1,0,1,0,0,0,0,0,1,0,0,0,0,0,0,0,0,0,0,0,1,6665.12189398
20212,1123000337,36,24,12,0,7,3,8,6,12,0,3,2,5,6,8,0,4,1,3,0,4,7347.94807207
20212,1123000339,6,4,2,0,0,1,2,2,1,0,0,1,1,2,0,0,0,0,1,0,1,5393.1096788
20212,1123000342,26,15,11,0,5,7,3,6,5,0,1,4,2,3,5,0,4,3,1,3,0,3548.83810834
20212,1123000343,5,5,0,0,0,1,0,2,2,0,0,1,0,2,2,0,0,0,0,0,0,2410.66251465
20212,1123000346,34,28,6,2,3,5,6,4,14,2,1,3,4,4,14,0,2,2,2,0,0,2914.34643421
20212,1123000351,24,13,11,0,4,4,7,9,0,0,2,3,3,5,0,0,2,1,4,4,0,6009.65176534
20212,1123000353,2,2,0,0,0,0,0,0,2,0,0,0,0,0,2,0,0,0,0,0,0,4416.74960542
20212,1123000354,11,9,2,0,0,3,4,1,3,0,0,3,2,1,3,0,0,0,2,0,0,7580.06307624
20212,1123000355,11,7,4,0,0,2,2,4,3,0,0,1,1,2,3,0,0,1,1,2,0,2469.91902325
20212,1123000358,3,2,1,0,0,0,2,1,0,0,0,0,2,0,0,0,0,0,0,1,0,1726.38569282
20212,1123000359,19,5,14,0,3,0,7,6,3,0,0,0,0,2,3,0,3,0,7,4,0,7190.05473792
20212,1123000360,73,5,68,0,1,2,4,23,43,0,0,0,0,2,3,0,1,2,4,21,40,4869.81765984
20212,1123000361,3,3,0,0,0,0,0,3,0,0,0,0,0,3,0,0,0,0,0,0,0,4014.57137912
20212,1123000364,136,68,68,0,14,19,27,27,49,0,3,8,5,16,36,0,11,11,22,11,13,6876.32152484
20212,1123000365,8,6,2,0,0,3,2,2,1,0,0,2,2,1,1,0,0,1,0,1,0,5372.32479558
20212,1123000366,23,15,8,0,2,3,5,11,2,0,0,2,2,9,2,0,2,1,3,2,0,4162.11914876
20212,1123000368,6,2,4,0,0,0,1,4,1,0,0,0,0,1,1,0,0,0,1,3,0,2351.50251293
20212,1123000369,10,3,7,0,1,5,2,2,0,0,1,1,0,1,0,0,0,4,2,1,0,4316.36084581
20212,1123000371,2,2,0,0,0,0,2,0,0,0,0,0,2,0,0,0,0,0,0,0,0,1550.74502717
20212,1123000372,6,4,2,0,0,2,0,3,1,0,0,1,0,2,1,0,0,1,0,1,0,1115.26464071
20212,1123000373,9,6,3,0,2,2,1,2,2,0,1,1,1,1,2,0,1,1,0,1,0,4975.55561046
20212,1123000375,41,26,15,0,5,12,18,4,2,0,4,8,10,3,1,0,1,4,8,1,1,2225.89671569
20212,1123000380,3,2,1,0,0,1,2,0,0,0,0,1,1,0,0,0,0,0,1,0,0,4071.00695357
20212,1123000381,18,8,10,0,2,7,1,5,3,0,1,3,1,2,1,0,1,4,0,3,2,7013.37792937
20212,1123000390,72,45,27,2,3,12,23,24,8,1,2,9,14,11,8,1,1,3,9,13,0,3143.25258799
20212,1123000394,82,32,50,2,19,22,19,8,12,2,4,7,8,4,7,0,15,15,11,4,5,6970.93472206
20212,1123000395,29,27,2,0,1,1,5,4,18,0,1,0,4,4,18,0,0,1,1,0,0,1955.64644102
20212,1123000404,2,1,1,0,0,0,1,0,1,0,0,0,1,0,0,0,0,0,0,0,1,1100.26549614
20212,1123000405,9,8,1,0,2,2,3,2,0,0,2,2,2,2,0,0,0,0,1,0,0,3238.00246143
20212,1123000407,167,127,40,0,18,25,42,39,43,0,15,20,34,29,29,0,3,5,8,10,14,5142.13964751
20212,1123000416,26,11,15,0,2,5,11,6,2,0,0,2,6,2,1,0,2,3,5,4,1,2358.77187609
20212,1123000419,1,0,1,0,0,0,1,0,0,0,0,0,0,0,0,0,0,0,1,0,0,5899.06983397
20212,1123000423,26,12,14,1,5,7,6,4,3,0,2,1,5,2,2,1,3,6,1,2,1,80846.9160056
20212,1123000427,5,4,1,0,0,0,0,2,3,0,0,0,0,2,2,0,0,0,0,0,1,4144.48299325
20212,1123000428,4,3,1,0,1,0,1,0,2,0,1,0,0,0,2,0,0,0,1,0,0,2514.57657256
20212,1123000432,66,44,22,1,6,20,14,19,6,1,2,10,8,17,6,0,4,10,6,2,0,8280.65284575
20212,1123000433,16,14,2,0,0,1,3,5,7,0,0,1,3,4,6,0,0,0,0,1,1,2436.63949994
20212,1123000434,5,2,3,0,1,1,0,1,2,0,0,0,0,1,1,0,1,1,0,0,1,2050.92057543
20212,1123000436,425,337,88,8,73,143,142,45,14,2,46,123,125,30,11,6,27,20,17,15,3,16972.1355696
20212,1123000437,203,171,32,1,27,41,36,77,21,1,21,36,29,66,18,0,6,5,7,11,3,7210.75269373
20212,1123000438,29,16,13,0,1,1,4,17,6,0,0,1,3,9,3,0,1,0,1,8,3,4989.62584016
20212,1123000439,4,4,0,0,0,1,1,2,0,0,0,1,1,2,0,0,0,0,0,0,0,2152.19965666
20212,1123000440,6,5,1,0,0,0,1,4,1,0,0,0,1,3,1,0,0,0,0,1,0,1731.8187245
20212,1123000443,5,4,1,0,1,1,0,3,0,0,1,0,0,3,0,0,0,1,0,0,0,2988.77858266
20212,1123000447,16,10,6,0,2,1,6,7,0,0,2,1,2,5,0,0,0,0,4,2,0,2908.54500871
20212,1123000448,7,4,3,0,0,2,3,1,1,0,0,1,2,0,1,0,0,1,1,1,0,853.51796658
20212,1123000450,2,1,1,0,0,0,0,1,1,0,0,0,0,0,1,0,0,0,0,1,0,1195.79720661
20212,1123000454,4,1,3,0,0,0,1,2,1,0,0,0,0,1,0,0,0,0,1,1,1,2146.1138515
20212,1123000457,118,67,51,0,21,22,19,20,36,0,7,13,10,10,27,0,14,9,9,10,9,11178.8074975
20212,1123000458,2,1,1,0,0,0,0,2,0,0,0,0,0,1,0,0,0,0,0,1,0,3221.82682212
20212,1123000459,2,2,0,0,1,0,1,0,0,0,1,0,1,0,0,0,0,0,0,0,0,799.119568551
20212,1123000460,3,1,2,0,0,0,0,1,2,0,0,0,0,0,1,0,0,0,0,1,1,9542.1815697
20212,1123000461,35,24,11,0,6,6,6,10,7,0,1,4,4,10,5,0,5,2,2,0,2,5926.29449319
20212,1123000462,21,17,4,0,0,2,3,9,7,0,0,2,2,7,6,0,0,0,1,2,1,2433.26987734
20212,1123000464,12,5,7,0,0,2,4,5,1,0,0,1,2,2,0,0,0,1,2,3,1,4303.51701822
20212,1123000465,8,7,1,0,1,0,5,0,2,0,1,0,4,0,2,0,0,0,1,0,0,1400.30853031
20212,1123000467,16,13,3,0,0,3,2,3,8,0,0,1,1,3,8,0,0,2,1,0,0,1320.06597028
20212,1123000468,77,58,19,0,6,19,15,22,15,0,4,13,14,14,13,0,2,6,1,8,2,7189.43543783
20212,1123000469,18,15,3,0,1,1,8,5,3,0,1,1,6,4,3,0,0,0,2,1,0,4414.45263074
20212,1123000470,1111,664,447,11,132,99,135,222,512,11,108,71,81,118,275,0,24,28,54,104,237,3949.34350749
20212,1123000472,9,6,3,0,1,4,3,1,0,0,1,3,1,1,0,0,0,1,2,0,0,2634.71533759
20212,1123000473,84,73,11,0,2,9,12,32,29,0,1,5,11,29,27,0,1,4,1,3,2,3108.66796867
20212,1123000474,12,9,3,0,0,1,2,8,1,0,0,1,1,7,0,0,0,0,1,1,1,4981.89738597
20212,1123000475,47,25,22,0,5,7,14,13,8,0,3,5,4,8,5,0,2,2,10,5,3,3133.02543881
20212,1123000480,26,10,16,0,1,2,6,10,7,0,0,1,3,3,3,0,1,1,3,7,4,1601.86981027
20212,1123000486,10,5,5,0,3,1,1,3,2,0,1,1,0,1,2,0,2,0,1,2,0,3329.54903351
20212,1123000487,3,2,1,0,0,0,1,0,2,0,0,0,1,0,1,0,0,0,0,0,1,2778.91643329
20212,1123000488,9,8,1,0,0,0,1,3,5,0,0,0,1,2,5,0,0,0,0,1,0,4935.64771254
20212,1123000489,1,0,1,0,0,1,0,0,0,0,0,0,0,0,0,0,0,1,0,0,0,10553.4898352
20212,1123000490,20,12,8,0,2,3,4,6,5,0,2,2,3,2,3,0,0,1,1,4,2,2577.10429151
20212,1123000492,25,20,5,0,0,3,12,6,4,0,0,2,10,4,4,0,0,1,2,2,0,9511.98057188
20212,1123000498,72,59,13,0,8,11,14,19,20,0,5,9,11,17,17,0,3,2,3,2,3,6570.05535661
20212,1123000501,22,12,10,0,1,5,6,5,5,0,0,1,5,2,4,0,1,4,1,3,1,4448.66788869
20212,1123000503,4,3,1,0,0,0,1,3,0,0,0,0,1,2,0,0,0,0,0,1,0,3128.38591877
20212,1123000504,7,6,1,0,0,0,2,3,2,0,0,0,1,3,2,0,0,0,1,0,0,2190.7864261
20212,1123000505,9,7,2,0,1,1,1,4,2,0,1,1,0,3,2,0,0,0,1,1,0,13294.2598484
20212,1123000507,5,4,1,0,0,0,1,2,2,0,0,0,0,2,2,0,0,0,1,0,0,952.686306164
20212,1123000512,64,38,26,0,13,23,16,8,4,0,3,14,13,5,3,0,10,9,3,3,1,3553.68808835
20212,1123000516,14,10,4,0,2,5,5,2,0,0,1,5,2,2,0,0,1,0,3,0,0,1917.43399775
20212,1123000517,62,48,14,0,0,2,11,23,26,0,0,0,6,18,24,0,0,2,5,5,2,2068.40407842
20212,1123000519,15,11,4,0,1,4,3,5,2,0,1,4,0,4,2,0,0,0,3,1,0,1913.52529964
20212,1123000520,8,7,1,0,0,0,2,4,2,0,0,0,2,3,2,0,0,0,0,1,0,6492.02410893
20212,1123000521,11,7,4,0,0,1,3,0,7,0,0,0,2,0,5,0,0,1,1,0,2,2853.66387992
20212,1123000524,7,0,7,0,2,1,0,2,2,0,0,0,0,0,0,0,2,1,0,2,2,3560.15397671
20212,1123000525,38,28,10,0,3,9,5,8,13,0,1,6,2,8,11,0,2,3,3,0,2,3848.48964201
20212,1123000526,166,99,67,0,18,64,42,24,18,0,3,23,36,21,16,0,15,41,6,3,2,5716.78029794
20212,1123000527,14,8,6,0,3,2,2,4,3,0,3,1,0,1,3,0,0,1,2,3,0,2035.00329444
20212,1123000529,3,3,0,0,0,0,0,2,1,0,0,0,0,2,1,0,0,0,0,0,0,2224.52256163
20212,1123000530,8,7,1,0,0,2,1,4,1,0,0,2,1,3,1,0,0,0,0,1,0,2197.52072203
20212,1123000531,53,44,9,0,5,3,19,16,10,0,5,2,13,15,9,0,0,1,6,1,1,1922.42265679
20212,1123000532,21,14,7,0,1,0,4,12,4,0,1,0,3,7,3,0,0,0,1,5,1,2005.12669396
20212,1123000533,34,17,17,0,1,6,8,14,5,0,1,3,7,3,3,0,0,3,1,11,2,6303.82036938
20212,1123000534,9,4,5,0,0,4,3,2,0,0,0,0,3,1,0,0,0,4,0,1,0,969.415456872
20212,1123000535,9,5,4,0,3,0,4,2,0,0,2,0,2,1,0,0,1,0,2,1,0,3600.84699736
20212,1123000539,16,13,3,0,2,6,2,2,4,0,0,6,2,2,3,0,2,0,0,0,1,1962.13418735
20212,1123000541,3,0,3,0,0,1,1,1,0,0,0,0,0,0,0,0,0,1,1,1,0,3446.23332823
20212,1123000542,6,5,1,1,0,0,3,0,2,1,0,0,2,0,2,0,0,0,1,0,0,21216.7836092
20212,1123000543,9,6,3,0,1,0,4,1,3,0,0,0,2,1,3,0,1,0,2,0,0,11651.5127601
20212,1123000544,6,3,3,0,0,1,3,1,1,0,0,1,1,0,1,0,0,0,2,1,0,1591.94412169
20212,1123000547,11,4,7,0,3,2,1,5,0,0,0,2,1,1,0,0,3,0,0,4,0,2448.82469674
20212,1123000548,15,7,8,0,2,4,3,5,1,0,0,2,1,3,1,0,2,2,2,2,0,2482.52158477
20212,1123000549,4,2,2,0,0,1,0,1,2,0,0,0,0,1,1,0,0,1,0,0,1,1777.54923764
20212,1123000551,4655,1984,2671,6,295,1163,1725,1337,129,1,151,742,691,371,28,5,144,421,1034,966,101,10360.0348741
20212,1123000552,2,1,1,0,0,0,0,2,0,0,0,0,0,1,0,0,0,0,0,1,0,2822.15133736
20212,1123000554,4,3,1,0,0,0,3,1,0,0,0,0,3,0,0,0,0,0,0,1,0,797.064897408
20212,1123000555,89,55,34,0,9,11,27,29,13,0,2,5,18,19,11,0,7,6,9,10,2,3369.23975255
20212,1123000556,40,26,14,0,5,6,14,8,7,0,2,3,9,7,5,0,3,3,5,1,2,9303.72420376
20212,1123000557,9,4,5,0,0,0,1,6,2,0,0,0,0,4,0,0,0,0,1,2,2,2772.82436557
20212,1123000558,27,19,8,0,2,2,12,6,5,0,1,1,7,5,5,0,1,1,5,1,0,2539.3125673
20212,1123000560,11,8,3,0,0,4,3,1,3,0,0,2,3,0,3,0,0,2,0,1,0,2934.61586342
20212,1123000561,6,5,1,0,1,1,2,1,1,0,1,1,2,0,1,0,0,0,0,1,0,1737.6047196
20212,1123000562,3,2,1,0,0,0,1,1,1,0,0,0,1,1,0,0,0,0,0,0,1,1811.24298432
20212,1123000563,2,1,1,0,0,0,0,1,1,0,0,0,0,0,1,0,0,0,0,1,0,2957.4947786
20212,1123000564,24,17,7,0,3,2,8,8,3,0,1,2,5,6,3,0,2,0,3,2,0,2121.6648195
20212,1123000565,56,29,27,0,6,12,13,17,8,0,1,8,6,9,5,0,5,4,7,8,3,4675.14201419
20212,1123000566,12,8,4,0,0,1,7,1,3,0,0,0,5,1,2,0,0,1,2,0,1,2470.47226513
20212,1123000567,18,14,4,0,0,2,5,6,5,0,0,2,3,5,4,0,0,0,2,1,1,2431.47574291
20212,1123000568,88,67,21,2,15,22,22,20,7,0,9,18,17,17,6,2,6,4,5,3,1,2209.02915775
20212,1123000569,20,10,10,0,0,0,4,11,5,0,0,0,1,7,2,0,0,0,3,4,3,4287.90569515
20212,1123000570,2,1,1,0,0,0,0,1,1,0,0,0,0,0,1,0,0,0,0,1,0,2939.5225765
20212,1123000571,4,4,0,0,0,2,2,0,0,0,0,2,2,0,0,0,0,0,0,0,0,1716.47034127
20212,1123000576,40,14,26,0,9,16,6,7,2,0,3,5,4,1,1,0,6,11,2,6,1,3058.24911753
20212,1123000577,21,15,6,0,0,3,4,8,6,0,0,1,4,6,4,0,0,2,0,2,2,1907.65500781
20212,1123000580,33,31,2,0,1,8,18,4,2,0,0,8,17,4,2,0,1,0,1,0,0,2259.46977601
20212,1123000581,48,31,17,0,9,5,13,6,15,0,4,2,7,6,12,0,5,3,6,0,3,10109.4401727
20212,1123000582,7,7,0,0,0,0,1,2,4,0,0,0,1,2,4,0,0,0,0,0,0,1138.96438792
20212,1123000583,26,13,13,0,2,8,4,7,5,0,2,2,1,5,3,0,0,6,3,2,2,6558.03722184
20212,1123000584,6,4,2,0,3,2,0,1,0,0,2,2,0,0,0,0,1,0,0,1,0,988.926394008
20212,1123000585,8,6,2,0,1,1,3,3,0,0,1,1,2,2,0,0,0,0,1,1,0,3607.9552115
20212,1123000587,33,20,13,0,1,10,9,6,7,0,0,5,3,6,6,0,1,5,6,0,1,1691.30119912
20212,1123000588,1951,944,1007,3,231,487,493,608,129,2,94,193,182,389,84,1,137,294,311,219,45,13586.4982094
20212,1123000589,479,159,320,1,97,137,104,56,84,0,11,27,31,29,61,1,86,110,73,27,23,9406.4401534
20212,1123000590,23,10,13,0,2,13,3,5,0,0,1,5,2,2,0,0,1,8,1,3,0,12965.2219511
20212,1123000592,40,22,18,0,2,1,12,17,8,0,2,0,6,11,3,0,0,1,6,6,5,2045.69248671
20212,1123000593,5,3,2,0,0,0,0,4,1,0,0,0,0,3,0,0,0,0,0,1,1,2224.96319264
20212,1123000594,10,8,2,0,3,1,1,1,4,0,2,1,1,1,3,0,1,0,0,0,1,1405.42039128
20212,1123000595,4,2,2,0,0,0,0,0,4,0,0,0,0,0,2,0,0,0,0,0,2,1885.58957413
20212,1123000596,35,11,24,0,2,9,11,8,5,0,1,1,2,5,2,0,1,8,9,3,3,2079.86290593
20212,1123000598,5,4,1,0,1,0,1,2,1,0,0,0,1,2,1,0,1,0,0,0,0,1951.17131422
20212,1123000599,12,9,3,0,0,2,3,2,5,0,0,1,3,2,3,0,0,1,0,0,2,1823.27345438
20212,1123000600,27,12,15,0,2,9,8,5,3,0,1,2,4,3,2,0,1,7,4,2,1,2162.62447898
20212,1123000602,3,1,2,0,0,2,0,0,1,0,0,1,0,0,0,0,0,1,0,0,1,2931.45358807
20212,1123000603,3,1,2,0,3,0,0,0,0,0,1,0,0,0,0,0,2,0,0,0,0,2358.07625861
20212,1123000605,1646,1312,334,1,135,280,466,403,361,1,92,225,408,329,257,0,43,55,58,74,104,4346.21841473
20212,1123000606,4,2,2,0,0,1,1,1,1,0,0,0,0,1,1,0,0,1,1,0,0,3125.15005907
20212,1123000607,2,2,0,0,0,2,0,0,0,0,0,2,0,0,0,0,0,0,0,0,0,3249.3479218
20212,1123000608,27,16,11,0,1,5,10,5,6,0,1,3,4,4,4,0,0,2,6,1,2,2625.83904468
20212,1123000613,16,10,6,0,3,5,2,2,4,0,0,3,2,2,3,0,3,2,0,0,1,1818.15010802
20212,1123000614,2,2,0,0,0,0,0,1,1,0,0,0,0,1,1,0,0,0,0,0,0,3246.01714871
20212,1123000615,11,8,3,1,3,2,0,5,0,1,1,2,0,4,0,0,2,0,0,1,0,1543.17841073
20212,1123000616,329,78,251,0,56,119,75,64,15,0,6,22,21,24,5,0,50,97,54,40,10,7002.64869002
20212,1123000621,3,3,0,0,0,0,0,1,2,0,0,0,0,1,2,0,0,0,0,0,0,1668.83691379
20212,1123000622,920,430,490,0,44,61,113,269,433,0,23,37,66,94,210,0,21,24,47,175,223,8139.28415819
20212,1123000623,1,1,0,0,0,0,0,0,1,0,0,0,0,0,1,0,0,0,0,0,0,3248.84264715
20212,1123000624,27,16,11,0,3,7,10,1,6,0,1,4,6,1,4,0,2,3,4,0,2,4937.56851411
20212,1123000626,26,17,9,0,2,3,5,4,12,0,2,1,3,2,9,0,0,2,2,2,3,3635.86047217
20212,1123000627,94,41,53,0,3,28,36,15,12,0,2,12,15,6,6,0,1,16,21,9,6,8179.49828885
20212,1123000628,15,9,6,0,0,3,4,4,4,0,0,3,0,3,3,0,0,0,4,1,1,3183.56836114
20212,1123000630,4,1,3,0,0,0,0,3,1,0,0,0,0,1,0,0,0,0,0,2,1,4726.51273309
20212,1123000634,19,16,3,0,3,4,5,6,1,0,2,4,3,6,1,0,1,0,2,0,0,2162.78508597
20212,1123000635,27,23,4,0,3,2,7,11,4,0,2,2,6,9,4,0,1,0,1,2,0,2254.37723106
20212,1123000636,9,5,4,0,1,2,2,2,2,0,1,1,1,2,0,0,0,1,1,0,2,2583.12862341
20212,1123000638,3,2,1,0,0,0,2,1,0,0,0,0,1,1,0,0,0,0,1,0,0,4376.3797947
20212,1123000639,37,14,23,0,5,6,13,6,7,0,1,4,3,2,4,0,4,2,10,4,3,5975.26547421
20212,1123000640,2,0,2,0,0,0,1,1,0,0,0,0,0,0,0,0,0,0,1,1,0,2418.28491108
20212,1123000642,539,192,347,1,37,55,61,156,229,0,16,11,21,40,104,1,21,44,40,116,125,9087.70959967
20212,1123000645,7,6,1,0,0,2,4,1,0,0,0,2,3,1,0,0,0,0,1,0,0,1601.23263639
20212,1123000646,5,4,1,0,0,1,4,0,0,0,0,1,3,0,0,0,0,0,1,0,0,1378.44414946
20212,1123000653,274,170,104,2,21,36,73,89,53,0,4,18,45,60,43,2,17,18,28,29,10,8637.43186113
20212,1123000654,39,25,14,0,10,7,6,9,7,0,6,3,3,8,5,0,4,4,3,1,2,6619.07270546
20212,1123000656,13,10,3,0,1,1,4,1,6,0,1,1,3,1,4,0,0,0,1,0,2,2449.27811575
20212,1123000657,14,13,1,0,0,0,4,7,3,0,0,0,4,7,2,0,0,0,0,0,1,1230.53015294
20212,1123000659,6,5,1,0,0,2,1,2,1,0,0,2,0,2,1,0,0,0,1,0,0,6366.2523986
20212,1123000660,1571,1415,156,12,367,530,409,231,22,6,334,479,375,207,14,6,33,51,34,24,8,2911.98424896
20212,1123000661,77,33,44,0,34,35,5,2,1,0,10,17,4,2,0,0,24,18,1,0,1,2518.69245769
20212,1123000662,26,14,12,0,3,7,7,5,4,0,1,4,3,3,3,0,2,3,4,2,1,5277.1018916
20212,1123000664,140,30,110,0,26,70,22,9,13,0,4,9,1,6,10,0,22,61,21,3,3,5699.66764004
20212,1123000665,15,3,12,0,1,4,8,1,1,0,0,2,1,0,0,0,1,2,7,1,1,2503.09760121
20212,1123000666,35,18,17,0,4,6,8,11,6,0,2,2,4,7,3,0,2,4,4,4,3,5564.95403295
20212,1123000667,143,90,53,0,13,20,37,33,40,0,6,6,22,18,38,0,7,14,15,15,2,4317.78726912
20212,1123000669,2,1,1,0,0,0,1,0,1,0,0,0,0,0,1,0,0,0,1,0,0,1884.05125028
20212,1123000670,56,44,12,0,4,15,12,13,12,0,2,12,9,11,10,0,2,3,3,2,2,4668.64406334
20212,1123000671,5,4,1,0,0,0,0,5,0,0,0,0,0,4,0,0,0,0,0,1,0,1747.18607916
20212,1123000672,13,7,6,0,0,0,1,7,5,0,0,0,1,4,2,0,0,0,0,3,3,2895.57394366
20212,1123000674,61,12,49,0,13,9,21,13,5,0,4,1,2,1,4,0,9,8,19,12,1,22176.719608
20212,1123000675,98,40,58,0,7,19,28,22,22,0,2,8,8,11,11,0,5,11,20,11,11,7731.02447436
20212,1123000678,29,18,11,0,0,4,4,15,6,0,0,0,3,10,5,0,0,4,1,5,1,1902.95409476
20212,1123000680,21,14,7,0,2,4,7,6,2,0,1,3,3,6,1,0,1,1,4,0,1,903.699622706
20212,1123000681,3,2,1,0,0,0,1,0,2,0,0,0,1,0,1,0,0,0,0,0,1,5436.58843236
20212,1123000682,11,8,3,0,0,3,3,3,2,0,0,2,2,2,2,0,0,1,1,1,0,5662.97446008
20212,1123000689,15,6,9,0,1,1,4,6,3,0,0,0,1,4,1,0,1,1,3,2,2,3315.67715596
20212,1123000692,2,0,2,0,0,0,2,0,0,0,0,0,0,0,0,0,0,0,2,0,0,4347.51199684
20212,1123000693,4,2,2,0,0,1,0,1,2,0,0,0,0,1,1,0,0,1,0,0,1,1490.47639101
20212,1123000697,11,6,5,0,1,3,1,3,3,0,0,1,0,2,3,0,1,2,1,1,0,3301.47939503
20212,1123000698,2,0,2,0,0,0,0,2,0,0,0,0,0,0,0,0,0,0,0,2,0,699.943944066
20212,1123000704,3,2,1,0,0,1,0,0,2,0,0,1,0,0,1,0,0,0,0,0,1,3082.5145774
20212,1123000707,18,11,7,0,3,5,7,2,1,0,1,2,6,1,1,0,2,3,1,1,0,11145.9383493
20212,1123000710,5,4,1,0,0,1,0,2,2,0,0,0,0,2,2,0,0,1,0,0,0,2036.58428895
20212,1123000715,6,0,6,0,1,1,2,2,0,0,0,0,0,0,0,0,1,1,2,2,0,1539.3655359
20212,1123000717,107,73,34,0,19,19,22,33,14,0,13,14,15,22,9,0,6,5,7,11,5,2914.74706095
20212,1123000718,2,2,0,0,0,0,0,1,1,0,0,0,0,1,1,0,0,0,0,0,0,1772.5989134
20212,1123000719,3,2,1,0,0,0,1,0,2,0,0,0,0,0,2,0,0,0,1,0,0,1984.39986253
20212,1123000720,170,89,81,0,29,64,53,17,7,0,8,34,29,12,6,0,21,30,24,5,1,8968.58069041
20212,1123000721,5,0,5,0,2,0,2,1,0,0,0,0,0,0,0,0,2,0,2,1,0,1360.06184532
20212,1123000725,4,3,1,0,0,1,1,2,0,0,0,1,0,2,0,0,0,0,1,0,0,770.437710314
20212,1123000727,70,57,13,0,4,2,9,8,47,0,4,0,3,4,46,0,0,2,6,4,1,5519.61595065
20212,1123000728,3133,562,2571,1,433,588,566,988,557,0,97,230,171,46,18,1,336,358,395,942,539,2847.02821333
20212,1123000732,13,8,5,0,0,6,5,1,1,0,0,3,5,0,0,0,0,3,0,1,1,2573.09926262
20212,1123000733,3,1,2,0,0,0,2,0,1,0,0,0,0,0,1,0,0,0,2,0,0,5735.67251126
20212,1123000736,93,49,44,0,15,26,22,17,13,0,6,16,14,10,3,0,9,10,8,7,10,9188.41281174
20212,1123000737,4,3,1,0,1,0,1,1,1,0,1,0,1,0,1,0,0,0,0,1,0,5914.93846871
20212,1123000738,129,88,41,0,4,1,6,12,106,0,2,1,3,5,77,0,2,0,3,7,29,3820.80092312
20212,1123000739,25,10,15,0,4,3,3,13,2,0,2,0,1,6,1,0,2,3,2,7,1,8825.02822343
20212,1123000740,9,4,5,0,0,0,2,3,4,0,0,0,1,1,2,0,0,0,1,2,2,3158.56877521
20212,1123000742,1,1,0,0,0,0,0,0,1,0,0,0,0,0,1,0,0,0,0,0,0,4244.76656106
20212,1123000746,40,11,29,0,19,9,5,4,3,0,4,4,1,2,0,0,15,5,4,2,3,3797.5155461
20212,1123000747,4,1,3,0,1,0,3,0,0,0,0,0,1,0,0,0,1,0,2,0,0,4229.15002906
20212,1123000748,1,1,0,0,0,0,0,0,1,0,0,0,0,0,1,0,0,0,0,0,0,6652.09689504
20212,1123000749,116,80,36,0,29,38,20,13,16,0,19,23,14,9,15,0,10,15,6,4,1,4240.11981196
20212,1123000751,198,127,71,0,25,90,22,18,43,0,8,56,17,10,36,0,17,34,5,8,7,4006.09273558
20212,1123000753,27,10,17,1,8,5,4,3,6,0,3,1,1,3,2,1,5,4,3,0,4,3640.99294239
20212,1123000754,6,5,1,0,1,2,1,2,0,0,1,2,0,2,0,0,0,0,1,0,0,3635.66513278
20212,1123000756,282,122,160,0,65,83,57,33,44,0,12,30,19,17,44,0,53,53,38,16,0,4338.63340236
20212,1123000758,108,60,48,0,6,10,16,18,58,0,5,9,12,10,24,0,1,1,4,8,34,4095.62700985
20212,1123000759,5,1,4,0,0,1,1,1,2,0,0,1,0,0,0,0,0,0,1,1,2,2448.02260624
20212,1123000761,554,268,286,3,210,201,94,35,11,1,78,100,48,31,10,2,132,101,46,4,1,6890.23982491
20212,1123000762,15,9,6,0,1,2,5,3,4,0,0,0,3,2,4,0,1,2,2,1,0,16004.2052743
20212,1123000764,9,7,2,0,0,3,2,0,4,0,0,1,2,0,4,0,0,2,0,0,0,4110.25781179
20212,1123000766,2,2,0,0,0,0,2,0,0,0,0,0,2,0,0,0,0,0,0,0,0,1247.24874098
20212,1123000767,20,11,9,0,0,10,8,1,1,0,0,3,6,1,1,0,0,7,2,0,0,1901.15458958
20212,1123000769,9,5,4,0,0,1,2,1,5,0,0,0,0,1,4,0,0,1,2,0,1,2206.66753405
20212,1123000770,55,34,21,0,6,7,21,12,9,0,1,4,14,8,7,0,5,3,7,4,2,11464.3050017
20212,1123000772,3,2,1,0,0,0,0,0,3,0,0,0,0,0,2,0,0,0,0,0,1,4132.53707003
20212,1123000774,16,6,10,0,1,4,6,3,2,0,0,1,2,1,2,0,1,3,4,2,0,2395.23824756
20212,1123000775,1,0,1,0,0,0,0,1,0,0,0,0,0,0,0,0,0,0,0,1,0,7559.6167189
20212,1123000776,14,10,4,0,0,1,5,7,1,0,0,0,3,6,1,0,0,1,2,1,0,4645.15896643
20212,1123000777,5,2,3,0,0,0,0,1,4,0,0,0,0,0,2,0,0,0,0,1,2,4637.37759361
20212,1123000779,6,6,0,0,1,2,2,0,1,0,1,2,2,0,1,0,0,0,0,0,0,3420.31595081
20212,1123000783,10,4,6,0,0,2,4,2,2,0,0,1,0,1,2,0,0,1,4,1,0,2849.07207398
20212,1123000784,24,22,2,0,3,2,10,5,4,0,3,2,9,4,4,0,0,0,1,1,0,9942.58958689
20212,1123000785,28,25,3,0,1,5,10,10,2,0,1,3,9,10,2,0,0,2,1,0,0,3943.49847808
20212,1123000787,8,6,2,0,2,2,0,2,2,0,0,2,0,2,2,0,2,0,0,0,0,2845.04936832
20212,1123000788,16,3,13,0,0,4,6,1,5,0,0,0,0,0,3,0,0,4,6,1,2,2837.51426934
20212,1123000790,7,3,4,0,3,3,0,1,0,0,1,1,0,1,0,0,2,2,0,0,0,7394.77884981
20212,1123000791,4,2,2,0,0,0,2,0,2,0,0,0,0,0,2,0,0,0,2,0,0,6190.17818905
20212,1123000792,210,134,76,0,35,92,39,24,20,0,10,61,26,22,15,0,25,31,13,2,5,3241.68558175
20212,1123000794,4,2,2,0,0,0,1,2,1,0,0,0,0,1,1,0,0,0,1,1,0,5526.98765954
20212,1123000796,3,0,3,0,0,0,2,1,0,0,0,0,0,0,0,0,0,0,2,1,0,2548.54200245
20212,1123000797,13,9,4,0,1,5,6,0,1,0,0,5,3,0,1,0,1,0,3,0,0,8036.97057082
20212,1123000799,90,50,40,0,6,32,22,24,6,0,3,13,14,14,6,0,3,19,8,10,0,35453.1704954
20212,1123000804,2,0,2,0,0,0,0,2,0,0,0,0,0,0,0,0,0,0,0,2,0,6529.5723876
20212,1123000805,1,0,1,0,0,0,0,1,0,0,0,0,0,0,0,0,0,0,0,1,0,8770.34867432
20212,1123000806,2,2,0,0,0,0,0,1,1,0,0,0,0,1,1,0,0,0,0,0,0,3574.87789573
20212,1123000809,5,4,1,0,0,0,2,1,2,0,0,0,1,1,2,0,0,0,1,0,0,4624.25370529
20212,1123000810,4,3,1,0,0,0,0,1,3,0,0,0,0,0,3,0,0,0,0,1,0,1262.72374307
20212,1123000811,4,2,2,0,1,0,1,1,1,0,0,0,1,0,1,0,1,0,0,1,0,1581.86584045
20212,1123000812,74,55,19,0,9,15,19,20,11,0,7,12,14,13,9,0,2,3,5,7,2,3035.88478622
20212,1123000814,13,6,7,0,2,2,4,1,4,0,0,1,3,0,2,0,2,1,1,1,2,6328.78202065
20212,1123000817,2,2,0,0,0,0,0,2,0,0,0,0,0,2,0,0,0,0,0,0,0,3092.94501325
20212,1123000818,7,6,1,0,0,1,0,2,4,0,0,1,0,2,3,0,0,0,0,0,1,11921.0973824
20212,1123000821,7,3,4,0,0,0,1,3,3,0,0,0,0,1,2,0,0,0,1,2,1,6999.5667647
20212,1123000822,24,12,12,0,0,4,10,3,7,0,0,2,3,2,5,0,0,2,7,1,2,6013.87445249
20212,1123000823,8,6,2,0,0,1,3,1,3,0,0,1,1,1,3,0,0,0,2,0,0,2165.13348129
20212,1123000824,1,0,1,0,0,0,1,0,0,0,0,0,0,0,0,0,0,0,1,0,0,2499.86282906
20212,1123000826,15,7,8,0,0,0,2,7,6,0,0,0,2,2,3,0,0,0,0,5,3,4934.16602867
20212,1123000828,4,2,2,0,2,0,1,1,0,0,1,0,0,1,0,0,1,0,1,0,0,2999.95610432
20212,1123000829,9,8,1,0,1,2,1,2,3,0,1,2,1,1,3,0,0,0,0,1,0,10360.8752738
20212,1123000830,22,19,3,0,3,3,8,3,5,0,3,3,6,2,5,0,0,0,2,1,0,7393.05431544
20212,1123000831,16,9,7,0,0,4,5,2,5,0,0,3,1,2,3,0,0,1,4,0,2,2969.82232353
20212,1123000832,13,10,3,0,1,2,1,5,4,0,1,2,1,3,3,0,0,0,0,2,1,595.572774367
20212,1123000833,39,16,23,0,9,7,13,5,5,0,1,7,5,1,2,0,8,0,8,4,3,11952.4452845
20212,1123000834,8,7,1,0,0,0,2,6,0,0,0,0,1,6,0,0,0,0,1,0,0,2598.71345033
20212,1123000835,5,5,0,0,0,0,3,2,0,0,0,0,3,2,0,0,0,0,0,0,0,1111.49576141
20212,1123000836,26,17,9,0,0,5,8,10,3,0,0,3,5,7,2,0,0,2,3,3,1,2788.69944117
20212,1123000837,2,1,1,0,0,0,0,0,2,0,0,0,0,0,1,0,0,0,0,0,1,2386.50490123
20212,1123000838,12,8,4,0,1,4,1,5,1,0,0,3,1,4,0,0,1,1,0,1,1,1206.35704805
20212,1123000840,12,10,2,0,0,1,3,3,5,0,0,1,3,2,4,0,0,0,0,1,1,3559.81870719
20212,1123000841,114,96,18,0,3,16,10,13,72,0,0,7,8,10,71,0,3,9,2,3,1,17054.004377
20212,1123000842,24,23,1,0,3,4,5,8,4,0,2,4,5,8,4,0,1,0,0,0,0,2172.34562805
20212,1123000843,5,3,2,0,1,2,0,0,2,0,0,1,0,0,2,0,1,1,0,0,0,2048.99462376
20212,1123000844,42,31,11,0,5,4,13,12,8,0,4,1,10,9,7,0,1,3,3,3,1,3432.34716877
20212,1123000845,7,3,4,0,2,0,1,3,1,0,0,0,0,2,1,0,2,0,1,1,0,2260.48510389
20212,1123000846,48,17,31,0,9,11,17,6,5,0,1,5,7,2,2,0,8,6,10,4,3,2268.05573689
20212,1123000847,29,23,6,0,2,7,6,4,10,0,2,6,4,2,9,0,0,1,2,2,1,2418.13496029
20212,1123000848,32,22,10,0,2,9,11,7,3,0,0,5,10,6,1,0,2,4,1,1,2,3474.14869826
20212,1123000849,1,1,0,0,0,0,0,1,0,0,0,0,0,1,0,0,0,0,0,0,0,2202.90659378
20212,1123000850,10,6,4,0,2,3,3,2,0,0,1,2,1,2,0,0,1,1,2,0,0,3219.71305901
20212,1123000851,6,1,5,0,0,2,2,1,1,0,0,0,0,1,0,0,0,2,2,0,1,5606.01333844
20212,1123000852,4,4,0,0,0,0,2,0,2,0,0,0,2,0,2,0,0,0,0,0,0,1578.57854434
20212,1123000854,4,1,3,0,1,1,2,0,0,0,0,0,1,0,0,0,1,1,1,0,0,865.51864328
20212,1123000856,4,1,3,0,1,0,0,3,0,0,0,0,0,1,0,0,1,0,0,2,0,2204.64945203
20212,1123000857,10,0,10,0,7,1,1,1,0,0,0,0,0,0,0,0,7,1,1,1,0,3051.58675781
20212,1123000858,120,86,34,1,17,26,35,26,15,0,11,17,23,23,12,1,6,9,12,3,3,2766.90389094
20212,1123000860,107,69,38,0,17,54,13,12,11,0,7,40,9,5,8,0,10,14,4,7,3,8391.36259807
20212,1123000871,6,3,3,0,2,1,1,0,2,0,0,0,1,0,2,0,2,1,0,0,0,6143.96655999
20212,1123000873,14,10,4,0,0,3,3,5,3,0,0,2,2,4,2,0,0,1,1,1,1,3531.93565764
20212,1123000875,1446,334,1112,0,497,549,301,93,6,0,69,150,90,20,5,0,428,399,211,73,1,3194.71731579
20212,1123000877,3,2,1,0,0,1,0,1,1,0,0,1,0,0,1,0,0,0,0,1,0,2928.75373941
20212,1123000878,4,4,0,0,0,0,3,0,1,0,0,0,3,0,1,0,0,0,0,0,0,2378.11521735
20212,1123000879,28,12,16,0,4,2,8,12,2,0,3,2,4,2,1,0,1,0,4,10,1,3399.64835843
20212,1123000880,8,1,7,0,0,2,4,0,2,0,0,0,0,0,1,0,0,2,4,0,1,3422.0005008
20212,1123000882,2,0,2,0,1,0,0,1,0,0,0,0,0,0,0,0,1,0,0,1,0,3512.74773724
20212,1123000883,8,6,2,0,0,1,2,2,3,0,0,1,2,2,1,0,0,0,0,0,2,2125.16655741
20212,1123000887,48,28,20,0,9,15,11,5,8,0,3,8,7,3,7,0,6,7,4,2,1,8606.23512171
20212,1123000889,2,1,1,0,0,0,1,0,1,0,0,0,0,0,1,0,0,0,1,0,0,2234.79247841
20212,1123000892,6,4,2,0,0,0,2,1,3,0,0,0,0,1,3,0,0,0,2,0,0,1482.01424451
20212,1123000896,4,2,2,0,0,0,2,1,1,0,0,0,1,0,1,0,0,0,1,1,0,3852.66229586
20212,1123000899,4,4,0,0,1,1,1,1,0,0,1,1,1,1,0,0,0,0,0,0,0,1424.06439015
20212,1123000900,9,2,7,0,0,3,4,1,1,0,0,1,0,0,1,0,0,2,4,1,0,8449.230904
20212,1123000903,4,2,2,0,0,0,0,2,2,0,0,0,0,1,1,0,0,0,0,1,1,4101.30733984
20212,1123000911,5,3,2,0,1,0,2,1,1,0,0,0,1,1,1,0,1,0,1,0,0,2662.73336807
20212,1123000916,16,13,3,0,5,3,6,1,1,0,3,3,5,1,1,0,2,0,1,0,0,926.997156386
20212,1123000920,37,23,14,0,2,8,19,7,1,0,2,6,11,3,1,0,0,2,8,4,0,1086.18995356
20212,1123000922,4,1,3,0,1,0,1,1,1,0,0,0,1,0,0,0,1,0,0,1,1,2397.62565878
20212,1123000924,7,2,5,0,0,3,2,2,0,0,0,0,0,2,0,0,0,3,2,0,0,3349.21343777
20212,1123000925,64,33,31,0,11,17,13,21,2,0,4,11,9,8,1,0,7,6,4,13,1,3732.67537
20212,1123000933,22,9,13,0,10,1,3,6,2,0,2,0,1,5,1,0,8,1,2,1,1,2075.67256411
20212,1123000934,12,8,4,0,1,1,5,2,3,0,0,0,4,2,2,0,1,1,1,0,1,5033.75205013
20212,1123000935,4,3,1,0,2,0,0,2,0,0,1,0,0,2,0,0,1,0,0,0,0,5658.86112854
20212,1123000938,21,7,14,0,4,5,7,5,0,0,0,1,3,3,0,0,4,4,4,2,0,1822.39100718
20212,1123000940,2,2,0,0,0,0,1,1,0,0,0,0,1,1,0,0,0,0,0,0,0,3083.36377762
20212,1123000942,47,43,4,0,1,7,19,15,5,0,1,5,18,15,4,0,0,2,1,0,1,2469.10378439
20212,1123000944,6,3,3,0,0,1,3,1,1,0,0,1,0,1,1,0,0,0,3,0,0,2541.94115157
20212,1123000949,18,10,8,0,3,10,2,1,2,0,1,4,2,1,2,0,2,6,0,0,0,1253.45301219
20212,1123000954,11,1,10,0,2,0,5,4,0,0,0,0,1,0,0,0,2,0,4,4,0,4708.06271298
20212,1123000957,8,7,1,0,0,0,1,4,3,0,0,0,1,3,3,0,0,0,0,1,0,2804.75312681
20212,1123000958,35,24,11,0,1,7,10,9,8,0,1,3,6,7,7,0,0,4,4,2,1,6868.69509997
20212,1123000960,3,3,0,0,0,0,2,1,0,0,0,0,2,1,0,0,0,0,0,0,0,1899.39653633
20212,1123000961,13,5,8,0,3,4,2,3,1,0,1,0,1,2,1,0,2,4,1,1,0,9874.45124892
20212,1123000969,50,22,28,1,0,5,25,16,3,1,0,3,8,7,3,0,0,2,17,9,0,3966.53727376
20212,1123000974,3,2,1,0,0,0,1,2,0,0,0,0,1,1,0,0,0,0,0,1,0,1212.71752248
20212,1123000975,2,2,0,0,0,0,2,0,0,0,0,0,2,0,0,0,0,0,0,0,0,4277.10327787
20212,1123000978,3,3,0,0,0,1,0,1,1,0,0,1,0,1,1,0,0,0,0,0,0,1836.00903797
20212,1123000979,3,1,2,0,0,0,0,2,1,0,0,0,0,1,0,0,0,0,0,1,1,9758.30407219
20212,1123000980,1,1,0,0,0,0,0,1,0,0,0,0,0,1,0,0,0,0,0,0,0,1117.58018808
20212,1123000983,7,3,4,0,2,2,1,1,1,0,2,1,0,0,0,0,0,1,1,1,1,2366.24545472
20212,1123000984,2,2,0,0,0,0,1,1,0,0,0,0,1,1,0,0,0,0,0,0,0,3077.86066463
20212,1123000990,2,1,1,0,0,0,0,0,2,0,0,0,0,0,1,0,0,0,0,0,1,1305.98708829
20212,1123000995,15,2,13,0,8,1,5,0,1,0,0,0,1,0,1,0,8,1,4,0,0,3073.87166788
20212,1123000999,4,4,0,0,0,1,0,1,2,0,0,1,0,1,2,0,0,0,0,0,0,4074.72198537
20212,1123001000,1,1,0,0,0,0,0,0,1,0,0,0,0,0,1,0,0,0,0,0,0,2394.42581509
20212,1123001002,5,1,4,0,0,0,2,1,2,0,0,0,1,0,0,0,0,0,1,1,2,4405.99332393
20212,1123001005,30,15,15,0,4,5,14,5,2,0,0,3,7,5,0,0,4,2,7,0,2,6633.87725523
20212,1123001006,4,3,1,0,0,1,0,1,2,0,0,1,0,0,2,0,0,0,0,1,0,830.165903969
20212,1123001008,8,7,1,0,0,0,0,5,3,0,0,0,0,4,3,0,0,0,0,1,0,4966.72047992
20212,1123001009,2,2,0,0,2,0,0,0,0,0,2,0,0,0,0,0,0,0,0,0,0,3491.88435607
20212,1123001010,4,2,2,0,0,2,0,2,0,0,0,1,0,1,0,0,0,1,0,1,0,2510.94937435
20212,1123001012,4,2,2,0,0,0,0,3,1,0,0,0,0,1,1,0,0,0,0,2,0,654.762584036
20212,1123001013,2,2,0,0,1,0,1,0,0,0,1,0,1,0,0,0,0,0,0,0,0,2311.56558557
20212,1123001015,17,6,11,0,6,8,1,1,1,0,2,2,0,1,1,0,4,6,1,0,0,1381.14508248
20212,1123001020,4,4,0,0,0,3,1,0,0,0,0,3,1,0,0,0,0,0,0,0,0,3282.08490934
20212,1123001021,7,4,3,0,0,2,3,1,1,0,0,2,2,0,0,0,0,0,1,1,1,2792.34741787
20212,1123001022,702,498,204,0,5,92,243,248,114,0,3,42,152,202,99,0,2,50,91,46,15,75357.7962421
20212,1123001024,2,2,0,0,0,1,1,0,0,0,0,1,1,0,0,0,0,0,0,0,0,1737.81831967
20212,1123001030,3,1,2,0,2,1,0,0,0,0,0,1,0,0,0,0,2,0,0,0,0,2631.50546448
20212,1123001031,15,7,8,0,6,3,6,0,0,0,3,2,2,0,0,0,3,1,4,0,0,2513.51861358
20212,1123001034,3,1,2,0,0,1,1,1,0,0,0,0,0,1,0,0,0,1,1,0,0,2937.58974716
20212,1123001035,6,1,5,0,1,0,3,1,1,0,0,0,1,0,0,0,1,0,2,1,1,2582.97069588
20212,1123001036,14,7,7,0,4,3,3,4,0,0,1,1,2,3,0,0,3,2,1,1,0,86181.752073
20212,1123001038,3,2,1,0,0,1,1,0,1,0,0,1,0,0,1,0,0,0,1,0,0,702.517798597
20212,1123001039,13,9,4,0,1,1,2,3,6,0,0,0,2,2,5,0,1,1,0,1,1,26947.7282141
20212,1123001040,5,3,2,0,0,1,1,3,0,0,0,0,0,3,0,0,0,1,1,0,0,2564.67134806
20212,1123001041,14,5,9,0,0,1,7,6,0,0,0,1,3,1,0,0,0,0,4,5,0,3891.79118463
20212,1123001043,14,8,6,0,0,3,5,3,3,0,0,2,4,1,1,0,0,1,1,2,2,2174.7425155
20212,1123001047,2,1,1,0,0,0,0,2,0,0,0,0,0,1,0,0,0,0,0,1,0,5773.03312329
20212,1123001048,19,13,6,0,1,1,10,4,3,0,0,1,7,3,2,0,1,0,3,1,1,5667.90612722
20212,1123001049,4,3,1,0,0,2,1,1,0,0,0,1,1,1,0,0,0,1,0,0,0,2908.9263683
20212,1123001051,128,40,88,0,7,10,27,30,54,0,0,4,13,5,18,0,7,6,14,25,36,12705.1673298
20212,1123001052,4,1,3,0,0,1,0,2,1,0,0,0,0,0,1,0,0,1,0,2,0,2913.25226694
20212,1123001057,11,5,6,0,1,2,3,3,2,0,0,1,2,1,1,0,1,1,1,2,1,3302.94712939
20212,1123001063,7,4,3,0,1,1,2,2,1,0,0,0,1,2,1,0,1,1,1,0,0,1036.60154414
20212,1123001070,7,6,1,0,4,0,1,2,0,0,3,0,1,2,0,0,1,0,0,0,0,5731.46337646
20212,1123001071,25,10,15,0,6,5,6,6,2,0,0,3,2,4,1,0,6,2,4,2,1,3146.20831367
20212,1123001077,4,2,2,0,0,1,1,1,1,0,0,0,1,1,0,0,0,1,0,0,1,1921.47218633
20212,1123001078,35,18,17,0,3,6,7,13,6,0,1,3,2,8,4,0,2,3,5,5,2,6464.12246345
20212,1123001082,4,4,0,0,0,0,2,1,1,0,0,0,2,1,1,0,0,0,0,0,0,1952.94323736
20212,1123001085,238,127,111,0,35,53,83,51,16,0,11,26,55,25,10,0,24,27,28,26,6,5762.89541679
20212,1123001088,3,3,0,0,0,0,0,0,3,0,0,0,0,0,3,0,0,0,0,0,0,8042.30153718
20212,1123001089,3,1,2,0,0,0,1,1,1,0,0,0,0,0,1,0,0,0,1,1,0,9030.19472157
20212,1123001091,2,1,1,0,0,0,0,1,1,0,0,0,0,0,1,0,0,0,0,1,0,2168.0241135
20212,1123001093,2,1,1,0,0,1,1,0,0,0,0,0,1,0,0,0,0,1,0,0,0,3166.72280181
20212,1123001102,4,3,1,0,1,0,0,2,1,0,1,0,0,1,1,0,0,0,0,1,0,2096.36169548
20212,1123001103,3,1,2,0,0,1,2,0,0,0,0,0,1,0,0,0,0,1,1,0,0,5580.69721502
20212,1123001115,72,36,36,1,28,11,15,4,13,1,14,6,8,2,5,0,14,5,7,2,8,38244.3507977
20212,1123001117,7,5,2,0,2,3,2,0,0,0,1,3,1,0,0,0,1,0,1,0,0,1137.74013892
20212,1123001118,4,3,1,0,1,0,0,3,0,0,0,0,0,3,0,0,1,0,0,0,0,1306.08891639
20212,1123001119,5,2,3,0,1,0,0,1,3,0,0,0,0,0,2,0,1,0,0,1,1,1619.08847219
20212,1123001121,2,2,0,0,0,0,0,0,2,0,0,0,0,0,2,0,0,0,0,0,0,1470.25396391
20212,1123001123,3,1,2,0,1,1,1,0,0,0,0,0,1,0,0,0,1,1,0,0,0,5027.21683106
20212,1123001125,219,69,150,0,41,56,60,47,15,0,8,15,14,20,12,0,33,41,46,27,3,4184.06575642
20212,1123001126,9,7,2,0,0,1,4,3,1,0,0,1,3,2,1,0,0,0,1,1,0,3173.32707008
20212,1123001131,7,3,4,0,0,3,1,2,1,0,0,1,1,1,0,0,0,2,0,1,1,5769.86987865
20212,1123001136,5,5,0,0,0,3,2,0,0,0,0,3,2,0,0,0,0,0,0,0,0,1115.19650562
20212,1123001138,4,4,0,0,0,1,3,0,0,0,0,1,3,0,0,0,0,0,0,0,0,995.522197245
20212,1123001140,2,1,1,0,0,1,0,1,0,0,0,0,0,1,0,0,0,1,0,0,0,2198.20008866
20212,1123001141,10,5,5,0,0,2,2,3,3,0,0,0,1,1,3,0,0,2,1,2,0,2710.43756067
20212,1123001147,4,3,1,0,0,1,0,2,1,0,0,1,0,1,1,0,0,0,0,1,0,2089.71271821
20212,1123001154,58,48,10,0,2,7,13,28,8,0,1,6,9,25,7,0,1,1,4,3,1,3163.5209142
20212,1123001159,9,5,4,0,0,5,1,2,1,0,0,1,1,2,1,0,0,4,0,0,0,615.770390618
20212,1123001164,1,1,0,0,0,0,0,0,1,0,0,0,0,0,1,0,0,0,0,0,0,845.324753447
20212,1123001169,5,4,1,0,1,1,2,1,0,0,0,1,2,1,0,0,1,0,0,0,0,1885.21017967
20212,1123001178,7,6,1,0,1,4,1,0,1,0,1,4,0,0,1,0,0,0,1,0,0,948.704945047
20212,1123001184,6,2,4,0,0,0,1,5,0,0,0,0,0,2,0,0,0,0,1,3,0,1621.91633535
20212,1123001188,3,3,0,0,0,0,0,3,0,0,0,0,0,3,0,0,0,0,0,0,0,4681.36199995
20212,1123001192,6,3,3,0,0,0,1,5,0,0,0,0,0,3,0,0,0,0,1,2,0,1363.00514833
20212,1123001196,6,2,4,0,0,1,0,1,4,0,0,0,0,1,1,0,0,1,0,0,3,2983.07530735
20212,1123001203,3,1,2,0,0,0,1,2,0,0,0,0,1,0,0,0,0,0,0,2,0,3334.59171495
20212,1123001204,25,9,16,0,3,3,8,8,3,0,1,1,1,4,2,0,2,2,7,4,1,5537.27314008
20212,1123001212,912,386,526,2,141,195,202,221,151,1,48,91,84,77,85,1,93,104,118,144,66,3424.08233721
20212,1123001225,4,3,1,0,0,0,3,0,1,0,0,0,3,0,0,0,0,0,0,0,1,1620.38956919
20212,1123001227,1,1,0,0,0,0,1,0,0,0,0,0,1,0,0,0,0,0,0,0,0,2568.4614047
20212,1123001229,9,7,2,0,0,1,2,4,2,0,0,1,2,2,2,0,0,0,0,2,0,2638.75401326
20212,1123001230,11,9,2,0,1,2,5,3,0,0,1,2,4,2,0,0,0,0,1,1,0,2574.61545223
20212,1123001232,2,2,0,0,0,1,0,0,1,0,0,1,0,0,1,0,0,0,0,0,0,4104.49026507
20212,1123001233,124,88,36,0,13,23,29,20,39,0,6,16,17,13,36,0,7,7,12,7,3,4361.97528672
20212,1123001234,4,0,4,0,0,1,2,1,0,0,0,0,0,0,0,0,0,1,2,1,0,2265.87993922
20212,1123001243,7,7,0,0,0,0,2,4,1,0,0,0,2,4,1,0,0,0,0,0,0,412.873694887
20212,1123001247,3,2,1,0,0,0,3,0,0,0,0,0,2,0,0,0,0,0,1,0,0,2593.29276002
20212,1123001251,1,1,0,0,0,0,0,1,0,0,0,0,0,1,0,0,0,0,0,0,0,1806.93515137
20212,1123001252,4,3,1,0,1,0,0,2,1,0,1,0,0,1,1,0,0,0,0,1,0,3972.39225777
20212,1123001262,3,1,2,0,0,0,1,2,0,0,0,0,1,0,0,0,0,0,0,2,0,1388.2020094
20212,1123001265,21,2,19,0,2,5,6,6,2,0,0,0,1,0,1,0,2,5,5,6,1,2131.82584228
20212,1123001266,99,19,80,0,11,27,27,24,10,0,0,3,7,2,7,0,11,24,20,22,3,17231.4819426
20212,1123001269,2,1,1,0,0,0,1,1,0,0,0,0,0,1,0,0,0,0,1,0,0,1705.87460823
20212,1123001271,12,7,5,0,0,3,4,3,2,0,0,2,1,2,2,0,0,1,3,1,0,3031.587709
20212,1123001272,30,18,12,0,5,5,9,9,2,0,5,2,3,6,2,0,0,3,6,3,0,3015.47768558
20212,1123001273,8,5,3,0,1,1,3,3,0,0,0,1,2,2,0,0,1,0,1,1,0,9357.04827425
20212,1123001280,4,2,2,0,0,0,1,2,1,0,0,0,0,2,0,0,0,0,1,0,1,3600.74066953
20212,1123001282,4,0,4,0,1,0,0,3,0,0,0,0,0,0,0,0,1,0,0,3,0,1476.08055255
20212,1123001284,5,1,4,0,3,0,0,2,0,0,0,0,0,1,0,0,3,0,0,1,0,4095.01648466
20212,1123001285,3,1,2,0,1,0,1,1,0,0,0,0,0,1,0,0,1,0,1,0,0,1094.09394927
20212,1123001286,7,2,5,0,0,1,6,0,0,0,0,0,2,0,0,0,0,1,4,0,0,2682.5819701
20212,1123001292,4,2,2,0,2,0,1,0,1,0,2,0,0,0,0,0,0,0,1,0,1,1340.74481648
20212,1123001295,7,4,3,0,0,0,1,4,2,0,0,0,1,1,2,0,0,0,0,3,0,3050.30695554
20212,1123001298,3,0,3,0,1,0,0,2,0,0,0,0,0,0,0,0,1,0,0,2,0,1490.37942704
20212,1123001299,160,94,66,0,20,53,32,39,16,0,5,20,23,34,12,0,15,33,9,5,4,3095.68658882
20212,1123001301,51,43,8,0,2,30,18,1,0,0,2,27,13,1,0,0,0,3,5,0,0,5649.15500544
20212,1123001306,33,11,22,0,7,9,9,4,4,0,1,5,2,1,2,0,6,4,7,3,2,6314.75504802
20212,1123001309,14,11,3,0,2,7,0,3,2,0,1,6,0,2,2,0,1,1,0,1,0,3176.70006711
20212,1123001317,5,4,1,0,0,0,0,1,4,0,0,0,0,1,3,0,0,0,0,0,1,7574.59307796
20212,1123001319,8,7,1,0,2,2,2,2,0,0,2,2,1,2,0,0,0,0,1,0,0,4983.2483172
20212,1123001326,399,226,173,0,43,89,100,103,64,0,17,41,45,74,49,0,26,48,55,29,15,5658.17166803
20212,1123001329,7,2,5,0,3,2,0,2,0,0,0,0,0,2,0,0,3,2,0,0,0,5200.27360612
20212,1123001330,134,129,5,0,1,1,11,56,65,0,0,1,10,53,65,0,1,0,1,3,0,4968.44184638
20212,1123001331,9,8,1,0,0,0,1,2,6,0,0,0,1,2,5,0,0,0,0,0,1,6572.33371418
20212,1123001333,25,23,2,0,0,2,0,2,21,0,0,1,0,1,21,0,0,1,0,1,0,142300.960354
20212,1123001335,71,48,23,0,9,15,19,14,14,0,5,10,13,11,9,0,4,5,6,3,5,14580.2287956
20212,1123001336,163,85,78,0,18,70,44,14,17,0,6,36,24,8,11,0,12,34,20,6,6,13518.2484709
20212,1123001338,72,42,30,1,8,15,13,17,18,1,4,5,7,10,15,0,4,10,6,7,3,14034.7598661
20212,1123001339,20,15,5,0,3,2,6,7,2,0,2,2,4,5,2,0,1,0,2,2,0,3086.2119734
20212,1123001341,135,72,63,3,11,26,38,38,19,3,7,14,20,15,13,0,4,12,18,23,6,14753.5555328
20212,1123001342,84,66,18,0,10,20,27,17,10,0,7,16,22,12,9,0,3,4,5,5,1,4890.27737582
20212,1123001344,111,107,4,0,0,5,17,32,57,0,0,4,15,31,57,0,0,1,2,1,0,10344.9087969
20212,1123001346,153,99,54,0,27,37,40,28,21,0,13,24,24,18,20,0,14,13,16,10,1,14228.9395352
20212,1123001348,18,7,11,0,5,5,3,4,1,0,1,1,2,2,1,0,4,4,1,2,0,1516.73077499
20212,1123001349,40,27,13,0,5,3,9,13,10,0,1,3,6,8,9,0,4,0,3,5,1,6100.05561612
20212,1123001350,524,310,214,0,51,45,36,91,301,0,44,40,32,48,146,0,7,5,4,43,155,7800.16063219
20212,1123001351,139,75,64,0,19,39,31,33,17,0,2,18,19,24,12,0,17,21,12,9,5,13334.0678012
20212,1123001352,48,35,13,0,11,8,11,10,8,0,8,5,8,7,7,0,3,3,3,3,1,5923.45945574
20212,1123001353,438,296,142,2,9,11,28,37,351,0,2,3,15,16,260,2,7,8,13,21,91,7192.62815346
20212,1123001354,12,8,4,0,1,1,3,6,1,0,1,1,1,4,1,0,0,0,2,2,0,1388.96975073
20212,1123001355,8,4,4,0,0,2,2,3,1,0,0,0,1,3,0,0,0,2,1,0,1,2977.99793061
20212,1123001356,69,64,5,0,1,3,8,14,43,0,1,2,6,13,42,0,0,1,2,1,1,3433.71335463
20212,1123001357,10,6,4,0,2,0,3,3,2,0,1,0,2,2,1,0,1,0,1,1,1,5898.85922386
20212,1123001358,52,33,19,0,10,12,18,9,3,0,5,7,12,7,2,0,5,5,6,2,1,8534.43284344
20212,1123001359,10,5,5,0,0,5,4,1,0,0,0,3,2,0,0,0,0,2,2,1,0,3743.21790007
20212,1123001360,4,2,2,0,2,0,0,2,0,0,1,0,0,1,0,0,1,0,0,1,0,1355.34837445
20212,1123001362,56,35,21,0,6,7,8,20,15,0,1,3,4,16,11,0,5,4,4,4,4,6518.33570488
20212,1123001365,516,416,100,0,145,141,122,55,53,0,119,123,94,35,45,0,26,18,28,20,8,14057.3660987
20212,1123001366,4,1,3,0,0,1,0,1,2,0,0,0,0,0,1,0,0,1,0,1,1,343.514960473
20212,1123001367,58,44,14,0,3,6,16,8,25,0,2,3,7,8,24,0,1,3,9,0,1,7875.80489619
20212,1123001368,38,18,20,0,3,5,10,15,5,0,0,2,5,10,1,0,3,3,5,5,4,7981.48969243
20212,1123001371,9,8,1,0,0,0,5,2,2,0,0,0,5,2,1,0,0,0,0,0,1,3789.31894149
20212,1123001372,83,45,38,0,10,26,26,15,6,0,7,10,16,11,1,0,3,16,10,4,5,7544.30183205
20212,1123001373,2,2,0,0,0,0,0,1,1,0,0,0,0,1,1,0,0,0,0,0,0,267.986559413
20212,1123001374,25,17,8,0,5,5,3,6,6,0,3,4,2,4,4,0,2,1,1,2,2,3448.47641737
20212,1123001375,416,298,118,6,31,74,106,78,121,5,11,44,71,62,105,1,20,30,35,16,16,14113.5126472
20212,1123001376,10,6,4,0,0,0,1,4,5,0,0,0,0,2,4,0,0,0,1,2,1,5273.24260925
20212,1123001377,6,6,0,0,0,2,0,1,3,0,0,2,0,1,3,0,0,0,0,0,0,2621.53512107
20212,1123001379,10,6,4,0,0,2,2,4,2,0,0,0,1,3,2,0,0,2,1,1,0,5566.7657525
20212,1123001381,18,14,4,0,0,1,8,4,5,0,0,1,6,3,4,0,0,0,2,1,1,4734.4584569
20212,1123001384,13,3,10,0,6,3,2,1,1,0,0,1,2,0,0,0,6,2,0,1,1,5199.24676573
20212,1123001385,139,75,64,0,14,30,44,33,18,0,4,15,25,18,13,0,10,15,19,15,5,8042.37328887
20212,1123001386,18,11,7,0,1,2,8,4,3,0,1,2,4,2,2,0,0,0,4,2,1,2931.89741529
20212,1123001388,25,13,12,0,3,2,4,15,1,0,2,1,0,9,1,0,1,1,4,6,0,6419.41771923
20212,1123001389,15,10,5,0,0,3,3,5,4,0,0,1,2,3,4,0,0,2,1,2,0,5354.60233294
20212,1123001391,271,249,22,0,22,94,72,80,3,0,18,87,67,76,1,0,4,7,5,4,2,5470.59872095
20212,1123001392,38,9,29,0,17,5,4,8,4,0,0,3,1,3,2,0,17,2,3,5,2,6654.32879763
20212,1123001393,44,32,12,0,12,6,11,8,7,0,9,4,8,5,6,0,3,2,3,3,1,6374.30314091
20212,1123001397,24,14,10,0,5,5,5,8,1,0,5,2,4,2,1,0,0,3,1,6,0,6525.81560154
20212,1123001398,7,3,4,0,1,3,0,2,1,0,0,2,0,0,1,0,1,1,0,2,0,4536.20935954
20212,1123001399,10,4,6,0,0,1,4,5,0,0,0,0,1,3,0,0,0,1,3,2,0,6474.82609417
20212,1123001400,6,5,1,0,0,1,1,2,2,0,0,1,0,2,2,0,0,0,1,0,0,11320.3183701
20212,1123001401,27,5,22,0,2,5,7,7,6,0,0,0,0,0,5,0,2,5,7,7,1,15122.9864546
20212,1123001402,3,2,1,0,0,1,1,0,1,0,0,1,0,0,1,0,0,0,1,0,0,3221.89739034
20212,1123001403,38,23,15,0,2,8,11,7,10,0,1,3,8,3,8,0,1,5,3,4,2,4867.70086789
20212,1123001404,18,16,2,0,2,5,5,5,1,0,2,5,5,3,1,0,0,0,0,2,0,1810.52620531
20212,1123001405,72,35,37,0,23,14,16,12,7,0,9,10,6,6,4,0,14,4,10,6,3,5917.4011449
20212,1123001406,10,9,1,0,0,0,1,7,2,0,0,0,1,6,2,0,0,0,0,1,0,6501.7530575
20212,1123001407,16,13,3,0,1,4,7,3,1,0,0,3,7,2,1,0,1,1,0,1,0,6368.72709123
20212,1123001408,25,12,13,0,6,5,7,4,3,0,2,2,3,2,3,0,4,3,4,2,0,1000.0890138
20212,1123001409,2,2,0,0,0,0,1,0,1,0,0,0,1,0,1,0,0,0,0,0,0,1020.5928757
20212,1123001411,7,7,0,0,1,0,1,1,4,0,1,0,1,1,4,0,0,0,0,0,0,2523.75545318
20212,1123001413,100,75,25,0,6,33,28,15,18,0,1,26,23,11,14,0,5,7,5,4,4,11519.4560242
20212,1123001414,2,2,0,0,0,0,0,0,2,0,0,0,0,0,2,0,0,0,0,0,0,1137.48089262
20212,1123001416,5,2,3,0,0,1,2,1,1,0,0,0,1,0,1,0,0,1,1,1,0,3778.67687162
20212,1123001417,181,143,38,1,56,42,37,31,14,0,43,32,32,26,10,1,13,10,5,5,4,7514.87708392
20212,1123001419,10,8,2,0,0,1,0,5,4,0,0,0,0,5,3,0,0,1,0,0,1,9775.13424425
20212,1123001421,14,4,10,0,3,3,2,5,1,0,1,1,1,0,1,0,2,2,1,5,0,6014.44502704
20212,1123001422,2,2,0,0,0,0,2,0,0,0,0,0,2,0,0,0,0,0,0,0,0,1880.3633536
20212,1123001424,101,99,2,0,1,0,8,42,50,0,1,0,8,40,50,0,0,0,0,2,0,4932.16320077
20212,1123001425,147,79,68,0,31,51,22,21,22,0,12,28,12,12,15,0,19,23,10,9,7,13280.7704614
20212,1123001426,13,10,3,0,0,3,5,4,1,0,0,3,4,2,1,0,0,0,1,2,0,5658.04577768
20212,1123001427,21,9,12,0,3,6,3,3,6,0,0,3,0,1,5,0,3,3,3,2,1,3280.33657303
20212,1123001429,15,11,4,0,0,6,3,3,3,0,0,4,2,2,3,0,0,2,1,1,0,5682.75460762
20212,1123001431,3,2,1,0,0,0,1,1,1,0,0,0,1,1,0,0,0,0,0,0,1,1921.24713238
20212,1123001433,5,5,0,0,0,1,2,2,0,0,0,1,2,2,0,0,0,0,0,0,0,5496.50228721
20212,1123001434,68,43,25,0,11,21,14,11,11,0,3,13,9,8,10,0,8,8,5,3,1,5145.44003317
20212,1123001437,8,6,2,0,1,0,1,2,4,0,0,0,1,2,3,0,1,0,0,0,1,2326.9723399
20212,1123001440,20,14,6,0,0,3,5,7,5,0,0,1,4,6,3,0,0,2,1,1,2,7213.35894654
20212,1123001441,3,1,2,0,0,1,0,1,1,0,0,0,0,0,1,0,0,1,0,1,0,1457.86495565
20212,1123001442,38,17,21,0,1,4,3,22,8,0,0,1,2,11,3,0,1,3,1,11,5,4977.86546705
20212,1123001443,24,6,18,0,2,7,7,3,5,0,0,1,1,1,3,0,2,6,6,2,2,4730.21808241
20212,1123001444,96,13,83,0,7,19,34,30,6,0,1,3,2,2,5,0,6,16,32,28,1,13746.4756124
20212,1123001445,5,4,1,0,0,0,2,3,0,0,0,0,2,2,0,0,0,0,0,1,0,2480.22846466
20212,1123001448,3,2,1,0,0,1,0,0,2,0,0,0,0,0,2,0,0,1,0,0,0,4354.47016014
20212,1123001450,4,4,0,0,0,2,0,2,0,0,0,2,0,2,0,0,0,0,0,0,0,3045.99398529
20212,1123001451,2,1,1,0,0,1,0,0,1,0,0,1,0,0,0,0,0,0,0,0,1,4503.51955396
20212,1123001452,103,52,51,0,22,31,23,16,11,0,9,14,12,7,10,0,13,17,11,9,1,5180.56802312
20212,1123001453,11,10,1,0,2,2,3,3,1,0,2,1,3,3,1,0,0,1,0,0,0,2969.74191804
20212,1123001454,2,2,0,0,0,1,0,1,0,0,0,1,0,1,0,0,0,0,0,0,0,1674.43272639
20212,1123001455,24,12,12,0,2,1,7,9,5,0,2,1,3,5,1,0,0,0,4,4,4,6837.64911032
20212,1123001456,164,148,16,0,26,35,45,37,21,0,19,31,44,34,20,0,7,4,1,3,1,5126.12306402
20212,1123001459,3,3,0,0,0,0,1,1,1,0,0,0,1,1,1,0,0,0,0,0,0,2630.20227803
20212,1123001460,9,6,3,0,0,1,7,0,1,0,0,1,4,0,1,0,0,0,3,0,0,1541.02592783
20212,1123001462,122,65,57,0,9,20,35,36,22,0,6,10,17,20,12,0,3,10,18,16,10,3894.32687889
20212,1123001464,5,4,1,0,2,0,1,1,1,0,2,0,1,1,0,0,0,0,0,0,1,8432.94970331
20212,1123001465,46,11,35,0,9,14,8,13,2,0,2,3,1,4,1,0,7,11,7,9,1,18246.4413529
20212,1123001467,21,9,12,0,0,0,4,10,7,0,0,0,2,5,2,0,0,0,2,5,5,4736.76092528
20212,1123001473,126,91,35,0,21,31,31,26,17,0,16,18,22,20,15,0,5,13,9,6,2,2709.17188854
20212,1123001474,59,30,29,0,3,12,28,10,6,0,3,9,14,1,3,0,0,3,14,9,3,8476.88203593
20212,1123001476,5,4,1,0,1,1,1,1,1,0,1,0,1,1,1,0,0,1,0,0,0,7063.28036857
20212,1123001477,13,9,4,0,2,1,4,4,2,0,1,0,4,2,2,0,1,1,0,2,0,6953.99217491
20212,1123001479,10,9,1,0,0,1,5,3,1,0,0,0,5,3,1,0,0,1,0,0,0,6990.62090556
20212,1123001480,23,11,12,0,0,3,4,11,5,0,0,1,2,6,2,0,0,2,2,5,3,7085.04358612
20212,1123001481,57,35,22,0,6,17,15,13,6,0,1,13,10,8,3,0,5,4,5,5,3,8895.96901651
20212,1123001482,60,33,27,0,5,11,14,23,7,0,3,8,6,10,6,0,2,3,8,13,1,6110.90501105
20212,1123001483,27,12,15,0,3,5,9,10,0,0,2,4,2,4,0,0,1,1,7,6,0,6160.22952037
20212,1123001484,47,31,16,2,10,14,10,9,2,2,7,5,7,8,2,0,3,9,3,1,0,3076.36896317
20212,1123001486,7,3,4,0,0,0,2,2,3,0,0,0,0,1,2,0,0,0,2,1,1,5359.76878647
20212,1123001487,11,10,1,0,1,1,3,3,3,0,1,1,2,3,3,0,0,0,1,0,0,3386.07192793
20212,1123001488,7,4,3,0,0,1,6,0,0,0,0,0,4,0,0,0,0,1,2,0,0,3019.7420794
20212,1123001489,15,11,4,0,4,5,4,1,1,0,3,3,3,1,1,0,1,2,1,0,0,3187.30133804
20212,1123001491,16,6,10,0,3,5,3,4,1,0,0,2,1,2,1,0,3,3,2,2,0,25154.3285933
20212,1123001493,2,2,0,0,1,0,0,1,0,0,1,0,0,1,0,0,0,0,0,0,0,3174.20676325
20212,1123001494,92,25,67,0,13,15,16,22,26,0,4,9,6,2,4,0,9,6,10,20,22,7379.14624136
20212,1123001497,6,6,0,0,0,0,3,2,1,0,0,0,3,2,1,0,0,0,0,0,0,2817.87552365
20212,1123001498,16,1,15,0,5,3,2,4,2,0,0,0,0,0,1,0,5,3,2,4,1,1808.47977986
20212,1123001499,6,4,2,0,2,1,1,2,0,0,2,1,0,1,0,0,0,0,1,1,0,1821.86097926
20212,1123001501,16,9,7,0,0,6,2,8,0,0,0,4,1,4,0,0,0,2,1,4,0,1697.95252412
20212,1123001505,8,4,4,0,0,4,1,2,1,0,0,2,1,1,0,0,0,2,0,1,1,7638.06405978
20212,1123001509,110,75,35,0,7,25,30,30,18,0,6,17,21,17,14,0,1,8,9,13,4,10862.3147481
20212,1123001514,724,301,423,0,14,16,59,178,457,0,11,9,33,67,181,0,3,7,26,111,276,3651.64655198
20212,1123001516,22,2,20,0,5,7,3,3,4,0,0,0,0,0,2,0,5,7,3,3,2,7303.2756489
20212,1123001518,41,21,20,0,8,7,4,17,5,0,5,3,2,7,4,0,3,4,2,10,1,6825.94748015
20212,1123001520,19,15,4,0,6,3,7,2,1,0,3,3,6,2,1,0,3,0,1,0,0,2442.67438422
20212,1123001526,13,9,4,0,0,2,7,3,1,0,0,1,5,2,1,0,0,1,2,1,0,3198.73780029
20212,1123001530,23,11,12,0,4,6,7,3,3,0,2,0,5,1,3,0,2,6,2,2,0,7635.80977453
20212,1123001534,44,25,19,1,8,11,16,5,3,1,3,6,11,4,0,0,5,5,5,1,3,9796.04396006
20212,1123001536,7,6,1,0,0,1,3,0,3,0,0,1,2,0,3,0,0,0,1,0,0,6330.7126506
20212,1123001537,3,3,0,0,0,2,0,1,0,0,0,2,0,1,0,0,0,0,0,0,0,770.712491337
20212,1123001540,5,3,2,0,0,1,0,2,2,0,0,0,0,1,2,0,0,1,0,1,0,365.90759133
20212,1123001541,27,13,14,0,1,4,6,7,9,0,0,2,3,3,5,0,1,2,3,4,4,2661.1772161
20212,1123001542,12,9,3,0,0,1,4,5,2,0,0,0,3,4,2,0,0,1,1,1,0,2955.87505828
20212,1123001543,3,3,0,0,0,0,2,1,0,0,0,0,2,1,0,0,0,0,0,0,0,8596.90806714
20212,1123001548,7,2,5,0,3,1,1,2,0,0,1,0,0,1,0,0,2,1,1,1,0,2383.501796
20212,1123001552,1,0,1,0,0,0,0,0,1,0,0,0,0,0,0,0,0,0,0,0,1,780.11637716
20212,1123001555,15,7,8,0,0,3,3,5,4,0,0,1,1,2,3,0,0,2,2,3,1,2318.38621465
20212,1123001557,9,4,5,0,1,2,4,1,1,0,0,1,2,0,1,0,1,1,2,1,0,2655.03621618
20212,1123001562,2,2,0,0,0,0,0,1,1,0,0,0,0,1,1,0,0,0,0,0,0,2385.05822121
20212,1123001563,1,1,0,0,0,0,0,0,1,0,0,0,0,0,1,0,0,0,0,0,0,1105.44703502
20212,1123001564,155,114,41,0,21,31,37,46,20,0,16,26,25,31,16,0,5,5,12,15,4,9502.44158873
20212,1123001567,2,0,2,0,1,1,0,0,0,0,0,0,0,0,0,0,1,1,0,0,0,5111.96050348
20212,1123001571,12,8,4,0,0,1,1,8,2,0,0,1,0,5,2,0,0,0,1,3,0,2768.6736512
20212,1123001572,4,3,1,0,0,0,0,2,2,0,0,0,0,1,2,0,0,0,0,1,0,1958.7063422
20212,1123001573,2115,1411,704,12,473,565,537,385,143,9,328,398,329,244,103,3,145,167,208,141,40,5441.91728221
20212,1123001578,14,10,4,0,2,3,4,2,3,0,0,3,3,2,2,0,2,0,1,0,1,1097.38995478
20212,1123001579,49,7,42,0,0,5,9,31,4,0,0,1,2,2,2,0,0,4,7,29,2,807.433710519
20212,1123001583,2,2,0,0,0,0,0,1,1,0,0,0,0,1,1,0,0,0,0,0,0,1005.17816963
20212,1123001584,280,107,173,1,43,63,76,67,30,0,3,22,33,33,16,1,40,41,43,34,14,7992.12693281
20212,1123001588,272,248,24,0,1,7,37,98,129,0,0,2,27,94,125,0,1,5,10,4,4,6658.18866416
20212,1123001589,16,9,7,0,1,2,2,7,4,0,0,0,1,5,3,0,1,2,1,2,1,6674.14783146
20212,1123001592,13,8,5,0,0,3,8,2,0,0,0,1,5,2,0,0,0,2,3,0,0,9422.71776574
20212,1123001593,49,21,28,0,1,10,10,14,14,0,0,1,3,8,9,0,1,9,7,6,5,4203.23962719
20212,1123001594,82,38,44,0,10,16,17,23,16,0,8,11,5,9,5,0,2,5,12,14,11,6043.8271992
20212,1123001595,285,155,130,5,58,72,66,66,18,5,35,46,36,21,12,0,23,26,30,45,6,8134.30016491
20212,1123001596,7,2,5,0,0,0,0,1,6,0,0,0,0,0,2,0,0,0,0,1,4,2177.99281376
20212,1123001597,7,2,5,0,0,0,2,3,2,0,0,0,0,1,1,0,0,0,2,2,1,4043.53997307
20212,1123001598,9,6,3,0,0,2,1,3,3,0,0,1,0,3,2,0,0,1,1,0,1,8201.99578759
20212,1123001599,18,7,11,0,5,2,3,8,0,0,2,1,0,4,0,0,3,1,3,4,0,4523.47937648
20212,1123001603,10,7,3,0,2,1,4,3,0,0,0,1,4,2,0,0,2,0,0,1,0,2900.42462842
20212,1123001604,24,21,3,0,3,2,8,8,3,0,3,2,6,8,2,0,0,0,2,0,1,5674.69976032
20212,1123001606,45,24,21,0,2,11,13,13,6,0,1,8,4,8,3,0,1,3,9,5,3,8286.57684344
20212,1123001608,11,9,2,0,0,2,8,1,0,0,0,2,7,0,0,0,0,0,1,1,0,2528.02648496
20212,1123001609,13,5,8,0,4,5,4,0,0,0,1,2,2,0,0,0,3,3,2,0,0,5641.27108116
20212,1123001610,2,1,1,0,0,1,1,0,0,0,0,0,1,0,0,0,0,1,0,0,0,5021.12982437
20212,1123001611,24,16,8,0,2,5,8,7,2,0,0,3,6,5,2,0,2,2,2,2,0,2432.27787358
20212,1123001612,18,16,2,0,1,4,5,4,4,0,1,4,3,4,4,0,0,0,2,0,0,1069.3195533
20212,1123001614,2,1,1,0,0,0,0,2,0,0,0,0,0,1,0,0,0,0,0,1,0,4159.12468628
20212,1123001615,7,6,1,0,1,0,2,3,1,0,1,0,2,2,1,0,0,0,0,1,0,3305.78195532
20212,1123001617,15,4,11,0,1,9,3,2,0,0,0,1,2,1,0,0,1,8,1,1,0,6957.9189275
20212,1123001618,3,1,2,0,0,0,0,2,1,0,0,0,0,0,1,0,0,0,0,2,0,5984.21590529
20212,1123001621,7,0,7,0,0,1,1,4,1,0,0,0,0,0,0,0,0,1,1,4,1,4874.31694985
20212,1123001623,2,0,2,0,1,0,0,1,0,0,0,0,0,0,0,0,1,0,0,1,0,7212.21447054
20212,1123001625,40,26,14,0,5,3,9,12,11,0,4,2,5,6,9,0,1,1,4,6,2,10200.3265225
20212,1123001627,56,44,12,0,5,11,15,13,12,0,3,9,13,8,11,0,2,2,2,5,1,1501.43628989
20212,1123001629,24,12,12,0,6,4,7,5,2,0,4,1,1,4,2,0,2,3,6,1,0,1240.72513743
20212,1123001630,36,29,7,0,2,3,3,3,25,0,0,2,2,3,22,0,2,1,1,0,3,9988.33228846
20212,1123001631,26,9,17,0,1,0,5,10,10,0,0,0,2,2,5,0,1,0,3,8,5,3305.8485222
20212,1123001632,84,61,23,0,22,38,15,7,2,0,15,28,13,4,1,0,7,10,2,3,1,6750.31116411
20212,1123001633,2,1,1,0,0,0,1,1,0,0,0,0,0,1,0,0,0,0,1,0,0,6884.56562242
20212,1123001634,30,22,8,0,1,2,11,13,3,0,1,1,7,10,3,0,0,1,4,3,0,10865.4088096
20212,1123001635,20,7,13,0,4,2,7,5,2,0,3,2,1,1,0,0,1,0,6,4,2,10148.5998149
20212,1123001636,14,11,3,0,0,7,4,2,1,0,0,5,4,1,1,0,0,2,0,1,0,16477.1155956
20212,1123001637,66,26,40,0,4,6,14,25,17,0,0,0,7,10,9,0,4,6,7,15,8,10103.7257895
20212,1123001638,46,13,33,0,4,10,11,13,8,0,1,1,1,5,5,0,3,9,10,8,3,6998.01461805
20212,1123001639,55,23,32,0,9,20,13,9,4,0,3,6,8,4,2,0,6,14,5,5,2,7302.31771112
20212,1123001640,502,68,434,0,105,138,196,60,3,0,7,32,19,8,2,0,98,106,177,52,1,7463.03189471
20212,1123001642,106,84,22,1,25,33,21,13,13,1,20,29,11,12,11,0,5,4,10,1,2,6188.93719982
20212,1123001646,10,6,4,0,1,2,2,4,1,0,0,1,2,2,1,0,1,1,0,2,0,6821.34012799
20212,1123001649,7,5,2,0,0,3,3,0,1,0,0,3,2,0,0,0,0,0,1,0,1,4254.85928562
20212,1123001653,3,1,2,0,0,1,1,1,0,0,0,0,0,1,0,0,0,1,1,0,0,3074.36091837
20212,1123001654,35,16,19,0,2,3,14,5,11,0,1,2,10,2,1,0,1,1,4,3,10,4366.01332506
20212,1123001655,4,4,0,0,0,1,0,1,2,0,0,1,0,1,2,0,0,0,0,0,0,2515.36345007
20212,1123001672,2,0,2,0,0,1,1,0,0,0,0,0,0,0,0,0,0,1,1,0,0,770.715518982
20212,1123001673,67,10,57,0,7,15,31,14,0,0,1,4,4,1,0,0,6,11,27,13,0,15586.8132153
20212,1123001674,100,49,51,0,12,16,21,34,17,0,2,6,12,19,10,0,10,10,9,15,7,9743.13897554
20212,1123001675,79,34,45,0,11,13,13,27,15,0,4,6,6,7,11,0,7,7,7,20,4,9263.09745605
20212,1123001681,15,11,4,0,1,4,6,3,1,0,1,4,3,2,1,0,0,0,3,1,0,6276.58377682
20212,1123001683,2,1,1,0,1,0,1,0,0,0,1,0,0,0,0,0,0,0,1,0,0,1870.34371462
20212,1123001686,5,4,1,0,0,0,0,1,4,0,0,0,0,1,3,0,0,0,0,0,1,6396.27500015
20212,1123001692,5,3,2,0,0,0,1,2,2,0,0,0,0,1,2,0,0,0,1,1,0,5573.72641073
20212,1123001695,1718,1041,677,39,1366,276,32,4,1,23,780,204,29,4,1,16,586,72,3,0,0,3319.13818758
20212,1123001699,8,6,2,1,2,0,1,4,0,1,1,0,0,4,0,0,1,0,1,0,0,1514.18148639
20212,1123001704,235,117,118,1,34,48,80,38,34,1,10,19,38,24,25,0,24,29,42,14,9,5036.11964138
20212,1123001705,6,5,1,0,1,0,0,4,1,0,1,0,0,3,1,0,0,0,0,1,0,6642.42426424
20212,1123001706,49,14,35,0,14,14,13,5,3,0,3,1,4,3,3,0,11,13,9,2,0,3728.42218296
20212,1123001707,330,155,175,1,43,47,73,98,68,0,17,24,31,43,40,1,26,23,42,55,28,8545.53019173
20212,1123001708,95,66,29,0,29,28,16,8,14,0,18,25,10,4,9,0,11,3,6,4,5,8154.01474872
20212,1123001717,6,2,4,0,0,0,1,3,2,0,0,0,0,1,1,0,0,0,1,2,1,2678.28882192
20212,1123001718,4,3,1,0,0,1,0,1,2,0,0,0,0,1,2,0,0,1,0,0,0,6806.22010542
20212,1123001719,10,2,8,0,0,2,4,4,0,0,0,0,2,0,0,0,0,2,2,4,0,5209.53403597
20212,1123001722,6,0,6,0,1,3,1,1,0,0,0,0,0,0,0,0,1,3,1,1,0,2305.30489082
20212,1123001723,18,8,10,0,0,3,3,5,7,0,0,0,3,3,2,0,0,3,0,2,5,2202.31947404
20212,1123001728,3,1,2,0,0,2,1,0,0,0,0,0,1,0,0,0,0,2,0,0,0,1362.15195814
20212,1123001729,11,7,4,0,0,3,3,1,4,0,0,2,2,0,3,0,0,1,1,1,1,6839.26936854
20212,1123001731,45,26,19,0,5,6,16,13,5,0,0,4,11,6,5,0,5,2,5,7,0,8658.17422558
20212,1123001733,29,5,24,0,0,1,2,16,10,0,0,0,0,2,3,0,0,1,2,14,7,8296.31010887
20212,1123001738,5,5,0,0,2,1,0,0,2,0,2,1,0,0,2,0,0,0,0,0,0,1801.07270536
20212,1123001740,4,3,1,0,0,1,1,2,0,0,0,0,1,2,0,0,0,1,0,0,0,980.194432809
20212,1123001742,3,1,2,0,0,0,0,2,1,0,0,0,0,0,1,0,0,0,0,2,0,6160.8449913
20212,1123001747,452,214,238,1,43,103,138,141,26,0,25,60,68,47,14,1,18,43,70,94,12,4357.42417553
20212,1123001748,4,3,1,0,0,0,3,1,0,0,0,0,3,0,0,0,0,0,0,1,0,1241.384888
20212,1123001751,5,3,2,0,0,0,0,3,2,0,0,0,0,1,2,0,0,0,0,2,0,1670.12238524
20212,1123001752,13,8,5,0,0,1,2,8,2,0,0,1,2,3,2,0,0,0,0,5,0,3872.14504388
20212,1123001753,62,28,34,0,18,19,13,11,1,0,7,11,6,3,1,0,11,8,7,8,0,8907.81809772
20212,1123001754,3,2,1,0,0,0,1,2,0,0,0,0,1,1,0,0,0,0,0,1,0,1928.37964443
20212,1123001756,11,1,10,0,2,1,3,4,1,0,0,0,0,1,0,0,2,1,3,3,1,1925.65316767
20212,1123001757,9,7,2,0,1,1,5,1,1,0,0,1,4,1,1,0,1,0,1,0,0,3068.65804359
20212,1123001760,18,10,8,0,5,3,2,6,2,0,3,3,0,3,1,0,2,0,2,3,1,3977.20013561
20212,1123001761,2,2,0,0,0,0,1,1,0,0,0,0,1,1,0,0,0,0,0,0,0,4276.03451425
20212,1123001762,56,40,16,0,1,11,17,19,8,0,0,10,14,11,5,0,1,1,3,8,3,9550.87826095
20212,1123001765,5,3,2,0,2,0,0,2,1,0,1,0,0,1,1,0,1,0,0,1,0,3834.09074247
20212,1123001766,167,54,113,0,8,20,64,70,5,0,6,10,20,14,4,0,2,10,44,56,1,9297.4510458
20212,1123001772,19,15,4,0,3,3,1,7,5,0,3,3,0,5,4,0,0,0,1,2,1,6309.01429743
20212,1123001774,26,9,17,0,3,9,7,4,3,0,1,3,2,0,3,0,2,6,5,4,0,1681.53295582
20212,1123001775,7,6,1,0,0,1,4,0,2,0,0,1,3,0,2,0,0,0,1,0,0,6648.50062046
20212,1123001776,15,9,6,0,3,1,4,2,5,0,3,1,1,2,2,0,0,0,3,0,3,6692.04152494
20212,1123001777,77,42,35,0,5,16,22,22,12,0,4,7,11,10,10,0,1,9,11,12,2,13677.9660346
20212,1123001779,6,3,3,0,0,1,2,2,1,0,0,1,0,1,1,0,0,0,2,1,0,2915.40789666
20212,1123001780,50,37,13,0,3,9,17,15,6,0,1,6,13,13,4,0,2,3,4,2,2,7472.38544568
20212,1123001782,35,24,11,0,3,3,4,17,8,0,1,1,3,13,6,0,2,2,1,4,2,7896.5910533
20212,1123001784,29,20,9,0,0,4,9,12,4,0,0,4,5,8,3,0,0,0,4,4,1,28284.9379399
20212,1123001785,21,15,6,0,3,1,4,8,5,0,2,1,3,4,5,0,1,0,1,4,0,8923.63552952
20212,1123001786,14,8,6,0,3,5,3,3,0,0,1,3,2,2,0,0,2,2,1,1,0,4933.04247039
20212,1123001788,3,1,2,0,0,0,0,1,2,0,0,0,0,0,1,0,0,0,0,1,1,3354.96691417
20212,1123001790,222,216,6,0,0,2,24,88,108,0,0,1,22,87,106,0,0,1,2,1,2,6949.65081213
20212,1123001791,4,2,2,0,0,0,3,1,0,0,0,0,2,0,0,0,0,0,1,1,0,2909.24675782
20212,1123001793,12,0,12,0,0,4,5,1,2,0,0,0,0,0,0,0,0,4,5,1,2,1359.01102341
20212,1123001794,35,9,26,0,1,1,2,7,24,0,0,0,1,1,7,0,1,1,1,6,17,8827.21551829
20212,1123001795,13,10,3,0,0,0,3,5,5,0,0,0,3,4,3,0,0,0,0,1,2,11121.5233736
20212,1123001796,13,9,4,0,2,4,2,2,3,0,1,3,2,1,2,0,1,1,0,1,1,1051.54566169
20212,1123001797,14,6,8,0,0,5,7,2,0,0,0,2,3,1,0,0,0,3,4,1,0,4748.95147149
20212,1123001799,113,56,57,0,24,49,19,10,11,0,9,29,6,5,7,0,15,20,13,5,4,6519.11709223
20212,1123001800,25,8,17,0,1,6,6,10,2,0,1,2,3,2,0,0,0,4,3,8,2,5864.04942963
20212,1123001802,43,33,10,0,4,9,7,11,12,0,2,5,6,8,12,0,2,4,1,3,0,4983.96641971
20212,1123001803,90,85,5,0,0,4,12,28,46,0,0,3,10,28,44,0,0,1,2,0,2,4187.58088906
20212,1123001804,7,5,2,0,1,2,3,1,0,0,1,2,2,0,0,0,0,0,1,1,0,6604.14337509
20212,1123001805,8,2,6,0,1,3,4,0,0,0,0,0,2,0,0,0,1,3,2,0,0,14862.3520205
20212,1123001808,3,2,1,0,0,0,1,1,1,0,0,0,0,1,1,0,0,0,1,0,0,2977.21670631
20212,1123001810,5,3,2,0,1,0,1,3,0,0,1,0,1,1,0,0,0,0,0,2,0,4445.49689001
20212,1123001812,184,120,64,1,29,55,40,40,19,0,13,44,28,19,16,1,16,11,12,21,3,5745.42206838
20212,1123001814,9,6,3,0,0,1,5,3,0,0,0,1,3,2,0,0,0,0,2,1,0,2557.57993975
20212,1123001816,1,0,1,0,0,1,0,0,0,0,0,0,0,0,0,0,0,1,0,0,0,9384.3475861
20212,1123001819,21,18,3,0,3,8,5,3,2,0,2,6,5,3,2,0,1,2,0,0,0,1904.36639678
20212,1123001822,9,6,3,0,0,1,3,4,1,0,0,1,2,3,0,0,0,0,1,1,1,5127.23001287
20212,1123001824,3,3,0,0,1,0,0,2,0,0,1,0,0,2,0,0,0,0,0,0,0,3710.02490604
20212,1123001827,2,2,0,0,0,0,0,1,1,0,0,0,0,1,1,0,0,0,0,0,0,2452.77132621
20212,1123001829,10,3,7,0,2,3,3,2,0,0,0,1,1,1,0,0,2,2,2,1,0,2538.48517068
20212,1123001831,140,51,89,1,18,35,45,34,7,1,6,23,14,5,2,0,12,12,31,29,5,13598.1602686
20212,1123001847,23,18,5,1,4,3,6,6,3,0,4,3,3,5,3,1,0,0,3,1,0,5390.73527039
20212,1123001849,35,26,9,0,3,6,9,12,5,0,3,5,6,8,4,0,0,1,3,4,1,15884.2258296
20212,1123001853,41,34,7,0,2,2,7,15,15,0,0,2,6,11,15,0,2,0,1,4,0,3521.82595606
20212,1123001857,121,94,27,0,25,27,35,22,12,0,22,20,25,17,10,0,3,7,10,5,2,6295.81292237
20212,1123001859,8,8,0,0,1,1,5,1,0,0,1,1,5,1,0,0,0,0,0,0,0,1491.61008874
20212,1123001864,47,27,20,0,8,15,6,9,9,0,5,8,5,3,6,0,3,7,1,6,3,19668.2728815
20212,1123001869,4,3,1,0,0,2,1,0,1,0,0,1,1,0,1,0,0,1,0,0,0,5910.88547042
20212,1123001876,21,7,14,0,2,1,7,6,5,0,1,0,1,2,3,0,1,1,6,4,2,12264.955188
20212,1123001878,3,2,1,0,0,0,2,1,0,0,0,0,1,1,0,0,0,0,1,0,0,4265.14826027
20212,1123001885,39,16,23,0,6,12,6,9,6,0,3,5,1,6,1,0,3,7,5,3,5,3511.67954615
20212,1123001894,6,4,2,0,0,0,2,4,0,0,0,0,2,2,0,0,0,0,0,2,0,10382.5596797
20212,1123001898,13,3,10,0,2,3,4,1,3,0,0,0,2,0,1,0,2,3,2,1,2,10202.9924044
20212,1123001904,7,5,2,0,0,2,1,2,2,0,0,2,1,1,1,0,0,0,0,1,1,5919.14861411
20212,1123001907,3,2,1,0,1,0,1,1,0,0,0,0,1,1,0,0,1,0,0,0,0,2825.53634447
20212,1123001908,18,15,3,0,0,1,7,6,4,0,0,0,5,6,4,0,0,1,2,0,0,1786.3873178
20212,1123001909,4,3,1,0,0,0,0,2,2,0,0,0,0,1,2,0,0,0,0,1,0,1326.48799967
20212,1123001918,47,32,15,0,8,20,13,6,0,0,6,12,9,5,0,0,2,8,4,1,0,3609.02175634
20212,1123001924,2,2,0,0,0,0,0,1,1,0,0,0,0,1,1,0,0,0,0,0,0,2746.53735723
20212,1123001930,19,15,4,0,0,3,12,2,2,0,0,2,11,1,1,0,0,1,1,1,1,1972.12600563
20212,1123001935,7,3,4,0,1,0,2,3,1,0,0,0,1,1,1,0,1,0,1,2,0,16835.9273328
20212,1123001939,2,1,1,0,0,1,1,0,0,0,0,1,0,0,0,0,0,0,1,0,0,2390.50075085
20212,1123001940,85,19,66,0,5,5,11,23,41,0,5,1,9,3,1,0,0,4,2,20,40,1322.5410897
20212,1123001941,10,7,3,0,3,5,1,1,0,0,2,3,1,1,0,0,1,2,0,0,0,1211.01319982
20212,1123001944,7,1,6,0,0,1,2,4,0,0,0,0,0,1,0,0,0,1,2,3,0,4627.34944165
20212,1123001947,8,7,1,0,0,1,4,2,1,0,0,1,4,1,1,0,0,0,0,1,0,2646.56892023
20212,1123001957,3,0,3,0,1,0,1,0,1,0,0,0,0,0,0,0,1,0,1,0,1,2612.62853264
20212,1123001958,3,0,3,0,0,0,0,2,1,0,0,0,0,0,0,0,0,0,0,2,1,5223.47490317
20212,1123001965,5,3,2,0,1,0,1,2,1,0,0,0,1,1,1,0,1,0,0,1,0,2944.25809345
20212,1123001966,11,5,6,0,2,4,2,1,2,0,1,2,0,1,1,0,1,2,2,0,1,2149.47353253
20212,1123001973,14,0,14,0,1,3,3,4,3,0,0,0,0,0,0,0,1,3,3,4,3,4827.13451998
20212,1123001984,32,17,15,0,15,4,7,3,3,0,6,3,4,1,3,0,9,1,3,2,0,6624.73440979
20212,1123001986,10,4,6,0,1,0,5,0,4,0,1,0,0,0,3,0,0,0,5,0,1,2525.93626494
20212,1123001987,2,2,0,0,0,1,0,0,1,0,0,1,0,0,1,0,0,0,0,0,0,3663.45874161
20212,1123001990,9,3,6,0,0,2,2,2,3,0,0,2,1,0,0,0,0,0,1,2,3,4991.96970388
20212,1123001991,4,3,1,0,0,0,2,2,0,0,0,0,2,1,0,0,0,0,0,1,0,2957.58181393
20212,1123001992,440,323,117,1,52,73,136,142,36,0,34,47,100,115,27,1,18,26,36,27,9,2659.19958978
20212,1123001993,4,3,1,0,1,1,1,0,1,0,1,1,1,0,0,0,0,0,0,0,1,732.657724252
20212,1123001994,31,11,20,0,6,7,3,10,5,0,0,3,0,3,5,0,6,4,3,7,0,9181.08458714
20212,1123001999,4,2,2,0,0,1,0,3,0,0,0,0,0,2,0,0,0,1,0,1,0,5188.80815538
20212,1123002000,2,1,1,0,0,0,0,2,0,0,0,0,0,1,0,0,0,0,0,1,0,2839.57107339
20212,1123002004,2,0,2,0,0,0,0,1,1,0,0,0,0,0,0,0,0,0,0,1,1,3090.53973316
20212,1123002006,3,2,1,0,0,1,1,1,0,0,0,1,1,0,0,0,0,0,0,1,0,5106.74938669
20212,1123002009,2,0,2,0,0,0,1,1,0,0,0,0,0,0,0,0,0,0,1,1,0,3389.01848664
20212,1123002011,11,8,3,0,3,0,2,1,5,0,2,0,1,1,4,0,1,0,1,0,1,5210.0495317
20212,1123002014,8,6,2,0,0,1,6,0,1,0,0,1,4,0,1,0,0,0,2,0,0,4830.5152482
20212,1123002018,140,91,49,0,8,18,22,41,51,0,7,18,19,22,25,0,1,0,3,19,26,970.851822096
20212,1123002019,3,3,0,0,1,0,1,1,0,0,1,0,1,1,0,0,0,0,0,0,0,1411.74946427
20212,1123002021,4,2,2,0,0,1,1,2,0,0,0,0,0,2,0,0,0,1,1,0,0,3880.10666176
20212,1123002023,4,2,2,0,0,0,0,3,1,0,0,0,0,2,0,0,0,0,0,1,1,2546.96203805
20212,1123002027,5,5,0,0,1,2,2,0,0,0,1,2,2,0,0,0,0,0,0,0,0,1900.110492
20212,1123002036,2,2,0,0,0,0,1,1,0,0,0,0,1,1,0,0,0,0,0,0,0,3863.14836129
20212,1123002037,12,3,9,0,0,4,5,1,2,0,0,2,0,1,0,0,0,2,5,0,2,2698.79656527
20212,1123002043,18,15,3,0,2,2,5,5,4,0,2,2,3,4,4,0,0,0,2,1,0,2092.60410656
20212,1123002048,4,0,4,0,0,0,2,2,0,0,0,0,0,0,0,0,0,0,2,2,0,3539.71342265
20212,1123002056,3,1,2,0,1,0,1,0,1,0,0,0,0,0,1,0,1,0,1,0,0,5004.34740564
20212,1123002061,6,5,1,0,0,1,2,2,1,0,0,0,2,2,1,0,0,1,0,0,0,2221.79576457
20212,1123002064,29,9,20,0,3,9,7,8,2,0,1,3,1,2,2,0,2,6,6,6,0,1401.43957703
20212,1123002066,2,0,2,0,0,0,1,0,1,0,0,0,0,0,0,0,0,0,1,0,1,3561.66451619
20212,1123002070,9,6,3,0,2,1,2,2,2,0,2,1,1,1,1,0,0,0,1,1,1,3039.62631581
20212,1123002072,14,10,4,0,0,5,2,3,4,0,0,3,1,2,4,0,0,2,1,1,0,2242.76260131
20212,1123002074,4,1,3,0,0,0,0,3,1,0,0,0,0,1,0,0,0,0,0,2,1,2312.74095862
20212,1123002076,6,4,2,0,2,3,1,0,0,0,0,3,1,0,0,0,2,0,0,0,0,2454.79125138
20212,1123002078,8,3,5,0,1,0,4,1,2,0,0,0,2,0,1,0,1,0,2,1,1,13384.042897
20212,1123002082,2,1,1,0,0,1,0,0,1,0,0,1,0,0,0,0,0,0,0,0,1,1643.38839658
20212,1123002091,27,14,13,0,1,4,10,6,6,0,0,2,7,1,4,0,1,2,3,5,2,189650.855414
20212,1123002092,18,12,6,0,1,3,5,6,3,0,1,2,3,5,1,0,0,1,2,1,2,2870.71374496
20212,1123002095,14,4,10,0,3,2,4,3,2,0,1,0,0,1,2,0,2,2,4,2,0,26205.3453911
20212,1123002099,2,1,1,0,0,0,0,1,1,0,0,0,0,0,1,0,0,0,0,1,0,2225.95049321
20212,1123002102,1,0,1,0,0,1,0,0,0,0,0,0,0,0,0,0,0,1,0,0,0,1058.83492936
20212,1123002106,2,1,1,0,0,0,2,0,0,0,0,0,1,0,0,0,0,0,1,0,0,1729.18324543
20212,1123002110,8,7,1,0,0,3,1,4,0,0,0,3,1,3,0,0,0,0,0,1,0,4444.17989109
20212,1123002112,10,7,3,0,0,1,2,6,1,0,0,0,2,4,1,0,0,1,0,2,0,15684.4861607
20212,1123002117,28,14,14,0,1,5,11,10,1,0,0,3,4,6,1,0,1,2,7,4,0,5186.12357986
20212,1123002121,14,4,10,0,2,7,3,2,0,0,0,2,0,2,0,0,2,5,3,0,0,2346.17358884
20212,1123002126,664,359,305,1,62,131,186,167,117,0,26,74,88,93,78,1,36,57,98,74,39,4292.3381603
20212,1123002137,6,3,3,0,0,0,3,1,2,0,0,0,2,0,1,0,0,0,1,1,1,7388.25522622
20212,1123002138,146,95,51,0,27,42,40,24,13,0,10,26,28,20,11,0,17,16,12,4,2,10821.3304508
20212,1123002140,599,420,179,0,51,130,176,140,102,0,34,88,128,97,73,0,17,42,48,43,29,1806.47154327
20212,1123002143,3,3,0,0,0,1,0,1,1,0,0,1,0,1,1,0,0,0,0,0,0,2788.7430648
20212,1123002147,13,10,3,0,4,0,5,3,1,0,3,0,4,2,1,0,1,0,1,1,0,2812.86100703
20212,1123002149,131,77,54,0,24,35,20,29,23,0,16,26,15,9,11,0,8,9,5,20,12,1077.17964895
20212,1123002154,23,17,6,0,6,10,3,3,1,0,4,9,3,1,0,0,2,1,0,2,1,1062.3166324
20212,1123002155,5,4,1,0,0,1,1,2,1,0,0,1,1,1,1,0,0,0,0,1,0,2775.26012818
20212,1123002156,49,8,41,0,0,9,14,17,9,0,0,3,1,0,4,0,0,6,13,17,5,5600.48497582
20212,1123002158,7,4,3,0,0,0,4,3,0,0,0,0,3,1,0,0,0,0,1,2,0,3268.57726876
20212,1123002159,10,3,7,0,1,1,2,2,4,0,0,0,1,1,1,0,1,1,1,1,3,8732.50187672
20212,1123002160,169,34,135,0,6,9,33,72,49,0,3,3,9,7,12,0,3,6,24,65,37,5820.05613738
20212,1123002162,18,5,13,0,1,2,5,5,5,0,0,0,1,2,2,0,1,2,4,3,3,4503.00374877
20212,1123002166,4,3,1,0,0,0,0,0,4,0,0,0,0,0,3,0,0,0,0,0,1,4374.58570695
20212,1123002171,3,0,3,0,0,1,2,0,0,0,0,0,0,0,0,0,0,1,2,0,0,4935.77759267
20212,1123002173,70,33,37,0,8,17,10,19,16,0,1,5,4,10,13,0,7,12,6,9,3,4747.74478704
20212,1123002174,26,3,23,0,4,7,7,7,1,0,1,2,0,0,0,0,3,5,7,7,1,2632.94803202
20212,1123002175,11,10,1,0,3,2,6,0,0,0,3,2,5,0,0,0,0,0,1,0,0,4021.82257158
20212,1123002178,2,1,1,0,0,0,2,0,0,0,0,0,1,0,0,0,0,0,1,0,0,2490.52703263
20212,1123002179,9,6,3,0,1,1,1,5,1,0,1,0,1,3,1,0,0,1,0,2,0,4191.7694339
20212,1123002180,19,7,12,0,0,6,9,3,1,0,0,2,4,0,1,0,0,4,5,3,0,5056.23016698
20212,1123002183,88,11,77,0,7,28,28,21,4,0,2,2,3,2,2,0,5,26,25,19,2,16977.1701846
20212,1123002186,2,1,1,0,0,0,0,2,0,0,0,0,0,1,0,0,0,0,0,1,0,637.874780302
20212,1123002190,150,55,95,1,26,38,48,33,4,1,10,12,16,14,2,0,16,26,32,19,2,6912.98431199
20212,1123002191,2,1,1,0,0,0,0,1,1,0,0,0,0,0,1,0,0,0,0,1,0,4523.1297816
20212,1123002198,9,4,5,0,0,0,5,2,2,0,0,0,1,1,2,0,0,0,4,1,0,3443.34547656
20212,1123002199,2,0,2,0,1,0,1,0,0,0,0,0,0,0,0,0,1,0,1,0,0,2459.30964445
20212,1123002201,3,2,1,0,0,0,1,2,0,0,0,0,1,1,0,0,0,0,0,1,0,2464.20029723
20212,1123002204,24,10,14,0,2,6,4,6,6,0,0,4,2,0,4,0,2,2,2,6,2,1491.48814953
20212,1123002207,66,11,55,0,8,8,21,25,4,0,2,0,3,4,2,0,6,8,18,21,2,20535.5716621
20212,1123002209,23,6,17,0,3,2,6,8,4,0,1,2,1,0,2,0,2,0,5,8,2,13140.2743558
20212,1123002210,2,2,0,0,0,0,1,0,1,0,0,0,1,0,1,0,0,0,0,0,0,3223.23791026
20212,1123002215,5,2,3,0,0,1,3,1,0,0,0,0,2,0,0,0,0,1,1,1,0,3490.69604892
20212,1123002218,2,2,0,0,0,0,0,0,2,0,0,0,0,0,2,0,0,0,0,0,0,6562.4026054
20212,1123002220,54,21,33,0,15,17,11,5,6,0,1,3,8,4,5,0,14,14,3,1,1,16768.3859252
20212,1123002222,132,83,49,0,22,16,24,48,22,0,14,8,15,30,16,0,8,8,9,18,6,5179.10626493
20212,1123002224,1,1,0,0,0,0,0,1,0,0,0,0,0,1,0,0,0,0,0,0,0,5155.47349608
20212,1123002227,55,31,24,0,0,3,21,25,6,0,0,1,9,17,4,0,0,2,12,8,2,4133.41379771
20212,1123002229,29,6,23,0,0,6,10,11,2,0,0,1,2,1,2,0,0,5,8,10,0,25744.5218007
20212,1123002232,56,13,43,0,7,19,15,14,1,0,1,5,3,3,1,0,6,14,12,11,0,20769.5395934
20212,1123002235,349,138,211,2,87,67,59,92,42,0,20,40,37,19,22,2,67,27,22,73,20,4026.98877548
20212,1123002239,13,8,5,0,0,1,4,3,5,0,0,0,2,3,3,0,0,1,2,0,2,2505.9275616
20212,1123002241,917,558,359,0,89,219,256,253,100,0,40,72,162,195,89,0,49,147,94,58,11,264120.405593
20212,1123002242,12,8,4,0,0,6,3,3,0,0,0,4,2,2,0,0,0,2,1,1,0,3622.2253219
20212,1123002243,27,20,7,0,2,3,5,7,10,0,2,2,5,5,6,0,0,1,0,2,4,6707.2140141
20212,1123002244,33,18,15,0,5,8,8,9,3,0,0,3,4,9,2,0,5,5,4,0,1,5366.84284805
20212,1123002246,14,13,1,0,0,0,2,6,6,0,0,0,2,6,5,0,0,0,0,0,1,3571.80590865
20212,1123002247,68,27,41,0,13,24,14,9,8,0,2,9,6,5,5,0,11,15,8,4,3,3412.74802572
20212,1123002248,220,83,137,0,10,12,52,97,49,0,6,5,21,34,17,0,4,7,31,63,32,4472.11898723
20212,1123002249,46,24,22,0,2,6,10,5,23,0,1,2,5,2,14,0,1,4,5,3,9,6566.48065377
20212,1123002250,45,28,17,0,4,1,9,13,18,0,2,0,4,11,11,0,2,1,5,2,7,3517.35178291
20212,1123002251,40,21,19,0,9,4,6,8,13,0,1,2,5,6,7,0,8,2,1,2,6,7174.54945447
20212,1123002253,38,30,8,0,3,8,12,7,8,0,2,6,9,7,6,0,1,2,3,0,2,4171.19225771
20212,1123002254,12,7,5,0,0,3,2,2,5,0,0,1,2,1,3,0,0,2,0,1,2,7304.62080241
20212,1123002257,583,464,119,0,23,75,116,111,258,0,17,64,107,92,184,0,6,11,9,19,74,4505.1525303
20212,1123002262,42,15,27,0,7,12,13,5,5,0,0,3,8,1,3,0,7,9,5,4,2,6922.57938222
20212,1123002263,23,12,11,0,0,3,6,2,12,0,0,0,3,2,7,0,0,3,3,0,5,6290.75318039
20212,1123002265,3,2,1,0,0,0,1,0,2,0,0,0,0,0,2,0,0,0,1,0,0,1874.69934541
20212,1123002266,3,2,1,0,0,0,0,2,1,0,0,0,0,2,0,0,0,0,0,0,1,1316.81873043
20212,1123002267,12,6,6,0,3,2,0,3,4,0,0,0,0,3,3,0,3,2,0,0,1,11343.4469245
20212,1123002270,5,4,1,0,0,0,2,2,1,0,0,0,2,1,1,0,0,0,0,1,0,680.022418855
20212,1123002272,5,3,2,0,0,0,1,2,2,0,0,0,1,0,2,0,0,0,0,2,0,2539.19443165
20212,1123002274,144,83,61,1,27,44,27,26,19,0,4,23,21,21,14,1,23,21,6,5,5,6450.61661385
20212,1123002276,22,11,11,0,1,6,7,3,5,0,0,3,5,1,2,0,1,3,2,2,3,6759.87866561
20212,1123002279,6,3,3,0,0,0,2,2,2,0,0,0,0,1,2,0,0,0,2,1,0,7141.81428832
20212,1123002281,7,6,1,0,1,2,1,3,0,0,1,1,1,3,0,0,0,1,0,0,0,1074.11712513
20212,1123002282,1,1,0,0,1,0,0,0,0,0,1,0,0,0,0,0,0,0,0,0,0,1740.97410592
20212,1123002283,4,3,1,0,0,1,1,2,0,0,0,1,1,1,0,0,0,0,0,1,0,1532.81553405
20212,1123002286,2,2,0,0,0,0,0,1,1,0,0,0,0,1,1,0,0,0,0,0,0,923.55901947
20212,1123002288,3,2,1,0,0,2,0,0,1,0,0,1,0,0,1,0,0,1,0,0,0,2666.28772958
20212,1123002290,8,5,3,0,0,0,1,5,2,0,0,0,0,3,2,0,0,0,1,2,0,5663.67935415
20212,1123002291,53,27,26,2,6,12,13,15,5,0,3,12,6,4,2,2,3,0,7,11,3,1857.36362904
20212,1123002292,6,6,0,0,0,1,2,0,3,0,0,1,2,0,3,0,0,0,0,0,0,5095.5741118
20212,1123002298,13,9,4,0,3,9,1,0,0,0,3,5,1,0,0,0,0,4,0,0,0,1788.32139912
20212,1123002300,24,13,11,0,0,4,4,7,9,0,0,2,2,3,6,0,0,2,2,4,3,5551.81187853
20212,1123002301,4,4,0,0,0,0,0,2,2,0,0,0,0,2,2,0,0,0,0,0,0,5556.88182803
20212,1123002303,3,1,2,0,0,1,0,1,1,0,0,0,0,0,1,0,0,1,0,1,0,1968.87547387
20212,1123002304,209,92,117,0,42,68,44,25,30,0,3,19,25,16,29,0,39,49,19,9,1,4136.59020888
20212,1123002311,7,6,1,0,0,0,1,4,2,0,0,0,1,3,2,0,0,0,0,1,0,2692.41951674
20212,1123002312,11,8,3,0,2,0,2,4,3,0,2,0,0,4,2,0,0,0,2,0,1,4527.89056143
20212,1123002313,3,2,1,0,0,0,0,1,2,0,0,0,0,1,1,0,0,0,0,0,1,6984.39564968
20212,1123002314,2,1,1,0,0,0,0,1,1,0,0,0,0,1,0,0,0,0,0,0,1,3617.12360981
20212,1123002315,30,3,27,0,0,3,2,19,6,0,0,1,0,1,1,0,0,2,2,18,5,3189.24692818
20212,1123002316,2,2,0,0,0,0,2,0,0,0,0,0,2,0,0,0,0,0,0,0,0,1090.98235375
20212,1123002321,6,1,5,0,1,1,1,2,1,0,0,0,0,0,1,0,1,1,1,2,0,3434.18195563
20212,1123002326,31,23,8,0,3,10,8,6,4,0,1,6,7,5,4,0,2,4,1,1,0,9551.84924255
20212,1123002327,4,2,2,0,0,0,0,1,3,0,0,0,0,1,1,0,0,0,0,0,2,3611.62367222
20212,1123002328,579,384,195,1,156,277,142,2,1,0,64,193,124,2,1,1,92,84,18,0,0,8105.10463962
20212,1123002330,7,6,1,0,0,1,3,1,2,0,0,1,3,1,1,0,0,0,0,0,1,4794.39141547
20212,1123002332,19,12,7,0,2,4,2,5,6,0,2,2,1,3,4,0,0,2,1,2,2,5008.30370071
20212,1123002333,2,1,1,0,1,0,0,1,0,0,1,0,0,0,0,0,0,0,0,1,0,1544.57627638
20212,1123002334,28,11,17,0,2,2,3,14,7,0,2,1,0,3,5,0,0,1,3,11,2,3360.12192372
20212,1123002335,3,2,1,0,0,0,1,1,1,0,0,0,0,1,1,0,0,0,1,0,0,2991.9522189
20212,1123002340,582,300,282,3,179,249,105,45,1,1,82,132,49,35,1,2,97,117,56,10,0,4844.07531438
20212,1123002341,55,14,41,0,8,15,17,11,4,0,3,3,3,1,4,0,5,12,14,10,0,16193.3263142
20212,1123002343,2,1,1,0,0,1,1,0,0,0,0,0,1,0,0,0,0,1,0,0,0,1511.35400755
20212,1123002345,104,75,29,0,13,31,37,11,12,0,7,26,29,8,5,0,6,5,8,3,7,3137.59640447
20212,1123002348,2,2,0,0,0,0,0,1,1,0,0,0,0,1,1,0,0,0,0,0,0,2043.68568529
20212,1123002351,52,17,35,0,1,0,14,30,7,0,0,0,6,6,5,0,1,0,8,24,2,2120.67131279
20212,1123002352,3,2,1,0,0,1,2,0,0,0,0,1,1,0,0,0,0,0,1,0,0,1209.85285074
20212,1123002353,9,6,3,0,0,0,0,5,4,0,0,0,0,3,3,0,0,0,0,2,1,4499.28234407
20212,1123002354,2,0,2,0,0,0,0,2,0,0,0,0,0,0,0,0,0,0,0,2,0,1737.93589134
20212,1123002358,18,11,7,0,1,3,6,6,2,0,1,1,4,3,2,0,0,2,2,3,0,2912.30757317
20212,1123002359,49,5,44,0,12,11,11,14,1,0,1,2,1,1,0,0,11,9,10,13,1,17341.5030527
20212,1123002360,120,70,50,0,15,27,24,39,15,0,11,20,18,16,5,0,4,7,6,23,10,4894.46703079
20212,1123002361,4,4,0,0,0,0,0,2,2,0,0,0,0,2,2,0,0,0,0,0,0,1614.26543567
20212,1123002362,13,8,5,0,4,1,4,3,1,0,2,1,2,2,1,0,2,0,2,1,0,4788.69494573
20212,1123002363,3,1,2,0,0,0,0,2,1,0,0,0,0,1,0,0,0,0,0,1,1,1850.30512168
20212,1123002365,25,19,6,0,6,3,9,5,2,0,4,3,7,3,2,0,2,0,2,2,0,4822.82214585
20212,1123002367,12,5,7,0,1,0,6,4,1,0,0,0,4,1,0,0,1,0,2,3,1,5047.00025452
20212,1123002368,2,2,0,0,0,0,1,1,0,0,0,0,1,1,0,0,0,0,0,0,0,3987.13698327
20212,1123002369,2,2,0,0,0,2,0,0,0,0,0,2,0,0,0,0,0,0,0,0,0,1163.20300487
20212,1123002372,4,4,0,0,0,1,1,1,1,0,0,1,1,1,1,0,0,0,0,0,0,1012.48171616
20212,1123002374,13,7,6,0,0,0,2,7,4,0,0,0,0,4,3,0,0,0,2,3,1,4366.4474611
20212,1123002379,36,31,5,0,2,4,2,9,19,0,0,4,1,8,18,0,2,0,1,1,1,11334.9830522
20212,1123002380,41,27,14,0,5,10,9,12,5,0,2,8,4,9,4,0,3,2,5,3,1,6193.59377387
20212,1123002382,29,15,14,0,1,8,10,6,4,0,0,5,6,3,1,0,1,3,4,3,3,4402.09264046
20212,1123002385,6,3,3,0,0,3,1,2,0,0,0,1,1,1,0,0,0,2,0,1,0,3269.75525522
20212,1123002386,3,3,0,0,0,1,0,2,0,0,0,1,0,2,0,0,0,0,0,0,0,1483.74198814
20212,1123002387,41,22,19,0,5,10,14,7,5,0,3,4,6,5,4,0,2,6,8,2,1,9483.39448294
20212,1123002388,9,6,3,0,0,0,2,4,3,0,0,0,1,3,2,0,0,0,1,1,1,3319.92875618
20212,1123002390,26,18,8,0,4,6,7,6,3,0,3,4,4,5,2,0,1,2,3,1,1,2716.47116399
20212,1123002392,8,7,1,0,0,0,2,4,2,0,0,0,2,3,2,0,0,0,0,1,0,6124.54651913
20212,1123002393,3,3,0,0,0,0,0,2,1,0,0,0,0,2,1,0,0,0,0,0,0,5701.47397597
20212,1123002394,4,3,1,0,0,0,1,3,0,0,0,0,1,2,0,0,0,0,0,1,0,2626.38319737
20212,1123002395,2,2,0,0,0,0,2,0,0,0,0,0,2,0,0,0,0,0,0,0,0,4594.25587329
20212,1123002401,2,1,1,0,0,0,0,1,1,0,0,0,0,0,1,0,0,0,0,1,0,1058.91228679
20212,1123002403,2,2,0,0,0,1,0,0,1,0,0,1,0,0,1,0,0,0,0,0,0,1549.284005
20212,1123002404,6,5,1,0,0,0,1,5,0,0,0,0,1,4,0,0,0,0,0,1,0,3479.13120395
20212,1123002405,2,2,0,1,0,0,0,1,0,1,0,0,0,1,0,0,0,0,0,0,0,2106.21908255
20212,1123002406,5,2,3,0,2,0,2,0,1,0,1,0,0,0,1,0,1,0,2,0,0,4386.64720564
20212,1123002407,17,12,5,0,3,3,7,4,0,0,2,2,6,2,0,0,1,1,1,2,0,2975.2159031
20212,1123002409,6,3,3,0,0,0,2,0,4,0,0,0,1,0,2,0,0,0,1,0,2,2822.09873085
20212,1123002410,2,1,1,0,0,0,1,0,1,0,0,0,1,0,0,0,0,0,0,0,1,6012.36030651
20212,1123002412,5,2,3,0,0,1,2,2,0,0,0,0,1,1,0,0,0,1,1,1,0,872.237863966
20212,1123002417,218,146,72,0,24,43,56,55,40,0,11,33,37,36,29,0,13,10,19,19,11,4639.88905157
20212,1123002418,5,0,5,0,0,0,1,3,1,0,0,0,0,0,0,0,0,0,1,3,1,1213.57278641
20212,1123002419,21,16,5,0,6,5,3,5,2,0,3,5,3,3,2,0,3,0,0,2,0,2466.30164489
20212,1123002422,29,21,8,0,9,9,1,9,1,0,8,5,1,6,1,0,1,4,0,3,0,5463.57178712
20212,1123002423,2,1,1,0,0,0,0,0,2,0,0,0,0,0,1,0,0,0,0,0,1,3874.95893226
20212,1123002424,15,7,8,0,1,9,3,0,2,0,1,3,2,0,1,0,0,6,1,0,1,1624.32393773
20212,1123002429,2,1,1,0,1,0,0,1,0,0,1,0,0,0,0,0,0,0,0,1,0,3171.77296686
20212,1123002430,7,5,2,0,0,1,2,4,0,0,0,1,1,3,0,0,0,0,1,1,0,1099.48313509
20212,1123002433,5,4,1,0,1,2,2,0,0,0,1,2,1,0,0,0,0,0,1,0,0,5130.40644399
20212,1123002434,24,17,7,0,0,0,12,7,5,0,0,0,9,5,3,0,0,0,3,2,2,5237.79948596
20212,1123002435,8,0,8,0,2,0,3,3,0,0,0,0,0,0,0,0,2,0,3,3,0,1498.45916254
20212,1123002440,4,2,2,0,1,0,1,1,1,0,0,0,1,0,1,0,1,0,0,1,0,1820.12008515
20212,1123002442,35,10,25,0,9,7,7,7,5,0,0,4,4,1,1,0,9,3,3,6,4,7620.53064753
20212,1123002445,32,9,23,0,2,10,5,5,10,0,0,1,5,1,2,0,2,9,0,4,8,3643.97908972
20212,1123002449,12,10,2,0,0,0,4,5,3,0,0,0,4,4,2,0,0,0,0,1,1,1637.41295732
20212,1123002450,93,46,47,1,9,15,26,31,11,0,5,7,8,16,10,1,4,8,18,15,1,8693.4001718
20212,1123002451,2,2,0,0,0,1,0,1,0,0,0,1,0,1,0,0,0,0,0,0,0,25580.1575984
20212,1123002452,17,13,4,0,1,4,1,8,3,0,1,2,1,7,2,0,0,2,0,1,1,2091.21336345
20212,1123002453,17,10,7,0,0,6,6,3,2,0,0,5,3,1,1,0,0,1,3,2,1,2457.9287146
20212,1123002454,38,33,5,0,1,14,12,10,1,0,1,11,10,10,1,0,0,3,2,0,0,2569.66618771
20212,1123002456,5,1,4,0,3,1,0,1,0,0,0,0,0,1,0,0,3,1,0,0,0,3951.77681175
20212,1123002457,48,29,19,0,1,3,7,6,31,0,0,3,2,2,22,0,1,0,5,4,9,5512.94256361
20212,1123002463,12,8,4,0,2,3,4,3,0,0,1,3,1,3,0,0,1,0,3,0,0,1523.82829576
20212,1123002464,7,5,2,0,0,1,4,2,0,0,0,1,3,1,0,0,0,0,1,1,0,5197.6500563
20212,1123002465,2,1,1,0,1,0,0,0,1,0,0,0,0,0,1,0,1,0,0,0,0,705.889362071
20212,1123002472,8,5,3,0,2,3,1,2,0,0,0,3,1,1,0,0,2,0,0,1,0,2905.04995382
20212,1123002475,10,7,3,0,0,1,1,3,5,0,0,1,1,1,4,0,0,0,0,2,1,5663.62654563
20212,1123002476,10,6,4,0,0,0,4,6,0,0,0,0,2,4,0,0,0,0,2,2,0,5499.72654896
20212,1123002478,12,9,3,0,0,1,2,7,2,0,0,0,1,6,2,0,0,1,1,1,0,1990.85372177
20212,1123002481,58,34,24,0,3,7,5,10,33,0,2,6,4,5,17,0,1,1,1,5,16,4628.88604209
20212,1123002485,14,8,6,0,8,0,2,4,0,0,6,0,0,2,0,0,2,0,2,2,0,4853.07922671
20212,1123002487,5,1,4,0,1,1,1,2,0,0,0,0,0,1,0,0,1,1,1,1,0,4611.10094684
20212,1123002489,2,1,1,0,0,0,0,0,2,0,0,0,0,0,1,0,0,0,0,0,1,7850.86244173
20212,1123002491,3,2,1,0,0,0,3,0,0,0,0,0,2,0,0,0,0,0,1,0,0,10097.4603887
20212,1123002494,15,12,3,0,2,4,4,1,4,0,2,4,2,1,3,0,0,0,2,0,1,4066.33760414
20212,1123002495,2,1,1,0,0,2,0,0,0,0,0,1,0,0,0,0,0,1,0,0,0,1145.19459214
20212,1123002498,53,21,32,0,0,2,11,36,4,0,0,1,6,11,3,0,0,1,5,25,1,6402.8538519
20212,1123002501,3,0,3,0,0,2,1,0,0,0,0,0,0,0,0,0,0,2,1,0,0,2280.57526831
20212,1123002502,2,1,1,0,0,0,0,2,0,0,0,0,0,1,0,0,0,0,0,1,0,3705.71252493
20212,1123002503,8,6,2,0,1,3,3,1,0,0,1,2,2,1,0,0,0,1,1,0,0,2292.53695395
20212,1123002509,2,2,0,0,0,0,1,1,0,0,0,0,1,1,0,0,0,0,0,0,0,6278.93086133
20212,1123002510,32,11,21,0,0,6,18,5,3,0,0,3,3,2,3,0,0,3,15,3,0,4955.8233255
20212,1123002513,66,12,54,0,8,19,21,14,4,0,1,2,2,3,4,0,7,17,19,11,0,13354.7864847
20212,1123002514,4,4,0,0,0,0,0,3,1,0,0,0,0,3,1,0,0,0,0,0,0,6745.76887548
20212,1123002515,4,4,0,0,0,1,0,0,3,0,0,1,0,0,3,0,0,0,0,0,0,3045.27256202
20212,1123002519,24,21,3,0,0,5,9,3,7,0,0,5,7,3,6,0,0,0,2,0,1,3643.99151507
20212,1123002520,2,1,1,0,0,0,1,1,0,0,0,0,1,0,0,0,0,0,0,1,0,4076.11845592
20212,1123002531,5,5,0,0,1,2,1,1,0,0,1,2,1,1,0,0,0,0,0,0,0,2836.64684626
20212,1123002536,4,3,1,0,0,0,4,0,0,0,0,0,3,0,0,0,0,0,1,0,0,3622.11421246
20212,1123002550,1,1,0,0,0,0,1,0,0,0,0,0,1,0,0,0,0,0,0,0,0,820.199193503
20212,1123002554,2,2,0,0,0,0,1,1,0,0,0,0,1,1,0,0,0,0,0,0,0,3691.36341801
20212,1123002565,8,6,2,0,0,3,2,1,2,0,0,2,1,1,2,0,0,1,1,0,0,1404.58152604
20212,1123002567,5,5,0,0,0,0,3,1,1,0,0,0,3,1,1,0,0,0,0,0,0,832.129823743
20212,1123002568,452,314,138,1,20,81,163,130,57,1,13,36,115,96,53,0,7,45,48,34,4,1831.48307665
20212,1123002578,6,6,0,0,1,1,0,3,1,0,1,1,0,3,1,0,0,0,0,0,0,4279.2552907
20212,1123002582,2,2,0,0,0,0,1,0,1,0,0,0,1,0,1,0,0,0,0,0,0,2176.99092134
20212,1123002589,2,1,1,0,0,1,1,0,0,0,0,0,1,0,0,0,0,1,0,0,0,1155.38552059
20212,1123002593,5,3,2,0,0,3,0,1,1,0,0,2,0,0,1,0,0,1,0,1,0,8385.24352629
20212,1123002601,49,33,16,0,8,17,22,2,0,0,4,13,15,1,0,0,4,4,7,1,0,1841.85327599
20212,1123002605,34,29,5,0,5,6,7,10,6,0,3,4,6,10,6,0,2,2,1,0,0,13237.1194942
20212,1123002606,4,2,2,0,0,1,1,0,2,0,0,0,1,0,1,0,0,1,0,0,1,4138.75667684
20212,1123002607,91,44,47,0,10,18,31,25,7,0,3,17,10,8,6,0,7,1,21,17,1,3940.03439716
20212,1123002608,5,2,3,0,0,3,0,0,2,0,0,1,0,0,1,0,0,2,0,0,1,7654.08675125
20212,1123002616,60,16,44,0,7,2,10,10,31,0,0,0,2,5,9,0,7,2,8,5,22,9243.73748842
20212,1123002618,11,5,6,0,2,2,1,0,6,0,0,1,0,0,4,0,2,1,1,0,2,6978.0957187
20212,1123002621,17,10,7,0,1,4,5,4,3,0,1,2,3,2,2,0,0,2,2,2,1,3854.78339284
20212,1123002622,207,117,90,3,56,37,45,44,22,2,26,23,30,23,13,1,30,14,15,21,9,2178.13917658
20212,1123002623,14,8,6,0,0,2,1,5,6,0,0,0,0,4,4,0,0,2,1,1,2,5821.58192479
20212,1123002627,4,3,1,0,1,2,1,0,0,0,1,1,1,0,0,0,0,1,0,0,0,3243.50498842
20212,1123002628,120,68,52,0,14,22,18,33,33,0,10,9,8,17,24,0,4,13,10,16,9,14535.9802083
20212,1123002629,80,28,52,0,5,14,17,27,17,0,3,5,8,6,6,0,2,9,9,21,11,3361.02961059
20212,1123002631,21,8,13,0,7,5,2,6,1,0,2,2,0,3,1,0,5,3,2,3,0,9423.44799531
20212,1123002633,237,141,96,0,12,26,41,58,100,0,7,17,19,35,63,0,5,9,22,23,37,10295.3038033
20212,1123002634,3,1,2,0,0,0,0,2,1,0,0,0,0,1,0,0,0,0,0,1,1,4481.7189554
20212,1123002635,14,3,11,0,0,1,5,4,4,0,0,0,2,0,1,0,0,1,3,4,3,2678.94766554
20212,1123002636,5,3,2,0,1,0,2,1,1,0,0,0,1,1,1,0,1,0,1,0,0,1044.62139714
20212,1123002638,8,3,5,0,0,1,2,2,3,0,0,0,1,0,2,0,0,1,1,2,1,3139.23114956
20212,1123002639,37,8,29,0,3,8,8,8,10,0,0,0,0,2,6,0,3,8,8,6,4,5673.18015791
20212,1123002640,216,125,91,0,22,19,29,58,88,0,11,14,13,27,60,0,11,5,16,31,28,7504.99769694
20212,1123002641,4,2,2,0,2,0,0,2,0,0,0,0,0,2,0,0,2,0,0,0,0,1893.06739058
20212,1123002643,15,3,12,0,4,3,1,3,4,0,0,0,0,0,3,0,4,3,1,3,1,5369.47236959
20212,1123002644,6,3,3,0,1,1,0,2,2,0,0,1,0,2,0,0,1,0,0,0,2,1270.4937998
20212,1123002645,10,3,7,0,1,3,2,3,1,0,0,0,0,2,1,0,1,3,2,1,0,5111.00326465
20212,1123002647,11,8,3,0,0,1,6,2,2,0,0,1,5,1,1,0,0,0,1,1,1,1792.53377292
20212,1123002650,54,35,19,0,3,15,6,12,18,0,1,11,3,6,14,0,2,4,3,6,4,3281.86765659
20212,1123002651,353,87,266,0,96,98,86,56,17,0,12,25,19,18,13,0,84,73,67,38,4,6172.00839944
20212,1123002654,3,2,1,0,1,0,2,0,0,0,0,0,2,0,0,0,1,0,0,0,0,3893.0683886
20212,1123002660,26,20,6,1,0,2,16,5,2,1,0,0,13,4,2,0,0,2,3,1,0,4042.42087228
20212,1123002662,8,4,4,0,0,0,3,4,1,0,0,0,2,1,1,0,0,0,1,3,0,1085.16450444
20212,1123002669,2,2,0,0,0,1,0,1,0,0,0,1,0,1,0,0,0,0,0,0,0,934.769917878
20212,1123002674,23,11,12,0,2,2,6,5,8,0,1,1,3,1,5,0,1,1,3,4,3,4746.99512161
20212,1123002677,6,4,2,0,1,2,1,1,1,0,0,2,1,0,1,0,1,0,0,1,0,719.96882156
20212,1123002683,22,18,4,0,0,5,8,9,0,0,0,2,7,9,0,0,0,3,1,0,0,781.21546642
20212,1123002684,3,1,2,0,1,0,0,2,0,0,0,0,0,1,0,0,1,0,0,1,0,1603.46469515
20212,1123002690,4,2,2,0,0,0,2,2,0,0,0,0,1,1,0,0,0,0,1,1,0,2896.75745726
20212,1123002692,10,0,10,0,0,3,3,4,0,0,0,0,0,0,0,0,0,3,3,4,0,1233.39585641
20212,1123002697,4,2,2,0,0,0,0,2,2,0,0,0,0,0,2,0,0,0,0,2,0,1989.42465704
20212,1123002699,10,9,1,0,1,5,2,1,1,0,1,4,2,1,1,0,0,1,0,0,0,926.081338484
20212,1123002701,5,4,1,0,0,0,5,0,0,0,0,0,4,0,0,0,0,0,1,0,0,778.779638929
20212,1123002706,2,0,2,0,0,0,1,1,0,0,0,0,0,0,0,0,0,0,1,1,0,1445.25842996
20212,1123002707,47,42,5,0,0,1,10,5,31,0,0,1,5,5,31,0,0,0,5,0,0,10946.0681679
20212,1123002708,6,2,4,0,0,2,3,0,1,0,0,0,2,0,0,0,0,2,1,0,1,4176.15077947
20212,1123002713,3,1,2,0,0,0,0,3,0,0,0,0,0,1,0,0,0,0,0,2,0,9693.84098584
20212,1123002714,43,27,16,0,8,8,15,5,7,0,5,3,8,4,7,0,3,5,7,1,0,4680.70346453
20212,1123002715,1,1,0,0,0,0,0,1,0,0,0,0,0,1,0,0,0,0,0,0,0,1253.9989814
20212,1123002717,2,2,0,0,0,0,1,1,0,0,0,0,1,1,0,0,0,0,0,0,0,2431.05873191
20212,1123002719,2,2,0,0,0,0,2,0,0,0,0,0,2,0,0,0,0,0,0,0,0,975.571989327
20212,1123002723,55,33,22,0,8,11,21,11,4,0,4,4,14,8,3,0,4,7,7,3,1,6040.37530546
20212,1123002725,2,2,0,0,0,0,1,0,1,0,0,0,1,0,1,0,0,0,0,0,0,3743.19124982
20212,1123002729,4,1,3,0,0,0,0,3,1,0,0,0,0,1,0,0,0,0,0,2,1,2279.12340816
20212,1123002733,16,13,3,0,1,4,5,6,0,0,0,4,4,5,0,0,1,0,1,1,0,5199.83648477
20212,1123002734,1,1,0,0,0,0,1,0,0,0,0,0,1,0,0,0,0,0,0,0,0,1502.51419786
20212,1123002736,6,5,1,0,1,0,3,2,0,0,0,0,3,2,0,0,1,0,0,0,0,2096.69549657
20212,1123002738,19,11,8,0,2,9,5,3,0,0,1,7,1,2,0,0,1,2,4,1,0,5995.60777454
20212,1123002742,6,5,1,0,0,1,1,3,1,0,0,0,1,3,1,0,0,1,0,0,0,5582.61413012
20212,1123002746,6,4,2,0,3,1,1,1,0,0,3,0,0,1,0,0,0,1,1,0,0,574.036106706
20212,1123002749,1,1,0,0,0,0,0,0,1,0,0,0,0,0,1,0,0,0,0,0,0,787.454644106
20212,1123002751,19,7,12,0,8,8,2,1,0,0,2,4,1,0,0,0,6,4,1,1,0,4083.93505586
20212,1123002755,249,59,190,1,30,20,16,43,139,1,6,10,9,5,28,0,24,10,7,38,111,7310.33141785
20212,1123002756,11,4,7,0,1,0,3,6,1,0,0,0,2,2,0,0,1,0,1,4,1,6327.95327245
20212,1123002757,1,1,0,0,0,0,0,1,0,0,0,0,0,1,0,0,0,0,0,0,0,5494.58312936
20212,1123002761,13,8,5,0,3,3,4,1,2,0,3,0,3,0,2,0,0,3,1,1,0,3105.93828489
20212,1123002766,18,3,15,0,5,5,3,3,2,0,0,1,2,0,0,0,5,4,1,3,2,7574.87214461
20212,1123002767,8,8,0,0,1,2,2,3,0,0,1,2,2,3,0,0,0,0,0,0,0,4733.72402152
20212,1123002769,2,2,0,0,0,0,0,0,2,0,0,0,0,0,2,0,0,0,0,0,0,2698.34449133
20212,1123002774,7,5,2,0,0,0,2,3,2,0,0,0,0,3,2,0,0,0,2,0,0,2959.69723667
20212,1123002776,802,598,204,0,138,382,114,113,55,0,87,323,78,80,30,0,51,59,36,33,25,5416.71290985
20212,1123002781,10,1,9,0,0,1,1,6,2,0,0,0,0,1,0,0,0,1,1,5,2,5162.70193978
20212,1123002784,19,8,11,0,1,6,7,4,1,0,1,4,2,1,0,0,0,2,5,3,1,2008.60643332
20212,1123002785,36,12,24,0,7,10,6,13,0,0,2,1,2,7,0,0,5,9,4,6,0,18019.1780333
20212,1123002786,6,2,4,0,1,0,2,3,0,0,0,0,1,1,0,0,1,0,1,2,0,4069.79125929
20212,1123002791,2,2,0,0,0,0,0,0,2,0,0,0,0,0,2,0,0,0,0,0,0,4494.47104337
20212,1123002792,9,4,5,0,1,3,1,4,0,0,0,0,1,3,0,0,1,3,0,1,0,2008.5003708
20212,1123002794,3,2,1,0,0,0,2,1,0,0,0,0,1,1,0,0,0,0,1,0,0,1972.92056067
20212,1123002797,114,27,87,0,21,25,25,23,20,0,9,8,3,3,4,0,12,17,22,20,16,13109.7705542
20212,1123002807,30,12,18,0,1,16,7,5,1,0,1,5,2,3,1,0,0,11,5,2,0,18763.0717535
20212,1123002811,5,4,1,0,1,1,1,2,0,0,1,1,0,2,0,0,0,0,1,0,0,823.418927319
20212,1123002814,14,6,8,0,1,4,2,3,4,0,0,3,0,0,3,0,1,1,2,3,1,6168.85521255
20212,1123002823,13,9,4,0,0,1,11,1,0,0,0,1,8,0,0,0,0,0,3,1,0,1481.26778293
20212,1123002827,5,4,1,0,0,1,1,1,2,0,0,1,1,1,1,0,0,0,0,0,1,1070.50199421
20212,1123002829,15,12,3,0,0,2,3,7,3,0,0,2,3,6,1,0,0,0,0,1,2,4181.02332029
20212,1123002831,3,1,2,0,0,0,1,0,2,0,0,0,1,0,0,0,0,0,0,0,2,5406.19270289
20212,1123002832,36,3,33,0,2,7,17,8,2,0,0,0,2,1,0,0,2,7,15,7,2,16011.9000326
20212,1123002833,2,1,1,0,0,0,1,1,0,0,0,0,0,1,0,0,0,0,1,0,0,4835.77166826
20212,1123002834,386,244,142,0,45,106,101,105,29,0,9,48,76,87,24,0,36,58,25,18,5,145231.340463
20212,1123002839,433,279,154,1,101,179,87,46,19,1,44,116,66,39,13,0,57,63,21,7,6,86929.4344295
20212,1123002840,783,366,417,1,238,302,113,86,43,0,79,128,68,55,36,1,159,174,45,31,7,204928.740361
20212,1123002845,1,0,1,0,0,0,0,1,0,0,0,0,0,0,0,0,0,0,0,1,0,1857.92952282
20212,1123002847,2,1,1,0,0,1,0,1,0,0,0,0,0,1,0,0,0,1,0,0,0,1332.09506987
20212,1123002848,4,0,4,0,0,2,0,2,0,0,0,0,0,0,0,0,0,2,0,2,0,2581.0345929
20212,1123002851,46,40,6,0,0,2,1,9,34,0,0,0,0,6,34,0,0,2,1,3,0,1452.37187066
20212,1123002865,4,1,3,0,2,0,0,2,0,0,0,0,0,1,0,0,2,0,0,1,0,5373.72049496
20212,1123002868,260,121,139,0,37,62,57,70,34,0,9,21,32,33,26,0,28,41,25,37,8,1510.91950751
20212,1123002876,47,26,21,1,5,18,15,6,2,1,3,10,9,3,0,0,2,8,6,3,2,15017.9680694
20212,1123002877,4,0,4,0,0,0,4,0,0,0,0,0,0,0,0,0,0,0,4,0,0,1607.11077524
20212,1123002880,4,4,0,0,0,3,1,0,0,0,0,3,1,0,0,0,0,0,0,0,0,6573.82251752
20212,1123002883,2,1,1,0,0,0,0,2,0,0,0,0,0,1,0,0,0,0,0,1,0,1318.55705442
20212,1123002886,2,1,1,0,0,0,1,1,0,0,0,0,0,1,0,0,0,0,1,0,0,2935.76638306
20212,1123002891,17,7,10,0,3,2,7,5,0,0,0,2,2,3,0,0,3,0,5,2,0,9962.6035372
20212,1123002895,14,7,7,0,0,2,3,4,5,0,0,2,1,1,3,0,0,0,2,3,2,4137.9390375
20212,1123002896,3,0,3,0,1,2,0,0,0,0,0,0,0,0,0,0,1,2,0,0,0,3959.52459558
20212,1123002898,28,6,22,0,6,10,5,5,2,0,2,1,1,1,1,0,4,9,4,4,1,6010.32442575
20212,1123002899,4,4,0,0,2,0,0,1,1,0,2,0,0,1,1,0,0,0,0,0,0,3200.76256493
20212,1123002900,25,18,7,0,0,6,9,7,3,0,0,5,5,6,2,0,0,1,4,1,1,13063.948137
20212,1123002901,13,9,4,0,1,0,1,5,6,0,0,0,0,5,4,0,1,0,1,0,2,3447.72831246
20212,1123002903,2,2,0,0,0,0,1,1,0,0,0,0,1,1,0,0,0,0,0,0,0,4492.04775526
20212,1123002905,10,9,1,0,5,2,0,0,3,0,4,2,0,0,3,0,1,0,0,0,0,5201.55250318
20212,1123002906,2,1,1,0,0,0,0,0,2,0,0,0,0,0,1,0,0,0,0,0,1,1563.78613036
20212,1123002907,5,2,3,0,0,0,2,1,2,0,0,0,1,0,1,0,0,0,1,1,1,4459.29513123
20212,1123002908,5,0,5,0,0,1,2,2,0,0,0,0,0,0,0,0,0,1,2,2,0,1661.85417865
20212,1123002911,6,0,6,0,0,0,4,1,1,0,0,0,0,0,0,0,0,0,4,1,1,3750.41693968
20212,1123002914,6,2,4,0,1,1,1,2,1,0,0,0,1,1,0,0,1,1,0,1,1,4604.29294001
20212,1123002915,13,5,8,0,1,2,4,1,5,0,0,2,2,0,1,0,1,0,2,1,4,4925.59184714
20212,1123002916,4,1,3,0,0,0,2,2,0,0,0,0,0,1,0,0,0,0,2,1,0,4142.42363309
20212,1123002917,4,3,1,0,0,1,0,2,1,0,0,1,0,1,1,0,0,0,0,1,0,603.027519223
20212,1123002918,9,0,9,0,3,3,1,0,2,0,0,0,0,0,0,0,3,3,1,0,2,1004.19322794
20212,1123002919,91,14,77,0,6,25,33,22,5,0,1,4,4,1,4,0,5,21,29,21,1,17689.5856703
20212,1123002920,5,4,1,0,0,0,0,2,3,0,0,0,0,2,2,0,0,0,0,0,1,2780.02974491
20212,1123002923,6,2,4,0,1,0,2,2,1,0,0,0,0,2,0,0,1,0,2,0,1,4296.91466037
20212,1123002924,15,6,9,0,2,8,2,0,3,0,0,4,1,0,1,0,2,4,1,0,2,3736.83245655
20212,1123002925,5,1,4,0,1,1,1,1,1,0,1,0,0,0,0,0,0,1,1,1,1,2422.05723758
20212,1123002926,22,9,13,0,4,6,4,3,5,0,4,1,1,1,2,0,0,5,3,2,3,1926.12998818
20212,1123002928,7,3,4,0,3,2,1,1,0,0,0,1,1,1,0,0,3,1,0,0,0,5427.73148192
20212,1123002929,17,11,6,0,0,6,5,2,4,0,0,4,5,1,1,0,0,2,0,1,3,6990.87268715
20212,1123002931,3,2,1,0,0,1,1,1,0,0,0,0,1,1,0,0,0,1,0,0,0,2471.75163454
20212,1123002937,52,42,10,0,1,9,20,11,11,0,1,7,16,8,10,0,0,2,4,3,1,34094.480476
20212,1123002938,15,6,9,0,8,2,5,0,0,0,1,1,4,0,0,0,7,1,1,0,0,68381.0030704
20212,1123002941,8,7,1,0,0,1,2,2,3,0,0,1,2,2,2,0,0,0,0,0,1,2186.89832288
20212,1123002942,16,9,7,1,1,5,2,3,4,0,0,3,1,2,3,1,1,2,1,1,1,8655.7840371
20212,1123002943,34,17,17,0,5,9,9,5,6,0,3,5,3,3,3,0,2,4,6,2,3,11806.3933984
20212,1123002946,1,1,0,0,1,0,0,0,0,0,1,0,0,0,0,0,0,0,0,0,0,2280.66381413
20212,1123002949,7,6,1,0,0,0,2,5,0,0,0,0,2,4,0,0,0,0,0,1,0,1173.42272159
20212,1123002951,15,9,6,0,1,1,4,3,6,0,1,1,3,0,4,0,0,0,1,3,2,3091.96541572
20212,1123002952,3,2,1,0,0,1,1,0,1,0,0,1,1,0,0,0,0,0,0,0,1,3942.64469453
20212,1123002953,5,3,2,1,1,0,1,1,1,1,0,0,1,1,0,0,1,0,0,0,1,4089.65904967
20212,1123002954,20,9,11,0,6,8,2,1,3,0,1,4,1,0,3,0,5,4,1,1,0,5493.46665185
20212,1123002956,4,4,0,0,0,0,0,1,3,0,0,0,0,1,3,0,0,0,0,0,0,22550.5034436
20212,1123002959,7,6,1,0,0,0,3,2,2,0,0,0,3,1,2,0,0,0,0,1,0,1461.94013885
20212,1123002960,3,1,2,0,0,1,1,1,0,0,0,0,0,1,0,0,0,1,1,0,0,2876.59289452
20212,1123002964,20,17,3,0,0,3,2,6,9,0,0,2,2,4,9,0,0,1,0,2,0,10333.6074492
20212,1123002965,2,1,1,0,0,1,0,0,1,0,0,0,0,0,1,0,0,1,0,0,0,1421.04892608
20212,1123002966,27,15,12,0,6,2,4,6,9,0,2,2,2,2,7,0,4,0,2,4,2,3956.03477432
20212,1123002967,84,54,30,0,14,8,28,25,9,0,8,6,15,17,8,0,6,2,13,8,1,13051.1044731
20212,1123002968,2,1,1,0,0,0,0,1,1,0,0,0,0,0,1,0,0,0,0,1,0,6251.95843482
20212,1123002974,319,252,67,0,20,58,110,115,16,0,10,50,85,96,11,0,10,8,25,19,5,4514.14451559
20212,1123002982,2,2,0,0,0,0,1,0,1,0,0,0,1,0,1,0,0,0,0,0,0,5860.91184551
20212,1123002985,230,126,104,0,26,57,60,49,38,0,11,36,41,30,8,0,15,21,19,19,30,1232.6863747
20212,1123002986,5,4,1,0,0,0,2,1,2,0,0,0,2,0,2,0,0,0,0,1,0,7121.21524291
20212,1123002990,47,33,14,0,7,4,12,14,10,0,5,4,6,9,9,0,2,0,6,5,1,12047.0287981
20212,1123002991,37,23,14,0,3,5,7,8,14,0,2,2,3,4,12,0,1,3,4,4,2,5781.13744145
20212,1123002993,4,4,0,0,0,0,2,0,2,0,0,0,2,0,2,0,0,0,0,0,0,6875.16128071
20212,1123002995,5,1,4,0,2,2,1,0,0,0,0,0,1,0,0,0,2,2,0,0,0,1339.17571596
20212,1123002996,92,27,65,0,10,15,14,5,48,0,3,6,3,2,13,0,7,9,11,3,35,7871.0655319
20212,1123002998,3,0,3,0,2,0,0,1,0,0,0,0,0,0,0,0,2,0,0,1,0,2231.43201635
20212,1123002999,2,2,0,0,0,0,1,1,0,0,0,0,1,1,0,0,0,0,0,0,0,1162.60106867
20212,1123003009,35,17,18,1,3,9,14,7,1,0,2,1,8,5,1,1,1,8,6,2,0,5556.41635339
20212,1123003012,8,5,3,0,1,2,2,2,1,0,0,0,2,2,1,0,1,2,0,0,0,1218.34512365
20212,1123003014,3,2,1,0,0,2,0,0,1,0,0,1,0,0,1,0,0,1,0,0,0,1182.30404241
20212,1123003018,12,11,1,0,0,2,1,5,4,0,0,2,0,5,4,0,0,0,1,0,0,8835.50062464
20212,1123003020,14,8,6,0,3,3,4,3,1,0,3,2,2,1,0,0,0,1,2,2,1,7216.11136233
20212,1123003022,2,1,1,0,0,0,2,0,0,0,0,0,1,0,0,0,0,0,1,0,0,1677.00612323
20212,1123003023,39,7,32,0,5,11,9,9,5,0,1,0,2,2,2,0,4,11,7,7,3,2959.45200321
20212,1123003024,17,2,15,0,0,5,5,4,3,0,0,0,0,0,2,0,0,5,5,4,1,1400.23542553
20212,1123003025,4,3,1,0,0,2,1,1,0,0,0,1,1,1,0,0,0,1,0,0,0,3303.94673515
20212,1123003029,5,4,1,0,0,0,0,5,0,0,0,0,0,4,0,0,0,0,0,1,0,4524.61911672
20212,1123003032,115,63,52,2,22,34,19,28,10,0,2,14,13,25,9,2,20,20,6,3,1,12058.3743236
20212,1123003034,5,1,4,0,0,0,1,4,0,0,0,0,0,1,0,0,0,0,1,3,0,2565.69065106
20212,1123003037,2,1,1,0,0,0,0,1,1,0,0,0,0,1,0,0,0,0,0,0,1,3638.95708217
20212,1123003038,9,4,5,0,0,1,1,3,4,0,0,1,0,2,1,0,0,0,1,1,3,3698.24780991
20212,1123003044,3,3,0,0,0,1,2,0,0,0,0,1,2,0,0,0,0,0,0,0,0,3574.12178366
20212,1123003046,3,2,1,0,0,0,1,1,1,0,0,0,1,0,1,0,0,0,0,1,0,3867.1605798
20212,1123003052,31,7,24,0,3,0,1,7,20,0,1,0,1,2,3,0,2,0,0,5,17,3927.52294582
20212,1123003057,10,6,4,0,1,0,2,3,4,0,1,0,1,1,3,0,0,0,1,2,1,3167.75738429
20212,1123003059,5,4,1,0,0,2,0,1,2,0,0,2,0,0,2,0,0,0,0,1,0,1313.90936941
20212,1123003060,16,12,4,0,1,1,4,8,2,0,0,1,3,6,2,0,1,0,1,2,0,3224.03133839
20212,1123003061,2,2,0,0,0,0,2,0,0,0,0,0,2,0,0,0,0,0,0,0,0,3218.04294109
20212,1123003063,13,6,7,0,5,2,2,1,3,0,1,1,1,1,2,0,4,1,1,0,1,9640.84880546
20212,1123003065,3,2,1,0,0,2,0,0,1,0,0,1,0,0,1,0,0,1,0,0,0,3022.13577466
20212,1123003066,17,3,14,0,0,7,3,6,1,0,0,1,0,2,0,0,0,6,3,4,1,1166.57534
20212,1123003067,18,1,17,0,3,5,3,4,3,0,0,0,0,0,1,0,3,5,3,4,2,1538.43611938
20212,1123003068,7,7,0,0,0,0,2,4,1,0,0,0,2,4,1,0,0,0,0,0,0,4541.00568846
20212,1123003069,3,2,1,0,1,0,0,2,0,0,0,0,0,2,0,0,1,0,0,0,0,1889.17113346
20212,1123003070,16,8,8,0,0,1,2,2,11,0,0,1,1,1,5,0,0,0,1,1,6,11129.0370473
20212,1123003078,2,2,0,0,0,0,1,1,0,0,0,0,1,1,0,0,0,0,0,0,0,1068.36855711
20212,1123003082,105,41,64,0,8,31,37,23,6,0,2,8,12,15,4,0,6,23,25,8,2,2342.93071185
20212,1123003094,186,107,79,0,22,45,48,46,25,0,10,21,23,29,24,0,12,24,25,17,1,5618.47306291
20212,1123003100,18,2,16,0,5,4,6,1,2,0,0,0,0,1,1,0,5,4,6,0,1,7604.23128972
20212,1123003105,39,18,21,0,9,10,9,9,2,0,3,3,5,5,2,0,6,7,4,4,0,3015.93063789
20212,1123003107,678,421,257,5,58,126,204,175,110,3,26,61,117,113,101,2,32,65,87,62,9,4626.95567548
20212,1123003118,4,3,1,0,0,0,2,2,0,0,0,0,2,1,0,0,0,0,0,1,0,4249.76234106
20212,1123003119,50,39,11,0,3,20,18,1,8,0,2,17,11,1,8,0,1,3,7,0,0,12868.6711485
20212,1123003120,25,15,10,0,1,2,7,13,2,0,1,2,6,6,0,0,0,0,1,7,2,11398.4598182
20212,1123003122,10,1,9,0,3,2,1,2,2,0,0,0,0,0,1,0,3,2,1,2,1,3272.18602586
20212,1123003124,185,82,103,0,26,43,43,59,14,0,13,15,9,35,10,0,13,28,34,24,4,19358.6191889
20212,1123003128,9,3,6,0,2,5,0,1,1,0,0,2,0,0,1,0,2,3,0,1,0,12928.1814159
20212,1123003129,22,17,5,0,2,5,8,6,1,0,2,3,7,4,1,0,0,2,1,2,0,4091.84871842
20212,1123003130,4,3,1,0,0,0,1,1,2,0,0,0,1,1,1,0,0,0,0,0,1,1471.64044485
20212,1123003131,4,2,2,0,0,0,1,2,1,0,0,0,0,1,1,0,0,0,1,1,0,3349.4808711
20212,1123003136,2,1,1,0,0,1,1,0,0,0,0,0,1,0,0,0,0,1,0,0,0,884.504306945
20212,1123003137,314,221,93,0,24,118,122,50,0,0,13,77,91,40,0,0,11,41,31,10,0,27614.2424638
20212,1123003138,18,7,11,0,0,0,6,9,3,0,0,0,3,2,2,0,0,0,3,7,1,8513.5283851
20212,1123003139,34,11,23,0,4,11,5,14,0,0,0,2,2,7,0,0,4,9,3,7,0,15038.7415062
20212,1123003144,5,3,2,0,0,0,0,3,2,0,0,0,0,1,2,0,0,0,0,2,0,1993.21277869
20212,1123003146,19,16,3,0,5,2,1,7,4,0,5,2,0,5,4,0,0,0,1,2,0,2252.1967799
20212,1123003147,67,10,57,0,8,15,18,22,4,0,1,2,0,3,4,0,7,13,18,19,0,17303.1775195
20212,1123003148,2,1,1,0,0,0,2,0,0,0,0,0,1,0,0,0,0,0,1,0,0,3128.59616429
20212,1123003150,297,225,72,1,6,12,9,21,248,1,2,7,1,12,202,0,4,5,8,9,46,5558.46557363
20212,1123003151,2,2,0,0,1,1,0,0,0,0,1,1,0,0,0,0,0,0,0,0,0,1743.12974971
20212,1123003153,19,3,16,0,0,6,4,7,2,0,0,1,1,0,1,0,0,5,3,7,1,2316.69666325
20212,1123003154,3,3,0,0,0,0,2,1,0,0,0,0,2,1,0,0,0,0,0,0,0,6281.24073051
20212,1123003155,20,11,9,0,1,0,3,11,5,0,1,0,2,4,4,0,0,0,1,7,1,3363.2077305
20212,1123003156,1,1,0,0,0,0,1,0,0,0,0,0,1,0,0,0,0,0,0,0,0,1373.31387675
20212,1123003158,18,16,2,0,0,3,5,4,6,0,0,3,4,4,5,0,0,0,1,0,1,8970.64619539
20212,1123003159,63,51,12,0,7,17,23,13,3,0,4,13,19,12,3,0,3,4,4,1,0,5480.83401
20212,1123003161,1,1,0,0,0,0,0,1,0,0,0,0,0,1,0,0,0,0,0,0,0,23579.4917903
20212,1123003166,3,1,2,0,0,1,0,1,1,0,0,0,0,0,1,0,0,1,0,1,0,3247.92058127
20212,1123003171,53,15,38,0,6,15,14,17,1,0,1,3,4,7,0,0,5,12,10,10,1,13633.9854419
20212,1123003175,8,7,1,0,0,1,2,2,3,0,0,1,2,2,2,0,0,0,0,0,1,9316.32131498
20212,1123003181,6,5,1,0,0,2,0,3,1,0,0,2,0,2,1,0,0,0,0,1,0,3407.7166487
20212,1123003182,3,2,1,0,0,1,1,1,0,0,0,0,1,1,0,0,0,1,0,0,0,2931.7594135
20212,1123003184,2,0,2,0,0,0,1,0,1,0,0,0,0,0,0,0,0,0,1,0,1,1837.34800783
20212,1123003186,55,37,18,0,3,14,19,19,0,0,1,7,11,18,0,0,2,7,8,1,0,1775.20415458
20212,1123003187,4,3,1,0,0,1,1,2,0,0,0,1,0,2,0,0,0,0,1,0,0,2689.88167951
20212,1123003192,4,4,0,0,0,0,1,3,0,0,0,0,1,3,0,0,0,0,0,0,0,3395.39822332
20212,1123003194,5,4,1,0,1,0,3,1,0,0,1,0,2,1,0,0,0,0,1,0,0,3940.78552013
20212,1123003195,7,4,3,0,0,0,1,5,1,0,0,0,1,3,0,0,0,0,0,2,1,2096.1240028
20212,1123003198,1,1,0,0,0,0,0,0,1,0,0,0,0,0,1,0,0,0,0,0,0,1773.35958788
20212,1123003199,13,8,5,0,1,5,3,3,1,0,1,2,1,3,1,0,0,3,2,0,0,11968.2079724
20212,1123003200,5,2,3,0,0,0,2,0,3,0,0,0,0,0,2,0,0,0,2,0,1,3125.45551703
20212,1123003201,126,50,76,0,22,34,37,19,14,0,2,11,15,10,12,0,20,23,22,9,2,3733.1613408
20212,1123003202,6,5,1,0,0,2,3,1,0,0,0,2,2,1,0,0,0,0,1,0,0,11987.7122254
20212,1123003204,4,4,0,0,0,0,1,1,2,0,0,0,1,1,2,0,0,0,0,0,0,3210.21328573
20212,1123003208,3,2,1,0,0,2,0,0,1,0,0,1,0,0,1,0,0,1,0,0,0,3851.541978
20212,1123003210,1,0,1,0,0,0,1,0,0,0,0,0,0,0,0,0,0,0,1,0,0,4020.53359944
20212,1123003211,62,45,17,0,12,16,17,12,5,0,8,13,12,8,4,0,4,3,5,4,1,8274.21403272
20212,1123003213,15,0,15,0,2,4,4,5,0,0,0,0,0,0,0,0,2,4,4,5,0,5956.24610527
20212,1123003214,7,0,7,0,0,0,4,2,1,0,0,0,0,0,0,0,0,0,4,2,1,1257.14468851
20212,1123003216,6,6,0,0,0,0,2,4,0,0,0,0,2,4,0,0,0,0,0,0,0,2667.28280985
20212,1123003217,6,2,4,1,0,2,2,1,0,0,0,1,0,1,0,1,0,1,2,0,0,3329.87581324
20212,1123003221,4,2,2,0,0,1,3,0,0,0,0,1,1,0,0,0,0,0,2,0,0,2101.70309045
20212,1123003222,7,2,5,0,0,1,4,1,1,0,0,1,0,1,0,0,0,0,4,0,1,2742.40524015
20212,1123003223,2,2,0,0,2,0,0,0,0,0,2,0,0,0,0,0,0,0,0,0,0,610.98000847
20212,1123003225,28,11,17,0,3,4,9,2,10,0,0,0,2,1,8,0,3,4,7,1,2,10602.3289047
20212,1123003227,5,3,2,0,0,1,1,1,2,0,0,0,0,1,2,0,0,1,1,0,0,3652.08823396
20212,1123003228,1,0,1,0,0,1,0,0,0,0,0,0,0,0,0,0,0,1,0,0,0,2456.07411552
20212,1123003230,163,52,111,0,15,17,34,42,55,0,7,8,17,11,9,0,8,9,17,31,46,141007.569639
20212,1123003231,1499,630,869,0,323,352,359,382,83,0,64,161,193,169,43,0,259,191,166,213,40,4303.94168553
20212,1123003242,4,2,2,0,0,0,0,1,3,0,0,0,0,1,1,0,0,0,0,0,2,6594.92086151
20212,1123003243,15,12,3,0,1,5,5,3,1,0,1,5,3,2,1,0,0,0,2,1,0,4674.05976834
20212,1123003244,5,3,2,0,1,0,0,2,2,0,0,0,0,1,2,0,1,0,0,1,0,2617.4533702
20212,1123003245,38,8,30,0,2,7,16,11,2,0,0,1,3,3,1,0,2,6,13,8,1,3968.17004883
20212,1129000001,19,1,18,0,4,6,4,3,2,0,0,0,0,0,1,0,4,6,4,3,1,3003.00535396
20212,1129000003,63,37,26,0,4,17,18,16,8,0,0,10,7,13,7,0,4,7,11,3,1,2810.55308507
20212,1129000008,88,19,69,0,36,24,10,8,10,0,2,5,3,2,7,0,34,19,7,6,3,7946.14242889
20212,1129000013,4,1,3,0,1,0,2,1,0,0,0,0,0,1,0,0,1,0,2,0,0,2883.14216599
20212,1129000016,2,0,2,0,0,0,1,0,1,0,0,0,0,0,0,0,0,0,1,0,1,1720.46424123
20212,1129000026,19,2,17,0,5,5,4,3,2,0,0,0,0,0,2,0,5,5,4,3,0,677.896615756
20212,1129000031,173,89,84,0,16,45,43,46,23,0,6,26,26,15,16,0,10,19,17,31,7,7682.32234575
20212,1129000032,8,4,4,0,0,2,1,2,3,0,0,2,0,0,2,0,0,0,1,2,1,3930.49844048
20212,1129000039,6,4,2,0,0,1,2,0,3,0,0,0,1,0,3,0,0,1,1,0,0,2677.49029149
20212,1129000042,5,0,5,0,0,0,2,0,3,0,0,0,0,0,0,0,0,0,2,0,3,17067.9713324
20212,1129000047,4,1,3,0,0,0,3,1,0,0,0,0,0,1,0,0,0,0,3,0,0,10290.4625534
20212,1129000049,42,9,33,0,12,7,11,8,4,0,0,0,5,2,2,0,12,7,6,6,2,8054.58226851
20212,1129000051,89,52,37,0,16,21,30,15,7,0,7,15,17,8,5,0,9,6,13,7,2,3961.21404433
20212,1129000062,218,74,144,1,29,62,65,38,23,0,13,20,16,14,11,1,16,42,49,24,12,2211.8899486
20212,1129000063,1,0,1,0,0,1,0,0,0,0,0,0,0,0,0,0,0,1,0,0,0,1984.38510667
20212,1129000070,358,154,204,0,45,52,105,117,39,0,22,25,42,40,25,0,23,27,63,77,14,27762.0060369
20212,1129000078,26,24,2,0,0,4,15,6,1,0,0,4,14,5,1,0,0,0,1,1,0,2532.94933053
20212,1129000086,104,47,57,0,28,16,25,17,18,0,10,7,10,7,13,0,18,9,15,10,5,2544.84774991
20212,1129000099,7,0,7,0,0,0,0,5,2,0,0,0,0,0,0,0,0,0,0,5,2,4588.45491458
20212,1129000104,29,12,17,0,0,7,10,5,7,0,0,3,4,2,3,0,0,4,6,3,4,7549.06429063
20212,1129000105,21,13,8,0,0,1,10,6,4,0,0,0,5,4,4,0,0,1,5,2,0,9426.87632765
20212,1129000115,120,68,52,1,33,41,24,16,5,0,16,27,10,10,5,1,17,14,14,6,0,1328.92312917
20212,1129000117,48,33,15,0,4,8,16,14,6,0,3,5,10,10,5,0,1,3,6,4,1,6622.64540695
20212,1129000118,20,3,17,0,1,6,8,4,1,0,0,0,1,1,1,0,1,6,7,3,0,5725.0525603
20212,1129000119,235,179,56,2,12,33,48,57,83,0,3,22,34,42,78,2,9,11,14,15,5,3283.84044582
20212,1129000131,35,9,26,0,10,12,6,4,3,0,0,3,3,2,1,0,10,9,3,2,2,4121.38126759
20212,1129000141,23,3,20,0,3,5,7,6,2,0,0,0,1,1,1,0,3,5,6,5,1,5649.8863137
20212,1129000149,272,135,137,0,32,45,106,66,23,0,12,21,50,42,10,0,20,24,56,24,13,3072.52310862
20212,1129000151,103,15,88,0,13,36,28,24,2,0,0,4,5,4,2,0,13,32,23,20,0,19784.0317989
20212,1129000154,4104,2068,2036,415,1905,1079,431,183,91,176,863,612,254,88,75,239,1042,467,177,95,16,2911.71914429
20212,1129000199,51,10,41,0,2,9,19,11,10,0,0,1,1,1,7,0,2,8,18,10,3,14872.3100721
20212,1129000200,32,29,3,0,0,1,3,8,20,0,0,1,3,5,20,0,0,0,0,3,0,4605.01613628
20212,1129000205,45,14,31,0,12,8,5,15,5,0,4,1,2,4,3,0,8,7,3,11,2,9684.75492897
20212,1129000216,15,9,6,0,1,1,5,4,4,0,0,0,3,3,3,0,1,1,2,1,1,7192.74839825
20212,1129000217,4,3,1,0,1,0,3,0,0,0,1,0,2,0,0,0,0,0,1,0,0,4529.78713502
20212,1129000218,6,3,3,0,0,0,3,2,1,0,0,0,1,2,0,0,0,0,2,0,1,2002.22047374
20212,1129000222,1,0,1,0,0,0,0,1,0,0,0,0,0,0,0,0,0,0,0,1,0,2355.9686265
20212,1129000226,25,18,7,0,0,5,11,4,5,0,0,2,10,2,4,0,0,3,1,2,1,5691.90574767
20212,1129000231,7,3,4,0,1,4,1,1,0,0,1,2,0,0,0,0,0,2,1,1,0,28476.078963
20212,1129000236,7,5,2,0,0,0,2,2,3,0,0,0,1,1,3,0,0,0,1,1,0,3825.23928098
20212,1129000238,18,13,5,0,0,5,2,7,4,0,0,2,2,7,2,0,0,3,0,0,2,10132.1033128
20212,1129000239,28,7,21,0,1,6,8,12,1,0,0,1,1,5,0,0,1,5,7,7,1,1974.53794165
20212,1129000240,19,12,7,0,2,4,4,5,4,0,1,2,2,3,4,0,1,2,2,2,0,5983.87898946
20212,1129000242,25,10,15,0,0,3,8,6,8,0,0,1,1,3,5,0,0,2,7,3,3,5381.7570772
20212,1129000243,10,7,3,1,0,3,6,0,0,0,0,3,4,0,0,1,0,0,2,0,0,5539.74042375
20212,1129000248,59,8,51,0,0,4,16,28,11,0,0,0,1,3,4,0,0,4,15,25,7,3053.45355792
20212,1129000249,93,19,74,0,12,17,19,26,19,0,2,5,5,1,6,0,10,12,14,25,13,11260.2036519
20212,1129000250,10,8,2,0,1,6,3,0,0,0,1,5,2,0,0,0,0,1,1,0,0,2917.0277682
20212,1129000252,25,16,9,0,1,9,7,6,2,0,1,6,4,4,1,0,0,3,3,2,1,2494.45260442
20212,1129000253,80,38,42,1,10,20,28,14,7,1,0,9,18,7,3,0,10,11,10,7,4,10863.379154
20212,1129000255,39,29,10,0,8,8,9,10,4,0,8,6,7,5,3,0,0,2,2,5,1,18553.8109315
20212,1129000259,2,1,1,0,0,0,1,1,0,0,0,0,1,0,0,0,0,0,0,1,0,3430.41905732
20212,1129000260,22,9,13,1,7,5,3,3,3,1,4,1,1,1,1,0,3,4,2,2,2,11322.6441677
20212,1129000262,38,10,28,0,11,7,9,9,2,0,5,1,1,2,1,0,6,6,8,7,1,3209.41082252
20212,1129000265,5,1,4,0,0,2,0,2,1,0,0,0,0,1,0,0,0,2,0,1,1,3424.79930994
20212,1129000273,12,7,5,0,1,2,5,3,1,0,1,2,2,2,0,0,0,0,3,1,1,4934.1020933
20212,1129000275,10,0,10,0,2,3,2,2,1,0,0,0,0,0,0,0,2,3,2,2,1,3805.91350446
20212,1129000280,12,7,5,0,1,1,3,3,4,0,1,1,1,1,3,0,0,0,2,2,1,2940.64197682
20212,1129000281,2,1,1,0,0,0,0,1,1,0,0,0,0,0,1,0,0,0,0,1,0,1873.3090004
20212,1129000284,50,25,25,0,3,10,14,14,9,0,2,5,9,6,3,0,1,5,5,8,6,17453.3113364
20212,1129000294,6,1,5,0,0,1,1,2,2,0,0,0,0,1,0,0,0,1,1,1,2,2356.93864494
20212,1129000303,5,3,2,0,0,0,2,3,0,0,0,0,1,2,0,0,0,0,1,1,0,5690.15376419
20212,1129000318,17,7,10,0,2,1,1,7,6,0,2,1,1,1,2,0,0,0,0,6,4,3832.52510983
20212,1129000321,23,12,11,0,3,3,7,5,5,0,1,2,3,3,3,0,2,1,4,2,2,18802.7956365
20212,1129000322,2,1,1,0,0,0,2,0,0,0,0,0,1,0,0,0,0,0,1,0,0,1228.72102
20212,1129000330,75,13,62,0,10,20,23,16,6,0,0,5,3,1,4,0,10,15,20,15,2,10218.1411501
20212,1129000335,92,60,32,0,3,16,25,21,27,0,2,9,12,13,24,0,1,7,13,8,3,6807.09646108
20212,1129000337,2,1,1,0,0,0,1,1,0,0,0,0,1,0,0,0,0,0,0,1,0,2139.15375133
20212,1129000341,50,14,36,0,4,14,15,17,0,0,0,2,8,4,0,0,4,12,7,13,0,22886.0896876
20212,1129000342,29,6,23,1,6,6,9,5,2,0,1,1,3,0,1,1,5,5,6,5,1,6058.26392649
20212,1129000343,3,0,3,0,0,0,0,2,1,0,0,0,0,0,0,0,0,0,0,2,1,66423.1669351
20212,1129000346,4,2,2,0,0,0,2,1,1,0,0,0,1,0,1,0,0,0,1,1,0,1669.7726758
20212,1129000350,2,1,1,0,0,0,0,1,1,0,0,0,0,0,1,0,0,0,0,1,0,2010.27400729
20212,1129000352,364,228,136,0,69,87,80,74,54,0,21,59,47,52,49,0,48,28,33,22,5,5464.41808822
20212,1129000354,1,1,0,0,0,0,0,1,0,0,0,0,0,1,0,0,0,0,0,0,0,1341.11667629
20212,1129000355,26,18,8,0,6,5,8,2,5,0,4,2,5,2,5,0,2,3,3,0,0,7105.56749095
20212,1129000360,4,0,4,0,0,1,2,1,0,0,0,0,0,0,0,0,0,1,2,1,0,7460.8954622
20212,1129000370,6,2,4,0,1,3,1,1,0,0,0,1,0,1,0,0,1,2,1,0,0,6500.29653181
20212,1129000387,7,3,4,0,0,0,2,5,0,0,0,0,1,2,0,0,0,0,1,3,0,876.585080906
20212,1129000393,23,14,9,0,7,6,4,5,1,0,4,4,2,3,1,0,3,2,2,2,0,6937.07027254
20212,1129000399,90,18,72,0,10,27,25,23,5,0,1,5,5,3,4,0,9,22,20,20,1,8017.20566594
20212,1129000404,8,7,1,0,0,4,0,3,1,0,0,3,0,3,1,0,0,1,0,0,0,4420.05960458
20212,1129000407,1103,298,805,8,497,361,132,79,26,0,75,125,37,39,22,8,422,236,95,40,4,5834.86487691
20212,1129000415,1,0,1,0,0,0,0,1,0,0,0,0,0,0,0,0,0,0,0,1,0,2012.5937853
20212,1129000417,14,3,11,0,1,2,7,4,0,0,0,1,1,1,0,0,1,1,6,3,0,8582.69223261
20212,1129000424,425,378,47,0,63,153,148,58,3,0,54,135,131,56,2,0,9,18,17,2,1,2187.70909293
20212,1129000438,10940,6783,4157,44,1682,2620,3536,1917,1141,13,807,1596,2417,1469,481,31,875,1024,1119,448,660,5266.54340769
20212,1129000448,95,43,52,0,13,39,21,14,8,0,3,21,4,9,6,0,10,18,17,5,2,3699.66282137
20212,1129000462,7,5,2,0,1,0,0,4,2,0,1,0,0,2,2,0,0,0,0,2,0,689.729106096
20212,1129000470,294,123,171,0,69,72,68,50,35,0,15,30,36,20,22,0,54,42,32,30,13,1437.52877038
20212,1129000482,49,40,9,0,3,9,9,14,14,0,3,6,7,12,12,0,0,3,2,2,2,3268.92247078
20212,1129000484,1,0,1,0,0,1,0,0,0,0,0,0,0,0,0,0,0,1,0,0,0,1194.0456133
20212,1129000486,1,1,0,0,0,0,0,0,1,0,0,0,0,0,1,0,0,0,0,0,0,3854.01878954
20212,1129000500,4,1,3,0,0,1,2,0,1,0,0,0,1,0,0,0,0,1,1,0,1,2258.24613742
20212,1129000514,15,11,4,0,0,2,4,3,6,0,0,1,2,2,6,0,0,1,2,1,0,5772.87533006
20212,1129000517,101,10,91,0,18,27,28,18,10,0,1,3,0,2,4,0,17,24,28,16,6,11352.5183472
20212,1129000518,7,5,2,0,1,2,2,1,1,0,1,1,1,1,1,0,0,1,1,0,0,2724.82460008
20212,1129000522,2,2,0,0,0,1,0,1,0,0,0,1,0,1,0,0,0,0,0,0,0,2964.98986681
20212,1129000532,192,57,135,0,12,36,46,61,37,0,1,12,11,17,16,0,11,24,35,44,21,4846.91070091
20212,1129000538,18,9,9,0,7,3,5,0,3,0,2,1,4,0,2,0,5,2,1,0,1,1874.16530021
20212,1129000540,20,11,9,0,5,1,8,6,0,0,4,0,3,4,0,0,1,1,5,2,0,3323.50657324
20212,1129000541,3,1,2,0,0,0,1,0,2,0,0,0,0,0,1,0,0,0,1,0,1,1485.44957098
20212,1129000543,18,6,12,0,1,2,2,3,10,0,1,2,1,0,2,0,0,0,1,3,8,1192.47309019
20212,1129000546,3,3,0,0,0,0,2,1,0,0,0,0,2,1,0,0,0,0,0,0,0,1322.72303375
20212,1129000548,4,3,1,0,1,3,0,0,0,0,1,2,0,0,0,0,0,1,0,0,0,1589.5683156
20212,1129000552,2,2,0,0,0,1,1,0,0,0,0,1,1,0,0,0,0,0,0,0,0,1015.37985709
20212,1129000556,3,1,2,0,0,1,0,0,2,0,0,0,0,0,1,0,0,1,0,0,1,4026.61390601
20212,1129000565,71,53,18,0,5,21,28,11,6,0,2,18,21,8,4,0,3,3,7,3,2,6219.92172054
20212,1129000568,56,7,49,0,2,4,9,31,10,0,1,2,1,1,2,0,1,2,8,30,8,10578.8997692
20212,1129000569,14,9,5,0,0,3,6,4,1,0,0,1,4,4,0,0,0,2,2,0,1,4116.63364968
20212,1129000570,4,2,2,0,0,0,0,2,2,0,0,0,0,1,1,0,0,0,0,1,1,2954.14405097
20212,1129000572,32,11,21,6,8,7,3,1,7,0,2,2,1,1,5,6,6,5,2,0,2,5876.21166167
20212,1129000573,2,2,0,0,0,0,1,0,1,0,0,0,1,0,1,0,0,0,0,0,0,3795.13387217
20212,1129000574,3,2,1,0,0,1,1,0,1,0,0,1,0,0,1,0,0,0,1,0,0,1854.58815205
20212,1129000577,145,53,92,0,15,45,46,30,9,0,3,12,15,17,6,0,12,33,31,13,3,5099.32249693
20212,1129000580,2,1,1,0,1,1,0,0,0,0,0,1,0,0,0,0,1,0,0,0,0,5278.8403183
20212,1129000581,5,4,1,0,2,1,2,0,0,0,2,1,1,0,0,0,0,0,1,0,0,728.809803529
20212,1129000582,5,5,0,0,0,0,0,1,4,0,0,0,0,1,4,0,0,0,0,0,0,4293.84573068
20212,1129000585,1,1,0,0,0,0,0,0,1,0,0,0,0,0,1,0,0,0,0,0,0,1119.84348948
20212,1129000586,4,3,1,0,0,0,3,1,0,0,0,0,2,1,0,0,0,0,1,0,0,676.027180238
20212,1129000588,10,5,5,0,0,6,0,2,2,0,0,3,0,1,1,0,0,3,0,1,1,745.10447959
20212,1129000590,15,8,7,0,3,4,7,1,0,0,0,2,5,1,0,0,3,2,2,0,0,5246.14530073
20212,1129000591,160,52,108,0,18,35,20,50,37,0,4,11,2,19,16,0,14,24,18,31,21,6663.82873504
20212,1129000592,14,6,8,0,1,2,1,3,7,0,0,1,1,1,3,0,1,1,0,2,4,3894.73715712
20212,1129000593,9,1,8,0,1,2,3,2,1,0,0,0,0,0,1,0,1,2,3,2,0,2662.32106892
20212,1129000595,30,20,10,1,9,10,4,5,1,0,5,7,4,3,1,1,4,3,0,2,0,5676.7046914
20212,1129000596,5,1,4,0,3,1,1,0,0,0,0,0,1,0,0,0,3,1,0,0,0,1686.97972103
20212,1129000597,16,15,1,0,0,1,5,8,2,0,0,1,4,8,2,0,0,0,1,0,0,7609.66171191
20212,1129000598,9,4,5,0,6,1,0,1,1,0,3,0,0,1,0,0,3,1,0,0,1,938.028927433
20212,1129000600,4,1,3,0,1,0,0,1,2,0,0,0,0,0,1,0,1,0,0,1,1,1907.89325531
20212,1129000601,6,6,0,0,0,2,2,2,0,0,0,2,2,2,0,0,0,0,0,0,0,4871.77079929
20212,1129000602,8,5,3,0,0,0,1,4,3,0,0,0,0,2,3,0,0,0,1,2,0,4921.87835847
20212,1129000603,12,5,7,0,0,5,3,2,2,0,0,1,2,1,1,0,0,4,1,1,1,5263.74067975
20212,1129000604,54,49,5,3,23,13,10,4,1,3,21,12,9,3,1,0,2,1,1,1,0,2010.8517074
20212,1129000605,47,12,35,0,20,11,9,3,4,0,0,1,6,1,4,0,20,10,3,2,0,4003.49988732
20212,1129000607,51,8,43,0,21,16,4,6,4,0,0,3,1,1,3,0,21,13,3,5,1,68994.1344654
20212,1129000608,11,3,8,0,1,2,2,3,3,0,0,0,0,1,2,0,1,2,2,2,1,3124.22075666
20212,1129000609,4,1,3,0,0,1,0,0,3,0,0,0,0,0,1,0,0,1,0,0,2,1166.11048829
20212,1129000610,13,2,11,0,4,2,4,2,1,0,0,0,1,1,0,0,4,2,3,1,1,4836.51376301
20212,1129000611,4,3,1,0,1,1,0,0,2,0,1,1,0,0,1,0,0,0,0,0,1,3119.89985555
20212,1129000612,59,29,30,8,1,9,17,17,7,8,1,4,2,8,6,0,0,5,15,9,1,6324.36993047
20212,1129000613,1,1,0,0,0,0,0,0,1,0,0,0,0,0,1,0,0,0,0,0,0,3121.35319166
20212,1129000614,1,1,0,0,0,0,0,0,1,0,0,0,0,0,1,0,0,0,0,0,0,16336.6769814
20212,1129000617,15,11,4,0,1,2,7,5,0,0,1,1,4,5,0,0,0,1,3,0,0,6965.76464849
20212,1129000618,6,5,1,0,0,2,4,0,0,0,0,2,3,0,0,0,0,0,1,0,0,1358.76041947
20212,1129000619,3,2,1,0,0,0,1,1,1,0,0,0,0,1,1,0,0,0,1,0,0,9165.84179353
20212,1129000620,8,6,2,0,0,1,1,5,1,0,0,1,1,4,0,0,0,0,0,1,1,5582.26139068
20212,1129000623,23,16,7,1,2,4,9,2,5,1,1,3,8,2,1,0,1,1,1,0,4,6312.11690292
20212,1129000624,1,1,0,0,0,0,0,0,1,0,0,0,0,0,1,0,0,0,0,0,0,4073.47087871
20212,1129000625,100,21,79,0,18,30,29,17,6,0,5,3,4,4,5,0,13,27,25,13,1,22975.5460365
20212,1129000626,14,10,4,0,0,4,3,3,4,0,0,2,1,3,4,0,0,2,2,0,0,2776.82359155
20212,1129000628,2,2,0,0,0,1,0,0,1,0,0,1,0,0,1,0,0,0,0,0,0,1896.74297675
20212,1129000629,13,3,10,0,2,5,5,1,0,0,0,0,3,0,0,0,2,5,2,1,0,4551.06674819
20212,1129000631,2,1,1,0,1,0,0,0,1,0,1,0,0,0,0,0,0,0,0,0,1,1112.3063394
20212,1129000632,21,16,5,0,2,3,5,8,3,0,1,2,3,7,3,0,1,1,2,1,0,6503.32882222
20212,1129000633,3,3,0,0,0,0,0,3,0,0,0,0,0,3,0,0,0,0,0,0,0,1283.48139986
20212,1129000634,4,4,0,0,0,0,2,1,1,0,0,0,2,1,1,0,0,0,0,0,0,2672.64788193
20212,1129000636,78,58,20,0,6,20,19,28,5,0,1,12,15,26,4,0,5,8,4,2,1,4855.63914073
20212,1129000639,2,0,2,0,0,0,1,0,1,0,0,0,0,0,0,0,0,0,1,0,1,3292.56368116
20212,1129000640,89,25,64,1,8,30,20,26,4,0,1,8,5,8,3,1,7,22,15,18,1,4755.49564657
20212,1129000643,5,2,3,0,1,1,2,0,1,0,1,0,1,0,0,0,0,1,1,0,1,808.10269634
20212,1129000645,4,4,0,0,0,0,2,1,1,0,0,0,2,1,1,0,0,0,0,0,0,940.508483314
20212,1129000646,5,1,4,0,1,1,0,1,2,0,0,0,0,0,1,0,1,1,0,1,1,4479.38114258
20212,1129000647,17,5,12,0,8,6,1,0,2,0,1,2,1,0,1,0,7,4,0,0,1,1143.15161662
20212,1129000648,9,7,2,0,0,4,4,0,1,0,0,3,3,0,1,0,0,1,1,0,0,4866.52521645
20212,1129000655,4,2,2,0,2,0,1,1,0,0,0,0,1,1,0,0,2,0,0,0,0,4900.26869254
20212,1129000659,3,1,2,0,0,0,2,0,1,0,0,0,1,0,0,0,0,0,1,0,1,4392.09165753
20212,1129000661,2,2,0,0,0,0,0,1,1,0,0,0,0,1,1,0,0,0,0,0,0,2164.75701438
20212,1129000662,28,17,11,0,0,4,5,7,12,0,0,1,3,3,10,0,0,3,2,4,2,6949.62737076
20212,1129000664,18,14,4,0,1,4,3,4,6,0,0,2,2,4,6,0,1,2,1,0,0,2356.89097495
20212,1129000665,130,116,14,0,0,5,21,41,63,0,0,3,18,33,62,0,0,2,3,8,1,7379.49035939
20212,1129000669,34,21,13,1,5,4,6,12,6,0,2,2,1,10,6,1,3,2,5,2,0,1685.18047767
20212,1129000670,2,1,1,0,0,0,2,0,0,0,0,0,1,0,0,0,0,0,1,0,0,1294.96423569
20212,1129000672,11,3,8,0,0,1,0,6,4,0,0,0,0,1,2,0,0,1,0,5,2,5713.46465004
20212,1129000673,9,1,8,0,5,3,1,0,0,0,0,0,1,0,0,0,5,3,0,0,0,2509.59399613
20212,1129000674,8,5,3,0,1,1,0,4,2,0,1,0,0,3,1,0,0,1,0,1,1,3918.578309
20212,1129000679,153,34,119,0,10,19,40,52,32,0,2,6,8,11,7,0,8,13,32,41,25,6096.61899836
20212,1129000680,20,12,8,1,0,6,6,4,3,0,0,3,4,3,2,1,0,3,2,1,1,4333.18084148
20212,1129000681,62,26,36,1,27,10,8,14,2,0,13,4,2,5,2,1,14,6,6,9,0,4869.75500874
20212,1129000683,9,8,1,0,1,1,2,3,2,0,1,1,1,3,2,0,0,0,1,0,0,1752.87978491
20212,1129000684,154,82,72,0,31,34,34,33,22,0,8,20,22,18,14,0,23,14,12,15,8,3738.99523684
20212,1129000685,12,9,3,0,0,3,3,4,2,0,0,2,2,4,1,0,0,1,1,0,1,4592.83741425
20212,1129000690,4,3,1,0,0,0,0,3,1,0,0,0,0,2,1,0,0,0,0,1,0,4005.13853828
20212,1129000692,15,2,13,0,3,2,5,3,2,0,0,0,1,1,0,0,3,2,4,2,2,6129.40076765
20212,1129000695,6,4,2,0,0,1,1,1,3,0,0,1,0,1,2,0,0,0,1,0,1,2472.25712337
20212,1129000696,13,5,8,0,0,2,5,2,4,0,0,0,1,2,2,0,0,2,4,0,2,6057.95367591
20212,1129000697,19,4,15,0,0,0,0,13,6,0,0,0,0,4,0,0,0,0,0,9,6,6087.19119562
20212,1129000698,2,1,1,0,0,0,0,2,0,0,0,0,0,1,0,0,0,0,0,1,0,1985.0563129
20212,1129000700,107,58,49,1,4,12,22,29,39,1,2,8,8,9,30,0,2,4,14,20,9,5151.86605373
20212,1129000701,3,1,2,0,0,1,1,1,0,0,0,0,0,1,0,0,0,1,1,0,0,1456.7712311
20212,1129000702,26,10,16,0,4,7,8,2,5,0,1,4,0,1,4,0,3,3,8,1,1,9990.66616499
20212,1129000703,38,33,5,0,1,4,12,13,8,0,1,3,11,10,8,0,0,1,1,3,0,4548.97385831
20212,1129000706,11,6,5,0,1,6,3,1,0,0,0,4,1,1,0,0,1,2,2,0,0,11643.727626
20212,1129000713,65,40,25,0,20,27,12,6,0,0,11,14,10,5,0,0,9,13,2,1,0,5438.45813851
20212,1129000714,15,10,5,0,1,2,2,8,2,0,1,0,0,7,2,0,0,2,2,1,0,6700.82958602
20212,1129000716,25,3,22,0,1,2,1,0,21,0,0,2,0,0,1,0,1,0,1,0,20,7504.20334069
20212,1129000717,20,18,2,0,1,2,5,11,1,0,1,1,5,10,1,0,0,1,0,1,0,923.785981563
20212,1129000720,11,7,4,0,1,1,6,3,0,0,1,1,3,2,0,0,0,0,3,1,0,6136.7999923
20212,1129000722,67,35,32,0,9,19,17,20,2,0,4,7,11,12,1,0,5,12,6,8,1,5894.81091272
20212,1129000723,8,5,3,0,0,2,3,1,2,0,0,2,1,1,1,0,0,0,2,0,1,1944.3136627
20212,1129000724,2,2,0,0,0,2,0,0,0,0,0,2,0,0,0,0,0,0,0,0,0,2235.58839446
20212,1129000726,31,24,7,3,2,4,8,10,4,3,1,1,6,9,4,0,1,3,2,1,0,3738.97601094
20212,1129000732,3,3,0,0,0,0,2,1,0,0,0,0,2,1,0,0,0,0,0,0,0,3050.11966354
20212,1129000739,37,30,7,0,4,7,11,8,7,0,3,5,9,7,6,0,1,2,2,1,1,8202.46308964
20212,1129000740,145,97,48,0,7,36,38,41,23,0,3,17,25,31,21,0,4,19,13,10,2,9541.93127465
20212,1129000741,56,20,36,0,3,16,17,14,6,0,0,6,6,4,4,0,3,10,11,10,2,4143.61013048
20212,1129000742,3,2,1,0,0,0,1,2,0,0,0,0,0,2,0,0,0,0,1,0,0,1431.23791778
20212,1129000743,61,42,19,0,1,11,14,23,12,0,0,7,8,16,11,0,1,4,6,7,1,7113.146768
20212,1129000744,757,537,220,0,2,7,21,54,673,0,2,6,9,25,495,0,0,1,12,29,178,904.36961389
20212,1129000745,15,13,2,0,1,3,4,6,1,0,0,2,4,6,1,0,1,1,0,0,0,3710.29729485
20212,1129000746,2,2,0,0,0,1,1,0,0,0,0,1,1,0,0,0,0,0,0,0,0,2143.21195944
20212,1129000748,10,7,3,0,1,1,6,0,2,0,0,1,5,0,1,0,1,0,1,0,1,1118.38182539
20212,1129000749,8,7,1,0,0,3,5,0,0,0,0,3,4,0,0,0,0,0,1,0,0,948.530638041
20212,1129000756,58,36,22,0,19,13,19,7,0,0,9,6,17,4,0,0,10,7,2,3,0,4848.63238981
20212,1129000758,87,21,66,0,12,11,27,27,10,0,3,3,8,2,5,0,9,8,19,25,5,4746.70127887
20212,1129000759,8,6,2,0,0,3,2,1,2,0,0,1,2,1,2,0,0,2,0,0,0,4198.54580256
20212,1129000763,40,22,18,0,2,7,17,8,6,0,1,6,10,3,2,0,1,1,7,5,4,4077.80120428
20212,1129000767,1,0,1,0,0,1,0,0,0,0,0,0,0,0,0,0,0,1,0,0,0,3633.36732999
20212,1129000770,9,6,3,0,0,0,6,2,1,0,0,0,3,2,1,0,0,0,3,0,0,4494.64404784
20212,1129000773,2,0,2,0,0,0,2,0,0,0,0,0,0,0,0,0,0,0,2,0,0,3472.2940408
20212,1129000774,7,3,4,0,1,2,4,0,0,0,0,0,3,0,0,0,1,2,1,0,0,4345.99394664
20212,1129000775,9,2,7,0,1,4,2,2,0,0,0,1,0,1,0,0,1,3,2,1,0,3136.78108163
20212,1129000776,14,11,3,0,1,5,4,4,0,0,0,4,4,3,0,0,1,1,0,1,0,3585.98635768
20212,1129000780,1,1,0,0,0,0,0,1,0,0,0,0,0,1,0,0,0,0,0,0,0,9422.77781434
20212,1129000781,28,19,9,0,6,4,10,6,2,0,2,3,7,5,2,0,4,1,3,1,0,2547.94772849
20212,1129000782,24,8,16,3,3,4,11,2,1,0,0,2,5,0,1,3,3,2,6,2,0,5348.99714237
20212,1129000784,15,5,10,0,1,7,4,2,1,0,0,1,2,1,1,0,1,6,2,1,0,5119.40646325
20212,1129000787,10,4,6,0,5,2,1,1,1,0,1,2,0,0,1,0,4,0,1,1,0,3394.73541103
20212,1129000794,24,19,5,0,0,0,7,6,11,0,0,0,5,5,9,0,0,0,2,1,2,4926.52656172
20212,1129000796,12,8,4,0,0,0,2,4,6,0,0,0,1,3,4,0,0,0,1,1,2,4710.51065289
20212,1129000798,13,11,2,0,0,1,3,7,2,0,0,1,2,6,2,0,0,0,1,1,0,4172.81334224
20212,1129000800,23,20,3,0,5,2,5,6,5,0,5,2,3,6,4,0,0,0,2,0,1,9189.49733779
20212,1129000801,9,2,7,0,0,0,2,4,3,0,0,0,0,0,2,0,0,0,2,4,1,3116.91508343
20212,1129000802,2843,2591,252,0,311,1334,571,583,44,0,227,1193,545,582,44,0,84,141,26,1,0,1396.42794887
20212,1129000805,10,10,0,0,0,1,5,1,3,0,0,1,5,1,3,0,0,0,0,0,0,2544.69833752
20212,1129000806,7,7,0,0,1,1,2,3,0,0,1,1,2,3,0,0,0,0,0,0,0,4868.1024665
20212,1129000810,3,1,2,0,0,2,0,1,0,0,0,1,0,0,0,0,0,1,0,1,0,2902.12756064
20212,1129000811,106,87,19,2,12,20,28,21,23,1,6,18,24,19,19,1,6,2,4,2,4,4712.19466275
20212,1129000812,716,470,246,0,18,67,86,152,393,0,16,61,81,83,229,0,2,6,5,69,164,2416.06728545
20212,1129000814,1,0,1,0,0,0,0,0,1,0,0,0,0,0,0,0,0,0,0,0,1,3535.76576188
20212,1129000815,21,4,17,0,7,4,4,5,1,0,0,0,1,2,1,0,7,4,3,3,0,2705.47322857
20212,1129000818,22,12,10,0,2,4,5,8,3,0,2,3,3,2,2,0,0,1,2,6,1,5225.811889
20212,1129000819,99,23,76,0,17,14,21,39,8,0,1,7,10,3,2,0,16,7,11,36,6,5554.98911301
20212,1129000823,42,25,17,0,7,6,8,9,12,0,2,4,3,7,9,0,5,2,5,2,3,5420.59526373
20212,1129000826,45,35,10,1,8,8,10,15,3,1,5,7,6,13,3,0,3,1,4,2,0,4070.9246453
20212,1129000827,2,1,1,0,0,0,0,2,0,0,0,0,0,1,0,0,0,0,0,1,0,8345.35970478
20212,1129000829,8,3,5,0,1,2,2,2,1,0,0,2,1,0,0,0,1,0,1,2,1,838.622725244
20212,1129000831,2,1,1,0,0,0,0,2,0,0,0,0,0,1,0,0,0,0,0,1,0,4537.91626988
20212,1129000832,9,2,7,0,0,0,4,3,2,0,0,0,0,1,1,0,0,0,4,2,1,2183.68107382
20212,1129000833,3,2,1,0,0,0,0,0,3,0,0,0,0,0,2,0,0,0,0,0,1,879.295476845
20212,1129000837,3,3,0,0,0,1,1,1,0,0,0,1,1,1,0,0,0,0,0,0,0,6468.44824669
20212,1129000840,1,0,1,0,0,0,1,0,0,0,0,0,0,0,0,0,0,0,1,0,0,3295.81688917
20212,1129000841,13,6,7,0,1,5,4,1,2,0,1,2,1,1,1,0,0,3,3,0,1,5206.56465917
20212,1129000842,27,8,19,0,6,7,7,4,3,0,1,2,2,1,2,0,5,5,5,3,1,41579.382174
20212,1129000848,4,4,0,0,0,0,2,2,0,0,0,0,2,2,0,0,0,0,0,0,0,3721.90256055
20212,1129000852,1324,924,400,0,185,375,407,339,18,0,68,233,313,295,15,0,117,142,94,44,3,2298.98810316
20212,1129000856,17,7,10,0,0,2,7,4,4,0,0,0,2,2,3,0,0,2,5,2,1,7003.62599755
20212,1129000858,6,2,4,0,1,0,1,0,4,0,0,0,0,0,2,0,1,0,1,0,2,6460.11439249
20212,1129000860,4,3,1,0,0,2,2,0,0,0,0,1,2,0,0,0,0,1,0,0,0,11302.0638409
20212,1129000865,11,2,9,0,0,1,6,4,0,0,0,0,2,0,0,0,0,1,4,4,0,5324.17018796
20212,1129000866,63,47,16,0,7,24,17,11,4,0,2,16,16,9,4,0,5,8,1,2,0,5136.25425065
20212,1129000867,23,6,17,0,4,3,8,7,1,0,1,0,1,4,0,0,3,3,7,3,1,5045.4005423
20212,1129000868,24,19,5,0,4,13,5,1,1,0,3,11,3,1,1,0,1,2,2,0,0,9852.24429658
20212,1129000874,2,2,0,0,0,0,1,1,0,0,0,0,1,1,0,0,0,0,0,0,0,1406.93640558
20212,1129000885,2,2,0,0,0,1,0,1,0,0,0,1,0,1,0,0,0,0,0,0,0,5231.8062761
20212,1129000893,241,226,15,0,10,91,87,39,14,0,9,87,84,33,13,0,1,4,3,6,1,2119.1117736
20212,1129000903,6,5,1,0,1,1,4,0,0,0,1,0,4,0,0,0,0,1,0,0,0,1007.05343671
20212,1129000907,3,2,1,0,0,0,2,1,0,0,0,0,1,1,0,0,0,0,1,0,0,48087.2623084
20212,1129000909,2,1,1,0,0,0,0,2,0,0,0,0,0,1,0,0,0,0,0,1,0,5166.2689427
20212,1129000918,16,0,16,0,5,2,5,4,0,0,0,0,0,0,0,0,5,2,5,4,0,14185.5072107
20212,1129000922,24,19,5,0,2,5,9,3,5,0,2,5,6,2,4,0,0,0,3,1,1,1524.11613458
20212,1129000928,185,109,76,0,23,27,34,38,63,0,7,15,22,23,42,0,16,12,12,15,21,1558.34090415
20212,1129000931,51,8,43,0,0,1,3,15,32,0,0,1,1,4,2,0,0,0,2,11,30,5185.99555115
20212,1129000932,4,3,1,0,0,1,1,2,0,0,0,1,1,1,0,0,0,0,0,1,0,2642.08715849
20212,1129000933,3,1,2,0,1,2,0,0,0,0,0,1,0,0,0,0,1,1,0,0,0,4002.61665704
20212,1129000936,2,1,1,0,0,0,0,2,0,0,0,0,0,1,0,0,0,0,0,1,0,1776.85046849
20212,1129000937,2,2,0,0,0,0,2,0,0,0,0,0,2,0,0,0,0,0,0,0,0,4500.351309
20212,1129000938,7,3,4,0,1,0,2,2,2,0,0,0,1,1,1,0,1,0,1,1,1,2365.00968403
20212,1129000943,3,0,3,0,0,0,0,2,1,0,0,0,0,0,0,0,0,0,0,2,1,11980.392721
20212,1129000945,2,1,1,0,0,0,1,1,0,0,0,0,1,0,0,0,0,0,0,1,0,1689.85260309
20212,1129000947,3,3,0,0,0,0,3,0,0,0,0,0,3,0,0,0,0,0,0,0,0,2011.29263515
20212,1129000948,11,3,8,0,1,0,0,7,3,0,0,0,0,3,0,0,1,0,0,4,3,4031.43145234
20212,1129000949,3,1,2,0,1,2,0,0,0,0,0,1,0,0,0,0,1,1,0,0,0,1465.83435404
20212,1129000950,2,1,1,0,0,0,2,0,0,0,0,0,1,0,0,0,0,0,1,0,0,4461.30782734
20212,1129000951,6,4,2,0,3,0,0,2,1,0,1,0,0,2,1,0,2,0,0,0,0,3920.70547856
20212,1129000953,3,1,2,0,0,0,2,1,0,0,0,0,1,0,0,0,0,0,1,1,0,2073.78218536
20212,1129000955,2,1,1,0,0,1,1,0,0,0,0,0,1,0,0,0,0,1,0,0,0,8279.33715161
20212,1129000961,8,0,8,0,0,1,5,2,0,0,0,0,0,0,0,0,0,1,5,2,0,1027.71170842
20212,1129000963,1,0,1,0,0,0,0,1,0,0,0,0,0,0,0,0,0,0,0,1,0,2936.63904732
20212,1129000966,5,3,2,0,1,1,2,1,0,0,0,1,1,1,0,0,1,0,1,0,0,3996.60147507
20212,1129000967,23,10,13,0,1,2,10,8,2,0,0,0,6,4,0,0,1,2,4,4,2,5835.11929548
20212,1129000968,21,16,5,0,3,5,1,6,6,0,3,4,1,5,3,0,0,1,0,1,3,5025.1413773
20212,1129000969,38,16,22,0,6,14,11,6,1,0,1,7,4,3,1,0,5,7,7,3,0,4441.18787613
20212,1129000975,23,4,19,0,5,4,7,6,1,0,0,2,0,1,1,0,5,2,7,5,0,2796.2155936
20212,1129000977,4,3,1,0,0,1,2,1,0,0,0,1,1,1,0,0,0,0,1,0,0,4341.64748414
20212,1129000978,5,2,3,0,0,0,1,4,0,0,0,0,0,2,0,0,0,0,1,2,0,1726.0931747
20212,1129000980,76,60,16,1,6,15,21,16,17,0,5,9,19,14,13,1,1,6,2,2,4,5095.56778035
20212,1129000981,1,1,0,0,0,0,0,1,0,0,0,0,0,1,0,0,0,0,0,0,0,1652.94656966
20212,1129000985,4,3,1,0,0,0,0,2,2,0,0,0,0,1,2,0,0,0,0,1,0,3395.58049285
20212,1129000986,4,1,3,0,0,2,1,0,1,0,0,0,0,0,1,0,0,2,1,0,0,4952.45455533
20212,1129000989,4,3,1,0,1,0,1,0,2,0,0,0,1,0,2,0,1,0,0,0,0,3070.24257225
20212,1129000991,3,2,1,0,0,0,0,1,2,0,0,0,0,1,1,0,0,0,0,0,1,2224.03921715
20212,1129000992,3,1,2,0,0,1,1,0,1,0,0,0,0,0,1,0,0,1,1,0,0,2179.81448763
20212,1129000993,77,10,67,0,12,23,28,12,2,0,3,2,4,1,0,0,9,21,24,11,2,23159.967845
20212,1129000994,70,32,38,0,12,11,14,29,4,0,12,6,7,4,3,0,0,5,7,25,1,6404.97706942
20212,1129000996,13,11,2,0,1,2,5,5,0,0,1,0,5,5,0,0,0,2,0,0,0,4348.20984225
20212,1129001000,20,5,15,0,3,1,10,4,2,0,1,0,1,2,1,0,2,1,9,2,1,2206.90975883
20212,1129001001,24,18,6,0,3,9,4,6,2,0,1,6,4,5,2,0,2,3,0,1,0,2175.0936737
20212,1129001004,3,2,1,0,0,0,0,3,0,0,0,0,0,2,0,0,0,0,0,1,0,841.776469571
20212,1129001005,6,4,2,0,0,0,0,2,4,0,0,0,0,2,2,0,0,0,0,0,2,5383.81920806
20212,1129001013,1,0,1,0,0,0,1,0,0,0,0,0,0,0,0,0,0,0,1,0,0,1362.66134975
20212,1129001014,2,0,2,0,1,0,1,0,0,0,0,0,0,0,0,0,1,0,1,0,0,2521.91071702
20212,1129001017,4,1,3,1,1,0,0,2,0,0,0,0,0,1,0,1,1,0,0,1,0,547.046863162
20212,1129001018,1,1,0,0,0,0,1,0,0,0,0,0,1,0,0,0,0,0,0,0,0,6064.97069654
20212,1129001023,3,2,1,0,0,2,0,0,1,0,0,1,0,0,1,0,0,1,0,0,0,3199.33517688
20212,1129001025,5,2,3,0,0,2,2,1,0,0,0,1,1,0,0,0,0,1,1,1,0,3103.11723382
20212,1129001028,12,11,1,0,2,3,2,5,0,0,2,3,2,4,0,0,0,0,0,1,0,9120.23713948
20212,1129001030,2,2,0,0,1,0,0,1,0,0,1,0,0,1,0,0,0,0,0,0,0,1108.05236748
20212,1129001032,3,2,1,0,0,1,1,1,0,0,0,0,1,1,0,0,0,1,0,0,0,4876.98694464
20212,1129001037,25,10,15,0,0,8,8,5,4,0,0,1,2,3,4,0,0,7,6,2,0,3751.77947069
20212,1129001038,13,11,2,0,2,2,2,5,2,0,2,1,2,4,2,0,0,1,0,1,0,3626.80682001
20212,1129001042,5,4,1,0,0,0,2,2,1,0,0,0,1,2,1,0,0,0,1,0,0,1140.02472102
20212,1129001043,82,49,33,0,13,18,23,13,15,0,5,11,13,6,14,0,8,7,10,7,1,5254.32926294
20212,1129001044,6,5,1,0,0,0,1,0,5,0,0,0,0,0,5,0,0,0,1,0,0,4353.42759836
20212,1129001045,2,0,2,0,0,2,0,0,0,0,0,0,0,0,0,0,0,2,0,0,0,1745.5788188
20212,1129001046,10,2,8,0,2,1,6,0,1,0,0,0,1,0,1,0,2,1,5,0,0,5524.71091009
20212,1129001047,10,6,4,0,0,1,1,5,3,0,0,0,1,3,2,0,0,1,0,2,1,1830.36775806
20212,1129001051,7,5,2,0,5,0,2,0,0,0,4,0,1,0,0,0,1,0,1,0,0,5735.56898147
20212,1129001052,8,3,5,0,1,3,2,1,1,0,0,1,1,0,1,0,1,2,1,1,0,2746.02079493
20212,1129001054,6,4,2,0,0,3,3,0,0,0,0,2,2,0,0,0,0,1,1,0,0,1503.74960553
20212,1129001055,101,58,43,0,6,18,20,23,34,0,4,17,11,12,14,0,2,1,9,11,20,6147.10025989
20212,1129001056,4,3,1,0,0,2,1,0,1,0,0,1,1,0,1,0,0,1,0,0,0,1075.18881478
20212,1129001057,7,2,5,0,0,2,1,2,2,0,0,0,1,0,1,0,0,2,0,2,1,6251.77217275
20212,1129001058,21,15,6,0,0,3,4,7,7,0,0,2,2,6,5,0,0,1,2,1,2,2296.71578448
20212,1129001059,83,35,48,0,11,16,22,21,13,0,3,5,12,6,9,0,8,11,10,15,4,4413.11239033
20212,1129001060,9,3,6,0,0,1,2,3,3,0,0,1,0,1,1,0,0,0,2,2,2,3498.04703902
20212,1129001061,11,4,7,0,1,4,2,1,3,0,0,0,2,1,1,0,1,4,0,0,2,7049.04775842
20212,1129001063,11,9,2,0,0,1,1,3,6,0,0,1,1,1,6,0,0,0,0,2,0,1505.11098439
20212,1129001066,3,1,2,0,1,1,0,0,1,0,0,0,0,0,1,0,1,1,0,0,0,4832.92958376
20212,1129001067,3,2,1,0,0,0,0,1,2,0,0,0,0,1,1,0,0,0,0,0,1,1016.29541208
20212,1129001068,107,32,75,0,20,23,17,28,19,0,5,12,5,5,5,0,15,11,12,23,14,5273.02720483
20212,1129001069,30,7,23,0,3,6,9,10,2,0,0,1,3,3,0,0,3,5,6,7,2,7790.76766504
20212,1129001070,43,22,21,0,7,8,10,9,9,0,0,2,9,4,7,0,7,6,1,5,2,7140.29290074
20212,1129001071,13,9,4,0,2,4,3,2,2,0,1,3,3,1,1,0,1,1,0,1,1,4726.6933964
20212,1129001074,73,26,47,0,4,6,9,26,28,0,4,4,4,11,3,0,0,2,5,15,25,5494.36833374
20212,1129001078,38,8,30,0,4,14,12,8,0,0,0,2,3,3,0,0,4,12,9,5,0,5059.85190985
20212,1129001079,5,5,0,0,0,1,1,0,3,0,0,1,1,0,3,0,0,0,0,0,0,4938.48442309
20212,1129001081,21,11,10,0,1,1,11,5,3,0,0,0,7,2,2,0,1,1,4,3,1,5816.87580394
20212,1129001084,3,2,1,0,0,0,1,1,1,0,0,0,1,1,0,0,0,0,0,0,1,1218.13032825
20212,1129001086,4,3,1,0,1,0,0,3,0,0,1,0,0,2,0,0,0,0,0,1,0,1258.83208564
20212,1129001087,1888,974,914,2,173,552,489,562,110,2,59,199,237,388,89,0,114,353,252,174,21,4652.20452983
20212,1129001089,36,11,25,1,9,3,9,12,2,1,2,1,3,2,2,0,7,2,6,10,0,6911.31536168
20212,1129001090,41,25,16,0,0,5,7,14,15,0,0,3,4,10,8,0,0,2,3,4,7,8753.21672797
20212,1129001091,72,38,34,0,14,13,24,13,8,0,8,9,8,8,5,0,6,4,16,5,3,4886.54686968
20212,1129001093,11,7,4,0,1,4,2,2,2,0,0,2,2,1,2,0,1,2,0,1,0,2522.29532956
20212,1129001094,23,11,12,0,2,4,9,3,5,0,0,1,6,2,2,0,2,3,3,1,3,4647.07777335
20212,1129001096,10,5,5,0,1,1,1,3,4,0,0,1,0,2,2,0,1,0,1,1,2,4122.46900647
20212,1129001097,3,2,1,0,0,0,1,0,2,0,0,0,1,0,1,0,0,0,0,0,1,2761.41092864
20212,1129001098,569,476,93,0,50,99,195,215,10,0,28,69,161,211,7,0,22,30,34,4,3,8358.05920776
20212,1129001101,7,3,4,0,1,1,4,0,1,0,1,0,1,0,1,0,0,1,3,0,0,4987.15848152
20212,1129001103,7,6,1,0,0,1,4,0,2,0,0,1,3,0,2,0,0,0,1,0,0,489.322619795
20212,1129001104,74,3,71,0,2,4,4,23,41,0,0,0,0,1,2,0,2,4,4,22,39,4061.42766531
20212,1129001105,13,5,8,0,1,5,2,5,0,0,0,2,1,2,0,0,1,3,1,3,0,4728.46195577
20212,1129001108,63,11,52,1,5,15,13,19,10,0,1,1,1,5,3,1,4,14,12,14,7,4633.23802407
20212,1129001111,1440,504,936,0,168,388,622,235,27,0,45,127,183,129,20,0,123,261,439,106,7,3581.21371223
20212,1129001115,10,5,5,0,2,2,5,1,0,0,0,1,3,1,0,0,2,1,2,0,0,1857.22107275
20212,1129001117,42,28,14,0,15,15,8,3,1,0,9,8,7,3,1,0,6,7,1,0,0,5669.0010691
20212,1129001120,4,2,2,0,0,0,1,1,2,0,0,0,0,1,1,0,0,0,1,0,1,4580.96899217
20212,1129001122,97,36,61,1,32,5,12,19,28,1,11,3,6,3,12,0,21,2,6,16,16,7421.26712276
20212,1129001123,2,1,1,0,0,0,0,0,2,0,0,0,0,0,1,0,0,0,0,0,1,1696.64153036
20212,1129001129,19,6,13,0,3,3,5,5,3,0,0,2,1,3,0,0,3,1,4,2,3,3607.41567548
20212,1129001130,6,0,6,0,0,0,1,1,4,0,0,0,0,0,0,0,0,0,1,1,4,2583.55293079
20212,1129001131,23,5,18,0,2,8,6,4,3,0,0,0,2,1,2,0,2,8,4,3,1,4133.48659791
20212,1129001133,95,66,29,0,8,14,24,15,34,0,4,10,20,7,25,0,4,4,4,8,9,3183.55152703
20212,1129001135,2,1,1,0,0,0,0,2,0,0,0,0,0,1,0,0,0,0,0,1,0,2058.40180891
20212,1129001136,10,8,2,0,1,4,3,2,0,0,0,4,2,2,0,0,1,0,1,0,0,3266.05569003
20212,1129001138,4,2,2,0,1,0,1,2,0,0,0,0,1,1,0,0,1,0,0,1,0,585.791870285
20212,1129001139,2,0,2,0,0,0,1,0,1,0,0,0,0,0,0,0,0,0,1,0,1,1302.75915144
20212,1129001140,28,5,23,0,6,8,7,7,0,0,0,0,2,3,0,0,6,8,5,4,0,3436.02822603
20212,1129001141,42,10,32,1,11,9,12,3,6,0,0,0,4,1,5,1,11,9,8,2,1,3221.74481827
20212,1129001142,66,57,9,0,5,9,27,20,5,0,4,8,22,18,5,0,1,1,5,2,0,5276.16119067
20212,1129001148,9,0,9,0,0,1,6,1,1,0,0,0,0,0,0,0,0,1,6,1,1,2789.06820654
20212,1129001160,26,23,3,0,2,0,6,10,8,0,1,0,6,8,8,0,1,0,0,2,0,2685.46833113
20212,1129001162,10,0,10,0,5,1,3,1,0,0,0,0,0,0,0,0,5,1,3,1,0,1353.70511579
20212,1129001177,2,1,1,0,0,0,1,1,0,0,0,0,0,1,0,0,0,0,1,0,0,2909.55795781
20212,1129001189,7,0,7,0,0,1,3,3,0,0,0,0,0,0,0,0,0,1,3,3,0,1309.27820178
20212,1129001193,5,5,0,0,0,0,0,0,5,0,0,0,0,0,5,0,0,0,0,0,0,1998.83080038
20212,1129001197,2,1,1,0,1,0,0,1,0,0,1,0,0,0,0,0,0,0,0,1,0,99605.7962169
20212,1129001209,3,1,2,0,1,1,1,0,0,0,0,1,0,0,0,0,1,0,1,0,0,1209.571331
20212,1129001212,63,40,23,0,4,6,14,14,25,0,3,3,8,9,17,0,1,3,6,5,8,3228.87013375
20212,1129001213,11,11,0,0,0,0,5,3,3,0,0,0,5,3,3,0,0,0,0,0,0,11869.6987014
20212,1129001216,2,2,0,0,0,0,1,0,1,0,0,0,1,0,1,0,0,0,0,0,0,1419.54481761
20212,1129001222,5,1,4,0,0,2,2,0,1,0,0,0,0,0,1,0,0,2,2,0,0,1470.5223192
20212,1129001224,12,9,3,0,1,1,3,4,3,0,0,1,2,3,3,0,1,0,1,1,0,4565.34861939
20212,1129001225,281,216,65,3,41,118,74,36,9,0,15,96,63,33,9,3,26,22,11,3,0,10829.4942014
20212,1129001229,23,12,11,0,1,5,7,7,3,0,1,2,3,4,2,0,0,3,4,3,1,5993.1940868
20212,1129001230,2,1,1,0,0,0,0,1,1,0,0,0,0,0,1,0,0,0,0,1,0,2293.41197725
20212,1129001231,3,2,1,0,0,1,2,0,0,0,0,0,2,0,0,0,0,1,0,0,0,936.311347998
20212,1129001233,2,1,1,0,0,0,1,0,1,0,0,0,0,0,1,0,0,0,1,0,0,1892.3058786
20212,1129001234,8,3,5,0,0,3,0,5,0,0,0,2,0,1,0,0,0,1,0,4,0,1664.17872038
20212,1129001236,3,1,2,0,0,0,3,0,0,0,0,0,1,0,0,0,0,0,2,0,0,2740.33162369
20212,1129001237,9,6,3,0,0,1,2,2,4,0,0,0,2,2,2,0,0,1,0,0,2,4341.85360475
20212,1129001244,2,0,2,0,0,0,1,0,1,0,0,0,0,0,0,0,0,0,1,0,1,1992.77634823
20212,1129001248,2,2,0,0,0,0,1,1,0,0,0,0,1,1,0,0,0,0,0,0,0,1114.64235579
20212,1129001249,15,13,2,0,1,2,4,3,5,0,1,2,3,3,4,0,0,0,1,0,1,2931.45226285
20212,1129001251,3,2,1,0,0,0,1,2,0,0,0,0,1,1,0,0,0,0,0,1,0,923.601009438
20212,1129001252,3,2,1,0,0,2,1,0,0,0,0,1,1,0,0,0,0,1,0,0,0,2599.71738132
20212,1129001254,6,5,1,0,1,1,3,0,1,0,1,1,2,0,1,0,0,0,1,0,0,5550.75628274
20212,1129001258,18,12,6,0,3,4,3,7,1,0,2,2,2,5,1,0,1,2,1,2,0,3363.37529125
20212,1129001282,1,0,1,0,0,0,1,0,0,0,0,0,0,0,0,0,0,0,1,0,0,754.959099717
20212,1129001285,51,41,10,0,4,7,10,15,15,0,3,4,7,13,14,0,1,3,3,2,1,658.550706345
20212,1129001289,5,1,4,0,1,0,1,2,1,0,0,0,0,1,0,0,1,0,1,1,1,3968.07642543
20212,1129001291,69,19,50,0,14,15,22,14,4,0,5,5,4,3,2,0,9,10,18,11,2,17632.6150367
20212,1129001292,20,15,5,0,0,4,1,3,12,0,0,1,1,2,11,0,0,3,0,1,1,4902.26588196
20212,1129001300,6,5,1,0,2,1,1,1,1,0,1,1,1,1,1,0,1,0,0,0,0,1001.19178283
20212,1129001301,13,10,3,0,0,5,2,6,0,0,0,4,1,5,0,0,0,1,1,1,0,1508.07996165
20212,1129001311,16,15,1,0,0,5,5,5,1,0,0,4,5,5,1,0,0,1,0,0,0,1419.37916464
20212,1129001315,13,8,5,0,1,4,2,5,1,0,0,3,1,3,1,0,1,1,1,2,0,7326.73988324
20212,1129001318,15,13,2,0,0,0,6,5,4,0,0,0,4,5,4,0,0,0,2,0,0,5437.55591509
20212,1129001320,4,1,3,0,0,2,0,1,1,0,0,1,0,0,0,0,0,1,0,1,1,1903.80143801
20212,1129001323,3,2,1,0,0,0,0,1,2,0,0,0,0,1,1,0,0,0,0,0,1,2120.45093986
20212,1129001326,2,1,1,0,1,0,0,1,0,0,1,0,0,0,0,0,0,0,0,1,0,918.664044957
20212,1129001327,22,19,3,0,0,8,6,7,1,0,0,7,5,6,1,0,0,1,1,1,0,4622.36804481
20212,1129001330,2,0,2,0,0,0,0,1,1,0,0,0,0,0,0,0,0,0,0,1,1,1084.26803368
20212,1129001334,4,4,0,0,0,4,0,0,0,0,0,4,0,0,0,0,0,0,0,0,0,5649.95803163
20212,1129001336,5,4,1,0,1,2,0,2,0,0,1,2,0,1,0,0,0,0,0,1,0,2715.72165908
20212,1129001346,4,2,2,0,0,0,2,1,1,0,0,0,1,1,0,0,0,0,1,0,1,2308.39439091
20212,1129001348,8,1,7,0,1,1,1,4,1,0,0,0,0,0,1,0,1,1,1,4,0,4790.86921001
20212,1129001350,95,50,45,0,14,19,24,17,21,0,1,9,13,10,17,0,13,10,11,7,4,3080.69931178
20212,1129001354,38,9,29,0,12,14,5,7,0,0,2,2,2,3,0,0,10,12,3,4,0,2816.14414283
20212,1129001360,92,77,15,0,22,21,14,30,5,0,22,17,8,25,5,0,0,4,6,5,0,2836.0672573
20212,1129001363,4,2,2,0,0,1,0,1,2,0,0,0,0,1,1,0,0,1,0,0,1,3231.17273356
20212,1129001364,18,17,1,0,1,3,4,6,4,0,1,3,4,5,4,0,0,0,0,1,0,2347.55049009
20212,1129001369,2,2,0,0,0,1,1,0,0,0,0,1,1,0,0,0,0,0,0,0,0,1727.63892008
20212,1129001371,5,1,4,0,2,0,0,2,1,0,0,0,0,1,0,0,2,0,0,1,1,3301.08702655
20212,1129001376,10,8,2,0,0,2,3,1,4,0,0,2,3,1,2,0,0,0,0,0,2,4852.52882864
20212,1129001379,6,4,2,0,1,0,1,4,0,0,1,0,0,3,0,0,0,0,1,1,0,2566.67596289
20212,1129001380,8,4,4,0,0,1,2,1,4,0,0,1,1,1,1,0,0,0,1,0,3,3835.571848
20212,1129001382,3,2,1,0,0,1,0,2,0,0,0,1,0,1,0,0,0,0,0,1,0,1341.3151994
20212,1129001384,11,7,4,0,0,5,2,3,1,0,0,3,2,1,1,0,0,2,0,2,0,2434.41465641
20212,1129001389,3,3,0,0,0,0,1,1,1,0,0,0,1,1,1,0,0,0,0,0,0,1455.30132018
20212,1129001391,3,2,1,0,0,0,1,2,0,0,0,0,1,1,0,0,0,0,0,1,0,4600.61349277
20212,1129001397,2,1,1,0,0,0,0,1,1,0,0,0,0,1,0,0,0,0,0,0,1,868.923957791
20212,1129001400,8,5,3,0,1,1,0,4,2,0,0,0,0,3,2,0,1,1,0,1,0,2443.09056824
20212,1129001402,8,6,2,0,0,2,2,3,1,0,0,1,2,2,1,0,0,1,0,1,0,1363.18684457
20212,1129001405,7,4,3,0,0,0,1,2,4,0,0,0,0,1,3,0,0,0,1,1,1,3773.12069376
20212,1129001409,7,4,3,0,3,2,1,1,0,0,2,1,1,0,0,0,1,1,0,1,0,3687.19811542
20212,1129001411,1,0,1,0,0,0,1,0,0,0,0,0,0,0,0,0,0,0,1,0,0,893.065313794
20212,1129001415,3,2,1,0,0,0,2,1,0,0,0,0,2,0,0,0,0,0,0,1,0,2578.26555068
20212,1129001416,16,8,8,0,2,3,6,4,1,0,0,1,4,2,1,0,2,2,2,2,0,2382.94063562
20212,1129001422,82,34,48,0,10,19,16,19,18,0,0,4,6,8,16,0,10,15,10,11,2,10522.4008775
20212,1129001424,71,57,14,0,4,10,20,34,3,0,3,5,14,32,3,0,1,5,6,2,0,5099.14970665
20212,1129001427,9,4,5,0,0,0,1,6,2,0,0,0,0,3,1,0,0,0,1,3,1,2764.31163355
20212,1129001428,58,25,33,0,6,15,15,17,5,0,3,4,5,9,4,0,3,11,10,8,1,24849.9049279
20212,1129001430,40,39,1,0,2,3,4,23,8,0,2,3,3,23,8,0,0,0,1,0,0,1719.2810491
20212,1129001433,1,0,1,0,0,1,0,0,0,0,0,0,0,0,0,0,0,1,0,0,0,4161.82129936
20212,1129001434,8,8,0,0,0,2,2,1,3,0,0,2,2,1,3,0,0,0,0,0,0,3140.00692645
20212,1129001436,3,3,0,0,0,0,1,0,2,0,0,0,1,0,2,0,0,0,0,0,0,1922.30098389
20212,1129001437,4,2,2,0,1,1,0,2,0,0,0,1,0,1,0,0,1,0,0,1,0,1054.98095312
20212,1129001440,37,8,29,0,2,7,11,12,5,0,2,1,1,0,4,0,0,6,10,12,1,12902.9829544
20212,1129001441,3,1,2,0,2,0,0,1,0,0,1,0,0,0,0,0,1,0,0,1,0,2441.66146192
20212,1129001442,10,10,0,0,0,3,5,2,0,0,0,3,5,2,0,0,0,0,0,0,0,2677.91136473
20212,1129001444,9,3,6,0,3,1,1,4,0,0,1,0,1,1,0,0,2,1,0,3,0,8911.19997696
20212,1129001445,1,0,1,0,0,0,0,1,0,0,0,0,0,0,0,0,0,0,0,1,0,2572.54803552
20212,1129001446,129,54,75,1,31,34,27,12,24,0,6,10,19,8,11,1,25,24,8,4,13,6222.99353583
20212,1129001449,10,8,2,0,4,1,1,3,1,0,3,1,1,2,1,0,1,0,0,1,0,1638.67995197
20212,1129001450,41,39,2,0,1,5,4,13,18,0,1,4,4,12,18,0,0,1,0,1,0,3137.43463678
20212,1129001451,3,2,1,0,0,0,1,1,1,0,0,0,1,1,0,0,0,0,0,0,1,1471.26951474
20212,1129001454,44,39,5,0,0,2,7,12,23,0,0,2,4,11,22,0,0,0,3,1,1,3278.69548523
20212,1129001457,4,3,1,0,0,1,0,2,1,0,0,1,0,1,1,0,0,0,0,1,0,2809.34675755
20212,1129001465,6,5,1,0,0,0,3,2,1,0,0,0,2,2,1,0,0,0,1,0,0,4592.43662789
20212,1129001468,6,2,4,0,0,2,1,2,1,0,0,1,0,1,0,0,0,1,1,1,1,5275.84700193
20212,1129001471,9,4,5,0,0,3,1,0,5,0,0,0,0,0,4,0,0,3,1,0,1,3885.02788991
20212,1129001473,6,5,1,0,0,0,4,2,0,0,0,0,3,2,0,0,0,0,1,0,0,1611.55927305
20212,1129001476,12,10,2,0,2,1,4,3,2,0,2,1,4,1,2,0,0,0,0,2,0,3534.0133398
20212,1129001489,907,703,204,0,4,10,19,44,830,0,0,7,6,26,664,0,4,3,13,18,166,3463.59476813
20212,1129001491,3,1,2,0,0,0,3,0,0,0,0,0,1,0,0,0,0,0,2,0,0,3906.08988199
20212,1129001498,19,12,7,0,0,2,6,5,6,0,0,1,4,2,5,0,0,1,2,3,1,1347.21113131
20212,1129001499,4,4,0,0,3,1,0,0,0,0,3,1,0,0,0,0,0,0,0,0,0,1754.1850392
20212,1129001500,4,1,3,0,0,1,3,0,0,0,0,0,1,0,0,0,0,1,2,0,0,863.468436994
20212,1129001503,37,34,3,0,4,7,7,9,10,0,3,6,6,9,10,0,1,1,1,0,0,6648.95313586
20212,1129001508,23,11,12,0,1,0,9,9,4,0,1,0,4,3,3,0,0,0,5,6,1,2775.16339585
20212,1129001511,6,2,4,0,0,1,3,2,0,0,0,0,0,2,0,0,0,1,3,0,0,2425.55832245
20212,1129001512,3,3,0,0,0,0,3,0,0,0,0,0,3,0,0,0,0,0,0,0,0,2482.12818792
20212,1129001516,3,1,2,0,0,0,1,2,0,0,0,0,0,1,0,0,0,0,1,1,0,10269.6729421
20212,1129001517,8,2,6,0,4,1,3,0,0,0,1,0,1,0,0,0,3,1,2,0,0,2946.1416121
20212,1129001520,24,19,5,0,0,0,3,4,17,0,0,0,2,3,14,0,0,0,1,1,3,112264.001808
20212,1129001527,21,3,18,1,3,7,6,3,1,0,1,0,1,0,1,1,2,7,5,3,0,1815.25704643
20212,1129001529,836,443,393,10,107,148,194,210,167,8,67,96,91,95,86,2,40,52,103,115,81,3244.91565666
20212,1129001533,12,6,6,0,1,2,5,3,1,0,1,2,0,2,1,0,0,0,5,1,0,7005.07258843
20212,1129001541,4,2,2,0,0,0,3,1,0,0,0,0,1,1,0,0,0,0,2,0,0,5582.10152217
20212,1129001542,35,21,14,0,6,12,6,9,2,0,0,8,5,7,1,0,6,4,1,2,1,10809.4800919
20212,1129001543,9,5,4,0,2,4,2,0,1,0,2,2,1,0,0,0,0,2,1,0,1,4252.23772058
20212,1129001544,13,7,6,0,2,2,3,3,3,0,1,1,3,0,2,0,1,1,0,3,1,2769.46438583
20212,1129001546,41,13,28,4,14,5,9,8,1,0,3,3,3,4,0,4,11,2,6,4,1,3700.23516321
20212,1129001547,8,4,4,0,0,1,1,2,4,0,0,0,0,1,3,0,0,1,1,1,1,2283.89334788
20212,1129001549,3,2,1,0,0,0,0,1,2,0,0,0,0,0,2,0,0,0,0,1,0,3082.87086879
20212,1129001550,17,7,10,0,4,4,0,5,4,0,0,0,0,5,2,0,4,4,0,0,2,3963.01710403
20212,1129001551,3,2,1,0,0,0,2,1,0,0,0,0,1,1,0,0,0,0,1,0,0,1255.51300215
20212,1129001552,11,4,7,0,3,4,0,4,0,0,0,2,0,2,0,0,3,2,0,2,0,2288.87004357
20212,1129001553,3,0,3,0,0,1,1,0,1,0,0,0,0,0,0,0,0,1,1,0,1,1312.89575304
20212,1129001554,20,13,7,0,0,3,4,10,3,0,0,1,1,9,2,0,0,2,3,1,1,4500.72589937
20212,1129001556,2,1,1,0,0,0,1,0,1,0,0,0,0,0,1,0,0,0,1,0,0,2130.03979263
20212,1129001557,22,10,12,0,3,2,5,4,8,0,2,0,2,2,4,0,1,2,3,2,4,1823.5022601
20212,1129001558,4,2,2,0,0,0,4,0,0,0,0,0,2,0,0,0,0,0,2,0,0,4102.41936634
20212,1129001561,2,1,1,0,0,0,1,0,1,0,0,0,0,0,1,0,0,0,1,0,0,1632.12625983
20212,1129001564,2,1,1,0,0,0,1,0,1,0,0,0,0,0,1,0,0,0,1,0,0,13747.5201953
20212,1129001566,8,5,3,0,1,0,2,3,2,0,0,0,2,2,1,0,1,0,0,1,1,2783.57534131
20212,1129001567,3,0,3,0,1,0,0,2,0,0,0,0,0,0,0,0,1,0,0,2,0,10023.0335707
20212,1129001568,24,14,10,0,2,6,2,7,7,0,0,2,2,5,5,0,2,4,0,2,2,4343.0355389
20212,1129001569,26,13,13,0,3,5,8,5,5,0,1,2,4,2,4,0,2,3,4,3,1,14381.065832
20212,1129001570,13,10,3,0,0,3,2,5,3,0,0,3,1,3,3,0,0,0,1,2,0,1730.01425553
20212,1129001571,432,90,342,1,41,96,188,103,3,0,11,40,30,7,2,1,30,56,158,96,1,3964.85927945
20212,1129001572,362,112,250,0,18,131,177,24,12,0,6,34,48,12,12,0,12,97,129,12,0,8056.7275957
20212,1129001573,5,4,1,0,0,3,0,1,1,0,0,2,0,1,1,0,0,1,0,0,0,3278.67060907
20212,1129001574,14,9,5,0,2,3,6,2,1,0,1,2,3,2,1,0,1,1,3,0,0,5029.25642128
20212,1129001575,45,16,29,0,8,7,8,14,8,0,3,3,0,6,4,0,5,4,8,8,4,8008.16925497
20212,1129001576,20,13,7,0,2,6,6,5,1,0,2,3,5,3,0,0,0,3,1,2,1,2056.06663506
20212,1129001577,59,11,48,0,11,11,6,29,2,0,2,4,5,0,0,0,9,7,1,29,2,4200.93537208
20212,1129001578,122,88,34,0,3,13,50,42,14,0,0,11,38,31,8,0,3,2,12,11,6,5359.15774984
20212,1129001580,12,1,11,0,1,2,2,3,4,0,0,0,0,0,1,0,1,2,2,3,3,2692.58656665
20212,1129001581,16,6,10,0,1,3,4,4,4,0,0,0,2,1,3,0,1,3,2,3,1,5943.67095631
20212,1129001582,5,1,4,0,2,0,1,1,1,0,1,0,0,0,0,0,1,0,1,1,1,3755.61358973
20212,1129001583,188,60,128,0,40,88,41,12,7,0,9,26,16,4,5,0,31,62,25,8,2,2705.58063208
20212,1129001584,682,558,124,3,110,218,218,92,41,3,79,184,190,69,33,0,31,34,28,23,8,12585.539396
20212,1129001585,62,15,47,0,4,22,21,13,2,0,0,7,3,4,1,0,4,15,18,9,1,18159.6794215
20212,1129001586,236,75,161,0,33,30,40,49,84,0,11,13,13,11,27,0,22,17,27,38,57,6965.9160308
20212,1129001588,23,9,14,0,4,5,5,6,3,0,2,0,2,2,3,0,2,5,3,4,0,28616.6529241
20212,1129001589,9,5,4,0,1,1,3,4,0,0,0,1,1,3,0,0,1,0,2,1,0,2947.70634045
20212,1129001590,27,17,10,1,2,9,7,6,2,0,2,6,4,4,1,1,0,3,3,2,1,4798.23307808
20212,1129001591,21,10,11,0,5,3,6,4,3,0,1,2,3,2,2,0,4,1,3,2,1,2138.14774143
20212,1129001595,16,12,4,0,0,7,1,6,2,0,0,5,0,5,2,0,0,2,1,1,0,1784.00920877
20212,1129001602,6,5,1,0,0,0,1,3,2,0,0,0,1,2,2,0,0,0,0,1,0,2389.19628428
20212,1129001604,7,2,5,0,2,0,3,2,0,0,1,0,0,1,0,0,1,0,3,1,0,13313.163929
20212,1129001607,60,51,9,0,1,11,10,24,14,0,1,5,9,23,13,0,0,6,1,1,1,7635.27289405
20212,1129001610,53,30,23,0,4,21,12,4,12,0,1,13,5,4,7,0,3,8,7,0,5,23111.2737032
20212,1129001611,19,18,1,0,6,5,2,3,3,0,6,5,2,3,2,0,0,0,0,0,1,9148.49375224
20212,1129001612,2,2,0,0,0,0,1,1,0,0,0,0,1,1,0,0,0,0,0,0,0,3095.44501609
20212,1129001616,124,24,100,0,14,20,35,50,5,0,7,4,7,5,1,0,7,16,28,45,4,8470.10363357
20212,1129001617,42,23,19,0,6,9,18,1,8,0,1,3,12,0,7,0,5,6,6,1,1,14624.148448
20212,1129001618,24,18,6,0,6,5,8,4,1,0,4,3,6,4,1,0,2,2,2,0,0,6027.49492595
20212,1129001619,3,1,2,0,0,2,0,0,1,0,0,0,0,0,1,0,0,2,0,0,0,1286.20306618
20212,1129001620,4,3,1,0,0,0,1,3,0,0,0,0,1,2,0,0,0,0,0,1,0,3699.48213505
20212,1129001624,1,1,0,0,0,0,1,0,0,0,0,0,1,0,0,0,0,0,0,0,0,1939.28228487
20212,1129001628,9,6,3,0,1,1,2,2,3,0,0,1,2,1,2,0,1,0,0,1,1,2708.79202984
20212,1129001629,8,8,0,0,2,0,4,1,1,0,2,0,4,1,1,0,0,0,0,0,0,3474.47241604
20212,1129001631,2,1,1,0,0,0,0,1,1,0,0,0,0,1,0,0,0,0,0,0,1,2526.9182402
20212,1129001640,2,2,0,0,0,0,0,2,0,0,0,0,0,2,0,0,0,0,0,0,0,6906.31589345
20212,1129001644,62,42,20,0,1,11,18,24,8,0,0,5,13,18,6,0,1,6,5,6,2,17096.9992394
20212,1129001645,6,2,4,0,0,1,1,0,4,0,0,0,1,0,1,0,0,1,0,0,3,1706.17310916
20212,1129001646,15,10,5,0,1,2,3,4,5,0,1,1,3,2,3,0,0,1,0,2,2,7776.28594244
20212,1129001649,6,3,3,0,1,1,0,2,2,0,1,0,0,1,1,0,0,1,0,1,1,3571.2929428
20212,1129001652,59,54,5,0,4,7,31,16,1,0,4,5,28,16,1,0,0,2,3,0,0,11076.9615897
20212,1129001653,1,1,0,0,0,0,0,0,1,0,0,0,0,0,1,0,0,0,0,0,0,531.4830948
20212,1129001657,20,12,8,0,3,1,4,6,6,0,1,1,1,4,5,0,2,0,3,2,1,7318.72766697
20212,1129001659,117,110,7,0,23,26,40,21,7,0,19,24,39,21,7,0,4,2,1,0,0,4489.0919205
20212,1129001660,2,0,2,0,0,0,0,1,1,0,0,0,0,0,0,0,0,0,0,1,1,1786.09024829
20212,1129001661,3,2,1,0,1,1,0,1,0,0,0,1,0,1,0,0,1,0,0,0,0,4540.41539848
20212,1129001663,3,1,2,0,1,0,0,2,0,0,0,0,0,1,0,0,1,0,0,1,0,2767.61504058
20212,1129001666,35,4,31,0,7,11,10,7,0,0,0,1,2,1,0,0,7,10,8,6,0,13506.0754743
20212,1129001668,20,11,9,0,1,4,5,2,8,0,0,2,4,1,4,0,1,2,1,1,4,8051.24339719
20212,1129001669,3,2,1,0,1,0,0,1,1,0,1,0,0,0,1,0,0,0,0,1,0,4217.65010909
20212,1129001670,2,1,1,0,0,0,1,1,0,0,0,0,0,1,0,0,0,0,1,0,0,4432.79953572
20212,1129001673,107,36,71,0,5,23,47,26,6,0,1,5,15,11,4,0,4,18,32,15,2,42048.6372977
20212,1129001674,6,5,1,0,0,1,0,5,0,0,0,1,0,4,0,0,0,0,0,1,0,5319.85616062
20212,1129001675,8,4,4,0,1,5,1,1,0,0,0,4,0,0,0,0,1,1,1,1,0,4405.43144491
20212,1129001677,5,3,2,0,0,1,2,1,1,0,0,1,1,1,0,0,0,0,1,0,1,18777.2333451
20212,1129001678,253,207,46,5,27,75,82,40,24,1,11,70,74,34,17,4,16,5,8,6,7,31709.101242
20212,1129001680,275,110,165,0,46,115,62,31,21,0,12,37,35,12,14,0,34,78,27,19,7,31423.9957706
20212,1129001681,159,124,35,6,42,59,35,11,6,6,36,54,23,5,0,0,6,5,12,6,6,4056.36903134
20212,1129001683,56,29,27,0,4,9,16,19,8,0,2,2,6,13,6,0,2,7,10,6,2,57347.5502962
20212,1129001685,31,17,14,0,6,10,9,4,2,0,4,8,4,0,1,0,2,2,5,4,1,9737.43556297
20212,1129001686,292,231,61,0,42,76,122,35,17,0,24,64,106,28,9,0,18,12,16,7,8,11872.4971689
20212,1129001687,15,3,12,0,6,3,2,3,1,0,0,0,0,2,1,0,6,3,2,1,0,6060.75766147
20212,1129001691,34,26,8,0,4,6,12,5,7,0,2,4,9,5,6,0,2,2,3,0,1,3565.23037215
20212,1129001695,29,10,19,0,3,2,7,8,9,0,2,2,4,1,1,0,1,0,3,7,8,9635.54196006
20212,1129001696,8,5,3,0,0,0,3,4,1,0,0,0,2,2,1,0,0,0,1,2,0,21940.0663842
20212,1129001697,287,166,121,3,123,71,40,34,16,0,56,46,29,24,11,3,67,25,11,10,5,3701.5317609
20212,1129001698,113,56,57,0,14,35,33,25,6,0,4,14,13,20,5,0,10,21,20,5,1,36366.1105139
20212,1129001699,203,155,48,0,19,62,53,60,9,0,13,46,43,45,8,0,6,16,10,15,1,18370.718007
20212,1129001701,55,33,22,0,9,10,11,13,12,0,5,7,7,7,7,0,4,3,4,6,5,14579.7433132
20212,1129001706,10,4,6,0,2,1,1,2,4,0,0,0,0,1,3,0,2,1,1,1,1,8823.65887523
20212,1129001707,100,41,59,0,17,42,34,5,2,0,5,12,20,2,2,0,12,30,14,3,0,2298.36418357
20212,1129001710,7,3,4,0,1,0,4,0,2,0,0,0,1,0,2,0,1,0,3,0,0,9280.69115543
20212,1129001711,1,1,0,0,0,0,0,0,1,0,0,0,0,0,1,0,0,0,0,0,0,3813.48944324
20212,1129001712,389,264,125,3,93,154,89,33,17,0,50,111,61,26,16,3,43,43,28,7,1,50964.5354988
20212,1129001713,7,6,1,0,0,0,3,2,2,0,0,0,2,2,2,0,0,0,1,0,0,15040.4546882
20212,1129001714,2,1,1,0,0,0,1,1,0,0,0,0,1,0,0,0,0,0,0,1,0,61113.2339719
20212,1129001717,5,3,2,0,0,0,3,1,1,0,0,0,2,0,1,0,0,0,1,1,0,2859.45799565
20212,1129001718,20,20,0,0,1,2,4,10,3,0,1,2,4,10,3,0,0,0,0,0,0,5182.60388761
20212,1129001720,113,81,32,0,9,24,27,35,18,0,3,17,20,25,16,0,6,7,7,10,2,14588.5181186
20212,1129001721,2,2,0,0,0,1,0,0,1,0,0,1,0,0,1,0,0,0,0,0,0,35726.6010143
20212,1129001722,115,50,65,3,39,21,21,23,8,1,20,10,12,6,1,2,19,11,9,17,7,208944.212216
20212,1129001723,1007,400,607,4,392,409,176,22,4,1,168,178,43,6,4,3,224,231,133,16,0,17351.2547931
20212,1129001725,115,105,10,0,14,26,36,30,9,0,11,24,33,29,8,0,3,2,3,1,1,3211.27340679
20212,1129001727,60,37,23,0,16,23,16,4,1,0,10,15,9,3,0,0,6,8,7,1,1,11404.1999449
20212,1129001728,122,113,9,0,0,3,13,52,54,0,0,1,11,49,52,0,0,2,2,3,2,10298.3745181
20212,1129001729,39,21,18,0,9,8,16,5,1,0,1,3,13,4,0,0,8,5,3,1,1,14429.3177552
20212,1129001731,352,338,14,0,36,100,101,105,10,0,32,96,96,105,9,0,4,4,5,0,1,15322.0620527
20212,1129001732,22,14,8,0,3,5,4,8,2,0,3,4,2,4,1,0,0,1,2,4,1,7008.62593422
20212,1129001733,507,385,122,1,154,156,83,102,11,0,74,127,72,102,10,1,80,29,11,0,1,14141.332928
20212,1129001734,11,5,6,0,4,1,2,2,2,0,1,1,1,1,1,0,3,0,1,1,1,16218.749889
20212,1129001735,2,1,1,0,1,0,1,0,0,0,0,0,1,0,0,0,1,0,0,0,0,3143.56685703
20212,1129001736,888,751,137,0,105,305,278,187,13,0,54,259,248,178,12,0,51,46,30,9,1,20885.5474179
20212,1129001737,4,4,0,0,0,1,2,0,1,0,0,1,2,0,1,0,0,0,0,0,0,6677.97298018
20212,1129001738,12087,11233,854,5,892,2435,3701,4847,207,0,725,2094,3516,4751,147,5,167,341,185,96,60,36702.3474634
20212,1129001739,61,36,25,0,1,19,25,12,4,0,0,11,11,10,4,0,1,8,14,2,0,3342.16520041
20212,1129001740,7,4,3,0,0,2,3,1,1,0,0,1,2,1,0,0,0,1,1,0,1,11136.2202808
20212,1129001741,19,8,11,1,5,1,7,3,2,0,4,0,3,0,1,1,1,1,4,3,1,14491.8325383
20212,1129001742,82,45,37,0,8,18,22,15,19,0,4,7,10,10,14,0,4,11,12,5,5,59407.2168511
20212,1129001743,35,22,13,0,7,11,9,6,2,0,5,7,6,3,1,0,2,4,3,3,1,45676.2336692
20212,1129001744,277,230,47,1,36,85,92,55,8,0,23,60,87,53,7,1,13,25,5,2,1,4252.37959544
20212,1129001747,554,197,357,0,114,176,203,59,2,0,31,48,81,35,2,0,83,128,122,24,0,62215.1849167
20212,1129001748,22,18,4,0,1,4,5,8,4,0,0,4,3,8,3,0,1,0,2,0,1,13250.2462508
20212,1129001750,62,55,7,1,3,5,11,21,21,1,2,4,10,19,19,0,1,1,1,2,2,4991.29551256
20212,1129001752,268,138,130,2,94,38,39,37,58,0,42,19,26,18,33,2,52,19,13,19,25,32129.1420407
20212,1129001754,37,21,16,0,4,9,13,5,6,0,3,6,4,2,6,0,1,3,9,3,0,56238.503021
20212,1129001755,8,5,3,0,0,3,1,1,3,0,0,2,1,1,1,0,0,1,0,0,2,15866.9890591
20212,1129001757,971,449,522,0,262,307,224,139,39,0,77,122,129,93,28,0,185,185,95,46,11,115183.835906
20212,1129001758,9,6,3,0,0,2,1,1,5,0,0,1,0,0,5,0,0,1,1,1,0,461704.104484
20212,1129001759,21,9,12,0,4,6,7,3,1,0,0,2,3,3,1,0,4,4,4,0,0,127972.990805
20212,1129001760,12,5,7,0,0,2,5,3,2,0,0,0,1,2,2,0,0,2,4,1,0,173578.137983
20212,1129001762,81,60,21,0,9,13,26,17,16,0,6,10,17,13,14,0,3,3,9,4,2,3792.49172069
20212,1129001763,38,19,19,0,7,9,11,9,2,0,2,5,5,6,1,0,5,4,6,3,1,3685.11917834
20212,1129001765,89,64,25,0,7,10,25,24,23,0,2,6,19,20,17,0,5,4,6,4,6,3195.51657621
20212,1129001766,84,69,15,0,11,13,23,28,9,0,7,10,20,23,9,0,4,3,3,5,0,2626.50736881
20212,1129001767,4,3,1,0,1,0,0,0,3,0,0,0,0,0,3,0,1,0,0,0,0,2362.44833114
20212,1129001769,7,5,2,0,0,0,1,4,2,0,0,0,0,3,2,0,0,0,1,1,0,7690.69074465
20212,1129001771,28,18,10,0,1,5,12,7,3,0,1,2,6,6,3,0,0,3,6,1,0,5002.07761172
20212,1129001772,2,2,0,0,0,0,0,1,1,0,0,0,0,1,1,0,0,0,0,0,0,5441.09988607
20212,1129001775,22,17,5,0,7,10,2,1,2,0,5,9,2,1,0,0,2,1,0,0,2,4574.31319467
20212,1129001777,676,506,170,3,121,184,150,147,71,3,79,140,120,117,47,0,42,44,30,30,24,5672.70743044
20212,1129001780,39,24,15,0,2,13,9,10,5,0,1,11,4,4,4,0,1,2,5,6,1,12966.6739742
20212,1129001781,49,27,22,1,13,11,10,11,3,0,5,6,9,4,3,1,8,5,1,7,0,679.953867576
20212,1129001782,301,249,52,1,33,90,111,66,0,0,26,81,91,51,0,1,7,9,20,15,0,5627.30439485
20212,1129001787,5,2,3,0,0,2,0,2,1,0,0,1,0,0,1,0,0,1,0,2,0,1932.05015884
20212,1129001790,2,2,0,0,0,0,2,0,0,0,0,0,2,0,0,0,0,0,0,0,0,953.419858708
20212,1129001791,23,13,10,0,12,9,1,1,0,0,6,6,1,0,0,0,6,3,0,1,0,5521.52808952
20212,1129001792,4,2,2,0,0,0,1,3,0,0,0,0,0,2,0,0,0,0,1,1,0,6575.87772822
20212,1129001793,8,4,4,0,0,1,0,3,4,0,0,1,0,0,3,0,0,0,0,3,1,1556.47288448
20212,1129001796,2,1,1,0,0,0,0,2,0,0,0,0,0,1,0,0,0,0,0,1,0,5927.95159607
20212,1129001797,3,3,0,0,0,0,0,3,0,0,0,0,0,3,0,0,0,0,0,0,0,3749.07707306
20212,1129001798,4,2,2,0,0,0,2,0,2,0,0,0,2,0,0,0,0,0,0,0,2,2491.22563213
20212,1129001799,7,1,6,0,3,3,0,0,1,0,1,0,0,0,0,0,2,3,0,0,1,3497.66272857
20212,1129001800,22,6,16,1,10,7,2,0,2,0,0,3,2,0,1,1,10,4,0,0,1,2929.06750307
20212,1129001802,5,4,1,0,0,1,2,2,0,0,0,1,1,2,0,0,0,0,1,0,0,1957.18080496
20212,1129001803,10,1,9,0,2,5,2,0,1,0,0,1,0,0,0,0,2,4,2,0,1,3701.79853524
20212,1129001805,173,162,11,0,3,13,17,56,84,0,2,10,15,54,81,0,1,3,2,2,3,7603.20550094
20212,1129001806,6,5,1,0,0,1,0,3,2,0,0,1,0,3,1,0,0,0,0,0,1,6103.56689588
20212,1129001809,393,366,27,0,18,51,87,144,93,0,15,49,81,132,89,0,3,2,6,12,4,4015.54869065
20212,1129001811,3,1,2,0,0,1,1,0,1,0,0,0,0,0,1,0,0,1,1,0,0,4013.3108732
20212,1129001813,1027,535,492,0,91,342,397,191,6,0,29,148,235,117,6,0,62,194,162,74,0,1236.84460347
20212,1129001817,15,9,6,0,0,4,3,1,7,0,0,1,2,0,6,0,0,3,1,1,1,4900.68402436
20212,1129001819,70,66,4,0,3,0,9,33,25,0,1,0,8,33,24,0,2,0,1,0,1,2866.42817973
20212,1129001821,437,335,102,1,126,198,91,17,4,0,86,158,76,13,2,1,40,40,15,4,2,6101.43159287
20212,1129001822,121,44,77,0,27,24,36,19,15,0,10,8,10,10,6,0,17,16,26,9,9,3977.64529884
20212,1129001823,12,7,5,0,0,0,1,3,8,0,0,0,1,0,6,0,0,0,0,3,2,9128.55318805
20212,1129001824,16,9,7,0,4,4,3,2,3,0,3,2,2,0,2,0,1,2,1,2,1,8815.50505784
20212,1129001826,7,6,1,0,3,3,1,0,0,0,2,3,1,0,0,0,1,0,0,0,0,1169.4131382
20212,1129001831,24,19,5,0,3,4,9,5,3,0,2,2,8,4,3,0,1,2,1,1,0,3705.6866103
20212,1129001834,2,1,1,0,0,1,1,0,0,0,0,0,1,0,0,0,0,1,0,0,0,1737.95598376
20212,1129001837,5,2,3,0,0,0,2,1,2,0,0,0,0,0,2,0,0,0,2,1,0,4200.31347075
20212,1129001838,20,0,20,0,9,2,4,5,0,0,0,0,0,0,0,0,9,2,4,5,0,1605.0396624
20212,1129001839,2,1,1,0,0,0,1,1,0,0,0,0,0,1,0,0,0,0,1,0,0,2216.78679614
20212,1129001843,16,5,11,1,3,4,2,4,2,0,0,1,2,1,1,1,3,3,0,3,1,6201.15364473
20212,1129001844,8,1,7,0,1,2,1,0,4,0,0,0,0,0,1,0,1,2,1,0,3,1180.56938563
20212,1129001845,6,2,4,0,2,1,1,0,2,0,0,1,0,0,1,0,2,0,1,0,1,1469.88884095
20212,1129001846,2,2,0,0,0,0,1,0,1,0,0,0,1,0,1,0,0,0,0,0,0,4253.98061194
20212,1129001847,10,9,1,0,2,5,3,0,0,0,2,4,3,0,0,0,0,1,0,0,0,3085.97983842
20212,1129001849,5,2,3,0,1,0,1,3,0,0,1,0,0,1,0,0,0,0,1,2,0,1774.29074096
20212,1129001852,14,2,12,0,1,3,7,2,1,0,0,0,1,1,0,0,1,3,6,1,1,5600.35205905
20212,1129001854,28,7,21,0,12,9,5,1,1,0,0,2,3,1,1,0,12,7,2,0,0,2237.60939737
20212,1129001855,3,1,2,0,1,1,0,1,0,0,0,0,0,1,0,0,1,1,0,0,0,2625.55521993
20212,1129001856,11,8,3,0,0,3,5,3,0,0,0,3,3,2,0,0,0,0,2,1,0,2524.69968364
20212,1129001857,12,6,6,0,0,6,3,2,1,0,0,2,1,2,1,0,0,4,2,0,0,1269.0379333
20212,1129001858,9,6,3,0,0,1,2,1,5,0,0,1,0,1,4,0,0,0,2,0,1,2440.06803089
20212,1129001859,4,2,2,0,0,1,1,2,0,0,0,1,0,1,0,0,0,0,1,1,0,1274.74125263
20212,1129001862,22,11,11,0,3,3,6,5,5,0,0,2,3,3,3,0,3,1,3,2,2,1344.83088156
20212,1129001864,15,7,8,0,5,2,0,2,6,0,1,1,0,1,4,0,4,1,0,1,2,4159.64299935
20212,1129001865,13,10,3,0,1,5,2,4,1,0,0,4,2,3,1,0,1,1,0,1,0,5431.32381959
20212,1129001866,9,5,4,0,0,1,5,3,0,0,0,1,1,3,0,0,0,0,4,0,0,1978.40387727
20212,1129001868,6,4,2,0,1,4,0,0,1,0,0,3,0,0,1,0,1,1,0,0,0,2023.40280659
20212,1129001869,17,11,6,0,0,2,7,5,3,0,0,1,3,4,3,0,0,1,4,1,0,1213.87136607
20212,1129001871,20,6,14,0,4,3,6,7,0,0,0,2,0,4,0,0,4,1,6,3,0,5937.41628291
20212,1129001872,81,44,37,0,6,10,25,30,10,0,4,7,12,16,5,0,2,3,13,14,5,4385.11483318
20212,1129001873,17,10,7,0,0,2,9,3,3,0,0,2,5,0,3,0,0,0,4,3,0,6423.12726131
20212,1129001874,3,1,2,0,0,0,3,0,0,0,0,0,1,0,0,0,0,0,2,0,0,3041.35607503
20212,1129001877,24,17,7,0,1,2,11,5,5,0,1,1,8,3,4,0,0,1,3,2,1,2379.96039316
20212,1129001880,88,32,56,0,11,17,22,17,21,0,6,5,2,8,11,0,5,12,20,9,10,11745.6973191
20212,1129001882,7,5,2,0,0,0,1,6,0,0,0,0,0,5,0,0,0,0,1,1,0,2567.74991221
20212,1129001885,15,9,6,0,5,5,2,3,0,0,4,1,2,2,0,0,1,4,0,1,0,4631.45059836
20212,1129001890,2,2,0,0,0,0,2,0,0,0,0,0,2,0,0,0,0,0,0,0,0,1215.75226458
20212,1129001892,5,1,4,0,0,0,0,4,1,0,0,0,0,1,0,0,0,0,0,3,1,4712.9194268
20212,1129001893,7,6,1,0,2,1,3,0,1,0,2,1,3,0,0,0,0,0,0,0,1,4072.76141789
20212,1129001894,11,5,6,0,5,3,2,0,1,0,0,2,2,0,1,0,5,1,0,0,0,5014.25878933
20212,1129001895,20,4,16,0,1,0,5,12,2,0,0,0,0,3,1,0,1,0,5,9,1,4594.51232741
20212,1129001900,2,2,0,0,0,0,1,0,1,0,0,0,1,0,1,0,0,0,0,0,0,1438.37091732
20212,1129001902,6,4,2,0,1,1,0,0,4,0,1,1,0,0,2,0,0,0,0,0,2,2446.56008202
20212,1129001905,73,25,48,0,14,19,20,12,8,0,5,4,6,5,5,0,9,15,14,7,3,76031.7400242
20212,1129001908,9,3,6,0,1,2,4,1,1,0,0,1,1,0,1,0,1,1,3,1,0,2639.12239581
20212,1129001910,10,5,5,0,0,5,3,2,0,0,0,2,1,2,0,0,0,3,2,0,0,3448.69916309
20212,1129001911,9,3,6,0,0,0,6,2,1,0,0,0,3,0,0,0,0,0,3,2,1,4654.39745712
20212,1129001912,5,4,1,0,0,1,0,2,2,0,0,1,0,2,1,0,0,0,0,0,1,1587.62560515
20212,1129001913,4,4,0,0,0,1,0,2,1,0,0,1,0,2,1,0,0,0,0,0,0,1322.62881485
20212,1129001919,3,1,2,0,0,3,0,0,0,0,0,1,0,0,0,0,0,2,0,0,0,1226.92166334
20212,1129001921,1,0,1,0,0,1,0,0,0,0,0,0,0,0,0,0,0,1,0,0,0,1330.40119407
20212,1129001923,128,38,90,0,10,24,53,30,11,0,4,5,15,9,5,0,6,19,38,21,6,3420.0104574
20212,1129001932,3,0,3,0,1,0,0,2,0,0,0,0,0,0,0,0,1,0,0,2,0,2467.5735448
20212,1129001936,3,2,1,0,0,0,0,3,0,0,0,0,0,2,0,0,0,0,0,1,0,9166.11253513
20212,1129001941,46,12,34,0,16,13,7,8,2,0,4,4,3,0,1,0,12,9,4,8,1,9370.09863927
20212,1129001942,26,12,14,0,18,3,3,2,0,0,7,2,1,2,0,0,11,1,2,0,0,437947.697653
20212,1129001945,2,2,0,0,0,0,0,1,1,0,0,0,0,1,1,0,0,0,0,0,0,1967.90878546
20212,1129001946,6,6,0,0,0,3,3,0,0,0,0,3,3,0,0,0,0,0,0,0,0,1541.27775852
20212,1129001947,2,1,1,0,0,1,0,0,1,0,0,0,0,0,1,0,0,1,0,0,0,7388.18419486
20212,1129001948,44,12,32,0,5,1,14,17,7,0,1,1,2,3,5,0,4,0,12,14,2,16156.7338016
20212,1129001950,7,5,2,0,0,4,2,1,0,0,0,2,2,1,0,0,0,2,0,0,0,3221.76775899
20212,1129001953,6,4,2,0,0,0,3,3,0,0,0,0,2,2,0,0,0,0,1,1,0,9974.66027638
20212,1129001954,17,4,13,0,4,3,7,2,1,0,0,1,2,0,1,0,4,2,5,2,0,6849.4671825
20212,1129001955,56,37,19,0,11,16,13,11,5,0,8,11,9,6,3,0,3,5,4,5,2,3092.29561786
20212,1129001959,5,4,1,0,0,0,2,3,0,0,0,0,1,3,0,0,0,0,1,0,0,3289.24841544
20212,1129001960,2,2,0,0,0,0,1,1,0,0,0,0,1,1,0,0,0,0,0,0,0,1295.03307299
20212,1129001962,6,5,1,0,1,1,2,0,2,0,1,1,1,0,2,0,0,0,1,0,0,1859.69998736
20212,1129001964,243,154,89,2,21,47,70,68,35,2,16,28,39,47,22,0,5,19,31,21,13,4677.16547515
20212,1129001967,40,38,2,0,0,3,7,26,4,0,0,3,6,26,3,0,0,0,1,0,1,2753.5521339
20212,1129001968,155,134,21,0,4,8,23,64,56,0,1,7,16,58,52,0,3,1,7,6,4,1484.80235144
20212,1129001970,989,763,226,0,20,25,102,137,705,0,17,19,68,110,549,0,3,6,34,27,156,10142.1060422
20212,1129001981,8,8,0,0,0,1,6,1,0,0,0,1,6,1,0,0,0,0,0,0,0,1991.0859651
20212,1129001983,2,2,0,0,0,0,1,0,1,0,0,0,1,0,1,0,0,0,0,0,0,3496.91527157
20212,1129001986,11,0,11,0,1,3,4,1,2,0,0,0,0,0,0,0,1,3,4,1,2,1822.66614489
20212,1129001997,48,37,11,0,9,3,4,23,9,0,5,2,2,21,7,0,4,1,2,2,2,6168.94218231
20212,1129002002,1,1,0,0,0,0,0,1,0,0,0,0,0,1,0,0,0,0,0,0,0,3881.52250267
20212,1129002003,4,2,2,0,0,0,1,2,1,0,0,0,0,1,1,0,0,0,1,1,0,1632.91902632
20212,1129002007,9,2,7,0,2,1,5,1,0,0,0,0,1,1,0,0,2,1,4,0,0,4233.0347951
20212,1129002009,3,2,1,0,0,0,2,1,0,0,0,0,1,1,0,0,0,0,1,0,0,2124.45724996
20212,1129002012,15,4,11,0,0,0,3,11,1,0,0,0,1,2,1,0,0,0,2,9,0,1507.14214812
20212,1129002016,24,11,13,0,5,5,7,4,3,0,0,3,5,2,1,0,5,2,2,2,2,3779.15199954
20212,1129002021,8,6,2,0,0,4,2,2,0,0,0,4,0,2,0,0,0,0,2,0,0,1576.48788212
20212,1129002022,4,2,2,0,1,0,2,0,1,0,0,0,1,0,1,0,1,0,1,0,0,4191.55035887
20212,1129002023,116,57,59,0,21,31,27,22,15,0,8,13,11,14,11,0,13,18,16,8,4,11480.5519753
20212,1129002039,2,2,0,0,1,0,0,1,0,0,1,0,0,1,0,0,0,0,0,0,0,1334.84037769
20212,1129002043,3,3,0,0,0,0,0,1,2,0,0,0,0,1,2,0,0,0,0,0,0,1435.64434277
20212,1129002046,58,14,44,0,0,4,13,18,23,0,0,4,4,4,2,0,0,0,9,14,21,8749.50762102
20212,1129002047,2,1,1,0,0,0,1,1,0,0,0,0,1,0,0,0,0,0,0,1,0,3870.47638498
20212,1129002048,5,3,2,0,0,1,1,2,1,0,0,0,1,2,0,0,0,1,0,0,1,1443.41986327
20212,1129002049,11,10,1,0,0,2,3,4,2,0,0,2,2,4,2,0,0,0,1,0,0,1672.3509793
20212,1129002053,21,5,16,0,2,10,4,5,0,0,0,5,0,0,0,0,2,5,4,5,0,1894.38440958
20212,1129002059,84,61,23,1,11,22,35,11,4,1,6,19,30,5,0,0,5,3,5,6,4,4709.91195331
20212,1129002060,13,6,7,0,6,3,2,2,0,0,2,1,1,2,0,0,4,2,1,0,0,1810.84668155
20212,1129002068,3,1,2,0,0,0,3,0,0,0,0,0,1,0,0,0,0,0,2,0,0,2267.13034229
20212,1129002072,3,3,0,0,0,0,0,2,1,0,0,0,0,2,1,0,0,0,0,0,0,1338.37583629
20212,1129002077,13,4,9,0,7,2,2,1,1,0,0,1,2,0,1,0,7,1,0,1,0,1355.91522144
20212,1129002080,10,0,10,0,1,3,3,2,1,0,0,0,0,0,0,0,1,3,3,2,1,2501.95897082
20212,1129002083,3,0,3,0,1,2,0,0,0,0,0,0,0,0,0,0,1,2,0,0,0,2980.77335471
20212,1129002084,179,29,150,0,34,58,48,38,1,0,3,8,9,9,0,0,31,50,39,29,1,13593.4671353
20212,1129002086,5,4,1,0,0,0,1,3,1,0,0,0,1,2,1,0,0,0,0,1,0,5751.88011396
20212,1129002087,10,0,10,0,1,3,4,2,0,0,0,0,0,0,0,0,1,3,4,2,0,1676.80587636
20212,1129002090,6,5,1,0,0,2,1,3,0,0,0,2,1,2,0,0,0,0,0,1,0,1737.84172402
20212,1129002091,4,3,1,0,0,0,0,3,1,0,0,0,0,2,1,0,0,0,0,1,0,3879.23639159
20212,1129002093,7,5,2,0,1,1,3,2,0,0,1,1,2,1,0,0,0,0,1,1,0,1683.362008
20212,1129002094,2,1,1,0,0,1,1,0,0,0,0,1,0,0,0,0,0,0,1,0,0,2410.06826046
20212,1129002105,3,2,1,0,0,1,2,0,0,0,0,1,1,0,0,0,0,0,1,0,0,2036.80540496
20212,1129002107,11,4,7,0,0,4,4,2,1,0,0,0,2,1,1,0,0,4,2,1,0,4800.9954326
20212,1129002118,2,1,1,0,0,2,0,0,0,0,0,1,0,0,0,0,0,1,0,0,0,2098.21971208
20212,1129002124,5,2,3,0,0,1,0,2,2,0,0,1,0,0,1,0,0,0,0,2,1,2433.43492417
20212,1129002126,173,72,101,0,14,29,53,27,50,0,4,10,28,12,18,0,10,19,25,15,32,2709.43073191
20212,1129002128,10,1,9,0,1,0,2,6,1,0,0,0,0,0,1,0,1,0,2,6,0,3326.39011218
20212,1129002138,1,1,0,0,0,0,1,0,0,0,0,0,1,0,0,0,0,0,0,0,0,533.733970255
20212,1129002154,54,15,39,1,10,21,16,3,3,1,2,5,6,1,0,0,8,16,10,2,3,5325.53662008
20212,1129002156,35,9,26,0,3,5,4,5,18,0,0,2,3,1,3,0,3,3,1,4,15,4538.77153372
20212,1129002163,23,5,18,0,6,1,10,6,0,0,0,0,1,4,0,0,6,1,9,2,0,6501.85395217
20212,1129002168,30,13,17,0,3,6,11,4,6,0,0,1,7,0,5,0,3,5,4,4,1,5826.40881998
20212,1129002171,2,0,2,0,0,2,0,0,0,0,0,0,0,0,0,0,0,2,0,0,0,10329.6850449
20212,1129002181,3,3,0,0,0,1,1,0,1,0,0,1,1,0,1,0,0,0,0,0,0,5679.50517494
20212,1129002182,224,140,84,1,30,64,82,29,18,0,17,43,44,21,15,1,13,21,38,8,3,3129.97681504
20212,1129002184,4,2,2,0,0,3,1,0,0,0,0,2,0,0,0,0,0,1,1,0,0,1770.72861873
20212,1129002185,3,2,1,0,1,0,1,1,0,0,1,0,1,0,0,0,0,0,0,1,0,1834.70040303
20212,1129002186,2,1,1,0,0,0,2,0,0,0,0,0,1,0,0,0,0,0,1,0,0,3832.37423793
20212,1129002188,3,2,1,0,0,0,1,2,0,0,0,0,0,2,0,0,0,0,1,0,0,3403.37784519
20212,1129002190,2,2,0,0,0,1,0,1,0,0,0,1,0,1,0,0,0,0,0,0,0,3530.87557737
20212,1129002192,2,2,0,0,0,0,0,2,0,0,0,0,0,2,0,0,0,0,0,0,0,3566.39001961
20212,1129002193,3,2,1,0,0,0,0,2,1,0,0,0,0,1,1,0,0,0,0,1,0,3217.46525943
20212,1129002195,101,69,32,0,11,24,31,13,22,0,6,18,22,10,13,0,5,6,9,3,9,22349.1448746
20212,1129002196,4,2,2,0,1,2,0,1,0,0,0,1,0,1,0,0,1,1,0,0,0,1252.91435252
20212,1129002198,35,22,13,0,1,7,8,9,10,0,1,3,3,7,8,0,0,4,5,2,2,7752.24972337
20212,1129002199,2,1,1,0,0,1,0,1,0,0,0,0,0,1,0,0,0,1,0,0,0,3624.71100486
20212,1129002201,2,1,1,0,0,0,0,0,2,0,0,0,0,0,1,0,0,0,0,0,1,2906.53584558
20212,1129002203,36,32,4,0,4,3,11,12,6,0,4,2,9,11,6,0,0,1,2,1,0,4622.10989553
20212,1129002204,7,4,3,0,1,3,2,0,1,0,0,1,2,0,1,0,1,2,0,0,0,8681.19333025
20212,1129002205,6,0,6,0,1,2,0,3,0,0,0,0,0,0,0,0,1,2,0,3,0,8030.38680177
20212,1129002207,23,12,11,0,1,6,3,6,7,0,0,3,1,2,6,0,1,3,2,4,1,4035.81071771
20212,1129002208,332,173,159,0,32,101,104,63,32,0,12,50,64,28,19,0,20,51,40,35,13,10145.1995628
20212,1129002209,5,0,5,0,0,2,1,1,1,0,0,0,0,0,0,0,0,2,1,1,1,1273.98623352
20212,1129002210,38,15,23,0,7,8,9,7,7,0,2,3,2,3,5,0,5,5,7,4,2,8120.09588535
20212,1129002211,21,9,12,0,0,1,5,8,7,0,0,1,1,3,4,0,0,0,4,5,3,4500.74404008
20212,1129002212,65,35,30,0,5,14,13,16,17,0,2,9,6,11,7,0,3,5,7,5,10,8957.09524743
20212,1129002213,45,22,23,0,2,7,16,16,4,0,1,3,7,9,2,0,1,4,9,7,2,14995.2650451
20212,1129002214,7,6,1,0,0,1,2,1,3,0,0,1,2,0,3,0,0,0,0,1,0,1731.99791452
20212,1129002215,6,2,4,0,1,0,2,2,1,0,0,0,1,0,1,0,1,0,1,2,0,3440.34008297
20212,1129002218,52,34,18,1,10,13,16,8,4,0,5,9,12,6,2,1,5,4,4,2,2,14864.3252315
20212,1129002219,7,5,2,0,2,1,2,2,0,0,1,1,1,2,0,0,1,0,1,0,0,5857.28448504
20212,1129002221,22,10,12,0,4,6,2,5,5,0,1,1,0,4,4,0,3,5,2,1,1,12600.4196396
20212,1129002223,6,2,4,0,0,0,2,4,0,0,0,0,0,2,0,0,0,0,2,2,0,3021.59637702
20212,1129002225,16,6,10,0,1,4,6,3,2,0,0,1,4,0,1,0,1,3,2,3,1,3273.96716563
20212,1129002229,1627,1166,461,0,310,658,319,221,119,0,169,480,226,177,114,0,141,178,93,44,5,441421.287997
20212,1129002231,26,12,14,0,0,5,13,3,5,0,0,1,6,1,4,0,0,4,7,2,1,5168.98395907
20212,1129002233,3,1,2,0,0,0,1,0,2,0,0,0,0,0,1,0,0,0,1,0,1,3429.18856967
20212,1129002236,9,2,7,0,2,5,2,0,0,0,0,2,0,0,0,0,2,3,2,0,0,5999.12956369
20212,1129002238,5,4,1,0,1,2,2,0,0,0,1,2,1,0,0,0,0,0,1,0,0,8420.20371284
20212,1129002243,17,1,16,0,3,7,4,2,1,0,0,0,0,0,1,0,3,7,4,2,0,169635.383512
20212,1129002244,14,2,12,0,4,2,4,3,1,0,0,0,0,2,0,0,4,2,4,1,1,5380.12712583
20212,1129002245,6,3,3,0,2,1,1,0,2,0,1,1,1,0,0,0,1,0,0,0,2,2074.48980596
20212,1129002248,3,2,1,0,1,0,0,2,0,0,1,0,0,1,0,0,0,0,0,1,0,956.49386295
20212,1129002249,282,263,19,0,7,10,13,15,237,0,6,7,4,12,234,0,1,3,9,3,3,19442.8273689
20212,1129002250,55,19,36,0,26,15,8,4,2,0,5,7,4,1,2,0,21,8,4,3,0,14181.1653138
20212,1129002252,2,2,0,0,0,0,2,0,0,0,0,0,2,0,0,0,0,0,0,0,0,3337.16519792
20212,1129002253,2,2,0,0,0,0,0,2,0,0,0,0,0,2,0,0,0,0,0,0,0,2807.55795774
20212,1129002254,132,97,35,0,5,46,53,24,4,0,1,32,41,20,3,0,4,14,12,4,1,5285.01129929
20212,1129002259,2,1,1,0,0,0,0,1,1,0,0,0,0,0,1,0,0,0,0,1,0,2217.39757024
20212,1129002262,10,1,9,0,0,3,1,2,4,0,0,0,0,0,1,0,0,3,1,2,3,2223.12867025
20212,1129002263,6,4,2,0,0,0,1,4,1,0,0,0,0,4,0,0,0,0,1,0,1,3466.09500634
20212,1129002264,2,0,2,0,0,0,1,0,1,0,0,0,0,0,0,0,0,0,1,0,1,4824.49219195
20212,1129002265,6,1,5,0,0,1,4,1,0,0,0,0,1,0,0,0,0,1,3,1,0,1242.80683928
20212,1129002267,20,5,15,2,12,1,4,0,1,0,2,0,2,0,1,2,10,1,2,0,0,2775.1633575
20212,1129002268,168,57,111,0,37,23,26,55,27,0,13,15,12,11,6,0,24,8,14,44,21,36458.9526739
20212,1129002270,17,10,7,0,4,5,1,5,2,0,4,4,1,0,1,0,0,1,0,5,1,1475.42593303
20212,1129002274,16,1,15,0,5,6,1,1,3,0,0,0,0,0,1,0,5,6,1,1,2,4669.56432472
20212,1129002279,92,31,61,0,9,28,25,27,3,0,5,4,10,9,3,0,4,24,15,18,0,10094.5325662
20212,1129002282,158,116,42,1,28,64,40,15,10,1,22,53,22,9,9,0,6,11,18,6,1,4021.73304909
20212,1129002289,19,5,14,0,4,2,5,8,0,0,1,0,1,3,0,0,3,2,4,5,0,9705.0365792
20212,1129002290,250,137,113,0,7,22,88,97,36,0,0,8,52,54,23,0,7,14,36,43,13,42011.6324016
20212,1129002291,2,1,1,0,0,0,0,2,0,0,0,0,0,1,0,0,0,0,0,1,0,929.497139492
20212,1129002292,9,7,2,0,0,1,3,4,1,0,0,1,2,3,1,0,0,0,1,1,0,3039.09428775
20212,1129002293,6,5,1,0,1,1,3,1,0,0,0,1,3,1,0,0,1,0,0,0,0,2077.61239976
20212,1129002294,7,6,1,0,1,0,4,2,0,0,1,0,4,1,0,0,0,0,0,1,0,8727.81815393
20212,1129002301,2,1,1,0,0,0,0,0,2,0,0,0,0,0,1,0,0,0,0,0,1,1077.75832975
20212,1129002303,19,14,5,0,1,4,8,4,2,0,1,2,6,3,2,0,0,2,2,1,0,1920.66345941
20212,1129002307,26,15,11,0,1,3,8,10,4,0,1,3,5,4,2,0,0,0,3,6,2,13700.153053
20212,1129002313,2,1,1,0,0,1,1,0,0,0,0,0,1,0,0,0,0,1,0,0,0,826.490001464
20212,1129002318,666,429,237,1,166,159,181,111,48,0,91,118,113,64,43,1,75,41,68,47,5,3428.74690881
20212,1129002319,2,0,2,0,0,0,0,0,2,0,0,0,0,0,0,0,0,0,0,0,2,4658.41670517
20212,1129002323,2,1,1,0,0,0,0,2,0,0,0,0,0,1,0,0,0,0,0,1,0,475.323322453
20212,1129002326,1,1,0,0,0,0,0,1,0,0,0,0,0,1,0,0,0,0,0,0,0,2359.65263058
20212,1129002327,6,2,4,0,1,0,3,1,1,0,1,0,1,0,0,0,0,0,2,1,1,2827.66203477
20212,1129002328,10,0,10,0,1,5,2,2,0,0,0,0,0,0,0,0,1,5,2,2,0,80656.4532543
20212,1129002333,14,3,11,0,3,3,5,2,1,0,0,1,2,0,0,0,3,2,3,2,1,3902.50395142
20212,1129002335,19,10,9,0,2,3,4,5,5,0,1,1,3,2,3,0,1,2,1,3,2,4812.48497944
20212,1129002336,69,15,54,0,14,15,20,16,4,0,4,3,2,4,2,0,10,12,18,12,2,11972.4676867
20212,1129002339,3,2,1,0,0,0,0,3,0,0,0,0,0,2,0,0,0,0,0,1,0,2735.23796963
20212,1129002341,13,6,7,0,7,3,2,1,0,0,3,2,1,0,0,0,4,1,1,1,0,1288.63460844
20212,1129002342,13,8,5,0,4,3,5,0,1,0,3,2,2,0,1,0,1,1,3,0,0,1763.56480908
20212,1129002343,1,1,0,0,0,0,1,0,0,0,0,0,1,0,0,0,0,0,0,0,0,760.370671509
20212,1129002345,2,2,0,0,0,2,0,0,0,0,0,2,0,0,0,0,0,0,0,0,0,2031.83967628
20212,1129002347,2,1,1,0,0,1,1,0,0,0,0,0,1,0,0,0,0,1,0,0,0,2901.35365091
20212,1129002355,2,2,0,0,0,0,0,0,2,0,0,0,0,0,2,0,0,0,0,0,0,5650.48804124
20212,1129002357,28,2,26,0,1,2,2,6,17,0,0,1,0,0,1,0,1,1,2,6,16,3529.63067203
20212,1129002361,70,41,29,0,19,16,17,14,4,0,13,11,11,4,2,0,6,5,6,10,2,1643.30826449
20212,1129002362,2,2,0,0,0,0,0,2,0,0,0,0,0,2,0,0,0,0,0,0,0,2039.82799501
20212,1129002369,20,6,14,0,0,2,6,5,7,0,0,1,4,0,1,0,0,1,2,5,6,4270.19633829
20212,1129002370,98,39,59,0,58,26,8,4,2,0,20,11,3,3,2,0,38,15,5,1,0,1985.52759671
20212,1129002375,12,8,4,0,1,0,3,0,8,0,0,0,1,0,7,0,1,0,2,0,1,2627.26094901
20212,1129002376,10,9,1,0,1,4,3,1,1,0,1,4,2,1,1,0,0,0,1,0,0,2230.4637765
20212,1129002379,4,1,3,0,1,2,0,1,0,0,0,0,0,1,0,0,1,2,0,0,0,6381.68159416
20212,1129002380,1,0,1,0,0,0,0,0,1,0,0,0,0,0,0,0,0,0,0,0,1,1272.59744782
20212,1129002382,1,0,1,0,0,0,1,0,0,0,0,0,0,0,0,0,0,0,1,0,0,1731.38142829
20212,1129002386,7,2,5,0,0,0,4,3,0,0,0,0,0,2,0,0,0,0,4,1,0,7508.23601006
20212,1129002390,1,1,0,0,0,0,0,1,0,0,0,0,0,1,0,0,0,0,0,0,0,2112.76016803
20212,1129002391,7,2,5,0,0,0,4,1,2,0,0,0,0,1,1,0,0,0,4,0,1,5430.82202861
20212,1129002392,1,1,0,0,0,0,0,0,1,0,0,0,0,0,1,0,0,0,0,0,0,1825.03622874
20212,1129002395,5,4,1,0,1,0,2,0,2,0,1,0,1,0,2,0,0,0,1,0,0,2343.15160373
20212,1129002397,2,2,0,0,0,0,0,1,1,0,0,0,0,1,1,0,0,0,0,0,0,2736.41121504
20212,1129002398,3,1,2,0,0,0,2,1,0,0,0,0,0,1,0,0,0,0,2,0,0,4258.27755876
20212,1129002403,3,2,1,0,0,1,0,1,1,0,0,1,0,0,1,0,0,0,0,1,0,2180.53800508
20212,1129002404,13,6,7,0,1,3,2,5,2,0,1,0,0,4,1,0,0,3,2,1,1,5544.70553907
20212,1129002405,12,7,5,0,4,4,2,1,1,0,1,2,2,1,1,0,3,2,0,0,0,2490.9383013
20212,1129002406,14,3,11,0,1,3,4,4,2,0,0,0,1,0,2,0,1,3,3,4,0,3280.74419166
20212,1129002409,8,3,5,0,0,1,1,2,4,0,0,1,0,0,2,0,0,0,1,2,2,3821.27002589
20212,1129002412,8,6,2,0,0,1,2,0,5,0,0,0,1,0,5,0,0,1,1,0,0,2119.41136724
20212,1129002413,37,22,15,0,8,11,10,5,3,0,1,9,8,2,2,0,7,2,2,3,1,2392.79185618
20212,1129002415,10,3,7,0,0,3,6,1,0,0,0,1,2,0,0,0,0,2,4,1,0,5882.43759393
20212,1129002416,9,2,7,0,3,0,4,1,1,0,0,0,1,0,1,0,3,0,3,1,0,4144.25181428
20212,1129002420,4,3,1,0,0,1,0,0,3,0,0,1,0,0,2,0,0,0,0,0,1,1918.4246657
20212,1129002421,3,2,1,0,0,1,0,1,1,0,0,1,0,1,0,0,0,0,0,0,1,2282.14404754
20212,1129002423,10,9,1,0,0,4,5,0,1,0,0,4,4,0,1,0,0,0,1,0,0,1426.14195618
20212,1129002426,14,12,2,1,3,2,2,3,3,1,3,2,1,2,3,0,0,0,1,1,0,1877.15047981
20212,1129002428,18,12,6,0,7,9,2,0,0,0,4,6,2,0,0,0,3,3,0,0,0,3078.12933764
20212,1129002429,2,2,0,0,0,0,1,0,1,0,0,0,1,0,1,0,0,0,0,0,0,2232.8242843
20212,1129002430,8,6,2,0,0,0,1,5,2,0,0,0,0,4,2,0,0,0,1,1,0,13886.5299447
20212,1129002433,3,1,2,0,0,0,1,2,0,0,0,0,0,1,0,0,0,0,1,1,0,1679.41447793
20212,1129002437,3,2,1,0,0,3,0,0,0,0,0,2,0,0,0,0,0,1,0,0,0,2518.39681814
20212,1129002439,11,7,4,0,2,5,4,0,0,0,0,3,4,0,0,0,2,2,0,0,0,2025.83551952
20212,1129002444,7,3,4,0,1,0,0,2,4,0,0,0,0,1,2,0,1,0,0,1,2,2545.97590097
20212,1129002449,2,2,0,0,0,0,0,0,2,0,0,0,0,0,2,0,0,0,0,0,0,2169.3399566
20212,1129002451,9,5,4,0,0,0,0,2,7,0,0,0,0,0,5,0,0,0,0,2,2,2290.52617839
20212,1129002453,5,3,2,0,0,4,0,0,1,0,0,2,0,0,1,0,0,2,0,0,0,1245.12249191
20212,1129002454,2,1,1,0,0,0,1,0,1,0,0,0,1,0,0,0,0,0,0,0,1,3108.32565961
20212,1129002457,2,1,1,0,0,0,1,1,0,0,0,0,1,0,0,0,0,0,0,1,0,3014.48060882
20212,1129002462,2,1,1,0,0,0,0,2,0,0,0,0,0,1,0,0,0,0,0,1,0,3213.42681059
20212,1129002463,46,6,40,0,0,3,1,13,29,0,0,1,1,2,2,0,0,2,0,11,27,14562.7530353
20212,1129002464,1,1,0,0,0,0,0,0,1,0,0,0,0,0,1,0,0,0,0,0,0,3533.36701361
20212,1129002467,2,2,0,0,0,1,1,0,0,0,0,1,1,0,0,0,0,0,0,0,0,2186.23762408
20212,1129002470,69,61,8,0,2,2,7,24,34,0,1,2,4,22,32,0,1,0,3,2,2,2916.52868226
20212,1129002474,6,0,6,0,0,1,3,2,0,0,0,0,0,0,0,0,0,1,3,2,0,9060.60967438
20212,1129002482,5,2,3,0,0,1,2,2,0,0,0,1,1,0,0,0,0,0,1,2,0,1741.45926861
20212,1129002484,3,0,3,0,0,1,1,1,0,0,0,0,0,0,0,0,0,1,1,1,0,1774.65046696
20212,1129002487,1,1,0,0,0,0,0,0,1,0,0,0,0,0,1,0,0,0,0,0,0,2343.96339767
20212,1129002488,3,1,2,0,0,2,1,0,0,0,0,0,1,0,0,0,0,2,0,0,0,2971.3173049
20212,1129002491,36,14,22,0,12,10,7,6,1,0,1,4,3,5,1,0,11,6,4,1,0,2242.56079871
20212,1129002492,16,10,6,0,2,3,2,7,2,0,0,3,1,5,1,0,2,0,1,2,1,2698.26202527
20212,1129002493,91,72,19,1,24,22,19,23,2,0,19,20,16,15,2,1,5,2,3,8,0,22204.6778074
20212,1129002498,3,1,2,0,0,0,0,2,1,0,0,0,0,1,0,0,0,0,0,1,1,2956.82137497
20212,1129002500,3,1,2,0,0,0,0,2,1,0,0,0,0,0,1,0,0,0,0,2,0,2674.87043327
20212,1129002508,2,2,0,0,0,0,2,0,0,0,0,0,2,0,0,0,0,0,0,0,0,640.758253747
20212,1129002509,9,6,3,0,0,3,3,0,3,0,0,1,3,0,2,0,0,2,0,0,1,2180.93167491
20212,1129002512,71,8,63,0,11,18,24,13,5,0,0,1,2,2,3,0,11,17,22,11,2,7718.56578093
20212,1129002514,81,66,15,0,5,7,28,24,17,0,5,5,21,21,14,0,0,2,7,3,3,6885.78435703
20212,1129002517,20,11,9,0,3,1,5,7,4,0,3,0,3,3,2,0,0,1,2,4,2,6198.49964574
20212,1129002518,2,1,1,0,0,0,1,1,0,0,0,0,1,0,0,0,0,0,0,1,0,1750.54834621
20212,1129002519,1,0,1,0,0,0,1,0,0,0,0,0,0,0,0,0,0,0,1,0,0,1924.32225221
20212,1129002522,26,3,23,0,0,11,6,8,1,0,0,2,0,0,1,0,0,9,6,8,0,1422.1478076
20212,1129002523,2,1,1,0,0,0,1,1,0,0,0,0,0,1,0,0,0,0,1,0,0,1923.59277048
20212,1129002528,62,28,34,0,14,11,18,14,5,0,6,2,10,6,4,0,8,9,8,8,1,6990.71006168
20212,1129002531,28,5,23,0,2,7,9,8,2,0,2,2,0,0,1,0,0,5,9,8,1,2532.3398918
20212,1129002532,5,2,3,0,0,1,3,1,0,0,0,0,1,1,0,0,0,1,2,0,0,2521.78054879
20212,1129002533,5,3,2,0,0,1,0,1,3,0,0,1,0,0,2,0,0,0,0,1,1,2229.75860671
20212,1129002534,1,1,0,0,0,0,0,1,0,0,0,0,0,1,0,0,0,0,0,0,0,8743.6121695
20212,1129002535,85,75,10,0,20,34,21,7,3,0,16,34,18,5,2,0,4,0,3,2,1,4971.15181774
20212,1129002537,6,5,1,0,1,0,1,4,0,0,1,0,1,3,0,0,0,0,0,1,0,11342.1650667
20212,1129002539,4,4,0,0,0,0,3,0,1,0,0,0,3,0,1,0,0,0,0,0,0,3522.04385972
20212,1129002542,1,1,0,0,0,0,1,0,0,0,0,0,1,0,0,0,0,0,0,0,0,1660.90262781
20212,1129002543,4,1,3,0,1,1,0,2,0,0,0,0,0,1,0,0,1,1,0,1,0,3896.95655528
20212,1129002545,10,7,3,0,0,3,5,2,0,0,0,2,4,1,0,0,0,1,1,1,0,15484.5253364
20212,1129002546,11,8,3,0,1,2,4,3,1,0,1,1,3,2,1,0,0,1,1,1,0,7008.05892493
20212,1129002548,2,1,1,0,0,0,1,0,1,0,0,0,0,0,1,0,0,0,1,0,0,5635.99295671
20212,1129002550,7,5,2,0,0,0,5,1,1,0,0,0,4,1,0,0,0,0,1,0,1,7405.71073134
20212,1129002552,9,4,5,0,1,0,3,1,4,0,0,0,1,0,3,0,1,0,2,1,1,3098.04765708
20212,1129002553,15,3,12,0,1,4,5,3,2,0,0,1,0,0,2,0,1,3,5,3,0,2702.38072329
20212,1129002556,5,3,2,0,1,1,1,2,0,0,1,1,1,0,0,0,0,0,0,2,0,7467.18653729
20212,1129002557,5,4,1,0,0,0,2,1,2,0,0,0,1,1,2,0,0,0,1,0,0,4019.66509373
20212,1129002561,5,4,1,0,0,2,2,1,0,0,0,1,2,1,0,0,0,1,0,0,0,3554.67848052
20212,1129002564,5,5,0,0,0,4,1,0,0,0,0,4,1,0,0,0,0,0,0,0,0,1731.86539079
20212,1129002565,10,3,7,0,1,2,3,2,2,0,0,0,1,1,1,0,1,2,2,1,1,2994.35731247
20212,1129002567,5,4,1,0,2,0,1,0,2,0,2,0,1,0,1,0,0,0,0,0,1,3720.18244896
20212,1129002568,81,42,39,0,10,23,17,21,10,0,1,8,9,16,8,0,9,15,8,5,2,8196.50899983
20212,1129002573,1,1,0,0,0,0,1,0,0,0,0,0,1,0,0,0,0,0,0,0,0,3339.90812729
20212,1129002576,63,46,17,1,18,17,10,10,7,0,13,11,10,7,5,1,5,6,0,3,2,5967.04350769
20212,1129002579,34,21,13,0,6,7,9,10,2,0,1,6,7,6,1,0,5,1,2,4,1,17053.0103439
20212,1129002581,18,2,16,0,1,4,5,6,2,0,0,0,0,0,2,0,1,4,5,6,0,17905.3775233
20212,1129002584,2,2,0,0,0,0,2,0,0,0,0,0,2,0,0,0,0,0,0,0,0,1879.20285652
20212,1129002585,6,5,1,0,0,0,1,4,1,0,0,0,1,3,1,0,0,0,0,1,0,3239.42151105
20212,1129002587,8,6,2,0,1,3,0,3,1,0,0,2,0,3,1,0,1,1,0,0,0,4051.08703834
20212,1129002589,14,11,3,0,0,3,4,3,4,0,0,2,4,3,2,0,0,1,0,0,2,2754.49652676
20212,1129002592,9,7,2,0,2,0,2,3,2,0,1,0,1,3,2,0,1,0,1,0,0,2916.68001354
20212,1129002593,2,1,1,0,1,0,1,0,0,0,1,0,0,0,0,0,0,0,1,0,0,3089.87851531
20212,1129002595,3,2,1,0,0,1,0,0,2,0,0,1,0,0,1,0,0,0,0,0,1,2743.62446279
20212,1129002596,30,21,9,0,8,4,7,9,2,0,5,4,4,7,1,0,3,0,3,2,1,5096.81294101
20212,1129002598,6,2,4,0,0,1,2,3,0,0,0,0,0,2,0,0,0,1,2,1,0,2954.52081688
20212,1129002599,2,1,1,0,0,0,0,0,2,0,0,0,0,0,1,0,0,0,0,0,1,3322.787428
20212,1129002601,4,0,4,0,1,2,0,0,1,0,0,0,0,0,0,0,1,2,0,0,1,2887.5691553
20212,1129002604,5,2,3,0,0,4,0,0,1,0,0,1,0,0,1,0,0,3,0,0,0,2945.37651993
20212,1129002605,16,11,5,0,3,5,6,0,2,0,0,5,4,0,2,0,3,0,2,0,0,5030.79771549
20212,1129002606,5,0,5,0,2,1,1,1,0,0,0,0,0,0,0,0,2,1,1,1,0,3406.6579324
20212,1129002607,7,6,1,0,0,0,2,2,3,0,0,0,2,1,3,0,0,0,0,1,0,2853.63565329
20212,1129002608,5,5,0,0,1,0,0,4,0,0,1,0,0,4,0,0,0,0,0,0,0,1764.44399597
20212,1129002609,1,1,0,0,0,0,0,0,1,0,0,0,0,0,1,0,0,0,0,0,0,3407.97190945
20212,1129002611,7,3,4,0,1,2,1,2,1,0,1,0,1,1,0,0,0,2,0,1,1,4435.69379108
20212,1129002615,4,2,2,0,1,0,1,2,0,0,1,0,0,1,0,0,0,0,1,1,0,4732.48136469
20212,1129002617,4,4,0,0,0,1,2,1,0,0,0,1,2,1,0,0,0,0,0,0,0,5978.98811612
20212,1129002625,8,5,3,0,0,4,2,1,1,0,0,2,2,0,1,0,0,2,0,1,0,2978.60877262
20212,1129002627,16,10,6,0,3,3,6,4,0,0,1,3,3,3,0,0,2,0,3,1,0,2139.47305022
20212,1129002628,3,0,3,0,1,0,0,1,1,0,0,0,0,0,0,0,1,0,0,1,1,4128.76653444
20212,1129002629,5,1,4,0,0,0,2,1,2,0,0,0,1,0,0,0,0,0,1,1,2,6003.37456971
20212,1129002630,4,1,3,0,0,0,2,0,2,0,0,0,1,0,0,0,0,0,1,0,2,2510.37714457
20212,1129002631,148,126,22,0,3,6,15,12,112,0,1,3,8,10,104,0,2,3,7,2,8,8749.39789924
20212,1129002632,27,19,8,0,0,0,2,0,25,0,0,0,1,0,18,0,0,0,1,0,7,5589.46694678
20212,1129002633,114,29,85,0,20,18,28,34,14,0,3,10,9,5,2,0,17,8,19,29,12,4306.09884985
20212,1129002635,3,1,2,0,0,0,1,2,0,0,0,0,0,1,0,0,0,0,1,1,0,5819.94689896
20212,1129002636,4,4,0,0,0,0,2,2,0,0,0,0,2,2,0,0,0,0,0,0,0,4374.28950998
20212,1129002639,7,1,6,0,0,0,2,2,3,0,0,0,0,0,1,0,0,0,2,2,2,2129.56325532
20212,1129002640,6,4,2,0,1,2,1,0,2,0,0,1,1,0,2,0,1,1,0,0,0,2527.55636928
20212,1129002642,10,7,3,0,1,1,3,4,1,0,1,1,3,1,1,0,0,0,0,3,0,4197.10978617
20212,1129002643,2,2,0,0,0,0,1,0,1,0,0,0,1,0,1,0,0,0,0,0,0,2360.88167132
20212,1129002648,2,2,0,0,0,0,0,1,1,0,0,0,0,1,1,0,0,0,0,0,0,1571.21259162
20212,1129002649,87,12,75,0,11,25,31,14,6,0,1,3,3,2,3,0,10,22,28,12,3,16350.8188163
20212,1129002654,1,0,1,0,0,0,0,1,0,0,0,0,0,0,0,0,0,0,0,1,0,1823.49051811
20212,1129002655,1,1,0,0,0,0,1,0,0,0,0,0,1,0,0,0,0,0,0,0,0,1060.44170941
20212,1129002658,11,7,4,0,0,1,1,8,1,0,0,0,1,5,1,0,0,1,0,3,0,4985.03332929
20212,1129002662,25,9,16,0,1,4,10,9,1,0,0,2,3,4,0,0,1,2,7,5,1,6278.119058
20212,1129002663,11,3,8,0,0,0,2,5,4,0,0,0,0,1,2,0,0,0,2,4,2,1731.77395699
20212,1129002664,3,1,2,0,1,0,1,1,0,0,0,0,0,1,0,0,1,0,1,0,0,1453.55747439
20212,1129002665,10,4,6,0,0,2,3,3,2,0,0,1,0,2,1,0,0,1,3,1,1,5747.70521949
20212,1129002666,12,5,7,0,2,2,0,1,7,0,0,0,0,1,4,0,2,2,0,0,3,5995.61155262
20212,1129002668,10,3,7,0,1,2,3,2,2,0,0,0,1,1,1,0,1,2,2,1,1,5851.72137031
20212,1129002670,2,2,0,0,0,0,0,2,0,0,0,0,0,2,0,0,0,0,0,0,0,2788.75526557
20212,1129002673,27,21,6,0,0,2,1,3,21,0,0,1,1,2,17,0,0,1,0,1,4,4862.8791621
20212,1129002674,4,0,4,0,1,0,2,1,0,0,0,0,0,0,0,0,1,0,2,1,0,2498.35934028
20212,1129002677,12,4,8,0,4,1,4,2,1,0,0,0,2,1,1,0,4,1,2,1,0,1904.20590089
20212,1129002679,3,2,1,0,0,0,0,0,3,0,0,0,0,0,2,0,0,0,0,0,1,4924.09713631
20212,1129002682,9,1,8,0,0,0,1,3,5,0,0,0,0,0,1,0,0,0,1,3,4,2644.42795867
20212,1129002683,6,6,0,0,0,2,0,2,2,0,0,2,0,2,2,0,0,0,0,0,0,3570.53634428
20212,1129002684,7,1,6,0,0,0,4,2,1,0,0,0,0,0,1,0,0,0,4,2,0,3253.26233681
20212,1129002685,3,1,2,0,0,0,1,2,0,0,0,0,1,0,0,0,0,0,0,2,0,2742.11007194
20212,1129002687,10,7,3,0,0,5,1,2,2,0,0,5,1,0,1,0,0,0,0,2,1,7938.3393892
20212,1129002690,18,8,10,0,2,6,3,4,3,0,0,3,1,2,2,0,2,3,2,2,1,3714.12072191
20212,1129002695,4,3,1,0,0,1,2,1,0,0,0,0,2,1,0,0,0,1,0,0,0,4085.75902319
20212,1129002702,5,3,2,0,0,1,0,1,3,0,0,1,0,0,2,0,0,0,0,1,1,3769.06679114
20212,1129002704,7,6,1,0,0,1,4,2,0,0,0,1,3,2,0,0,0,0,1,0,0,4457.02163493
20212,1129002707,9,6,3,0,1,0,2,2,4,0,0,0,1,2,3,0,1,0,1,0,1,5398.11540919
20212,1129002715,12,5,7,0,0,5,2,2,3,0,0,1,0,1,3,0,0,4,2,1,0,3266.53012563
20212,1129002716,3,0,3,0,0,1,0,1,1,0,0,0,0,0,0,0,0,1,0,1,1,1931.37648281
20212,1129002717,36,29,7,0,0,1,1,4,30,0,0,1,1,2,25,0,0,0,0,2,5,3688.56911079
20212,1129002719,2,2,0,0,1,0,0,0,1,0,1,0,0,0,1,0,0,0,0,0,0,3254.93154777
20212,1129002720,565,404,161,2,38,93,150,164,118,2,20,49,104,131,98,0,18,44,46,33,20,2077.2126593
20212,1129002725,2,1,1,0,0,0,0,1,1,0,0,0,0,0,1,0,0,0,0,1,0,3499.02911257
20212,1129002726,2,1,1,0,0,0,0,1,1,0,0,0,0,0,1,0,0,0,0,1,0,1933.88301606
20212,1129002730,2,2,0,0,0,0,0,2,0,0,0,0,0,2,0,0,0,0,0,0,0,3282.77444721
20212,1129002734,5,4,1,0,0,1,2,1,1,0,0,0,2,1,1,0,0,1,0,0,0,847.865646984
20212,1129002736,4,3,1,0,0,0,1,0,3,0,0,0,1,0,2,0,0,0,0,0,1,5694.24589366
20212,1129002737,4,2,2,0,0,1,2,0,1,0,0,0,1,0,1,0,0,1,1,0,0,2754.77750146
20212,1129002741,2,1,1,0,0,0,1,0,1,0,0,0,0,0,1,0,0,0,1,0,0,2562.34874275
20212,1129002745,9,7,2,0,0,2,2,3,2,0,0,2,2,2,1,0,0,0,0,1,1,5084.56377248
20212,1129002750,3,2,1,0,0,1,0,0,2,0,0,1,0,0,1,0,0,0,0,0,1,1751.86419898
20212,1129002758,4,1,3,0,0,1,2,0,1,0,0,0,1,0,0,0,0,1,1,0,1,2032.30119427
20212,1129002761,2,0,2,0,1,0,0,1,0,0,0,0,0,0,0,0,1,0,0,1,0,1916.7802284
20212,1129002766,2,1,1,0,1,0,0,1,0,0,0,0,0,1,0,0,1,0,0,0,0,1371.74301888
20212,1129002767,7,3,4,0,4,2,1,0,0,0,1,1,1,0,0,0,3,1,0,0,0,6720.94929957
20212,1129002773,7,7,0,0,0,1,1,2,3,0,0,1,1,2,3,0,0,0,0,0,0,2500.34206656
20212,1129002774,16,5,11,0,9,6,1,0,0,0,2,2,1,0,0,0,7,4,0,0,0,3943.36895136
20212,1129002775,2,2,0,0,1,0,0,1,0,0,1,0,0,1,0,0,0,0,0,0,0,3814.52448146
20212,1129002776,10,7,3,0,0,4,3,3,0,0,0,2,2,3,0,0,0,2,1,0,0,1532.19359293
20212,1129002778,23,18,5,0,2,6,5,7,3,0,2,4,4,5,3,0,0,2,1,2,0,12590.4931161
20212,1129002779,3,1,2,0,1,0,1,1,0,0,0,0,1,0,0,0,1,0,0,1,0,1372.59984558
20212,1129002781,2,2,0,0,0,0,0,1,1,0,0,0,0,1,1,0,0,0,0,0,0,2261.09676806
20212,1129002784,125,123,2,0,2,0,11,40,72,0,1,0,11,39,72,0,1,0,0,1,0,3693.64751755
20212,1129002785,4,2,2,0,0,0,2,2,0,0,0,0,1,1,0,0,0,0,1,1,0,3498.06829637
20212,1129002786,4,1,3,0,0,2,2,0,0,0,0,0,1,0,0,0,0,2,1,0,0,655.826889159
20212,1129002787,2,1,1,0,0,0,0,2,0,0,0,0,0,1,0,0,0,0,0,1,0,2345.73109473
20212,1129002790,3,2,1,0,0,0,2,1,0,0,0,0,1,1,0,0,0,0,1,0,0,1652.94996883
20212,1129002791,8,6,2,0,0,0,3,2,3,0,0,0,2,1,3,0,0,0,1,1,0,2938.08656253
20212,1129002792,126,122,4,0,0,2,16,52,56,0,0,1,14,52,55,0,0,1,2,0,1,6214.95408465
20212,1129002793,41,17,24,0,15,11,4,9,2,0,7,3,2,3,2,0,8,8,2,6,0,6260.91425155
20212,1129002796,5,4,1,0,0,0,2,1,2,0,0,0,2,1,1,0,0,0,0,0,1,2930.33158532
20212,1129002797,2,2,0,0,0,0,0,2,0,0,0,0,0,2,0,0,0,0,0,0,0,1334.1946941
20212,1129002800,120,42,78,0,21,28,28,34,9,0,4,14,13,8,3,0,17,14,15,26,6,12145.2760122
20212,1129002801,6,4,2,0,0,0,2,3,1,0,0,0,1,2,1,0,0,0,1,1,0,5325.02844834
20212,1129002805,46,21,25,0,13,11,12,7,3,0,5,6,6,3,1,0,8,5,6,4,2,2487.99968821
20212,1129002807,4,2,2,0,0,2,0,2,0,0,0,1,0,1,0,0,0,1,0,1,0,1227.61801799
20212,1129002816,12,9,3,0,1,3,3,5,0,0,0,3,2,4,0,0,1,0,1,1,0,1079.26453681
20212,1129002817,2,2,0,0,0,0,2,0,0,0,0,0,2,0,0,0,0,0,0,0,0,726.300693196
20212,1129002819,55,30,25,5,18,10,14,5,3,1,11,7,8,2,1,4,7,3,6,3,2,4943.48173046
20212,1129002823,5,4,1,0,0,1,2,2,0,0,0,0,2,2,0,0,0,1,0,0,0,1760.40886155
20212,1129002832,3,2,1,0,0,0,2,1,0,0,0,0,1,1,0,0,0,0,1,0,0,4964.84332294
20212,1129002834,2,2,0,0,0,0,0,0,2,0,0,0,0,0,2,0,0,0,0,0,0,2475.34126798
20212,1129002837,5,3,2,0,1,0,1,3,0,0,0,0,0,3,0,0,1,0,1,0,0,5796.65856921
20212,1129002840,5,4,1,0,0,1,2,1,1,0,0,1,1,1,1,0,0,0,1,0,0,1827.81869652
20212,1129002842,7,2,5,0,1,3,1,2,0,0,0,1,0,1,0,0,1,2,1,1,0,6284.94124142
20212,1129002851,15,4,11,0,3,0,1,7,4,0,2,0,0,1,1,0,1,0,1,6,3,8720.90612591
20212,1129002852,12,5,7,0,0,2,3,4,3,0,0,2,0,1,2,0,0,0,3,3,1,1698.31759891
20212,1129002853,7,6,1,0,0,1,1,2,3,0,0,1,1,1,3,0,0,0,0,1,0,5516.51261701
20212,1129002854,4,4,0,0,0,1,2,1,0,0,0,1,2,1,0,0,0,0,0,0,0,2710.35363206
20212,1129002858,7,6,1,1,0,2,1,2,1,1,0,2,1,1,1,0,0,0,0,1,0,3073.05659004
20212,1129002859,2,2,0,0,0,0,0,2,0,0,0,0,0,2,0,0,0,0,0,0,0,912.377375488
20212,1129002864,19,0,19,0,6,4,6,3,0,0,0,0,0,0,0,0,6,4,6,3,0,5241.47265617
20212,1129002868,87,36,51,0,32,49,4,0,2,0,4,30,1,0,1,0,28,19,3,0,1,4778.24848515
20212,1129002869,26,19,7,0,1,4,9,12,0,0,1,1,7,10,0,0,0,3,2,2,0,4862.19712695
20212,1129002886,61,26,35,0,6,26,16,10,3,0,3,13,5,2,3,0,3,13,11,8,0,12937.086627
20212,1129002910,3,2,1,0,0,0,2,0,1,0,0,0,1,0,1,0,0,0,1,0,0,2748.40653281
20212,1129002919,4,1,3,0,1,0,1,0,2,0,0,0,0,0,1,0,1,0,1,0,1,5346.90475408
20212,1129002927,2,1,1,0,0,0,0,0,2,0,0,0,0,0,1,0,0,0,0,0,1,2031.61796756
20212,1129002930,11,7,4,0,1,4,4,1,1,0,0,2,3,1,1,0,1,2,1,0,0,2917.91822692
20212,1129002931,99,57,42,0,20,18,34,13,14,0,12,12,16,6,11,0,8,6,18,7,3,5917.60132611
20212,1129002935,5,3,2,0,0,2,0,2,1,0,0,2,0,0,1,0,0,0,0,2,0,2788.91613672
20212,1129002936,8,6,2,0,0,1,0,4,3,0,0,1,0,2,3,0,0,0,0,2,0,4209.43661227
20212,1129002937,9,5,4,0,1,2,2,3,1,0,1,1,2,1,0,0,0,1,0,2,1,3205.47302214
20212,1129002941,27,3,24,0,0,7,7,10,3,0,0,1,0,0,2,0,0,6,7,10,1,9462.01415392
20212,1129002944,8,5,3,0,0,1,2,2,3,0,0,0,1,1,3,0,0,1,1,1,0,2238.99396323
20212,1129002948,67,51,16,0,2,4,23,19,19,0,2,3,19,10,17,0,0,1,4,9,2,2873.86745986
20212,1129002949,10,7,3,0,0,0,3,1,6,0,0,0,1,1,5,0,0,0,2,0,1,3938.87154449
20212,1129002951,40,20,20,0,13,7,8,8,4,0,6,2,3,6,3,0,7,5,5,2,1,5828.0541768
20212,1129002972,2,1,1,0,0,0,0,0,2,0,0,0,0,0,1,0,0,0,0,0,1,2621.12324854
20212,1129002974,155,88,67,0,18,40,27,50,20,0,7,17,14,33,17,0,11,23,13,17,3,3755.62725514
20212,1129002975,33,20,13,0,5,11,12,2,3,0,1,6,10,2,1,0,4,5,2,0,2,5364.05410242
20212,1129002983,1,0,1,0,0,1,0,0,0,0,0,0,0,0,0,0,0,1,0,0,0,3203.53912984
20212,1129002986,7,7,0,0,1,0,3,2,1,0,1,0,3,2,1,0,0,0,0,0,0,1964.76823561
20212,1129002992,2,1,1,0,1,0,1,0,0,0,0,0,1,0,0,0,1,0,0,0,0,3620.09909732
20212,1129003001,2,1,1,0,0,0,2,0,0,0,0,0,1,0,0,0,0,0,1,0,0,1209.95623379
20212,1129003002,28,18,10,0,0,3,8,11,6,0,0,1,2,10,5,0,0,2,6,1,1,3486.72686105
20212,1129003004,4,2,2,0,1,0,1,1,1,0,0,0,1,0,1,0,1,0,0,1,0,3460.20011502
20212,1129003006,1,1,0,0,0,0,0,0,1,0,0,0,0,0,1,0,0,0,0,0,0,1059.83553501
20212,1129003009,6,6,0,0,1,0,3,1,1,0,1,0,3,1,1,0,0,0,0,0,0,1450.63182255
20212,1129003011,16,4,12,0,2,2,7,3,2,0,0,0,3,0,1,0,2,2,4,3,1,3668.58276496
20212,1129003012,2,0,2,0,0,0,0,1,1,0,0,0,0,0,0,0,0,0,0,1,1,3522.87732936
20212,1129003015,3,2,1,0,1,0,1,1,0,0,1,0,1,0,0,0,0,0,0,1,0,9087.93614223
20212,1129003017,28,8,20,0,2,8,8,7,3,0,0,0,1,4,3,0,2,8,7,3,0,1183.50498078
20212,1129003018,136,133,3,0,1,1,12,38,84,0,1,0,10,38,84,0,0,1,2,0,0,2062.31053703
20212,1129003019,10,7,3,0,1,1,6,1,1,0,1,0,4,1,1,0,0,1,2,0,0,4045.47881746
20212,1129003020,2,1,1,0,0,0,2,0,0,0,0,0,1,0,0,0,0,0,1,0,0,1942.32683499
20212,1129003027,20,7,13,0,5,3,3,5,4,0,0,0,1,3,3,0,5,3,2,2,1,8796.2157041
20212,1129003034,8,5,3,0,0,6,2,0,0,0,0,4,1,0,0,0,0,2,1,0,0,2252.69009991
20212,1129003035,10,5,5,0,0,2,5,2,1,0,0,0,2,2,1,0,0,2,3,0,0,3717.01820287
20212,1129003037,24,10,14,0,2,5,9,7,1,0,0,1,3,5,1,0,2,4,6,2,0,3592.73380512
20212,1129003040,7,2,5,0,0,3,2,2,0,0,0,0,0,2,0,0,0,3,2,0,0,1806.45537376
20212,1129003041,32,14,18,0,0,3,8,13,8,0,0,1,4,6,3,0,0,2,4,7,5,1171.40095398
20212,1129003042,38,15,23,2,8,11,8,6,3,0,1,4,2,5,3,2,7,7,6,1,0,3380.26247304
20212,1129003044,33,7,26,1,8,9,4,8,3,0,0,2,0,3,2,1,8,7,4,5,1,4444.42123654
20212,1129003048,3,1,2,0,0,0,1,2,0,0,0,0,0,1,0,0,0,0,1,1,0,2832.81298506
20212,1129003053,13,8,5,0,2,3,3,1,4,0,2,3,1,0,2,0,0,0,2,1,2,4899.77519327
20212,1129003056,55,19,36,0,16,7,16,9,7,0,1,2,6,4,6,0,15,5,10,5,1,9543.35996833
20212,1129003057,266,130,136,2,34,33,57,86,54,1,11,14,27,40,37,1,23,19,30,46,17,3459.89958581
20212,1129003065,1,1,0,0,0,0,0,1,0,0,0,0,0,1,0,0,0,0,0,0,0,3031.1257573
20212,1129003067,116,53,63,1,31,45,23,11,5,0,9,19,15,6,4,1,22,26,8,5,1,1960.73629351
20212,1129003070,6,0,6,0,0,1,4,0,1,0,0,0,0,0,0,0,0,1,4,0,1,5567.76679718
20212,1129003072,65,31,34,0,9,5,17,23,11,0,4,0,9,11,7,0,5,5,8,12,4,4084.44073694
20212,1129003076,3,1,2,0,0,1,0,1,1,0,0,0,0,0,1,0,0,1,0,1,0,3919.40052077
20212,1129003086,14,12,2,0,0,2,3,3,6,0,0,0,3,3,6,0,0,2,0,0,0,3887.31598407
20212,1129003093,25,1,24,0,4,12,6,3,0,0,0,0,1,0,0,0,4,12,5,3,0,3041.20758308
20212,1129003094,3,2,1,0,0,0,3,0,0,0,0,0,2,0,0,0,0,0,1,0,0,8172.03536645
20212,1129003095,7,4,3,0,1,0,3,2,1,0,1,0,1,1,1,0,0,0,2,1,0,3287.98730611
20212,1129003097,23,13,10,0,0,3,5,9,6,0,0,3,3,3,4,0,0,0,2,6,2,3464.49313751
20212,1129003099,3,1,2,0,0,1,2,0,0,0,0,0,1,0,0,0,0,1,1,0,0,2437.33057751
20212,1129003101,6,2,4,0,0,2,2,2,0,0,0,0,1,1,0,0,0,2,1,1,0,2336.92079312
20212,1129003107,6,4,2,0,0,2,2,0,2,0,0,0,2,0,2,0,0,2,0,0,0,7505.19828178
20212,1129003109,12,6,6,0,0,3,3,2,4,0,0,2,0,2,2,0,0,1,3,0,2,18992.0131998
20212,1129003111,2,1,1,0,0,2,0,0,0,0,0,1,0,0,0,0,0,1,0,0,0,4060.99282654
20212,1129003113,18,12,6,0,0,4,10,2,2,0,0,3,7,0,2,0,0,1,3,2,0,2851.67362311
20212,1129003114,3,2,1,0,0,0,1,2,0,0,0,0,1,1,0,0,0,0,0,1,0,4542.76132568
20212,1129003115,41,17,24,0,13,14,12,2,0,0,2,5,8,2,0,0,11,9,4,0,0,2321.60310198
20212,1129003118,2,1,1,0,0,0,0,1,1,0,0,0,0,0,1,0,0,0,0,1,0,8901.25138938
20212,1129003120,8,4,4,0,0,4,4,0,0,0,0,1,3,0,0,0,0,3,1,0,0,2976.72600347
20212,1129003121,27,11,16,0,2,7,8,7,3,0,1,3,3,1,3,0,1,4,5,6,0,7438.25700464
20212,1129003124,21,17,4,0,3,7,4,4,3,0,3,7,2,3,2,0,0,0,2,1,1,3758.3609374
20212,1129003126,20,4,16,0,4,9,1,4,2,0,0,3,0,0,1,0,4,6,1,4,1,10382.2676633
20212,1129003127,12,7,5,0,4,6,1,1,0,0,0,5,1,1,0,0,4,1,0,0,0,8359.50708252
20212,1129003138,7,3,4,0,1,3,3,0,0,0,0,2,1,0,0,0,1,1,2,0,0,3398.92620896
20212,1129003145,22,9,13,0,0,6,7,8,1,0,0,1,1,6,1,0,0,5,6,2,0,18146.0066388
20212,1129003166,14,5,9,0,3,5,3,2,1,0,0,2,1,2,0,0,3,3,2,0,1,1747.5660384
20212,1129003168,3,2,1,0,0,1,0,0,2,0,0,1,0,0,1,0,0,0,0,0,1,3334.32217404
20212,1129003174,171,86,85,0,29,43,52,38,9,0,15,28,26,12,5,0,14,15,26,26,4,4851.09342493
20212,1129003176,6,2,4,0,0,0,1,3,2,0,0,0,0,2,0,0,0,0,1,1,2,181549.710325
20212,1129003179,11,1,10,0,1,1,7,2,0,0,1,0,0,0,0,0,0,1,7,2,0,3261.56125899
20212,1129003182,4,2,2,0,0,1,0,1,2,0,0,0,0,1,1,0,0,1,0,0,1,1980.18975681
20212,1129003189,55,13,42,0,5,15,16,12,7,0,0,2,2,3,6,0,5,13,14,9,1,12230.9123414
20212,1129003190,16,7,9,0,0,2,6,3,5,0,0,1,2,2,2,0,0,1,4,1,3,3942.95807901
20212,1129003193,22,10,12,0,0,3,3,12,4,0,0,0,1,6,3,0,0,3,2,6,1,1670.69693616
20212,1129003196,121,20,101,0,13,36,43,22,7,0,0,6,4,6,4,0,13,30,39,16,3,24379.2435096
20212,1129003197,10,3,7,0,1,2,5,1,1,0,0,2,1,0,0,0,1,0,4,1,1,2403.76775529
20212,1129003198,1,0,1,0,0,0,0,1,0,0,0,0,0,0,0,0,0,0,0,1,0,769.525965648
20212,1129003200,6,6,0,0,0,2,3,1,0,0,0,2,3,1,0,0,0,0,0,0,0,4424.47588641
20212,1129003202,2,1,1,0,0,0,2,0,0,0,0,0,1,0,0,0,0,0,1,0,0,7898.64081648
20212,1129003205,4,4,0,0,0,2,2,0,0,0,0,2,2,0,0,0,0,0,0,0,0,1771.36682709
20212,1129003206,3,2,1,0,0,1,0,2,0,0,0,1,0,1,0,0,0,0,0,1,0,5373.71201391
20212,1129003208,1,1,0,0,0,0,0,0,1,0,0,0,0,0,1,0,0,0,0,0,0,1465.64428187
20212,1129003209,6,5,1,0,0,0,3,3,0,0,0,0,2,3,0,0,0,0,1,0,0,1361.52460671
20212,1129003212,17,8,9,0,0,0,8,6,3,0,0,0,4,2,2,0,0,0,4,4,1,9885.7222336
20212,1129003222,31,19,12,0,5,7,11,4,4,0,3,6,7,2,1,0,2,1,4,2,3,3405.47119231
20212,1129003226,86,43,43,0,14,15,21,22,14,0,5,9,10,12,7,0,9,6,11,10,7,4535.9669593
20212,1129003227,533,183,350,0,153,150,124,77,29,0,34,55,33,33,28,0,119,95,91,44,1,8808.63119494
20212,1129003232,5,2,3,0,1,1,0,1,2,0,1,0,0,0,1,0,0,1,0,1,1,856.310424617
20212,1129003239,33,16,17,0,5,7,10,6,5,0,0,5,4,3,4,0,5,2,6,3,1,23681.685196
20212,1129003245,4,3,1,0,1,0,2,1,0,0,1,0,1,1,0,0,0,0,1,0,0,2856.74893881
20212,1129003249,12,9,3,0,1,3,3,2,3,0,1,1,2,2,3,0,0,2,1,0,0,1993.59907756
20212,1129003251,59,31,28,0,2,10,17,22,8,0,1,5,11,10,4,0,1,5,6,12,4,16240.7449186
20212,1129003252,12,5,7,0,1,3,5,2,1,0,0,1,3,1,0,0,1,2,2,1,1,5033.99382824
20212,1129003253,12,7,5,0,0,0,1,3,8,0,0,0,0,1,6,0,0,0,1,2,2,2129.75096584
20212,1129003256,19,9,10,0,6,6,4,2,1,0,0,5,2,2,0,0,6,1,2,0,1,3204.65340618
20212,1129003259,2,1,1,0,0,0,0,1,1,0,0,0,0,1,0,0,0,0,0,0,1,2732.20612794
20212,1129003260,29,18,11,0,5,1,7,15,1,0,2,1,7,7,1,0,3,0,0,8,0,1707.01936264
20212,1129003263,24,7,17,0,2,9,6,4,3,0,0,3,1,0,3,0,2,6,5,4,0,9576.02661646
20212,1129003264,4,4,0,0,0,0,2,2,0,0,0,0,2,2,0,0,0,0,0,0,0,1866.95626467
20212,1129003266,10,5,5,0,1,1,3,4,1,0,0,1,1,2,1,0,1,0,2,2,0,15326.443464
20212,1129003268,2,1,1,0,0,0,1,0,1,0,0,0,0,0,1,0,0,0,1,0,0,1968.88106601
20212,1129003269,18,3,15,0,2,1,5,9,1,0,1,1,0,1,0,0,1,0,5,8,1,7699.40582463
20212,1129003272,10,6,4,0,2,3,2,1,2,0,1,2,2,0,1,0,1,1,0,1,1,2717.33802711
20212,1129003274,8,3,5,0,0,2,4,2,0,0,0,1,0,2,0,0,0,1,4,0,0,8069.38302156
20212,1129003276,2,1,1,0,0,0,0,0,2,0,0,0,0,0,1,0,0,0,0,0,1,2821.19217976
20212,1129003277,101,98,3,0,1,0,14,42,44,0,1,0,13,41,43,0,0,0,1,1,1,1796.42265556
20212,1129003286,14,10,4,0,0,1,3,6,4,0,0,1,1,4,4,0,0,0,2,2,0,2803.45377912
20212,1129003291,62,14,48,0,16,15,11,16,4,0,6,0,3,1,4,0,10,15,8,15,0,9791.84305715
20212,1129003295,10,7,3,0,0,3,5,1,1,0,0,1,4,1,1,0,0,2,1,0,0,150658.194233
20212,1129003297,23,8,15,0,2,5,6,7,3,0,2,2,2,1,1,0,0,3,4,6,2,9142.43887075
20212,1129003298,25,13,12,0,3,9,3,7,3,0,2,3,1,4,3,0,1,6,2,3,0,153132.017996
20212,1129003301,20,14,6,0,3,1,6,6,4,0,2,0,5,4,3,0,1,1,1,2,1,1986.76351246
20212,1129003304,3,3,0,0,0,2,1,0,0,0,0,2,1,0,0,0,0,0,0,0,0,1672.5735129
20212,1129003306,666,585,81,0,148,331,158,26,3,0,103,307,146,26,3,0,45,24,12,0,0,1713.6508946
20212,1129003307,370,339,31,0,8,32,123,158,49,0,3,30,113,151,42,0,5,2,10,7,7,19495.1816125
20212,1129003308,120,56,64,0,0,6,11,6,97,0,0,3,6,2,45,0,0,3,5,4,52,10581.0911798
20212,1129003310,102,47,55,0,5,39,36,19,3,0,1,12,17,14,3,0,4,27,19,5,0,2770.65655474
20212,1129003312,141,122,19,13,33,39,25,25,6,12,27,34,22,21,6,1,6,5,3,4,0,7673.80725909
20212,1129003313,3,3,0,0,0,0,0,0,3,0,0,0,0,0,3,0,0,0,0,0,0,3708.91559748
20212,1129003315,28,17,11,0,2,6,6,10,4,0,2,3,3,6,3,0,0,3,3,4,1,2017.5094654
20212,1129003316,3,3,0,0,0,1,0,2,0,0,0,1,0,2,0,0,0,0,0,0,0,7841.78248881
20212,1129003318,3,3,0,0,0,1,2,0,0,0,0,1,2,0,0,0,0,0,0,0,0,3548.22422424
20212,1129003322,12,10,2,0,0,1,4,5,2,0,0,1,3,4,2,0,0,0,1,1,0,10755.1635351
20212,1129003324,16,11,5,0,1,2,5,4,4,0,1,2,2,3,3,0,0,0,3,1,1,1769.06303048
20212,1129003327,7,4,3,0,0,0,1,0,6,0,0,0,0,0,4,0,0,0,1,0,2,5166.20165654
20212,1129003328,3,2,1,0,0,1,2,0,0,0,0,0,2,0,0,0,0,1,0,0,0,3729.29810905
20212,1129003329,4,2,2,0,0,0,2,1,1,0,0,0,1,0,1,0,0,0,1,1,0,1848.52853895
20212,1129003331,22,19,3,0,3,4,4,6,5,0,2,3,4,5,5,0,1,1,0,1,0,7748.36793471
20212,1129003332,55,37,18,2,20,10,13,6,4,2,14,8,6,4,3,0,6,2,7,2,1,215719.067956
20212,1129003335,28,12,16,0,1,3,9,12,3,0,0,1,6,4,1,0,1,2,3,8,2,2418.6848547
20212,1129003342,3,1,2,0,0,0,3,0,0,0,0,0,1,0,0,0,0,0,2,0,0,2311.70677967
20212,1129003344,45,37,8,0,4,18,17,3,3,0,4,15,12,3,3,0,0,3,5,0,0,5244.6227638
20212,1129003345,2,1,1,0,0,1,0,1,0,0,0,0,0,1,0,0,0,1,0,0,0,28853.8807185
20212,1129003346,11,6,5,0,0,0,6,4,1,0,0,0,3,2,1,0,0,0,3,2,0,2029.67296716
20212,1129003350,4,1,3,0,1,0,1,0,2,0,0,0,0,0,1,0,1,0,1,0,1,10586.870596
20212,1129003353,3,2,1,0,0,0,0,2,1,0,0,0,0,2,0,0,0,0,0,0,1,461.241539054
20212,1129003354,10,1,9,0,3,1,2,4,0,0,0,0,0,1,0,0,3,1,2,3,0,2251.90633398
20212,1129003359,2,1,1,0,0,0,0,0,2,0,0,0,0,0,1,0,0,0,0,0,1,1821.31091352
20212,1129003364,9,5,4,0,1,2,2,2,2,0,0,2,1,1,1,0,1,0,1,1,1,11256.0176298
20212,1129003367,20,14,6,0,3,2,6,9,0,0,2,2,6,4,0,0,1,0,0,5,0,8646.12487479
20212,1129003374,23,4,19,0,6,5,7,3,2,0,2,1,0,0,1,0,4,4,7,3,1,2200.62430712
20212,1129003382,16,14,2,0,6,4,3,3,0,0,5,4,3,2,0,0,1,0,0,1,0,3529.9245972
20212,1129003383,6,4,2,0,1,1,1,1,2,0,0,1,0,1,2,0,1,0,1,0,0,3301.58478418
20212,1129003386,1,0,1,0,0,0,1,0,0,0,0,0,0,0,0,0,0,0,1,0,0,9178.45469356
20212,1129003387,46,1,45,0,3,5,2,12,24,0,0,0,0,0,1,0,3,5,2,12,23,14015.5105883
20212,1129003389,39,6,33,0,9,7,12,7,4,0,1,2,1,1,1,0,8,5,11,6,3,4351.27532063
20212,1129003396,6,3,3,0,1,2,0,3,0,0,0,1,0,2,0,0,1,1,0,1,0,3011.66059464
20212,1129003398,10,10,0,0,0,3,1,3,3,0,0,3,1,3,3,0,0,0,0,0,0,5080.71253135
20212,1129003399,16,9,7,0,2,3,7,3,1,0,1,2,2,3,1,0,1,1,5,0,0,3711.03540675
20212,1129003402,19,10,9,0,2,3,7,2,5,0,0,2,2,2,4,0,2,1,5,0,1,12604.4376944
20212,1129003403,42,9,33,0,7,18,10,7,0,0,0,7,1,1,0,0,7,11,9,6,0,18062.061525
20212,1129003404,7,1,6,0,2,4,1,0,0,0,0,0,1,0,0,0,2,4,0,0,0,5851.29808174
20212,1129003405,3,2,1,0,0,0,0,2,1,0,0,0,0,1,1,0,0,0,0,1,0,4626.82329492
20212,1129003407,4,2,2,0,1,2,1,0,0,0,0,1,1,0,0,0,1,1,0,0,0,5369.19492692
20212,1129003413,215,79,136,0,76,90,36,9,4,0,22,30,18,6,3,0,54,60,18,3,1,176517.546399
20212,1129003416,13,5,8,0,0,0,2,4,7,0,0,0,1,0,4,0,0,0,1,4,3,43289.3628752
20212,1129003420,2,1,1,0,0,0,1,0,1,0,0,0,0,0,1,0,0,0,1,0,0,5783.34671246
20212,1129003425,7,3,4,0,1,0,1,5,0,0,1,0,0,2,0,0,0,0,1,3,0,13173.9466361
20212,1129003430,9,5,4,0,1,1,0,4,3,0,0,0,0,2,3,0,1,1,0,2,0,11398.3199726
20212,1129003438,6,3,3,0,2,0,0,2,2,0,2,0,0,0,1,0,0,0,0,2,1,5201.4781763
20212,1129003439,7,3,4,0,1,0,0,3,3,0,1,0,0,1,1,0,0,0,0,2,2,3907.40446867
20212,1129003449,95,65,30,0,5,11,27,19,33,0,1,6,14,16,28,0,4,5,13,3,5,187810.655269
20212,1129003454,4,1,3,0,0,1,2,0,1,0,0,0,0,0,1,0,0,1,2,0,0,1635.74900217
20212,1129003458,5,2,3,0,0,0,0,2,3,0,0,0,0,1,1,0,0,0,0,1,2,3125.20783225
20212,1129003459,5,2,3,0,2,2,0,1,0,0,0,1,0,1,0,0,2,1,0,0,0,5154.16300387
20212,1129003461,9,2,7,0,0,4,2,3,0,0,0,0,1,1,0,0,0,4,1,2,0,895.469127812
20212,1129003462,6,5,1,0,2,1,3,0,0,0,2,1,2,0,0,0,0,0,1,0,0,2256.17247661
20212,1129003463,2,1,1,0,0,0,0,0,2,0,0,0,0,0,1,0,0,0,0,0,1,2883.31968909
20212,1129003464,2,1,1,0,0,0,0,2,0,0,0,0,0,1,0,0,0,0,0,1,0,6440.32625528
20212,1129003465,20,4,16,0,8,2,5,4,1,0,1,0,1,2,0,0,7,2,4,2,1,10892.0161003
20212,1129003466,5,3,2,0,0,1,1,2,1,0,0,1,0,1,1,0,0,0,1,1,0,1605.80721062
20212,1129003471,185,147,38,0,1,2,19,73,90,0,0,2,16,64,65,0,1,0,3,9,25,11444.966217
20212,1129003472,9,3,6,0,0,1,6,1,1,0,0,0,2,0,1,0,0,1,4,1,0,4741.68292349
20212,1129003473,6,4,2,0,1,0,1,3,1,0,1,0,1,2,0,0,0,0,0,1,1,7415.77253621
20212,1129003475,28,14,14,0,0,2,10,7,9,0,0,0,4,3,7,0,0,2,6,4,2,15399.1824614
20212,1129003478,9,8,1,0,0,0,2,3,4,0,0,0,1,3,4,0,0,0,1,0,0,2173.44061398
20212,1129003481,4,3,1,0,0,1,2,0,1,0,0,1,1,0,1,0,0,0,1,0,0,2720.8337914
20212,1129003488,12,10,2,0,0,2,5,3,2,0,0,2,3,3,2,0,0,0,2,0,0,2759.1334116
20212,1129003490,64,55,9,0,7,3,9,19,26,0,7,0,7,17,24,0,0,3,2,2,2,5127.06380089
20212,1129003491,5,5,0,0,0,0,1,3,1,0,0,0,1,3,1,0,0,0,0,0,0,3840.8570141
20212,1129003492,14,3,11,0,1,1,7,1,4,0,0,0,0,0,3,0,1,1,7,1,1,4444.62520214
20212,1129003494,54,43,11,0,1,4,13,25,11,0,0,4,10,20,9,0,1,0,3,5,2,10865.6456726
20212,1129003495,1,0,1,0,0,0,0,0,1,0,0,0,0,0,0,0,0,0,0,0,1,7080.28371426
20212,1129003497,43,24,19,0,5,12,12,7,7,0,3,7,4,6,4,0,2,5,8,1,3,12197.3477535
20212,1129003501,50,18,32,0,11,11,7,15,6,0,0,1,3,9,5,0,11,10,4,6,1,9558.81610453
20212,1129003502,3,1,2,0,0,1,1,1,0,0,0,0,0,1,0,0,0,1,1,0,0,2814.81008911
20212,1129003503,9,7,2,0,1,0,3,4,1,0,1,0,2,3,1,0,0,0,1,1,0,4808.585719
20212,1129003504,13,11,2,0,0,1,3,3,6,0,0,1,3,2,5,0,0,0,0,1,1,2850.58247671
20212,1129003505,1,0,1,0,0,0,1,0,0,0,0,0,0,0,0,0,0,0,1,0,0,5077.2057616
20212,1129003507,2,0,2,0,0,0,1,1,0,0,0,0,0,0,0,0,0,0,1,1,0,2091.02593302
20212,1129003512,9,7,2,0,1,0,4,2,2,0,1,0,3,1,2,0,0,0,1,1,0,8231.56905744
20212,1129003516,6,3,3,0,3,1,2,0,0,0,1,1,1,0,0,0,2,0,1,0,0,15508.1357462
20212,1129003518,15,1,14,0,6,2,3,4,0,0,0,0,1,0,0,0,6,2,2,4,0,3969.57837388
20212,1129003529,13,10,3,0,0,4,8,0,1,0,0,3,6,0,1,0,0,1,2,0,0,9025.84763106
20212,1129003532,285,130,155,0,41,53,67,68,56,0,10,24,34,28,34,0,31,29,33,40,22,918.580815296
20212,1129003535,15,13,2,0,0,1,3,7,4,0,0,1,3,6,3,0,0,0,0,1,1,7701.9239029
20212,1129003538,161,38,123,0,14,11,21,59,56,0,8,9,5,11,5,0,6,2,16,48,51,2352.87876807
20212,1129003552,154,119,35,0,15,10,38,66,25,0,0,6,33,57,23,0,15,4,5,9,2,7836.58501461
20212,1129003553,3,3,0,0,3,0,0,0,0,0,3,0,0,0,0,0,0,0,0,0,0,66923.920245
20212,1129003554,11,5,6,0,0,1,1,8,1,0,0,0,0,4,1,0,0,1,1,4,0,3190.56101361
20212,1129003556,32,12,20,0,5,8,9,8,2,0,2,2,4,2,2,0,3,6,5,6,0,5942.08922072
20212,1129003557,2,0,2,0,1,1,0,0,0,0,0,0,0,0,0,0,1,1,0,0,0,11496.5088845
20212,1129003558,6,3,3,0,0,0,0,1,5,0,0,0,0,0,3,0,0,0,0,1,2,3635.4763951
20212,1129003560,4,1,3,2,1,1,0,0,0,0,0,1,0,0,0,2,1,0,0,0,0,4382.42548896
20212,1129003561,4,1,3,0,0,1,2,1,0,0,0,0,0,1,0,0,0,1,2,0,0,10339.5582671
20212,1129003562,9,8,1,0,0,0,1,3,5,0,0,0,1,2,5,0,0,0,0,1,0,2384.24060202
20212,1129003566,2,1,1,0,0,1,0,1,0,0,0,1,0,0,0,0,0,0,0,1,0,4002.07989979
20212,1129003569,3,1,2,0,0,0,2,0,1,0,0,0,1,0,0,0,0,0,1,0,1,3362.24094154
20212,1129003570,7,4,3,0,0,0,2,4,1,0,0,0,0,3,1,0,0,0,2,1,0,4095.43017248
20212,1129003571,68,33,35,0,5,17,16,21,9,0,2,11,7,5,8,0,3,6,9,16,1,2099.64748224
20212,1129003572,7,2,5,0,0,0,2,4,1,0,0,0,1,0,1,0,0,0,1,4,0,11735.0325811
20212,1129003573,210,85,125,0,35,68,46,32,29,0,9,24,17,15,20,0,26,44,29,17,9,1383.15053281
20212,1129003583,2,2,0,0,0,0,0,1,1,0,0,0,0,1,1,0,0,0,0,0,0,9062.71641534
20212,1129003584,24,16,8,0,0,3,12,8,1,0,0,1,9,5,1,0,0,2,3,3,0,7500.91627999
20212,1129003591,5,0,5,0,2,1,1,1,0,0,0,0,0,0,0,0,2,1,1,1,0,35057.7791291
20212,1129003592,4,0,4,0,0,1,3,0,0,0,0,0,0,0,0,0,0,1,3,0,0,2108.21308021
20212,1129003595,6,2,4,0,0,1,1,2,2,0,0,0,1,0,1,0,0,1,0,2,1,10796.8229576
20212,1129003597,3,1,2,0,0,0,1,1,1,0,0,0,0,0,1,0,0,0,1,1,0,66883.6004134
20212,1129003605,21,12,9,0,2,5,5,4,5,0,1,1,2,4,4,0,1,4,3,0,1,14460.250442
20212,1129003609,510,474,36,0,3,51,162,213,81,0,3,47,150,199,75,0,0,4,12,14,6,23371.0695476
20212,1129003612,80,19,61,0,13,21,23,18,5,0,3,2,5,4,5,0,10,19,18,14,0,14747.2569598
20212,1129003617,21,7,14,0,3,12,1,4,1,0,1,4,0,1,1,0,2,8,1,3,0,91824.7350045
20212,1129003622,129,77,52,0,10,36,30,36,17,0,5,23,23,19,7,0,5,13,7,17,10,364030.393388
20212,1129003626,2,1,1,0,0,1,0,1,0,0,0,1,0,0,0,0,0,0,0,1,0,1229.95861833
20212,1129003631,15,12,3,0,1,2,4,5,3,0,0,2,3,5,2,0,1,0,1,0,1,3410.75305058
20212,1129003632,10,0,10,0,1,2,4,1,2,0,0,0,0,0,0,0,1,2,4,1,2,2647.76767072
20212,1129003635,24,12,12,0,0,4,6,10,4,0,0,1,3,6,2,0,0,3,3,4,2,4196.59967382
20212,1129003637,2,1,1,0,0,0,0,1,1,0,0,0,0,0,1,0,0,0,0,1,0,8049.11175236
20212,1129003638,17,12,5,0,0,5,7,4,1,0,0,4,4,4,0,0,0,1,3,0,1,15226.2434879
20212,1129003639,5,3,2,0,0,1,0,0,4,0,0,1,0,0,2,0,0,0,0,0,2,2934.13519498
20212,1129003642,4,4,0,0,0,0,2,1,1,0,0,0,2,1,1,0,0,0,0,0,0,5897.5778106
20212,1129003643,11,1,10,0,1,2,5,2,1,0,0,0,0,0,1,0,1,2,5,2,0,6837.4161208
20212,1129003644,25,19,6,0,4,6,10,5,0,0,2,4,10,3,0,0,2,2,0,2,0,5193.41238891
20212,1129003645,2,1,1,0,0,0,1,1,0,0,0,0,1,0,0,0,0,0,0,1,0,4580.15754293
20212,1129003646,5,1,4,0,0,0,0,2,3,0,0,0,0,0,1,0,0,0,0,2,2,3918.47960485
20212,1129003647,4,3,1,0,0,1,1,0,2,0,0,1,1,0,1,0,0,0,0,0,1,1771.93214574
20212,1129003648,10,3,7,0,0,3,1,2,4,0,0,1,0,1,1,0,0,2,1,1,3,8662.37507444
20212,1129003649,73,17,56,0,10,25,19,17,2,0,2,7,2,4,2,0,8,18,17,13,0,15138.197714
20212,1129003650,2,2,0,0,0,0,1,1,0,0,0,0,1,1,0,0,0,0,0,0,0,3109.9158624
20212,1129003652,16,12,4,0,3,4,5,2,2,0,3,4,3,1,1,0,0,0,2,1,1,3606.45113363
20212,1129003653,11,5,6,0,1,7,0,2,1,0,0,4,0,0,1,0,1,3,0,2,0,4437.25472213
20212,1129003654,299,135,164,0,16,91,127,63,2,0,3,29,57,46,0,0,13,62,70,17,2,4859.55705745
20212,1129003656,21,12,9,0,8,7,4,1,1,0,5,4,2,1,0,0,3,3,2,0,1,11004.0351229
20212,1129003661,1,1,0,0,0,0,0,1,0,0,0,0,0,1,0,0,0,0,0,0,0,70721.8136508
20212,1129003662,226,216,10,0,0,6,55,122,43,0,0,5,50,120,41,0,0,1,5,2,2,6772.06650861
20212,1129003664,23,12,11,0,1,5,4,10,3,0,0,2,2,7,1,0,1,3,2,3,2,7449.32944136
20212,1129003666,5,4,1,0,1,1,1,2,0,0,1,0,1,2,0,0,0,1,0,0,0,1856.63367865
20212,1129003668,3,1,2,0,0,1,0,2,0,0,0,0,0,1,0,0,0,1,0,1,0,3861.22013661
20212,1129003669,5,4,1,0,0,0,0,2,3,0,0,0,0,2,2,0,0,0,0,0,1,11254.8578306
20212,1129003675,7,3,4,0,0,1,3,3,0,0,0,0,2,1,0,0,0,1,1,2,0,8134.38017431
20212,1129003676,6,2,4,0,0,1,2,1,2,0,0,0,0,0,2,0,0,1,2,1,0,2757.3207121
20212,1129003683,43,34,9,0,1,4,18,10,10,0,1,3,11,9,10,0,0,1,7,1,0,32502.5464158
20212,1129003686,12,6,6,0,2,2,1,2,5,0,1,1,0,1,3,0,1,1,1,1,2,3100.33448527
20212,1129003688,2,0,2,0,0,0,0,2,0,0,0,0,0,0,0,0,0,0,0,2,0,2580.03319568
20212,1129003689,12,9,3,0,0,2,4,2,4,0,0,1,3,1,4,0,0,1,1,1,0,4895.55031041
20212,1129003690,28,16,12,0,7,4,9,7,1,0,2,1,7,5,1,0,5,3,2,2,0,7512.16445146
20212,1129003691,16,3,13,0,0,0,2,6,8,0,0,0,0,1,2,0,0,0,2,5,6,2512.19308667
20212,1129003692,93,44,49,0,10,18,35,18,12,0,2,11,16,10,5,0,8,7,19,8,7,1654.19259011
20212,1129003707,104,30,74,0,27,21,31,13,12,0,6,5,12,2,5,0,21,16,19,11,7,3578.19044182
20212,1129003708,3,2,1,0,1,1,1,0,0,0,0,1,1,0,0,0,1,0,0,0,0,4508.21204408
20212,1129003709,7,6,1,1,0,4,1,1,0,1,0,4,1,0,0,0,0,0,0,1,0,2703.26186374
20212,1129003713,2,1,1,0,0,1,0,1,0,0,0,1,0,0,0,0,0,0,0,1,0,3855.67425809
20212,1129003714,4,2,2,0,0,1,2,0,1,0,0,1,1,0,0,0,0,0,1,0,1,3992.61757975
20212,1129003715,7,0,7,0,0,2,5,0,0,0,0,0,0,0,0,0,0,2,5,0,0,2863.81754593
20212,1129003718,7,5,2,0,0,4,0,3,0,0,0,2,0,3,0,0,0,2,0,0,0,2765.49020333
20212,1129003722,14,11,3,0,1,2,5,6,0,0,1,2,4,4,0,0,0,0,1,2,0,6548.44868383
20212,1129003730,22,18,4,0,0,0,7,10,5,0,0,0,7,8,3,0,0,0,0,2,2,4859.02020555
20212,1129003733,1,1,0,0,0,0,1,0,0,0,0,0,1,0,0,0,0,0,0,0,0,1375.8279614
20212,1129003736,2,1,1,0,0,0,2,0,0,0,0,0,1,0,0,0,0,0,1,0,0,1815.04522933
20212,1129003738,1,1,0,0,0,0,1,0,0,0,0,0,1,0,0,0,0,0,0,0,0,972.19093857
20212,1129003741,4,1,3,0,0,2,2,0,0,0,0,0,1,0,0,0,0,2,1,0,0,4936.46713229
20212,1129003742,4,1,3,0,1,0,2,1,0,0,0,0,0,1,0,0,1,0,2,0,0,3731.55817055
20212,1129003743,10,4,6,0,2,3,1,4,0,0,1,2,0,1,0,0,1,1,1,3,0,9426.09054684
20212,1129003747,13,10,3,0,2,1,5,4,1,0,2,1,3,3,1,0,0,0,2,1,0,98983.2011773
20212,1129003749,7,6,1,0,0,1,1,2,3,0,0,1,1,2,2,0,0,0,0,0,1,6088.11954373
20212,1129003752,3,2,1,0,0,0,0,1,2,0,0,0,0,1,1,0,0,0,0,0,1,8476.50519957
20212,1129003753,18227,9407,8820,55,1380,4733,6768,5234,57,12,578,1554,2999,4214,50,43,802,3179,3769,1020,7,2722.10885391
20212,1129003755,51,15,36,0,11,10,19,9,2,0,2,6,4,1,2,0,9,4,15,8,0,5675.39728984
20212,1129003757,2,1,1,0,0,0,2,0,0,0,0,0,1,0,0,0,0,0,1,0,0,3853.97568297
20212,1129003758,37,16,21,0,13,13,7,3,1,0,4,10,1,1,0,0,9,3,6,2,1,7810.12637188
20212,1129003761,17,11,6,0,1,4,6,4,2,0,1,3,2,3,2,0,0,1,4,1,0,4804.4487743
20212,1129003763,2,1,1,0,0,0,0,0,2,0,0,0,0,0,1,0,0,0,0,0,1,2296.15955491
20212,1129003765,11,3,8,0,1,0,5,3,2,0,0,0,2,0,1,0,1,0,3,3,1,4923.71898931
20212,1129003769,5,4,1,0,0,0,0,4,1,0,0,0,0,3,1,0,0,0,0,1,0,1080.53169284
20212,1129003770,2,1,1,0,0,0,0,1,1,0,0,0,0,0,1,0,0,0,0,1,0,1966.90108742
20212,1129003773,66,30,36,0,6,10,11,15,24,0,3,8,5,8,6,0,3,2,6,7,18,13314.3166489
20212,1129003776,17,8,9,0,2,1,3,7,4,0,1,1,2,4,0,0,1,0,1,3,4,1237.35871907
20212,1129003782,2,1,1,0,0,1,1,0,0,0,0,1,0,0,0,0,0,0,1,0,0,1548.99743626
20212,1129003783,7,4,3,0,0,1,2,2,2,0,0,1,1,1,1,0,0,0,1,1,1,3051.7287323
20212,1129003789,4,2,2,0,0,1,0,1,2,0,0,0,0,0,2,0,0,1,0,1,0,5673.86036683
20212,1129003796,7,3,4,0,0,1,4,0,2,0,0,0,1,0,2,0,0,1,3,0,0,12054.9248195
20212,1129003798,95,20,75,0,13,29,33,18,2,0,5,6,2,6,1,0,8,23,31,12,1,4385.2380074
20212,1129003800,28,6,22,0,5,8,6,8,1,0,1,0,2,2,1,0,4,8,4,6,0,5733.59436
20212,1129003804,10,2,8,0,3,3,1,1,2,0,0,1,0,0,1,0,3,2,1,1,1,2957.85152396
20212,1129003805,78,18,60,0,16,15,25,16,6,0,3,3,5,2,5,0,13,12,20,14,1,10312.166553
20212,1129003807,28,3,25,0,8,4,4,8,4,0,1,1,0,0,1,0,7,3,4,8,3,4031.21743756
20212,1129003808,26,17,9,0,13,4,6,2,1,0,11,1,3,1,1,0,2,3,3,1,0,4077.87335975
20212,1129003818,12,6,6,0,1,3,1,2,5,0,0,2,0,1,3,0,1,1,1,1,2,406.991142185
20212,1129003819,3,2,1,0,1,1,1,0,0,0,0,1,1,0,0,0,1,0,0,0,0,2623.44244625
20212,1129003822,8,6,2,0,0,2,1,2,3,0,0,1,1,1,3,0,0,1,0,1,0,9233.31269517
20212,1129003831,213,3,210,0,14,8,35,87,69,0,0,0,1,0,2,0,14,8,34,87,67,8360.25277104
20212,1129003832,3,3,0,0,1,1,1,0,0,0,1,1,1,0,0,0,0,0,0,0,0,8841.87290226
20212,1129003836,4,4,0,0,0,0,1,3,0,0,0,0,1,3,0,0,0,0,0,0,0,3192.73090815
20212,1129003837,8,2,6,0,1,1,1,5,0,0,0,0,0,2,0,0,1,1,1,3,0,3653.93374724
20212,1129003841,16,9,7,0,0,3,5,7,1,0,0,1,3,5,0,0,0,2,2,2,1,5801.40639592
20212,1129003848,247,155,92,1,26,53,56,75,36,0,16,30,34,50,25,1,10,23,22,25,11,4439.32277955
20212,1129003850,8,7,1,0,0,1,2,5,0,0,0,1,1,5,0,0,0,0,1,0,0,3680.25513449
20212,1129003852,66,39,27,1,6,10,13,18,18,0,1,2,9,14,13,1,5,8,4,4,5,4897.45106624
20212,1129003853,18,2,16,0,1,2,11,0,4,0,0,0,0,0,2,0,1,2,11,0,2,51772.1790006
20212,1129003874,12,8,4,0,8,0,1,3,0,0,6,0,1,1,0,0,2,0,0,2,0,2742.85222461
20212,1129003878,477,304,173,2,79,108,113,136,39,0,45,65,68,95,31,2,34,43,45,41,8,2181.72728471
20212,1129003880,45,17,28,0,12,8,2,12,11,0,1,3,2,3,8,0,11,5,0,9,3,4487.40751104
20212,1129003883,16,9,7,0,2,4,5,5,0,0,0,2,5,2,0,0,2,2,0,3,0,2187.00235115
20212,1129003895,45,22,23,0,15,12,15,2,1,0,6,6,10,0,0,0,9,6,5,2,1,8573.68921877
20212,1129003898,444,373,71,0,49,136,113,140,6,0,30,110,93,134,6,0,19,26,20,6,0,6673.68426042
20212,1129003904,11,5,6,0,1,4,4,1,1,0,0,2,2,0,1,0,1,2,2,1,0,1802.43582599
20212,1129003906,257,232,25,0,32,90,55,79,1,0,29,80,48,74,1,0,3,10,7,5,0,3646.97607484
20212,1129003910,4,2,2,0,0,1,1,1,1,0,0,1,1,0,0,0,0,0,0,1,1,3654.51063992
20212,1129003911,187,135,52,2,37,45,51,29,23,0,22,34,40,22,17,2,15,11,11,7,6,1356.87277141
20212,1129003914,66,13,53,1,8,11,22,15,9,0,0,2,3,4,4,1,8,9,19,11,5,6337.81086175
20212,1129003915,2,1,1,0,0,1,0,1,0,0,0,1,0,0,0,0,0,0,0,1,0,3504.52930645
20212,1129003916,7,1,6,0,0,0,2,3,2,0,0,0,0,0,1,0,0,0,2,3,1,2544.18164403
20212,1129003918,2,1,1,0,0,0,0,0,2,0,0,0,0,0,1,0,0,0,0,0,1,3065.12168171
20213,1123000001,120,55,65,0,7,10,27,32,44,0,1,2,14,11,27,0,6,8,13,21,17,4017.03275138
20213,1123000002,6,3,3,0,0,1,0,3,2,0,0,0,0,1,2,0,0,1,0,2,0,4030.88106728
20213,1123000003,5,4,1,0,0,2,2,0,1,0,0,2,1,0,1,0,0,0,1,0,0,2781.85755149
20213,1123000004,764,299,465,2,92,103,227,194,146,0,51,55,53,59,81,2,41,48,174,135,65,3286.03019847
20213,1123000005,113,57,56,0,27,36,24,14,12,0,7,14,16,10,10,0,20,22,8,4,2,6411.81232975
20213,1123000006,8,3,5,0,1,1,2,3,1,0,0,1,0,1,1,0,1,0,2,2,0,1289.78300619
20213,1123000007,8,7,1,0,1,2,1,1,3,0,0,2,1,1,3,0,1,0,0,0,0,4301.33006743
20213,1123000008,24,9,15,0,5,0,6,5,8,0,0,0,2,3,4,0,5,0,4,2,4,3931.99356818
20213,1123000010,3,2,1,0,0,0,2,1,0,0,0,0,1,1,0,0,0,0,1,0,0,946.498084201
20213,1123000012,75,41,34,0,9,14,22,21,9,0,5,10,12,7,7,0,4,4,10,14,2,6062.06191538
20213,1123000013,2,2,0,0,0,1,0,0,1,0,0,1,0,0,1,0,0,0,0,0,0,1035.68562879
20213,1123000014,2,1,1,0,0,0,2,0,0,0,0,0,1,0,0,0,0,0,1,0,0,2203.81881846
20213,1123000015,8,5,3,0,0,1,4,2,1,0,0,0,3,1,1,0,0,1,1,1,0,2393.8773718
20213,1123000017,28,18,10,0,9,12,6,1,0,0,7,9,1,1,0,0,2,3,5,0,0,2824.91954045
20213,1123000018,14,9,5,0,0,0,1,1,12,0,0,0,0,0,9,0,0,0,1,1,3,6616.95583478
20213,1123000020,3,3,0,0,0,2,0,1,0,0,0,2,0,1,0,0,0,0,0,0,0,2175.39408638
20213,1123000021,11,9,2,0,0,0,1,5,5,0,0,0,1,5,3,0,0,0,0,0,2,5430.30601674
20213,1123000022,3058,1155,1903,1,468,643,945,966,35,1,373,482,237,55,7,0,95,161,708,911,28,5528.57732009
20213,1123000023,2,2,0,0,0,0,1,1,0,0,0,0,1,1,0,0,0,0,0,0,0,840.798748147
20213,1123000024,2,1,1,0,0,1,0,1,0,0,0,0,0,1,0,0,0,1,0,0,0,2048.15282661
20213,1123000025,7,1,6,0,0,2,0,4,1,0,0,1,0,0,0,0,0,1,0,4,1,1447.24906033
20213,1123000026,10,8,2,0,0,3,5,1,1,0,0,2,5,1,0,0,0,1,0,0,1,3915.09617768
20213,1123000027,24,19,5,0,0,5,6,7,6,0,0,3,4,6,6,0,0,2,2,1,0,2555.75910236
20213,1123000029,52,37,15,0,1,5,15,11,20,0,0,2,9,7,19,0,1,3,6,4,1,7199.08930214
20213,1123000031,4,3,1,0,0,0,0,1,3,0,0,0,0,1,2,0,0,0,0,0,1,1903.20900952
20213,1123000033,2,2,0,0,0,1,0,0,1,0,0,1,0,0,1,0,0,0,0,0,0,1491.58486878
20213,1123000034,21,18,3,0,5,9,3,3,1,0,4,9,2,3,0,0,1,0,1,0,1,6220.61213951
20213,1123000035,25,17,8,1,0,4,8,5,7,0,0,4,7,2,4,1,0,0,1,3,3,6605.30271984
20213,1123000037,178,111,67,0,5,12,14,13,134,0,0,9,6,5,91,0,5,3,8,8,43,8207.61627371
20213,1123000038,27,20,7,0,11,2,5,5,4,0,8,2,2,4,4,0,3,0,3,1,0,803.762450547
20213,1123000040,387,293,94,1,93,150,74,47,22,0,61,103,65,43,21,1,32,47,9,4,1,8138.33113334
20213,1123000044,1,0,1,0,0,0,1,0,0,0,0,0,0,0,0,0,0,0,1,0,0,2137.75890075
20213,1123000045,83,13,70,0,9,29,27,17,1,0,0,5,5,3,0,0,9,24,22,14,1,15648.5004924
20213,1123000046,5,5,0,0,0,0,0,4,1,0,0,0,0,4,1,0,0,0,0,0,0,1130.86507
20213,1123000048,10,7,3,0,0,1,3,3,3,0,0,1,2,2,2,0,0,0,1,1,1,1083.1532696
20213,1123000054,31,15,16,0,2,8,10,10,1,0,0,6,4,5,0,0,2,2,6,5,1,15357.967654
20213,1123000055,20,13,7,0,0,3,3,5,9,0,0,2,1,4,6,0,0,1,2,1,3,7092.9507577
20213,1123000056,3,2,1,0,0,1,1,0,1,0,0,1,0,0,1,0,0,0,1,0,0,577.232722192
20213,1123000057,42,28,14,1,5,20,4,8,4,0,2,13,2,7,4,1,3,7,2,1,0,3234.22420105
20213,1123000059,2,1,1,0,0,0,0,0,2,0,0,0,0,0,1,0,0,0,0,0,1,4698.91175408
20213,1123000060,42,30,12,0,2,5,6,14,15,0,1,3,4,10,12,0,1,2,2,4,3,5016.86744303
20213,1123000062,46,28,18,0,1,6,14,11,14,0,0,2,8,8,10,0,1,4,6,3,4,4520.76958669
20213,1123000064,11,8,3,0,6,3,2,0,0,0,5,2,1,0,0,0,1,1,1,0,0,2714.33596439
20213,1123000068,12,7,5,0,0,1,6,2,3,0,0,1,3,2,1,0,0,0,3,0,2,2571.36398479
20213,1123000074,9,7,2,0,0,1,5,2,1,0,0,1,4,1,1,0,0,0,1,1,0,5678.60586915
20213,1123000076,8,3,5,0,1,2,2,3,0,0,0,0,1,2,0,0,1,2,1,1,0,1888.01799067
20213,1123000080,12,11,1,0,1,1,5,3,2,0,1,1,4,3,2,0,0,0,1,0,0,4204.1555437
20213,1123000081,2,0,2,0,1,0,1,0,0,0,0,0,0,0,0,0,1,0,1,0,0,1220.34719234
20213,1123000086,35,29,6,0,8,2,13,7,5,0,8,1,10,5,5,0,0,1,3,2,0,6094.20213656
20213,1123000087,31,17,14,0,1,5,13,10,2,0,0,2,7,7,1,0,1,3,6,3,1,6170.24214404
20213,1123000095,97,76,21,0,15,15,13,39,15,0,12,13,10,30,11,0,3,2,3,9,4,6888.55564025
20213,1123000101,3,1,2,0,0,0,0,0,3,0,0,0,0,0,1,0,0,0,0,0,2,3102.44110675
20213,1123000110,4,4,0,0,1,0,0,1,2,0,1,0,0,1,2,0,0,0,0,0,0,5124.86166655
20213,1123000115,15,0,15,0,4,5,1,5,0,0,0,0,0,0,0,0,4,5,1,5,0,1516.72095658
20213,1123000118,2,2,0,0,0,2,0,0,0,0,0,2,0,0,0,0,0,0,0,0,0,3624.99097869
20213,1123000121,7,4,3,0,1,2,2,1,1,0,0,0,2,1,1,0,1,2,0,0,0,3406.21207151
20213,1123000125,10,8,2,0,0,1,1,7,1,0,0,1,1,5,1,0,0,0,0,2,0,6931.85762841
20213,1123000126,35,14,21,0,3,12,10,8,2,0,1,3,6,3,1,0,2,9,4,5,1,3836.44843671
20213,1123000133,38,24,14,0,0,5,15,10,8,0,0,0,9,8,7,0,0,5,6,2,1,2259.47066943
20213,1123000134,3,2,1,0,0,0,0,3,0,0,0,0,0,2,0,0,0,0,0,1,0,3499.19733522
20213,1123000136,2,2,0,0,0,0,1,0,1,0,0,0,1,0,1,0,0,0,0,0,0,1596.34807451
20213,1123000137,34,24,10,0,8,1,9,11,5,0,4,0,6,10,4,0,4,1,3,1,1,2979.24347907
20213,1123000142,8,5,3,0,2,2,2,2,0,0,1,2,1,1,0,0,1,0,1,1,0,5931.98452651
20213,1123000145,41,28,13,0,7,18,13,2,1,0,1,18,7,2,0,0,6,0,6,0,1,2671.59923204
20213,1123000148,15,12,3,0,0,2,7,3,3,0,0,2,6,1,3,0,0,0,1,2,0,4354.43292439
20213,1123000151,2,1,1,0,0,0,1,1,0,0,0,0,0,1,0,0,0,0,1,0,0,3625.53155849
20213,1123000153,2,2,0,0,0,0,0,0,2,0,0,0,0,0,2,0,0,0,0,0,0,4067.70923234
20213,1123000159,64,49,15,3,27,12,5,5,12,3,21,8,2,4,11,0,6,4,3,1,1,4181.10209351
20213,1123000160,8,5,3,0,0,1,2,4,1,0,0,1,1,3,0,0,0,0,1,1,1,4134.06663485
20213,1123000161,9,4,5,0,1,0,4,4,0,0,0,0,3,1,0,0,1,0,1,3,0,4211.32107547
20213,1123000162,50,32,18,0,3,10,9,15,13,0,2,2,4,12,12,0,1,8,5,3,1,3010.23207377
20213,1123000165,3,2,1,0,0,0,0,2,1,0,0,0,0,1,1,0,0,0,0,1,0,3316.38080846
20213,1123000167,13,6,7,0,1,1,4,3,4,0,0,0,0,3,3,0,1,1,4,0,1,4511.13210114
20213,1123000168,40,5,35,0,6,13,9,12,0,0,1,2,0,2,0,0,5,11,9,10,0,9387.61218208
20213,1123000171,3,2,1,0,0,0,3,0,0,0,0,0,2,0,0,0,0,0,1,0,0,6299.9018049
20213,1123000172,53,44,9,0,10,8,20,12,3,0,8,6,15,12,3,0,2,2,5,0,0,4813.26234244
20213,1123000180,23,20,3,0,1,4,14,4,0,0,1,4,11,4,0,0,0,0,3,0,0,2999.47522755
20213,1123000183,105,84,21,0,12,26,40,14,13,0,8,21,31,13,11,0,4,5,9,1,2,7375.44148827
20213,1123000188,128,82,46,0,33,28,19,35,13,0,26,18,10,22,6,0,7,10,9,13,7,10463.6082986
20213,1123000190,1,0,1,0,0,0,1,0,0,0,0,0,0,0,0,0,0,0,1,0,0,2329.28483175
20213,1123000192,34,12,22,0,4,7,11,6,6,0,2,2,3,1,4,0,2,5,8,5,2,13732.0907677
20213,1123000194,19,13,6,0,1,5,6,2,5,0,1,3,4,2,3,0,0,2,2,0,2,2892.15962561
20213,1123000197,10,0,10,0,4,4,1,1,0,0,0,0,0,0,0,0,4,4,1,1,0,1557.20047538
20213,1123000198,2,1,1,0,0,0,1,1,0,0,0,0,1,0,0,0,0,0,0,1,0,1248.0171003
20213,1123000203,2,0,2,0,0,0,2,0,0,0,0,0,0,0,0,0,0,0,2,0,0,2573.41998702
20213,1123000204,2,2,0,0,0,0,0,0,2,0,0,0,0,0,2,0,0,0,0,0,0,4623.78894414
20213,1123000206,48,21,27,0,9,3,10,19,7,0,2,1,1,13,4,0,7,2,9,6,3,10040.5122401
20213,1123000211,220,165,55,0,5,31,40,54,90,0,4,12,26,44,79,0,1,19,14,10,11,9339.31922521
20213,1123000212,8,5,3,0,1,0,2,3,2,0,1,0,1,2,1,0,0,0,1,1,1,1225.44547636
20213,1123000213,20,15,5,0,2,5,2,5,6,0,2,4,2,4,3,0,0,1,0,1,3,1361.05161365
20213,1123000214,75,52,23,1,2,8,22,21,21,0,1,5,16,17,13,1,1,3,6,4,8,9506.07577589
20213,1123000215,8,7,1,0,0,1,3,2,2,0,0,1,2,2,2,0,0,0,1,0,0,1592.80154171
20213,1123000216,28,21,7,0,2,6,9,7,4,0,2,6,7,4,2,0,0,0,2,3,2,4814.16819106
20213,1123000217,7,5,2,0,1,1,3,0,2,0,1,0,2,0,2,0,0,1,1,0,0,956.60642855
20213,1123000218,9,9,0,0,0,2,4,0,3,0,0,2,4,0,3,0,0,0,0,0,0,1529.83558997
20213,1123000219,5,3,2,0,1,2,1,1,0,0,0,2,1,0,0,0,1,0,0,1,0,1074.32345325
20213,1123000220,16,16,0,0,0,7,3,3,3,0,0,7,3,3,3,0,0,0,0,0,0,1245.18242562
20213,1123000221,1098,985,113,18,431,435,151,44,19,18,379,393,143,35,17,0,52,42,8,9,2,12392.3332501
20213,1123000222,26,17,9,0,2,10,4,5,5,0,2,10,2,1,2,0,0,0,2,4,3,3245.18033155
20213,1123000223,6,5,1,0,0,0,4,2,0,0,0,0,3,2,0,0,0,0,1,0,0,2695.61471883
20213,1123000224,17,12,5,0,3,1,7,5,1,0,1,1,6,3,1,0,2,0,1,2,0,2963.33981399
20213,1123000225,216,166,50,1,18,45,60,47,45,1,13,36,48,31,37,0,5,9,12,16,8,19707.8622913
20213,1123000228,351,324,27,1,8,57,154,111,20,1,5,53,138,107,20,0,3,4,16,4,0,9404.49919757
20213,1123000229,2,1,1,0,0,0,0,1,1,0,0,0,0,0,1,0,0,0,0,1,0,1641.22956229
20213,1123000232,3,3,0,0,0,0,0,0,3,0,0,0,0,0,3,0,0,0,0,0,0,2148.40184801
20213,1123000233,20,19,1,0,1,2,7,8,2,0,1,2,7,8,1,0,0,0,0,0,1,3411.02784581
20213,1123000234,17,14,3,0,4,3,2,6,2,0,3,3,1,5,2,0,1,0,1,1,0,2866.74679435
20213,1123000236,115,87,28,0,3,23,35,35,19,0,2,17,28,24,16,0,1,6,7,11,3,3607.98985246
20213,1123000237,13,12,1,0,0,1,4,5,3,0,0,1,4,4,3,0,0,0,0,1,0,1646.85913787
20213,1123000241,2,2,0,0,0,0,0,0,2,0,0,0,0,0,2,0,0,0,0,0,0,445.409192279
20213,1123000242,63,37,26,0,11,15,22,10,5,0,5,7,13,8,4,0,6,8,9,2,1,1345.95386629
20213,1123000245,6,5,1,0,0,0,1,2,3,0,0,0,1,2,2,0,0,0,0,0,1,715.106846907
20213,1123000247,25,14,11,0,3,11,2,4,5,0,1,6,1,1,5,0,2,5,1,3,0,6884.19895901
20213,1123000254,42,27,15,0,4,11,7,14,6,0,2,6,6,9,4,0,2,5,1,5,2,8772.93835973
20213,1123000255,3,2,1,0,0,1,0,0,2,0,0,0,0,0,2,0,0,1,0,0,0,865.097427369
20213,1123000258,7,2,5,0,0,2,5,0,0,0,0,1,1,0,0,0,0,1,4,0,0,3039.18561101
20213,1123000264,2,2,0,0,0,0,2,0,0,0,0,0,2,0,0,0,0,0,0,0,0,4542.37238945
20213,1123000268,4,2,2,0,0,0,1,1,2,0,0,0,0,1,1,0,0,0,1,0,1,3047.33205643
20213,1123000270,4,3,1,0,0,1,2,1,0,0,0,1,1,1,0,0,0,0,1,0,0,2018.08693897
20213,1123000273,3,1,2,0,0,0,1,2,0,0,0,0,1,0,0,0,0,0,0,2,0,1054.94377933
20213,1123000282,22,18,4,0,3,3,5,7,4,0,3,3,4,6,2,0,0,0,1,1,2,3938.34616373
20213,1123000288,2,1,1,0,0,0,0,0,2,0,0,0,0,0,1,0,0,0,0,0,1,1980.02887542
20213,1123000289,3,1,2,0,0,0,0,2,1,0,0,0,0,1,0,0,0,0,0,1,1,668.536327817
20213,1123000291,2,1,1,0,0,1,1,0,0,0,0,1,0,0,0,0,0,0,1,0,0,793.763677092
20213,1123000292,10,4,6,0,0,4,1,5,0,0,0,1,1,2,0,0,0,3,0,3,0,2326.45340104
20213,1123000294,8,1,7,0,0,1,6,0,1,0,0,0,0,0,1,0,0,1,6,0,0,3352.07177196
20213,1123000297,10,0,10,0,1,2,1,5,1,0,0,0,0,0,0,0,1,2,1,5,1,3062.31488374
20213,1123000304,3,1,2,0,0,1,0,2,0,0,0,1,0,0,0,0,0,0,0,2,0,1243.07871428
20213,1123000311,219,138,81,0,5,16,35,64,99,0,3,10,25,41,59,0,2,6,10,23,40,12826.3621649
20213,1123000313,21,7,14,0,5,3,4,8,1,0,1,1,3,1,1,0,4,2,1,7,0,12629.6218867
20213,1123000315,2,2,0,0,0,0,2,0,0,0,0,0,2,0,0,0,0,0,0,0,0,1196.27749514
20213,1123000317,4,4,0,0,0,1,2,1,0,0,0,1,2,1,0,0,0,0,0,0,0,3370.5653296
20213,1123000318,12,8,4,0,1,2,5,2,2,0,1,2,2,1,2,0,0,0,3,1,0,3924.42055462
20213,1123000321,232,135,97,0,28,37,48,66,53,0,18,21,25,36,35,0,10,16,23,30,18,3145.08825278
20213,1123000322,39,18,21,0,9,10,12,6,2,0,2,6,6,4,0,0,7,4,6,2,2,5494.435008
20213,1123000323,225,130,95,4,32,36,51,58,44,3,6,18,32,39,32,1,26,18,19,19,12,2897.72268167
20213,1123000329,18,16,2,0,1,0,8,9,0,0,1,0,6,9,0,0,0,0,2,0,0,1998.48206724
20213,1123000332,3,1,2,0,0,0,3,0,0,0,0,0,1,0,0,0,0,0,2,0,0,3759.87692997
20213,1123000334,1,0,1,0,0,0,0,0,1,0,0,0,0,0,0,0,0,0,0,0,1,6665.12189398
20213,1123000337,36,24,12,0,7,3,8,6,12,0,3,2,5,6,8,0,4,1,3,0,4,7347.94807207
20213,1123000339,6,4,2,0,0,1,2,2,1,0,0,1,1,2,0,0,0,0,1,0,1,5393.1096788
20213,1123000342,26,15,11,0,5,7,3,6,5,0,1,4,2,3,5,0,4,3,1,3,0,3548.83810834
20213,1123000343,5,5,0,0,0,1,0,2,2,0,0,1,0,2,2,0,0,0,0,0,0,2410.66251465
20213,1123000346,34,28,6,2,3,5,6,4,14,2,1,3,4,4,14,0,2,2,2,0,0,2914.34643421
20213,1123000351,24,13,11,0,4,4,7,9,0,0,2,3,3,5,0,0,2,1,4,4,0,6009.65176534
20213,1123000353,2,2,0,0,0,0,0,0,2,0,0,0,0,0,2,0,0,0,0,0,0,4416.74960542
20213,1123000354,11,9,2,0,0,3,4,1,3,0,0,3,2,1,3,0,0,0,2,0,0,7580.06307624
20213,1123000355,11,7,4,0,0,2,2,4,3,0,0,1,1,2,3,0,0,1,1,2,0,2469.91902325
20213,1123000358,3,2,1,0,0,0,2,1,0,0,0,0,2,0,0,0,0,0,0,1,0,1726.38569282
20213,1123000359,19,5,14,0,3,0,7,6,3,0,0,0,0,2,3,0,3,0,7,4,0,7190.05473792
20213,1123000360,73,5,68,0,1,2,4,23,43,0,0,0,0,2,3,0,1,2,4,21,40,4869.81765984
20213,1123000361,3,3,0,0,0,0,0,3,0,0,0,0,0,3,0,0,0,0,0,0,0,4014.57137912
20213,1123000364,136,68,68,0,14,19,27,27,49,0,3,8,5,16,36,0,11,11,22,11,13,6876.32152484
20213,1123000365,8,6,2,0,0,3,2,2,1,0,0,2,2,1,1,0,0,1,0,1,0,5372.32479558
20213,1123000366,23,15,8,0,2,3,5,11,2,0,0,2,2,9,2,0,2,1,3,2,0,4162.11914876
20213,1123000368,6,2,4,0,0,0,1,4,1,0,0,0,0,1,1,0,0,0,1,3,0,2351.50251293
20213,1123000369,10,3,7,0,1,5,2,2,0,0,1,1,0,1,0,0,0,4,2,1,0,4316.36084581
20213,1123000371,2,2,0,0,0,0,2,0,0,0,0,0,2,0,0,0,0,0,0,0,0,1550.74502717
20213,1123000372,6,4,2,0,0,2,0,3,1,0,0,1,0,2,1,0,0,1,0,1,0,1115.26464071
20213,1123000373,9,6,3,0,2,2,1,2,2,0,1,1,1,1,2,0,1,1,0,1,0,4975.55561046
20213,1123000375,41,26,15,0,5,12,18,4,2,0,4,8,10,3,1,0,1,4,8,1,1,2225.89671569
20213,1123000380,3,2,1,0,0,1,2,0,0,0,0,1,1,0,0,0,0,0,1,0,0,4071.00695357
20213,1123000381,18,8,10,0,2,7,1,5,3,0,1,3,1,2,1,0,1,4,0,3,2,7013.37792937
20213,1123000390,72,45,27,2,3,12,23,24,8,1,2,9,14,11,8,1,1,3,9,13,0,3143.25258799
20213,1123000394,82,32,50,2,19,22,19,8,12,2,4,7,8,4,7,0,15,15,11,4,5,6970.93472206
20213,1123000395,29,27,2,0,1,1,5,4,18,0,1,0,4,4,18,0,0,1,1,0,0,1955.64644102
20213,1123000404,2,1,1,0,0,0,1,0,1,0,0,0,1,0,0,0,0,0,0,0,1,1100.26549614
20213,1123000405,9,8,1,0,2,2,3,2,0,0,2,2,2,2,0,0,0,0,1,0,0,3238.00246143
20213,1123000407,167,127,40,0,18,25,42,39,43,0,15,20,34,29,29,0,3,5,8,10,14,5142.13964751
20213,1123000416,26,11,15,0,2,5,11,6,2,0,0,2,6,2,1,0,2,3,5,4,1,2358.77187609
20213,1123000419,1,0,1,0,0,0,1,0,0,0,0,0,0,0,0,0,0,0,1,0,0,5899.06983397
20213,1123000423,26,12,14,1,5,7,6,4,3,0,2,1,5,2,2,1,3,6,1,2,1,80846.9160056
20213,1123000427,5,4,1,0,0,0,0,2,3,0,0,0,0,2,2,0,0,0,0,0,1,4144.48299325
20213,1123000428,4,3,1,0,1,0,1,0,2,0,1,0,0,0,2,0,0,0,1,0,0,2514.57657256
20213,1123000432,66,44,22,1,6,20,14,19,6,1,2,10,8,17,6,0,4,10,6,2,0,8280.65284575
20213,1123000433,16,14,2,0,0,1,3,5,7,0,0,1,3,4,6,0,0,0,0,1,1,2436.63949994
20213,1123000434,5,2,3,0,1,1,0,1,2,0,0,0,0,1,1,0,1,1,0,0,1,2050.92057543
20213,1123000436,425,337,88,8,73,143,142,45,14,2,46,123,125,30,11,6,27,20,17,15,3,16972.1355696
20213,1123000437,203,171,32,1,27,41,36,77,21,1,21,36,29,66,18,0,6,5,7,11,3,7210.75269373
20213,1123000438,29,16,13,0,1,1,4,17,6,0,0,1,3,9,3,0,1,0,1,8,3,4989.62584016
20213,1123000439,4,4,0,0,0,1,1,2,0,0,0,1,1,2,0,0,0,0,0,0,0,2152.19965666
20213,1123000440,6,5,1,0,0,0,1,4,1,0,0,0,1,3,1,0,0,0,0,1,0,1731.8187245
20213,1123000443,5,4,1,0,1,1,0,3,0,0,1,0,0,3,0,0,0,1,0,0,0,2988.77858266
20213,1123000447,16,10,6,0,2,1,6,7,0,0,2,1,2,5,0,0,0,0,4,2,0,2908.54500871
20213,1123000448,7,4,3,0,0,2,3,1,1,0,0,1,2,0,1,0,0,1,1,1,0,853.51796658
20213,1123000450,2,1,1,0,0,0,0,1,1,0,0,0,0,0,1,0,0,0,0,1,0,1195.79720661
20213,1123000454,4,1,3,0,0,0,1,2,1,0,0,0,0,1,0,0,0,0,1,1,1,2146.1138515
20213,1123000457,118,67,51,0,21,22,19,20,36,0,7,13,10,10,27,0,14,9,9,10,9,11178.8074975
20213,1123000458,2,1,1,0,0,0,0,2,0,0,0,0,0,1,0,0,0,0,0,1,0,3221.82682212
20213,1123000459,2,2,0,0,1,0,1,0,0,0,1,0,1,0,0,0,0,0,0,0,0,799.119568551
20213,1123000460,3,1,2,0,0,0,0,1,2,0,0,0,0,0,1,0,0,0,0,1,1,9542.1815697
20213,1123000461,35,24,11,0,6,6,6,10,7,0,1,4,4,10,5,0,5,2,2,0,2,5926.29449319
20213,1123000462,21,17,4,0,0,2,3,9,7,0,0,2,2,7,6,0,0,0,1,2,1,2433.26987734
20213,1123000464,12,5,7,0,0,2,4,5,1,0,0,1,2,2,0,0,0,1,2,3,1,4303.51701822
20213,1123000465,8,7,1,0,1,0,5,0,2,0,1,0,4,0,2,0,0,0,1,0,0,1400.30853031
20213,1123000467,16,13,3,0,0,3,2,3,8,0,0,1,1,3,8,0,0,2,1,0,0,1320.06597028
20213,1123000468,77,58,19,0,6,19,15,22,15,0,4,13,14,14,13,0,2,6,1,8,2,7189.43543783
20213,1123000469,18,15,3,0,1,1,8,5,3,0,1,1,6,4,3,0,0,0,2,1,0,4414.45263074
20213,1123000470,1111,664,447,11,132,99,135,222,512,11,108,71,81,118,275,0,24,28,54,104,237,3949.34350749
20213,1123000472,9,6,3,0,1,4,3,1,0,0,1,3,1,1,0,0,0,1,2,0,0,2634.71533759
20213,1123000473,84,73,11,0,2,9,12,32,29,0,1,5,11,29,27,0,1,4,1,3,2,3108.66796867
20213,1123000474,12,9,3,0,0,1,2,8,1,0,0,1,1,7,0,0,0,0,1,1,1,4981.89738597
20213,1123000475,47,25,22,0,5,7,14,13,8,0,3,5,4,8,5,0,2,2,10,5,3,3133.02543881
20213,1123000480,26,10,16,0,1,2,6,10,7,0,0,1,3,3,3,0,1,1,3,7,4,1601.86981027
20213,1123000486,10,5,5,0,3,1,1,3,2,0,1,1,0,1,2,0,2,0,1,2,0,3329.54903351
20213,1123000487,3,2,1,0,0,0,1,0,2,0,0,0,1,0,1,0,0,0,0,0,1,2778.91643329
20213,1123000488,9,8,1,0,0,0,1,3,5,0,0,0,1,2,5,0,0,0,0,1,0,4935.64771254
20213,1123000489,1,0,1,0,0,1,0,0,0,0,0,0,0,0,0,0,0,1,0,0,0,10553.4898352
20213,1123000490,20,12,8,0,2,3,4,6,5,0,2,2,3,2,3,0,0,1,1,4,2,2577.10429151
20213,1123000492,25,20,5,0,0,3,12,6,4,0,0,2,10,4,4,0,0,1,2,2,0,9511.98057188
20213,1123000498,72,59,13,0,8,11,14,19,20,0,5,9,11,17,17,0,3,2,3,2,3,6570.05535661
20213,1123000501,22,12,10,0,1,5,6,5,5,0,0,1,5,2,4,0,1,4,1,3,1,4448.66788869
20213,1123000503,4,3,1,0,0,0,1,3,0,0,0,0,1,2,0,0,0,0,0,1,0,3128.38591877
20213,1123000504,7,6,1,0,0,0,2,3,2,0,0,0,1,3,2,0,0,0,1,0,0,2190.7864261
20213,1123000505,9,7,2,0,1,1,1,4,2,0,1,1,0,3,2,0,0,0,1,1,0,13294.2598484
20213,1123000507,5,4,1,0,0,0,1,2,2,0,0,0,0,2,2,0,0,0,1,0,0,952.686306164
20213,1123000512,64,38,26,0,13,23,16,8,4,0,3,14,13,5,3,0,10,9,3,3,1,3553.68808835
20213,1123000516,14,10,4,0,2,5,5,2,0,0,1,5,2,2,0,0,1,0,3,0,0,1917.43399775
20213,1123000517,62,48,14,0,0,2,11,23,26,0,0,0,6,18,24,0,0,2,5,5,2,2068.40407842
20213,1123000519,15,11,4,0,1,4,3,5,2,0,1,4,0,4,2,0,0,0,3,1,0,1913.52529964
20213,1123000520,8,7,1,0,0,0,2,4,2,0,0,0,2,3,2,0,0,0,0,1,0,6492.02410893
20213,1123000521,11,7,4,0,0,1,3,0,7,0,0,0,2,0,5,0,0,1,1,0,2,2853.66387992
20213,1123000524,7,0,7,0,2,1,0,2,2,0,0,0,0,0,0,0,2,1,0,2,2,3560.15397671
20213,1123000525,38,28,10,0,3,9,5,8,13,0,1,6,2,8,11,0,2,3,3,0,2,3848.48964201
20213,1123000526,166,99,67,0,18,64,42,24,18,0,3,23,36,21,16,0,15,41,6,3,2,5716.78029794
20213,1123000527,14,8,6,0,3,2,2,4,3,0,3,1,0,1,3,0,0,1,2,3,0,2035.00329444
20213,1123000529,3,3,0,0,0,0,0,2,1,0,0,0,0,2,1,0,0,0,0,0,0,2224.52256163
20213,1123000530,8,7,1,0,0,2,1,4,1,0,0,2,1,3,1,0,0,0,0,1,0,2197.52072203
20213,1123000531,53,44,9,0,5,3,19,16,10,0,5,2,13,15,9,0,0,1,6,1,1,1922.42265679
20213,1123000532,21,14,7,0,1,0,4,12,4,0,1,0,3,7,3,0,0,0,1,5,1,2005.12669396
20213,1123000533,34,17,17,0,1,6,8,14,5,0,1,3,7,3,3,0,0,3,1,11,2,6303.82036938
20213,1123000534,9,4,5,0,0,4,3,2,0,0,0,0,3,1,0,0,0,4,0,1,0,969.415456872
20213,1123000535,9,5,4,0,3,0,4,2,0,0,2,0,2,1,0,0,1,0,2,1,0,3600.84699736
20213,1123000539,16,13,3,0,2,6,2,2,4,0,0,6,2,2,3,0,2,0,0,0,1,1962.13418735
20213,1123000541,3,0,3,0,0,1,1,1,0,0,0,0,0,0,0,0,0,1,1,1,0,3446.23332823
20213,1123000542,6,5,1,1,0,0,3,0,2,1,0,0,2,0,2,0,0,0,1,0,0,21216.7836092
20213,1123000543,9,6,3,0,1,0,4,1,3,0,0,0,2,1,3,0,1,0,2,0,0,11651.5127601
20213,1123000544,6,3,3,0,0,1,3,1,1,0,0,1,1,0,1,0,0,0,2,1,0,1591.94412169
20213,1123000547,11,4,7,0,3,2,1,5,0,0,0,2,1,1,0,0,3,0,0,4,0,2448.82469674
20213,1123000548,15,7,8,0,2,4,3,5,1,0,0,2,1,3,1,0,2,2,2,2,0,2482.52158477
20213,1123000549,4,2,2,0,0,1,0,1,2,0,0,0,0,1,1,0,0,1,0,0,1,1777.54923764
20213,1123000551,4655,1984,2671,6,295,1163,1725,1337,129,1,151,742,691,371,28,5,144,421,1034,966,101,10360.0348741
20213,1123000552,2,1,1,0,0,0,0,2,0,0,0,0,0,1,0,0,0,0,0,1,0,2822.15133736
20213,1123000554,4,3,1,0,0,0,3,1,0,0,0,0,3,0,0,0,0,0,0,1,0,797.064897408
20213,1123000555,89,55,34,0,9,11,27,29,13,0,2,5,18,19,11,0,7,6,9,10,2,3369.23975255
20213,1123000556,40,26,14,0,5,6,14,8,7,0,2,3,9,7,5,0,3,3,5,1,2,9303.72420376
20213,1123000557,9,4,5,0,0,0,1,6,2,0,0,0,0,4,0,0,0,0,1,2,2,2772.82436557
20213,1123000558,27,19,8,0,2,2,12,6,5,0,1,1,7,5,5,0,1,1,5,1,0,2539.3125673
20213,1123000560,11,8,3,0,0,4,3,1,3,0,0,2,3,0,3,0,0,2,0,1,0,2934.61586342
20213,1123000561,6,5,1,0,1,1,2,1,1,0,1,1,2,0,1,0,0,0,0,1,0,1737.6047196
20213,1123000562,3,2,1,0,0,0,1,1,1,0,0,0,1,1,0,0,0,0,0,0,1,1811.24298432
20213,1123000563,2,1,1,0,0,0,0,1,1,0,0,0,0,0,1,0,0,0,0,1,0,2957.4947786
20213,1123000564,24,17,7,0,3,2,8,8,3,0,1,2,5,6,3,0,2,0,3,2,0,2121.6648195
20213,1123000565,56,29,27,0,6,12,13,17,8,0,1,8,6,9,5,0,5,4,7,8,3,4675.14201419
20213,1123000566,12,8,4,0,0,1,7,1,3,0,0,0,5,1,2,0,0,1,2,0,1,2470.47226513
20213,1123000567,18,14,4,0,0,2,5,6,5,0,0,2,3,5,4,0,0,0,2,1,1,2431.47574291
20213,1123000568,88,67,21,2,15,22,22,20,7,0,9,18,17,17,6,2,6,4,5,3,1,2209.02915775
20213,1123000569,20,10,10,0,0,0,4,11,5,0,0,0,1,7,2,0,0,0,3,4,3,4287.90569515
20213,1123000570,2,1,1,0,0,0,0,1,1,0,0,0,0,0,1,0,0,0,0,1,0,2939.5225765
20213,1123000571,4,4,0,0,0,2,2,0,0,0,0,2,2,0,0,0,0,0,0,0,0,1716.47034127
20213,1123000576,40,14,26,0,9,16,6,7,2,0,3,5,4,1,1,0,6,11,2,6,1,3058.24911753
20213,1123000577,21,15,6,0,0,3,4,8,6,0,0,1,4,6,4,0,0,2,0,2,2,1907.65500781
20213,1123000580,33,31,2,0,1,8,18,4,2,0,0,8,17,4,2,0,1,0,1,0,0,2259.46977601
20213,1123000581,48,31,17,0,9,5,13,6,15,0,4,2,7,6,12,0,5,3,6,0,3,10109.4401727
20213,1123000582,7,7,0,0,0,0,1,2,4,0,0,0,1,2,4,0,0,0,0,0,0,1138.96438792
20213,1123000583,26,13,13,0,2,8,4,7,5,0,2,2,1,5,3,0,0,6,3,2,2,6558.03722184
20213,1123000584,6,4,2,0,3,2,0,1,0,0,2,2,0,0,0,0,1,0,0,1,0,988.926394008
20213,1123000585,8,6,2,0,1,1,3,3,0,0,1,1,2,2,0,0,0,0,1,1,0,3607.9552115
20213,1123000587,33,20,13,0,1,10,9,6,7,0,0,5,3,6,6,0,1,5,6,0,1,1691.30119912
20213,1123000588,1951,944,1007,3,231,487,493,608,129,2,94,193,182,389,84,1,137,294,311,219,45,13586.4982094
20213,1123000589,479,159,320,1,97,137,104,56,84,0,11,27,31,29,61,1,86,110,73,27,23,9406.4401534
20213,1123000590,23,10,13,0,2,13,3,5,0,0,1,5,2,2,0,0,1,8,1,3,0,12965.2219511
20213,1123000592,40,22,18,0,2,1,12,17,8,0,2,0,6,11,3,0,0,1,6,6,5,2045.69248671
20213,1123000593,5,3,2,0,0,0,0,4,1,0,0,0,0,3,0,0,0,0,0,1,1,2224.96319264
20213,1123000594,10,8,2,0,3,1,1,1,4,0,2,1,1,1,3,0,1,0,0,0,1,1405.42039128
20213,1123000595,4,2,2,0,0,0,0,0,4,0,0,0,0,0,2,0,0,0,0,0,2,1885.58957413
20213,1123000596,35,11,24,0,2,9,11,8,5,0,1,1,2,5,2,0,1,8,9,3,3,2079.86290593
20213,1123000598,5,4,1,0,1,0,1,2,1,0,0,0,1,2,1,0,1,0,0,0,0,1951.17131422
20213,1123000599,12,9,3,0,0,2,3,2,5,0,0,1,3,2,3,0,0,1,0,0,2,1823.27345438
20213,1123000600,27,12,15,0,2,9,8,5,3,0,1,2,4,3,2,0,1,7,4,2,1,2162.62447898
20213,1123000602,3,1,2,0,0,2,0,0,1,0,0,1,0,0,0,0,0,1,0,0,1,2931.45358807
20213,1123000603,3,1,2,0,3,0,0,0,0,0,1,0,0,0,0,0,2,0,0,0,0,2358.07625861
20213,1123000605,1646,1312,334,1,135,280,466,403,361,1,92,225,408,329,257,0,43,55,58,74,104,4346.21841473
20213,1123000606,4,2,2,0,0,1,1,1,1,0,0,0,0,1,1,0,0,1,1,0,0,3125.15005907
20213,1123000607,2,2,0,0,0,2,0,0,0,0,0,2,0,0,0,0,0,0,0,0,0,3249.3479218
20213,1123000608,27,16,11,0,1,5,10,5,6,0,1,3,4,4,4,0,0,2,6,1,2,2625.83904468
20213,1123000613,16,10,6,0,3,5,2,2,4,0,0,3,2,2,3,0,3,2,0,0,1,1818.15010802
20213,1123000614,2,2,0,0,0,0,0,1,1,0,0,0,0,1,1,0,0,0,0,0,0,3246.01714871
20213,1123000615,11,8,3,1,3,2,0,5,0,1,1,2,0,4,0,0,2,0,0,1,0,1543.17841073
20213,1123000616,329,78,251,0,56,119,75,64,15,0,6,22,21,24,5,0,50,97,54,40,10,7002.64869002
20213,1123000621,3,3,0,0,0,0,0,1,2,0,0,0,0,1,2,0,0,0,0,0,0,1668.83691379
20213,1123000622,920,430,490,0,44,61,113,269,433,0,23,37,66,94,210,0,21,24,47,175,223,8139.28415819
20213,1123000623,1,1,0,0,0,0,0,0,1,0,0,0,0,0,1,0,0,0,0,0,0,3248.84264715
20213,1123000624,27,16,11,0,3,7,10,1,6,0,1,4,6,1,4,0,2,3,4,0,2,4937.56851411
20213,1123000626,26,17,9,0,2,3,5,4,12,0,2,1,3,2,9,0,0,2,2,2,3,3635.86047217
20213,1123000627,94,41,53,0,3,28,36,15,12,0,2,12,15,6,6,0,1,16,21,9,6,8179.49828885
20213,1123000628,15,9,6,0,0,3,4,4,4,0,0,3,0,3,3,0,0,0,4,1,1,3183.56836114
20213,1123000630,4,1,3,0,0,0,0,3,1,0,0,0,0,1,0,0,0,0,0,2,1,4726.51273309
20213,1123000634,19,16,3,0,3,4,5,6,1,0,2,4,3,6,1,0,1,0,2,0,0,2162.78508597
20213,1123000635,27,23,4,0,3,2,7,11,4,0,2,2,6,9,4,0,1,0,1,2,0,2254.37723106
20213,1123000636,9,5,4,0,1,2,2,2,2,0,1,1,1,2,0,0,0,1,1,0,2,2583.12862341
20213,1123000638,3,2,1,0,0,0,2,1,0,0,0,0,1,1,0,0,0,0,1,0,0,4376.3797947
20213,1123000639,37,14,23,0,5,6,13,6,7,0,1,4,3,2,4,0,4,2,10,4,3,5975.26547421
20213,1123000640,2,0,2,0,0,0,1,1,0,0,0,0,0,0,0,0,0,0,1,1,0,2418.28491108
20213,1123000642,539,192,347,1,37,55,61,156,229,0,16,11,21,40,104,1,21,44,40,116,125,9087.70959967
20213,1123000645,7,6,1,0,0,2,4,1,0,0,0,2,3,1,0,0,0,0,1,0,0,1601.23263639
20213,1123000646,5,4,1,0,0,1,4,0,0,0,0,1,3,0,0,0,0,0,1,0,0,1378.44414946
20213,1123000653,274,170,104,2,21,36,73,89,53,0,4,18,45,60,43,2,17,18,28,29,10,8637.43186113
20213,1123000654,39,25,14,0,10,7,6,9,7,0,6,3,3,8,5,0,4,4,3,1,2,6619.07270546
20213,1123000656,13,10,3,0,1,1,4,1,6,0,1,1,3,1,4,0,0,0,1,0,2,2449.27811575
20213,1123000657,14,13,1,0,0,0,4,7,3,0,0,0,4,7,2,0,0,0,0,0,1,1230.53015294
20213,1123000659,6,5,1,0,0,2,1,2,1,0,0,2,0,2,1,0,0,0,1,0,0,6366.2523986
20213,1123000660,1571,1415,156,12,367,530,409,231,22,6,334,479,375,207,14,6,33,51,34,24,8,2911.98424896
20213,1123000661,77,33,44,0,34,35,5,2,1,0,10,17,4,2,0,0,24,18,1,0,1,2518.69245769
20213,1123000662,26,14,12,0,3,7,7,5,4,0,1,4,3,3,3,0,2,3,4,2,1,5277.1018916
20213,1123000664,140,30,110,0,26,70,22,9,13,0,4,9,1,6,10,0,22,61,21,3,3,5699.66764004
20213,1123000665,15,3,12,0,1,4,8,1,1,0,0,2,1,0,0,0,1,2,7,1,1,2503.09760121
20213,1123000666,35,18,17,0,4,6,8,11,6,0,2,2,4,7,3,0,2,4,4,4,3,5564.95403295
20213,1123000667,143,90,53,0,13,20,37,33,40,0,6,6,22,18,38,0,7,14,15,15,2,4317.78726912
20213,1123000669,2,1,1,0,0,0,1,0,1,0,0,0,0,0,1,0,0,0,1,0,0,1884.05125028
20213,1123000670,56,44,12,0,4,15,12,13,12,0,2,12,9,11,10,0,2,3,3,2,2,4668.64406334
20213,1123000671,5,4,1,0,0,0,0,5,0,0,0,0,0,4,0,0,0,0,0,1,0,1747.18607916
20213,1123000672,13,7,6,0,0,0,1,7,5,0,0,0,1,4,2,0,0,0,0,3,3,2895.57394366
20213,1123000674,61,12,49,0,13,9,21,13,5,0,4,1,2,1,4,0,9,8,19,12,1,22176.719608
20213,1123000675,98,40,58,0,7,19,28,22,22,0,2,8,8,11,11,0,5,11,20,11,11,7731.02447436
20213,1123000678,29,18,11,0,0,4,4,15,6,0,0,0,3,10,5,0,0,4,1,5,1,1902.95409476
20213,1123000680,21,14,7,0,2,4,7,6,2,0,1,3,3,6,1,0,1,1,4,0,1,903.699622706
20213,1123000681,3,2,1,0,0,0,1,0,2,0,0,0,1,0,1,0,0,0,0,0,1,5436.58843236
20213,1123000682,11,8,3,0,0,3,3,3,2,0,0,2,2,2,2,0,0,1,1,1,0,5662.97446008
20213,1123000689,15,6,9,0,1,1,4,6,3,0,0,0,1,4,1,0,1,1,3,2,2,3315.67715596
20213,1123000692,2,0,2,0,0,0,2,0,0,0,0,0,0,0,0,0,0,0,2,0,0,4347.51199684
20213,1123000693,4,2,2,0,0,1,0,1,2,0,0,0,0,1,1,0,0,1,0,0,1,1490.47639101
20213,1123000697,11,6,5,0,1,3,1,3,3,0,0,1,0,2,3,0,1,2,1,1,0,3301.47939503
20213,1123000698,2,0,2,0,0,0,0,2,0,0,0,0,0,0,0,0,0,0,0,2,0,699.943944066
20213,1123000704,3,2,1,0,0,1,0,0,2,0,0,1,0,0,1,0,0,0,0,0,1,3082.5145774
20213,1123000707,18,11,7,0,3,5,7,2,1,0,1,2,6,1,1,0,2,3,1,1,0,11145.9383493
20213,1123000710,5,4,1,0,0,1,0,2,2,0,0,0,0,2,2,0,0,1,0,0,0,2036.58428895
20213,1123000715,6,0,6,0,1,1,2,2,0,0,0,0,0,0,0,0,1,1,2,2,0,1539.3655359
20213,1123000717,107,73,34,0,19,19,22,33,14,0,13,14,15,22,9,0,6,5,7,11,5,2914.74706095
20213,1123000718,2,2,0,0,0,0,0,1,1,0,0,0,0,1,1,0,0,0,0,0,0,1772.5989134
20213,1123000719,3,2,1,0,0,0,1,0,2,0,0,0,0,0,2,0,0,0,1,0,0,1984.39986253
20213,1123000720,170,89,81,0,29,64,53,17,7,0,8,34,29,12,6,0,21,30,24,5,1,8968.58069041
20213,1123000721,5,0,5,0,2,0,2,1,0,0,0,0,0,0,0,0,2,0,2,1,0,1360.06184532
20213,1123000725,4,3,1,0,0,1,1,2,0,0,0,1,0,2,0,0,0,0,1,0,0,770.437710314
20213,1123000727,70,57,13,0,4,2,9,8,47,0,4,0,3,4,46,0,0,2,6,4,1,5519.61595065
20213,1123000728,3133,562,2571,1,433,588,566,988,557,0,97,230,171,46,18,1,336,358,395,942,539,2847.02821333
20213,1123000732,13,8,5,0,0,6,5,1,1,0,0,3,5,0,0,0,0,3,0,1,1,2573.09926262
20213,1123000733,3,1,2,0,0,0,2,0,1,0,0,0,0,0,1,0,0,0,2,0,0,5735.67251126
20213,1123000736,93,49,44,0,15,26,22,17,13,0,6,16,14,10,3,0,9,10,8,7,10,9188.41281174
20213,1123000737,4,3,1,0,1,0,1,1,1,0,1,0,1,0,1,0,0,0,0,1,0,5914.93846871
20213,1123000738,129,88,41,0,4,1,6,12,106,0,2,1,3,5,77,0,2,0,3,7,29,3820.80092312
20213,1123000739,25,10,15,0,4,3,3,13,2,0,2,0,1,6,1,0,2,3,2,7,1,8825.02822343
20213,1123000740,9,4,5,0,0,0,2,3,4,0,0,0,1,1,2,0,0,0,1,2,2,3158.56877521
20213,1123000742,1,1,0,0,0,0,0,0,1,0,0,0,0,0,1,0,0,0,0,0,0,4244.76656106
20213,1123000746,40,11,29,0,19,9,5,4,3,0,4,4,1,2,0,0,15,5,4,2,3,3797.5155461
20213,1123000747,4,1,3,0,1,0,3,0,0,0,0,0,1,0,0,0,1,0,2,0,0,4229.15002906
20213,1123000748,1,1,0,0,0,0,0,0,1,0,0,0,0,0,1,0,0,0,0,0,0,6652.09689504
20213,1123000749,116,80,36,0,29,38,20,13,16,0,19,23,14,9,15,0,10,15,6,4,1,4240.11981196
20213,1123000751,198,127,71,0,25,90,22,18,43,0,8,56,17,10,36,0,17,34,5,8,7,4006.09273558
20213,1123000753,27,10,17,1,8,5,4,3,6,0,3,1,1,3,2,1,5,4,3,0,4,3640.99294239
20213,1123000754,6,5,1,0,1,2,1,2,0,0,1,2,0,2,0,0,0,0,1,0,0,3635.66513278
20213,1123000756,282,122,160,0,65,83,57,33,44,0,12,30,19,17,44,0,53,53,38,16,0,4338.63340236
20213,1123000758,108,60,48,0,6,10,16,18,58,0,5,9,12,10,24,0,1,1,4,8,34,4095.62700985
20213,1123000759,5,1,4,0,0,1,1,1,2,0,0,1,0,0,0,0,0,0,1,1,2,2448.02260624
20213,1123000761,554,268,286,3,210,201,94,35,11,1,78,100,48,31,10,2,132,101,46,4,1,6890.23982491
20213,1123000762,15,9,6,0,1,2,5,3,4,0,0,0,3,2,4,0,1,2,2,1,0,16004.2052743
20213,1123000764,9,7,2,0,0,3,2,0,4,0,0,1,2,0,4,0,0,2,0,0,0,4110.25781179
20213,1123000766,2,2,0,0,0,0,2,0,0,0,0,0,2,0,0,0,0,0,0,0,0,1247.24874098
20213,1123000767,20,11,9,0,0,10,8,1,1,0,0,3,6,1,1,0,0,7,2,0,0,1901.15458958
20213,1123000769,9,5,4,0,0,1,2,1,5,0,0,0,0,1,4,0,0,1,2,0,1,2206.66753405
20213,1123000770,55,34,21,0,6,7,21,12,9,0,1,4,14,8,7,0,5,3,7,4,2,11464.3050017
20213,1123000772,3,2,1,0,0,0,0,0,3,0,0,0,0,0,2,0,0,0,0,0,1,4132.53707003
20213,1123000774,16,6,10,0,1,4,6,3,2,0,0,1,2,1,2,0,1,3,4,2,0,2395.23824756
20213,1123000775,1,0,1,0,0,0,0,1,0,0,0,0,0,0,0,0,0,0,0,1,0,7559.6167189
20213,1123000776,14,10,4,0,0,1,5,7,1,0,0,0,3,6,1,0,0,1,2,1,0,4645.15896643
20213,1123000777,5,2,3,0,0,0,0,1,4,0,0,0,0,0,2,0,0,0,0,1,2,4637.37759361
20213,1123000779,6,6,0,0,1,2,2,0,1,0,1,2,2,0,1,0,0,0,0,0,0,3420.31595081
20213,1123000783,10,4,6,0,0,2,4,2,2,0,0,1,0,1,2,0,0,1,4,1,0,2849.07207398
20213,1123000784,24,22,2,0,3,2,10,5,4,0,3,2,9,4,4,0,0,0,1,1,0,9942.58958689
20213,1123000785,28,25,3,0,1,5,10,10,2,0,1,3,9,10,2,0,0,2,1,0,0,3943.49847808
20213,1123000787,8,6,2,0,2,2,0,2,2,0,0,2,0,2,2,0,2,0,0,0,0,2845.04936832
20213,1123000788,16,3,13,0,0,4,6,1,5,0,0,0,0,0,3,0,0,4,6,1,2,2837.51426934
20213,1123000790,7,3,4,0,3,3,0,1,0,0,1,1,0,1,0,0,2,2,0,0,0,7394.77884981
20213,1123000791,4,2,2,0,0,0,2,0,2,0,0,0,0,0,2,0,0,0,2,0,0,6190.17818905
20213,1123000792,210,134,76,0,35,92,39,24,20,0,10,61,26,22,15,0,25,31,13,2,5,3241.68558175
20213,1123000794,4,2,2,0,0,0,1,2,1,0,0,0,0,1,1,0,0,0,1,1,0,5526.98765954
20213,1123000796,3,0,3,0,0,0,2,1,0,0,0,0,0,0,0,0,0,0,2,1,0,2548.54200245
20213,1123000797,13,9,4,0,1,5,6,0,1,0,0,5,3,0,1,0,1,0,3,0,0,8036.97057082
20213,1123000799,90,50,40,0,6,32,22,24,6,0,3,13,14,14,6,0,3,19,8,10,0,35453.1704954
20213,1123000804,2,0,2,0,0,0,0,2,0,0,0,0,0,0,0,0,0,0,0,2,0,6529.5723876
20213,1123000805,1,0,1,0,0,0,0,1,0,0,0,0,0,0,0,0,0,0,0,1,0,8770.34867432
20213,1123000806,2,2,0,0,0,0,0,1,1,0,0,0,0,1,1,0,0,0,0,0,0,3574.87789573
20213,1123000809,5,4,1,0,0,0,2,1,2,0,0,0,1,1,2,0,0,0,1,0,0,4624.25370529
20213,1123000810,4,3,1,0,0,0,0,1,3,0,0,0,0,0,3,0,0,0,0,1,0,1262.72374307
20213,1123000811,4,2,2,0,1,0,1,1,1,0,0,0,1,0,1,0,1,0,0,1,0,1581.86584045
20213,1123000812,74,55,19,0,9,15,19,20,11,0,7,12,14,13,9,0,2,3,5,7,2,3035.88478622
20213,1123000814,13,6,7,0,2,2,4,1,4,0,0,1,3,0,2,0,2,1,1,1,2,6328.78202065
20213,1123000817,2,2,0,0,0,0,0,2,0,0,0,0,0,2,0,0,0,0,0,0,0,3092.94501325
20213,1123000818,7,6,1,0,0,1,0,2,4,0,0,1,0,2,3,0,0,0,0,0,1,11921.0973824
20213,1123000821,7,3,4,0,0,0,1,3,3,0,0,0,0,1,2,0,0,0,1,2,1,6999.5667647
20213,1123000822,24,12,12,0,0,4,10,3,7,0,0,2,3,2,5,0,0,2,7,1,2,6013.87445249
20213,1123000823,8,6,2,0,0,1,3,1,3,0,0,1,1,1,3,0,0,0,2,0,0,2165.13348129
20213,1123000824,1,0,1,0,0,0,1,0,0,0,0,0,0,0,0,0,0,0,1,0,0,2499.86282906
20213,1123000826,15,7,8,0,0,0,2,7,6,0,0,0,2,2,3,0,0,0,0,5,3,4934.16602867
20213,1123000828,4,2,2,0,2,0,1,1,0,0,1,0,0,1,0,0,1,0,1,0,0,2999.95610432
20213,1123000829,9,8,1,0,1,2,1,2,3,0,1,2,1,1,3,0,0,0,0,1,0,10360.8752738
20213,1123000830,22,19,3,0,3,3,8,3,5,0,3,3,6,2,5,0,0,0,2,1,0,7393.05431544
20213,1123000831,16,9,7,0,0,4,5,2,5,0,0,3,1,2,3,0,0,1,4,0,2,2969.82232353
20213,1123000832,13,10,3,0,1,2,1,5,4,0,1,2,1,3,3,0,0,0,0,2,1,595.572774367
20213,1123000833,39,16,23,0,9,7,13,5,5,0,1,7,5,1,2,0,8,0,8,4,3,11952.4452845
20213,1123000834,8,7,1,0,0,0,2,6,0,0,0,0,1,6,0,0,0,0,1,0,0,2598.71345033
20213,1123000835,5,5,0,0,0,0,3,2,0,0,0,0,3,2,0,0,0,0,0,0,0,1111.49576141
20213,1123000836,26,17,9,0,0,5,8,10,3,0,0,3,5,7,2,0,0,2,3,3,1,2788.69944117
20213,1123000837,2,1,1,0,0,0,0,0,2,0,0,0,0,0,1,0,0,0,0,0,1,2386.50490123
20213,1123000838,12,8,4,0,1,4,1,5,1,0,0,3,1,4,0,0,1,1,0,1,1,1206.35704805
20213,1123000840,12,10,2,0,0,1,3,3,5,0,0,1,3,2,4,0,0,0,0,1,1,3559.81870719
20213,1123000841,114,96,18,0,3,16,10,13,72,0,0,7,8,10,71,0,3,9,2,3,1,17054.004377
20213,1123000842,24,23,1,0,3,4,5,8,4,0,2,4,5,8,4,0,1,0,0,0,0,2172.34562805
20213,1123000843,5,3,2,0,1,2,0,0,2,0,0,1,0,0,2,0,1,1,0,0,0,2048.99462376
20213,1123000844,42,31,11,0,5,4,13,12,8,0,4,1,10,9,7,0,1,3,3,3,1,3432.34716877
20213,1123000845,7,3,4,0,2,0,1,3,1,0,0,0,0,2,1,0,2,0,1,1,0,2260.48510389
20213,1123000846,48,17,31,0,9,11,17,6,5,0,1,5,7,2,2,0,8,6,10,4,3,2268.05573689
20213,1123000847,29,23,6,0,2,7,6,4,10,0,2,6,4,2,9,0,0,1,2,2,1,2418.13496029
20213,1123000848,32,22,10,0,2,9,11,7,3,0,0,5,10,6,1,0,2,4,1,1,2,3474.14869826
20213,1123000849,1,1,0,0,0,0,0,1,0,0,0,0,0,1,0,0,0,0,0,0,0,2202.90659378
20213,1123000850,10,6,4,0,2,3,3,2,0,0,1,2,1,2,0,0,1,1,2,0,0,3219.71305901
20213,1123000851,6,1,5,0,0,2,2,1,1,0,0,0,0,1,0,0,0,2,2,0,1,5606.01333844
20213,1123000852,4,4,0,0,0,0,2,0,2,0,0,0,2,0,2,0,0,0,0,0,0,1578.57854434
20213,1123000854,4,1,3,0,1,1,2,0,0,0,0,0,1,0,0,0,1,1,1,0,0,865.51864328
20213,1123000856,4,1,3,0,1,0,0,3,0,0,0,0,0,1,0,0,1,0,0,2,0,2204.64945203
20213,1123000857,10,0,10,0,7,1,1,1,0,0,0,0,0,0,0,0,7,1,1,1,0,3051.58675781
20213,1123000858,120,86,34,1,17,26,35,26,15,0,11,17,23,23,12,1,6,9,12,3,3,2766.90389094
20213,1123000860,107,69,38,0,17,54,13,12,11,0,7,40,9,5,8,0,10,14,4,7,3,8391.36259807
20213,1123000871,6,3,3,0,2,1,1,0,2,0,0,0,1,0,2,0,2,1,0,0,0,6143.96655999
20213,1123000873,14,10,4,0,0,3,3,5,3,0,0,2,2,4,2,0,0,1,1,1,1,3531.93565764
20213,1123000875,1446,334,1112,0,497,549,301,93,6,0,69,150,90,20,5,0,428,399,211,73,1,3194.71731579
20213,1123000877,3,2,1,0,0,1,0,1,1,0,0,1,0,0,1,0,0,0,0,1,0,2928.75373941
20213,1123000878,4,4,0,0,0,0,3,0,1,0,0,0,3,0,1,0,0,0,0,0,0,2378.11521735
20213,1123000879,28,12,16,0,4,2,8,12,2,0,3,2,4,2,1,0,1,0,4,10,1,3399.64835843
20213,1123000880,8,1,7,0,0,2,4,0,2,0,0,0,0,0,1,0,0,2,4,0,1,3422.0005008
20213,1123000882,2,0,2,0,1,0,0,1,0,0,0,0,0,0,0,0,1,0,0,1,0,3512.74773724
20213,1123000883,8,6,2,0,0,1,2,2,3,0,0,1,2,2,1,0,0,0,0,0,2,2125.16655741
20213,1123000887,48,28,20,0,9,15,11,5,8,0,3,8,7,3,7,0,6,7,4,2,1,8606.23512171
20213,1123000889,2,1,1,0,0,0,1,0,1,0,0,0,0,0,1,0,0,0,1,0,0,2234.79247841
20213,1123000892,6,4,2,0,0,0,2,1,3,0,0,0,0,1,3,0,0,0,2,0,0,1482.01424451
20213,1123000896,4,2,2,0,0,0,2,1,1,0,0,0,1,0,1,0,0,0,1,1,0,3852.66229586
20213,1123000899,4,4,0,0,1,1,1,1,0,0,1,1,1,1,0,0,0,0,0,0,0,1424.06439015
20213,1123000900,9,2,7,0,0,3,4,1,1,0,0,1,0,0,1,0,0,2,4,1,0,8449.230904
20213,1123000903,4,2,2,0,0,0,0,2,2,0,0,0,0,1,1,0,0,0,0,1,1,4101.30733984
20213,1123000911,5,3,2,0,1,0,2,1,1,0,0,0,1,1,1,0,1,0,1,0,0,2662.73336807
20213,1123000916,16,13,3,0,5,3,6,1,1,0,3,3,5,1,1,0,2,0,1,0,0,926.997156386
20213,1123000920,37,23,14,0,2,8,19,7,1,0,2,6,11,3,1,0,0,2,8,4,0,1086.18995356
20213,1123000922,4,1,3,0,1,0,1,1,1,0,0,0,1,0,0,0,1,0,0,1,1,2397.62565878
20213,1123000924,7,2,5,0,0,3,2,2,0,0,0,0,0,2,0,0,0,3,2,0,0,3349.21343777
20213,1123000925,64,33,31,0,11,17,13,21,2,0,4,11,9,8,1,0,7,6,4,13,1,3732.67537
20213,1123000933,22,9,13,0,10,1,3,6,2,0,2,0,1,5,1,0,8,1,2,1,1,2075.67256411
20213,1123000934,12,8,4,0,1,1,5,2,3,0,0,0,4,2,2,0,1,1,1,0,1,5033.75205013
20213,1123000935,4,3,1,0,2,0,0,2,0,0,1,0,0,2,0,0,1,0,0,0,0,5658.86112854
20213,1123000938,21,7,14,0,4,5,7,5,0,0,0,1,3,3,0,0,4,4,4,2,0,1822.39100718
20213,1123000940,2,2,0,0,0,0,1,1,0,0,0,0,1,1,0,0,0,0,0,0,0,3083.36377762
20213,1123000942,47,43,4,0,1,7,19,15,5,0,1,5,18,15,4,0,0,2,1,0,1,2469.10378439
20213,1123000944,6,3,3,0,0,1,3,1,1,0,0,1,0,1,1,0,0,0,3,0,0,2541.94115157
20213,1123000949,18,10,8,0,3,10,2,1,2,0,1,4,2,1,2,0,2,6,0,0,0,1253.45301219
20213,1123000954,11,1,10,0,2,0,5,4,0,0,0,0,1,0,0,0,2,0,4,4,0,4708.06271298
20213,1123000957,8,7,1,0,0,0,1,4,3,0,0,0,1,3,3,0,0,0,0,1,0,2804.75312681
20213,1123000958,35,24,11,0,1,7,10,9,8,0,1,3,6,7,7,0,0,4,4,2,1,6868.69509997
20213,1123000960,3,3,0,0,0,0,2,1,0,0,0,0,2,1,0,0,0,0,0,0,0,1899.39653633
20213,1123000961,13,5,8,0,3,4,2,3,1,0,1,0,1,2,1,0,2,4,1,1,0,9874.45124892
20213,1123000969,50,22,28,1,0,5,25,16,3,1,0,3,8,7,3,0,0,2,17,9,0,3966.53727376
20213,1123000974,3,2,1,0,0,0,1,2,0,0,0,0,1,1,0,0,0,0,0,1,0,1212.71752248
20213,1123000975,2,2,0,0,0,0,2,0,0,0,0,0,2,0,0,0,0,0,0,0,0,4277.10327787
20213,1123000978,3,3,0,0,0,1,0,1,1,0,0,1,0,1,1,0,0,0,0,0,0,1836.00903797
20213,1123000979,3,1,2,0,0,0,0,2,1,0,0,0,0,1,0,0,0,0,0,1,1,9758.30407219
20213,1123000980,1,1,0,0,0,0,0,1,0,0,0,0,0,1,0,0,0,0,0,0,0,1117.58018808
20213,1123000983,7,3,4,0,2,2,1,1,1,0,2,1,0,0,0,0,0,1,1,1,1,2366.24545472
20213,1123000984,2,2,0,0,0,0,1,1,0,0,0,0,1,1,0,0,0,0,0,0,0,3077.86066463
20213,1123000990,2,1,1,0,0,0,0,0,2,0,0,0,0,0,1,0,0,0,0,0,1,1305.98708829
20213,1123000995,15,2,13,0,8,1,5,0,1,0,0,0,1,0,1,0,8,1,4,0,0,3073.87166788
20213,1123000999,4,4,0,0,0,1,0,1,2,0,0,1,0,1,2,0,0,0,0,0,0,4074.72198537
20213,1123001000,1,1,0,0,0,0,0,0,1,0,0,0,0,0,1,0,0,0,0,0,0,2394.42581509
20213,1123001002,5,1,4,0,0,0,2,1,2,0,0,0,1,0,0,0,0,0,1,1,2,4405.99332393
20213,1123001005,30,15,15,0,4,5,14,5,2,0,0,3,7,5,0,0,4,2,7,0,2,6633.87725523
20213,1123001006,4,3,1,0,0,1,0,1,2,0,0,1,0,0,2,0,0,0,0,1,0,830.165903969
20213,1123001008,8,7,1,0,0,0,0,5,3,0,0,0,0,4,3,0,0,0,0,1,0,4966.72047992
20213,1123001009,2,2,0,0,2,0,0,0,0,0,2,0,0,0,0,0,0,0,0,0,0,3491.88435607
20213,1123001010,4,2,2,0,0,2,0,2,0,0,0,1,0,1,0,0,0,1,0,1,0,2510.94937435
20213,1123001012,4,2,2,0,0,0,0,3,1,0,0,0,0,1,1,0,0,0,0,2,0,654.762584036
20213,1123001013,2,2,0,0,1,0,1,0,0,0,1,0,1,0,0,0,0,0,0,0,0,2311.56558557
20213,1123001015,17,6,11,0,6,8,1,1,1,0,2,2,0,1,1,0,4,6,1,0,0,1381.14508248
20213,1123001020,4,4,0,0,0,3,1,0,0,0,0,3,1,0,0,0,0,0,0,0,0,3282.08490934
20213,1123001021,7,4,3,0,0,2,3,1,1,0,0,2,2,0,0,0,0,0,1,1,1,2792.34741787
20213,1123001022,702,498,204,0,5,92,243,248,114,0,3,42,152,202,99,0,2,50,91,46,15,75357.7962421
20213,1123001024,2,2,0,0,0,1,1,0,0,0,0,1,1,0,0,0,0,0,0,0,0,1737.81831967
20213,1123001030,3,1,2,0,2,1,0,0,0,0,0,1,0,0,0,0,2,0,0,0,0,2631.50546448
20213,1123001031,15,7,8,0,6,3,6,0,0,0,3,2,2,0,0,0,3,1,4,0,0,2513.51861358
20213,1123001034,3,1,2,0,0,1,1,1,0,0,0,0,0,1,0,0,0,1,1,0,0,2937.58974716
20213,1123001035,6,1,5,0,1,0,3,1,1,0,0,0,1,0,0,0,1,0,2,1,1,2582.97069588
20213,1123001036,14,7,7,0,4,3,3,4,0,0,1,1,2,3,0,0,3,2,1,1,0,86181.752073
20213,1123001038,3,2,1,0,0,1,1,0,1,0,0,1,0,0,1,0,0,0,1,0,0,702.517798597
20213,1123001039,13,9,4,0,1,1,2,3,6,0,0,0,2,2,5,0,1,1,0,1,1,26947.7282141
20213,1123001040,5,3,2,0,0,1,1,3,0,0,0,0,0,3,0,0,0,1,1,0,0,2564.67134806
20213,1123001041,14,5,9,0,0,1,7,6,0,0,0,1,3,1,0,0,0,0,4,5,0,3891.79118463
20213,1123001043,14,8,6,0,0,3,5,3,3,0,0,2,4,1,1,0,0,1,1,2,2,2174.7425155
20213,1123001047,2,1,1,0,0,0,0,2,0,0,0,0,0,1,0,0,0,0,0,1,0,5773.03312329
20213,1123001048,19,13,6,0,1,1,10,4,3,0,0,1,7,3,2,0,1,0,3,1,1,5667.90612722
20213,1123001049,4,3,1,0,0,2,1,1,0,0,0,1,1,1,0,0,0,1,0,0,0,2908.9263683
20213,1123001051,128,40,88,0,7,10,27,30,54,0,0,4,13,5,18,0,7,6,14,25,36,12705.1673298
20213,1123001052,4,1,3,0,0,1,0,2,1,0,0,0,0,0,1,0,0,1,0,2,0,2913.25226694
20213,1123001057,11,5,6,0,1,2,3,3,2,0,0,1,2,1,1,0,1,1,1,2,1,3302.94712939
20213,1123001063,7,4,3,0,1,1,2,2,1,0,0,0,1,2,1,0,1,1,1,0,0,1036.60154414
20213,1123001070,7,6,1,0,4,0,1,2,0,0,3,0,1,2,0,0,1,0,0,0,0,5731.46337646
20213,1123001071,25,10,15,0,6,5,6,6,2,0,0,3,2,4,1,0,6,2,4,2,1,3146.20831367
20213,1123001077,4,2,2,0,0,1,1,1,1,0,0,0,1,1,0,0,0,1,0,0,1,1921.47218633
20213,1123001078,35,18,17,0,3,6,7,13,6,0,1,3,2,8,4,0,2,3,5,5,2,6464.12246345
20213,1123001082,4,4,0,0,0,0,2,1,1,0,0,0,2,1,1,0,0,0,0,0,0,1952.94323736
20213,1123001085,238,127,111,0,35,53,83,51,16,0,11,26,55,25,10,0,24,27,28,26,6,5762.89541679
20213,1123001088,3,3,0,0,0,0,0,0,3,0,0,0,0,0,3,0,0,0,0,0,0,8042.30153718
20213,1123001089,3,1,2,0,0,0,1,1,1,0,0,0,0,0,1,0,0,0,1,1,0,9030.19472157
20213,1123001091,2,1,1,0,0,0,0,1,1,0,0,0,0,0,1,0,0,0,0,1,0,2168.0241135
20213,1123001093,2,1,1,0,0,1,1,0,0,0,0,0,1,0,0,0,0,1,0,0,0,3166.72280181
20213,1123001102,4,3,1,0,1,0,0,2,1,0,1,0,0,1,1,0,0,0,0,1,0,2096.36169548
20213,1123001103,3,1,2,0,0,1,2,0,0,0,0,0,1,0,0,0,0,1,1,0,0,5580.69721502
20213,1123001115,72,36,36,1,28,11,15,4,13,1,14,6,8,2,5,0,14,5,7,2,8,38244.3507977
20213,1123001117,7,5,2,0,2,3,2,0,0,0,1,3,1,0,0,0,1,0,1,0,0,1137.74013892
20213,1123001118,4,3,1,0,1,0,0,3,0,0,0,0,0,3,0,0,1,0,0,0,0,1306.08891639
20213,1123001119,5,2,3,0,1,0,0,1,3,0,0,0,0,0,2,0,1,0,0,1,1,1619.08847219
20213,1123001121,2,2,0,0,0,0,0,0,2,0,0,0,0,0,2,0,0,0,0,0,0,1470.25396391
20213,1123001123,3,1,2,0,1,1,1,0,0,0,0,0,1,0,0,0,1,1,0,0,0,5027.21683106
20213,1123001125,219,69,150,0,41,56,60,47,15,0,8,15,14,20,12,0,33,41,46,27,3,4184.06575642
20213,1123001126,9,7,2,0,0,1,4,3,1,0,0,1,3,2,1,0,0,0,1,1,0,3173.32707008
20213,1123001131,7,3,4,0,0,3,1,2,1,0,0,1,1,1,0,0,0,2,0,1,1,5769.86987865
20213,1123001136,5,5,0,0,0,3,2,0,0,0,0,3,2,0,0,0,0,0,0,0,0,1115.19650562
20213,1123001138,4,4,0,0,0,1,3,0,0,0,0,1,3,0,0,0,0,0,0,0,0,995.522197245
20213,1123001140,2,1,1,0,0,1,0,1,0,0,0,0,0,1,0,0,0,1,0,0,0,2198.20008866
20213,1123001141,10,5,5,0,0,2,2,3,3,0,0,0,1,1,3,0,0,2,1,2,0,2710.43756067
20213,1123001147,4,3,1,0,0,1,0,2,1,0,0,1,0,1,1,0,0,0,0,1,0,2089.71271821
20213,1123001154,58,48,10,0,2,7,13,28,8,0,1,6,9,25,7,0,1,1,4,3,1,3163.5209142
20213,1123001159,9,5,4,0,0,5,1,2,1,0,0,1,1,2,1,0,0,4,0,0,0,615.770390618
20213,1123001164,1,1,0,0,0,0,0,0,1,0,0,0,0,0,1,0,0,0,0,0,0,845.324753447
20213,1123001169,5,4,1,0,1,1,2,1,0,0,0,1,2,1,0,0,1,0,0,0,0,1885.21017967
20213,1123001178,7,6,1,0,1,4,1,0,1,0,1,4,0,0,1,0,0,0,1,0,0,948.704945047
20213,1123001184,6,2,4,0,0,0,1,5,0,0,0,0,0,2,0,0,0,0,1,3,0,1621.91633535
20213,1123001188,3,3,0,0,0,0,0,3,0,0,0,0,0,3,0,0,0,0,0,0,0,4681.36199995
20213,1123001192,6,3,3,0,0,0,1,5,0,0,0,0,0,3,0,0,0,0,1,2,0,1363.00514833
20213,1123001196,6,2,4,0,0,1,0,1,4,0,0,0,0,1,1,0,0,1,0,0,3,2983.07530735
20213,1123001203,3,1,2,0,0,0,1,2,0,0,0,0,1,0,0,0,0,0,0,2,0,3334.59171495
20213,1123001204,25,9,16,0,3,3,8,8,3,0,1,1,1,4,2,0,2,2,7,4,1,5537.27314008
20213,1123001212,912,386,526,2,141,195,202,221,151,1,48,91,84,77,85,1,93,104,118,144,66,3424.08233721
20213,1123001225,4,3,1,0,0,0,3,0,1,0,0,0,3,0,0,0,0,0,0,0,1,1620.38956919
20213,1123001227,1,1,0,0,0,0,1,0,0,0,0,0,1,0,0,0,0,0,0,0,0,2568.4614047
20213,1123001229,9,7,2,0,0,1,2,4,2,0,0,1,2,2,2,0,0,0,0,2,0,2638.75401326
20213,1123001230,11,9,2,0,1,2,5,3,0,0,1,2,4,2,0,0,0,0,1,1,0,2574.61545223
20213,1123001232,2,2,0,0,0,1,0,0,1,0,0,1,0,0,1,0,0,0,0,0,0,4104.49026507
20213,1123001233,124,88,36,0,13,23,29,20,39,0,6,16,17,13,36,0,7,7,12,7,3,4361.97528672
20213,1123001234,4,0,4,0,0,1,2,1,0,0,0,0,0,0,0,0,0,1,2,1,0,2265.87993922
20213,1123001243,7,7,0,0,0,0,2,4,1,0,0,0,2,4,1,0,0,0,0,0,0,412.873694887
20213,1123001247,3,2,1,0,0,0,3,0,0,0,0,0,2,0,0,0,0,0,1,0,0,2593.29276002
20213,1123001251,1,1,0,0,0,0,0,1,0,0,0,0,0,1,0,0,0,0,0,0,0,1806.93515137
20213,1123001252,4,3,1,0,1,0,0,2,1,0,1,0,0,1,1,0,0,0,0,1,0,3972.39225777
20213,1123001262,3,1,2,0,0,0,1,2,0,0,0,0,1,0,0,0,0,0,0,2,0,1388.2020094
20213,1123001265,21,2,19,0,2,5,6,6,2,0,0,0,1,0,1,0,2,5,5,6,1,2131.82584228
20213,1123001266,99,19,80,0,11,27,27,24,10,0,0,3,7,2,7,0,11,24,20,22,3,17231.4819426
20213,1123001269,2,1,1,0,0,0,1,1,0,0,0,0,0,1,0,0,0,0,1,0,0,1705.87460823
20213,1123001271,12,7,5,0,0,3,4,3,2,0,0,2,1,2,2,0,0,1,3,1,0,3031.587709
20213,1123001272,30,18,12,0,5,5,9,9,2,0,5,2,3,6,2,0,0,3,6,3,0,3015.47768558
20213,1123001273,8,5,3,0,1,1,3,3,0,0,0,1,2,2,0,0,1,0,1,1,0,9357.04827425
20213,1123001280,4,2,2,0,0,0,1,2,1,0,0,0,0,2,0,0,0,0,1,0,1,3600.74066953
20213,1123001282,4,0,4,0,1,0,0,3,0,0,0,0,0,0,0,0,1,0,0,3,0,1476.08055255
20213,1123001284,5,1,4,0,3,0,0,2,0,0,0,0,0,1,0,0,3,0,0,1,0,4095.01648466
20213,1123001285,3,1,2,0,1,0,1,1,0,0,0,0,0,1,0,0,1,0,1,0,0,1094.09394927
20213,1123001286,7,2,5,0,0,1,6,0,0,0,0,0,2,0,0,0,0,1,4,0,0,2682.5819701
20213,1123001292,4,2,2,0,2,0,1,0,1,0,2,0,0,0,0,0,0,0,1,0,1,1340.74481648
20213,1123001295,7,4,3,0,0,0,1,4,2,0,0,0,1,1,2,0,0,0,0,3,0,3050.30695554
20213,1123001298,3,0,3,0,1,0,0,2,0,0,0,0,0,0,0,0,1,0,0,2,0,1490.37942704
20213,1123001299,160,94,66,0,20,53,32,39,16,0,5,20,23,34,12,0,15,33,9,5,4,3095.68658882
20213,1123001301,51,43,8,0,2,30,18,1,0,0,2,27,13,1,0,0,0,3,5,0,0,5649.15500544
20213,1123001306,33,11,22,0,7,9,9,4,4,0,1,5,2,1,2,0,6,4,7,3,2,6314.75504802
20213,1123001309,14,11,3,0,2,7,0,3,2,0,1,6,0,2,2,0,1,1,0,1,0,3176.70006711
20213,1123001317,5,4,1,0,0,0,0,1,4,0,0,0,0,1,3,0,0,0,0,0,1,7574.59307796
20213,1123001319,8,7,1,0,2,2,2,2,0,0,2,2,1,2,0,0,0,0,1,0,0,4983.2483172
20213,1123001326,399,226,173,0,43,89,100,103,64,0,17,41,45,74,49,0,26,48,55,29,15,5658.17166803
20213,1123001329,7,2,5,0,3,2,0,2,0,0,0,0,0,2,0,0,3,2,0,0,0,5200.27360612
20213,1123001330,134,129,5,0,1,1,11,56,65,0,0,1,10,53,65,0,1,0,1,3,0,4968.44184638
20213,1123001331,9,8,1,0,0,0,1,2,6,0,0,0,1,2,5,0,0,0,0,0,1,6572.33371418
20213,1123001333,25,23,2,0,0,2,0,2,21,0,0,1,0,1,21,0,0,1,0,1,0,142300.960354
20213,1123001335,71,48,23,0,9,15,19,14,14,0,5,10,13,11,9,0,4,5,6,3,5,14580.2287956
20213,1123001336,163,85,78,0,18,70,44,14,17,0,6,36,24,8,11,0,12,34,20,6,6,13518.2484709
20213,1123001338,72,42,30,1,8,15,13,17,18,1,4,5,7,10,15,0,4,10,6,7,3,14034.7598661
20213,1123001339,20,15,5,0,3,2,6,7,2,0,2,2,4,5,2,0,1,0,2,2,0,3086.2119734
20213,1123001341,135,72,63,3,11,26,38,38,19,3,7,14,20,15,13,0,4,12,18,23,6,14753.5555328
20213,1123001342,84,66,18,0,10,20,27,17,10,0,7,16,22,12,9,0,3,4,5,5,1,4890.27737582
20213,1123001344,111,107,4,0,0,5,17,32,57,0,0,4,15,31,57,0,0,1,2,1,0,10344.9087969
20213,1123001346,153,99,54,0,27,37,40,28,21,0,13,24,24,18,20,0,14,13,16,10,1,14228.9395352
20213,1123001348,18,7,11,0,5,5,3,4,1,0,1,1,2,2,1,0,4,4,1,2,0,1516.73077499
20213,1123001349,40,27,13,0,5,3,9,13,10,0,1,3,6,8,9,0,4,0,3,5,1,6100.05561612
20213,1123001350,524,310,214,0,51,45,36,91,301,0,44,40,32,48,146,0,7,5,4,43,155,7800.16063219
20213,1123001351,139,75,64,0,19,39,31,33,17,0,2,18,19,24,12,0,17,21,12,9,5,13334.0678012
20213,1123001352,48,35,13,0,11,8,11,10,8,0,8,5,8,7,7,0,3,3,3,3,1,5923.45945574
20213,1123001353,438,296,142,2,9,11,28,37,351,0,2,3,15,16,260,2,7,8,13,21,91,7192.62815346
20213,1123001354,12,8,4,0,1,1,3,6,1,0,1,1,1,4,1,0,0,0,2,2,0,1388.96975073
20213,1123001355,8,4,4,0,0,2,2,3,1,0,0,0,1,3,0,0,0,2,1,0,1,2977.99793061
20213,1123001356,69,64,5,0,1,3,8,14,43,0,1,2,6,13,42,0,0,1,2,1,1,3433.71335463
20213,1123001357,10,6,4,0,2,0,3,3,2,0,1,0,2,2,1,0,1,0,1,1,1,5898.85922386
20213,1123001358,52,33,19,0,10,12,18,9,3,0,5,7,12,7,2,0,5,5,6,2,1,8534.43284344
20213,1123001359,10,5,5,0,0,5,4,1,0,0,0,3,2,0,0,0,0,2,2,1,0,3743.21790007
20213,1123001360,4,2,2,0,2,0,0,2,0,0,1,0,0,1,0,0,1,0,0,1,0,1355.34837445
20213,1123001362,56,35,21,0,6,7,8,20,15,0,1,3,4,16,11,0,5,4,4,4,4,6518.33570488
20213,1123001365,516,416,100,0,145,141,122,55,53,0,119,123,94,35,45,0,26,18,28,20,8,14057.3660987
20213,1123001366,4,1,3,0,0,1,0,1,2,0,0,0,0,0,1,0,0,1,0,1,1,343.514960473
20213,1123001367,58,44,14,0,3,6,16,8,25,0,2,3,7,8,24,0,1,3,9,0,1,7875.80489619
20213,1123001368,38,18,20,0,3,5,10,15,5,0,0,2,5,10,1,0,3,3,5,5,4,7981.48969243
20213,1123001371,9,8,1,0,0,0,5,2,2,0,0,0,5,2,1,0,0,0,0,0,1,3789.31894149
20213,1123001372,83,45,38,0,10,26,26,15,6,0,7,10,16,11,1,0,3,16,10,4,5,7544.30183205
20213,1123001373,2,2,0,0,0,0,0,1,1,0,0,0,0,1,1,0,0,0,0,0,0,267.986559413
20213,1123001374,25,17,8,0,5,5,3,6,6,0,3,4,2,4,4,0,2,1,1,2,2,3448.47641737
20213,1123001375,416,298,118,6,31,74,106,78,121,5,11,44,71,62,105,1,20,30,35,16,16,14113.5126472
20213,1123001376,10,6,4,0,0,0,1,4,5,0,0,0,0,2,4,0,0,0,1,2,1,5273.24260925
20213,1123001377,6,6,0,0,0,2,0,1,3,0,0,2,0,1,3,0,0,0,0,0,0,2621.53512107
20213,1123001379,10,6,4,0,0,2,2,4,2,0,0,0,1,3,2,0,0,2,1,1,0,5566.7657525
20213,1123001381,18,14,4,0,0,1,8,4,5,0,0,1,6,3,4,0,0,0,2,1,1,4734.4584569
20213,1123001384,13,3,10,0,6,3,2,1,1,0,0,1,2,0,0,0,6,2,0,1,1,5199.24676573
20213,1123001385,139,75,64,0,14,30,44,33,18,0,4,15,25,18,13,0,10,15,19,15,5,8042.37328887
20213,1123001386,18,11,7,0,1,2,8,4,3,0,1,2,4,2,2,0,0,0,4,2,1,2931.89741529
20213,1123001388,25,13,12,0,3,2,4,15,1,0,2,1,0,9,1,0,1,1,4,6,0,6419.41771923
20213,1123001389,15,10,5,0,0,3,3,5,4,0,0,1,2,3,4,0,0,2,1,2,0,5354.60233294
20213,1123001391,271,249,22,0,22,94,72,80,3,0,18,87,67,76,1,0,4,7,5,4,2,5470.59872095
20213,1123001392,38,9,29,0,17,5,4,8,4,0,0,3,1,3,2,0,17,2,3,5,2,6654.32879763
20213,1123001393,44,32,12,0,12,6,11,8,7,0,9,4,8,5,6,0,3,2,3,3,1,6374.30314091
20213,1123001397,24,14,10,0,5,5,5,8,1,0,5,2,4,2,1,0,0,3,1,6,0,6525.81560154
20213,1123001398,7,3,4,0,1,3,0,2,1,0,0,2,0,0,1,0,1,1,0,2,0,4536.20935954
20213,1123001399,10,4,6,0,0,1,4,5,0,0,0,0,1,3,0,0,0,1,3,2,0,6474.82609417
20213,1123001400,6,5,1,0,0,1,1,2,2,0,0,1,0,2,2,0,0,0,1,0,0,11320.3183701
20213,1123001401,27,5,22,0,2,5,7,7,6,0,0,0,0,0,5,0,2,5,7,7,1,15122.9864546
20213,1123001402,3,2,1,0,0,1,1,0,1,0,0,1,0,0,1,0,0,0,1,0,0,3221.89739034
20213,1123001403,38,23,15,0,2,8,11,7,10,0,1,3,8,3,8,0,1,5,3,4,2,4867.70086789
20213,1123001404,18,16,2,0,2,5,5,5,1,0,2,5,5,3,1,0,0,0,0,2,0,1810.52620531
20213,1123001405,72,35,37,0,23,14,16,12,7,0,9,10,6,6,4,0,14,4,10,6,3,5917.4011449
20213,1123001406,10,9,1,0,0,0,1,7,2,0,0,0,1,6,2,0,0,0,0,1,0,6501.7530575
20213,1123001407,16,13,3,0,1,4,7,3,1,0,0,3,7,2,1,0,1,1,0,1,0,6368.72709123
20213,1123001408,25,12,13,0,6,5,7,4,3,0,2,2,3,2,3,0,4,3,4,2,0,1000.0890138
20213,1123001409,2,2,0,0,0,0,1,0,1,0,0,0,1,0,1,0,0,0,0,0,0,1020.5928757
20213,1123001411,7,7,0,0,1,0,1,1,4,0,1,0,1,1,4,0,0,0,0,0,0,2523.75545318
20213,1123001413,100,75,25,0,6,33,28,15,18,0,1,26,23,11,14,0,5,7,5,4,4,11519.4560242
20213,1123001414,2,2,0,0,0,0,0,0,2,0,0,0,0,0,2,0,0,0,0,0,0,1137.48089262
20213,1123001416,5,2,3,0,0,1,2,1,1,0,0,0,1,0,1,0,0,1,1,1,0,3778.67687162
20213,1123001417,181,143,38,1,56,42,37,31,14,0,43,32,32,26,10,1,13,10,5,5,4,7514.87708392
20213,1123001419,10,8,2,0,0,1,0,5,4,0,0,0,0,5,3,0,0,1,0,0,1,9775.13424425
20213,1123001421,14,4,10,0,3,3,2,5,1,0,1,1,1,0,1,0,2,2,1,5,0,6014.44502704
20213,1123001422,2,2,0,0,0,0,2,0,0,0,0,0,2,0,0,0,0,0,0,0,0,1880.3633536
20213,1123001424,101,99,2,0,1,0,8,42,50,0,1,0,8,40,50,0,0,0,0,2,0,4932.16320077
20213,1123001425,147,79,68,0,31,51,22,21,22,0,12,28,12,12,15,0,19,23,10,9,7,13280.7704614
20213,1123001426,13,10,3,0,0,3,5,4,1,0,0,3,4,2,1,0,0,0,1,2,0,5658.04577768
20213,1123001427,21,9,12,0,3,6,3,3,6,0,0,3,0,1,5,0,3,3,3,2,1,3280.33657303
20213,1123001429,15,11,4,0,0,6,3,3,3,0,0,4,2,2,3,0,0,2,1,1,0,5682.75460762
20213,1123001431,3,2,1,0,0,0,1,1,1,0,0,0,1,1,0,0,0,0,0,0,1,1921.24713238
20213,1123001433,5,5,0,0,0,1,2,2,0,0,0,1,2,2,0,0,0,0,0,0,0,5496.50228721
20213,1123001434,68,43,25,0,11,21,14,11,11,0,3,13,9,8,10,0,8,8,5,3,1,5145.44003317
20213,1123001437,8,6,2,0,1,0,1,2,4,0,0,0,1,2,3,0,1,0,0,0,1,2326.9723399
20213,1123001440,20,14,6,0,0,3,5,7,5,0,0,1,4,6,3,0,0,2,1,1,2,7213.35894654
20213,1123001441,3,1,2,0,0,1,0,1,1,0,0,0,0,0,1,0,0,1,0,1,0,1457.86495565
20213,1123001442,38,17,21,0,1,4,3,22,8,0,0,1,2,11,3,0,1,3,1,11,5,4977.86546705
20213,1123001443,24,6,18,0,2,7,7,3,5,0,0,1,1,1,3,0,2,6,6,2,2,4730.21808241
20213,1123001444,96,13,83,0,7,19,34,30,6,0,1,3,2,2,5,0,6,16,32,28,1,13746.4756124
20213,1123001445,5,4,1,0,0,0,2,3,0,0,0,0,2,2,0,0,0,0,0,1,0,2480.22846466
20213,1123001448,3,2,1,0,0,1,0,0,2,0,0,0,0,0,2,0,0,1,0,0,0,4354.47016014
20213,1123001450,4,4,0,0,0,2,0,2,0,0,0,2,0,2,0,0,0,0,0,0,0,3045.99398529
20213,1123001451,2,1,1,0,0,1,0,0,1,0,0,1,0,0,0,0,0,0,0,0,1,4503.51955396
20213,1123001452,103,52,51,0,22,31,23,16,11,0,9,14,12,7,10,0,13,17,11,9,1,5180.56802312
20213,1123001453,11,10,1,0,2,2,3,3,1,0,2,1,3,3,1,0,0,1,0,0,0,2969.74191804
20213,1123001454,2,2,0,0,0,1,0,1,0,0,0,1,0,1,0,0,0,0,0,0,0,1674.43272639
20213,1123001455,24,12,12,0,2,1,7,9,5,0,2,1,3,5,1,0,0,0,4,4,4,6837.64911032
20213,1123001456,164,148,16,0,26,35,45,37,21,0,19,31,44,34,20,0,7,4,1,3,1,5126.12306402
20213,1123001459,3,3,0,0,0,0,1,1,1,0,0,0,1,1,1,0,0,0,0,0,0,2630.20227803
20213,1123001460,9,6,3,0,0,1,7,0,1,0,0,1,4,0,1,0,0,0,3,0,0,1541.02592783
20213,1123001462,122,65,57,0,9,20,35,36,22,0,6,10,17,20,12,0,3,10,18,16,10,3894.32687889
20213,1123001464,5,4,1,0,2,0,1,1,1,0,2,0,1,1,0,0,0,0,0,0,1,8432.94970331
20213,1123001465,46,11,35,0,9,14,8,13,2,0,2,3,1,4,1,0,7,11,7,9,1,18246.4413529
20213,1123001467,21,9,12,0,0,0,4,10,7,0,0,0,2,5,2,0,0,0,2,5,5,4736.76092528
20213,1123001473,126,91,35,0,21,31,31,26,17,0,16,18,22,20,15,0,5,13,9,6,2,2709.17188854
20213,1123001474,59,30,29,0,3,12,28,10,6,0,3,9,14,1,3,0,0,3,14,9,3,8476.88203593
20213,1123001476,5,4,1,0,1,1,1,1,1,0,1,0,1,1,1,0,0,1,0,0,0,7063.28036857
20213,1123001477,13,9,4,0,2,1,4,4,2,0,1,0,4,2,2,0,1,1,0,2,0,6953.99217491
20213,1123001479,10,9,1,0,0,1,5,3,1,0,0,0,5,3,1,0,0,1,0,0,0,6990.62090556
20213,1123001480,23,11,12,0,0,3,4,11,5,0,0,1,2,6,2,0,0,2,2,5,3,7085.04358612
20213,1123001481,57,35,22,0,6,17,15,13,6,0,1,13,10,8,3,0,5,4,5,5,3,8895.96901651
20213,1123001482,60,33,27,0,5,11,14,23,7,0,3,8,6,10,6,0,2,3,8,13,1,6110.90501105
20213,1123001483,27,12,15,0,3,5,9,10,0,0,2,4,2,4,0,0,1,1,7,6,0,6160.22952037
20213,1123001484,47,31,16,2,10,14,10,9,2,2,7,5,7,8,2,0,3,9,3,1,0,3076.36896317
20213,1123001486,7,3,4,0,0,0,2,2,3,0,0,0,0,1,2,0,0,0,2,1,1,5359.76878647
20213,1123001487,11,10,1,0,1,1,3,3,3,0,1,1,2,3,3,0,0,0,1,0,0,3386.07192793
20213,1123001488,7,4,3,0,0,1,6,0,0,0,0,0,4,0,0,0,0,1,2,0,0,3019.7420794
20213,1123001489,15,11,4,0,4,5,4,1,1,0,3,3,3,1,1,0,1,2,1,0,0,3187.30133804
20213,1123001491,16,6,10,0,3,5,3,4,1,0,0,2,1,2,1,0,3,3,2,2,0,25154.3285933
20213,1123001493,2,2,0,0,1,0,0,1,0,0,1,0,0,1,0,0,0,0,0,0,0,3174.20676325
20213,1123001494,92,25,67,0,13,15,16,22,26,0,4,9,6,2,4,0,9,6,10,20,22,7379.14624136
20213,1123001497,6,6,0,0,0,0,3,2,1,0,0,0,3,2,1,0,0,0,0,0,0,2817.87552365
20213,1123001498,16,1,15,0,5,3,2,4,2,0,0,0,0,0,1,0,5,3,2,4,1,1808.47977986
20213,1123001499,6,4,2,0,2,1,1,2,0,0,2,1,0,1,0,0,0,0,1,1,0,1821.86097926
20213,1123001501,16,9,7,0,0,6,2,8,0,0,0,4,1,4,0,0,0,2,1,4,0,1697.95252412
20213,1123001505,8,4,4,0,0,4,1,2,1,0,0,2,1,1,0,0,0,2,0,1,1,7638.06405978
20213,1123001509,110,75,35,0,7,25,30,30,18,0,6,17,21,17,14,0,1,8,9,13,4,10862.3147481
20213,1123001514,724,301,423,0,14,16,59,178,457,0,11,9,33,67,181,0,3,7,26,111,276,3651.64655198
20213,1123001516,22,2,20,0,5,7,3,3,4,0,0,0,0,0,2,0,5,7,3,3,2,7303.2756489
20213,1123001518,41,21,20,0,8,7,4,17,5,0,5,3,2,7,4,0,3,4,2,10,1,6825.94748015
20213,1123001520,19,15,4,0,6,3,7,2,1,0,3,3,6,2,1,0,3,0,1,0,0,2442.67438422
20213,1123001526,13,9,4,0,0,2,7,3,1,0,0,1,5,2,1,0,0,1,2,1,0,3198.73780029
20213,1123001530,23,11,12,0,4,6,7,3,3,0,2,0,5,1,3,0,2,6,2,2,0,7635.80977453
20213,1123001534,44,25,19,1,8,11,16,5,3,1,3,6,11,4,0,0,5,5,5,1,3,9796.04396006
20213,1123001536,7,6,1,0,0,1,3,0,3,0,0,1,2,0,3,0,0,0,1,0,0,6330.7126506
20213,1123001537,3,3,0,0,0,2,0,1,0,0,0,2,0,1,0,0,0,0,0,0,0,770.712491337
20213,1123001540,5,3,2,0,0,1,0,2,2,0,0,0,0,1,2,0,0,1,0,1,0,365.90759133
20213,1123001541,27,13,14,0,1,4,6,7,9,0,0,2,3,3,5,0,1,2,3,4,4,2661.1772161
20213,1123001542,12,9,3,0,0,1,4,5,2,0,0,0,3,4,2,0,0,1,1,1,0,2955.87505828
20213,1123001543,3,3,0,0,0,0,2,1,0,0,0,0,2,1,0,0,0,0,0,0,0,8596.90806714
20213,1123001548,7,2,5,0,3,1,1,2,0,0,1,0,0,1,0,0,2,1,1,1,0,2383.501796
20213,1123001552,1,0,1,0,0,0,0,0,1,0,0,0,0,0,0,0,0,0,0,0,1,780.11637716
20213,1123001555,15,7,8,0,0,3,3,5,4,0,0,1,1,2,3,0,0,2,2,3,1,2318.38621465
20213,1123001557,9,4,5,0,1,2,4,1,1,0,0,1,2,0,1,0,1,1,2,1,0,2655.03621618
20213,1123001562,2,2,0,0,0,0,0,1,1,0,0,0,0,1,1,0,0,0,0,0,0,2385.05822121
20213,1123001563,1,1,0,0,0,0,0,0,1,0,0,0,0,0,1,0,0,0,0,0,0,1105.44703502
20213,1123001564,155,114,41,0,21,31,37,46,20,0,16,26,25,31,16,0,5,5,12,15,4,9502.44158873
20213,1123001567,2,0,2,0,1,1,0,0,0,0,0,0,0,0,0,0,1,1,0,0,0,5111.96050348
20213,1123001571,12,8,4,0,0,1,1,8,2,0,0,1,0,5,2,0,0,0,1,3,0,2768.6736512
20213,1123001572,4,3,1,0,0,0,0,2,2,0,0,0,0,1,2,0,0,0,0,1,0,1958.7063422
20213,1123001573,2115,1411,704,12,473,565,537,385,143,9,328,398,329,244,103,3,145,167,208,141,40,5441.91728221
20213,1123001578,14,10,4,0,2,3,4,2,3,0,0,3,3,2,2,0,2,0,1,0,1,1097.38995478
20213,1123001579,49,7,42,0,0,5,9,31,4,0,0,1,2,2,2,0,0,4,7,29,2,807.433710519
20213,1123001583,2,2,0,0,0,0,0,1,1,0,0,0,0,1,1,0,0,0,0,0,0,1005.17816963
20213,1123001584,280,107,173,1,43,63,76,67,30,0,3,22,33,33,16,1,40,41,43,34,14,7992.12693281
20213,1123001588,272,248,24,0,1,7,37,98,129,0,0,2,27,94,125,0,1,5,10,4,4,6658.18866416
20213,1123001589,16,9,7,0,1,2,2,7,4,0,0,0,1,5,3,0,1,2,1,2,1,6674.14783146
20213,1123001592,13,8,5,0,0,3,8,2,0,0,0,1,5,2,0,0,0,2,3,0,0,9422.71776574
20213,1123001593,49,21,28,0,1,10,10,14,14,0,0,1,3,8,9,0,1,9,7,6,5,4203.23962719
20213,1123001594,82,38,44,0,10,16,17,23,16,0,8,11,5,9,5,0,2,5,12,14,11,6043.8271992
20213,1123001595,285,155,130,5,58,72,66,66,18,5,35,46,36,21,12,0,23,26,30,45,6,8134.30016491
20213,1123001596,7,2,5,0,0,0,0,1,6,0,0,0,0,0,2,0,0,0,0,1,4,2177.99281376
20213,1123001597,7,2,5,0,0,0,2,3,2,0,0,0,0,1,1,0,0,0,2,2,1,4043.53997307
20213,1123001598,9,6,3,0,0,2,1,3,3,0,0,1,0,3,2,0,0,1,1,0,1,8201.99578759
20213,1123001599,18,7,11,0,5,2,3,8,0,0,2,1,0,4,0,0,3,1,3,4,0,4523.47937648
20213,1123001603,10,7,3,0,2,1,4,3,0,0,0,1,4,2,0,0,2,0,0,1,0,2900.42462842
20213,1123001604,24,21,3,0,3,2,8,8,3,0,3,2,6,8,2,0,0,0,2,0,1,5674.69976032
20213,1123001606,45,24,21,0,2,11,13,13,6,0,1,8,4,8,3,0,1,3,9,5,3,8286.57684344
20213,1123001608,11,9,2,0,0,2,8,1,0,0,0,2,7,0,0,0,0,0,1,1,0,2528.02648496
20213,1123001609,13,5,8,0,4,5,4,0,0,0,1,2,2,0,0,0,3,3,2,0,0,5641.27108116
20213,1123001610,2,1,1,0,0,1,1,0,0,0,0,0,1,0,0,0,0,1,0,0,0,5021.12982437
20213,1123001611,24,16,8,0,2,5,8,7,2,0,0,3,6,5,2,0,2,2,2,2,0,2432.27787358
20213,1123001612,18,16,2,0,1,4,5,4,4,0,1,4,3,4,4,0,0,0,2,0,0,1069.3195533
20213,1123001614,2,1,1,0,0,0,0,2,0,0,0,0,0,1,0,0,0,0,0,1,0,4159.12468628
20213,1123001615,7,6,1,0,1,0,2,3,1,0,1,0,2,2,1,0,0,0,0,1,0,3305.78195532
20213,1123001617,15,4,11,0,1,9,3,2,0,0,0,1,2,1,0,0,1,8,1,1,0,6957.9189275
20213,1123001618,3,1,2,0,0,0,0,2,1,0,0,0,0,0,1,0,0,0,0,2,0,5984.21590529
20213,1123001621,7,0,7,0,0,1,1,4,1,0,0,0,0,0,0,0,0,1,1,4,1,4874.31694985
20213,1123001623,2,0,2,0,1,0,0,1,0,0,0,0,0,0,0,0,1,0,0,1,0,7212.21447054
20213,1123001625,40,26,14,0,5,3,9,12,11,0,4,2,5,6,9,0,1,1,4,6,2,10200.3265225
20213,1123001627,56,44,12,0,5,11,15,13,12,0,3,9,13,8,11,0,2,2,2,5,1,1501.43628989
20213,1123001629,24,12,12,0,6,4,7,5,2,0,4,1,1,4,2,0,2,3,6,1,0,1240.72513743
20213,1123001630,36,29,7,0,2,3,3,3,25,0,0,2,2,3,22,0,2,1,1,0,3,9988.33228846
20213,1123001631,26,9,17,0,1,0,5,10,10,0,0,0,2,2,5,0,1,0,3,8,5,3305.8485222
20213,1123001632,84,61,23,0,22,38,15,7,2,0,15,28,13,4,1,0,7,10,2,3,1,6750.31116411
20213,1123001633,2,1,1,0,0,0,1,1,0,0,0,0,0,1,0,0,0,0,1,0,0,6884.56562242
20213,1123001634,30,22,8,0,1,2,11,13,3,0,1,1,7,10,3,0,0,1,4,3,0,10865.4088096
20213,1123001635,20,7,13,0,4,2,7,5,2,0,3,2,1,1,0,0,1,0,6,4,2,10148.5998149
20213,1123001636,14,11,3,0,0,7,4,2,1,0,0,5,4,1,1,0,0,2,0,1,0,16477.1155956
20213,1123001637,66,26,40,0,4,6,14,25,17,0,0,0,7,10,9,0,4,6,7,15,8,10103.7257895
20213,1123001638,46,13,33,0,4,10,11,13,8,0,1,1,1,5,5,0,3,9,10,8,3,6998.01461805
20213,1123001639,55,23,32,0,9,20,13,9,4,0,3,6,8,4,2,0,6,14,5,5,2,7302.31771112
20213,1123001640,502,68,434,0,105,138,196,60,3,0,7,32,19,8,2,0,98,106,177,52,1,7463.03189471
20213,1123001642,106,84,22,1,25,33,21,13,13,1,20,29,11,12,11,0,5,4,10,1,2,6188.93719982
20213,1123001646,10,6,4,0,1,2,2,4,1,0,0,1,2,2,1,0,1,1,0,2,0,6821.34012799
20213,1123001649,7,5,2,0,0,3,3,0,1,0,0,3,2,0,0,0,0,0,1,0,1,4254.85928562
20213,1123001653,3,1,2,0,0,1,1,1,0,0,0,0,0,1,0,0,0,1,1,0,0,3074.36091837
20213,1123001654,35,16,19,0,2,3,14,5,11,0,1,2,10,2,1,0,1,1,4,3,10,4366.01332506
20213,1123001655,4,4,0,0,0,1,0,1,2,0,0,1,0,1,2,0,0,0,0,0,0,2515.36345007
20213,1123001672,2,0,2,0,0,1,1,0,0,0,0,0,0,0,0,0,0,1,1,0,0,770.715518982
20213,1123001673,67,10,57,0,7,15,31,14,0,0,1,4,4,1,0,0,6,11,27,13,0,15586.8132153
20213,1123001674,100,49,51,0,12,16,21,34,17,0,2,6,12,19,10,0,10,10,9,15,7,9743.13897554
20213,1123001675,79,34,45,0,11,13,13,27,15,0,4,6,6,7,11,0,7,7,7,20,4,9263.09745605
20213,1123001681,15,11,4,0,1,4,6,3,1,0,1,4,3,2,1,0,0,0,3,1,0,6276.58377682
20213,1123001683,2,1,1,0,1,0,1,0,0,0,1,0,0,0,0,0,0,0,1,0,0,1870.34371462
20213,1123001686,5,4,1,0,0,0,0,1,4,0,0,0,0,1,3,0,0,0,0,0,1,6396.27500015
20213,1123001692,5,3,2,0,0,0,1,2,2,0,0,0,0,1,2,0,0,0,1,1,0,5573.72641073
20213,1123001695,1718,1041,677,39,1366,276,32,4,1,23,780,204,29,4,1,16,586,72,3,0,0,3319.13818758
20213,1123001699,8,6,2,1,2,0,1,4,0,1,1,0,0,4,0,0,1,0,1,0,0,1514.18148639
20213,1123001704,235,117,118,1,34,48,80,38,34,1,10,19,38,24,25,0,24,29,42,14,9,5036.11964138
20213,1123001705,6,5,1,0,1,0,0,4,1,0,1,0,0,3,1,0,0,0,0,1,0,6642.42426424
20213,1123001706,49,14,35,0,14,14,13,5,3,0,3,1,4,3,3,0,11,13,9,2,0,3728.42218296
20213,1123001707,330,155,175,1,43,47,73,98,68,0,17,24,31,43,40,1,26,23,42,55,28,8545.53019173
20213,1123001708,95,66,29,0,29,28,16,8,14,0,18,25,10,4,9,0,11,3,6,4,5,8154.01474872
20213,1123001717,6,2,4,0,0,0,1,3,2,0,0,0,0,1,1,0,0,0,1,2,1,2678.28882192
20213,1123001718,4,3,1,0,0,1,0,1,2,0,0,0,0,1,2,0,0,1,0,0,0,6806.22010542
20213,1123001719,10,2,8,0,0,2,4,4,0,0,0,0,2,0,0,0,0,2,2,4,0,5209.53403597
20213,1123001722,6,0,6,0,1,3,1,1,0,0,0,0,0,0,0,0,1,3,1,1,0,2305.30489082
20213,1123001723,18,8,10,0,0,3,3,5,7,0,0,0,3,3,2,0,0,3,0,2,5,2202.31947404
20213,1123001728,3,1,2,0,0,2,1,0,0,0,0,0,1,0,0,0,0,2,0,0,0,1362.15195814
20213,1123001729,11,7,4,0,0,3,3,1,4,0,0,2,2,0,3,0,0,1,1,1,1,6839.26936854
20213,1123001731,45,26,19,0,5,6,16,13,5,0,0,4,11,6,5,0,5,2,5,7,0,8658.17422558
20213,1123001733,29,5,24,0,0,1,2,16,10,0,0,0,0,2,3,0,0,1,2,14,7,8296.31010887
20213,1123001738,5,5,0,0,2,1,0,0,2,0,2,1,0,0,2,0,0,0,0,0,0,1801.07270536
20213,1123001740,4,3,1,0,0,1,1,2,0,0,0,0,1,2,0,0,0,1,0,0,0,980.194432809
20213,1123001742,3,1,2,0,0,0,0,2,1,0,0,0,0,0,1,0,0,0,0,2,0,6160.8449913
20213,1123001747,452,214,238,1,43,103,138,141,26,0,25,60,68,47,14,1,18,43,70,94,12,4357.42417553
20213,1123001748,4,3,1,0,0,0,3,1,0,0,0,0,3,0,0,0,0,0,0,1,0,1241.384888
20213,1123001751,5,3,2,0,0,0,0,3,2,0,0,0,0,1,2,0,0,0,0,2,0,1670.12238524
20213,1123001752,13,8,5,0,0,1,2,8,2,0,0,1,2,3,2,0,0,0,0,5,0,3872.14504388
20213,1123001753,62,28,34,0,18,19,13,11,1,0,7,11,6,3,1,0,11,8,7,8,0,8907.81809772
20213,1123001754,3,2,1,0,0,0,1,2,0,0,0,0,1,1,0,0,0,0,0,1,0,1928.37964443
20213,1123001756,11,1,10,0,2,1,3,4,1,0,0,0,0,1,0,0,2,1,3,3,1,1925.65316767
20213,1123001757,9,7,2,0,1,1,5,1,1,0,0,1,4,1,1,0,1,0,1,0,0,3068.65804359
20213,1123001760,18,10,8,0,5,3,2,6,2,0,3,3,0,3,1,0,2,0,2,3,1,3977.20013561
20213,1123001761,2,2,0,0,0,0,1,1,0,0,0,0,1,1,0,0,0,0,0,0,0,4276.03451425
20213,1123001762,56,40,16,0,1,11,17,19,8,0,0,10,14,11,5,0,1,1,3,8,3,9550.87826095
20213,1123001765,5,3,2,0,2,0,0,2,1,0,1,0,0,1,1,0,1,0,0,1,0,3834.09074247
20213,1123001766,167,54,113,0,8,20,64,70,5,0,6,10,20,14,4,0,2,10,44,56,1,9297.4510458
20213,1123001772,19,15,4,0,3,3,1,7,5,0,3,3,0,5,4,0,0,0,1,2,1,6309.01429743
20213,1123001774,26,9,17,0,3,9,7,4,3,0,1,3,2,0,3,0,2,6,5,4,0,1681.53295582
20213,1123001775,7,6,1,0,0,1,4,0,2,0,0,1,3,0,2,0,0,0,1,0,0,6648.50062046
20213,1123001776,15,9,6,0,3,1,4,2,5,0,3,1,1,2,2,0,0,0,3,0,3,6692.04152494
20213,1123001777,77,42,35,0,5,16,22,22,12,0,4,7,11,10,10,0,1,9,11,12,2,13677.9660346
20213,1123001779,6,3,3,0,0,1,2,2,1,0,0,1,0,1,1,0,0,0,2,1,0,2915.40789666
20213,1123001780,50,37,13,0,3,9,17,15,6,0,1,6,13,13,4,0,2,3,4,2,2,7472.38544568
20213,1123001782,35,24,11,0,3,3,4,17,8,0,1,1,3,13,6,0,2,2,1,4,2,7896.5910533
20213,1123001784,29,20,9,0,0,4,9,12,4,0,0,4,5,8,3,0,0,0,4,4,1,28284.9379399
20213,1123001785,21,15,6,0,3,1,4,8,5,0,2,1,3,4,5,0,1,0,1,4,0,8923.63552952
20213,1123001786,14,8,6,0,3,5,3,3,0,0,1,3,2,2,0,0,2,2,1,1,0,4933.04247039
20213,1123001788,3,1,2,0,0,0,0,1,2,0,0,0,0,0,1,0,0,0,0,1,1,3354.96691417
20213,1123001790,222,216,6,0,0,2,24,88,108,0,0,1,22,87,106,0,0,1,2,1,2,6949.65081213
20213,1123001791,4,2,2,0,0,0,3,1,0,0,0,0,2,0,0,0,0,0,1,1,0,2909.24675782
20213,1123001793,12,0,12,0,0,4,5,1,2,0,0,0,0,0,0,0,0,4,5,1,2,1359.01102341
20213,1123001794,35,9,26,0,1,1,2,7,24,0,0,0,1,1,7,0,1,1,1,6,17,8827.21551829
20213,1123001795,13,10,3,0,0,0,3,5,5,0,0,0,3,4,3,0,0,0,0,1,2,11121.5233736
20213,1123001796,13,9,4,0,2,4,2,2,3,0,1,3,2,1,2,0,1,1,0,1,1,1051.54566169
20213,1123001797,14,6,8,0,0,5,7,2,0,0,0,2,3,1,0,0,0,3,4,1,0,4748.95147149
20213,1123001799,113,56,57,0,24,49,19,10,11,0,9,29,6,5,7,0,15,20,13,5,4,6519.11709223
20213,1123001800,25,8,17,0,1,6,6,10,2,0,1,2,3,2,0,0,0,4,3,8,2,5864.04942963
20213,1123001802,43,33,10,0,4,9,7,11,12,0,2,5,6,8,12,0,2,4,1,3,0,4983.96641971
20213,1123001803,90,85,5,0,0,4,12,28,46,0,0,3,10,28,44,0,0,1,2,0,2,4187.58088906
20213,1123001804,7,5,2,0,1,2,3,1,0,0,1,2,2,0,0,0,0,0,1,1,0,6604.14337509
20213,1123001805,8,2,6,0,1,3,4,0,0,0,0,0,2,0,0,0,1,3,2,0,0,14862.3520205
20213,1123001808,3,2,1,0,0,0,1,1,1,0,0,0,0,1,1,0,0,0,1,0,0,2977.21670631
20213,1123001810,5,3,2,0,1,0,1,3,0,0,1,0,1,1,0,0,0,0,0,2,0,4445.49689001
20213,1123001812,184,120,64,1,29,55,40,40,19,0,13,44,28,19,16,1,16,11,12,21,3,5745.42206838
20213,1123001814,9,6,3,0,0,1,5,3,0,0,0,1,3,2,0,0,0,0,2,1,0,2557.57993975
20213,1123001816,1,0,1,0,0,1,0,0,0,0,0,0,0,0,0,0,0,1,0,0,0,9384.3475861
20213,1123001819,21,18,3,0,3,8,5,3,2,0,2,6,5,3,2,0,1,2,0,0,0,1904.36639678
20213,1123001822,9,6,3,0,0,1,3,4,1,0,0,1,2,3,0,0,0,0,1,1,1,5127.23001287
20213,1123001824,3,3,0,0,1,0,0,2,0,0,1,0,0,2,0,0,0,0,0,0,0,3710.02490604
20213,1123001827,2,2,0,0,0,0,0,1,1,0,0,0,0,1,1,0,0,0,0,0,0,2452.77132621
20213,1123001829,10,3,7,0,2,3,3,2,0,0,0,1,1,1,0,0,2,2,2,1,0,2538.48517068
20213,1123001831,140,51,89,1,18,35,45,34,7,1,6,23,14,5,2,0,12,12,31,29,5,13598.1602686
20213,1123001847,23,18,5,1,4,3,6,6,3,0,4,3,3,5,3,1,0,0,3,1,0,5390.73527039
20213,1123001849,35,26,9,0,3,6,9,12,5,0,3,5,6,8,4,0,0,1,3,4,1,15884.2258296
20213,1123001853,41,34,7,0,2,2,7,15,15,0,0,2,6,11,15,0,2,0,1,4,0,3521.82595606
20213,1123001857,121,94,27,0,25,27,35,22,12,0,22,20,25,17,10,0,3,7,10,5,2,6295.81292237
20213,1123001859,8,8,0,0,1,1,5,1,0,0,1,1,5,1,0,0,0,0,0,0,0,1491.61008874
20213,1123001864,47,27,20,0,8,15,6,9,9,0,5,8,5,3,6,0,3,7,1,6,3,19668.2728815
20213,1123001869,4,3,1,0,0,2,1,0,1,0,0,1,1,0,1,0,0,1,0,0,0,5910.88547042
20213,1123001876,21,7,14,0,2,1,7,6,5,0,1,0,1,2,3,0,1,1,6,4,2,12264.955188
20213,1123001878,3,2,1,0,0,0,2,1,0,0,0,0,1,1,0,0,0,0,1,0,0,4265.14826027
20213,1123001885,39,16,23,0,6,12,6,9,6,0,3,5,1,6,1,0,3,7,5,3,5,3511.67954615
20213,1123001894,6,4,2,0,0,0,2,4,0,0,0,0,2,2,0,0,0,0,0,2,0,10382.5596797
20213,1123001898,13,3,10,0,2,3,4,1,3,0,0,0,2,0,1,0,2,3,2,1,2,10202.9924044
20213,1123001904,7,5,2,0,0,2,1,2,2,0,0,2,1,1,1,0,0,0,0,1,1,5919.14861411
20213,1123001907,3,2,1,0,1,0,1,1,0,0,0,0,1,1,0,0,1,0,0,0,0,2825.53634447
20213,1123001908,18,15,3,0,0,1,7,6,4,0,0,0,5,6,4,0,0,1,2,0,0,1786.3873178
20213,1123001909,4,3,1,0,0,0,0,2,2,0,0,0,0,1,2,0,0,0,0,1,0,1326.48799967
20213,1123001918,47,32,15,0,8,20,13,6,0,0,6,12,9,5,0,0,2,8,4,1,0,3609.02175634
20213,1123001924,2,2,0,0,0,0,0,1,1,0,0,0,0,1,1,0,0,0,0,0,0,2746.53735723
20213,1123001930,19,15,4,0,0,3,12,2,2,0,0,2,11,1,1,0,0,1,1,1,1,1972.12600563
20213,1123001935,7,3,4,0,1,0,2,3,1,0,0,0,1,1,1,0,1,0,1,2,0,16835.9273328
20213,1123001939,2,1,1,0,0,1,1,0,0,0,0,1,0,0,0,0,0,0,1,0,0,2390.50075085
20213,1123001940,85,19,66,0,5,5,11,23,41,0,5,1,9,3,1,0,0,4,2,20,40,1322.5410897
20213,1123001941,10,7,3,0,3,5,1,1,0,0,2,3,1,1,0,0,1,2,0,0,0,1211.01319982
20213,1123001944,7,1,6,0,0,1,2,4,0,0,0,0,0,1,0,0,0,1,2,3,0,4627.34944165
20213,1123001947,8,7,1,0,0,1,4,2,1,0,0,1,4,1,1,0,0,0,0,1,0,2646.56892023
20213,1123001957,3,0,3,0,1,0,1,0,1,0,0,0,0,0,0,0,1,0,1,0,1,2612.62853264
20213,1123001958,3,0,3,0,0,0,0,2,1,0,0,0,0,0,0,0,0,0,0,2,1,5223.47490317
20213,1123001965,5,3,2,0,1,0,1,2,1,0,0,0,1,1,1,0,1,0,0,1,0,2944.25809345
20213,1123001966,11,5,6,0,2,4,2,1,2,0,1,2,0,1,1,0,1,2,2,0,1,2149.47353253
20213,1123001973,14,0,14,0,1,3,3,4,3,0,0,0,0,0,0,0,1,3,3,4,3,4827.13451998
20213,1123001984,32,17,15,0,15,4,7,3,3,0,6,3,4,1,3,0,9,1,3,2,0,6624.73440979
20213,1123001986,10,4,6,0,1,0,5,0,4,0,1,0,0,0,3,0,0,0,5,0,1,2525.93626494
20213,1123001987,2,2,0,0,0,1,0,0,1,0,0,1,0,0,1,0,0,0,0,0,0,3663.45874161
20213,1123001990,9,3,6,0,0,2,2,2,3,0,0,2,1,0,0,0,0,0,1,2,3,4991.96970388
20213,1123001991,4,3,1,0,0,0,2,2,0,0,0,0,2,1,0,0,0,0,0,1,0,2957.58181393
20213,1123001992,440,323,117,1,52,73,136,142,36,0,34,47,100,115,27,1,18,26,36,27,9,2659.19958978
20213,1123001993,4,3,1,0,1,1,1,0,1,0,1,1,1,0,0,0,0,0,0,0,1,732.657724252
20213,1123001994,31,11,20,0,6,7,3,10,5,0,0,3,0,3,5,0,6,4,3,7,0,9181.08458714
20213,1123001999,4,2,2,0,0,1,0,3,0,0,0,0,0,2,0,0,0,1,0,1,0,5188.80815538
20213,1123002000,2,1,1,0,0,0,0,2,0,0,0,0,0,1,0,0,0,0,0,1,0,2839.57107339
20213,1123002004,2,0,2,0,0,0,0,1,1,0,0,0,0,0,0,0,0,0,0,1,1,3090.53973316
20213,1123002006,3,2,1,0,0,1,1,1,0,0,0,1,1,0,0,0,0,0,0,1,0,5106.74938669
20213,1123002009,2,0,2,0,0,0,1,1,0,0,0,0,0,0,0,0,0,0,1,1,0,3389.01848664
20213,1123002011,11,8,3,0,3,0,2,1,5,0,2,0,1,1,4,0,1,0,1,0,1,5210.0495317
20213,1123002014,8,6,2,0,0,1,6,0,1,0,0,1,4,0,1,0,0,0,2,0,0,4830.5152482
20213,1123002018,140,91,49,0,8,18,22,41,51,0,7,18,19,22,25,0,1,0,3,19,26,970.851822096
20213,1123002019,3,3,0,0,1,0,1,1,0,0,1,0,1,1,0,0,0,0,0,0,0,1411.74946427
20213,1123002021,4,2,2,0,0,1,1,2,0,0,0,0,0,2,0,0,0,1,1,0,0,3880.10666176
20213,1123002023,4,2,2,0,0,0,0,3,1,0,0,0,0,2,0,0,0,0,0,1,1,2546.96203805
20213,1123002027,5,5,0,0,1,2,2,0,0,0,1,2,2,0,0,0,0,0,0,0,0,1900.110492
20213,1123002036,2,2,0,0,0,0,1,1,0,0,0,0,1,1,0,0,0,0,0,0,0,3863.14836129
20213,1123002037,12,3,9,0,0,4,5,1,2,0,0,2,0,1,0,0,0,2,5,0,2,2698.79656527
20213,1123002043,18,15,3,0,2,2,5,5,4,0,2,2,3,4,4,0,0,0,2,1,0,2092.60410656
20213,1123002048,4,0,4,0,0,0,2,2,0,0,0,0,0,0,0,0,0,0,2,2,0,3539.71342265
20213,1123002056,3,1,2,0,1,0,1,0,1,0,0,0,0,0,1,0,1,0,1,0,0,5004.34740564
20213,1123002061,6,5,1,0,0,1,2,2,1,0,0,0,2,2,1,0,0,1,0,0,0,2221.79576457
20213,1123002064,29,9,20,0,3,9,7,8,2,0,1,3,1,2,2,0,2,6,6,6,0,1401.43957703
20213,1123002066,2,0,2,0,0,0,1,0,1,0,0,0,0,0,0,0,0,0,1,0,1,3561.66451619
20213,1123002070,9,6,3,0,2,1,2,2,2,0,2,1,1,1,1,0,0,0,1,1,1,3039.62631581
20213,1123002072,14,10,4,0,0,5,2,3,4,0,0,3,1,2,4,0,0,2,1,1,0,2242.76260131
20213,1123002074,4,1,3,0,0,0,0,3,1,0,0,0,0,1,0,0,0,0,0,2,1,2312.74095862
20213,1123002076,6,4,2,0,2,3,1,0,0,0,0,3,1,0,0,0,2,0,0,0,0,2454.79125138
20213,1123002078,8,3,5,0,1,0,4,1,2,0,0,0,2,0,1,0,1,0,2,1,1,13384.042897
20213,1123002082,2,1,1,0,0,1,0,0,1,0,0,1,0,0,0,0,0,0,0,0,1,1643.38839658
20213,1123002091,27,14,13,0,1,4,10,6,6,0,0,2,7,1,4,0,1,2,3,5,2,189650.855414
20213,1123002092,18,12,6,0,1,3,5,6,3,0,1,2,3,5,1,0,0,1,2,1,2,2870.71374496
20213,1123002095,14,4,10,0,3,2,4,3,2,0,1,0,0,1,2,0,2,2,4,2,0,26205.3453911
20213,1123002099,2,1,1,0,0,0,0,1,1,0,0,0,0,0,1,0,0,0,0,1,0,2225.95049321
20213,1123002102,1,0,1,0,0,1,0,0,0,0,0,0,0,0,0,0,0,1,0,0,0,1058.83492936
20213,1123002106,2,1,1,0,0,0,2,0,0,0,0,0,1,0,0,0,0,0,1,0,0,1729.18324543
20213,1123002110,8,7,1,0,0,3,1,4,0,0,0,3,1,3,0,0,0,0,0,1,0,4444.17989109
20213,1123002112,10,7,3,0,0,1,2,6,1,0,0,0,2,4,1,0,0,1,0,2,0,15684.4861607
20213,1123002117,28,14,14,0,1,5,11,10,1,0,0,3,4,6,1,0,1,2,7,4,0,5186.12357986
20213,1123002121,14,4,10,0,2,7,3,2,0,0,0,2,0,2,0,0,2,5,3,0,0,2346.17358884
20213,1123002126,664,359,305,1,62,131,186,167,117,0,26,74,88,93,78,1,36,57,98,74,39,4292.3381603
20213,1123002137,6,3,3,0,0,0,3,1,2,0,0,0,2,0,1,0,0,0,1,1,1,7388.25522622
20213,1123002138,146,95,51,0,27,42,40,24,13,0,10,26,28,20,11,0,17,16,12,4,2,10821.3304508
20213,1123002140,599,420,179,0,51,130,176,140,102,0,34,88,128,97,73,0,17,42,48,43,29,1806.47154327
20213,1123002143,3,3,0,0,0,1,0,1,1,0,0,1,0,1,1,0,0,0,0,0,0,2788.7430648
20213,1123002147,13,10,3,0,4,0,5,3,1,0,3,0,4,2,1,0,1,0,1,1,0,2812.86100703
20213,1123002149,131,77,54,0,24,35,20,29,23,0,16,26,15,9,11,0,8,9,5,20,12,1077.17964895
20213,1123002154,23,17,6,0,6,10,3,3,1,0,4,9,3,1,0,0,2,1,0,2,1,1062.3166324
20213,1123002155,5,4,1,0,0,1,1,2,1,0,0,1,1,1,1,0,0,0,0,1,0,2775.26012818
20213,1123002156,49,8,41,0,0,9,14,17,9,0,0,3,1,0,4,0,0,6,13,17,5,5600.48497582
20213,1123002158,7,4,3,0,0,0,4,3,0,0,0,0,3,1,0,0,0,0,1,2,0,3268.57726876
20213,1123002159,10,3,7,0,1,1,2,2,4,0,0,0,1,1,1,0,1,1,1,1,3,8732.50187672
20213,1123002160,169,34,135,0,6,9,33,72,49,0,3,3,9,7,12,0,3,6,24,65,37,5820.05613738
20213,1123002162,18,5,13,0,1,2,5,5,5,0,0,0,1,2,2,0,1,2,4,3,3,4503.00374877
20213,1123002166,4,3,1,0,0,0,0,0,4,0,0,0,0,0,3,0,0,0,0,0,1,4374.58570695
20213,1123002171,3,0,3,0,0,1,2,0,0,0,0,0,0,0,0,0,0,1,2,0,0,4935.77759267
20213,1123002173,70,33,37,0,8,17,10,19,16,0,1,5,4,10,13,0,7,12,6,9,3,4747.74478704
20213,1123002174,26,3,23,0,4,7,7,7,1,0,1,2,0,0,0,0,3,5,7,7,1,2632.94803202
20213,1123002175,11,10,1,0,3,2,6,0,0,0,3,2,5,0,0,0,0,0,1,0,0,4021.82257158
20213,1123002178,2,1,1,0,0,0,2,0,0,0,0,0,1,0,0,0,0,0,1,0,0,2490.52703263
20213,1123002179,9,6,3,0,1,1,1,5,1,0,1,0,1,3,1,0,0,1,0,2,0,4191.7694339
20213,1123002180,19,7,12,0,0,6,9,3,1,0,0,2,4,0,1,0,0,4,5,3,0,5056.23016698
20213,1123002183,88,11,77,0,7,28,28,21,4,0,2,2,3,2,2,0,5,26,25,19,2,16977.1701846
20213,1123002186,2,1,1,0,0,0,0,2,0,0,0,0,0,1,0,0,0,0,0,1,0,637.874780302
20213,1123002190,150,55,95,1,26,38,48,33,4,1,10,12,16,14,2,0,16,26,32,19,2,6912.98431199
20213,1123002191,2,1,1,0,0,0,0,1,1,0,0,0,0,0,1,0,0,0,0,1,0,4523.1297816
20213,1123002198,9,4,5,0,0,0,5,2,2,0,0,0,1,1,2,0,0,0,4,1,0,3443.34547656
20213,1123002199,2,0,2,0,1,0,1,0,0,0,0,0,0,0,0,0,1,0,1,0,0,2459.30964445
20213,1123002201,3,2,1,0,0,0,1,2,0,0,0,0,1,1,0,0,0,0,0,1,0,2464.20029723
20213,1123002204,24,10,14,0,2,6,4,6,6,0,0,4,2,0,4,0,2,2,2,6,2,1491.48814953
20213,1123002207,66,11,55,0,8,8,21,25,4,0,2,0,3,4,2,0,6,8,18,21,2,20535.5716621
20213,1123002209,23,6,17,0,3,2,6,8,4,0,1,2,1,0,2,0,2,0,5,8,2,13140.2743558
20213,1123002210,2,2,0,0,0,0,1,0,1,0,0,0,1,0,1,0,0,0,0,0,0,3223.23791026
20213,1123002215,5,2,3,0,0,1,3,1,0,0,0,0,2,0,0,0,0,1,1,1,0,3490.69604892
20213,1123002218,2,2,0,0,0,0,0,0,2,0,0,0,0,0,2,0,0,0,0,0,0,6562.4026054
20213,1123002220,54,21,33,0,15,17,11,5,6,0,1,3,8,4,5,0,14,14,3,1,1,16768.3859252
20213,1123002222,132,83,49,0,22,16,24,48,22,0,14,8,15,30,16,0,8,8,9,18,6,5179.10626493
20213,1123002224,1,1,0,0,0,0,0,1,0,0,0,0,0,1,0,0,0,0,0,0,0,5155.47349608
20213,1123002227,55,31,24,0,0,3,21,25,6,0,0,1,9,17,4,0,0,2,12,8,2,4133.41379771
20213,1123002229,29,6,23,0,0,6,10,11,2,0,0,1,2,1,2,0,0,5,8,10,0,25744.5218007
20213,1123002232,56,13,43,0,7,19,15,14,1,0,1,5,3,3,1,0,6,14,12,11,0,20769.5395934
20213,1123002235,349,138,211,2,87,67,59,92,42,0,20,40,37,19,22,2,67,27,22,73,20,4026.98877548
20213,1123002239,13,8,5,0,0,1,4,3,5,0,0,0,2,3,3,0,0,1,2,0,2,2505.9275616
20213,1123002241,917,558,359,0,89,219,256,253,100,0,40,72,162,195,89,0,49,147,94,58,11,264120.405593
20213,1123002242,12,8,4,0,0,6,3,3,0,0,0,4,2,2,0,0,0,2,1,1,0,3622.2253219
20213,1123002243,27,20,7,0,2,3,5,7,10,0,2,2,5,5,6,0,0,1,0,2,4,6707.2140141
20213,1123002244,33,18,15,0,5,8,8,9,3,0,0,3,4,9,2,0,5,5,4,0,1,5366.84284805
20213,1123002246,14,13,1,0,0,0,2,6,6,0,0,0,2,6,5,0,0,0,0,0,1,3571.80590865
20213,1123002247,68,27,41,0,13,24,14,9,8,0,2,9,6,5,5,0,11,15,8,4,3,3412.74802572
20213,1123002248,220,83,137,0,10,12,52,97,49,0,6,5,21,34,17,0,4,7,31,63,32,4472.11898723
20213,1123002249,46,24,22,0,2,6,10,5,23,0,1,2,5,2,14,0,1,4,5,3,9,6566.48065377
20213,1123002250,45,28,17,0,4,1,9,13,18,0,2,0,4,11,11,0,2,1,5,2,7,3517.35178291
20213,1123002251,40,21,19,0,9,4,6,8,13,0,1,2,5,6,7,0,8,2,1,2,6,7174.54945447
20213,1123002253,38,30,8,0,3,8,12,7,8,0,2,6,9,7,6,0,1,2,3,0,2,4171.19225771
20213,1123002254,12,7,5,0,0,3,2,2,5,0,0,1,2,1,3,0,0,2,0,1,2,7304.62080241
20213,1123002257,583,464,119,0,23,75,116,111,258,0,17,64,107,92,184,0,6,11,9,19,74,4505.1525303
20213,1123002262,42,15,27,0,7,12,13,5,5,0,0,3,8,1,3,0,7,9,5,4,2,6922.57938222
20213,1123002263,23,12,11,0,0,3,6,2,12,0,0,0,3,2,7,0,0,3,3,0,5,6290.75318039
20213,1123002265,3,2,1,0,0,0,1,0,2,0,0,0,0,0,2,0,0,0,1,0,0,1874.69934541
20213,1123002266,3,2,1,0,0,0,0,2,1,0,0,0,0,2,0,0,0,0,0,0,1,1316.81873043
20213,1123002267,12,6,6,0,3,2,0,3,4,0,0,0,0,3,3,0,3,2,0,0,1,11343.4469245
20213,1123002270,5,4,1,0,0,0,2,2,1,0,0,0,2,1,1,0,0,0,0,1,0,680.022418855
20213,1123002272,5,3,2,0,0,0,1,2,2,0,0,0,1,0,2,0,0,0,0,2,0,2539.19443165
20213,1123002274,144,83,61,1,27,44,27,26,19,0,4,23,21,21,14,1,23,21,6,5,5,6450.61661385
20213,1123002276,22,11,11,0,1,6,7,3,5,0,0,3,5,1,2,0,1,3,2,2,3,6759.87866561
20213,1123002279,6,3,3,0,0,0,2,2,2,0,0,0,0,1,2,0,0,0,2,1,0,7141.81428832
20213,1123002281,7,6,1,0,1,2,1,3,0,0,1,1,1,3,0,0,0,1,0,0,0,1074.11712513
20213,1123002282,1,1,0,0,1,0,0,0,0,0,1,0,0,0,0,0,0,0,0,0,0,1740.97410592
20213,1123002283,4,3,1,0,0,1,1,2,0,0,0,1,1,1,0,0,0,0,0,1,0,1532.81553405
20213,1123002286,2,2,0,0,0,0,0,1,1,0,0,0,0,1,1,0,0,0,0,0,0,923.55901947
20213,1123002288,3,2,1,0,0,2,0,0,1,0,0,1,0,0,1,0,0,1,0,0,0,2666.28772958
20213,1123002290,8,5,3,0,0,0,1,5,2,0,0,0,0,3,2,0,0,0,1,2,0,5663.67935415
20213,1123002291,53,27,26,2,6,12,13,15,5,0,3,12,6,4,2,2,3,0,7,11,3,1857.36362904
20213,1123002292,6,6,0,0,0,1,2,0,3,0,0,1,2,0,3,0,0,0,0,0,0,5095.5741118
20213,1123002298,13,9,4,0,3,9,1,0,0,0,3,5,1,0,0,0,0,4,0,0,0,1788.32139912
20213,1123002300,24,13,11,0,0,4,4,7,9,0,0,2,2,3,6,0,0,2,2,4,3,5551.81187853
20213,1123002301,4,4,0,0,0,0,0,2,2,0,0,0,0,2,2,0,0,0,0,0,0,5556.88182803
20213,1123002303,3,1,2,0,0,1,0,1,1,0,0,0,0,0,1,0,0,1,0,1,0,1968.87547387
20213,1123002304,209,92,117,0,42,68,44,25,30,0,3,19,25,16,29,0,39,49,19,9,1,4136.59020888
20213,1123002311,7,6,1,0,0,0,1,4,2,0,0,0,1,3,2,0,0,0,0,1,0,2692.41951674
20213,1123002312,11,8,3,0,2,0,2,4,3,0,2,0,0,4,2,0,0,0,2,0,1,4527.89056143
20213,1123002313,3,2,1,0,0,0,0,1,2,0,0,0,0,1,1,0,0,0,0,0,1,6984.39564968
20213,1123002314,2,1,1,0,0,0,0,1,1,0,0,0,0,1,0,0,0,0,0,0,1,3617.12360981
20213,1123002315,30,3,27,0,0,3,2,19,6,0,0,1,0,1,1,0,0,2,2,18,5,3189.24692818
20213,1123002316,2,2,0,0,0,0,2,0,0,0,0,0,2,0,0,0,0,0,0,0,0,1090.98235375
20213,1123002321,6,1,5,0,1,1,1,2,1,0,0,0,0,0,1,0,1,1,1,2,0,3434.18195563
20213,1123002326,31,23,8,0,3,10,8,6,4,0,1,6,7,5,4,0,2,4,1,1,0,9551.84924255
20213,1123002327,4,2,2,0,0,0,0,1,3,0,0,0,0,1,1,0,0,0,0,0,2,3611.62367222
20213,1123002328,579,384,195,1,156,277,142,2,1,0,64,193,124,2,1,1,92,84,18,0,0,8105.10463962
20213,1123002330,7,6,1,0,0,1,3,1,2,0,0,1,3,1,1,0,0,0,0,0,1,4794.39141547
20213,1123002332,19,12,7,0,2,4,2,5,6,0,2,2,1,3,4,0,0,2,1,2,2,5008.30370071
20213,1123002333,2,1,1,0,1,0,0,1,0,0,1,0,0,0,0,0,0,0,0,1,0,1544.57627638
20213,1123002334,28,11,17,0,2,2,3,14,7,0,2,1,0,3,5,0,0,1,3,11,2,3360.12192372
20213,1123002335,3,2,1,0,0,0,1,1,1,0,0,0,0,1,1,0,0,0,1,0,0,2991.9522189
20213,1123002340,582,300,282,3,179,249,105,45,1,1,82,132,49,35,1,2,97,117,56,10,0,4844.07531438
20213,1123002341,55,14,41,0,8,15,17,11,4,0,3,3,3,1,4,0,5,12,14,10,0,16193.3263142
20213,1123002343,2,1,1,0,0,1,1,0,0,0,0,0,1,0,0,0,0,1,0,0,0,1511.35400755
20213,1123002345,104,75,29,0,13,31,37,11,12,0,7,26,29,8,5,0,6,5,8,3,7,3137.59640447
20213,1123002348,2,2,0,0,0,0,0,1,1,0,0,0,0,1,1,0,0,0,0,0,0,2043.68568529
20213,1123002351,52,17,35,0,1,0,14,30,7,0,0,0,6,6,5,0,1,0,8,24,2,2120.67131279
20213,1123002352,3,2,1,0,0,1,2,0,0,0,0,1,1,0,0,0,0,0,1,0,0,1209.85285074
20213,1123002353,9,6,3,0,0,0,0,5,4,0,0,0,0,3,3,0,0,0,0,2,1,4499.28234407
20213,1123002354,2,0,2,0,0,0,0,2,0,0,0,0,0,0,0,0,0,0,0,2,0,1737.93589134
20213,1123002358,18,11,7,0,1,3,6,6,2,0,1,1,4,3,2,0,0,2,2,3,0,2912.30757317
20213,1123002359,49,5,44,0,12,11,11,14,1,0,1,2,1,1,0,0,11,9,10,13,1,17341.5030527
20213,1123002360,120,70,50,0,15,27,24,39,15,0,11,20,18,16,5,0,4,7,6,23,10,4894.46703079
20213,1123002361,4,4,0,0,0,0,0,2,2,0,0,0,0,2,2,0,0,0,0,0,0,1614.26543567
20213,1123002362,13,8,5,0,4,1,4,3,1,0,2,1,2,2,1,0,2,0,2,1,0,4788.69494573
20213,1123002363,3,1,2,0,0,0,0,2,1,0,0,0,0,1,0,0,0,0,0,1,1,1850.30512168
20213,1123002365,25,19,6,0,6,3,9,5,2,0,4,3,7,3,2,0,2,0,2,2,0,4822.82214585
20213,1123002367,12,5,7,0,1,0,6,4,1,0,0,0,4,1,0,0,1,0,2,3,1,5047.00025452
20213,1123002368,2,2,0,0,0,0,1,1,0,0,0,0,1,1,0,0,0,0,0,0,0,3987.13698327
20213,1123002369,2,2,0,0,0,2,0,0,0,0,0,2,0,0,0,0,0,0,0,0,0,1163.20300487
20213,1123002372,4,4,0,0,0,1,1,1,1,0,0,1,1,1,1,0,0,0,0,0,0,1012.48171616
20213,1123002374,13,7,6,0,0,0,2,7,4,0,0,0,0,4,3,0,0,0,2,3,1,4366.4474611
20213,1123002379,36,31,5,0,2,4,2,9,19,0,0,4,1,8,18,0,2,0,1,1,1,11334.9830522
20213,1123002380,41,27,14,0,5,10,9,12,5,0,2,8,4,9,4,0,3,2,5,3,1,6193.59377387
20213,1123002382,29,15,14,0,1,8,10,6,4,0,0,5,6,3,1,0,1,3,4,3,3,4402.09264046
20213,1123002385,6,3,3,0,0,3,1,2,0,0,0,1,1,1,0,0,0,2,0,1,0,3269.75525522
20213,1123002386,3,3,0,0,0,1,0,2,0,0,0,1,0,2,0,0,0,0,0,0,0,1483.74198814
20213,1123002387,41,22,19,0,5,10,14,7,5,0,3,4,6,5,4,0,2,6,8,2,1,9483.39448294
20213,1123002388,9,6,3,0,0,0,2,4,3,0,0,0,1,3,2,0,0,0,1,1,1,3319.92875618
20213,1123002390,26,18,8,0,4,6,7,6,3,0,3,4,4,5,2,0,1,2,3,1,1,2716.47116399
20213,1123002392,8,7,1,0,0,0,2,4,2,0,0,0,2,3,2,0,0,0,0,1,0,6124.54651913
20213,1123002393,3,3,0,0,0,0,0,2,1,0,0,0,0,2,1,0,0,0,0,0,0,5701.47397597
20213,1123002394,4,3,1,0,0,0,1,3,0,0,0,0,1,2,0,0,0,0,0,1,0,2626.38319737
20213,1123002395,2,2,0,0,0,0,2,0,0,0,0,0,2,0,0,0,0,0,0,0,0,4594.25587329
20213,1123002401,2,1,1,0,0,0,0,1,1,0,0,0,0,0,1,0,0,0,0,1,0,1058.91228679
20213,1123002403,2,2,0,0,0,1,0,0,1,0,0,1,0,0,1,0,0,0,0,0,0,1549.284005
20213,1123002404,6,5,1,0,0,0,1,5,0,0,0,0,1,4,0,0,0,0,0,1,0,3479.13120395
20213,1123002405,2,2,0,1,0,0,0,1,0,1,0,0,0,1,0,0,0,0,0,0,0,2106.21908255
20213,1123002406,5,2,3,0,2,0,2,0,1,0,1,0,0,0,1,0,1,0,2,0,0,4386.64720564
20213,1123002407,17,12,5,0,3,3,7,4,0,0,2,2,6,2,0,0,1,1,1,2,0,2975.2159031
20213,1123002409,6,3,3,0,0,0,2,0,4,0,0,0,1,0,2,0,0,0,1,0,2,2822.09873085
20213,1123002410,2,1,1,0,0,0,1,0,1,0,0,0,1,0,0,0,0,0,0,0,1,6012.36030651
20213,1123002412,5,2,3,0,0,1,2,2,0,0,0,0,1,1,0,0,0,1,1,1,0,872.237863966
20213,1123002417,218,146,72,0,24,43,56,55,40,0,11,33,37,36,29,0,13,10,19,19,11,4639.88905157
20213,1123002418,5,0,5,0,0,0,1,3,1,0,0,0,0,0,0,0,0,0,1,3,1,1213.57278641
20213,1123002419,21,16,5,0,6,5,3,5,2,0,3,5,3,3,2,0,3,0,0,2,0,2466.30164489
20213,1123002422,29,21,8,0,9,9,1,9,1,0,8,5,1,6,1,0,1,4,0,3,0,5463.57178712
20213,1123002423,2,1,1,0,0,0,0,0,2,0,0,0,0,0,1,0,0,0,0,0,1,3874.95893226
20213,1123002424,15,7,8,0,1,9,3,0,2,0,1,3,2,0,1,0,0,6,1,0,1,1624.32393773
20213,1123002429,2,1,1,0,1,0,0,1,0,0,1,0,0,0,0,0,0,0,0,1,0,3171.77296686
20213,1123002430,7,5,2,0,0,1,2,4,0,0,0,1,1,3,0,0,0,0,1,1,0,1099.48313509
20213,1123002433,5,4,1,0,1,2,2,0,0,0,1,2,1,0,0,0,0,0,1,0,0,5130.40644399
20213,1123002434,24,17,7,0,0,0,12,7,5,0,0,0,9,5,3,0,0,0,3,2,2,5237.79948596
20213,1123002435,8,0,8,0,2,0,3,3,0,0,0,0,0,0,0,0,2,0,3,3,0,1498.45916254
20213,1123002440,4,2,2,0,1,0,1,1,1,0,0,0,1,0,1,0,1,0,0,1,0,1820.12008515
20213,1123002442,35,10,25,0,9,7,7,7,5,0,0,4,4,1,1,0,9,3,3,6,4,7620.53064753
20213,1123002445,32,9,23,0,2,10,5,5,10,0,0,1,5,1,2,0,2,9,0,4,8,3643.97908972
20213,1123002449,12,10,2,0,0,0,4,5,3,0,0,0,4,4,2,0,0,0,0,1,1,1637.41295732
20213,1123002450,93,46,47,1,9,15,26,31,11,0,5,7,8,16,10,1,4,8,18,15,1,8693.4001718
20213,1123002451,2,2,0,0,0,1,0,1,0,0,0,1,0,1,0,0,0,0,0,0,0,25580.1575984
20213,1123002452,17,13,4,0,1,4,1,8,3,0,1,2,1,7,2,0,0,2,0,1,1,2091.21336345
20213,1123002453,17,10,7,0,0,6,6,3,2,0,0,5,3,1,1,0,0,1,3,2,1,2457.9287146
20213,1123002454,38,33,5,0,1,14,12,10,1,0,1,11,10,10,1,0,0,3,2,0,0,2569.66618771
20213,1123002456,5,1,4,0,3,1,0,1,0,0,0,0,0,1,0,0,3,1,0,0,0,3951.77681175
20213,1123002457,48,29,19,0,1,3,7,6,31,0,0,3,2,2,22,0,1,0,5,4,9,5512.94256361
20213,1123002463,12,8,4,0,2,3,4,3,0,0,1,3,1,3,0,0,1,0,3,0,0,1523.82829576
20213,1123002464,7,5,2,0,0,1,4,2,0,0,0,1,3,1,0,0,0,0,1,1,0,5197.6500563
20213,1123002465,2,1,1,0,1,0,0,0,1,0,0,0,0,0,1,0,1,0,0,0,0,705.889362071
20213,1123002472,8,5,3,0,2,3,1,2,0,0,0,3,1,1,0,0,2,0,0,1,0,2905.04995382
20213,1123002475,10,7,3,0,0,1,1,3,5,0,0,1,1,1,4,0,0,0,0,2,1,5663.62654563
20213,1123002476,10,6,4,0,0,0,4,6,0,0,0,0,2,4,0,0,0,0,2,2,0,5499.72654896
20213,1123002478,12,9,3,0,0,1,2,7,2,0,0,0,1,6,2,0,0,1,1,1,0,1990.85372177
20213,1123002481,58,34,24,0,3,7,5,10,33,0,2,6,4,5,17,0,1,1,1,5,16,4628.88604209
20213,1123002485,14,8,6,0,8,0,2,4,0,0,6,0,0,2,0,0,2,0,2,2,0,4853.07922671
20213,1123002487,5,1,4,0,1,1,1,2,0,0,0,0,0,1,0,0,1,1,1,1,0,4611.10094684
20213,1123002489,2,1,1,0,0,0,0,0,2,0,0,0,0,0,1,0,0,0,0,0,1,7850.86244173
20213,1123002491,3,2,1,0,0,0,3,0,0,0,0,0,2,0,0,0,0,0,1,0,0,10097.4603887
20213,1123002494,15,12,3,0,2,4,4,1,4,0,2,4,2,1,3,0,0,0,2,0,1,4066.33760414
20213,1123002495,2,1,1,0,0,2,0,0,0,0,0,1,0,0,0,0,0,1,0,0,0,1145.19459214
20213,1123002498,53,21,32,0,0,2,11,36,4,0,0,1,6,11,3,0,0,1,5,25,1,6402.8538519
20213,1123002501,3,0,3,0,0,2,1,0,0,0,0,0,0,0,0,0,0,2,1,0,0,2280.57526831
20213,1123002502,2,1,1,0,0,0,0,2,0,0,0,0,0,1,0,0,0,0,0,1,0,3705.71252493
20213,1123002503,8,6,2,0,1,3,3,1,0,0,1,2,2,1,0,0,0,1,1,0,0,2292.53695395
20213,1123002509,2,2,0,0,0,0,1,1,0,0,0,0,1,1,0,0,0,0,0,0,0,6278.93086133
20213,1123002510,32,11,21,0,0,6,18,5,3,0,0,3,3,2,3,0,0,3,15,3,0,4955.8233255
20213,1123002513,66,12,54,0,8,19,21,14,4,0,1,2,2,3,4,0,7,17,19,11,0,13354.7864847
20213,1123002514,4,4,0,0,0,0,0,3,1,0,0,0,0,3,1,0,0,0,0,0,0,6745.76887548
20213,1123002515,4,4,0,0,0,1,0,0,3,0,0,1,0,0,3,0,0,0,0,0,0,3045.27256202
20213,1123002519,24,21,3,0,0,5,9,3,7,0,0,5,7,3,6,0,0,0,2,0,1,3643.99151507
20213,1123002520,2,1,1,0,0,0,1,1,0,0,0,0,1,0,0,0,0,0,0,1,0,4076.11845592
20213,1123002531,5,5,0,0,1,2,1,1,0,0,1,2,1,1,0,0,0,0,0,0,0,2836.64684626
20213,1123002536,4,3,1,0,0,0,4,0,0,0,0,0,3,0,0,0,0,0,1,0,0,3622.11421246
20213,1123002550,1,1,0,0,0,0,1,0,0,0,0,0,1,0,0,0,0,0,0,0,0,820.199193503
20213,1123002554,2,2,0,0,0,0,1,1,0,0,0,0,1,1,0,0,0,0,0,0,0,3691.36341801
20213,1123002565,8,6,2,0,0,3,2,1,2,0,0,2,1,1,2,0,0,1,1,0,0,1404.58152604
20213,1123002567,5,5,0,0,0,0,3,1,1,0,0,0,3,1,1,0,0,0,0,0,0,832.129823743
20213,1123002568,452,314,138,1,20,81,163,130,57,1,13,36,115,96,53,0,7,45,48,34,4,1831.48307665
20213,1123002578,6,6,0,0,1,1,0,3,1,0,1,1,0,3,1,0,0,0,0,0,0,4279.2552907
20213,1123002582,2,2,0,0,0,0,1,0,1,0,0,0,1,0,1,0,0,0,0,0,0,2176.99092134
20213,1123002589,2,1,1,0,0,1,1,0,0,0,0,0,1,0,0,0,0,1,0,0,0,1155.38552059
20213,1123002593,5,3,2,0,0,3,0,1,1,0,0,2,0,0,1,0,0,1,0,1,0,8385.24352629
20213,1123002601,49,33,16,0,8,17,22,2,0,0,4,13,15,1,0,0,4,4,7,1,0,1841.85327599
20213,1123002605,34,29,5,0,5,6,7,10,6,0,3,4,6,10,6,0,2,2,1,0,0,13237.1194942
20213,1123002606,4,2,2,0,0,1,1,0,2,0,0,0,1,0,1,0,0,1,0,0,1,4138.75667684
20213,1123002607,91,44,47,0,10,18,31,25,7,0,3,17,10,8,6,0,7,1,21,17,1,3940.03439716
20213,1123002608,5,2,3,0,0,3,0,0,2,0,0,1,0,0,1,0,0,2,0,0,1,7654.08675125
20213,1123002616,60,16,44,0,7,2,10,10,31,0,0,0,2,5,9,0,7,2,8,5,22,9243.73748842
20213,1123002618,11,5,6,0,2,2,1,0,6,0,0,1,0,0,4,0,2,1,1,0,2,6978.0957187
20213,1123002621,17,10,7,0,1,4,5,4,3,0,1,2,3,2,2,0,0,2,2,2,1,3854.78339284
20213,1123002622,207,117,90,3,56,37,45,44,22,2,26,23,30,23,13,1,30,14,15,21,9,2178.13917658
20213,1123002623,14,8,6,0,0,2,1,5,6,0,0,0,0,4,4,0,0,2,1,1,2,5821.58192479
20213,1123002627,4,3,1,0,1,2,1,0,0,0,1,1,1,0,0,0,0,1,0,0,0,3243.50498842
20213,1123002628,120,68,52,0,14,22,18,33,33,0,10,9,8,17,24,0,4,13,10,16,9,14535.9802083
20213,1123002629,80,28,52,0,5,14,17,27,17,0,3,5,8,6,6,0,2,9,9,21,11,3361.02961059
20213,1123002631,21,8,13,0,7,5,2,6,1,0,2,2,0,3,1,0,5,3,2,3,0,9423.44799531
20213,1123002633,237,141,96,0,12,26,41,58,100,0,7,17,19,35,63,0,5,9,22,23,37,10295.3038033
20213,1123002634,3,1,2,0,0,0,0,2,1,0,0,0,0,1,0,0,0,0,0,1,1,4481.7189554
20213,1123002635,14,3,11,0,0,1,5,4,4,0,0,0,2,0,1,0,0,1,3,4,3,2678.94766554
20213,1123002636,5,3,2,0,1,0,2,1,1,0,0,0,1,1,1,0,1,0,1,0,0,1044.62139714
20213,1123002638,8,3,5,0,0,1,2,2,3,0,0,0,1,0,2,0,0,1,1,2,1,3139.23114956
20213,1123002639,37,8,29,0,3,8,8,8,10,0,0,0,0,2,6,0,3,8,8,6,4,5673.18015791
20213,1123002640,216,125,91,0,22,19,29,58,88,0,11,14,13,27,60,0,11,5,16,31,28,7504.99769694
20213,1123002641,4,2,2,0,2,0,0,2,0,0,0,0,0,2,0,0,2,0,0,0,0,1893.06739058
20213,1123002643,15,3,12,0,4,3,1,3,4,0,0,0,0,0,3,0,4,3,1,3,1,5369.47236959
20213,1123002644,6,3,3,0,1,1,0,2,2,0,0,1,0,2,0,0,1,0,0,0,2,1270.4937998
20213,1123002645,10,3,7,0,1,3,2,3,1,0,0,0,0,2,1,0,1,3,2,1,0,5111.00326465
20213,1123002647,11,8,3,0,0,1,6,2,2,0,0,1,5,1,1,0,0,0,1,1,1,1792.53377292
20213,1123002650,54,35,19,0,3,15,6,12,18,0,1,11,3,6,14,0,2,4,3,6,4,3281.86765659
20213,1123002651,353,87,266,0,96,98,86,56,17,0,12,25,19,18,13,0,84,73,67,38,4,6172.00839944
20213,1123002654,3,2,1,0,1,0,2,0,0,0,0,0,2,0,0,0,1,0,0,0,0,3893.0683886
20213,1123002660,26,20,6,1,0,2,16,5,2,1,0,0,13,4,2,0,0,2,3,1,0,4042.42087228
20213,1123002662,8,4,4,0,0,0,3,4,1,0,0,0,2,1,1,0,0,0,1,3,0,1085.16450444
20213,1123002669,2,2,0,0,0,1,0,1,0,0,0,1,0,1,0,0,0,0,0,0,0,934.769917878
20213,1123002674,23,11,12,0,2,2,6,5,8,0,1,1,3,1,5,0,1,1,3,4,3,4746.99512161
20213,1123002677,6,4,2,0,1,2,1,1,1,0,0,2,1,0,1,0,1,0,0,1,0,719.96882156
20213,1123002683,22,18,4,0,0,5,8,9,0,0,0,2,7,9,0,0,0,3,1,0,0,781.21546642
20213,1123002684,3,1,2,0,1,0,0,2,0,0,0,0,0,1,0,0,1,0,0,1,0,1603.46469515
20213,1123002690,4,2,2,0,0,0,2,2,0,0,0,0,1,1,0,0,0,0,1,1,0,2896.75745726
20213,1123002692,10,0,10,0,0,3,3,4,0,0,0,0,0,0,0,0,0,3,3,4,0,1233.39585641
20213,1123002697,4,2,2,0,0,0,0,2,2,0,0,0,0,0,2,0,0,0,0,2,0,1989.42465704
20213,1123002699,10,9,1,0,1,5,2,1,1,0,1,4,2,1,1,0,0,1,0,0,0,926.081338484
20213,1123002701,5,4,1,0,0,0,5,0,0,0,0,0,4,0,0,0,0,0,1,0,0,778.779638929
20213,1123002706,2,0,2,0,0,0,1,1,0,0,0,0,0,0,0,0,0,0,1,1,0,1445.25842996
20213,1123002707,47,42,5,0,0,1,10,5,31,0,0,1,5,5,31,0,0,0,5,0,0,10946.0681679
20213,1123002708,6,2,4,0,0,2,3,0,1,0,0,0,2,0,0,0,0,2,1,0,1,4176.15077947
20213,1123002713,3,1,2,0,0,0,0,3,0,0,0,0,0,1,0,0,0,0,0,2,0,9693.84098584
20213,1123002714,43,27,16,0,8,8,15,5,7,0,5,3,8,4,7,0,3,5,7,1,0,4680.70346453
20213,1123002715,1,1,0,0,0,0,0,1,0,0,0,0,0,1,0,0,0,0,0,0,0,1253.9989814
20213,1123002717,2,2,0,0,0,0,1,1,0,0,0,0,1,1,0,0,0,0,0,0,0,2431.05873191
20213,1123002719,2,2,0,0,0,0,2,0,0,0,0,0,2,0,0,0,0,0,0,0,0,975.571989327
20213,1123002723,55,33,22,0,8,11,21,11,4,0,4,4,14,8,3,0,4,7,7,3,1,6040.37530546
20213,1123002725,2,2,0,0,0,0,1,0,1,0,0,0,1,0,1,0,0,0,0,0,0,3743.19124982
20213,1123002729,4,1,3,0,0,0,0,3,1,0,0,0,0,1,0,0,0,0,0,2,1,2279.12340816
20213,1123002733,16,13,3,0,1,4,5,6,0,0,0,4,4,5,0,0,1,0,1,1,0,5199.83648477
20213,1123002734,1,1,0,0,0,0,1,0,0,0,0,0,1,0,0,0,0,0,0,0,0,1502.51419786
20213,1123002736,6,5,1,0,1,0,3,2,0,0,0,0,3,2,0,0,1,0,0,0,0,2096.69549657
20213,1123002738,19,11,8,0,2,9,5,3,0,0,1,7,1,2,0,0,1,2,4,1,0,5995.60777454
20213,1123002742,6,5,1,0,0,1,1,3,1,0,0,0,1,3,1,0,0,1,0,0,0,5582.61413012
20213,1123002746,6,4,2,0,3,1,1,1,0,0,3,0,0,1,0,0,0,1,1,0,0,574.036106706
20213,1123002749,1,1,0,0,0,0,0,0,1,0,0,0,0,0,1,0,0,0,0,0,0,787.454644106
20213,1123002751,19,7,12,0,8,8,2,1,0,0,2,4,1,0,0,0,6,4,1,1,0,4083.93505586
20213,1123002755,249,59,190,1,30,20,16,43,139,1,6,10,9,5,28,0,24,10,7,38,111,7310.33141785
20213,1123002756,11,4,7,0,1,0,3,6,1,0,0,0,2,2,0,0,1,0,1,4,1,6327.95327245
20213,1123002757,1,1,0,0,0,0,0,1,0,0,0,0,0,1,0,0,0,0,0,0,0,5494.58312936
20213,1123002761,13,8,5,0,3,3,4,1,2,0,3,0,3,0,2,0,0,3,1,1,0,3105.93828489
20213,1123002766,18,3,15,0,5,5,3,3,2,0,0,1,2,0,0,0,5,4,1,3,2,7574.87214461
20213,1123002767,8,8,0,0,1,2,2,3,0,0,1,2,2,3,0,0,0,0,0,0,0,4733.72402152
20213,1123002769,2,2,0,0,0,0,0,0,2,0,0,0,0,0,2,0,0,0,0,0,0,2698.34449133
20213,1123002774,7,5,2,0,0,0,2,3,2,0,0,0,0,3,2,0,0,0,2,0,0,2959.69723667
20213,1123002776,802,598,204,0,138,382,114,113,55,0,87,323,78,80,30,0,51,59,36,33,25,5416.71290985
20213,1123002781,10,1,9,0,0,1,1,6,2,0,0,0,0,1,0,0,0,1,1,5,2,5162.70193978
20213,1123002784,19,8,11,0,1,6,7,4,1,0,1,4,2,1,0,0,0,2,5,3,1,2008.60643332
20213,1123002785,36,12,24,0,7,10,6,13,0,0,2,1,2,7,0,0,5,9,4,6,0,18019.1780333
20213,1123002786,6,2,4,0,1,0,2,3,0,0,0,0,1,1,0,0,1,0,1,2,0,4069.79125929
20213,1123002791,2,2,0,0,0,0,0,0,2,0,0,0,0,0,2,0,0,0,0,0,0,4494.47104337
20213,1123002792,9,4,5,0,1,3,1,4,0,0,0,0,1,3,0,0,1,3,0,1,0,2008.5003708
20213,1123002794,3,2,1,0,0,0,2,1,0,0,0,0,1,1,0,0,0,0,1,0,0,1972.92056067
20213,1123002797,114,27,87,0,21,25,25,23,20,0,9,8,3,3,4,0,12,17,22,20,16,13109.7705542
20213,1123002807,30,12,18,0,1,16,7,5,1,0,1,5,2,3,1,0,0,11,5,2,0,18763.0717535
20213,1123002811,5,4,1,0,1,1,1,2,0,0,1,1,0,2,0,0,0,0,1,0,0,823.418927319
20213,1123002814,14,6,8,0,1,4,2,3,4,0,0,3,0,0,3,0,1,1,2,3,1,6168.85521255
20213,1123002823,13,9,4,0,0,1,11,1,0,0,0,1,8,0,0,0,0,0,3,1,0,1481.26778293
20213,1123002827,5,4,1,0,0,1,1,1,2,0,0,1,1,1,1,0,0,0,0,0,1,1070.50199421
20213,1123002829,15,12,3,0,0,2,3,7,3,0,0,2,3,6,1,0,0,0,0,1,2,4181.02332029
20213,1123002831,3,1,2,0,0,0,1,0,2,0,0,0,1,0,0,0,0,0,0,0,2,5406.19270289
20213,1123002832,36,3,33,0,2,7,17,8,2,0,0,0,2,1,0,0,2,7,15,7,2,16011.9000326
20213,1123002833,2,1,1,0,0,0,1,1,0,0,0,0,0,1,0,0,0,0,1,0,0,4835.77166826
20213,1123002834,386,244,142,0,45,106,101,105,29,0,9,48,76,87,24,0,36,58,25,18,5,145231.340463
20213,1123002839,433,279,154,1,101,179,87,46,19,1,44,116,66,39,13,0,57,63,21,7,6,86929.4344295
20213,1123002840,783,366,417,1,238,302,113,86,43,0,79,128,68,55,36,1,159,174,45,31,7,204928.740361
20213,1123002845,1,0,1,0,0,0,0,1,0,0,0,0,0,0,0,0,0,0,0,1,0,1857.92952282
20213,1123002847,2,1,1,0,0,1,0,1,0,0,0,0,0,1,0,0,0,1,0,0,0,1332.09506987
20213,1123002848,4,0,4,0,0,2,0,2,0,0,0,0,0,0,0,0,0,2,0,2,0,2581.0345929
20213,1123002851,46,40,6,0,0,2,1,9,34,0,0,0,0,6,34,0,0,2,1,3,0,1452.37187066
20213,1123002865,4,1,3,0,2,0,0,2,0,0,0,0,0,1,0,0,2,0,0,1,0,5373.72049496
20213,1123002868,260,121,139,0,37,62,57,70,34,0,9,21,32,33,26,0,28,41,25,37,8,1510.91950751
20213,1123002876,47,26,21,1,5,18,15,6,2,1,3,10,9,3,0,0,2,8,6,3,2,15017.9680694
20213,1123002877,4,0,4,0,0,0,4,0,0,0,0,0,0,0,0,0,0,0,4,0,0,1607.11077524
20213,1123002880,4,4,0,0,0,3,1,0,0,0,0,3,1,0,0,0,0,0,0,0,0,6573.82251752
20213,1123002883,2,1,1,0,0,0,0,2,0,0,0,0,0,1,0,0,0,0,0,1,0,1318.55705442
20213,1123002886,2,1,1,0,0,0,1,1,0,0,0,0,0,1,0,0,0,0,1,0,0,2935.76638306
20213,1123002891,17,7,10,0,3,2,7,5,0,0,0,2,2,3,0,0,3,0,5,2,0,9962.6035372
20213,1123002895,14,7,7,0,0,2,3,4,5,0,0,2,1,1,3,0,0,0,2,3,2,4137.9390375
20213,1123002896,3,0,3,0,1,2,0,0,0,0,0,0,0,0,0,0,1,2,0,0,0,3959.52459558
20213,1123002898,28,6,22,0,6,10,5,5,2,0,2,1,1,1,1,0,4,9,4,4,1,6010.32442575
20213,1123002899,4,4,0,0,2,0,0,1,1,0,2,0,0,1,1,0,0,0,0,0,0,3200.76256493
20213,1123002900,25,18,7,0,0,6,9,7,3,0,0,5,5,6,2,0,0,1,4,1,1,13063.948137
20213,1123002901,13,9,4,0,1,0,1,5,6,0,0,0,0,5,4,0,1,0,1,0,2,3447.72831246
20213,1123002903,2,2,0,0,0,0,1,1,0,0,0,0,1,1,0,0,0,0,0,0,0,4492.04775526
20213,1123002905,10,9,1,0,5,2,0,0,3,0,4,2,0,0,3,0,1,0,0,0,0,5201.55250318
20213,1123002906,2,1,1,0,0,0,0,0,2,0,0,0,0,0,1,0,0,0,0,0,1,1563.78613036
20213,1123002907,5,2,3,0,0,0,2,1,2,0,0,0,1,0,1,0,0,0,1,1,1,4459.29513123
20213,1123002908,5,0,5,0,0,1,2,2,0,0,0,0,0,0,0,0,0,1,2,2,0,1661.85417865
20213,1123002911,6,0,6,0,0,0,4,1,1,0,0,0,0,0,0,0,0,0,4,1,1,3750.41693968
20213,1123002914,6,2,4,0,1,1,1,2,1,0,0,0,1,1,0,0,1,1,0,1,1,4604.29294001
20213,1123002915,13,5,8,0,1,2,4,1,5,0,0,2,2,0,1,0,1,0,2,1,4,4925.59184714
20213,1123002916,4,1,3,0,0,0,2,2,0,0,0,0,0,1,0,0,0,0,2,1,0,4142.42363309
20213,1123002917,4,3,1,0,0,1,0,2,1,0,0,1,0,1,1,0,0,0,0,1,0,603.027519223
20213,1123002918,9,0,9,0,3,3,1,0,2,0,0,0,0,0,0,0,3,3,1,0,2,1004.19322794
20213,1123002919,91,14,77,0,6,25,33,22,5,0,1,4,4,1,4,0,5,21,29,21,1,17689.5856703
20213,1123002920,5,4,1,0,0,0,0,2,3,0,0,0,0,2,2,0,0,0,0,0,1,2780.02974491
20213,1123002923,6,2,4,0,1,0,2,2,1,0,0,0,0,2,0,0,1,0,2,0,1,4296.91466037
20213,1123002924,15,6,9,0,2,8,2,0,3,0,0,4,1,0,1,0,2,4,1,0,2,3736.83245655
20213,1123002925,5,1,4,0,1,1,1,1,1,0,1,0,0,0,0,0,0,1,1,1,1,2422.05723758
20213,1123002926,22,9,13,0,4,6,4,3,5,0,4,1,1,1,2,0,0,5,3,2,3,1926.12998818
20213,1123002928,7,3,4,0,3,2,1,1,0,0,0,1,1,1,0,0,3,1,0,0,0,5427.73148192
20213,1123002929,17,11,6,0,0,6,5,2,4,0,0,4,5,1,1,0,0,2,0,1,3,6990.87268715
20213,1123002931,3,2,1,0,0,1,1,1,0,0,0,0,1,1,0,0,0,1,0,0,0,2471.75163454
20213,1123002937,52,42,10,0,1,9,20,11,11,0,1,7,16,8,10,0,0,2,4,3,1,34094.480476
20213,1123002938,15,6,9,0,8,2,5,0,0,0,1,1,4,0,0,0,7,1,1,0,0,68381.0030704
20213,1123002941,8,7,1,0,0,1,2,2,3,0,0,1,2,2,2,0,0,0,0,0,1,2186.89832288
20213,1123002942,16,9,7,1,1,5,2,3,4,0,0,3,1,2,3,1,1,2,1,1,1,8655.7840371
20213,1123002943,34,17,17,0,5,9,9,5,6,0,3,5,3,3,3,0,2,4,6,2,3,11806.3933984
20213,1123002946,1,1,0,0,1,0,0,0,0,0,1,0,0,0,0,0,0,0,0,0,0,2280.66381413
20213,1123002949,7,6,1,0,0,0,2,5,0,0,0,0,2,4,0,0,0,0,0,1,0,1173.42272159
20213,1123002951,15,9,6,0,1,1,4,3,6,0,1,1,3,0,4,0,0,0,1,3,2,3091.96541572
20213,1123002952,3,2,1,0,0,1,1,0,1,0,0,1,1,0,0,0,0,0,0,0,1,3942.64469453
20213,1123002953,5,3,2,1,1,0,1,1,1,1,0,0,1,1,0,0,1,0,0,0,1,4089.65904967
20213,1123002954,20,9,11,0,6,8,2,1,3,0,1,4,1,0,3,0,5,4,1,1,0,5493.46665185
20213,1123002956,4,4,0,0,0,0,0,1,3,0,0,0,0,1,3,0,0,0,0,0,0,22550.5034436
20213,1123002959,7,6,1,0,0,0,3,2,2,0,0,0,3,1,2,0,0,0,0,1,0,1461.94013885
20213,1123002960,3,1,2,0,0,1,1,1,0,0,0,0,0,1,0,0,0,1,1,0,0,2876.59289452
20213,1123002964,20,17,3,0,0,3,2,6,9,0,0,2,2,4,9,0,0,1,0,2,0,10333.6074492
20213,1123002965,2,1,1,0,0,1,0,0,1,0,0,0,0,0,1,0,0,1,0,0,0,1421.04892608
20213,1123002966,27,15,12,0,6,2,4,6,9,0,2,2,2,2,7,0,4,0,2,4,2,3956.03477432
20213,1123002967,84,54,30,0,14,8,28,25,9,0,8,6,15,17,8,0,6,2,13,8,1,13051.1044731
20213,1123002968,2,1,1,0,0,0,0,1,1,0,0,0,0,0,1,0,0,0,0,1,0,6251.95843482
20213,1123002974,319,252,67,0,20,58,110,115,16,0,10,50,85,96,11,0,10,8,25,19,5,4514.14451559
20213,1123002982,2,2,0,0,0,0,1,0,1,0,0,0,1,0,1,0,0,0,0,0,0,5860.91184551
20213,1123002985,230,126,104,0,26,57,60,49,38,0,11,36,41,30,8,0,15,21,19,19,30,1232.6863747
20213,1123002986,5,4,1,0,0,0,2,1,2,0,0,0,2,0,2,0,0,0,0,1,0,7121.21524291
20213,1123002990,47,33,14,0,7,4,12,14,10,0,5,4,6,9,9,0,2,0,6,5,1,12047.0287981
20213,1123002991,37,23,14,0,3,5,7,8,14,0,2,2,3,4,12,0,1,3,4,4,2,5781.13744145
20213,1123002993,4,4,0,0,0,0,2,0,2,0,0,0,2,0,2,0,0,0,0,0,0,6875.16128071
20213,1123002995,5,1,4,0,2,2,1,0,0,0,0,0,1,0,0,0,2,2,0,0,0,1339.17571596
20213,1123002996,92,27,65,0,10,15,14,5,48,0,3,6,3,2,13,0,7,9,11,3,35,7871.0655319
20213,1123002998,3,0,3,0,2,0,0,1,0,0,0,0,0,0,0,0,2,0,0,1,0,2231.43201635
20213,1123002999,2,2,0,0,0,0,1,1,0,0,0,0,1,1,0,0,0,0,0,0,0,1162.60106867
20213,1123003009,35,17,18,1,3,9,14,7,1,0,2,1,8,5,1,1,1,8,6,2,0,5556.41635339
20213,1123003012,8,5,3,0,1,2,2,2,1,0,0,0,2,2,1,0,1,2,0,0,0,1218.34512365
20213,1123003014,3,2,1,0,0,2,0,0,1,0,0,1,0,0,1,0,0,1,0,0,0,1182.30404241
20213,1123003018,12,11,1,0,0,2,1,5,4,0,0,2,0,5,4,0,0,0,1,0,0,8835.50062464
20213,1123003020,14,8,6,0,3,3,4,3,1,0,3,2,2,1,0,0,0,1,2,2,1,7216.11136233
20213,1123003022,2,1,1,0,0,0,2,0,0,0,0,0,1,0,0,0,0,0,1,0,0,1677.00612323
20213,1123003023,39,7,32,0,5,11,9,9,5,0,1,0,2,2,2,0,4,11,7,7,3,2959.45200321
20213,1123003024,17,2,15,0,0,5,5,4,3,0,0,0,0,0,2,0,0,5,5,4,1,1400.23542553
20213,1123003025,4,3,1,0,0,2,1,1,0,0,0,1,1,1,0,0,0,1,0,0,0,3303.94673515
20213,1123003029,5,4,1,0,0,0,0,5,0,0,0,0,0,4,0,0,0,0,0,1,0,4524.61911672
20213,1123003032,115,63,52,2,22,34,19,28,10,0,2,14,13,25,9,2,20,20,6,3,1,12058.3743236
20213,1123003034,5,1,4,0,0,0,1,4,0,0,0,0,0,1,0,0,0,0,1,3,0,2565.69065106
20213,1123003037,2,1,1,0,0,0,0,1,1,0,0,0,0,1,0,0,0,0,0,0,1,3638.95708217
20213,1123003038,9,4,5,0,0,1,1,3,4,0,0,1,0,2,1,0,0,0,1,1,3,3698.24780991
20213,1123003044,3,3,0,0,0,1,2,0,0,0,0,1,2,0,0,0,0,0,0,0,0,3574.12178366
20213,1123003046,3,2,1,0,0,0,1,1,1,0,0,0,1,0,1,0,0,0,0,1,0,3867.1605798
20213,1123003052,31,7,24,0,3,0,1,7,20,0,1,0,1,2,3,0,2,0,0,5,17,3927.52294582
20213,1123003057,10,6,4,0,1,0,2,3,4,0,1,0,1,1,3,0,0,0,1,2,1,3167.75738429
20213,1123003059,5,4,1,0,0,2,0,1,2,0,0,2,0,0,2,0,0,0,0,1,0,1313.90936941
20213,1123003060,16,12,4,0,1,1,4,8,2,0,0,1,3,6,2,0,1,0,1,2,0,3224.03133839
20213,1123003061,2,2,0,0,0,0,2,0,0,0,0,0,2,0,0,0,0,0,0,0,0,3218.04294109
20213,1123003063,13,6,7,0,5,2,2,1,3,0,1,1,1,1,2,0,4,1,1,0,1,9640.84880546
20213,1123003065,3,2,1,0,0,2,0,0,1,0,0,1,0,0,1,0,0,1,0,0,0,3022.13577466
20213,1123003066,17,3,14,0,0,7,3,6,1,0,0,1,0,2,0,0,0,6,3,4,1,1166.57534
20213,1123003067,18,1,17,0,3,5,3,4,3,0,0,0,0,0,1,0,3,5,3,4,2,1538.43611938
20213,1123003068,7,7,0,0,0,0,2,4,1,0,0,0,2,4,1,0,0,0,0,0,0,4541.00568846
20213,1123003069,3,2,1,0,1,0,0,2,0,0,0,0,0,2,0,0,1,0,0,0,0,1889.17113346
20213,1123003070,16,8,8,0,0,1,2,2,11,0,0,1,1,1,5,0,0,0,1,1,6,11129.0370473
20213,1123003078,2,2,0,0,0,0,1,1,0,0,0,0,1,1,0,0,0,0,0,0,0,1068.36855711
20213,1123003082,105,41,64,0,8,31,37,23,6,0,2,8,12,15,4,0,6,23,25,8,2,2342.93071185
20213,1123003094,186,107,79,0,22,45,48,46,25,0,10,21,23,29,24,0,12,24,25,17,1,5618.47306291
20213,1123003100,18,2,16,0,5,4,6,1,2,0,0,0,0,1,1,0,5,4,6,0,1,7604.23128972
20213,1123003105,39,18,21,0,9,10,9,9,2,0,3,3,5,5,2,0,6,7,4,4,0,3015.93063789
20213,1123003107,678,421,257,5,58,126,204,175,110,3,26,61,117,113,101,2,32,65,87,62,9,4626.95567548
20213,1123003118,4,3,1,0,0,0,2,2,0,0,0,0,2,1,0,0,0,0,0,1,0,4249.76234106
20213,1123003119,50,39,11,0,3,20,18,1,8,0,2,17,11,1,8,0,1,3,7,0,0,12868.6711485
20213,1123003120,25,15,10,0,1,2,7,13,2,0,1,2,6,6,0,0,0,0,1,7,2,11398.4598182
20213,1123003122,10,1,9,0,3,2,1,2,2,0,0,0,0,0,1,0,3,2,1,2,1,3272.18602586
20213,1123003124,185,82,103,0,26,43,43,59,14,0,13,15,9,35,10,0,13,28,34,24,4,19358.6191889
20213,1123003128,9,3,6,0,2,5,0,1,1,0,0,2,0,0,1,0,2,3,0,1,0,12928.1814159
20213,1123003129,22,17,5,0,2,5,8,6,1,0,2,3,7,4,1,0,0,2,1,2,0,4091.84871842
20213,1123003130,4,3,1,0,0,0,1,1,2,0,0,0,1,1,1,0,0,0,0,0,1,1471.64044485
20213,1123003131,4,2,2,0,0,0,1,2,1,0,0,0,0,1,1,0,0,0,1,1,0,3349.4808711
20213,1123003136,2,1,1,0,0,1,1,0,0,0,0,0,1,0,0,0,0,1,0,0,0,884.504306945
20213,1123003137,314,221,93,0,24,118,122,50,0,0,13,77,91,40,0,0,11,41,31,10,0,27614.2424638
20213,1123003138,18,7,11,0,0,0,6,9,3,0,0,0,3,2,2,0,0,0,3,7,1,8513.5283851
20213,1123003139,34,11,23,0,4,11,5,14,0,0,0,2,2,7,0,0,4,9,3,7,0,15038.7415062
20213,1123003144,5,3,2,0,0,0,0,3,2,0,0,0,0,1,2,0,0,0,0,2,0,1993.21277869
20213,1123003146,19,16,3,0,5,2,1,7,4,0,5,2,0,5,4,0,0,0,1,2,0,2252.1967799
20213,1123003147,67,10,57,0,8,15,18,22,4,0,1,2,0,3,4,0,7,13,18,19,0,17303.1775195
20213,1123003148,2,1,1,0,0,0,2,0,0,0,0,0,1,0,0,0,0,0,1,0,0,3128.59616429
20213,1123003150,297,225,72,1,6,12,9,21,248,1,2,7,1,12,202,0,4,5,8,9,46,5558.46557363
20213,1123003151,2,2,0,0,1,1,0,0,0,0,1,1,0,0,0,0,0,0,0,0,0,1743.12974971
20213,1123003153,19,3,16,0,0,6,4,7,2,0,0,1,1,0,1,0,0,5,3,7,1,2316.69666325
20213,1123003154,3,3,0,0,0,0,2,1,0,0,0,0,2,1,0,0,0,0,0,0,0,6281.24073051
20213,1123003155,20,11,9,0,1,0,3,11,5,0,1,0,2,4,4,0,0,0,1,7,1,3363.2077305
20213,1123003156,1,1,0,0,0,0,1,0,0,0,0,0,1,0,0,0,0,0,0,0,0,1373.31387675
20213,1123003158,18,16,2,0,0,3,5,4,6,0,0,3,4,4,5,0,0,0,1,0,1,8970.64619539
20213,1123003159,63,51,12,0,7,17,23,13,3,0,4,13,19,12,3,0,3,4,4,1,0,5480.83401
20213,1123003161,1,1,0,0,0,0,0,1,0,0,0,0,0,1,0,0,0,0,0,0,0,23579.4917903
20213,1123003166,3,1,2,0,0,1,0,1,1,0,0,0,0,0,1,0,0,1,0,1,0,3247.92058127
20213,1123003171,53,15,38,0,6,15,14,17,1,0,1,3,4,7,0,0,5,12,10,10,1,13633.9854419
20213,1123003175,8,7,1,0,0,1,2,2,3,0,0,1,2,2,2,0,0,0,0,0,1,9316.32131498
20213,1123003181,6,5,1,0,0,2,0,3,1,0,0,2,0,2,1,0,0,0,0,1,0,3407.7166487
20213,1123003182,3,2,1,0,0,1,1,1,0,0,0,0,1,1,0,0,0,1,0,0,0,2931.7594135
20213,1123003184,2,0,2,0,0,0,1,0,1,0,0,0,0,0,0,0,0,0,1,0,1,1837.34800783
20213,1123003186,55,37,18,0,3,14,19,19,0,0,1,7,11,18,0,0,2,7,8,1,0,1775.20415458
20213,1123003187,4,3,1,0,0,1,1,2,0,0,0,1,0,2,0,0,0,0,1,0,0,2689.88167951
20213,1123003192,4,4,0,0,0,0,1,3,0,0,0,0,1,3,0,0,0,0,0,0,0,3395.39822332
20213,1123003194,5,4,1,0,1,0,3,1,0,0,1,0,2,1,0,0,0,0,1,0,0,3940.78552013
20213,1123003195,7,4,3,0,0,0,1,5,1,0,0,0,1,3,0,0,0,0,0,2,1,2096.1240028
20213,1123003198,1,1,0,0,0,0,0,0,1,0,0,0,0,0,1,0,0,0,0,0,0,1773.35958788
20213,1123003199,13,8,5,0,1,5,3,3,1,0,1,2,1,3,1,0,0,3,2,0,0,11968.2079724
20213,1123003200,5,2,3,0,0,0,2,0,3,0,0,0,0,0,2,0,0,0,2,0,1,3125.45551703
20213,1123003201,126,50,76,0,22,34,37,19,14,0,2,11,15,10,12,0,20,23,22,9,2,3733.1613408
20213,1123003202,6,5,1,0,0,2,3,1,0,0,0,2,2,1,0,0,0,0,1,0,0,11987.7122254
20213,1123003204,4,4,0,0,0,0,1,1,2,0,0,0,1,1,2,0,0,0,0,0,0,3210.21328573
20213,1123003208,3,2,1,0,0,2,0,0,1,0,0,1,0,0,1,0,0,1,0,0,0,3851.541978
20213,1123003210,1,0,1,0,0,0,1,0,0,0,0,0,0,0,0,0,0,0,1,0,0,4020.53359944
20213,1123003211,62,45,17,0,12,16,17,12,5,0,8,13,12,8,4,0,4,3,5,4,1,8274.21403272
20213,1123003213,15,0,15,0,2,4,4,5,0,0,0,0,0,0,0,0,2,4,4,5,0,5956.24610527
20213,1123003214,7,0,7,0,0,0,4,2,1,0,0,0,0,0,0,0,0,0,4,2,1,1257.14468851
20213,1123003216,6,6,0,0,0,0,2,4,0,0,0,0,2,4,0,0,0,0,0,0,0,2667.28280985
20213,1123003217,6,2,4,1,0,2,2,1,0,0,0,1,0,1,0,1,0,1,2,0,0,3329.87581324
20213,1123003221,4,2,2,0,0,1,3,0,0,0,0,1,1,0,0,0,0,0,2,0,0,2101.70309045
20213,1123003222,7,2,5,0,0,1,4,1,1,0,0,1,0,1,0,0,0,0,4,0,1,2742.40524015
20213,1123003223,2,2,0,0,2,0,0,0,0,0,2,0,0,0,0,0,0,0,0,0,0,610.98000847
20213,1123003225,28,11,17,0,3,4,9,2,10,0,0,0,2,1,8,0,3,4,7,1,2,10602.3289047
20213,1123003227,5,3,2,0,0,1,1,1,2,0,0,0,0,1,2,0,0,1,1,0,0,3652.08823396
20213,1123003228,1,0,1,0,0,1,0,0,0,0,0,0,0,0,0,0,0,1,0,0,0,2456.07411552
20213,1123003230,163,52,111,0,15,17,34,42,55,0,7,8,17,11,9,0,8,9,17,31,46,141007.569639
20213,1123003231,1499,630,869,0,323,352,359,382,83,0,64,161,193,169,43,0,259,191,166,213,40,4303.94168553
20213,1123003242,4,2,2,0,0,0,0,1,3,0,0,0,0,1,1,0,0,0,0,0,2,6594.92086151
20213,1123003243,15,12,3,0,1,5,5,3,1,0,1,5,3,2,1,0,0,0,2,1,0,4674.05976834
20213,1123003244,5,3,2,0,1,0,0,2,2,0,0,0,0,1,2,0,1,0,0,1,0,2617.4533702
20213,1123003245,38,8,30,0,2,7,16,11,2,0,0,1,3,3,1,0,2,6,13,8,1,3968.17004883
20213,1129000001,19,1,18,0,4,6,4,3,2,0,0,0,0,0,1,0,4,6,4,3,1,3003.00535396
20213,1129000003,63,37,26,0,4,17,18,16,8,0,0,10,7,13,7,0,4,7,11,3,1,2810.55308507
20213,1129000008,88,19,69,0,36,24,10,8,10,0,2,5,3,2,7,0,34,19,7,6,3,7946.14242889
20213,1129000013,4,1,3,0,1,0,2,1,0,0,0,0,0,1,0,0,1,0,2,0,0,2883.14216599
20213,1129000016,2,0,2,0,0,0,1,0,1,0,0,0,0,0,0,0,0,0,1,0,1,1720.46424123
20213,1129000026,19,2,17,0,5,5,4,3,2,0,0,0,0,0,2,0,5,5,4,3,0,677.896615756
20213,1129000031,173,89,84,0,16,45,43,46,23,0,6,26,26,15,16,0,10,19,17,31,7,7682.32234575
20213,1129000032,8,4,4,0,0,2,1,2,3,0,0,2,0,0,2,0,0,0,1,2,1,3930.49844048
20213,1129000039,6,4,2,0,0,1,2,0,3,0,0,0,1,0,3,0,0,1,1,0,0,2677.49029149
20213,1129000042,5,0,5,0,0,0,2,0,3,0,0,0,0,0,0,0,0,0,2,0,3,17067.9713324
20213,1129000047,4,1,3,0,0,0,3,1,0,0,0,0,0,1,0,0,0,0,3,0,0,10290.4625534
20213,1129000049,42,9,33,0,12,7,11,8,4,0,0,0,5,2,2,0,12,7,6,6,2,8054.58226851
20213,1129000051,89,52,37,0,16,21,30,15,7,0,7,15,17,8,5,0,9,6,13,7,2,3961.21404433
20213,1129000062,218,74,144,1,29,62,65,38,23,0,13,20,16,14,11,1,16,42,49,24,12,2211.8899486
20213,1129000063,1,0,1,0,0,1,0,0,0,0,0,0,0,0,0,0,0,1,0,0,0,1984.38510667
20213,1129000070,358,154,204,0,45,52,105,117,39,0,22,25,42,40,25,0,23,27,63,77,14,27762.0060369
20213,1129000078,26,24,2,0,0,4,15,6,1,0,0,4,14,5,1,0,0,0,1,1,0,2532.94933053
20213,1129000086,104,47,57,0,28,16,25,17,18,0,10,7,10,7,13,0,18,9,15,10,5,2544.84774991
20213,1129000099,7,0,7,0,0,0,0,5,2,0,0,0,0,0,0,0,0,0,0,5,2,4588.45491458
20213,1129000104,29,12,17,0,0,7,10,5,7,0,0,3,4,2,3,0,0,4,6,3,4,7549.06429063
20213,1129000105,21,13,8,0,0,1,10,6,4,0,0,0,5,4,4,0,0,1,5,2,0,9426.87632765
20213,1129000115,120,68,52,1,33,41,24,16,5,0,16,27,10,10,5,1,17,14,14,6,0,1328.92312917
20213,1129000117,48,33,15,0,4,8,16,14,6,0,3,5,10,10,5,0,1,3,6,4,1,6622.64540695
20213,1129000118,20,3,17,0,1,6,8,4,1,0,0,0,1,1,1,0,1,6,7,3,0,5725.0525603
20213,1129000119,235,179,56,2,12,33,48,57,83,0,3,22,34,42,78,2,9,11,14,15,5,3283.84044582
20213,1129000131,35,9,26,0,10,12,6,4,3,0,0,3,3,2,1,0,10,9,3,2,2,4121.38126759
20213,1129000141,23,3,20,0,3,5,7,6,2,0,0,0,1,1,1,0,3,5,6,5,1,5649.8863137
20213,1129000149,272,135,137,0,32,45,106,66,23,0,12,21,50,42,10,0,20,24,56,24,13,3072.52310862
20213,1129000151,103,15,88,0,13,36,28,24,2,0,0,4,5,4,2,0,13,32,23,20,0,19784.0317989
20213,1129000154,4104,2068,2036,415,1905,1079,431,183,91,176,863,612,254,88,75,239,1042,467,177,95,16,2911.71914429
20213,1129000199,51,10,41,0,2,9,19,11,10,0,0,1,1,1,7,0,2,8,18,10,3,14872.3100721
20213,1129000200,32,29,3,0,0,1,3,8,20,0,0,1,3,5,20,0,0,0,0,3,0,4605.01613628
20213,1129000205,45,14,31,0,12,8,5,15,5,0,4,1,2,4,3,0,8,7,3,11,2,9684.75492897
20213,1129000216,15,9,6,0,1,1,5,4,4,0,0,0,3,3,3,0,1,1,2,1,1,7192.74839825
20213,1129000217,4,3,1,0,1,0,3,0,0,0,1,0,2,0,0,0,0,0,1,0,0,4529.78713502
20213,1129000218,6,3,3,0,0,0,3,2,1,0,0,0,1,2,0,0,0,0,2,0,1,2002.22047374
20213,1129000222,1,0,1,0,0,0,0,1,0,0,0,0,0,0,0,0,0,0,0,1,0,2355.9686265
20213,1129000226,25,18,7,0,0,5,11,4,5,0,0,2,10,2,4,0,0,3,1,2,1,5691.90574767
20213,1129000231,7,3,4,0,1,4,1,1,0,0,1,2,0,0,0,0,0,2,1,1,0,28476.078963
20213,1129000236,7,5,2,0,0,0,2,2,3,0,0,0,1,1,3,0,0,0,1,1,0,3825.23928098
20213,1129000238,18,13,5,0,0,5,2,7,4,0,0,2,2,7,2,0,0,3,0,0,2,10132.1033128
20213,1129000239,28,7,21,0,1,6,8,12,1,0,0,1,1,5,0,0,1,5,7,7,1,1974.53794165
20213,1129000240,19,12,7,0,2,4,4,5,4,0,1,2,2,3,4,0,1,2,2,2,0,5983.87898946
20213,1129000242,25,10,15,0,0,3,8,6,8,0,0,1,1,3,5,0,0,2,7,3,3,5381.7570772
20213,1129000243,10,7,3,1,0,3,6,0,0,0,0,3,4,0,0,1,0,0,2,0,0,5539.74042375
20213,1129000248,59,8,51,0,0,4,16,28,11,0,0,0,1,3,4,0,0,4,15,25,7,3053.45355792
20213,1129000249,93,19,74,0,12,17,19,26,19,0,2,5,5,1,6,0,10,12,14,25,13,11260.2036519
20213,1129000250,10,8,2,0,1,6,3,0,0,0,1,5,2,0,0,0,0,1,1,0,0,2917.0277682
20213,1129000252,25,16,9,0,1,9,7,6,2,0,1,6,4,4,1,0,0,3,3,2,1,2494.45260442
20213,1129000253,80,38,42,1,10,20,28,14,7,1,0,9,18,7,3,0,10,11,10,7,4,10863.379154
20213,1129000255,39,29,10,0,8,8,9,10,4,0,8,6,7,5,3,0,0,2,2,5,1,18553.8109315
20213,1129000259,2,1,1,0,0,0,1,1,0,0,0,0,1,0,0,0,0,0,0,1,0,3430.41905732
20213,1129000260,22,9,13,1,7,5,3,3,3,1,4,1,1,1,1,0,3,4,2,2,2,11322.6441677
20213,1129000262,38,10,28,0,11,7,9,9,2,0,5,1,1,2,1,0,6,6,8,7,1,3209.41082252
20213,1129000265,5,1,4,0,0,2,0,2,1,0,0,0,0,1,0,0,0,2,0,1,1,3424.79930994
20213,1129000273,12,7,5,0,1,2,5,3,1,0,1,2,2,2,0,0,0,0,3,1,1,4934.1020933
20213,1129000275,10,0,10,0,2,3,2,2,1,0,0,0,0,0,0,0,2,3,2,2,1,3805.91350446
20213,1129000280,12,7,5,0,1,1,3,3,4,0,1,1,1,1,3,0,0,0,2,2,1,2940.64197682
20213,1129000281,2,1,1,0,0,0,0,1,1,0,0,0,0,0,1,0,0,0,0,1,0,1873.3090004
20213,1129000284,50,25,25,0,3,10,14,14,9,0,2,5,9,6,3,0,1,5,5,8,6,17453.3113364
20213,1129000294,6,1,5,0,0,1,1,2,2,0,0,0,0,1,0,0,0,1,1,1,2,2356.93864494
20213,1129000303,5,3,2,0,0,0,2,3,0,0,0,0,1,2,0,0,0,0,1,1,0,5690.15376419
20213,1129000318,17,7,10,0,2,1,1,7,6,0,2,1,1,1,2,0,0,0,0,6,4,3832.52510983
20213,1129000321,23,12,11,0,3,3,7,5,5,0,1,2,3,3,3,0,2,1,4,2,2,18802.7956365
20213,1129000322,2,1,1,0,0,0,2,0,0,0,0,0,1,0,0,0,0,0,1,0,0,1228.72102
20213,1129000330,75,13,62,0,10,20,23,16,6,0,0,5,3,1,4,0,10,15,20,15,2,10218.1411501
20213,1129000335,92,60,32,0,3,16,25,21,27,0,2,9,12,13,24,0,1,7,13,8,3,6807.09646108
20213,1129000337,2,1,1,0,0,0,1,1,0,0,0,0,1,0,0,0,0,0,0,1,0,2139.15375133
20213,1129000341,50,14,36,0,4,14,15,17,0,0,0,2,8,4,0,0,4,12,7,13,0,22886.0896876
20213,1129000342,29,6,23,1,6,6,9,5,2,0,1,1,3,0,1,1,5,5,6,5,1,6058.26392649
20213,1129000343,3,0,3,0,0,0,0,2,1,0,0,0,0,0,0,0,0,0,0,2,1,66423.1669351
20213,1129000346,4,2,2,0,0,0,2,1,1,0,0,0,1,0,1,0,0,0,1,1,0,1669.7726758
20213,1129000350,2,1,1,0,0,0,0,1,1,0,0,0,0,0,1,0,0,0,0,1,0,2010.27400729
20213,1129000352,364,228,136,0,69,87,80,74,54,0,21,59,47,52,49,0,48,28,33,22,5,5464.41808822
20213,1129000354,1,1,0,0,0,0,0,1,0,0,0,0,0,1,0,0,0,0,0,0,0,1341.11667629
20213,1129000355,26,18,8,0,6,5,8,2,5,0,4,2,5,2,5,0,2,3,3,0,0,7105.56749095
20213,1129000360,4,0,4,0,0,1,2,1,0,0,0,0,0,0,0,0,0,1,2,1,0,7460.8954622
20213,1129000370,6,2,4,0,1,3,1,1,0,0,0,1,0,1,0,0,1,2,1,0,0,6500.29653181
20213,1129000387,7,3,4,0,0,0,2,5,0,0,0,0,1,2,0,0,0,0,1,3,0,876.585080906
20213,1129000393,23,14,9,0,7,6,4,5,1,0,4,4,2,3,1,0,3,2,2,2,0,6937.07027254
20213,1129000399,90,18,72,0,10,27,25,23,5,0,1,5,5,3,4,0,9,22,20,20,1,8017.20566594
20213,1129000404,8,7,1,0,0,4,0,3,1,0,0,3,0,3,1,0,0,1,0,0,0,4420.05960458
20213,1129000407,1103,298,805,8,497,361,132,79,26,0,75,125,37,39,22,8,422,236,95,40,4,5834.86487691
20213,1129000415,1,0,1,0,0,0,0,1,0,0,0,0,0,0,0,0,0,0,0,1,0,2012.5937853
20213,1129000417,14,3,11,0,1,2,7,4,0,0,0,1,1,1,0,0,1,1,6,3,0,8582.69223261
20213,1129000424,425,378,47,0,63,153,148,58,3,0,54,135,131,56,2,0,9,18,17,2,1,2187.70909293
20213,1129000438,10940,6783,4157,44,1682,2620,3536,1917,1141,13,807,1596,2417,1469,481,31,875,1024,1119,448,660,5266.54340769
20213,1129000448,95,43,52,0,13,39,21,14,8,0,3,21,4,9,6,0,10,18,17,5,2,3699.66282137
20213,1129000462,7,5,2,0,1,0,0,4,2,0,1,0,0,2,2,0,0,0,0,2,0,689.729106096
20213,1129000470,294,123,171,0,69,72,68,50,35,0,15,30,36,20,22,0,54,42,32,30,13,1437.52877038
20213,1129000482,49,40,9,0,3,9,9,14,14,0,3,6,7,12,12,0,0,3,2,2,2,3268.92247078
20213,1129000484,1,0,1,0,0,1,0,0,0,0,0,0,0,0,0,0,0,1,0,0,0,1194.0456133
20213,1129000486,1,1,0,0,0,0,0,0,1,0,0,0,0,0,1,0,0,0,0,0,0,3854.01878954
20213,1129000500,4,1,3,0,0,1,2,0,1,0,0,0,1,0,0,0,0,1,1,0,1,2258.24613742
20213,1129000514,15,11,4,0,0,2,4,3,6,0,0,1,2,2,6,0,0,1,2,1,0,5772.87533006
20213,1129000517,101,10,91,0,18,27,28,18,10,0,1,3,0,2,4,0,17,24,28,16,6,11352.5183472
20213,1129000518,7,5,2,0,1,2,2,1,1,0,1,1,1,1,1,0,0,1,1,0,0,2724.82460008
20213,1129000522,2,2,0,0,0,1,0,1,0,0,0,1,0,1,0,0,0,0,0,0,0,2964.98986681
20213,1129000532,192,57,135,0,12,36,46,61,37,0,1,12,11,17,16,0,11,24,35,44,21,4846.91070091
20213,1129000538,18,9,9,0,7,3,5,0,3,0,2,1,4,0,2,0,5,2,1,0,1,1874.16530021
20213,1129000540,20,11,9,0,5,1,8,6,0,0,4,0,3,4,0,0,1,1,5,2,0,3323.50657324
20213,1129000541,3,1,2,0,0,0,1,0,2,0,0,0,0,0,1,0,0,0,1,0,1,1485.44957098
20213,1129000543,18,6,12,0,1,2,2,3,10,0,1,2,1,0,2,0,0,0,1,3,8,1192.47309019
20213,1129000546,3,3,0,0,0,0,2,1,0,0,0,0,2,1,0,0,0,0,0,0,0,1322.72303375
20213,1129000548,4,3,1,0,1,3,0,0,0,0,1,2,0,0,0,0,0,1,0,0,0,1589.5683156
20213,1129000552,2,2,0,0,0,1,1,0,0,0,0,1,1,0,0,0,0,0,0,0,0,1015.37985709
20213,1129000556,3,1,2,0,0,1,0,0,2,0,0,0,0,0,1,0,0,1,0,0,1,4026.61390601
20213,1129000565,71,53,18,0,5,21,28,11,6,0,2,18,21,8,4,0,3,3,7,3,2,6219.92172054
20213,1129000568,56,7,49,0,2,4,9,31,10,0,1,2,1,1,2,0,1,2,8,30,8,10578.8997692
20213,1129000569,14,9,5,0,0,3,6,4,1,0,0,1,4,4,0,0,0,2,2,0,1,4116.63364968
20213,1129000570,4,2,2,0,0,0,0,2,2,0,0,0,0,1,1,0,0,0,0,1,1,2954.14405097
20213,1129000572,32,11,21,6,8,7,3,1,7,0,2,2,1,1,5,6,6,5,2,0,2,5876.21166167
20213,1129000573,2,2,0,0,0,0,1,0,1,0,0,0,1,0,1,0,0,0,0,0,0,3795.13387217
20213,1129000574,3,2,1,0,0,1,1,0,1,0,0,1,0,0,1,0,0,0,1,0,0,1854.58815205
20213,1129000577,145,53,92,0,15,45,46,30,9,0,3,12,15,17,6,0,12,33,31,13,3,5099.32249693
20213,1129000580,2,1,1,0,1,1,0,0,0,0,0,1,0,0,0,0,1,0,0,0,0,5278.8403183
20213,1129000581,5,4,1,0,2,1,2,0,0,0,2,1,1,0,0,0,0,0,1,0,0,728.809803529
20213,1129000582,5,5,0,0,0,0,0,1,4,0,0,0,0,1,4,0,0,0,0,0,0,4293.84573068
20213,1129000585,1,1,0,0,0,0,0,0,1,0,0,0,0,0,1,0,0,0,0,0,0,1119.84348948
20213,1129000586,4,3,1,0,0,0,3,1,0,0,0,0,2,1,0,0,0,0,1,0,0,676.027180238
20213,1129000588,10,5,5,0,0,6,0,2,2,0,0,3,0,1,1,0,0,3,0,1,1,745.10447959
20213,1129000590,15,8,7,0,3,4,7,1,0,0,0,2,5,1,0,0,3,2,2,0,0,5246.14530073
20213,1129000591,160,52,108,0,18,35,20,50,37,0,4,11,2,19,16,0,14,24,18,31,21,6663.82873504
20213,1129000592,14,6,8,0,1,2,1,3,7,0,0,1,1,1,3,0,1,1,0,2,4,3894.73715712
20213,1129000593,9,1,8,0,1,2,3,2,1,0,0,0,0,0,1,0,1,2,3,2,0,2662.32106892
20213,1129000595,30,20,10,1,9,10,4,5,1,0,5,7,4,3,1,1,4,3,0,2,0,5676.7046914
20213,1129000596,5,1,4,0,3,1,1,0,0,0,0,0,1,0,0,0,3,1,0,0,0,1686.97972103
20213,1129000597,16,15,1,0,0,1,5,8,2,0,0,1,4,8,2,0,0,0,1,0,0,7609.66171191
20213,1129000598,9,4,5,0,6,1,0,1,1,0,3,0,0,1,0,0,3,1,0,0,1,938.028927433
20213,1129000600,4,1,3,0,1,0,0,1,2,0,0,0,0,0,1,0,1,0,0,1,1,1907.89325531
20213,1129000601,6,6,0,0,0,2,2,2,0,0,0,2,2,2,0,0,0,0,0,0,0,4871.77079929
20213,1129000602,8,5,3,0,0,0,1,4,3,0,0,0,0,2,3,0,0,0,1,2,0,4921.87835847
20213,1129000603,12,5,7,0,0,5,3,2,2,0,0,1,2,1,1,0,0,4,1,1,1,5263.74067975
20213,1129000604,54,49,5,3,23,13,10,4,1,3,21,12,9,3,1,0,2,1,1,1,0,2010.8517074
20213,1129000605,47,12,35,0,20,11,9,3,4,0,0,1,6,1,4,0,20,10,3,2,0,4003.49988732
20213,1129000607,51,8,43,0,21,16,4,6,4,0,0,3,1,1,3,0,21,13,3,5,1,68994.1344654
20213,1129000608,11,3,8,0,1,2,2,3,3,0,0,0,0,1,2,0,1,2,2,2,1,3124.22075666
20213,1129000609,4,1,3,0,0,1,0,0,3,0,0,0,0,0,1,0,0,1,0,0,2,1166.11048829
20213,1129000610,13,2,11,0,4,2,4,2,1,0,0,0,1,1,0,0,4,2,3,1,1,4836.51376301
20213,1129000611,4,3,1,0,1,1,0,0,2,0,1,1,0,0,1,0,0,0,0,0,1,3119.89985555
20213,1129000612,59,29,30,8,1,9,17,17,7,8,1,4,2,8,6,0,0,5,15,9,1,6324.36993047
20213,1129000613,1,1,0,0,0,0,0,0,1,0,0,0,0,0,1,0,0,0,0,0,0,3121.35319166
20213,1129000614,1,1,0,0,0,0,0,0,1,0,0,0,0,0,1,0,0,0,0,0,0,16336.6769814
20213,1129000617,15,11,4,0,1,2,7,5,0,0,1,1,4,5,0,0,0,1,3,0,0,6965.76464849
20213,1129000618,6,5,1,0,0,2,4,0,0,0,0,2,3,0,0,0,0,0,1,0,0,1358.76041947
20213,1129000619,3,2,1,0,0,0,1,1,1,0,0,0,0,1,1,0,0,0,1,0,0,9165.84179353
20213,1129000620,8,6,2,0,0,1,1,5,1,0,0,1,1,4,0,0,0,0,0,1,1,5582.26139068
20213,1129000623,23,16,7,1,2,4,9,2,5,1,1,3,8,2,1,0,1,1,1,0,4,6312.11690292
20213,1129000624,1,1,0,0,0,0,0,0,1,0,0,0,0,0,1,0,0,0,0,0,0,4073.47087871
20213,1129000625,100,21,79,0,18,30,29,17,6,0,5,3,4,4,5,0,13,27,25,13,1,22975.5460365
20213,1129000626,14,10,4,0,0,4,3,3,4,0,0,2,1,3,4,0,0,2,2,0,0,2776.82359155
20213,1129000628,2,2,0,0,0,1,0,0,1,0,0,1,0,0,1,0,0,0,0,0,0,1896.74297675
20213,1129000629,13,3,10,0,2,5,5,1,0,0,0,0,3,0,0,0,2,5,2,1,0,4551.06674819
20213,1129000631,2,1,1,0,1,0,0,0,1,0,1,0,0,0,0,0,0,0,0,0,1,1112.3063394
20213,1129000632,21,16,5,0,2,3,5,8,3,0,1,2,3,7,3,0,1,1,2,1,0,6503.32882222
20213,1129000633,3,3,0,0,0,0,0,3,0,0,0,0,0,3,0,0,0,0,0,0,0,1283.48139986
20213,1129000634,4,4,0,0,0,0,2,1,1,0,0,0,2,1,1,0,0,0,0,0,0,2672.64788193
20213,1129000636,78,58,20,0,6,20,19,28,5,0,1,12,15,26,4,0,5,8,4,2,1,4855.63914073
20213,1129000639,2,0,2,0,0,0,1,0,1,0,0,0,0,0,0,0,0,0,1,0,1,3292.56368116
20213,1129000640,89,25,64,1,8,30,20,26,4,0,1,8,5,8,3,1,7,22,15,18,1,4755.49564657
20213,1129000643,5,2,3,0,1,1,2,0,1,0,1,0,1,0,0,0,0,1,1,0,1,808.10269634
20213,1129000645,4,4,0,0,0,0,2,1,1,0,0,0,2,1,1,0,0,0,0,0,0,940.508483314
20213,1129000646,5,1,4,0,1,1,0,1,2,0,0,0,0,0,1,0,1,1,0,1,1,4479.38114258
20213,1129000647,17,5,12,0,8,6,1,0,2,0,1,2,1,0,1,0,7,4,0,0,1,1143.15161662
20213,1129000648,9,7,2,0,0,4,4,0,1,0,0,3,3,0,1,0,0,1,1,0,0,4866.52521645
20213,1129000655,4,2,2,0,2,0,1,1,0,0,0,0,1,1,0,0,2,0,0,0,0,4900.26869254
20213,1129000659,3,1,2,0,0,0,2,0,1,0,0,0,1,0,0,0,0,0,1,0,1,4392.09165753
20213,1129000661,2,2,0,0,0,0,0,1,1,0,0,0,0,1,1,0,0,0,0,0,0,2164.75701438
20213,1129000662,28,17,11,0,0,4,5,7,12,0,0,1,3,3,10,0,0,3,2,4,2,6949.62737076
20213,1129000664,18,14,4,0,1,4,3,4,6,0,0,2,2,4,6,0,1,2,1,0,0,2356.89097495
20213,1129000665,130,116,14,0,0,5,21,41,63,0,0,3,18,33,62,0,0,2,3,8,1,7379.49035939
20213,1129000669,34,21,13,1,5,4,6,12,6,0,2,2,1,10,6,1,3,2,5,2,0,1685.18047767
20213,1129000670,2,1,1,0,0,0,2,0,0,0,0,0,1,0,0,0,0,0,1,0,0,1294.96423569
20213,1129000672,11,3,8,0,0,1,0,6,4,0,0,0,0,1,2,0,0,1,0,5,2,5713.46465004
20213,1129000673,9,1,8,0,5,3,1,0,0,0,0,0,1,0,0,0,5,3,0,0,0,2509.59399613
20213,1129000674,8,5,3,0,1,1,0,4,2,0,1,0,0,3,1,0,0,1,0,1,1,3918.578309
20213,1129000679,153,34,119,0,10,19,40,52,32,0,2,6,8,11,7,0,8,13,32,41,25,6096.61899836
20213,1129000680,20,12,8,1,0,6,6,4,3,0,0,3,4,3,2,1,0,3,2,1,1,4333.18084148
20213,1129000681,62,26,36,1,27,10,8,14,2,0,13,4,2,5,2,1,14,6,6,9,0,4869.75500874
20213,1129000683,9,8,1,0,1,1,2,3,2,0,1,1,1,3,2,0,0,0,1,0,0,1752.87978491
20213,1129000684,154,82,72,0,31,34,34,33,22,0,8,20,22,18,14,0,23,14,12,15,8,3738.99523684
20213,1129000685,12,9,3,0,0,3,3,4,2,0,0,2,2,4,1,0,0,1,1,0,1,4592.83741425
20213,1129000690,4,3,1,0,0,0,0,3,1,0,0,0,0,2,1,0,0,0,0,1,0,4005.13853828
20213,1129000692,15,2,13,0,3,2,5,3,2,0,0,0,1,1,0,0,3,2,4,2,2,6129.40076765
20213,1129000695,6,4,2,0,0,1,1,1,3,0,0,1,0,1,2,0,0,0,1,0,1,2472.25712337
20213,1129000696,13,5,8,0,0,2,5,2,4,0,0,0,1,2,2,0,0,2,4,0,2,6057.95367591
20213,1129000697,19,4,15,0,0,0,0,13,6,0,0,0,0,4,0,0,0,0,0,9,6,6087.19119562
20213,1129000698,2,1,1,0,0,0,0,2,0,0,0,0,0,1,0,0,0,0,0,1,0,1985.0563129
20213,1129000700,107,58,49,1,4,12,22,29,39,1,2,8,8,9,30,0,2,4,14,20,9,5151.86605373
20213,1129000701,3,1,2,0,0,1,1,1,0,0,0,0,0,1,0,0,0,1,1,0,0,1456.7712311
20213,1129000702,26,10,16,0,4,7,8,2,5,0,1,4,0,1,4,0,3,3,8,1,1,9990.66616499
20213,1129000703,38,33,5,0,1,4,12,13,8,0,1,3,11,10,8,0,0,1,1,3,0,4548.97385831
20213,1129000706,11,6,5,0,1,6,3,1,0,0,0,4,1,1,0,0,1,2,2,0,0,11643.727626
20213,1129000713,65,40,25,0,20,27,12,6,0,0,11,14,10,5,0,0,9,13,2,1,0,5438.45813851
20213,1129000714,15,10,5,0,1,2,2,8,2,0,1,0,0,7,2,0,0,2,2,1,0,6700.82958602
20213,1129000716,25,3,22,0,1,2,1,0,21,0,0,2,0,0,1,0,1,0,1,0,20,7504.20334069
20213,1129000717,20,18,2,0,1,2,5,11,1,0,1,1,5,10,1,0,0,1,0,1,0,923.785981563
20213,1129000720,11,7,4,0,1,1,6,3,0,0,1,1,3,2,0,0,0,0,3,1,0,6136.7999923
20213,1129000722,67,35,32,0,9,19,17,20,2,0,4,7,11,12,1,0,5,12,6,8,1,5894.81091272
20213,1129000723,8,5,3,0,0,2,3,1,2,0,0,2,1,1,1,0,0,0,2,0,1,1944.3136627
20213,1129000724,2,2,0,0,0,2,0,0,0,0,0,2,0,0,0,0,0,0,0,0,0,2235.58839446
20213,1129000726,31,24,7,3,2,4,8,10,4,3,1,1,6,9,4,0,1,3,2,1,0,3738.97601094
20213,1129000732,3,3,0,0,0,0,2,1,0,0,0,0,2,1,0,0,0,0,0,0,0,3050.11966354
20213,1129000739,37,30,7,0,4,7,11,8,7,0,3,5,9,7,6,0,1,2,2,1,1,8202.46308964
20213,1129000740,145,97,48,0,7,36,38,41,23,0,3,17,25,31,21,0,4,19,13,10,2,9541.93127465
20213,1129000741,56,20,36,0,3,16,17,14,6,0,0,6,6,4,4,0,3,10,11,10,2,4143.61013048
20213,1129000742,3,2,1,0,0,0,1,2,0,0,0,0,0,2,0,0,0,0,1,0,0,1431.23791778
20213,1129000743,61,42,19,0,1,11,14,23,12,0,0,7,8,16,11,0,1,4,6,7,1,7113.146768
20213,1129000744,757,537,220,0,2,7,21,54,673,0,2,6,9,25,495,0,0,1,12,29,178,904.36961389
20213,1129000745,15,13,2,0,1,3,4,6,1,0,0,2,4,6,1,0,1,1,0,0,0,3710.29729485
20213,1129000746,2,2,0,0,0,1,1,0,0,0,0,1,1,0,0,0,0,0,0,0,0,2143.21195944
20213,1129000748,10,7,3,0,1,1,6,0,2,0,0,1,5,0,1,0,1,0,1,0,1,1118.38182539
20213,1129000749,8,7,1,0,0,3,5,0,0,0,0,3,4,0,0,0,0,0,1,0,0,948.530638041
20213,1129000756,58,36,22,0,19,13,19,7,0,0,9,6,17,4,0,0,10,7,2,3,0,4848.63238981
20213,1129000758,87,21,66,0,12,11,27,27,10,0,3,3,8,2,5,0,9,8,19,25,5,4746.70127887
20213,1129000759,8,6,2,0,0,3,2,1,2,0,0,1,2,1,2,0,0,2,0,0,0,4198.54580256
20213,1129000763,40,22,18,0,2,7,17,8,6,0,1,6,10,3,2,0,1,1,7,5,4,4077.80120428
20213,1129000767,1,0,1,0,0,1,0,0,0,0,0,0,0,0,0,0,0,1,0,0,0,3633.36732999
20213,1129000770,9,6,3,0,0,0,6,2,1,0,0,0,3,2,1,0,0,0,3,0,0,4494.64404784
20213,1129000773,2,0,2,0,0,0,2,0,0,0,0,0,0,0,0,0,0,0,2,0,0,3472.2940408
20213,1129000774,7,3,4,0,1,2,4,0,0,0,0,0,3,0,0,0,1,2,1,0,0,4345.99394664
20213,1129000775,9,2,7,0,1,4,2,2,0,0,0,1,0,1,0,0,1,3,2,1,0,3136.78108163
20213,1129000776,14,11,3,0,1,5,4,4,0,0,0,4,4,3,0,0,1,1,0,1,0,3585.98635768
20213,1129000780,1,1,0,0,0,0,0,1,0,0,0,0,0,1,0,0,0,0,0,0,0,9422.77781434
20213,1129000781,28,19,9,0,6,4,10,6,2,0,2,3,7,5,2,0,4,1,3,1,0,2547.94772849
20213,1129000782,24,8,16,3,3,4,11,2,1,0,0,2,5,0,1,3,3,2,6,2,0,5348.99714237
20213,1129000784,15,5,10,0,1,7,4,2,1,0,0,1,2,1,1,0,1,6,2,1,0,5119.40646325
20213,1129000787,10,4,6,0,5,2,1,1,1,0,1,2,0,0,1,0,4,0,1,1,0,3394.73541103
20213,1129000794,24,19,5,0,0,0,7,6,11,0,0,0,5,5,9,0,0,0,2,1,2,4926.52656172
20213,1129000796,12,8,4,0,0,0,2,4,6,0,0,0,1,3,4,0,0,0,1,1,2,4710.51065289
20213,1129000798,13,11,2,0,0,1,3,7,2,0,0,1,2,6,2,0,0,0,1,1,0,4172.81334224
20213,1129000800,23,20,3,0,5,2,5,6,5,0,5,2,3,6,4,0,0,0,2,0,1,9189.49733779
20213,1129000801,9,2,7,0,0,0,2,4,3,0,0,0,0,0,2,0,0,0,2,4,1,3116.91508343
20213,1129000802,2843,2591,252,0,311,1334,571,583,44,0,227,1193,545,582,44,0,84,141,26,1,0,1396.42794887
20213,1129000805,10,10,0,0,0,1,5,1,3,0,0,1,5,1,3,0,0,0,0,0,0,2544.69833752
20213,1129000806,7,7,0,0,1,1,2,3,0,0,1,1,2,3,0,0,0,0,0,0,0,4868.1024665
20213,1129000810,3,1,2,0,0,2,0,1,0,0,0,1,0,0,0,0,0,1,0,1,0,2902.12756064
20213,1129000811,106,87,19,2,12,20,28,21,23,1,6,18,24,19,19,1,6,2,4,2,4,4712.19466275
20213,1129000812,716,470,246,0,18,67,86,152,393,0,16,61,81,83,229,0,2,6,5,69,164,2416.06728545
20213,1129000814,1,0,1,0,0,0,0,0,1,0,0,0,0,0,0,0,0,0,0,0,1,3535.76576188
20213,1129000815,21,4,17,0,7,4,4,5,1,0,0,0,1,2,1,0,7,4,3,3,0,2705.47322857
20213,1129000818,22,12,10,0,2,4,5,8,3,0,2,3,3,2,2,0,0,1,2,6,1,5225.811889
20213,1129000819,99,23,76,0,17,14,21,39,8,0,1,7,10,3,2,0,16,7,11,36,6,5554.98911301
20213,1129000823,42,25,17,0,7,6,8,9,12,0,2,4,3,7,9,0,5,2,5,2,3,5420.59526373
20213,1129000826,45,35,10,1,8,8,10,15,3,1,5,7,6,13,3,0,3,1,4,2,0,4070.9246453
20213,1129000827,2,1,1,0,0,0,0,2,0,0,0,0,0,1,0,0,0,0,0,1,0,8345.35970478
20213,1129000829,8,3,5,0,1,2,2,2,1,0,0,2,1,0,0,0,1,0,1,2,1,838.622725244
20213,1129000831,2,1,1,0,0,0,0,2,0,0,0,0,0,1,0,0,0,0,0,1,0,4537.91626988
20213,1129000832,9,2,7,0,0,0,4,3,2,0,0,0,0,1,1,0,0,0,4,2,1,2183.68107382
20213,1129000833,3,2,1,0,0,0,0,0,3,0,0,0,0,0,2,0,0,0,0,0,1,879.295476845
20213,1129000837,3,3,0,0,0,1,1,1,0,0,0,1,1,1,0,0,0,0,0,0,0,6468.44824669
20213,1129000840,1,0,1,0,0,0,1,0,0,0,0,0,0,0,0,0,0,0,1,0,0,3295.81688917
20213,1129000841,13,6,7,0,1,5,4,1,2,0,1,2,1,1,1,0,0,3,3,0,1,5206.56465917
20213,1129000842,27,8,19,0,6,7,7,4,3,0,1,2,2,1,2,0,5,5,5,3,1,41579.382174
20213,1129000848,4,4,0,0,0,0,2,2,0,0,0,0,2,2,0,0,0,0,0,0,0,3721.90256055
20213,1129000852,1324,924,400,0,185,375,407,339,18,0,68,233,313,295,15,0,117,142,94,44,3,2298.98810316
20213,1129000856,17,7,10,0,0,2,7,4,4,0,0,0,2,2,3,0,0,2,5,2,1,7003.62599755
20213,1129000858,6,2,4,0,1,0,1,0,4,0,0,0,0,0,2,0,1,0,1,0,2,6460.11439249
20213,1129000860,4,3,1,0,0,2,2,0,0,0,0,1,2,0,0,0,0,1,0,0,0,11302.0638409
20213,1129000865,11,2,9,0,0,1,6,4,0,0,0,0,2,0,0,0,0,1,4,4,0,5324.17018796
20213,1129000866,63,47,16,0,7,24,17,11,4,0,2,16,16,9,4,0,5,8,1,2,0,5136.25425065
20213,1129000867,23,6,17,0,4,3,8,7,1,0,1,0,1,4,0,0,3,3,7,3,1,5045.4005423
20213,1129000868,24,19,5,0,4,13,5,1,1,0,3,11,3,1,1,0,1,2,2,0,0,9852.24429658
20213,1129000874,2,2,0,0,0,0,1,1,0,0,0,0,1,1,0,0,0,0,0,0,0,1406.93640558
20213,1129000885,2,2,0,0,0,1,0,1,0,0,0,1,0,1,0,0,0,0,0,0,0,5231.8062761
20213,1129000893,241,226,15,0,10,91,87,39,14,0,9,87,84,33,13,0,1,4,3,6,1,2119.1117736
20213,1129000903,6,5,1,0,1,1,4,0,0,0,1,0,4,0,0,0,0,1,0,0,0,1007.05343671
20213,1129000907,3,2,1,0,0,0,2,1,0,0,0,0,1,1,0,0,0,0,1,0,0,48087.2623084
20213,1129000909,2,1,1,0,0,0,0,2,0,0,0,0,0,1,0,0,0,0,0,1,0,5166.2689427
20213,1129000918,16,0,16,0,5,2,5,4,0,0,0,0,0,0,0,0,5,2,5,4,0,14185.5072107
20213,1129000922,24,19,5,0,2,5,9,3,5,0,2,5,6,2,4,0,0,0,3,1,1,1524.11613458
20213,1129000928,185,109,76,0,23,27,34,38,63,0,7,15,22,23,42,0,16,12,12,15,21,1558.34090415
20213,1129000931,51,8,43,0,0,1,3,15,32,0,0,1,1,4,2,0,0,0,2,11,30,5185.99555115
20213,1129000932,4,3,1,0,0,1,1,2,0,0,0,1,1,1,0,0,0,0,0,1,0,2642.08715849
20213,1129000933,3,1,2,0,1,2,0,0,0,0,0,1,0,0,0,0,1,1,0,0,0,4002.61665704
20213,1129000936,2,1,1,0,0,0,0,2,0,0,0,0,0,1,0,0,0,0,0,1,0,1776.85046849
20213,1129000937,2,2,0,0,0,0,2,0,0,0,0,0,2,0,0,0,0,0,0,0,0,4500.351309
20213,1129000938,7,3,4,0,1,0,2,2,2,0,0,0,1,1,1,0,1,0,1,1,1,2365.00968403
20213,1129000943,3,0,3,0,0,0,0,2,1,0,0,0,0,0,0,0,0,0,0,2,1,11980.392721
20213,1129000945,2,1,1,0,0,0,1,1,0,0,0,0,1,0,0,0,0,0,0,1,0,1689.85260309
20213,1129000947,3,3,0,0,0,0,3,0,0,0,0,0,3,0,0,0,0,0,0,0,0,2011.29263515
20213,1129000948,11,3,8,0,1,0,0,7,3,0,0,0,0,3,0,0,1,0,0,4,3,4031.43145234
20213,1129000949,3,1,2,0,1,2,0,0,0,0,0,1,0,0,0,0,1,1,0,0,0,1465.83435404
20213,1129000950,2,1,1,0,0,0,2,0,0,0,0,0,1,0,0,0,0,0,1,0,0,4461.30782734
20213,1129000951,6,4,2,0,3,0,0,2,1,0,1,0,0,2,1,0,2,0,0,0,0,3920.70547856
20213,1129000953,3,1,2,0,0,0,2,1,0,0,0,0,1,0,0,0,0,0,1,1,0,2073.78218536
20213,1129000955,2,1,1,0,0,1,1,0,0,0,0,0,1,0,0,0,0,1,0,0,0,8279.33715161
20213,1129000961,8,0,8,0,0,1,5,2,0,0,0,0,0,0,0,0,0,1,5,2,0,1027.71170842
20213,1129000963,1,0,1,0,0,0,0,1,0,0,0,0,0,0,0,0,0,0,0,1,0,2936.63904732
20213,1129000966,5,3,2,0,1,1,2,1,0,0,0,1,1,1,0,0,1,0,1,0,0,3996.60147507
20213,1129000967,23,10,13,0,1,2,10,8,2,0,0,0,6,4,0,0,1,2,4,4,2,5835.11929548
20213,1129000968,21,16,5,0,3,5,1,6,6,0,3,4,1,5,3,0,0,1,0,1,3,5025.1413773
20213,1129000969,38,16,22,0,6,14,11,6,1,0,1,7,4,3,1,0,5,7,7,3,0,4441.18787613
20213,1129000975,23,4,19,0,5,4,7,6,1,0,0,2,0,1,1,0,5,2,7,5,0,2796.2155936
20213,1129000977,4,3,1,0,0,1,2,1,0,0,0,1,1,1,0,0,0,0,1,0,0,4341.64748414
20213,1129000978,5,2,3,0,0,0,1,4,0,0,0,0,0,2,0,0,0,0,1,2,0,1726.0931747
20213,1129000980,76,60,16,1,6,15,21,16,17,0,5,9,19,14,13,1,1,6,2,2,4,5095.56778035
20213,1129000981,1,1,0,0,0,0,0,1,0,0,0,0,0,1,0,0,0,0,0,0,0,1652.94656966
20213,1129000985,4,3,1,0,0,0,0,2,2,0,0,0,0,1,2,0,0,0,0,1,0,3395.58049285
20213,1129000986,4,1,3,0,0,2,1,0,1,0,0,0,0,0,1,0,0,2,1,0,0,4952.45455533
20213,1129000989,4,3,1,0,1,0,1,0,2,0,0,0,1,0,2,0,1,0,0,0,0,3070.24257225
20213,1129000991,3,2,1,0,0,0,0,1,2,0,0,0,0,1,1,0,0,0,0,0,1,2224.03921715
20213,1129000992,3,1,2,0,0,1,1,0,1,0,0,0,0,0,1,0,0,1,1,0,0,2179.81448763
20213,1129000993,77,10,67,0,12,23,28,12,2,0,3,2,4,1,0,0,9,21,24,11,2,23159.967845
20213,1129000994,70,32,38,0,12,11,14,29,4,0,12,6,7,4,3,0,0,5,7,25,1,6404.97706942
20213,1129000996,13,11,2,0,1,2,5,5,0,0,1,0,5,5,0,0,0,2,0,0,0,4348.20984225
20213,1129001000,20,5,15,0,3,1,10,4,2,0,1,0,1,2,1,0,2,1,9,2,1,2206.90975883
20213,1129001001,24,18,6,0,3,9,4,6,2,0,1,6,4,5,2,0,2,3,0,1,0,2175.0936737
20213,1129001004,3,2,1,0,0,0,0,3,0,0,0,0,0,2,0,0,0,0,0,1,0,841.776469571
20213,1129001005,6,4,2,0,0,0,0,2,4,0,0,0,0,2,2,0,0,0,0,0,2,5383.81920806
20213,1129001013,1,0,1,0,0,0,1,0,0,0,0,0,0,0,0,0,0,0,1,0,0,1362.66134975
20213,1129001014,2,0,2,0,1,0,1,0,0,0,0,0,0,0,0,0,1,0,1,0,0,2521.91071702
20213,1129001017,4,1,3,1,1,0,0,2,0,0,0,0,0,1,0,1,1,0,0,1,0,547.046863162
20213,1129001018,1,1,0,0,0,0,1,0,0,0,0,0,1,0,0,0,0,0,0,0,0,6064.97069654
20213,1129001023,3,2,1,0,0,2,0,0,1,0,0,1,0,0,1,0,0,1,0,0,0,3199.33517688
20213,1129001025,5,2,3,0,0,2,2,1,0,0,0,1,1,0,0,0,0,1,1,1,0,3103.11723382
20213,1129001028,12,11,1,0,2,3,2,5,0,0,2,3,2,4,0,0,0,0,0,1,0,9120.23713948
20213,1129001030,2,2,0,0,1,0,0,1,0,0,1,0,0,1,0,0,0,0,0,0,0,1108.05236748
20213,1129001032,3,2,1,0,0,1,1,1,0,0,0,0,1,1,0,0,0,1,0,0,0,4876.98694464
20213,1129001037,25,10,15,0,0,8,8,5,4,0,0,1,2,3,4,0,0,7,6,2,0,3751.77947069
20213,1129001038,13,11,2,0,2,2,2,5,2,0,2,1,2,4,2,0,0,1,0,1,0,3626.80682001
20213,1129001042,5,4,1,0,0,0,2,2,1,0,0,0,1,2,1,0,0,0,1,0,0,1140.02472102
20213,1129001043,82,49,33,0,13,18,23,13,15,0,5,11,13,6,14,0,8,7,10,7,1,5254.32926294
20213,1129001044,6,5,1,0,0,0,1,0,5,0,0,0,0,0,5,0,0,0,1,0,0,4353.42759836
20213,1129001045,2,0,2,0,0,2,0,0,0,0,0,0,0,0,0,0,0,2,0,0,0,1745.5788188
20213,1129001046,10,2,8,0,2,1,6,0,1,0,0,0,1,0,1,0,2,1,5,0,0,5524.71091009
20213,1129001047,10,6,4,0,0,1,1,5,3,0,0,0,1,3,2,0,0,1,0,2,1,1830.36775806
20213,1129001051,7,5,2,0,5,0,2,0,0,0,4,0,1,0,0,0,1,0,1,0,0,5735.56898147
20213,1129001052,8,3,5,0,1,3,2,1,1,0,0,1,1,0,1,0,1,2,1,1,0,2746.02079493
20213,1129001054,6,4,2,0,0,3,3,0,0,0,0,2,2,0,0,0,0,1,1,0,0,1503.74960553
20213,1129001055,101,58,43,0,6,18,20,23,34,0,4,17,11,12,14,0,2,1,9,11,20,6147.10025989
20213,1129001056,4,3,1,0,0,2,1,0,1,0,0,1,1,0,1,0,0,1,0,0,0,1075.18881478
20213,1129001057,7,2,5,0,0,2,1,2,2,0,0,0,1,0,1,0,0,2,0,2,1,6251.77217275
20213,1129001058,21,15,6,0,0,3,4,7,7,0,0,2,2,6,5,0,0,1,2,1,2,2296.71578448
20213,1129001059,83,35,48,0,11,16,22,21,13,0,3,5,12,6,9,0,8,11,10,15,4,4413.11239033
20213,1129001060,9,3,6,0,0,1,2,3,3,0,0,1,0,1,1,0,0,0,2,2,2,3498.04703902
20213,1129001061,11,4,7,0,1,4,2,1,3,0,0,0,2,1,1,0,1,4,0,0,2,7049.04775842
20213,1129001063,11,9,2,0,0,1,1,3,6,0,0,1,1,1,6,0,0,0,0,2,0,1505.11098439
20213,1129001066,3,1,2,0,1,1,0,0,1,0,0,0,0,0,1,0,1,1,0,0,0,4832.92958376
20213,1129001067,3,2,1,0,0,0,0,1,2,0,0,0,0,1,1,0,0,0,0,0,1,1016.29541208
20213,1129001068,107,32,75,0,20,23,17,28,19,0,5,12,5,5,5,0,15,11,12,23,14,5273.02720483
20213,1129001069,30,7,23,0,3,6,9,10,2,0,0,1,3,3,0,0,3,5,6,7,2,7790.76766504
20213,1129001070,43,22,21,0,7,8,10,9,9,0,0,2,9,4,7,0,7,6,1,5,2,7140.29290074
20213,1129001071,13,9,4,0,2,4,3,2,2,0,1,3,3,1,1,0,1,1,0,1,1,4726.6933964
20213,1129001074,73,26,47,0,4,6,9,26,28,0,4,4,4,11,3,0,0,2,5,15,25,5494.36833374
20213,1129001078,38,8,30,0,4,14,12,8,0,0,0,2,3,3,0,0,4,12,9,5,0,5059.85190985
20213,1129001079,5,5,0,0,0,1,1,0,3,0,0,1,1,0,3,0,0,0,0,0,0,4938.48442309
20213,1129001081,21,11,10,0,1,1,11,5,3,0,0,0,7,2,2,0,1,1,4,3,1,5816.87580394
20213,1129001084,3,2,1,0,0,0,1,1,1,0,0,0,1,1,0,0,0,0,0,0,1,1218.13032825
20213,1129001086,4,3,1,0,1,0,0,3,0,0,1,0,0,2,0,0,0,0,0,1,0,1258.83208564
20213,1129001087,1888,974,914,2,173,552,489,562,110,2,59,199,237,388,89,0,114,353,252,174,21,4652.20452983
20213,1129001089,36,11,25,1,9,3,9,12,2,1,2,1,3,2,2,0,7,2,6,10,0,6911.31536168
20213,1129001090,41,25,16,0,0,5,7,14,15,0,0,3,4,10,8,0,0,2,3,4,7,8753.21672797
20213,1129001091,72,38,34,0,14,13,24,13,8,0,8,9,8,8,5,0,6,4,16,5,3,4886.54686968
20213,1129001093,11,7,4,0,1,4,2,2,2,0,0,2,2,1,2,0,1,2,0,1,0,2522.29532956
20213,1129001094,23,11,12,0,2,4,9,3,5,0,0,1,6,2,2,0,2,3,3,1,3,4647.07777335
20213,1129001096,10,5,5,0,1,1,1,3,4,0,0,1,0,2,2,0,1,0,1,1,2,4122.46900647
20213,1129001097,3,2,1,0,0,0,1,0,2,0,0,0,1,0,1,0,0,0,0,0,1,2761.41092864
20213,1129001098,569,476,93,0,50,99,195,215,10,0,28,69,161,211,7,0,22,30,34,4,3,8358.05920776
20213,1129001101,7,3,4,0,1,1,4,0,1,0,1,0,1,0,1,0,0,1,3,0,0,4987.15848152
20213,1129001103,7,6,1,0,0,1,4,0,2,0,0,1,3,0,2,0,0,0,1,0,0,489.322619795
20213,1129001104,74,3,71,0,2,4,4,23,41,0,0,0,0,1,2,0,2,4,4,22,39,4061.42766531
20213,1129001105,13,5,8,0,1,5,2,5,0,0,0,2,1,2,0,0,1,3,1,3,0,4728.46195577
20213,1129001108,63,11,52,1,5,15,13,19,10,0,1,1,1,5,3,1,4,14,12,14,7,4633.23802407
20213,1129001111,1440,504,936,0,168,388,622,235,27,0,45,127,183,129,20,0,123,261,439,106,7,3581.21371223
20213,1129001115,10,5,5,0,2,2,5,1,0,0,0,1,3,1,0,0,2,1,2,0,0,1857.22107275
20213,1129001117,42,28,14,0,15,15,8,3,1,0,9,8,7,3,1,0,6,7,1,0,0,5669.0010691
20213,1129001120,4,2,2,0,0,0,1,1,2,0,0,0,0,1,1,0,0,0,1,0,1,4580.96899217
20213,1129001122,97,36,61,1,32,5,12,19,28,1,11,3,6,3,12,0,21,2,6,16,16,7421.26712276
20213,1129001123,2,1,1,0,0,0,0,0,2,0,0,0,0,0,1,0,0,0,0,0,1,1696.64153036
20213,1129001129,19,6,13,0,3,3,5,5,3,0,0,2,1,3,0,0,3,1,4,2,3,3607.41567548
20213,1129001130,6,0,6,0,0,0,1,1,4,0,0,0,0,0,0,0,0,0,1,1,4,2583.55293079
20213,1129001131,23,5,18,0,2,8,6,4,3,0,0,0,2,1,2,0,2,8,4,3,1,4133.48659791
20213,1129001133,95,66,29,0,8,14,24,15,34,0,4,10,20,7,25,0,4,4,4,8,9,3183.55152703
20213,1129001135,2,1,1,0,0,0,0,2,0,0,0,0,0,1,0,0,0,0,0,1,0,2058.40180891
20213,1129001136,10,8,2,0,1,4,3,2,0,0,0,4,2,2,0,0,1,0,1,0,0,3266.05569003
20213,1129001138,4,2,2,0,1,0,1,2,0,0,0,0,1,1,0,0,1,0,0,1,0,585.791870285
20213,1129001139,2,0,2,0,0,0,1,0,1,0,0,0,0,0,0,0,0,0,1,0,1,1302.75915144
20213,1129001140,28,5,23,0,6,8,7,7,0,0,0,0,2,3,0,0,6,8,5,4,0,3436.02822603
20213,1129001141,42,10,32,1,11,9,12,3,6,0,0,0,4,1,5,1,11,9,8,2,1,3221.74481827
20213,1129001142,66,57,9,0,5,9,27,20,5,0,4,8,22,18,5,0,1,1,5,2,0,5276.16119067
20213,1129001148,9,0,9,0,0,1,6,1,1,0,0,0,0,0,0,0,0,1,6,1,1,2789.06820654
20213,1129001160,26,23,3,0,2,0,6,10,8,0,1,0,6,8,8,0,1,0,0,2,0,2685.46833113
20213,1129001162,10,0,10,0,5,1,3,1,0,0,0,0,0,0,0,0,5,1,3,1,0,1353.70511579
20213,1129001177,2,1,1,0,0,0,1,1,0,0,0,0,0,1,0,0,0,0,1,0,0,2909.55795781
20213,1129001189,7,0,7,0,0,1,3,3,0,0,0,0,0,0,0,0,0,1,3,3,0,1309.27820178
20213,1129001193,5,5,0,0,0,0,0,0,5,0,0,0,0,0,5,0,0,0,0,0,0,1998.83080038
20213,1129001197,2,1,1,0,1,0,0,1,0,0,1,0,0,0,0,0,0,0,0,1,0,99605.7962169
20213,1129001209,3,1,2,0,1,1,1,0,0,0,0,1,0,0,0,0,1,0,1,0,0,1209.571331
20213,1129001212,63,40,23,0,4,6,14,14,25,0,3,3,8,9,17,0,1,3,6,5,8,3228.87013375
20213,1129001213,11,11,0,0,0,0,5,3,3,0,0,0,5,3,3,0,0,0,0,0,0,11869.6987014
20213,1129001216,2,2,0,0,0,0,1,0,1,0,0,0,1,0,1,0,0,0,0,0,0,1419.54481761
20213,1129001222,5,1,4,0,0,2,2,0,1,0,0,0,0,0,1,0,0,2,2,0,0,1470.5223192
20213,1129001224,12,9,3,0,1,1,3,4,3,0,0,1,2,3,3,0,1,0,1,1,0,4565.34861939
20213,1129001225,281,216,65,3,41,118,74,36,9,0,15,96,63,33,9,3,26,22,11,3,0,10829.4942014
20213,1129001229,23,12,11,0,1,5,7,7,3,0,1,2,3,4,2,0,0,3,4,3,1,5993.1940868
20213,1129001230,2,1,1,0,0,0,0,1,1,0,0,0,0,0,1,0,0,0,0,1,0,2293.41197725
20213,1129001231,3,2,1,0,0,1,2,0,0,0,0,0,2,0,0,0,0,1,0,0,0,936.311347998
20213,1129001233,2,1,1,0,0,0,1,0,1,0,0,0,0,0,1,0,0,0,1,0,0,1892.3058786
20213,1129001234,8,3,5,0,0,3,0,5,0,0,0,2,0,1,0,0,0,1,0,4,0,1664.17872038
20213,1129001236,3,1,2,0,0,0,3,0,0,0,0,0,1,0,0,0,0,0,2,0,0,2740.33162369
20213,1129001237,9,6,3,0,0,1,2,2,4,0,0,0,2,2,2,0,0,1,0,0,2,4341.85360475
20213,1129001244,2,0,2,0,0,0,1,0,1,0,0,0,0,0,0,0,0,0,1,0,1,1992.77634823
20213,1129001248,2,2,0,0,0,0,1,1,0,0,0,0,1,1,0,0,0,0,0,0,0,1114.64235579
20213,1129001249,15,13,2,0,1,2,4,3,5,0,1,2,3,3,4,0,0,0,1,0,1,2931.45226285
20213,1129001251,3,2,1,0,0,0,1,2,0,0,0,0,1,1,0,0,0,0,0,1,0,923.601009438
20213,1129001252,3,2,1,0,0,2,1,0,0,0,0,1,1,0,0,0,0,1,0,0,0,2599.71738132
20213,1129001254,6,5,1,0,1,1,3,0,1,0,1,1,2,0,1,0,0,0,1,0,0,5550.75628274
20213,1129001258,18,12,6,0,3,4,3,7,1,0,2,2,2,5,1,0,1,2,1,2,0,3363.37529125
20213,1129001282,1,0,1,0,0,0,1,0,0,0,0,0,0,0,0,0,0,0,1,0,0,754.959099717
20213,1129001285,51,41,10,0,4,7,10,15,15,0,3,4,7,13,14,0,1,3,3,2,1,658.550706345
20213,1129001289,5,1,4,0,1,0,1,2,1,0,0,0,0,1,0,0,1,0,1,1,1,3968.07642543
20213,1129001291,69,19,50,0,14,15,22,14,4,0,5,5,4,3,2,0,9,10,18,11,2,17632.6150367
20213,1129001292,20,15,5,0,0,4,1,3,12,0,0,1,1,2,11,0,0,3,0,1,1,4902.26588196
20213,1129001300,6,5,1,0,2,1,1,1,1,0,1,1,1,1,1,0,1,0,0,0,0,1001.19178283
20213,1129001301,13,10,3,0,0,5,2,6,0,0,0,4,1,5,0,0,0,1,1,1,0,1508.07996165
20213,1129001311,16,15,1,0,0,5,5,5,1,0,0,4,5,5,1,0,0,1,0,0,0,1419.37916464
20213,1129001315,13,8,5,0,1,4,2,5,1,0,0,3,1,3,1,0,1,1,1,2,0,7326.73988324
20213,1129001318,15,13,2,0,0,0,6,5,4,0,0,0,4,5,4,0,0,0,2,0,0,5437.55591509
20213,1129001320,4,1,3,0,0,2,0,1,1,0,0,1,0,0,0,0,0,1,0,1,1,1903.80143801
20213,1129001323,3,2,1,0,0,0,0,1,2,0,0,0,0,1,1,0,0,0,0,0,1,2120.45093986
20213,1129001326,2,1,1,0,1,0,0,1,0,0,1,0,0,0,0,0,0,0,0,1,0,918.664044957
20213,1129001327,22,19,3,0,0,8,6,7,1,0,0,7,5,6,1,0,0,1,1,1,0,4622.36804481
20213,1129001330,2,0,2,0,0,0,0,1,1,0,0,0,0,0,0,0,0,0,0,1,1,1084.26803368
20213,1129001334,4,4,0,0,0,4,0,0,0,0,0,4,0,0,0,0,0,0,0,0,0,5649.95803163
20213,1129001336,5,4,1,0,1,2,0,2,0,0,1,2,0,1,0,0,0,0,0,1,0,2715.72165908
20213,1129001346,4,2,2,0,0,0,2,1,1,0,0,0,1,1,0,0,0,0,1,0,1,2308.39439091
20213,1129001348,8,1,7,0,1,1,1,4,1,0,0,0,0,0,1,0,1,1,1,4,0,4790.86921001
20213,1129001350,95,50,45,0,14,19,24,17,21,0,1,9,13,10,17,0,13,10,11,7,4,3080.69931178
20213,1129001354,38,9,29,0,12,14,5,7,0,0,2,2,2,3,0,0,10,12,3,4,0,2816.14414283
20213,1129001360,92,77,15,0,22,21,14,30,5,0,22,17,8,25,5,0,0,4,6,5,0,2836.0672573
20213,1129001363,4,2,2,0,0,1,0,1,2,0,0,0,0,1,1,0,0,1,0,0,1,3231.17273356
20213,1129001364,18,17,1,0,1,3,4,6,4,0,1,3,4,5,4,0,0,0,0,1,0,2347.55049009
20213,1129001369,2,2,0,0,0,1,1,0,0,0,0,1,1,0,0,0,0,0,0,0,0,1727.63892008
20213,1129001371,5,1,4,0,2,0,0,2,1,0,0,0,0,1,0,0,2,0,0,1,1,3301.08702655
20213,1129001376,10,8,2,0,0,2,3,1,4,0,0,2,3,1,2,0,0,0,0,0,2,4852.52882864
20213,1129001379,6,4,2,0,1,0,1,4,0,0,1,0,0,3,0,0,0,0,1,1,0,2566.67596289
20213,1129001380,8,4,4,0,0,1,2,1,4,0,0,1,1,1,1,0,0,0,1,0,3,3835.571848
20213,1129001382,3,2,1,0,0,1,0,2,0,0,0,1,0,1,0,0,0,0,0,1,0,1341.3151994
20213,1129001384,11,7,4,0,0,5,2,3,1,0,0,3,2,1,1,0,0,2,0,2,0,2434.41465641
20213,1129001389,3,3,0,0,0,0,1,1,1,0,0,0,1,1,1,0,0,0,0,0,0,1455.30132018
20213,1129001391,3,2,1,0,0,0,1,2,0,0,0,0,1,1,0,0,0,0,0,1,0,4600.61349277
20213,1129001397,2,1,1,0,0,0,0,1,1,0,0,0,0,1,0,0,0,0,0,0,1,868.923957791
20213,1129001400,8,5,3,0,1,1,0,4,2,0,0,0,0,3,2,0,1,1,0,1,0,2443.09056824
20213,1129001402,8,6,2,0,0,2,2,3,1,0,0,1,2,2,1,0,0,1,0,1,0,1363.18684457
20213,1129001405,7,4,3,0,0,0,1,2,4,0,0,0,0,1,3,0,0,0,1,1,1,3773.12069376
20213,1129001409,7,4,3,0,3,2,1,1,0,0,2,1,1,0,0,0,1,1,0,1,0,3687.19811542
20213,1129001411,1,0,1,0,0,0,1,0,0,0,0,0,0,0,0,0,0,0,1,0,0,893.065313794
20213,1129001415,3,2,1,0,0,0,2,1,0,0,0,0,2,0,0,0,0,0,0,1,0,2578.26555068
20213,1129001416,16,8,8,0,2,3,6,4,1,0,0,1,4,2,1,0,2,2,2,2,0,2382.94063562
20213,1129001422,82,34,48,0,10,19,16,19,18,0,0,4,6,8,16,0,10,15,10,11,2,10522.4008775
20213,1129001424,71,57,14,0,4,10,20,34,3,0,3,5,14,32,3,0,1,5,6,2,0,5099.14970665
20213,1129001427,9,4,5,0,0,0,1,6,2,0,0,0,0,3,1,0,0,0,1,3,1,2764.31163355
20213,1129001428,58,25,33,0,6,15,15,17,5,0,3,4,5,9,4,0,3,11,10,8,1,24849.9049279
20213,1129001430,40,39,1,0,2,3,4,23,8,0,2,3,3,23,8,0,0,0,1,0,0,1719.2810491
20213,1129001433,1,0,1,0,0,1,0,0,0,0,0,0,0,0,0,0,0,1,0,0,0,4161.82129936
20213,1129001434,8,8,0,0,0,2,2,1,3,0,0,2,2,1,3,0,0,0,0,0,0,3140.00692645
20213,1129001436,3,3,0,0,0,0,1,0,2,0,0,0,1,0,2,0,0,0,0,0,0,1922.30098389
20213,1129001437,4,2,2,0,1,1,0,2,0,0,0,1,0,1,0,0,1,0,0,1,0,1054.98095312
20213,1129001440,37,8,29,0,2,7,11,12,5,0,2,1,1,0,4,0,0,6,10,12,1,12902.9829544
20213,1129001441,3,1,2,0,2,0,0,1,0,0,1,0,0,0,0,0,1,0,0,1,0,2441.66146192
20213,1129001442,10,10,0,0,0,3,5,2,0,0,0,3,5,2,0,0,0,0,0,0,0,2677.91136473
20213,1129001444,9,3,6,0,3,1,1,4,0,0,1,0,1,1,0,0,2,1,0,3,0,8911.19997696
20213,1129001445,1,0,1,0,0,0,0,1,0,0,0,0,0,0,0,0,0,0,0,1,0,2572.54803552
20213,1129001446,129,54,75,1,31,34,27,12,24,0,6,10,19,8,11,1,25,24,8,4,13,6222.99353583
20213,1129001449,10,8,2,0,4,1,1,3,1,0,3,1,1,2,1,0,1,0,0,1,0,1638.67995197
20213,1129001450,41,39,2,0,1,5,4,13,18,0,1,4,4,12,18,0,0,1,0,1,0,3137.43463678
20213,1129001451,3,2,1,0,0,0,1,1,1,0,0,0,1,1,0,0,0,0,0,0,1,1471.26951474
20213,1129001454,44,39,5,0,0,2,7,12,23,0,0,2,4,11,22,0,0,0,3,1,1,3278.69548523
20213,1129001457,4,3,1,0,0,1,0,2,1,0,0,1,0,1,1,0,0,0,0,1,0,2809.34675755
20213,1129001465,6,5,1,0,0,0,3,2,1,0,0,0,2,2,1,0,0,0,1,0,0,4592.43662789
20213,1129001468,6,2,4,0,0,2,1,2,1,0,0,1,0,1,0,0,0,1,1,1,1,5275.84700193
20213,1129001471,9,4,5,0,0,3,1,0,5,0,0,0,0,0,4,0,0,3,1,0,1,3885.02788991
20213,1129001473,6,5,1,0,0,0,4,2,0,0,0,0,3,2,0,0,0,0,1,0,0,1611.55927305
20213,1129001476,12,10,2,0,2,1,4,3,2,0,2,1,4,1,2,0,0,0,0,2,0,3534.0133398
20213,1129001489,907,703,204,0,4,10,19,44,830,0,0,7,6,26,664,0,4,3,13,18,166,3463.59476813
20213,1129001491,3,1,2,0,0,0,3,0,0,0,0,0,1,0,0,0,0,0,2,0,0,3906.08988199
20213,1129001498,19,12,7,0,0,2,6,5,6,0,0,1,4,2,5,0,0,1,2,3,1,1347.21113131
20213,1129001499,4,4,0,0,3,1,0,0,0,0,3,1,0,0,0,0,0,0,0,0,0,1754.1850392
20213,1129001500,4,1,3,0,0,1,3,0,0,0,0,0,1,0,0,0,0,1,2,0,0,863.468436994
20213,1129001503,37,34,3,0,4,7,7,9,10,0,3,6,6,9,10,0,1,1,1,0,0,6648.95313586
20213,1129001508,23,11,12,0,1,0,9,9,4,0,1,0,4,3,3,0,0,0,5,6,1,2775.16339585
20213,1129001511,6,2,4,0,0,1,3,2,0,0,0,0,0,2,0,0,0,1,3,0,0,2425.55832245
20213,1129001512,3,3,0,0,0,0,3,0,0,0,0,0,3,0,0,0,0,0,0,0,0,2482.12818792
20213,1129001516,3,1,2,0,0,0,1,2,0,0,0,0,0,1,0,0,0,0,1,1,0,10269.6729421
20213,1129001517,8,2,6,0,4,1,3,0,0,0,1,0,1,0,0,0,3,1,2,0,0,2946.1416121
20213,1129001520,24,19,5,0,0,0,3,4,17,0,0,0,2,3,14,0,0,0,1,1,3,112264.001808
20213,1129001527,21,3,18,1,3,7,6,3,1,0,1,0,1,0,1,1,2,7,5,3,0,1815.25704643
20213,1129001529,836,443,393,10,107,148,194,210,167,8,67,96,91,95,86,2,40,52,103,115,81,3244.91565666
20213,1129001533,12,6,6,0,1,2,5,3,1,0,1,2,0,2,1,0,0,0,5,1,0,7005.07258843
20213,1129001541,4,2,2,0,0,0,3,1,0,0,0,0,1,1,0,0,0,0,2,0,0,5582.10152217
20213,1129001542,35,21,14,0,6,12,6,9,2,0,0,8,5,7,1,0,6,4,1,2,1,10809.4800919
20213,1129001543,9,5,4,0,2,4,2,0,1,0,2,2,1,0,0,0,0,2,1,0,1,4252.23772058
20213,1129001544,13,7,6,0,2,2,3,3,3,0,1,1,3,0,2,0,1,1,0,3,1,2769.46438583
20213,1129001546,41,13,28,4,14,5,9,8,1,0,3,3,3,4,0,4,11,2,6,4,1,3700.23516321
20213,1129001547,8,4,4,0,0,1,1,2,4,0,0,0,0,1,3,0,0,1,1,1,1,2283.89334788
20213,1129001549,3,2,1,0,0,0,0,1,2,0,0,0,0,0,2,0,0,0,0,1,0,3082.87086879
20213,1129001550,17,7,10,0,4,4,0,5,4,0,0,0,0,5,2,0,4,4,0,0,2,3963.01710403
20213,1129001551,3,2,1,0,0,0,2,1,0,0,0,0,1,1,0,0,0,0,1,0,0,1255.51300215
20213,1129001552,11,4,7,0,3,4,0,4,0,0,0,2,0,2,0,0,3,2,0,2,0,2288.87004357
20213,1129001553,3,0,3,0,0,1,1,0,1,0,0,0,0,0,0,0,0,1,1,0,1,1312.89575304
20213,1129001554,20,13,7,0,0,3,4,10,3,0,0,1,1,9,2,0,0,2,3,1,1,4500.72589937
20213,1129001556,2,1,1,0,0,0,1,0,1,0,0,0,0,0,1,0,0,0,1,0,0,2130.03979263
20213,1129001557,22,10,12,0,3,2,5,4,8,0,2,0,2,2,4,0,1,2,3,2,4,1823.5022601
20213,1129001558,4,2,2,0,0,0,4,0,0,0,0,0,2,0,0,0,0,0,2,0,0,4102.41936634
20213,1129001561,2,1,1,0,0,0,1,0,1,0,0,0,0,0,1,0,0,0,1,0,0,1632.12625983
20213,1129001564,2,1,1,0,0,0,1,0,1,0,0,0,0,0,1,0,0,0,1,0,0,13747.5201953
20213,1129001566,8,5,3,0,1,0,2,3,2,0,0,0,2,2,1,0,1,0,0,1,1,2783.57534131
20213,1129001567,3,0,3,0,1,0,0,2,0,0,0,0,0,0,0,0,1,0,0,2,0,10023.0335707
20213,1129001568,24,14,10,0,2,6,2,7,7,0,0,2,2,5,5,0,2,4,0,2,2,4343.0355389
20213,1129001569,26,13,13,0,3,5,8,5,5,0,1,2,4,2,4,0,2,3,4,3,1,14381.065832
20213,1129001570,13,10,3,0,0,3,2,5,3,0,0,3,1,3,3,0,0,0,1,2,0,1730.01425553
20213,1129001571,432,90,342,1,41,96,188,103,3,0,11,40,30,7,2,1,30,56,158,96,1,3964.85927945
20213,1129001572,362,112,250,0,18,131,177,24,12,0,6,34,48,12,12,0,12,97,129,12,0,8056.7275957
20213,1129001573,5,4,1,0,0,3,0,1,1,0,0,2,0,1,1,0,0,1,0,0,0,3278.67060907
20213,1129001574,14,9,5,0,2,3,6,2,1,0,1,2,3,2,1,0,1,1,3,0,0,5029.25642128
20213,1129001575,45,16,29,0,8,7,8,14,8,0,3,3,0,6,4,0,5,4,8,8,4,8008.16925497
20213,1129001576,20,13,7,0,2,6,6,5,1,0,2,3,5,3,0,0,0,3,1,2,1,2056.06663506
20213,1129001577,59,11,48,0,11,11,6,29,2,0,2,4,5,0,0,0,9,7,1,29,2,4200.93537208
20213,1129001578,122,88,34,0,3,13,50,42,14,0,0,11,38,31,8,0,3,2,12,11,6,5359.15774984
20213,1129001580,12,1,11,0,1,2,2,3,4,0,0,0,0,0,1,0,1,2,2,3,3,2692.58656665
20213,1129001581,16,6,10,0,1,3,4,4,4,0,0,0,2,1,3,0,1,3,2,3,1,5943.67095631
20213,1129001582,5,1,4,0,2,0,1,1,1,0,1,0,0,0,0,0,1,0,1,1,1,3755.61358973
20213,1129001583,188,60,128,0,40,88,41,12,7,0,9,26,16,4,5,0,31,62,25,8,2,2705.58063208
20213,1129001584,682,558,124,3,110,218,218,92,41,3,79,184,190,69,33,0,31,34,28,23,8,12585.539396
20213,1129001585,62,15,47,0,4,22,21,13,2,0,0,7,3,4,1,0,4,15,18,9,1,18159.6794215
20213,1129001586,236,75,161,0,33,30,40,49,84,0,11,13,13,11,27,0,22,17,27,38,57,6965.9160308
20213,1129001588,23,9,14,0,4,5,5,6,3,0,2,0,2,2,3,0,2,5,3,4,0,28616.6529241
20213,1129001589,9,5,4,0,1,1,3,4,0,0,0,1,1,3,0,0,1,0,2,1,0,2947.70634045
20213,1129001590,27,17,10,1,2,9,7,6,2,0,2,6,4,4,1,1,0,3,3,2,1,4798.23307808
20213,1129001591,21,10,11,0,5,3,6,4,3,0,1,2,3,2,2,0,4,1,3,2,1,2138.14774143
20213,1129001595,16,12,4,0,0,7,1,6,2,0,0,5,0,5,2,0,0,2,1,1,0,1784.00920877
20213,1129001602,6,5,1,0,0,0,1,3,2,0,0,0,1,2,2,0,0,0,0,1,0,2389.19628428
20213,1129001604,7,2,5,0,2,0,3,2,0,0,1,0,0,1,0,0,1,0,3,1,0,13313.163929
20213,1129001607,60,51,9,0,1,11,10,24,14,0,1,5,9,23,13,0,0,6,1,1,1,7635.27289405
20213,1129001610,53,30,23,0,4,21,12,4,12,0,1,13,5,4,7,0,3,8,7,0,5,23111.2737032
20213,1129001611,19,18,1,0,6,5,2,3,3,0,6,5,2,3,2,0,0,0,0,0,1,9148.49375224
20213,1129001612,2,2,0,0,0,0,1,1,0,0,0,0,1,1,0,0,0,0,0,0,0,3095.44501609
20213,1129001616,124,24,100,0,14,20,35,50,5,0,7,4,7,5,1,0,7,16,28,45,4,8470.10363357
20213,1129001617,42,23,19,0,6,9,18,1,8,0,1,3,12,0,7,0,5,6,6,1,1,14624.148448
20213,1129001618,24,18,6,0,6,5,8,4,1,0,4,3,6,4,1,0,2,2,2,0,0,6027.49492595
20213,1129001619,3,1,2,0,0,2,0,0,1,0,0,0,0,0,1,0,0,2,0,0,0,1286.20306618
20213,1129001620,4,3,1,0,0,0,1,3,0,0,0,0,1,2,0,0,0,0,0,1,0,3699.48213505
20213,1129001624,1,1,0,0,0,0,1,0,0,0,0,0,1,0,0,0,0,0,0,0,0,1939.28228487
20213,1129001628,9,6,3,0,1,1,2,2,3,0,0,1,2,1,2,0,1,0,0,1,1,2708.79202984
20213,1129001629,8,8,0,0,2,0,4,1,1,0,2,0,4,1,1,0,0,0,0,0,0,3474.47241604
20213,1129001631,2,1,1,0,0,0,0,1,1,0,0,0,0,1,0,0,0,0,0,0,1,2526.9182402
20213,1129001640,2,2,0,0,0,0,0,2,0,0,0,0,0,2,0,0,0,0,0,0,0,6906.31589345
20213,1129001644,62,42,20,0,1,11,18,24,8,0,0,5,13,18,6,0,1,6,5,6,2,17096.9992394
20213,1129001645,6,2,4,0,0,1,1,0,4,0,0,0,1,0,1,0,0,1,0,0,3,1706.17310916
20213,1129001646,15,10,5,0,1,2,3,4,5,0,1,1,3,2,3,0,0,1,0,2,2,7776.28594244
20213,1129001649,6,3,3,0,1,1,0,2,2,0,1,0,0,1,1,0,0,1,0,1,1,3571.2929428
20213,1129001652,59,54,5,0,4,7,31,16,1,0,4,5,28,16,1,0,0,2,3,0,0,11076.9615897
20213,1129001653,1,1,0,0,0,0,0,0,1,0,0,0,0,0,1,0,0,0,0,0,0,531.4830948
20213,1129001657,20,12,8,0,3,1,4,6,6,0,1,1,1,4,5,0,2,0,3,2,1,7318.72766697
20213,1129001659,117,110,7,0,23,26,40,21,7,0,19,24,39,21,7,0,4,2,1,0,0,4489.0919205
20213,1129001660,2,0,2,0,0,0,0,1,1,0,0,0,0,0,0,0,0,0,0,1,1,1786.09024829
20213,1129001661,3,2,1,0,1,1,0,1,0,0,0,1,0,1,0,0,1,0,0,0,0,4540.41539848
20213,1129001663,3,1,2,0,1,0,0,2,0,0,0,0,0,1,0,0,1,0,0,1,0,2767.61504058
20213,1129001666,35,4,31,0,7,11,10,7,0,0,0,1,2,1,0,0,7,10,8,6,0,13506.0754743
20213,1129001668,20,11,9,0,1,4,5,2,8,0,0,2,4,1,4,0,1,2,1,1,4,8051.24339719
20213,1129001669,3,2,1,0,1,0,0,1,1,0,1,0,0,0,1,0,0,0,0,1,0,4217.65010909
20213,1129001670,2,1,1,0,0,0,1,1,0,0,0,0,0,1,0,0,0,0,1,0,0,4432.79953572
20213,1129001673,107,36,71,0,5,23,47,26,6,0,1,5,15,11,4,0,4,18,32,15,2,42048.6372977
20213,1129001674,6,5,1,0,0,1,0,5,0,0,0,1,0,4,0,0,0,0,0,1,0,5319.85616062
20213,1129001675,8,4,4,0,1,5,1,1,0,0,0,4,0,0,0,0,1,1,1,1,0,4405.43144491
20213,1129001677,5,3,2,0,0,1,2,1,1,0,0,1,1,1,0,0,0,0,1,0,1,18777.2333451
20213,1129001678,253,207,46,5,27,75,82,40,24,1,11,70,74,34,17,4,16,5,8,6,7,31709.101242
20213,1129001680,275,110,165,0,46,115,62,31,21,0,12,37,35,12,14,0,34,78,27,19,7,31423.9957706
20213,1129001681,159,124,35,6,42,59,35,11,6,6,36,54,23,5,0,0,6,5,12,6,6,4056.36903134
20213,1129001683,56,29,27,0,4,9,16,19,8,0,2,2,6,13,6,0,2,7,10,6,2,57347.5502962
20213,1129001685,31,17,14,0,6,10,9,4,2,0,4,8,4,0,1,0,2,2,5,4,1,9737.43556297
20213,1129001686,292,231,61,0,42,76,122,35,17,0,24,64,106,28,9,0,18,12,16,7,8,11872.4971689
20213,1129001687,15,3,12,0,6,3,2,3,1,0,0,0,0,2,1,0,6,3,2,1,0,6060.75766147
20213,1129001691,34,26,8,0,4,6,12,5,7,0,2,4,9,5,6,0,2,2,3,0,1,3565.23037215
20213,1129001695,29,10,19,0,3,2,7,8,9,0,2,2,4,1,1,0,1,0,3,7,8,9635.54196006
20213,1129001696,8,5,3,0,0,0,3,4,1,0,0,0,2,2,1,0,0,0,1,2,0,21940.0663842
20213,1129001697,287,166,121,3,123,71,40,34,16,0,56,46,29,24,11,3,67,25,11,10,5,3701.5317609
20213,1129001698,113,56,57,0,14,35,33,25,6,0,4,14,13,20,5,0,10,21,20,5,1,36366.1105139
20213,1129001699,203,155,48,0,19,62,53,60,9,0,13,46,43,45,8,0,6,16,10,15,1,18370.718007
20213,1129001701,55,33,22,0,9,10,11,13,12,0,5,7,7,7,7,0,4,3,4,6,5,14579.7433132
20213,1129001706,10,4,6,0,2,1,1,2,4,0,0,0,0,1,3,0,2,1,1,1,1,8823.65887523
20213,1129001707,100,41,59,0,17,42,34,5,2,0,5,12,20,2,2,0,12,30,14,3,0,2298.36418357
20213,1129001710,7,3,4,0,1,0,4,0,2,0,0,0,1,0,2,0,1,0,3,0,0,9280.69115543
20213,1129001711,1,1,0,0,0,0,0,0,1,0,0,0,0,0,1,0,0,0,0,0,0,3813.48944324
20213,1129001712,389,264,125,3,93,154,89,33,17,0,50,111,61,26,16,3,43,43,28,7,1,50964.5354988
20213,1129001713,7,6,1,0,0,0,3,2,2,0,0,0,2,2,2,0,0,0,1,0,0,15040.4546882
20213,1129001714,2,1,1,0,0,0,1,1,0,0,0,0,1,0,0,0,0,0,0,1,0,61113.2339719
20213,1129001717,5,3,2,0,0,0,3,1,1,0,0,0,2,0,1,0,0,0,1,1,0,2859.45799565
20213,1129001718,20,20,0,0,1,2,4,10,3,0,1,2,4,10,3,0,0,0,0,0,0,5182.60388761
20213,1129001720,113,81,32,0,9,24,27,35,18,0,3,17,20,25,16,0,6,7,7,10,2,14588.5181186
20213,1129001721,2,2,0,0,0,1,0,0,1,0,0,1,0,0,1,0,0,0,0,0,0,35726.6010143
20213,1129001722,115,50,65,3,39,21,21,23,8,1,20,10,12,6,1,2,19,11,9,17,7,208944.212216
20213,1129001723,1007,400,607,4,392,409,176,22,4,1,168,178,43,6,4,3,224,231,133,16,0,17351.2547931
20213,1129001725,115,105,10,0,14,26,36,30,9,0,11,24,33,29,8,0,3,2,3,1,1,3211.27340679
20213,1129001727,60,37,23,0,16,23,16,4,1,0,10,15,9,3,0,0,6,8,7,1,1,11404.1999449
20213,1129001728,122,113,9,0,0,3,13,52,54,0,0,1,11,49,52,0,0,2,2,3,2,10298.3745181
20213,1129001729,39,21,18,0,9,8,16,5,1,0,1,3,13,4,0,0,8,5,3,1,1,14429.3177552
20213,1129001731,352,338,14,0,36,100,101,105,10,0,32,96,96,105,9,0,4,4,5,0,1,15322.0620527
20213,1129001732,22,14,8,0,3,5,4,8,2,0,3,4,2,4,1,0,0,1,2,4,1,7008.62593422
20213,1129001733,507,385,122,1,154,156,83,102,11,0,74,127,72,102,10,1,80,29,11,0,1,14141.332928
20213,1129001734,11,5,6,0,4,1,2,2,2,0,1,1,1,1,1,0,3,0,1,1,1,16218.749889
20213,1129001735,2,1,1,0,1,0,1,0,0,0,0,0,1,0,0,0,1,0,0,0,0,3143.56685703
20213,1129001736,888,751,137,0,105,305,278,187,13,0,54,259,248,178,12,0,51,46,30,9,1,20885.5474179
20213,1129001737,4,4,0,0,0,1,2,0,1,0,0,1,2,0,1,0,0,0,0,0,0,6677.97298018
20213,1129001738,12087,11233,854,5,892,2435,3701,4847,207,0,725,2094,3516,4751,147,5,167,341,185,96,60,36702.3474634
20213,1129001739,61,36,25,0,1,19,25,12,4,0,0,11,11,10,4,0,1,8,14,2,0,3342.16520041
20213,1129001740,7,4,3,0,0,2,3,1,1,0,0,1,2,1,0,0,0,1,1,0,1,11136.2202808
20213,1129001741,19,8,11,1,5,1,7,3,2,0,4,0,3,0,1,1,1,1,4,3,1,14491.8325383
20213,1129001742,82,45,37,0,8,18,22,15,19,0,4,7,10,10,14,0,4,11,12,5,5,59407.2168511
20213,1129001743,35,22,13,0,7,11,9,6,2,0,5,7,6,3,1,0,2,4,3,3,1,45676.2336692
20213,1129001744,277,230,47,1,36,85,92,55,8,0,23,60,87,53,7,1,13,25,5,2,1,4252.37959544
20213,1129001747,554,197,357,0,114,176,203,59,2,0,31,48,81,35,2,0,83,128,122,24,0,62215.1849167
20213,1129001748,22,18,4,0,1,4,5,8,4,0,0,4,3,8,3,0,1,0,2,0,1,13250.2462508
20213,1129001750,62,55,7,1,3,5,11,21,21,1,2,4,10,19,19,0,1,1,1,2,2,4991.29551256
20213,1129001752,268,138,130,2,94,38,39,37,58,0,42,19,26,18,33,2,52,19,13,19,25,32129.1420407
20213,1129001754,37,21,16,0,4,9,13,5,6,0,3,6,4,2,6,0,1,3,9,3,0,56238.503021
20213,1129001755,8,5,3,0,0,3,1,1,3,0,0,2,1,1,1,0,0,1,0,0,2,15866.9890591
20213,1129001757,971,449,522,0,262,307,224,139,39,0,77,122,129,93,28,0,185,185,95,46,11,115183.835906
20213,1129001758,9,6,3,0,0,2,1,1,5,0,0,1,0,0,5,0,0,1,1,1,0,461704.104484
20213,1129001759,21,9,12,0,4,6,7,3,1,0,0,2,3,3,1,0,4,4,4,0,0,127972.990805
20213,1129001760,12,5,7,0,0,2,5,3,2,0,0,0,1,2,2,0,0,2,4,1,0,173578.137983
20213,1129001762,81,60,21,0,9,13,26,17,16,0,6,10,17,13,14,0,3,3,9,4,2,3792.49172069
20213,1129001763,38,19,19,0,7,9,11,9,2,0,2,5,5,6,1,0,5,4,6,3,1,3685.11917834
20213,1129001765,89,64,25,0,7,10,25,24,23,0,2,6,19,20,17,0,5,4,6,4,6,3195.51657621
20213,1129001766,84,69,15,0,11,13,23,28,9,0,7,10,20,23,9,0,4,3,3,5,0,2626.50736881
20213,1129001767,4,3,1,0,1,0,0,0,3,0,0,0,0,0,3,0,1,0,0,0,0,2362.44833114
20213,1129001769,7,5,2,0,0,0,1,4,2,0,0,0,0,3,2,0,0,0,1,1,0,7690.69074465
20213,1129001771,28,18,10,0,1,5,12,7,3,0,1,2,6,6,3,0,0,3,6,1,0,5002.07761172
20213,1129001772,2,2,0,0,0,0,0,1,1,0,0,0,0,1,1,0,0,0,0,0,0,5441.09988607
20213,1129001775,22,17,5,0,7,10,2,1,2,0,5,9,2,1,0,0,2,1,0,0,2,4574.31319467
20213,1129001777,676,506,170,3,121,184,150,147,71,3,79,140,120,117,47,0,42,44,30,30,24,5672.70743044
20213,1129001780,39,24,15,0,2,13,9,10,5,0,1,11,4,4,4,0,1,2,5,6,1,12966.6739742
20213,1129001781,49,27,22,1,13,11,10,11,3,0,5,6,9,4,3,1,8,5,1,7,0,679.953867576
20213,1129001782,301,249,52,1,33,90,111,66,0,0,26,81,91,51,0,1,7,9,20,15,0,5627.30439485
20213,1129001787,5,2,3,0,0,2,0,2,1,0,0,1,0,0,1,0,0,1,0,2,0,1932.05015884
20213,1129001790,2,2,0,0,0,0,2,0,0,0,0,0,2,0,0,0,0,0,0,0,0,953.419858708
20213,1129001791,23,13,10,0,12,9,1,1,0,0,6,6,1,0,0,0,6,3,0,1,0,5521.52808952
20213,1129001792,4,2,2,0,0,0,1,3,0,0,0,0,0,2,0,0,0,0,1,1,0,6575.87772822
20213,1129001793,8,4,4,0,0,1,0,3,4,0,0,1,0,0,3,0,0,0,0,3,1,1556.47288448
20213,1129001796,2,1,1,0,0,0,0,2,0,0,0,0,0,1,0,0,0,0,0,1,0,5927.95159607
20213,1129001797,3,3,0,0,0,0,0,3,0,0,0,0,0,3,0,0,0,0,0,0,0,3749.07707306
20213,1129001798,4,2,2,0,0,0,2,0,2,0,0,0,2,0,0,0,0,0,0,0,2,2491.22563213
20213,1129001799,7,1,6,0,3,3,0,0,1,0,1,0,0,0,0,0,2,3,0,0,1,3497.66272857
20213,1129001800,22,6,16,1,10,7,2,0,2,0,0,3,2,0,1,1,10,4,0,0,1,2929.06750307
20213,1129001802,5,4,1,0,0,1,2,2,0,0,0,1,1,2,0,0,0,0,1,0,0,1957.18080496
20213,1129001803,10,1,9,0,2,5,2,0,1,0,0,1,0,0,0,0,2,4,2,0,1,3701.79853524
20213,1129001805,173,162,11,0,3,13,17,56,84,0,2,10,15,54,81,0,1,3,2,2,3,7603.20550094
20213,1129001806,6,5,1,0,0,1,0,3,2,0,0,1,0,3,1,0,0,0,0,0,1,6103.56689588
20213,1129001809,393,366,27,0,18,51,87,144,93,0,15,49,81,132,89,0,3,2,6,12,4,4015.54869065
20213,1129001811,3,1,2,0,0,1,1,0,1,0,0,0,0,0,1,0,0,1,1,0,0,4013.3108732
20213,1129001813,1027,535,492,0,91,342,397,191,6,0,29,148,235,117,6,0,62,194,162,74,0,1236.84460347
20213,1129001817,15,9,6,0,0,4,3,1,7,0,0,1,2,0,6,0,0,3,1,1,1,4900.68402436
20213,1129001819,70,66,4,0,3,0,9,33,25,0,1,0,8,33,24,0,2,0,1,0,1,2866.42817973
20213,1129001821,437,335,102,1,126,198,91,17,4,0,86,158,76,13,2,1,40,40,15,4,2,6101.43159287
20213,1129001822,121,44,77,0,27,24,36,19,15,0,10,8,10,10,6,0,17,16,26,9,9,3977.64529884
20213,1129001823,12,7,5,0,0,0,1,3,8,0,0,0,1,0,6,0,0,0,0,3,2,9128.55318805
20213,1129001824,16,9,7,0,4,4,3,2,3,0,3,2,2,0,2,0,1,2,1,2,1,8815.50505784
20213,1129001826,7,6,1,0,3,3,1,0,0,0,2,3,1,0,0,0,1,0,0,0,0,1169.4131382
20213,1129001831,24,19,5,0,3,4,9,5,3,0,2,2,8,4,3,0,1,2,1,1,0,3705.6866103
20213,1129001834,2,1,1,0,0,1,1,0,0,0,0,0,1,0,0,0,0,1,0,0,0,1737.95598376
20213,1129001837,5,2,3,0,0,0,2,1,2,0,0,0,0,0,2,0,0,0,2,1,0,4200.31347075
20213,1129001838,20,0,20,0,9,2,4,5,0,0,0,0,0,0,0,0,9,2,4,5,0,1605.0396624
20213,1129001839,2,1,1,0,0,0,1,1,0,0,0,0,0,1,0,0,0,0,1,0,0,2216.78679614
20213,1129001843,16,5,11,1,3,4,2,4,2,0,0,1,2,1,1,1,3,3,0,3,1,6201.15364473
20213,1129001844,8,1,7,0,1,2,1,0,4,0,0,0,0,0,1,0,1,2,1,0,3,1180.56938563
20213,1129001845,6,2,4,0,2,1,1,0,2,0,0,1,0,0,1,0,2,0,1,0,1,1469.88884095
20213,1129001846,2,2,0,0,0,0,1,0,1,0,0,0,1,0,1,0,0,0,0,0,0,4253.98061194
20213,1129001847,10,9,1,0,2,5,3,0,0,0,2,4,3,0,0,0,0,1,0,0,0,3085.97983842
20213,1129001849,5,2,3,0,1,0,1,3,0,0,1,0,0,1,0,0,0,0,1,2,0,1774.29074096
20213,1129001852,14,2,12,0,1,3,7,2,1,0,0,0,1,1,0,0,1,3,6,1,1,5600.35205905
20213,1129001854,28,7,21,0,12,9,5,1,1,0,0,2,3,1,1,0,12,7,2,0,0,2237.60939737
20213,1129001855,3,1,2,0,1,1,0,1,0,0,0,0,0,1,0,0,1,1,0,0,0,2625.55521993
20213,1129001856,11,8,3,0,0,3,5,3,0,0,0,3,3,2,0,0,0,0,2,1,0,2524.69968364
20213,1129001857,12,6,6,0,0,6,3,2,1,0,0,2,1,2,1,0,0,4,2,0,0,1269.0379333
20213,1129001858,9,6,3,0,0,1,2,1,5,0,0,1,0,1,4,0,0,0,2,0,1,2440.06803089
20213,1129001859,4,2,2,0,0,1,1,2,0,0,0,1,0,1,0,0,0,0,1,1,0,1274.74125263
20213,1129001862,22,11,11,0,3,3,6,5,5,0,0,2,3,3,3,0,3,1,3,2,2,1344.83088156
20213,1129001864,15,7,8,0,5,2,0,2,6,0,1,1,0,1,4,0,4,1,0,1,2,4159.64299935
20213,1129001865,13,10,3,0,1,5,2,4,1,0,0,4,2,3,1,0,1,1,0,1,0,5431.32381959
20213,1129001866,9,5,4,0,0,1,5,3,0,0,0,1,1,3,0,0,0,0,4,0,0,1978.40387727
20213,1129001868,6,4,2,0,1,4,0,0,1,0,0,3,0,0,1,0,1,1,0,0,0,2023.40280659
20213,1129001869,17,11,6,0,0,2,7,5,3,0,0,1,3,4,3,0,0,1,4,1,0,1213.87136607
20213,1129001871,20,6,14,0,4,3,6,7,0,0,0,2,0,4,0,0,4,1,6,3,0,5937.41628291
20213,1129001872,81,44,37,0,6,10,25,30,10,0,4,7,12,16,5,0,2,3,13,14,5,4385.11483318
20213,1129001873,17,10,7,0,0,2,9,3,3,0,0,2,5,0,3,0,0,0,4,3,0,6423.12726131
20213,1129001874,3,1,2,0,0,0,3,0,0,0,0,0,1,0,0,0,0,0,2,0,0,3041.35607503
20213,1129001877,24,17,7,0,1,2,11,5,5,0,1,1,8,3,4,0,0,1,3,2,1,2379.96039316
20213,1129001880,88,32,56,0,11,17,22,17,21,0,6,5,2,8,11,0,5,12,20,9,10,11745.6973191
20213,1129001882,7,5,2,0,0,0,1,6,0,0,0,0,0,5,0,0,0,0,1,1,0,2567.74991221
20213,1129001885,15,9,6,0,5,5,2,3,0,0,4,1,2,2,0,0,1,4,0,1,0,4631.45059836
20213,1129001890,2,2,0,0,0,0,2,0,0,0,0,0,2,0,0,0,0,0,0,0,0,1215.75226458
20213,1129001892,5,1,4,0,0,0,0,4,1,0,0,0,0,1,0,0,0,0,0,3,1,4712.9194268
20213,1129001893,7,6,1,0,2,1,3,0,1,0,2,1,3,0,0,0,0,0,0,0,1,4072.76141789
20213,1129001894,11,5,6,0,5,3,2,0,1,0,0,2,2,0,1,0,5,1,0,0,0,5014.25878933
20213,1129001895,20,4,16,0,1,0,5,12,2,0,0,0,0,3,1,0,1,0,5,9,1,4594.51232741
20213,1129001900,2,2,0,0,0,0,1,0,1,0,0,0,1,0,1,0,0,0,0,0,0,1438.37091732
20213,1129001902,6,4,2,0,1,1,0,0,4,0,1,1,0,0,2,0,0,0,0,0,2,2446.56008202
20213,1129001905,73,25,48,0,14,19,20,12,8,0,5,4,6,5,5,0,9,15,14,7,3,76031.7400242
20213,1129001908,9,3,6,0,1,2,4,1,1,0,0,1,1,0,1,0,1,1,3,1,0,2639.12239581
20213,1129001910,10,5,5,0,0,5,3,2,0,0,0,2,1,2,0,0,0,3,2,0,0,3448.69916309
20213,1129001911,9,3,6,0,0,0,6,2,1,0,0,0,3,0,0,0,0,0,3,2,1,4654.39745712
20213,1129001912,5,4,1,0,0,1,0,2,2,0,0,1,0,2,1,0,0,0,0,0,1,1587.62560515
20213,1129001913,4,4,0,0,0,1,0,2,1,0,0,1,0,2,1,0,0,0,0,0,0,1322.62881485
20213,1129001919,3,1,2,0,0,3,0,0,0,0,0,1,0,0,0,0,0,2,0,0,0,1226.92166334
20213,1129001921,1,0,1,0,0,1,0,0,0,0,0,0,0,0,0,0,0,1,0,0,0,1330.40119407
20213,1129001923,128,38,90,0,10,24,53,30,11,0,4,5,15,9,5,0,6,19,38,21,6,3420.0104574
20213,1129001932,3,0,3,0,1,0,0,2,0,0,0,0,0,0,0,0,1,0,0,2,0,2467.5735448
20213,1129001936,3,2,1,0,0,0,0,3,0,0,0,0,0,2,0,0,0,0,0,1,0,9166.11253513
20213,1129001941,46,12,34,0,16,13,7,8,2,0,4,4,3,0,1,0,12,9,4,8,1,9370.09863927
20213,1129001942,26,12,14,0,18,3,3,2,0,0,7,2,1,2,0,0,11,1,2,0,0,437947.697653
20213,1129001945,2,2,0,0,0,0,0,1,1,0,0,0,0,1,1,0,0,0,0,0,0,1967.90878546
20213,1129001946,6,6,0,0,0,3,3,0,0,0,0,3,3,0,0,0,0,0,0,0,0,1541.27775852
20213,1129001947,2,1,1,0,0,1,0,0,1,0,0,0,0,0,1,0,0,1,0,0,0,7388.18419486
20213,1129001948,44,12,32,0,5,1,14,17,7,0,1,1,2,3,5,0,4,0,12,14,2,16156.7338016
20213,1129001950,7,5,2,0,0,4,2,1,0,0,0,2,2,1,0,0,0,2,0,0,0,3221.76775899
20213,1129001953,6,4,2,0,0,0,3,3,0,0,0,0,2,2,0,0,0,0,1,1,0,9974.66027638
20213,1129001954,17,4,13,0,4,3,7,2,1,0,0,1,2,0,1,0,4,2,5,2,0,6849.4671825
20213,1129001955,56,37,19,0,11,16,13,11,5,0,8,11,9,6,3,0,3,5,4,5,2,3092.29561786
20213,1129001959,5,4,1,0,0,0,2,3,0,0,0,0,1,3,0,0,0,0,1,0,0,3289.24841544
20213,1129001960,2,2,0,0,0,0,1,1,0,0,0,0,1,1,0,0,0,0,0,0,0,1295.03307299
20213,1129001962,6,5,1,0,1,1,2,0,2,0,1,1,1,0,2,0,0,0,1,0,0,1859.69998736
20213,1129001964,243,154,89,2,21,47,70,68,35,2,16,28,39,47,22,0,5,19,31,21,13,4677.16547515
20213,1129001967,40,38,2,0,0,3,7,26,4,0,0,3,6,26,3,0,0,0,1,0,1,2753.5521339
20213,1129001968,155,134,21,0,4,8,23,64,56,0,1,7,16,58,52,0,3,1,7,6,4,1484.80235144
20213,1129001970,989,763,226,0,20,25,102,137,705,0,17,19,68,110,549,0,3,6,34,27,156,10142.1060422
20213,1129001981,8,8,0,0,0,1,6,1,0,0,0,1,6,1,0,0,0,0,0,0,0,1991.0859651
20213,1129001983,2,2,0,0,0,0,1,0,1,0,0,0,1,0,1,0,0,0,0,0,0,3496.91527157
20213,1129001986,11,0,11,0,1,3,4,1,2,0,0,0,0,0,0,0,1,3,4,1,2,1822.66614489
20213,1129001997,48,37,11,0,9,3,4,23,9,0,5,2,2,21,7,0,4,1,2,2,2,6168.94218231
20213,1129002002,1,1,0,0,0,0,0,1,0,0,0,0,0,1,0,0,0,0,0,0,0,3881.52250267
20213,1129002003,4,2,2,0,0,0,1,2,1,0,0,0,0,1,1,0,0,0,1,1,0,1632.91902632
20213,1129002007,9,2,7,0,2,1,5,1,0,0,0,0,1,1,0,0,2,1,4,0,0,4233.0347951
20213,1129002009,3,2,1,0,0,0,2,1,0,0,0,0,1,1,0,0,0,0,1,0,0,2124.45724996
20213,1129002012,15,4,11,0,0,0,3,11,1,0,0,0,1,2,1,0,0,0,2,9,0,1507.14214812
20213,1129002016,24,11,13,0,5,5,7,4,3,0,0,3,5,2,1,0,5,2,2,2,2,3779.15199954
20213,1129002021,8,6,2,0,0,4,2,2,0,0,0,4,0,2,0,0,0,0,2,0,0,1576.48788212
20213,1129002022,4,2,2,0,1,0,2,0,1,0,0,0,1,0,1,0,1,0,1,0,0,4191.55035887
20213,1129002023,116,57,59,0,21,31,27,22,15,0,8,13,11,14,11,0,13,18,16,8,4,11480.5519753
20213,1129002039,2,2,0,0,1,0,0,1,0,0,1,0,0,1,0,0,0,0,0,0,0,1334.84037769
20213,1129002043,3,3,0,0,0,0,0,1,2,0,0,0,0,1,2,0,0,0,0,0,0,1435.64434277
20213,1129002046,58,14,44,0,0,4,13,18,23,0,0,4,4,4,2,0,0,0,9,14,21,8749.50762102
20213,1129002047,2,1,1,0,0,0,1,1,0,0,0,0,1,0,0,0,0,0,0,1,0,3870.47638498
20213,1129002048,5,3,2,0,0,1,1,2,1,0,0,0,1,2,0,0,0,1,0,0,1,1443.41986327
20213,1129002049,11,10,1,0,0,2,3,4,2,0,0,2,2,4,2,0,0,0,1,0,0,1672.3509793
20213,1129002053,21,5,16,0,2,10,4,5,0,0,0,5,0,0,0,0,2,5,4,5,0,1894.38440958
20213,1129002059,84,61,23,1,11,22,35,11,4,1,6,19,30,5,0,0,5,3,5,6,4,4709.91195331
20213,1129002060,13,6,7,0,6,3,2,2,0,0,2,1,1,2,0,0,4,2,1,0,0,1810.84668155
20213,1129002068,3,1,2,0,0,0,3,0,0,0,0,0,1,0,0,0,0,0,2,0,0,2267.13034229
20213,1129002072,3,3,0,0,0,0,0,2,1,0,0,0,0,2,1,0,0,0,0,0,0,1338.37583629
20213,1129002077,13,4,9,0,7,2,2,1,1,0,0,1,2,0,1,0,7,1,0,1,0,1355.91522144
20213,1129002080,10,0,10,0,1,3,3,2,1,0,0,0,0,0,0,0,1,3,3,2,1,2501.95897082
20213,1129002083,3,0,3,0,1,2,0,0,0,0,0,0,0,0,0,0,1,2,0,0,0,2980.77335471
20213,1129002084,179,29,150,0,34,58,48,38,1,0,3,8,9,9,0,0,31,50,39,29,1,13593.4671353
20213,1129002086,5,4,1,0,0,0,1,3,1,0,0,0,1,2,1,0,0,0,0,1,0,5751.88011396
20213,1129002087,10,0,10,0,1,3,4,2,0,0,0,0,0,0,0,0,1,3,4,2,0,1676.80587636
20213,1129002090,6,5,1,0,0,2,1,3,0,0,0,2,1,2,0,0,0,0,0,1,0,1737.84172402
20213,1129002091,4,3,1,0,0,0,0,3,1,0,0,0,0,2,1,0,0,0,0,1,0,3879.23639159
20213,1129002093,7,5,2,0,1,1,3,2,0,0,1,1,2,1,0,0,0,0,1,1,0,1683.362008
20213,1129002094,2,1,1,0,0,1,1,0,0,0,0,1,0,0,0,0,0,0,1,0,0,2410.06826046
20213,1129002105,3,2,1,0,0,1,2,0,0,0,0,1,1,0,0,0,0,0,1,0,0,2036.80540496
20213,1129002107,11,4,7,0,0,4,4,2,1,0,0,0,2,1,1,0,0,4,2,1,0,4800.9954326
20213,1129002118,2,1,1,0,0,2,0,0,0,0,0,1,0,0,0,0,0,1,0,0,0,2098.21971208
20213,1129002124,5,2,3,0,0,1,0,2,2,0,0,1,0,0,1,0,0,0,0,2,1,2433.43492417
20213,1129002126,173,72,101,0,14,29,53,27,50,0,4,10,28,12,18,0,10,19,25,15,32,2709.43073191
20213,1129002128,10,1,9,0,1,0,2,6,1,0,0,0,0,0,1,0,1,0,2,6,0,3326.39011218
20213,1129002138,1,1,0,0,0,0,1,0,0,0,0,0,1,0,0,0,0,0,0,0,0,533.733970255
20213,1129002154,54,15,39,1,10,21,16,3,3,1,2,5,6,1,0,0,8,16,10,2,3,5325.53662008
20213,1129002156,35,9,26,0,3,5,4,5,18,0,0,2,3,1,3,0,3,3,1,4,15,4538.77153372
20213,1129002163,23,5,18,0,6,1,10,6,0,0,0,0,1,4,0,0,6,1,9,2,0,6501.85395217
20213,1129002168,30,13,17,0,3,6,11,4,6,0,0,1,7,0,5,0,3,5,4,4,1,5826.40881998
20213,1129002171,2,0,2,0,0,2,0,0,0,0,0,0,0,0,0,0,0,2,0,0,0,10329.6850449
20213,1129002181,3,3,0,0,0,1,1,0,1,0,0,1,1,0,1,0,0,0,0,0,0,5679.50517494
20213,1129002182,224,140,84,1,30,64,82,29,18,0,17,43,44,21,15,1,13,21,38,8,3,3129.97681504
20213,1129002184,4,2,2,0,0,3,1,0,0,0,0,2,0,0,0,0,0,1,1,0,0,1770.72861873
20213,1129002185,3,2,1,0,1,0,1,1,0,0,1,0,1,0,0,0,0,0,0,1,0,1834.70040303
20213,1129002186,2,1,1,0,0,0,2,0,0,0,0,0,1,0,0,0,0,0,1,0,0,3832.37423793
20213,1129002188,3,2,1,0,0,0,1,2,0,0,0,0,0,2,0,0,0,0,1,0,0,3403.37784519
20213,1129002190,2,2,0,0,0,1,0,1,0,0,0,1,0,1,0,0,0,0,0,0,0,3530.87557737
20213,1129002192,2,2,0,0,0,0,0,2,0,0,0,0,0,2,0,0,0,0,0,0,0,3566.39001961
20213,1129002193,3,2,1,0,0,0,0,2,1,0,0,0,0,1,1,0,0,0,0,1,0,3217.46525943
20213,1129002195,101,69,32,0,11,24,31,13,22,0,6,18,22,10,13,0,5,6,9,3,9,22349.1448746
20213,1129002196,4,2,2,0,1,2,0,1,0,0,0,1,0,1,0,0,1,1,0,0,0,1252.91435252
20213,1129002198,35,22,13,0,1,7,8,9,10,0,1,3,3,7,8,0,0,4,5,2,2,7752.24972337
20213,1129002199,2,1,1,0,0,1,0,1,0,0,0,0,0,1,0,0,0,1,0,0,0,3624.71100486
20213,1129002201,2,1,1,0,0,0,0,0,2,0,0,0,0,0,1,0,0,0,0,0,1,2906.53584558
20213,1129002203,36,32,4,0,4,3,11,12,6,0,4,2,9,11,6,0,0,1,2,1,0,4622.10989553
20213,1129002204,7,4,3,0,1,3,2,0,1,0,0,1,2,0,1,0,1,2,0,0,0,8681.19333025
20213,1129002205,6,0,6,0,1,2,0,3,0,0,0,0,0,0,0,0,1,2,0,3,0,8030.38680177
20213,1129002207,23,12,11,0,1,6,3,6,7,0,0,3,1,2,6,0,1,3,2,4,1,4035.81071771
20213,1129002208,332,173,159,0,32,101,104,63,32,0,12,50,64,28,19,0,20,51,40,35,13,10145.1995628
20213,1129002209,5,0,5,0,0,2,1,1,1,0,0,0,0,0,0,0,0,2,1,1,1,1273.98623352
20213,1129002210,38,15,23,0,7,8,9,7,7,0,2,3,2,3,5,0,5,5,7,4,2,8120.09588535
20213,1129002211,21,9,12,0,0,1,5,8,7,0,0,1,1,3,4,0,0,0,4,5,3,4500.74404008
20213,1129002212,65,35,30,0,5,14,13,16,17,0,2,9,6,11,7,0,3,5,7,5,10,8957.09524743
20213,1129002213,45,22,23,0,2,7,16,16,4,0,1,3,7,9,2,0,1,4,9,7,2,14995.2650451
20213,1129002214,7,6,1,0,0,1,2,1,3,0,0,1,2,0,3,0,0,0,0,1,0,1731.99791452
20213,1129002215,6,2,4,0,1,0,2,2,1,0,0,0,1,0,1,0,1,0,1,2,0,3440.34008297
20213,1129002218,52,34,18,1,10,13,16,8,4,0,5,9,12,6,2,1,5,4,4,2,2,14864.3252315
20213,1129002219,7,5,2,0,2,1,2,2,0,0,1,1,1,2,0,0,1,0,1,0,0,5857.28448504
20213,1129002221,22,10,12,0,4,6,2,5,5,0,1,1,0,4,4,0,3,5,2,1,1,12600.4196396
20213,1129002223,6,2,4,0,0,0,2,4,0,0,0,0,0,2,0,0,0,0,2,2,0,3021.59637702
20213,1129002225,16,6,10,0,1,4,6,3,2,0,0,1,4,0,1,0,1,3,2,3,1,3273.96716563
20213,1129002229,1627,1166,461,0,310,658,319,221,119,0,169,480,226,177,114,0,141,178,93,44,5,441421.287997
20213,1129002231,26,12,14,0,0,5,13,3,5,0,0,1,6,1,4,0,0,4,7,2,1,5168.98395907
20213,1129002233,3,1,2,0,0,0,1,0,2,0,0,0,0,0,1,0,0,0,1,0,1,3429.18856967
20213,1129002236,9,2,7,0,2,5,2,0,0,0,0,2,0,0,0,0,2,3,2,0,0,5999.12956369
20213,1129002238,5,4,1,0,1,2,2,0,0,0,1,2,1,0,0,0,0,0,1,0,0,8420.20371284
20213,1129002243,17,1,16,0,3,7,4,2,1,0,0,0,0,0,1,0,3,7,4,2,0,169635.383512
20213,1129002244,14,2,12,0,4,2,4,3,1,0,0,0,0,2,0,0,4,2,4,1,1,5380.12712583
20213,1129002245,6,3,3,0,2,1,1,0,2,0,1,1,1,0,0,0,1,0,0,0,2,2074.48980596
20213,1129002248,3,2,1,0,1,0,0,2,0,0,1,0,0,1,0,0,0,0,0,1,0,956.49386295
20213,1129002249,282,263,19,0,7,10,13,15,237,0,6,7,4,12,234,0,1,3,9,3,3,19442.8273689
20213,1129002250,55,19,36,0,26,15,8,4,2,0,5,7,4,1,2,0,21,8,4,3,0,14181.1653138
20213,1129002252,2,2,0,0,0,0,2,0,0,0,0,0,2,0,0,0,0,0,0,0,0,3337.16519792
20213,1129002253,2,2,0,0,0,0,0,2,0,0,0,0,0,2,0,0,0,0,0,0,0,2807.55795774
20213,1129002254,132,97,35,0,5,46,53,24,4,0,1,32,41,20,3,0,4,14,12,4,1,5285.01129929
20213,1129002259,2,1,1,0,0,0,0,1,1,0,0,0,0,0,1,0,0,0,0,1,0,2217.39757024
20213,1129002262,10,1,9,0,0,3,1,2,4,0,0,0,0,0,1,0,0,3,1,2,3,2223.12867025
20213,1129002263,6,4,2,0,0,0,1,4,1,0,0,0,0,4,0,0,0,0,1,0,1,3466.09500634
20213,1129002264,2,0,2,0,0,0,1,0,1,0,0,0,0,0,0,0,0,0,1,0,1,4824.49219195
20213,1129002265,6,1,5,0,0,1,4,1,0,0,0,0,1,0,0,0,0,1,3,1,0,1242.80683928
20213,1129002267,20,5,15,2,12,1,4,0,1,0,2,0,2,0,1,2,10,1,2,0,0,2775.1633575
20213,1129002268,168,57,111,0,37,23,26,55,27,0,13,15,12,11,6,0,24,8,14,44,21,36458.9526739
20213,1129002270,17,10,7,0,4,5,1,5,2,0,4,4,1,0,1,0,0,1,0,5,1,1475.42593303
20213,1129002274,16,1,15,0,5,6,1,1,3,0,0,0,0,0,1,0,5,6,1,1,2,4669.56432472
20213,1129002279,92,31,61,0,9,28,25,27,3,0,5,4,10,9,3,0,4,24,15,18,0,10094.5325662
20213,1129002282,158,116,42,1,28,64,40,15,10,1,22,53,22,9,9,0,6,11,18,6,1,4021.73304909
20213,1129002289,19,5,14,0,4,2,5,8,0,0,1,0,1,3,0,0,3,2,4,5,0,9705.0365792
20213,1129002290,250,137,113,0,7,22,88,97,36,0,0,8,52,54,23,0,7,14,36,43,13,42011.6324016
20213,1129002291,2,1,1,0,0,0,0,2,0,0,0,0,0,1,0,0,0,0,0,1,0,929.497139492
20213,1129002292,9,7,2,0,0,1,3,4,1,0,0,1,2,3,1,0,0,0,1,1,0,3039.09428775
20213,1129002293,6,5,1,0,1,1,3,1,0,0,0,1,3,1,0,0,1,0,0,0,0,2077.61239976
20213,1129002294,7,6,1,0,1,0,4,2,0,0,1,0,4,1,0,0,0,0,0,1,0,8727.81815393
20213,1129002301,2,1,1,0,0,0,0,0,2,0,0,0,0,0,1,0,0,0,0,0,1,1077.75832975
20213,1129002303,19,14,5,0,1,4,8,4,2,0,1,2,6,3,2,0,0,2,2,1,0,1920.66345941
20213,1129002307,26,15,11,0,1,3,8,10,4,0,1,3,5,4,2,0,0,0,3,6,2,13700.153053
20213,1129002313,2,1,1,0,0,1,1,0,0,0,0,0,1,0,0,0,0,1,0,0,0,826.490001464
20213,1129002318,666,429,237,1,166,159,181,111,48,0,91,118,113,64,43,1,75,41,68,47,5,3428.74690881
20213,1129002319,2,0,2,0,0,0,0,0,2,0,0,0,0,0,0,0,0,0,0,0,2,4658.41670517
20213,1129002323,2,1,1,0,0,0,0,2,0,0,0,0,0,1,0,0,0,0,0,1,0,475.323322453
20213,1129002326,1,1,0,0,0,0,0,1,0,0,0,0,0,1,0,0,0,0,0,0,0,2359.65263058
20213,1129002327,6,2,4,0,1,0,3,1,1,0,1,0,1,0,0,0,0,0,2,1,1,2827.66203477
20213,1129002328,10,0,10,0,1,5,2,2,0,0,0,0,0,0,0,0,1,5,2,2,0,80656.4532543
20213,1129002333,14,3,11,0,3,3,5,2,1,0,0,1,2,0,0,0,3,2,3,2,1,3902.50395142
20213,1129002335,19,10,9,0,2,3,4,5,5,0,1,1,3,2,3,0,1,2,1,3,2,4812.48497944
20213,1129002336,69,15,54,0,14,15,20,16,4,0,4,3,2,4,2,0,10,12,18,12,2,11972.4676867
20213,1129002339,3,2,1,0,0,0,0,3,0,0,0,0,0,2,0,0,0,0,0,1,0,2735.23796963
20213,1129002341,13,6,7,0,7,3,2,1,0,0,3,2,1,0,0,0,4,1,1,1,0,1288.63460844
20213,1129002342,13,8,5,0,4,3,5,0,1,0,3,2,2,0,1,0,1,1,3,0,0,1763.56480908
20213,1129002343,1,1,0,0,0,0,1,0,0,0,0,0,1,0,0,0,0,0,0,0,0,760.370671509
20213,1129002345,2,2,0,0,0,2,0,0,0,0,0,2,0,0,0,0,0,0,0,0,0,2031.83967628
20213,1129002347,2,1,1,0,0,1,1,0,0,0,0,0,1,0,0,0,0,1,0,0,0,2901.35365091
20213,1129002355,2,2,0,0,0,0,0,0,2,0,0,0,0,0,2,0,0,0,0,0,0,5650.48804124
20213,1129002357,28,2,26,0,1,2,2,6,17,0,0,1,0,0,1,0,1,1,2,6,16,3529.63067203
20213,1129002361,70,41,29,0,19,16,17,14,4,0,13,11,11,4,2,0,6,5,6,10,2,1643.30826449
20213,1129002362,2,2,0,0,0,0,0,2,0,0,0,0,0,2,0,0,0,0,0,0,0,2039.82799501
20213,1129002369,20,6,14,0,0,2,6,5,7,0,0,1,4,0,1,0,0,1,2,5,6,4270.19633829
20213,1129002370,98,39,59,0,58,26,8,4,2,0,20,11,3,3,2,0,38,15,5,1,0,1985.52759671
20213,1129002375,12,8,4,0,1,0,3,0,8,0,0,0,1,0,7,0,1,0,2,0,1,2627.26094901
20213,1129002376,10,9,1,0,1,4,3,1,1,0,1,4,2,1,1,0,0,0,1,0,0,2230.4637765
20213,1129002379,4,1,3,0,1,2,0,1,0,0,0,0,0,1,0,0,1,2,0,0,0,6381.68159416
20213,1129002380,1,0,1,0,0,0,0,0,1,0,0,0,0,0,0,0,0,0,0,0,1,1272.59744782
20213,1129002382,1,0,1,0,0,0,1,0,0,0,0,0,0,0,0,0,0,0,1,0,0,1731.38142829
20213,1129002386,7,2,5,0,0,0,4,3,0,0,0,0,0,2,0,0,0,0,4,1,0,7508.23601006
20213,1129002390,1,1,0,0,0,0,0,1,0,0,0,0,0,1,0,0,0,0,0,0,0,2112.76016803
20213,1129002391,7,2,5,0,0,0,4,1,2,0,0,0,0,1,1,0,0,0,4,0,1,5430.82202861
20213,1129002392,1,1,0,0,0,0,0,0,1,0,0,0,0,0,1,0,0,0,0,0,0,1825.03622874
20213,1129002395,5,4,1,0,1,0,2,0,2,0,1,0,1,0,2,0,0,0,1,0,0,2343.15160373
20213,1129002397,2,2,0,0,0,0,0,1,1,0,0,0,0,1,1,0,0,0,0,0,0,2736.41121504
20213,1129002398,3,1,2,0,0,0,2,1,0,0,0,0,0,1,0,0,0,0,2,0,0,4258.27755876
20213,1129002403,3,2,1,0,0,1,0,1,1,0,0,1,0,0,1,0,0,0,0,1,0,2180.53800508
20213,1129002404,13,6,7,0,1,3,2,5,2,0,1,0,0,4,1,0,0,3,2,1,1,5544.70553907
20213,1129002405,12,7,5,0,4,4,2,1,1,0,1,2,2,1,1,0,3,2,0,0,0,2490.9383013
20213,1129002406,14,3,11,0,1,3,4,4,2,0,0,0,1,0,2,0,1,3,3,4,0,3280.74419166
20213,1129002409,8,3,5,0,0,1,1,2,4,0,0,1,0,0,2,0,0,0,1,2,2,3821.27002589
20213,1129002412,8,6,2,0,0,1,2,0,5,0,0,0,1,0,5,0,0,1,1,0,0,2119.41136724
20213,1129002413,37,22,15,0,8,11,10,5,3,0,1,9,8,2,2,0,7,2,2,3,1,2392.79185618
20213,1129002415,10,3,7,0,0,3,6,1,0,0,0,1,2,0,0,0,0,2,4,1,0,5882.43759393
20213,1129002416,9,2,7,0,3,0,4,1,1,0,0,0,1,0,1,0,3,0,3,1,0,4144.25181428
20213,1129002420,4,3,1,0,0,1,0,0,3,0,0,1,0,0,2,0,0,0,0,0,1,1918.4246657
20213,1129002421,3,2,1,0,0,1,0,1,1,0,0,1,0,1,0,0,0,0,0,0,1,2282.14404754
20213,1129002423,10,9,1,0,0,4,5,0,1,0,0,4,4,0,1,0,0,0,1,0,0,1426.14195618
20213,1129002426,14,12,2,1,3,2,2,3,3,1,3,2,1,2,3,0,0,0,1,1,0,1877.15047981
20213,1129002428,18,12,6,0,7,9,2,0,0,0,4,6,2,0,0,0,3,3,0,0,0,3078.12933764
20213,1129002429,2,2,0,0,0,0,1,0,1,0,0,0,1,0,1,0,0,0,0,0,0,2232.8242843
20213,1129002430,8,6,2,0,0,0,1,5,2,0,0,0,0,4,2,0,0,0,1,1,0,13886.5299447
20213,1129002433,3,1,2,0,0,0,1,2,0,0,0,0,0,1,0,0,0,0,1,1,0,1679.41447793
20213,1129002437,3,2,1,0,0,3,0,0,0,0,0,2,0,0,0,0,0,1,0,0,0,2518.39681814
20213,1129002439,11,7,4,0,2,5,4,0,0,0,0,3,4,0,0,0,2,2,0,0,0,2025.83551952
20213,1129002444,7,3,4,0,1,0,0,2,4,0,0,0,0,1,2,0,1,0,0,1,2,2545.97590097
20213,1129002449,2,2,0,0,0,0,0,0,2,0,0,0,0,0,2,0,0,0,0,0,0,2169.3399566
20213,1129002451,9,5,4,0,0,0,0,2,7,0,0,0,0,0,5,0,0,0,0,2,2,2290.52617839
20213,1129002453,5,3,2,0,0,4,0,0,1,0,0,2,0,0,1,0,0,2,0,0,0,1245.12249191
20213,1129002454,2,1,1,0,0,0,1,0,1,0,0,0,1,0,0,0,0,0,0,0,1,3108.32565961
20213,1129002457,2,1,1,0,0,0,1,1,0,0,0,0,1,0,0,0,0,0,0,1,0,3014.48060882
20213,1129002462,2,1,1,0,0,0,0,2,0,0,0,0,0,1,0,0,0,0,0,1,0,3213.42681059
20213,1129002463,46,6,40,0,0,3,1,13,29,0,0,1,1,2,2,0,0,2,0,11,27,14562.7530353
20213,1129002464,1,1,0,0,0,0,0,0,1,0,0,0,0,0,1,0,0,0,0,0,0,3533.36701361
20213,1129002467,2,2,0,0,0,1,1,0,0,0,0,1,1,0,0,0,0,0,0,0,0,2186.23762408
20213,1129002470,69,61,8,0,2,2,7,24,34,0,1,2,4,22,32,0,1,0,3,2,2,2916.52868226
20213,1129002474,6,0,6,0,0,1,3,2,0,0,0,0,0,0,0,0,0,1,3,2,0,9060.60967438
20213,1129002482,5,2,3,0,0,1,2,2,0,0,0,1,1,0,0,0,0,0,1,2,0,1741.45926861
20213,1129002484,3,0,3,0,0,1,1,1,0,0,0,0,0,0,0,0,0,1,1,1,0,1774.65046696
20213,1129002487,1,1,0,0,0,0,0,0,1,0,0,0,0,0,1,0,0,0,0,0,0,2343.96339767
20213,1129002488,3,1,2,0,0,2,1,0,0,0,0,0,1,0,0,0,0,2,0,0,0,2971.3173049
20213,1129002491,36,14,22,0,12,10,7,6,1,0,1,4,3,5,1,0,11,6,4,1,0,2242.56079871
20213,1129002492,16,10,6,0,2,3,2,7,2,0,0,3,1,5,1,0,2,0,1,2,1,2698.26202527
20213,1129002493,91,72,19,1,24,22,19,23,2,0,19,20,16,15,2,1,5,2,3,8,0,22204.6778074
20213,1129002498,3,1,2,0,0,0,0,2,1,0,0,0,0,1,0,0,0,0,0,1,1,2956.82137497
20213,1129002500,3,1,2,0,0,0,0,2,1,0,0,0,0,0,1,0,0,0,0,2,0,2674.87043327
20213,1129002508,2,2,0,0,0,0,2,0,0,0,0,0,2,0,0,0,0,0,0,0,0,640.758253747
20213,1129002509,9,6,3,0,0,3,3,0,3,0,0,1,3,0,2,0,0,2,0,0,1,2180.93167491
20213,1129002512,71,8,63,0,11,18,24,13,5,0,0,1,2,2,3,0,11,17,22,11,2,7718.56578093
20213,1129002514,81,66,15,0,5,7,28,24,17,0,5,5,21,21,14,0,0,2,7,3,3,6885.78435703
20213,1129002517,20,11,9,0,3,1,5,7,4,0,3,0,3,3,2,0,0,1,2,4,2,6198.49964574
20213,1129002518,2,1,1,0,0,0,1,1,0,0,0,0,1,0,0,0,0,0,0,1,0,1750.54834621
20213,1129002519,1,0,1,0,0,0,1,0,0,0,0,0,0,0,0,0,0,0,1,0,0,1924.32225221
20213,1129002522,26,3,23,0,0,11,6,8,1,0,0,2,0,0,1,0,0,9,6,8,0,1422.1478076
20213,1129002523,2,1,1,0,0,0,1,1,0,0,0,0,0,1,0,0,0,0,1,0,0,1923.59277048
20213,1129002528,62,28,34,0,14,11,18,14,5,0,6,2,10,6,4,0,8,9,8,8,1,6990.71006168
20213,1129002531,28,5,23,0,2,7,9,8,2,0,2,2,0,0,1,0,0,5,9,8,1,2532.3398918
20213,1129002532,5,2,3,0,0,1,3,1,0,0,0,0,1,1,0,0,0,1,2,0,0,2521.78054879
20213,1129002533,5,3,2,0,0,1,0,1,3,0,0,1,0,0,2,0,0,0,0,1,1,2229.75860671
20213,1129002534,1,1,0,0,0,0,0,1,0,0,0,0,0,1,0,0,0,0,0,0,0,8743.6121695
20213,1129002535,85,75,10,0,20,34,21,7,3,0,16,34,18,5,2,0,4,0,3,2,1,4971.15181774
20213,1129002537,6,5,1,0,1,0,1,4,0,0,1,0,1,3,0,0,0,0,0,1,0,11342.1650667
20213,1129002539,4,4,0,0,0,0,3,0,1,0,0,0,3,0,1,0,0,0,0,0,0,3522.04385972
20213,1129002542,1,1,0,0,0,0,1,0,0,0,0,0,1,0,0,0,0,0,0,0,0,1660.90262781
20213,1129002543,4,1,3,0,1,1,0,2,0,0,0,0,0,1,0,0,1,1,0,1,0,3896.95655528
20213,1129002545,10,7,3,0,0,3,5,2,0,0,0,2,4,1,0,0,0,1,1,1,0,15484.5253364
20213,1129002546,11,8,3,0,1,2,4,3,1,0,1,1,3,2,1,0,0,1,1,1,0,7008.05892493
20213,1129002548,2,1,1,0,0,0,1,0,1,0,0,0,0,0,1,0,0,0,1,0,0,5635.99295671
20213,1129002550,7,5,2,0,0,0,5,1,1,0,0,0,4,1,0,0,0,0,1,0,1,7405.71073134
20213,1129002552,9,4,5,0,1,0,3,1,4,0,0,0,1,0,3,0,1,0,2,1,1,3098.04765708
20213,1129002553,15,3,12,0,1,4,5,3,2,0,0,1,0,0,2,0,1,3,5,3,0,2702.38072329
20213,1129002556,5,3,2,0,1,1,1,2,0,0,1,1,1,0,0,0,0,0,0,2,0,7467.18653729
20213,1129002557,5,4,1,0,0,0,2,1,2,0,0,0,1,1,2,0,0,0,1,0,0,4019.66509373
20213,1129002561,5,4,1,0,0,2,2,1,0,0,0,1,2,1,0,0,0,1,0,0,0,3554.67848052
20213,1129002564,5,5,0,0,0,4,1,0,0,0,0,4,1,0,0,0,0,0,0,0,0,1731.86539079
20213,1129002565,10,3,7,0,1,2,3,2,2,0,0,0,1,1,1,0,1,2,2,1,1,2994.35731247
20213,1129002567,5,4,1,0,2,0,1,0,2,0,2,0,1,0,1,0,0,0,0,0,1,3720.18244896
20213,1129002568,81,42,39,0,10,23,17,21,10,0,1,8,9,16,8,0,9,15,8,5,2,8196.50899983
20213,1129002573,1,1,0,0,0,0,1,0,0,0,0,0,1,0,0,0,0,0,0,0,0,3339.90812729
20213,1129002576,63,46,17,1,18,17,10,10,7,0,13,11,10,7,5,1,5,6,0,3,2,5967.04350769
20213,1129002579,34,21,13,0,6,7,9,10,2,0,1,6,7,6,1,0,5,1,2,4,1,17053.0103439
20213,1129002581,18,2,16,0,1,4,5,6,2,0,0,0,0,0,2,0,1,4,5,6,0,17905.3775233
20213,1129002584,2,2,0,0,0,0,2,0,0,0,0,0,2,0,0,0,0,0,0,0,0,1879.20285652
20213,1129002585,6,5,1,0,0,0,1,4,1,0,0,0,1,3,1,0,0,0,0,1,0,3239.42151105
20213,1129002587,8,6,2,0,1,3,0,3,1,0,0,2,0,3,1,0,1,1,0,0,0,4051.08703834
20213,1129002589,14,11,3,0,0,3,4,3,4,0,0,2,4,3,2,0,0,1,0,0,2,2754.49652676
20213,1129002592,9,7,2,0,2,0,2,3,2,0,1,0,1,3,2,0,1,0,1,0,0,2916.68001354
20213,1129002593,2,1,1,0,1,0,1,0,0,0,1,0,0,0,0,0,0,0,1,0,0,3089.87851531
20213,1129002595,3,2,1,0,0,1,0,0,2,0,0,1,0,0,1,0,0,0,0,0,1,2743.62446279
20213,1129002596,30,21,9,0,8,4,7,9,2,0,5,4,4,7,1,0,3,0,3,2,1,5096.81294101
20213,1129002598,6,2,4,0,0,1,2,3,0,0,0,0,0,2,0,0,0,1,2,1,0,2954.52081688
20213,1129002599,2,1,1,0,0,0,0,0,2,0,0,0,0,0,1,0,0,0,0,0,1,3322.787428
20213,1129002601,4,0,4,0,1,2,0,0,1,0,0,0,0,0,0,0,1,2,0,0,1,2887.5691553
20213,1129002604,5,2,3,0,0,4,0,0,1,0,0,1,0,0,1,0,0,3,0,0,0,2945.37651993
20213,1129002605,16,11,5,0,3,5,6,0,2,0,0,5,4,0,2,0,3,0,2,0,0,5030.79771549
20213,1129002606,5,0,5,0,2,1,1,1,0,0,0,0,0,0,0,0,2,1,1,1,0,3406.6579324
20213,1129002607,7,6,1,0,0,0,2,2,3,0,0,0,2,1,3,0,0,0,0,1,0,2853.63565329
20213,1129002608,5,5,0,0,1,0,0,4,0,0,1,0,0,4,0,0,0,0,0,0,0,1764.44399597
20213,1129002609,1,1,0,0,0,0,0,0,1,0,0,0,0,0,1,0,0,0,0,0,0,3407.97190945
20213,1129002611,7,3,4,0,1,2,1,2,1,0,1,0,1,1,0,0,0,2,0,1,1,4435.69379108
20213,1129002615,4,2,2,0,1,0,1,2,0,0,1,0,0,1,0,0,0,0,1,1,0,4732.48136469
20213,1129002617,4,4,0,0,0,1,2,1,0,0,0,1,2,1,0,0,0,0,0,0,0,5978.98811612
20213,1129002625,8,5,3,0,0,4,2,1,1,0,0,2,2,0,1,0,0,2,0,1,0,2978.60877262
20213,1129002627,16,10,6,0,3,3,6,4,0,0,1,3,3,3,0,0,2,0,3,1,0,2139.47305022
20213,1129002628,3,0,3,0,1,0,0,1,1,0,0,0,0,0,0,0,1,0,0,1,1,4128.76653444
20213,1129002629,5,1,4,0,0,0,2,1,2,0,0,0,1,0,0,0,0,0,1,1,2,6003.37456971
20213,1129002630,4,1,3,0,0,0,2,0,2,0,0,0,1,0,0,0,0,0,1,0,2,2510.37714457
20213,1129002631,148,126,22,0,3,6,15,12,112,0,1,3,8,10,104,0,2,3,7,2,8,8749.39789924
20213,1129002632,27,19,8,0,0,0,2,0,25,0,0,0,1,0,18,0,0,0,1,0,7,5589.46694678
20213,1129002633,114,29,85,0,20,18,28,34,14,0,3,10,9,5,2,0,17,8,19,29,12,4306.09884985
20213,1129002635,3,1,2,0,0,0,1,2,0,0,0,0,0,1,0,0,0,0,1,1,0,5819.94689896
20213,1129002636,4,4,0,0,0,0,2,2,0,0,0,0,2,2,0,0,0,0,0,0,0,4374.28950998
20213,1129002639,7,1,6,0,0,0,2,2,3,0,0,0,0,0,1,0,0,0,2,2,2,2129.56325532
20213,1129002640,6,4,2,0,1,2,1,0,2,0,0,1,1,0,2,0,1,1,0,0,0,2527.55636928
20213,1129002642,10,7,3,0,1,1,3,4,1,0,1,1,3,1,1,0,0,0,0,3,0,4197.10978617
20213,1129002643,2,2,0,0,0,0,1,0,1,0,0,0,1,0,1,0,0,0,0,0,0,2360.88167132
20213,1129002648,2,2,0,0,0,0,0,1,1,0,0,0,0,1,1,0,0,0,0,0,0,1571.21259162
20213,1129002649,87,12,75,0,11,25,31,14,6,0,1,3,3,2,3,0,10,22,28,12,3,16350.8188163
20213,1129002654,1,0,1,0,0,0,0,1,0,0,0,0,0,0,0,0,0,0,0,1,0,1823.49051811
20213,1129002655,1,1,0,0,0,0,1,0,0,0,0,0,1,0,0,0,0,0,0,0,0,1060.44170941
20213,1129002658,11,7,4,0,0,1,1,8,1,0,0,0,1,5,1,0,0,1,0,3,0,4985.03332929
20213,1129002662,25,9,16,0,1,4,10,9,1,0,0,2,3,4,0,0,1,2,7,5,1,6278.119058
20213,1129002663,11,3,8,0,0,0,2,5,4,0,0,0,0,1,2,0,0,0,2,4,2,1731.77395699
20213,1129002664,3,1,2,0,1,0,1,1,0,0,0,0,0,1,0,0,1,0,1,0,0,1453.55747439
20213,1129002665,10,4,6,0,0,2,3,3,2,0,0,1,0,2,1,0,0,1,3,1,1,5747.70521949
20213,1129002666,12,5,7,0,2,2,0,1,7,0,0,0,0,1,4,0,2,2,0,0,3,5995.61155262
20213,1129002668,10,3,7,0,1,2,3,2,2,0,0,0,1,1,1,0,1,2,2,1,1,5851.72137031
20213,1129002670,2,2,0,0,0,0,0,2,0,0,0,0,0,2,0,0,0,0,0,0,0,2788.75526557
20213,1129002673,27,21,6,0,0,2,1,3,21,0,0,1,1,2,17,0,0,1,0,1,4,4862.8791621
20213,1129002674,4,0,4,0,1,0,2,1,0,0,0,0,0,0,0,0,1,0,2,1,0,2498.35934028
20213,1129002677,12,4,8,0,4,1,4,2,1,0,0,0,2,1,1,0,4,1,2,1,0,1904.20590089
20213,1129002679,3,2,1,0,0,0,0,0,3,0,0,0,0,0,2,0,0,0,0,0,1,4924.09713631
20213,1129002682,9,1,8,0,0,0,1,3,5,0,0,0,0,0,1,0,0,0,1,3,4,2644.42795867
20213,1129002683,6,6,0,0,0,2,0,2,2,0,0,2,0,2,2,0,0,0,0,0,0,3570.53634428
20213,1129002684,7,1,6,0,0,0,4,2,1,0,0,0,0,0,1,0,0,0,4,2,0,3253.26233681
20213,1129002685,3,1,2,0,0,0,1,2,0,0,0,0,1,0,0,0,0,0,0,2,0,2742.11007194
20213,1129002687,10,7,3,0,0,5,1,2,2,0,0,5,1,0,1,0,0,0,0,2,1,7938.3393892
20213,1129002690,18,8,10,0,2,6,3,4,3,0,0,3,1,2,2,0,2,3,2,2,1,3714.12072191
20213,1129002695,4,3,1,0,0,1,2,1,0,0,0,0,2,1,0,0,0,1,0,0,0,4085.75902319
20213,1129002702,5,3,2,0,0,1,0,1,3,0,0,1,0,0,2,0,0,0,0,1,1,3769.06679114
20213,1129002704,7,6,1,0,0,1,4,2,0,0,0,1,3,2,0,0,0,0,1,0,0,4457.02163493
20213,1129002707,9,6,3,0,1,0,2,2,4,0,0,0,1,2,3,0,1,0,1,0,1,5398.11540919
20213,1129002715,12,5,7,0,0,5,2,2,3,0,0,1,0,1,3,0,0,4,2,1,0,3266.53012563
20213,1129002716,3,0,3,0,0,1,0,1,1,0,0,0,0,0,0,0,0,1,0,1,1,1931.37648281
20213,1129002717,36,29,7,0,0,1,1,4,30,0,0,1,1,2,25,0,0,0,0,2,5,3688.56911079
20213,1129002719,2,2,0,0,1,0,0,0,1,0,1,0,0,0,1,0,0,0,0,0,0,3254.93154777
20213,1129002720,565,404,161,2,38,93,150,164,118,2,20,49,104,131,98,0,18,44,46,33,20,2077.2126593
20213,1129002725,2,1,1,0,0,0,0,1,1,0,0,0,0,0,1,0,0,0,0,1,0,3499.02911257
20213,1129002726,2,1,1,0,0,0,0,1,1,0,0,0,0,0,1,0,0,0,0,1,0,1933.88301606
20213,1129002730,2,2,0,0,0,0,0,2,0,0,0,0,0,2,0,0,0,0,0,0,0,3282.77444721
20213,1129002734,5,4,1,0,0,1,2,1,1,0,0,0,2,1,1,0,0,1,0,0,0,847.865646984
20213,1129002736,4,3,1,0,0,0,1,0,3,0,0,0,1,0,2,0,0,0,0,0,1,5694.24589366
20213,1129002737,4,2,2,0,0,1,2,0,1,0,0,0,1,0,1,0,0,1,1,0,0,2754.77750146
20213,1129002741,2,1,1,0,0,0,1,0,1,0,0,0,0,0,1,0,0,0,1,0,0,2562.34874275
20213,1129002745,9,7,2,0,0,2,2,3,2,0,0,2,2,2,1,0,0,0,0,1,1,5084.56377248
20213,1129002750,3,2,1,0,0,1,0,0,2,0,0,1,0,0,1,0,0,0,0,0,1,1751.86419898
20213,1129002758,4,1,3,0,0,1,2,0,1,0,0,0,1,0,0,0,0,1,1,0,1,2032.30119427
20213,1129002761,2,0,2,0,1,0,0,1,0,0,0,0,0,0,0,0,1,0,0,1,0,1916.7802284
20213,1129002766,2,1,1,0,1,0,0,1,0,0,0,0,0,1,0,0,1,0,0,0,0,1371.74301888
20213,1129002767,7,3,4,0,4,2,1,0,0,0,1,1,1,0,0,0,3,1,0,0,0,6720.94929957
20213,1129002773,7,7,0,0,0,1,1,2,3,0,0,1,1,2,3,0,0,0,0,0,0,2500.34206656
20213,1129002774,16,5,11,0,9,6,1,0,0,0,2,2,1,0,0,0,7,4,0,0,0,3943.36895136
20213,1129002775,2,2,0,0,1,0,0,1,0,0,1,0,0,1,0,0,0,0,0,0,0,3814.52448146
20213,1129002776,10,7,3,0,0,4,3,3,0,0,0,2,2,3,0,0,0,2,1,0,0,1532.19359293
20213,1129002778,23,18,5,0,2,6,5,7,3,0,2,4,4,5,3,0,0,2,1,2,0,12590.4931161
20213,1129002779,3,1,2,0,1,0,1,1,0,0,0,0,1,0,0,0,1,0,0,1,0,1372.59984558
20213,1129002781,2,2,0,0,0,0,0,1,1,0,0,0,0,1,1,0,0,0,0,0,0,2261.09676806
20213,1129002784,125,123,2,0,2,0,11,40,72,0,1,0,11,39,72,0,1,0,0,1,0,3693.64751755
20213,1129002785,4,2,2,0,0,0,2,2,0,0,0,0,1,1,0,0,0,0,1,1,0,3498.06829637
20213,1129002786,4,1,3,0,0,2,2,0,0,0,0,0,1,0,0,0,0,2,1,0,0,655.826889159
20213,1129002787,2,1,1,0,0,0,0,2,0,0,0,0,0,1,0,0,0,0,0,1,0,2345.73109473
20213,1129002790,3,2,1,0,0,0,2,1,0,0,0,0,1,1,0,0,0,0,1,0,0,1652.94996883
20213,1129002791,8,6,2,0,0,0,3,2,3,0,0,0,2,1,3,0,0,0,1,1,0,2938.08656253
20213,1129002792,126,122,4,0,0,2,16,52,56,0,0,1,14,52,55,0,0,1,2,0,1,6214.95408465
20213,1129002793,41,17,24,0,15,11,4,9,2,0,7,3,2,3,2,0,8,8,2,6,0,6260.91425155
20213,1129002796,5,4,1,0,0,0,2,1,2,0,0,0,2,1,1,0,0,0,0,0,1,2930.33158532
20213,1129002797,2,2,0,0,0,0,0,2,0,0,0,0,0,2,0,0,0,0,0,0,0,1334.1946941
20213,1129002800,120,42,78,0,21,28,28,34,9,0,4,14,13,8,3,0,17,14,15,26,6,12145.2760122
20213,1129002801,6,4,2,0,0,0,2,3,1,0,0,0,1,2,1,0,0,0,1,1,0,5325.02844834
20213,1129002805,46,21,25,0,13,11,12,7,3,0,5,6,6,3,1,0,8,5,6,4,2,2487.99968821
20213,1129002807,4,2,2,0,0,2,0,2,0,0,0,1,0,1,0,0,0,1,0,1,0,1227.61801799
20213,1129002816,12,9,3,0,1,3,3,5,0,0,0,3,2,4,0,0,1,0,1,1,0,1079.26453681
20213,1129002817,2,2,0,0,0,0,2,0,0,0,0,0,2,0,0,0,0,0,0,0,0,726.300693196
20213,1129002819,55,30,25,5,18,10,14,5,3,1,11,7,8,2,1,4,7,3,6,3,2,4943.48173046
20213,1129002823,5,4,1,0,0,1,2,2,0,0,0,0,2,2,0,0,0,1,0,0,0,1760.40886155
20213,1129002832,3,2,1,0,0,0,2,1,0,0,0,0,1,1,0,0,0,0,1,0,0,4964.84332294
20213,1129002834,2,2,0,0,0,0,0,0,2,0,0,0,0,0,2,0,0,0,0,0,0,2475.34126798
20213,1129002837,5,3,2,0,1,0,1,3,0,0,0,0,0,3,0,0,1,0,1,0,0,5796.65856921
20213,1129002840,5,4,1,0,0,1,2,1,1,0,0,1,1,1,1,0,0,0,1,0,0,1827.81869652
20213,1129002842,7,2,5,0,1,3,1,2,0,0,0,1,0,1,0,0,1,2,1,1,0,6284.94124142
20213,1129002851,15,4,11,0,3,0,1,7,4,0,2,0,0,1,1,0,1,0,1,6,3,8720.90612591
20213,1129002852,12,5,7,0,0,2,3,4,3,0,0,2,0,1,2,0,0,0,3,3,1,1698.31759891
20213,1129002853,7,6,1,0,0,1,1,2,3,0,0,1,1,1,3,0,0,0,0,1,0,5516.51261701
20213,1129002854,4,4,0,0,0,1,2,1,0,0,0,1,2,1,0,0,0,0,0,0,0,2710.35363206
20213,1129002858,7,6,1,1,0,2,1,2,1,1,0,2,1,1,1,0,0,0,0,1,0,3073.05659004
20213,1129002859,2,2,0,0,0,0,0,2,0,0,0,0,0,2,0,0,0,0,0,0,0,912.377375488
20213,1129002864,19,0,19,0,6,4,6,3,0,0,0,0,0,0,0,0,6,4,6,3,0,5241.47265617
20213,1129002868,87,36,51,0,32,49,4,0,2,0,4,30,1,0,1,0,28,19,3,0,1,4778.24848515
20213,1129002869,26,19,7,0,1,4,9,12,0,0,1,1,7,10,0,0,0,3,2,2,0,4862.19712695
20213,1129002886,61,26,35,0,6,26,16,10,3,0,3,13,5,2,3,0,3,13,11,8,0,12937.086627
20213,1129002910,3,2,1,0,0,0,2,0,1,0,0,0,1,0,1,0,0,0,1,0,0,2748.40653281
20213,1129002919,4,1,3,0,1,0,1,0,2,0,0,0,0,0,1,0,1,0,1,0,1,5346.90475408
20213,1129002927,2,1,1,0,0,0,0,0,2,0,0,0,0,0,1,0,0,0,0,0,1,2031.61796756
20213,1129002930,11,7,4,0,1,4,4,1,1,0,0,2,3,1,1,0,1,2,1,0,0,2917.91822692
20213,1129002931,99,57,42,0,20,18,34,13,14,0,12,12,16,6,11,0,8,6,18,7,3,5917.60132611
20213,1129002935,5,3,2,0,0,2,0,2,1,0,0,2,0,0,1,0,0,0,0,2,0,2788.91613672
20213,1129002936,8,6,2,0,0,1,0,4,3,0,0,1,0,2,3,0,0,0,0,2,0,4209.43661227
20213,1129002937,9,5,4,0,1,2,2,3,1,0,1,1,2,1,0,0,0,1,0,2,1,3205.47302214
20213,1129002941,27,3,24,0,0,7,7,10,3,0,0,1,0,0,2,0,0,6,7,10,1,9462.01415392
20213,1129002944,8,5,3,0,0,1,2,2,3,0,0,0,1,1,3,0,0,1,1,1,0,2238.99396323
20213,1129002948,67,51,16,0,2,4,23,19,19,0,2,3,19,10,17,0,0,1,4,9,2,2873.86745986
20213,1129002949,10,7,3,0,0,0,3,1,6,0,0,0,1,1,5,0,0,0,2,0,1,3938.87154449
20213,1129002951,40,20,20,0,13,7,8,8,4,0,6,2,3,6,3,0,7,5,5,2,1,5828.0541768
20213,1129002972,2,1,1,0,0,0,0,0,2,0,0,0,0,0,1,0,0,0,0,0,1,2621.12324854
20213,1129002974,155,88,67,0,18,40,27,50,20,0,7,17,14,33,17,0,11,23,13,17,3,3755.62725514
20213,1129002975,33,20,13,0,5,11,12,2,3,0,1,6,10,2,1,0,4,5,2,0,2,5364.05410242
20213,1129002983,1,0,1,0,0,1,0,0,0,0,0,0,0,0,0,0,0,1,0,0,0,3203.53912984
20213,1129002986,7,7,0,0,1,0,3,2,1,0,1,0,3,2,1,0,0,0,0,0,0,1964.76823561
20213,1129002992,2,1,1,0,1,0,1,0,0,0,0,0,1,0,0,0,1,0,0,0,0,3620.09909732
20213,1129003001,2,1,1,0,0,0,2,0,0,0,0,0,1,0,0,0,0,0,1,0,0,1209.95623379
20213,1129003002,28,18,10,0,0,3,8,11,6,0,0,1,2,10,5,0,0,2,6,1,1,3486.72686105
20213,1129003004,4,2,2,0,1,0,1,1,1,0,0,0,1,0,1,0,1,0,0,1,0,3460.20011502
20213,1129003006,1,1,0,0,0,0,0,0,1,0,0,0,0,0,1,0,0,0,0,0,0,1059.83553501
20213,1129003009,6,6,0,0,1,0,3,1,1,0,1,0,3,1,1,0,0,0,0,0,0,1450.63182255
20213,1129003011,16,4,12,0,2,2,7,3,2,0,0,0,3,0,1,0,2,2,4,3,1,3668.58276496
20213,1129003012,2,0,2,0,0,0,0,1,1,0,0,0,0,0,0,0,0,0,0,1,1,3522.87732936
20213,1129003015,3,2,1,0,1,0,1,1,0,0,1,0,1,0,0,0,0,0,0,1,0,9087.93614223
20213,1129003017,28,8,20,0,2,8,8,7,3,0,0,0,1,4,3,0,2,8,7,3,0,1183.50498078
20213,1129003018,136,133,3,0,1,1,12,38,84,0,1,0,10,38,84,0,0,1,2,0,0,2062.31053703
20213,1129003019,10,7,3,0,1,1,6,1,1,0,1,0,4,1,1,0,0,1,2,0,0,4045.47881746
20213,1129003020,2,1,1,0,0,0,2,0,0,0,0,0,1,0,0,0,0,0,1,0,0,1942.32683499
20213,1129003027,20,7,13,0,5,3,3,5,4,0,0,0,1,3,3,0,5,3,2,2,1,8796.2157041
20213,1129003034,8,5,3,0,0,6,2,0,0,0,0,4,1,0,0,0,0,2,1,0,0,2252.69009991
20213,1129003035,10,5,5,0,0,2,5,2,1,0,0,0,2,2,1,0,0,2,3,0,0,3717.01820287
20213,1129003037,24,10,14,0,2,5,9,7,1,0,0,1,3,5,1,0,2,4,6,2,0,3592.73380512
20213,1129003040,7,2,5,0,0,3,2,2,0,0,0,0,0,2,0,0,0,3,2,0,0,1806.45537376
20213,1129003041,32,14,18,0,0,3,8,13,8,0,0,1,4,6,3,0,0,2,4,7,5,1171.40095398
20213,1129003042,38,15,23,2,8,11,8,6,3,0,1,4,2,5,3,2,7,7,6,1,0,3380.26247304
20213,1129003044,33,7,26,1,8,9,4,8,3,0,0,2,0,3,2,1,8,7,4,5,1,4444.42123654
20213,1129003048,3,1,2,0,0,0,1,2,0,0,0,0,0,1,0,0,0,0,1,1,0,2832.81298506
20213,1129003053,13,8,5,0,2,3,3,1,4,0,2,3,1,0,2,0,0,0,2,1,2,4899.77519327
20213,1129003056,55,19,36,0,16,7,16,9,7,0,1,2,6,4,6,0,15,5,10,5,1,9543.35996833
20213,1129003057,266,130,136,2,34,33,57,86,54,1,11,14,27,40,37,1,23,19,30,46,17,3459.89958581
20213,1129003065,1,1,0,0,0,0,0,1,0,0,0,0,0,1,0,0,0,0,0,0,0,3031.1257573
20213,1129003067,116,53,63,1,31,45,23,11,5,0,9,19,15,6,4,1,22,26,8,5,1,1960.73629351
20213,1129003070,6,0,6,0,0,1,4,0,1,0,0,0,0,0,0,0,0,1,4,0,1,5567.76679718
20213,1129003072,65,31,34,0,9,5,17,23,11,0,4,0,9,11,7,0,5,5,8,12,4,4084.44073694
20213,1129003076,3,1,2,0,0,1,0,1,1,0,0,0,0,0,1,0,0,1,0,1,0,3919.40052077
20213,1129003086,14,12,2,0,0,2,3,3,6,0,0,0,3,3,6,0,0,2,0,0,0,3887.31598407
20213,1129003093,25,1,24,0,4,12,6,3,0,0,0,0,1,0,0,0,4,12,5,3,0,3041.20758308
20213,1129003094,3,2,1,0,0,0,3,0,0,0,0,0,2,0,0,0,0,0,1,0,0,8172.03536645
20213,1129003095,7,4,3,0,1,0,3,2,1,0,1,0,1,1,1,0,0,0,2,1,0,3287.98730611
20213,1129003097,23,13,10,0,0,3,5,9,6,0,0,3,3,3,4,0,0,0,2,6,2,3464.49313751
20213,1129003099,3,1,2,0,0,1,2,0,0,0,0,0,1,0,0,0,0,1,1,0,0,2437.33057751
20213,1129003101,6,2,4,0,0,2,2,2,0,0,0,0,1,1,0,0,0,2,1,1,0,2336.92079312
20213,1129003107,6,4,2,0,0,2,2,0,2,0,0,0,2,0,2,0,0,2,0,0,0,7505.19828178
20213,1129003109,12,6,6,0,0,3,3,2,4,0,0,2,0,2,2,0,0,1,3,0,2,18992.0131998
20213,1129003111,2,1,1,0,0,2,0,0,0,0,0,1,0,0,0,0,0,1,0,0,0,4060.99282654
20213,1129003113,18,12,6,0,0,4,10,2,2,0,0,3,7,0,2,0,0,1,3,2,0,2851.67362311
20213,1129003114,3,2,1,0,0,0,1,2,0,0,0,0,1,1,0,0,0,0,0,1,0,4542.76132568
20213,1129003115,41,17,24,0,13,14,12,2,0,0,2,5,8,2,0,0,11,9,4,0,0,2321.60310198
20213,1129003118,2,1,1,0,0,0,0,1,1,0,0,0,0,0,1,0,0,0,0,1,0,8901.25138938
20213,1129003120,8,4,4,0,0,4,4,0,0,0,0,1,3,0,0,0,0,3,1,0,0,2976.72600347
20213,1129003121,27,11,16,0,2,7,8,7,3,0,1,3,3,1,3,0,1,4,5,6,0,7438.25700464
20213,1129003124,21,17,4,0,3,7,4,4,3,0,3,7,2,3,2,0,0,0,2,1,1,3758.3609374
20213,1129003126,20,4,16,0,4,9,1,4,2,0,0,3,0,0,1,0,4,6,1,4,1,10382.2676633
20213,1129003127,12,7,5,0,4,6,1,1,0,0,0,5,1,1,0,0,4,1,0,0,0,8359.50708252
20213,1129003138,7,3,4,0,1,3,3,0,0,0,0,2,1,0,0,0,1,1,2,0,0,3398.92620896
20213,1129003145,22,9,13,0,0,6,7,8,1,0,0,1,1,6,1,0,0,5,6,2,0,18146.0066388
20213,1129003166,14,5,9,0,3,5,3,2,1,0,0,2,1,2,0,0,3,3,2,0,1,1747.5660384
20213,1129003168,3,2,1,0,0,1,0,0,2,0,0,1,0,0,1,0,0,0,0,0,1,3334.32217404
20213,1129003174,171,86,85,0,29,43,52,38,9,0,15,28,26,12,5,0,14,15,26,26,4,4851.09342493
20213,1129003176,6,2,4,0,0,0,1,3,2,0,0,0,0,2,0,0,0,0,1,1,2,181549.710325
20213,1129003179,11,1,10,0,1,1,7,2,0,0,1,0,0,0,0,0,0,1,7,2,0,3261.56125899
20213,1129003182,4,2,2,0,0,1,0,1,2,0,0,0,0,1,1,0,0,1,0,0,1,1980.18975681
20213,1129003189,55,13,42,0,5,15,16,12,7,0,0,2,2,3,6,0,5,13,14,9,1,12230.9123414
20213,1129003190,16,7,9,0,0,2,6,3,5,0,0,1,2,2,2,0,0,1,4,1,3,3942.95807901
20213,1129003193,22,10,12,0,0,3,3,12,4,0,0,0,1,6,3,0,0,3,2,6,1,1670.69693616
20213,1129003196,121,20,101,0,13,36,43,22,7,0,0,6,4,6,4,0,13,30,39,16,3,24379.2435096
20213,1129003197,10,3,7,0,1,2,5,1,1,0,0,2,1,0,0,0,1,0,4,1,1,2403.76775529
20213,1129003198,1,0,1,0,0,0,0,1,0,0,0,0,0,0,0,0,0,0,0,1,0,769.525965648
20213,1129003200,6,6,0,0,0,2,3,1,0,0,0,2,3,1,0,0,0,0,0,0,0,4424.47588641
20213,1129003202,2,1,1,0,0,0,2,0,0,0,0,0,1,0,0,0,0,0,1,0,0,7898.64081648
20213,1129003205,4,4,0,0,0,2,2,0,0,0,0,2,2,0,0,0,0,0,0,0,0,1771.36682709
20213,1129003206,3,2,1,0,0,1,0,2,0,0,0,1,0,1,0,0,0,0,0,1,0,5373.71201391
20213,1129003208,1,1,0,0,0,0,0,0,1,0,0,0,0,0,1,0,0,0,0,0,0,1465.64428187
20213,1129003209,6,5,1,0,0,0,3,3,0,0,0,0,2,3,0,0,0,0,1,0,0,1361.52460671
20213,1129003212,17,8,9,0,0,0,8,6,3,0,0,0,4,2,2,0,0,0,4,4,1,9885.7222336
20213,1129003222,31,19,12,0,5,7,11,4,4,0,3,6,7,2,1,0,2,1,4,2,3,3405.47119231
20213,1129003226,86,43,43,0,14,15,21,22,14,0,5,9,10,12,7,0,9,6,11,10,7,4535.9669593
20213,1129003227,533,183,350,0,153,150,124,77,29,0,34,55,33,33,28,0,119,95,91,44,1,8808.63119494
20213,1129003232,5,2,3,0,1,1,0,1,2,0,1,0,0,0,1,0,0,1,0,1,1,856.310424617
20213,1129003239,33,16,17,0,5,7,10,6,5,0,0,5,4,3,4,0,5,2,6,3,1,23681.685196
20213,1129003245,4,3,1,0,1,0,2,1,0,0,1,0,1,1,0,0,0,0,1,0,0,2856.74893881
20213,1129003249,12,9,3,0,1,3,3,2,3,0,1,1,2,2,3,0,0,2,1,0,0,1993.59907756
20213,1129003251,59,31,28,0,2,10,17,22,8,0,1,5,11,10,4,0,1,5,6,12,4,16240.7449186
20213,1129003252,12,5,7,0,1,3,5,2,1,0,0,1,3,1,0,0,1,2,2,1,1,5033.99382824
20213,1129003253,12,7,5,0,0,0,1,3,8,0,0,0,0,1,6,0,0,0,1,2,2,2129.75096584
20213,1129003256,19,9,10,0,6,6,4,2,1,0,0,5,2,2,0,0,6,1,2,0,1,3204.65340618
20213,1129003259,2,1,1,0,0,0,0,1,1,0,0,0,0,1,0,0,0,0,0,0,1,2732.20612794
20213,1129003260,29,18,11,0,5,1,7,15,1,0,2,1,7,7,1,0,3,0,0,8,0,1707.01936264
20213,1129003263,24,7,17,0,2,9,6,4,3,0,0,3,1,0,3,0,2,6,5,4,0,9576.02661646
20213,1129003264,4,4,0,0,0,0,2,2,0,0,0,0,2,2,0,0,0,0,0,0,0,1866.95626467
20213,1129003266,10,5,5,0,1,1,3,4,1,0,0,1,1,2,1,0,1,0,2,2,0,15326.443464
20213,1129003268,2,1,1,0,0,0,1,0,1,0,0,0,0,0,1,0,0,0,1,0,0,1968.88106601
20213,1129003269,18,3,15,0,2,1,5,9,1,0,1,1,0,1,0,0,1,0,5,8,1,7699.40582463
20213,1129003272,10,6,4,0,2,3,2,1,2,0,1,2,2,0,1,0,1,1,0,1,1,2717.33802711
20213,1129003274,8,3,5,0,0,2,4,2,0,0,0,1,0,2,0,0,0,1,4,0,0,8069.38302156
20213,1129003276,2,1,1,0,0,0,0,0,2,0,0,0,0,0,1,0,0,0,0,0,1,2821.19217976
20213,1129003277,101,98,3,0,1,0,14,42,44,0,1,0,13,41,43,0,0,0,1,1,1,1796.42265556
20213,1129003286,14,10,4,0,0,1,3,6,4,0,0,1,1,4,4,0,0,0,2,2,0,2803.45377912
20213,1129003291,62,14,48,0,16,15,11,16,4,0,6,0,3,1,4,0,10,15,8,15,0,9791.84305715
20213,1129003295,10,7,3,0,0,3,5,1,1,0,0,1,4,1,1,0,0,2,1,0,0,150658.194233
20213,1129003297,23,8,15,0,2,5,6,7,3,0,2,2,2,1,1,0,0,3,4,6,2,9142.43887075
20213,1129003298,25,13,12,0,3,9,3,7,3,0,2,3,1,4,3,0,1,6,2,3,0,153132.017996
20213,1129003301,20,14,6,0,3,1,6,6,4,0,2,0,5,4,3,0,1,1,1,2,1,1986.76351246
20213,1129003304,3,3,0,0,0,2,1,0,0,0,0,2,1,0,0,0,0,0,0,0,0,1672.5735129
20213,1129003306,666,585,81,0,148,331,158,26,3,0,103,307,146,26,3,0,45,24,12,0,0,1713.6508946
20213,1129003307,370,339,31,0,8,32,123,158,49,0,3,30,113,151,42,0,5,2,10,7,7,19495.1816125
20213,1129003308,120,56,64,0,0,6,11,6,97,0,0,3,6,2,45,0,0,3,5,4,52,10581.0911798
20213,1129003310,102,47,55,0,5,39,36,19,3,0,1,12,17,14,3,0,4,27,19,5,0,2770.65655474
20213,1129003312,141,122,19,13,33,39,25,25,6,12,27,34,22,21,6,1,6,5,3,4,0,7673.80725909
20213,1129003313,3,3,0,0,0,0,0,0,3,0,0,0,0,0,3,0,0,0,0,0,0,3708.91559748
20213,1129003315,28,17,11,0,2,6,6,10,4,0,2,3,3,6,3,0,0,3,3,4,1,2017.5094654
20213,1129003316,3,3,0,0,0,1,0,2,0,0,0,1,0,2,0,0,0,0,0,0,0,7841.78248881
20213,1129003318,3,3,0,0,0,1,2,0,0,0,0,1,2,0,0,0,0,0,0,0,0,3548.22422424
20213,1129003322,12,10,2,0,0,1,4,5,2,0,0,1,3,4,2,0,0,0,1,1,0,10755.1635351
20213,1129003324,16,11,5,0,1,2,5,4,4,0,1,2,2,3,3,0,0,0,3,1,1,1769.06303048
20213,1129003327,7,4,3,0,0,0,1,0,6,0,0,0,0,0,4,0,0,0,1,0,2,5166.20165654
20213,1129003328,3,2,1,0,0,1,2,0,0,0,0,0,2,0,0,0,0,1,0,0,0,3729.29810905
20213,1129003329,4,2,2,0,0,0,2,1,1,0,0,0,1,0,1,0,0,0,1,1,0,1848.52853895
20213,1129003331,22,19,3,0,3,4,4,6,5,0,2,3,4,5,5,0,1,1,0,1,0,7748.36793471
20213,1129003332,55,37,18,2,20,10,13,6,4,2,14,8,6,4,3,0,6,2,7,2,1,215719.067956
20213,1129003335,28,12,16,0,1,3,9,12,3,0,0,1,6,4,1,0,1,2,3,8,2,2418.6848547
20213,1129003342,3,1,2,0,0,0,3,0,0,0,0,0,1,0,0,0,0,0,2,0,0,2311.70677967
20213,1129003344,45,37,8,0,4,18,17,3,3,0,4,15,12,3,3,0,0,3,5,0,0,5244.6227638
20213,1129003345,2,1,1,0,0,1,0,1,0,0,0,0,0,1,0,0,0,1,0,0,0,28853.8807185
20213,1129003346,11,6,5,0,0,0,6,4,1,0,0,0,3,2,1,0,0,0,3,2,0,2029.67296716
20213,1129003350,4,1,3,0,1,0,1,0,2,0,0,0,0,0,1,0,1,0,1,0,1,10586.870596
20213,1129003353,3,2,1,0,0,0,0,2,1,0,0,0,0,2,0,0,0,0,0,0,1,461.241539054
20213,1129003354,10,1,9,0,3,1,2,4,0,0,0,0,0,1,0,0,3,1,2,3,0,2251.90633398
20213,1129003359,2,1,1,0,0,0,0,0,2,0,0,0,0,0,1,0,0,0,0,0,1,1821.31091352
20213,1129003364,9,5,4,0,1,2,2,2,2,0,0,2,1,1,1,0,1,0,1,1,1,11256.0176298
20213,1129003367,20,14,6,0,3,2,6,9,0,0,2,2,6,4,0,0,1,0,0,5,0,8646.12487479
20213,1129003374,23,4,19,0,6,5,7,3,2,0,2,1,0,0,1,0,4,4,7,3,1,2200.62430712
20213,1129003382,16,14,2,0,6,4,3,3,0,0,5,4,3,2,0,0,1,0,0,1,0,3529.9245972
20213,1129003383,6,4,2,0,1,1,1,1,2,0,0,1,0,1,2,0,1,0,1,0,0,3301.58478418
20213,1129003386,1,0,1,0,0,0,1,0,0,0,0,0,0,0,0,0,0,0,1,0,0,9178.45469356
20213,1129003387,46,1,45,0,3,5,2,12,24,0,0,0,0,0,1,0,3,5,2,12,23,14015.5105883
20213,1129003389,39,6,33,0,9,7,12,7,4,0,1,2,1,1,1,0,8,5,11,6,3,4351.27532063
20213,1129003396,6,3,3,0,1,2,0,3,0,0,0,1,0,2,0,0,1,1,0,1,0,3011.66059464
20213,1129003398,10,10,0,0,0,3,1,3,3,0,0,3,1,3,3,0,0,0,0,0,0,5080.71253135
20213,1129003399,16,9,7,0,2,3,7,3,1,0,1,2,2,3,1,0,1,1,5,0,0,3711.03540675
20213,1129003402,19,10,9,0,2,3,7,2,5,0,0,2,2,2,4,0,2,1,5,0,1,12604.4376944
20213,1129003403,42,9,33,0,7,18,10,7,0,0,0,7,1,1,0,0,7,11,9,6,0,18062.061525
20213,1129003404,7,1,6,0,2,4,1,0,0,0,0,0,1,0,0,0,2,4,0,0,0,5851.29808174
20213,1129003405,3,2,1,0,0,0,0,2,1,0,0,0,0,1,1,0,0,0,0,1,0,4626.82329492
20213,1129003407,4,2,2,0,1,2,1,0,0,0,0,1,1,0,0,0,1,1,0,0,0,5369.19492692
20213,1129003413,215,79,136,0,76,90,36,9,4,0,22,30,18,6,3,0,54,60,18,3,1,176517.546399
20213,1129003416,13,5,8,0,0,0,2,4,7,0,0,0,1,0,4,0,0,0,1,4,3,43289.3628752
20213,1129003420,2,1,1,0,0,0,1,0,1,0,0,0,0,0,1,0,0,0,1,0,0,5783.34671246
20213,1129003425,7,3,4,0,1,0,1,5,0,0,1,0,0,2,0,0,0,0,1,3,0,13173.9466361
20213,1129003430,9,5,4,0,1,1,0,4,3,0,0,0,0,2,3,0,1,1,0,2,0,11398.3199726
20213,1129003438,6,3,3,0,2,0,0,2,2,0,2,0,0,0,1,0,0,0,0,2,1,5201.4781763
20213,1129003439,7,3,4,0,1,0,0,3,3,0,1,0,0,1,1,0,0,0,0,2,2,3907.40446867
20213,1129003449,95,65,30,0,5,11,27,19,33,0,1,6,14,16,28,0,4,5,13,3,5,187810.655269
20213,1129003454,4,1,3,0,0,1,2,0,1,0,0,0,0,0,1,0,0,1,2,0,0,1635.74900217
20213,1129003458,5,2,3,0,0,0,0,2,3,0,0,0,0,1,1,0,0,0,0,1,2,3125.20783225
20213,1129003459,5,2,3,0,2,2,0,1,0,0,0,1,0,1,0,0,2,1,0,0,0,5154.16300387
20213,1129003461,9,2,7,0,0,4,2,3,0,0,0,0,1,1,0,0,0,4,1,2,0,895.469127812
20213,1129003462,6,5,1,0,2,1,3,0,0,0,2,1,2,0,0,0,0,0,1,0,0,2256.17247661
20213,1129003463,2,1,1,0,0,0,0,0,2,0,0,0,0,0,1,0,0,0,0,0,1,2883.31968909
20213,1129003464,2,1,1,0,0,0,0,2,0,0,0,0,0,1,0,0,0,0,0,1,0,6440.32625528
20213,1129003465,20,4,16,0,8,2,5,4,1,0,1,0,1,2,0,0,7,2,4,2,1,10892.0161003
20213,1129003466,5,3,2,0,0,1,1,2,1,0,0,1,0,1,1,0,0,0,1,1,0,1605.80721062
20213,1129003471,185,147,38,0,1,2,19,73,90,0,0,2,16,64,65,0,1,0,3,9,25,11444.966217
20213,1129003472,9,3,6,0,0,1,6,1,1,0,0,0,2,0,1,0,0,1,4,1,0,4741.68292349
20213,1129003473,6,4,2,0,1,0,1,3,1,0,1,0,1,2,0,0,0,0,0,1,1,7415.77253621
20213,1129003475,28,14,14,0,0,2,10,7,9,0,0,0,4,3,7,0,0,2,6,4,2,15399.1824614
20213,1129003478,9,8,1,0,0,0,2,3,4,0,0,0,1,3,4,0,0,0,1,0,0,2173.44061398
20213,1129003481,4,3,1,0,0,1,2,0,1,0,0,1,1,0,1,0,0,0,1,0,0,2720.8337914
20213,1129003488,12,10,2,0,0,2,5,3,2,0,0,2,3,3,2,0,0,0,2,0,0,2759.1334116
20213,1129003490,64,55,9,0,7,3,9,19,26,0,7,0,7,17,24,0,0,3,2,2,2,5127.06380089
20213,1129003491,5,5,0,0,0,0,1,3,1,0,0,0,1,3,1,0,0,0,0,0,0,3840.8570141
20213,1129003492,14,3,11,0,1,1,7,1,4,0,0,0,0,0,3,0,1,1,7,1,1,4444.62520214
20213,1129003494,54,43,11,0,1,4,13,25,11,0,0,4,10,20,9,0,1,0,3,5,2,10865.6456726
20213,1129003495,1,0,1,0,0,0,0,0,1,0,0,0,0,0,0,0,0,0,0,0,1,7080.28371426
20213,1129003497,43,24,19,0,5,12,12,7,7,0,3,7,4,6,4,0,2,5,8,1,3,12197.3477535
20213,1129003501,50,18,32,0,11,11,7,15,6,0,0,1,3,9,5,0,11,10,4,6,1,9558.81610453
20213,1129003502,3,1,2,0,0,1,1,1,0,0,0,0,0,1,0,0,0,1,1,0,0,2814.81008911
20213,1129003503,9,7,2,0,1,0,3,4,1,0,1,0,2,3,1,0,0,0,1,1,0,4808.585719
20213,1129003504,13,11,2,0,0,1,3,3,6,0,0,1,3,2,5,0,0,0,0,1,1,2850.58247671
20213,1129003505,1,0,1,0,0,0,1,0,0,0,0,0,0,0,0,0,0,0,1,0,0,5077.2057616
20213,1129003507,2,0,2,0,0,0,1,1,0,0,0,0,0,0,0,0,0,0,1,1,0,2091.02593302
20213,1129003512,9,7,2,0,1,0,4,2,2,0,1,0,3,1,2,0,0,0,1,1,0,8231.56905744
20213,1129003516,6,3,3,0,3,1,2,0,0,0,1,1,1,0,0,0,2,0,1,0,0,15508.1357462
20213,1129003518,15,1,14,0,6,2,3,4,0,0,0,0,1,0,0,0,6,2,2,4,0,3969.57837388
20213,1129003529,13,10,3,0,0,4,8,0,1,0,0,3,6,0,1,0,0,1,2,0,0,9025.84763106
20213,1129003532,285,130,155,0,41,53,67,68,56,0,10,24,34,28,34,0,31,29,33,40,22,918.580815296
20213,1129003535,15,13,2,0,0,1,3,7,4,0,0,1,3,6,3,0,0,0,0,1,1,7701.9239029
20213,1129003538,161,38,123,0,14,11,21,59,56,0,8,9,5,11,5,0,6,2,16,48,51,2352.87876807
20213,1129003552,154,119,35,0,15,10,38,66,25,0,0,6,33,57,23,0,15,4,5,9,2,7836.58501461
20213,1129003553,3,3,0,0,3,0,0,0,0,0,3,0,0,0,0,0,0,0,0,0,0,66923.920245
20213,1129003554,11,5,6,0,0,1,1,8,1,0,0,0,0,4,1,0,0,1,1,4,0,3190.56101361
20213,1129003556,32,12,20,0,5,8,9,8,2,0,2,2,4,2,2,0,3,6,5,6,0,5942.08922072
20213,1129003557,2,0,2,0,1,1,0,0,0,0,0,0,0,0,0,0,1,1,0,0,0,11496.5088845
20213,1129003558,6,3,3,0,0,0,0,1,5,0,0,0,0,0,3,0,0,0,0,1,2,3635.4763951
20213,1129003560,4,1,3,2,1,1,0,0,0,0,0,1,0,0,0,2,1,0,0,0,0,4382.42548896
20213,1129003561,4,1,3,0,0,1,2,1,0,0,0,0,0,1,0,0,0,1,2,0,0,10339.5582671
20213,1129003562,9,8,1,0,0,0,1,3,5,0,0,0,1,2,5,0,0,0,0,1,0,2384.24060202
20213,1129003566,2,1,1,0,0,1,0,1,0,0,0,1,0,0,0,0,0,0,0,1,0,4002.07989979
20213,1129003569,3,1,2,0,0,0,2,0,1,0,0,0,1,0,0,0,0,0,1,0,1,3362.24094154
20213,1129003570,7,4,3,0,0,0,2,4,1,0,0,0,0,3,1,0,0,0,2,1,0,4095.43017248
20213,1129003571,68,33,35,0,5,17,16,21,9,0,2,11,7,5,8,0,3,6,9,16,1,2099.64748224
20213,1129003572,7,2,5,0,0,0,2,4,1,0,0,0,1,0,1,0,0,0,1,4,0,11735.0325811
20213,1129003573,210,85,125,0,35,68,46,32,29,0,9,24,17,15,20,0,26,44,29,17,9,1383.15053281
20213,1129003583,2,2,0,0,0,0,0,1,1,0,0,0,0,1,1,0,0,0,0,0,0,9062.71641534
20213,1129003584,24,16,8,0,0,3,12,8,1,0,0,1,9,5,1,0,0,2,3,3,0,7500.91627999
20213,1129003591,5,0,5,0,2,1,1,1,0,0,0,0,0,0,0,0,2,1,1,1,0,35057.7791291
20213,1129003592,4,0,4,0,0,1,3,0,0,0,0,0,0,0,0,0,0,1,3,0,0,2108.21308021
20213,1129003595,6,2,4,0,0,1,1,2,2,0,0,0,1,0,1,0,0,1,0,2,1,10796.8229576
20213,1129003597,3,1,2,0,0,0,1,1,1,0,0,0,0,0,1,0,0,0,1,1,0,66883.6004134
20213,1129003605,21,12,9,0,2,5,5,4,5,0,1,1,2,4,4,0,1,4,3,0,1,14460.250442
20213,1129003609,510,474,36,0,3,51,162,213,81,0,3,47,150,199,75,0,0,4,12,14,6,23371.0695476
20213,1129003612,80,19,61,0,13,21,23,18,5,0,3,2,5,4,5,0,10,19,18,14,0,14747.2569598
20213,1129003617,21,7,14,0,3,12,1,4,1,0,1,4,0,1,1,0,2,8,1,3,0,91824.7350045
20213,1129003622,129,77,52,0,10,36,30,36,17,0,5,23,23,19,7,0,5,13,7,17,10,364030.393388
20213,1129003626,2,1,1,0,0,1,0,1,0,0,0,1,0,0,0,0,0,0,0,1,0,1229.95861833
20213,1129003631,15,12,3,0,1,2,4,5,3,0,0,2,3,5,2,0,1,0,1,0,1,3410.75305058
20213,1129003632,10,0,10,0,1,2,4,1,2,0,0,0,0,0,0,0,1,2,4,1,2,2647.76767072
20213,1129003635,24,12,12,0,0,4,6,10,4,0,0,1,3,6,2,0,0,3,3,4,2,4196.59967382
20213,1129003637,2,1,1,0,0,0,0,1,1,0,0,0,0,0,1,0,0,0,0,1,0,8049.11175236
20213,1129003638,17,12,5,0,0,5,7,4,1,0,0,4,4,4,0,0,0,1,3,0,1,15226.2434879
20213,1129003639,5,3,2,0,0,1,0,0,4,0,0,1,0,0,2,0,0,0,0,0,2,2934.13519498
20213,1129003642,4,4,0,0,0,0,2,1,1,0,0,0,2,1,1,0,0,0,0,0,0,5897.5778106
20213,1129003643,11,1,10,0,1,2,5,2,1,0,0,0,0,0,1,0,1,2,5,2,0,6837.4161208
20213,1129003644,25,19,6,0,4,6,10,5,0,0,2,4,10,3,0,0,2,2,0,2,0,5193.41238891
20213,1129003645,2,1,1,0,0,0,1,1,0,0,0,0,1,0,0,0,0,0,0,1,0,4580.15754293
20213,1129003646,5,1,4,0,0,0,0,2,3,0,0,0,0,0,1,0,0,0,0,2,2,3918.47960485
20213,1129003647,4,3,1,0,0,1,1,0,2,0,0,1,1,0,1,0,0,0,0,0,1,1771.93214574
20213,1129003648,10,3,7,0,0,3,1,2,4,0,0,1,0,1,1,0,0,2,1,1,3,8662.37507444
20213,1129003649,73,17,56,0,10,25,19,17,2,0,2,7,2,4,2,0,8,18,17,13,0,15138.197714
20213,1129003650,2,2,0,0,0,0,1,1,0,0,0,0,1,1,0,0,0,0,0,0,0,3109.9158624
20213,1129003652,16,12,4,0,3,4,5,2,2,0,3,4,3,1,1,0,0,0,2,1,1,3606.45113363
20213,1129003653,11,5,6,0,1,7,0,2,1,0,0,4,0,0,1,0,1,3,0,2,0,4437.25472213
20213,1129003654,299,135,164,0,16,91,127,63,2,0,3,29,57,46,0,0,13,62,70,17,2,4859.55705745
20213,1129003656,21,12,9,0,8,7,4,1,1,0,5,4,2,1,0,0,3,3,2,0,1,11004.0351229
20213,1129003661,1,1,0,0,0,0,0,1,0,0,0,0,0,1,0,0,0,0,0,0,0,70721.8136508
20213,1129003662,226,216,10,0,0,6,55,122,43,0,0,5,50,120,41,0,0,1,5,2,2,6772.06650861
20213,1129003664,23,12,11,0,1,5,4,10,3,0,0,2,2,7,1,0,1,3,2,3,2,7449.32944136
20213,1129003666,5,4,1,0,1,1,1,2,0,0,1,0,1,2,0,0,0,1,0,0,0,1856.63367865
20213,1129003668,3,1,2,0,0,1,0,2,0,0,0,0,0,1,0,0,0,1,0,1,0,3861.22013661
20213,1129003669,5,4,1,0,0,0,0,2,3,0,0,0,0,2,2,0,0,0,0,0,1,11254.8578306
20213,1129003675,7,3,4,0,0,1,3,3,0,0,0,0,2,1,0,0,0,1,1,2,0,8134.38017431
20213,1129003676,6,2,4,0,0,1,2,1,2,0,0,0,0,0,2,0,0,1,2,1,0,2757.3207121
20213,1129003683,43,34,9,0,1,4,18,10,10,0,1,3,11,9,10,0,0,1,7,1,0,32502.5464158
20213,1129003686,12,6,6,0,2,2,1,2,5,0,1,1,0,1,3,0,1,1,1,1,2,3100.33448527
20213,1129003688,2,0,2,0,0,0,0,2,0,0,0,0,0,0,0,0,0,0,0,2,0,2580.03319568
20213,1129003689,12,9,3,0,0,2,4,2,4,0,0,1,3,1,4,0,0,1,1,1,0,4895.55031041
20213,1129003690,28,16,12,0,7,4,9,7,1,0,2,1,7,5,1,0,5,3,2,2,0,7512.16445146
20213,1129003691,16,3,13,0,0,0,2,6,8,0,0,0,0,1,2,0,0,0,2,5,6,2512.19308667
20213,1129003692,93,44,49,0,10,18,35,18,12,0,2,11,16,10,5,0,8,7,19,8,7,1654.19259011
20213,1129003707,104,30,74,0,27,21,31,13,12,0,6,5,12,2,5,0,21,16,19,11,7,3578.19044182
20213,1129003708,3,2,1,0,1,1,1,0,0,0,0,1,1,0,0,0,1,0,0,0,0,4508.21204408
20213,1129003709,7,6,1,1,0,4,1,1,0,1,0,4,1,0,0,0,0,0,0,1,0,2703.26186374
20213,1129003713,2,1,1,0,0,1,0,1,0,0,0,1,0,0,0,0,0,0,0,1,0,3855.67425809
20213,1129003714,4,2,2,0,0,1,2,0,1,0,0,1,1,0,0,0,0,0,1,0,1,3992.61757975
20213,1129003715,7,0,7,0,0,2,5,0,0,0,0,0,0,0,0,0,0,2,5,0,0,2863.81754593
20213,1129003718,7,5,2,0,0,4,0,3,0,0,0,2,0,3,0,0,0,2,0,0,0,2765.49020333
20213,1129003722,14,11,3,0,1,2,5,6,0,0,1,2,4,4,0,0,0,0,1,2,0,6548.44868383
20213,1129003730,22,18,4,0,0,0,7,10,5,0,0,0,7,8,3,0,0,0,0,2,2,4859.02020555
20213,1129003733,1,1,0,0,0,0,1,0,0,0,0,0,1,0,0,0,0,0,0,0,0,1375.8279614
20213,1129003736,2,1,1,0,0,0,2,0,0,0,0,0,1,0,0,0,0,0,1,0,0,1815.04522933
20213,1129003738,1,1,0,0,0,0,1,0,0,0,0,0,1,0,0,0,0,0,0,0,0,972.19093857
20213,1129003741,4,1,3,0,0,2,2,0,0,0,0,0,1,0,0,0,0,2,1,0,0,4936.46713229
20213,1129003742,4,1,3,0,1,0,2,1,0,0,0,0,0,1,0,0,1,0,2,0,0,3731.55817055
20213,1129003743,10,4,6,0,2,3,1,4,0,0,1,2,0,1,0,0,1,1,1,3,0,9426.09054684
20213,1129003747,13,10,3,0,2,1,5,4,1,0,2,1,3,3,1,0,0,0,2,1,0,98983.2011773
20213,1129003749,7,6,1,0,0,1,1,2,3,0,0,1,1,2,2,0,0,0,0,0,1,6088.11954373
20213,1129003752,3,2,1,0,0,0,0,1,2,0,0,0,0,1,1,0,0,0,0,0,1,8476.50519957
20213,1129003753,18227,9407,8820,55,1380,4733,6768,5234,57,12,578,1554,2999,4214,50,43,802,3179,3769,1020,7,2722.10885391
20213,1129003755,51,15,36,0,11,10,19,9,2,0,2,6,4,1,2,0,9,4,15,8,0,5675.39728984
20213,1129003757,2,1,1,0,0,0,2,0,0,0,0,0,1,0,0,0,0,0,1,0,0,3853.97568297
20213,1129003758,37,16,21,0,13,13,7,3,1,0,4,10,1,1,0,0,9,3,6,2,1,7810.12637188
20213,1129003761,17,11,6,0,1,4,6,4,2,0,1,3,2,3,2,0,0,1,4,1,0,4804.4487743
20213,1129003763,2,1,1,0,0,0,0,0,2,0,0,0,0,0,1,0,0,0,0,0,1,2296.15955491
20213,1129003765,11,3,8,0,1,0,5,3,2,0,0,0,2,0,1,0,1,0,3,3,1,4923.71898931
20213,1129003769,5,4,1,0,0,0,0,4,1,0,0,0,0,3,1,0,0,0,0,1,0,1080.53169284
20213,1129003770,2,1,1,0,0,0,0,1,1,0,0,0,0,0,1,0,0,0,0,1,0,1966.90108742
20213,1129003773,66,30,36,0,6,10,11,15,24,0,3,8,5,8,6,0,3,2,6,7,18,13314.3166489
20213,1129003776,17,8,9,0,2,1,3,7,4,0,1,1,2,4,0,0,1,0,1,3,4,1237.35871907
20213,1129003782,2,1,1,0,0,1,1,0,0,0,0,1,0,0,0,0,0,0,1,0,0,1548.99743626
20213,1129003783,7,4,3,0,0,1,2,2,2,0,0,1,1,1,1,0,0,0,1,1,1,3051.7287323
20213,1129003789,4,2,2,0,0,1,0,1,2,0,0,0,0,0,2,0,0,1,0,1,0,5673.86036683
20213,1129003796,7,3,4,0,0,1,4,0,2,0,0,0,1,0,2,0,0,1,3,0,0,12054.9248195
20213,1129003798,95,20,75,0,13,29,33,18,2,0,5,6,2,6,1,0,8,23,31,12,1,4385.2380074
20213,1129003800,28,6,22,0,5,8,6,8,1,0,1,0,2,2,1,0,4,8,4,6,0,5733.59436
20213,1129003804,10,2,8,0,3,3,1,1,2,0,0,1,0,0,1,0,3,2,1,1,1,2957.85152396
20213,1129003805,78,18,60,0,16,15,25,16,6,0,3,3,5,2,5,0,13,12,20,14,1,10312.166553
20213,1129003807,28,3,25,0,8,4,4,8,4,0,1,1,0,0,1,0,7,3,4,8,3,4031.21743756
20213,1129003808,26,17,9,0,13,4,6,2,1,0,11,1,3,1,1,0,2,3,3,1,0,4077.87335975
20213,1129003818,12,6,6,0,1,3,1,2,5,0,0,2,0,1,3,0,1,1,1,1,2,406.991142185
20213,1129003819,3,2,1,0,1,1,1,0,0,0,0,1,1,0,0,0,1,0,0,0,0,2623.44244625
20213,1129003822,8,6,2,0,0,2,1,2,3,0,0,1,1,1,3,0,0,1,0,1,0,9233.31269517
20213,1129003831,213,3,210,0,14,8,35,87,69,0,0,0,1,0,2,0,14,8,34,87,67,8360.25277104
20213,1129003832,3,3,0,0,1,1,1,0,0,0,1,1,1,0,0,0,0,0,0,0,0,8841.87290226
20213,1129003836,4,4,0,0,0,0,1,3,0,0,0,0,1,3,0,0,0,0,0,0,0,3192.73090815
20213,1129003837,8,2,6,0,1,1,1,5,0,0,0,0,0,2,0,0,1,1,1,3,0,3653.93374724
20213,1129003841,16,9,7,0,0,3,5,7,1,0,0,1,3,5,0,0,0,2,2,2,1,5801.40639592
20213,1129003848,247,155,92,1,26,53,56,75,36,0,16,30,34,50,25,1,10,23,22,25,11,4439.32277955
20213,1129003850,8,7,1,0,0,1,2,5,0,0,0,1,1,5,0,0,0,0,1,0,0,3680.25513449
20213,1129003852,66,39,27,1,6,10,13,18,18,0,1,2,9,14,13,1,5,8,4,4,5,4897.45106624
20213,1129003853,18,2,16,0,1,2,11,0,4,0,0,0,0,0,2,0,1,2,11,0,2,51772.1790006
20213,1129003874,12,8,4,0,8,0,1,3,0,0,6,0,1,1,0,0,2,0,0,2,0,2742.85222461
20213,1129003878,477,304,173,2,79,108,113,136,39,0,45,65,68,95,31,2,34,43,45,41,8,2181.72728471
20213,1129003880,45,17,28,0,12,8,2,12,11,0,1,3,2,3,8,0,11,5,0,9,3,4487.40751104
20213,1129003883,16,9,7,0,2,4,5,5,0,0,0,2,5,2,0,0,2,2,0,3,0,2187.00235115
20213,1129003895,45,22,23,0,15,12,15,2,1,0,6,6,10,0,0,0,9,6,5,2,1,8573.68921877
20213,1129003898,444,373,71,0,49,136,113,140,6,0,30,110,93,134,6,0,19,26,20,6,0,6673.68426042
20213,1129003904,11,5,6,0,1,4,4,1,1,0,0,2,2,0,1,0,1,2,2,1,0,1802.43582599
20213,1129003906,257,232,25,0,32,90,55,79,1,0,29,80,48,74,1,0,3,10,7,5,0,3646.97607484
20213,1129003910,4,2,2,0,0,1,1,1,1,0,0,1,1,0,0,0,0,0,0,1,1,3654.51063992
20213,1129003911,187,135,52,2,37,45,51,29,23,0,22,34,40,22,17,2,15,11,11,7,6,1356.87277141
20213,1129003914,66,13,53,1,8,11,22,15,9,0,0,2,3,4,4,1,8,9,19,11,5,6337.81086175
20213,1129003915,2,1,1,0,0,1,0,1,0,0,0,1,0,0,0,0,0,0,0,1,0,3504.52930645
20213,1129003916,7,1,6,0,0,0,2,3,2,0,0,0,0,0,1,0,0,0,2,3,1,2544.18164403
20213,1129003918,2,1,1,0,0,0,0,0,2,0,0,0,0,0,1,0,0,0,0,0,1,3065.12168171
20214,1123000001,120,55,65,0,7,10,27,32,44,0,1,2,14,11,27,0,6,8,13,21,17,4017.03275138
20214,1123000002,6,3,3,0,0,1,0,3,2,0,0,0,0,1,2,0,0,1,0,2,0,4030.88106728
20214,1123000003,5,4,1,0,0,2,2,0,1,0,0,2,1,0,1,0,0,0,1,0,0,2781.85755149
20214,1123000004,764,299,465,2,92,103,227,194,146,0,51,55,53,59,81,2,41,48,174,135,65,3286.03019847
20214,1123000005,113,57,56,0,27,36,24,14,12,0,7,14,16,10,10,0,20,22,8,4,2,6411.81232975
20214,1123000006,8,3,5,0,1,1,2,3,1,0,0,1,0,1,1,0,1,0,2,2,0,1289.78300619
20214,1123000007,8,7,1,0,1,2,1,1,3,0,0,2,1,1,3,0,1,0,0,0,0,4301.33006743
20214,1123000008,24,9,15,0,5,0,6,5,8,0,0,0,2,3,4,0,5,0,4,2,4,3931.99356818
20214,1123000010,3,2,1,0,0,0,2,1,0,0,0,0,1,1,0,0,0,0,1,0,0,946.498084201
20214,1123000012,75,41,34,0,9,14,22,21,9,0,5,10,12,7,7,0,4,4,10,14,2,6062.06191538
20214,1123000013,2,2,0,0,0,1,0,0,1,0,0,1,0,0,1,0,0,0,0,0,0,1035.68562879
20214,1123000014,2,1,1,0,0,0,2,0,0,0,0,0,1,0,0,0,0,0,1,0,0,2203.81881846
20214,1123000015,8,5,3,0,0,1,4,2,1,0,0,0,3,1,1,0,0,1,1,1,0,2393.8773718
20214,1123000017,28,18,10,0,9,12,6,1,0,0,7,9,1,1,0,0,2,3,5,0,0,2824.91954045
20214,1123000018,14,9,5,0,0,0,1,1,12,0,0,0,0,0,9,0,0,0,1,1,3,6616.95583478
20214,1123000020,3,3,0,0,0,2,0,1,0,0,0,2,0,1,0,0,0,0,0,0,0,2175.39408638
20214,1123000021,11,9,2,0,0,0,1,5,5,0,0,0,1,5,3,0,0,0,0,0,2,5430.30601674
20214,1123000022,3058,1155,1903,1,468,643,945,966,35,1,373,482,237,55,7,0,95,161,708,911,28,5528.57732009
20214,1123000023,2,2,0,0,0,0,1,1,0,0,0,0,1,1,0,0,0,0,0,0,0,840.798748147
20214,1123000024,2,1,1,0,0,1,0,1,0,0,0,0,0,1,0,0,0,1,0,0,0,2048.15282661
20214,1123000025,7,1,6,0,0,2,0,4,1,0,0,1,0,0,0,0,0,1,0,4,1,1447.24906033
20214,1123000026,10,8,2,0,0,3,5,1,1,0,0,2,5,1,0,0,0,1,0,0,1,3915.09617768
20214,1123000027,24,19,5,0,0,5,6,7,6,0,0,3,4,6,6,0,0,2,2,1,0,2555.75910236
20214,1123000029,52,37,15,0,1,5,15,11,20,0,0,2,9,7,19,0,1,3,6,4,1,7199.08930214
20214,1123000031,4,3,1,0,0,0,0,1,3,0,0,0,0,1,2,0,0,0,0,0,1,1903.20900952
20214,1123000033,2,2,0,0,0,1,0,0,1,0,0,1,0,0,1,0,0,0,0,0,0,1491.58486878
20214,1123000034,21,18,3,0,5,9,3,3,1,0,4,9,2,3,0,0,1,0,1,0,1,6220.61213951
20214,1123000035,25,17,8,1,0,4,8,5,7,0,0,4,7,2,4,1,0,0,1,3,3,6605.30271984
20214,1123000037,178,111,67,0,5,12,14,13,134,0,0,9,6,5,91,0,5,3,8,8,43,8207.61627371
20214,1123000038,27,20,7,0,11,2,5,5,4,0,8,2,2,4,4,0,3,0,3,1,0,803.762450547
20214,1123000040,387,293,94,1,93,150,74,47,22,0,61,103,65,43,21,1,32,47,9,4,1,8138.33113334
20214,1123000044,1,0,1,0,0,0,1,0,0,0,0,0,0,0,0,0,0,0,1,0,0,2137.75890075
20214,1123000045,83,13,70,0,9,29,27,17,1,0,0,5,5,3,0,0,9,24,22,14,1,15648.5004924
20214,1123000046,5,5,0,0,0,0,0,4,1,0,0,0,0,4,1,0,0,0,0,0,0,1130.86507
20214,1123000048,10,7,3,0,0,1,3,3,3,0,0,1,2,2,2,0,0,0,1,1,1,1083.1532696
20214,1123000054,31,15,16,0,2,8,10,10,1,0,0,6,4,5,0,0,2,2,6,5,1,15357.967654
20214,1123000055,20,13,7,0,0,3,3,5,9,0,0,2,1,4,6,0,0,1,2,1,3,7092.9507577
20214,1123000056,3,2,1,0,0,1,1,0,1,0,0,1,0,0,1,0,0,0,1,0,0,577.232722192
20214,1123000057,42,28,14,1,5,20,4,8,4,0,2,13,2,7,4,1,3,7,2,1,0,3234.22420105
20214,1123000059,2,1,1,0,0,0,0,0,2,0,0,0,0,0,1,0,0,0,0,0,1,4698.91175408
20214,1123000060,42,30,12,0,2,5,6,14,15,0,1,3,4,10,12,0,1,2,2,4,3,5016.86744303
20214,1123000062,46,28,18,0,1,6,14,11,14,0,0,2,8,8,10,0,1,4,6,3,4,4520.76958669
20214,1123000064,11,8,3,0,6,3,2,0,0,0,5,2,1,0,0,0,1,1,1,0,0,2714.33596439
20214,1123000068,12,7,5,0,0,1,6,2,3,0,0,1,3,2,1,0,0,0,3,0,2,2571.36398479
20214,1123000074,9,7,2,0,0,1,5,2,1,0,0,1,4,1,1,0,0,0,1,1,0,5678.60586915
20214,1123000076,8,3,5,0,1,2,2,3,0,0,0,0,1,2,0,0,1,2,1,1,0,1888.01799067
20214,1123000080,12,11,1,0,1,1,5,3,2,0,1,1,4,3,2,0,0,0,1,0,0,4204.1555437
20214,1123000081,2,0,2,0,1,0,1,0,0,0,0,0,0,0,0,0,1,0,1,0,0,1220.34719234
20214,1123000086,35,29,6,0,8,2,13,7,5,0,8,1,10,5,5,0,0,1,3,2,0,6094.20213656
20214,1123000087,31,17,14,0,1,5,13,10,2,0,0,2,7,7,1,0,1,3,6,3,1,6170.24214404
20214,1123000095,97,76,21,0,15,15,13,39,15,0,12,13,10,30,11,0,3,2,3,9,4,6888.55564025
20214,1123000101,3,1,2,0,0,0,0,0,3,0,0,0,0,0,1,0,0,0,0,0,2,3102.44110675
20214,1123000110,4,4,0,0,1,0,0,1,2,0,1,0,0,1,2,0,0,0,0,0,0,5124.86166655
20214,1123000115,15,0,15,0,4,5,1,5,0,0,0,0,0,0,0,0,4,5,1,5,0,1516.72095658
20214,1123000118,2,2,0,0,0,2,0,0,0,0,0,2,0,0,0,0,0,0,0,0,0,3624.99097869
20214,1123000121,7,4,3,0,1,2,2,1,1,0,0,0,2,1,1,0,1,2,0,0,0,3406.21207151
20214,1123000125,10,8,2,0,0,1,1,7,1,0,0,1,1,5,1,0,0,0,0,2,0,6931.85762841
20214,1123000126,35,14,21,0,3,12,10,8,2,0,1,3,6,3,1,0,2,9,4,5,1,3836.44843671
20214,1123000133,38,24,14,0,0,5,15,10,8,0,0,0,9,8,7,0,0,5,6,2,1,2259.47066943
20214,1123000134,3,2,1,0,0,0,0,3,0,0,0,0,0,2,0,0,0,0,0,1,0,3499.19733522
20214,1123000136,2,2,0,0,0,0,1,0,1,0,0,0,1,0,1,0,0,0,0,0,0,1596.34807451
20214,1123000137,34,24,10,0,8,1,9,11,5,0,4,0,6,10,4,0,4,1,3,1,1,2979.24347907
20214,1123000142,8,5,3,0,2,2,2,2,0,0,1,2,1,1,0,0,1,0,1,1,0,5931.98452651
20214,1123000145,41,28,13,0,7,18,13,2,1,0,1,18,7,2,0,0,6,0,6,0,1,2671.59923204
20214,1123000148,15,12,3,0,0,2,7,3,3,0,0,2,6,1,3,0,0,0,1,2,0,4354.43292439
20214,1123000151,2,1,1,0,0,0,1,1,0,0,0,0,0,1,0,0,0,0,1,0,0,3625.53155849
20214,1123000153,2,2,0,0,0,0,0,0,2,0,0,0,0,0,2,0,0,0,0,0,0,4067.70923234
20214,1123000159,64,49,15,3,27,12,5,5,12,3,21,8,2,4,11,0,6,4,3,1,1,4181.10209351
20214,1123000160,8,5,3,0,0,1,2,4,1,0,0,1,1,3,0,0,0,0,1,1,1,4134.06663485
20214,1123000161,9,4,5,0,1,0,4,4,0,0,0,0,3,1,0,0,1,0,1,3,0,4211.32107547
20214,1123000162,50,32,18,0,3,10,9,15,13,0,2,2,4,12,12,0,1,8,5,3,1,3010.23207377
20214,1123000165,3,2,1,0,0,0,0,2,1,0,0,0,0,1,1,0,0,0,0,1,0,3316.38080846
20214,1123000167,13,6,7,0,1,1,4,3,4,0,0,0,0,3,3,0,1,1,4,0,1,4511.13210114
20214,1123000168,40,5,35,0,6,13,9,12,0,0,1,2,0,2,0,0,5,11,9,10,0,9387.61218208
20214,1123000171,3,2,1,0,0,0,3,0,0,0,0,0,2,0,0,0,0,0,1,0,0,6299.9018049
20214,1123000172,53,44,9,0,10,8,20,12,3,0,8,6,15,12,3,0,2,2,5,0,0,4813.26234244
20214,1123000180,23,20,3,0,1,4,14,4,0,0,1,4,11,4,0,0,0,0,3,0,0,2999.47522755
20214,1123000183,105,84,21,0,12,26,40,14,13,0,8,21,31,13,11,0,4,5,9,1,2,7375.44148827
20214,1123000188,128,82,46,0,33,28,19,35,13,0,26,18,10,22,6,0,7,10,9,13,7,10463.6082986
20214,1123000190,1,0,1,0,0,0,1,0,0,0,0,0,0,0,0,0,0,0,1,0,0,2329.28483175
20214,1123000192,34,12,22,0,4,7,11,6,6,0,2,2,3,1,4,0,2,5,8,5,2,13732.0907677
20214,1123000194,19,13,6,0,1,5,6,2,5,0,1,3,4,2,3,0,0,2,2,0,2,2892.15962561
20214,1123000197,10,0,10,0,4,4,1,1,0,0,0,0,0,0,0,0,4,4,1,1,0,1557.20047538
20214,1123000198,2,1,1,0,0,0,1,1,0,0,0,0,1,0,0,0,0,0,0,1,0,1248.0171003
20214,1123000203,2,0,2,0,0,0,2,0,0,0,0,0,0,0,0,0,0,0,2,0,0,2573.41998702
20214,1123000204,2,2,0,0,0,0,0,0,2,0,0,0,0,0,2,0,0,0,0,0,0,4623.78894414
20214,1123000206,48,21,27,0,9,3,10,19,7,0,2,1,1,13,4,0,7,2,9,6,3,10040.5122401
20214,1123000211,220,165,55,0,5,31,40,54,90,0,4,12,26,44,79,0,1,19,14,10,11,9339.31922521
20214,1123000212,8,5,3,0,1,0,2,3,2,0,1,0,1,2,1,0,0,0,1,1,1,1225.44547636
20214,1123000213,20,15,5,0,2,5,2,5,6,0,2,4,2,4,3,0,0,1,0,1,3,1361.05161365
20214,1123000214,75,52,23,1,2,8,22,21,21,0,1,5,16,17,13,1,1,3,6,4,8,9506.07577589
20214,1123000215,8,7,1,0,0,1,3,2,2,0,0,1,2,2,2,0,0,0,1,0,0,1592.80154171
20214,1123000216,28,21,7,0,2,6,9,7,4,0,2,6,7,4,2,0,0,0,2,3,2,4814.16819106
20214,1123000217,7,5,2,0,1,1,3,0,2,0,1,0,2,0,2,0,0,1,1,0,0,956.60642855
20214,1123000218,9,9,0,0,0,2,4,0,3,0,0,2,4,0,3,0,0,0,0,0,0,1529.83558997
20214,1123000219,5,3,2,0,1,2,1,1,0,0,0,2,1,0,0,0,1,0,0,1,0,1074.32345325
20214,1123000220,16,16,0,0,0,7,3,3,3,0,0,7,3,3,3,0,0,0,0,0,0,1245.18242562
20214,1123000221,1098,985,113,18,431,435,151,44,19,18,379,393,143,35,17,0,52,42,8,9,2,12392.3332501
20214,1123000222,26,17,9,0,2,10,4,5,5,0,2,10,2,1,2,0,0,0,2,4,3,3245.18033155
20214,1123000223,6,5,1,0,0,0,4,2,0,0,0,0,3,2,0,0,0,0,1,0,0,2695.61471883
20214,1123000224,17,12,5,0,3,1,7,5,1,0,1,1,6,3,1,0,2,0,1,2,0,2963.33981399
20214,1123000225,216,166,50,1,18,45,60,47,45,1,13,36,48,31,37,0,5,9,12,16,8,19707.8622913
20214,1123000228,351,324,27,1,8,57,154,111,20,1,5,53,138,107,20,0,3,4,16,4,0,9404.49919757
20214,1123000229,2,1,1,0,0,0,0,1,1,0,0,0,0,0,1,0,0,0,0,1,0,1641.22956229
20214,1123000232,3,3,0,0,0,0,0,0,3,0,0,0,0,0,3,0,0,0,0,0,0,2148.40184801
20214,1123000233,20,19,1,0,1,2,7,8,2,0,1,2,7,8,1,0,0,0,0,0,1,3411.02784581
20214,1123000234,17,14,3,0,4,3,2,6,2,0,3,3,1,5,2,0,1,0,1,1,0,2866.74679435
20214,1123000236,115,87,28,0,3,23,35,35,19,0,2,17,28,24,16,0,1,6,7,11,3,3607.98985246
20214,1123000237,13,12,1,0,0,1,4,5,3,0,0,1,4,4,3,0,0,0,0,1,0,1646.85913787
20214,1123000241,2,2,0,0,0,0,0,0,2,0,0,0,0,0,2,0,0,0,0,0,0,445.409192279
20214,1123000242,63,37,26,0,11,15,22,10,5,0,5,7,13,8,4,0,6,8,9,2,1,1345.95386629
20214,1123000245,6,5,1,0,0,0,1,2,3,0,0,0,1,2,2,0,0,0,0,0,1,715.106846907
20214,1123000247,25,14,11,0,3,11,2,4,5,0,1,6,1,1,5,0,2,5,1,3,0,6884.19895901
20214,1123000254,42,27,15,0,4,11,7,14,6,0,2,6,6,9,4,0,2,5,1,5,2,8772.93835973
20214,1123000255,3,2,1,0,0,1,0,0,2,0,0,0,0,0,2,0,0,1,0,0,0,865.097427369
20214,1123000258,7,2,5,0,0,2,5,0,0,0,0,1,1,0,0,0,0,1,4,0,0,3039.18561101
20214,1123000264,2,2,0,0,0,0,2,0,0,0,0,0,2,0,0,0,0,0,0,0,0,4542.37238945
20214,1123000268,4,2,2,0,0,0,1,1,2,0,0,0,0,1,1,0,0,0,1,0,1,3047.33205643
20214,1123000270,4,3,1,0,0,1,2,1,0,0,0,1,1,1,0,0,0,0,1,0,0,2018.08693897
20214,1123000273,3,1,2,0,0,0,1,2,0,0,0,0,1,0,0,0,0,0,0,2,0,1054.94377933
20214,1123000282,22,18,4,0,3,3,5,7,4,0,3,3,4,6,2,0,0,0,1,1,2,3938.34616373
20214,1123000288,2,1,1,0,0,0,0,0,2,0,0,0,0,0,1,0,0,0,0,0,1,1980.02887542
20214,1123000289,3,1,2,0,0,0,0,2,1,0,0,0,0,1,0,0,0,0,0,1,1,668.536327817
20214,1123000291,2,1,1,0,0,1,1,0,0,0,0,1,0,0,0,0,0,0,1,0,0,793.763677092
20214,1123000292,10,4,6,0,0,4,1,5,0,0,0,1,1,2,0,0,0,3,0,3,0,2326.45340104
20214,1123000294,8,1,7,0,0,1,6,0,1,0,0,0,0,0,1,0,0,1,6,0,0,3352.07177196
20214,1123000297,10,0,10,0,1,2,1,5,1,0,0,0,0,0,0,0,1,2,1,5,1,3062.31488374
20214,1123000304,3,1,2,0,0,1,0,2,0,0,0,1,0,0,0,0,0,0,0,2,0,1243.07871428
20214,1123000311,219,138,81,0,5,16,35,64,99,0,3,10,25,41,59,0,2,6,10,23,40,12826.3621649
20214,1123000313,21,7,14,0,5,3,4,8,1,0,1,1,3,1,1,0,4,2,1,7,0,12629.6218867
20214,1123000315,2,2,0,0,0,0,2,0,0,0,0,0,2,0,0,0,0,0,0,0,0,1196.27749514
20214,1123000317,4,4,0,0,0,1,2,1,0,0,0,1,2,1,0,0,0,0,0,0,0,3370.5653296
20214,1123000318,12,8,4,0,1,2,5,2,2,0,1,2,2,1,2,0,0,0,3,1,0,3924.42055462
20214,1123000321,232,135,97,0,28,37,48,66,53,0,18,21,25,36,35,0,10,16,23,30,18,3145.08825278
20214,1123000322,39,18,21,0,9,10,12,6,2,0,2,6,6,4,0,0,7,4,6,2,2,5494.435008
20214,1123000323,225,130,95,4,32,36,51,58,44,3,6,18,32,39,32,1,26,18,19,19,12,2897.72268167
20214,1123000329,18,16,2,0,1,0,8,9,0,0,1,0,6,9,0,0,0,0,2,0,0,1998.48206724
20214,1123000332,3,1,2,0,0,0,3,0,0,0,0,0,1,0,0,0,0,0,2,0,0,3759.87692997
20214,1123000334,1,0,1,0,0,0,0,0,1,0,0,0,0,0,0,0,0,0,0,0,1,6665.12189398
20214,1123000337,36,24,12,0,7,3,8,6,12,0,3,2,5,6,8,0,4,1,3,0,4,7347.94807207
20214,1123000339,6,4,2,0,0,1,2,2,1,0,0,1,1,2,0,0,0,0,1,0,1,5393.1096788
20214,1123000342,26,15,11,0,5,7,3,6,5,0,1,4,2,3,5,0,4,3,1,3,0,3548.83810834
20214,1123000343,5,5,0,0,0,1,0,2,2,0,0,1,0,2,2,0,0,0,0,0,0,2410.66251465
20214,1123000346,34,28,6,2,3,5,6,4,14,2,1,3,4,4,14,0,2,2,2,0,0,2914.34643421
20214,1123000351,24,13,11,0,4,4,7,9,0,0,2,3,3,5,0,0,2,1,4,4,0,6009.65176534
20214,1123000353,2,2,0,0,0,0,0,0,2,0,0,0,0,0,2,0,0,0,0,0,0,4416.74960542
20214,1123000354,11,9,2,0,0,3,4,1,3,0,0,3,2,1,3,0,0,0,2,0,0,7580.06307624
20214,1123000355,11,7,4,0,0,2,2,4,3,0,0,1,1,2,3,0,0,1,1,2,0,2469.91902325
20214,1123000358,3,2,1,0,0,0,2,1,0,0,0,0,2,0,0,0,0,0,0,1,0,1726.38569282
20214,1123000359,19,5,14,0,3,0,7,6,3,0,0,0,0,2,3,0,3,0,7,4,0,7190.05473792
20214,1123000360,73,5,68,0,1,2,4,23,43,0,0,0,0,2,3,0,1,2,4,21,40,4869.81765984
20214,1123000361,3,3,0,0,0,0,0,3,0,0,0,0,0,3,0,0,0,0,0,0,0,4014.57137912
20214,1123000364,136,68,68,0,14,19,27,27,49,0,3,8,5,16,36,0,11,11,22,11,13,6876.32152484
20214,1123000365,8,6,2,0,0,3,2,2,1,0,0,2,2,1,1,0,0,1,0,1,0,5372.32479558
20214,1123000366,23,15,8,0,2,3,5,11,2,0,0,2,2,9,2,0,2,1,3,2,0,4162.11914876
20214,1123000368,6,2,4,0,0,0,1,4,1,0,0,0,0,1,1,0,0,0,1,3,0,2351.50251293
20214,1123000369,10,3,7,0,1,5,2,2,0,0,1,1,0,1,0,0,0,4,2,1,0,4316.36084581
20214,1123000371,2,2,0,0,0,0,2,0,0,0,0,0,2,0,0,0,0,0,0,0,0,1550.74502717
20214,1123000372,6,4,2,0,0,2,0,3,1,0,0,1,0,2,1,0,0,1,0,1,0,1115.26464071
20214,1123000373,9,6,3,0,2,2,1,2,2,0,1,1,1,1,2,0,1,1,0,1,0,4975.55561046
20214,1123000375,41,26,15,0,5,12,18,4,2,0,4,8,10,3,1,0,1,4,8,1,1,2225.89671569
20214,1123000380,3,2,1,0,0,1,2,0,0,0,0,1,1,0,0,0,0,0,1,0,0,4071.00695357
20214,1123000381,18,8,10,0,2,7,1,5,3,0,1,3,1,2,1,0,1,4,0,3,2,7013.37792937
20214,1123000390,72,45,27,2,3,12,23,24,8,1,2,9,14,11,8,1,1,3,9,13,0,3143.25258799
20214,1123000394,82,32,50,2,19,22,19,8,12,2,4,7,8,4,7,0,15,15,11,4,5,6970.93472206
20214,1123000395,29,27,2,0,1,1,5,4,18,0,1,0,4,4,18,0,0,1,1,0,0,1955.64644102
20214,1123000404,2,1,1,0,0,0,1,0,1,0,0,0,1,0,0,0,0,0,0,0,1,1100.26549614
20214,1123000405,9,8,1,0,2,2,3,2,0,0,2,2,2,2,0,0,0,0,1,0,0,3238.00246143
20214,1123000407,167,127,40,0,18,25,42,39,43,0,15,20,34,29,29,0,3,5,8,10,14,5142.13964751
20214,1123000416,26,11,15,0,2,5,11,6,2,0,0,2,6,2,1,0,2,3,5,4,1,2358.77187609
20214,1123000419,1,0,1,0,0,0,1,0,0,0,0,0,0,0,0,0,0,0,1,0,0,5899.06983397
20214,1123000423,26,12,14,1,5,7,6,4,3,0,2,1,5,2,2,1,3,6,1,2,1,80846.9160056
20214,1123000427,5,4,1,0,0,0,0,2,3,0,0,0,0,2,2,0,0,0,0,0,1,4144.48299325
20214,1123000428,4,3,1,0,1,0,1,0,2,0,1,0,0,0,2,0,0,0,1,0,0,2514.57657256
20214,1123000432,66,44,22,1,6,20,14,19,6,1,2,10,8,17,6,0,4,10,6,2,0,8280.65284575
20214,1123000433,16,14,2,0,0,1,3,5,7,0,0,1,3,4,6,0,0,0,0,1,1,2436.63949994
20214,1123000434,5,2,3,0,1,1,0,1,2,0,0,0,0,1,1,0,1,1,0,0,1,2050.92057543
20214,1123000436,425,337,88,8,73,143,142,45,14,2,46,123,125,30,11,6,27,20,17,15,3,16972.1355696
20214,1123000437,203,171,32,1,27,41,36,77,21,1,21,36,29,66,18,0,6,5,7,11,3,7210.75269373
20214,1123000438,29,16,13,0,1,1,4,17,6,0,0,1,3,9,3,0,1,0,1,8,3,4989.62584016
20214,1123000439,4,4,0,0,0,1,1,2,0,0,0,1,1,2,0,0,0,0,0,0,0,2152.19965666
20214,1123000440,6,5,1,0,0,0,1,4,1,0,0,0,1,3,1,0,0,0,0,1,0,1731.8187245
20214,1123000443,5,4,1,0,1,1,0,3,0,0,1,0,0,3,0,0,0,1,0,0,0,2988.77858266
20214,1123000447,16,10,6,0,2,1,6,7,0,0,2,1,2,5,0,0,0,0,4,2,0,2908.54500871
20214,1123000448,7,4,3,0,0,2,3,1,1,0,0,1,2,0,1,0,0,1,1,1,0,853.51796658
20214,1123000450,2,1,1,0,0,0,0,1,1,0,0,0,0,0,1,0,0,0,0,1,0,1195.79720661
20214,1123000454,4,1,3,0,0,0,1,2,1,0,0,0,0,1,0,0,0,0,1,1,1,2146.1138515
20214,1123000457,118,67,51,0,21,22,19,20,36,0,7,13,10,10,27,0,14,9,9,10,9,11178.8074975
20214,1123000458,2,1,1,0,0,0,0,2,0,0,0,0,0,1,0,0,0,0,0,1,0,3221.82682212
20214,1123000459,2,2,0,0,1,0,1,0,0,0,1,0,1,0,0,0,0,0,0,0,0,799.119568551
20214,1123000460,3,1,2,0,0,0,0,1,2,0,0,0,0,0,1,0,0,0,0,1,1,9542.1815697
20214,1123000461,35,24,11,0,6,6,6,10,7,0,1,4,4,10,5,0,5,2,2,0,2,5926.29449319
20214,1123000462,21,17,4,0,0,2,3,9,7,0,0,2,2,7,6,0,0,0,1,2,1,2433.26987734
20214,1123000464,12,5,7,0,0,2,4,5,1,0,0,1,2,2,0,0,0,1,2,3,1,4303.51701822
20214,1123000465,8,7,1,0,1,0,5,0,2,0,1,0,4,0,2,0,0,0,1,0,0,1400.30853031
20214,1123000467,16,13,3,0,0,3,2,3,8,0,0,1,1,3,8,0,0,2,1,0,0,1320.06597028
20214,1123000468,77,58,19,0,6,19,15,22,15,0,4,13,14,14,13,0,2,6,1,8,2,7189.43543783
20214,1123000469,18,15,3,0,1,1,8,5,3,0,1,1,6,4,3,0,0,0,2,1,0,4414.45263074
20214,1123000470,1111,664,447,11,132,99,135,222,512,11,108,71,81,118,275,0,24,28,54,104,237,3949.34350749
20214,1123000472,9,6,3,0,1,4,3,1,0,0,1,3,1,1,0,0,0,1,2,0,0,2634.71533759
20214,1123000473,84,73,11,0,2,9,12,32,29,0,1,5,11,29,27,0,1,4,1,3,2,3108.66796867
20214,1123000474,12,9,3,0,0,1,2,8,1,0,0,1,1,7,0,0,0,0,1,1,1,4981.89738597
20214,1123000475,47,25,22,0,5,7,14,13,8,0,3,5,4,8,5,0,2,2,10,5,3,3133.02543881
20214,1123000480,26,10,16,0,1,2,6,10,7,0,0,1,3,3,3,0,1,1,3,7,4,1601.86981027
20214,1123000486,10,5,5,0,3,1,1,3,2,0,1,1,0,1,2,0,2,0,1,2,0,3329.54903351
20214,1123000487,3,2,1,0,0,0,1,0,2,0,0,0,1,0,1,0,0,0,0,0,1,2778.91643329
20214,1123000488,9,8,1,0,0,0,1,3,5,0,0,0,1,2,5,0,0,0,0,1,0,4935.64771254
20214,1123000489,1,0,1,0,0,1,0,0,0,0,0,0,0,0,0,0,0,1,0,0,0,10553.4898352
20214,1123000490,20,12,8,0,2,3,4,6,5,0,2,2,3,2,3,0,0,1,1,4,2,2577.10429151
20214,1123000492,25,20,5,0,0,3,12,6,4,0,0,2,10,4,4,0,0,1,2,2,0,9511.98057188
20214,1123000498,72,59,13,0,8,11,14,19,20,0,5,9,11,17,17,0,3,2,3,2,3,6570.05535661
20214,1123000501,22,12,10,0,1,5,6,5,5,0,0,1,5,2,4,0,1,4,1,3,1,4448.66788869
20214,1123000503,4,3,1,0,0,0,1,3,0,0,0,0,1,2,0,0,0,0,0,1,0,3128.38591877
20214,1123000504,7,6,1,0,0,0,2,3,2,0,0,0,1,3,2,0,0,0,1,0,0,2190.7864261
20214,1123000505,9,7,2,0,1,1,1,4,2,0,1,1,0,3,2,0,0,0,1,1,0,13294.2598484
20214,1123000507,5,4,1,0,0,0,1,2,2,0,0,0,0,2,2,0,0,0,1,0,0,952.686306164
20214,1123000512,64,38,26,0,13,23,16,8,4,0,3,14,13,5,3,0,10,9,3,3,1,3553.68808835
20214,1123000516,14,10,4,0,2,5,5,2,0,0,1,5,2,2,0,0,1,0,3,0,0,1917.43399775
20214,1123000517,62,48,14,0,0,2,11,23,26,0,0,0,6,18,24,0,0,2,5,5,2,2068.40407842
20214,1123000519,15,11,4,0,1,4,3,5,2,0,1,4,0,4,2,0,0,0,3,1,0,1913.52529964
20214,1123000520,8,7,1,0,0,0,2,4,2,0,0,0,2,3,2,0,0,0,0,1,0,6492.02410893
20214,1123000521,11,7,4,0,0,1,3,0,7,0,0,0,2,0,5,0,0,1,1,0,2,2853.66387992
20214,1123000524,7,0,7,0,2,1,0,2,2,0,0,0,0,0,0,0,2,1,0,2,2,3560.15397671
20214,1123000525,38,28,10,0,3,9,5,8,13,0,1,6,2,8,11,0,2,3,3,0,2,3848.48964201
20214,1123000526,166,99,67,0,18,64,42,24,18,0,3,23,36,21,16,0,15,41,6,3,2,5716.78029794
20214,1123000527,14,8,6,0,3,2,2,4,3,0,3,1,0,1,3,0,0,1,2,3,0,2035.00329444
20214,1123000529,3,3,0,0,0,0,0,2,1,0,0,0,0,2,1,0,0,0,0,0,0,2224.52256163
20214,1123000530,8,7,1,0,0,2,1,4,1,0,0,2,1,3,1,0,0,0,0,1,0,2197.52072203
20214,1123000531,53,44,9,0,5,3,19,16,10,0,5,2,13,15,9,0,0,1,6,1,1,1922.42265679
20214,1123000532,21,14,7,0,1,0,4,12,4,0,1,0,3,7,3,0,0,0,1,5,1,2005.12669396
20214,1123000533,34,17,17,0,1,6,8,14,5,0,1,3,7,3,3,0,0,3,1,11,2,6303.82036938
20214,1123000534,9,4,5,0,0,4,3,2,0,0,0,0,3,1,0,0,0,4,0,1,0,969.415456872
20214,1123000535,9,5,4,0,3,0,4,2,0,0,2,0,2,1,0,0,1,0,2,1,0,3600.84699736
20214,1123000539,16,13,3,0,2,6,2,2,4,0,0,6,2,2,3,0,2,0,0,0,1,1962.13418735
20214,1123000541,3,0,3,0,0,1,1,1,0,0,0,0,0,0,0,0,0,1,1,1,0,3446.23332823
20214,1123000542,6,5,1,1,0,0,3,0,2,1,0,0,2,0,2,0,0,0,1,0,0,21216.7836092
20214,1123000543,9,6,3,0,1,0,4,1,3,0,0,0,2,1,3,0,1,0,2,0,0,11651.5127601
20214,1123000544,6,3,3,0,0,1,3,1,1,0,0,1,1,0,1,0,0,0,2,1,0,1591.94412169
20214,1123000547,11,4,7,0,3,2,1,5,0,0,0,2,1,1,0,0,3,0,0,4,0,2448.82469674
20214,1123000548,15,7,8,0,2,4,3,5,1,0,0,2,1,3,1,0,2,2,2,2,0,2482.52158477
20214,1123000549,4,2,2,0,0,1,0,1,2,0,0,0,0,1,1,0,0,1,0,0,1,1777.54923764
20214,1123000551,4655,1984,2671,6,295,1163,1725,1337,129,1,151,742,691,371,28,5,144,421,1034,966,101,10360.0348741
20214,1123000552,2,1,1,0,0,0,0,2,0,0,0,0,0,1,0,0,0,0,0,1,0,2822.15133736
20214,1123000554,4,3,1,0,0,0,3,1,0,0,0,0,3,0,0,0,0,0,0,1,0,797.064897408
20214,1123000555,89,55,34,0,9,11,27,29,13,0,2,5,18,19,11,0,7,6,9,10,2,3369.23975255
20214,1123000556,40,26,14,0,5,6,14,8,7,0,2,3,9,7,5,0,3,3,5,1,2,9303.72420376
20214,1123000557,9,4,5,0,0,0,1,6,2,0,0,0,0,4,0,0,0,0,1,2,2,2772.82436557
20214,1123000558,27,19,8,0,2,2,12,6,5,0,1,1,7,5,5,0,1,1,5,1,0,2539.3125673
20214,1123000560,11,8,3,0,0,4,3,1,3,0,0,2,3,0,3,0,0,2,0,1,0,2934.61586342
20214,1123000561,6,5,1,0,1,1,2,1,1,0,1,1,2,0,1,0,0,0,0,1,0,1737.6047196
20214,1123000562,3,2,1,0,0,0,1,1,1,0,0,0,1,1,0,0,0,0,0,0,1,1811.24298432
20214,1123000563,2,1,1,0,0,0,0,1,1,0,0,0,0,0,1,0,0,0,0,1,0,2957.4947786
20214,1123000564,24,17,7,0,3,2,8,8,3,0,1,2,5,6,3,0,2,0,3,2,0,2121.6648195
20214,1123000565,56,29,27,0,6,12,13,17,8,0,1,8,6,9,5,0,5,4,7,8,3,4675.14201419
20214,1123000566,12,8,4,0,0,1,7,1,3,0,0,0,5,1,2,0,0,1,2,0,1,2470.47226513
20214,1123000567,18,14,4,0,0,2,5,6,5,0,0,2,3,5,4,0,0,0,2,1,1,2431.47574291
20214,1123000568,88,67,21,2,15,22,22,20,7,0,9,18,17,17,6,2,6,4,5,3,1,2209.02915775
20214,1123000569,20,10,10,0,0,0,4,11,5,0,0,0,1,7,2,0,0,0,3,4,3,4287.90569515
20214,1123000570,2,1,1,0,0,0,0,1,1,0,0,0,0,0,1,0,0,0,0,1,0,2939.5225765
20214,1123000571,4,4,0,0,0,2,2,0,0,0,0,2,2,0,0,0,0,0,0,0,0,1716.47034127
20214,1123000576,40,14,26,0,9,16,6,7,2,0,3,5,4,1,1,0,6,11,2,6,1,3058.24911753
20214,1123000577,21,15,6,0,0,3,4,8,6,0,0,1,4,6,4,0,0,2,0,2,2,1907.65500781
20214,1123000580,33,31,2,0,1,8,18,4,2,0,0,8,17,4,2,0,1,0,1,0,0,2259.46977601
20214,1123000581,48,31,17,0,9,5,13,6,15,0,4,2,7,6,12,0,5,3,6,0,3,10109.4401727
20214,1123000582,7,7,0,0,0,0,1,2,4,0,0,0,1,2,4,0,0,0,0,0,0,1138.96438792
20214,1123000583,26,13,13,0,2,8,4,7,5,0,2,2,1,5,3,0,0,6,3,2,2,6558.03722184
20214,1123000584,6,4,2,0,3,2,0,1,0,0,2,2,0,0,0,0,1,0,0,1,0,988.926394008
20214,1123000585,8,6,2,0,1,1,3,3,0,0,1,1,2,2,0,0,0,0,1,1,0,3607.9552115
20214,1123000587,33,20,13,0,1,10,9,6,7,0,0,5,3,6,6,0,1,5,6,0,1,1691.30119912
20214,1123000588,1951,944,1007,3,231,487,493,608,129,2,94,193,182,389,84,1,137,294,311,219,45,13586.4982094
20214,1123000589,479,159,320,1,97,137,104,56,84,0,11,27,31,29,61,1,86,110,73,27,23,9406.4401534
20214,1123000590,23,10,13,0,2,13,3,5,0,0,1,5,2,2,0,0,1,8,1,3,0,12965.2219511
20214,1123000592,40,22,18,0,2,1,12,17,8,0,2,0,6,11,3,0,0,1,6,6,5,2045.69248671
20214,1123000593,5,3,2,0,0,0,0,4,1,0,0,0,0,3,0,0,0,0,0,1,1,2224.96319264
20214,1123000594,10,8,2,0,3,1,1,1,4,0,2,1,1,1,3,0,1,0,0,0,1,1405.42039128
20214,1123000595,4,2,2,0,0,0,0,0,4,0,0,0,0,0,2,0,0,0,0,0,2,1885.58957413
20214,1123000596,35,11,24,0,2,9,11,8,5,0,1,1,2,5,2,0,1,8,9,3,3,2079.86290593
20214,1123000598,5,4,1,0,1,0,1,2,1,0,0,0,1,2,1,0,1,0,0,0,0,1951.17131422
20214,1123000599,12,9,3,0,0,2,3,2,5,0,0,1,3,2,3,0,0,1,0,0,2,1823.27345438
20214,1123000600,27,12,15,0,2,9,8,5,3,0,1,2,4,3,2,0,1,7,4,2,1,2162.62447898
20214,1123000602,3,1,2,0,0,2,0,0,1,0,0,1,0,0,0,0,0,1,0,0,1,2931.45358807
20214,1123000603,3,1,2,0,3,0,0,0,0,0,1,0,0,0,0,0,2,0,0,0,0,2358.07625861
20214,1123000605,1646,1312,334,1,135,280,466,403,361,1,92,225,408,329,257,0,43,55,58,74,104,4346.21841473
20214,1123000606,4,2,2,0,0,1,1,1,1,0,0,0,0,1,1,0,0,1,1,0,0,3125.15005907
20214,1123000607,2,2,0,0,0,2,0,0,0,0,0,2,0,0,0,0,0,0,0,0,0,3249.3479218
20214,1123000608,27,16,11,0,1,5,10,5,6,0,1,3,4,4,4,0,0,2,6,1,2,2625.83904468
20214,1123000613,16,10,6,0,3,5,2,2,4,0,0,3,2,2,3,0,3,2,0,0,1,1818.15010802
20214,1123000614,2,2,0,0,0,0,0,1,1,0,0,0,0,1,1,0,0,0,0,0,0,3246.01714871
20214,1123000615,11,8,3,1,3,2,0,5,0,1,1,2,0,4,0,0,2,0,0,1,0,1543.17841073
20214,1123000616,329,78,251,0,56,119,75,64,15,0,6,22,21,24,5,0,50,97,54,40,10,7002.64869002
20214,1123000621,3,3,0,0,0,0,0,1,2,0,0,0,0,1,2,0,0,0,0,0,0,1668.83691379
20214,1123000622,920,430,490,0,44,61,113,269,433,0,23,37,66,94,210,0,21,24,47,175,223,8139.28415819
20214,1123000623,1,1,0,0,0,0,0,0,1,0,0,0,0,0,1,0,0,0,0,0,0,3248.84264715
20214,1123000624,27,16,11,0,3,7,10,1,6,0,1,4,6,1,4,0,2,3,4,0,2,4937.56851411
20214,1123000626,26,17,9,0,2,3,5,4,12,0,2,1,3,2,9,0,0,2,2,2,3,3635.86047217
20214,1123000627,94,41,53,0,3,28,36,15,12,0,2,12,15,6,6,0,1,16,21,9,6,8179.49828885
20214,1123000628,15,9,6,0,0,3,4,4,4,0,0,3,0,3,3,0,0,0,4,1,1,3183.56836114
20214,1123000630,4,1,3,0,0,0,0,3,1,0,0,0,0,1,0,0,0,0,0,2,1,4726.51273309
20214,1123000634,19,16,3,0,3,4,5,6,1,0,2,4,3,6,1,0,1,0,2,0,0,2162.78508597
20214,1123000635,27,23,4,0,3,2,7,11,4,0,2,2,6,9,4,0,1,0,1,2,0,2254.37723106
20214,1123000636,9,5,4,0,1,2,2,2,2,0,1,1,1,2,0,0,0,1,1,0,2,2583.12862341
20214,1123000638,3,2,1,0,0,0,2,1,0,0,0,0,1,1,0,0,0,0,1,0,0,4376.3797947
20214,1123000639,37,14,23,0,5,6,13,6,7,0,1,4,3,2,4,0,4,2,10,4,3,5975.26547421
20214,1123000640,2,0,2,0,0,0,1,1,0,0,0,0,0,0,0,0,0,0,1,1,0,2418.28491108
20214,1123000642,539,192,347,1,37,55,61,156,229,0,16,11,21,40,104,1,21,44,40,116,125,9087.70959967
20214,1123000645,7,6,1,0,0,2,4,1,0,0,0,2,3,1,0,0,0,0,1,0,0,1601.23263639
20214,1123000646,5,4,1,0,0,1,4,0,0,0,0,1,3,0,0,0,0,0,1,0,0,1378.44414946
20214,1123000653,274,170,104,2,21,36,73,89,53,0,4,18,45,60,43,2,17,18,28,29,10,8637.43186113
20214,1123000654,39,25,14,0,10,7,6,9,7,0,6,3,3,8,5,0,4,4,3,1,2,6619.07270546
20214,1123000656,13,10,3,0,1,1,4,1,6,0,1,1,3,1,4,0,0,0,1,0,2,2449.27811575
20214,1123000657,14,13,1,0,0,0,4,7,3,0,0,0,4,7,2,0,0,0,0,0,1,1230.53015294
20214,1123000659,6,5,1,0,0,2,1,2,1,0,0,2,0,2,1,0,0,0,1,0,0,6366.2523986
20214,1123000660,1571,1415,156,12,367,530,409,231,22,6,334,479,375,207,14,6,33,51,34,24,8,2911.98424896
20214,1123000661,77,33,44,0,34,35,5,2,1,0,10,17,4,2,0,0,24,18,1,0,1,2518.69245769
20214,1123000662,26,14,12,0,3,7,7,5,4,0,1,4,3,3,3,0,2,3,4,2,1,5277.1018916
20214,1123000664,140,30,110,0,26,70,22,9,13,0,4,9,1,6,10,0,22,61,21,3,3,5699.66764004
20214,1123000665,15,3,12,0,1,4,8,1,1,0,0,2,1,0,0,0,1,2,7,1,1,2503.09760121
20214,1123000666,35,18,17,0,4,6,8,11,6,0,2,2,4,7,3,0,2,4,4,4,3,5564.95403295
20214,1123000667,143,90,53,0,13,20,37,33,40,0,6,6,22,18,38,0,7,14,15,15,2,4317.78726912
20214,1123000669,2,1,1,0,0,0,1,0,1,0,0,0,0,0,1,0,0,0,1,0,0,1884.05125028
20214,1123000670,56,44,12,0,4,15,12,13,12,0,2,12,9,11,10,0,2,3,3,2,2,4668.64406334
20214,1123000671,5,4,1,0,0,0,0,5,0,0,0,0,0,4,0,0,0,0,0,1,0,1747.18607916
20214,1123000672,13,7,6,0,0,0,1,7,5,0,0,0,1,4,2,0,0,0,0,3,3,2895.57394366
20214,1123000674,61,12,49,0,13,9,21,13,5,0,4,1,2,1,4,0,9,8,19,12,1,22176.719608
20214,1123000675,98,40,58,0,7,19,28,22,22,0,2,8,8,11,11,0,5,11,20,11,11,7731.02447436
20214,1123000678,29,18,11,0,0,4,4,15,6,0,0,0,3,10,5,0,0,4,1,5,1,1902.95409476
20214,1123000680,21,14,7,0,2,4,7,6,2,0,1,3,3,6,1,0,1,1,4,0,1,903.699622706
20214,1123000681,3,2,1,0,0,0,1,0,2,0,0,0,1,0,1,0,0,0,0,0,1,5436.58843236
20214,1123000682,11,8,3,0,0,3,3,3,2,0,0,2,2,2,2,0,0,1,1,1,0,5662.97446008
20214,1123000689,15,6,9,0,1,1,4,6,3,0,0,0,1,4,1,0,1,1,3,2,2,3315.67715596
20214,1123000692,2,0,2,0,0,0,2,0,0,0,0,0,0,0,0,0,0,0,2,0,0,4347.51199684
20214,1123000693,4,2,2,0,0,1,0,1,2,0,0,0,0,1,1,0,0,1,0,0,1,1490.47639101
20214,1123000697,11,6,5,0,1,3,1,3,3,0,0,1,0,2,3,0,1,2,1,1,0,3301.47939503
20214,1123000698,2,0,2,0,0,0,0,2,0,0,0,0,0,0,0,0,0,0,0,2,0,699.943944066
20214,1123000704,3,2,1,0,0,1,0,0,2,0,0,1,0,0,1,0,0,0,0,0,1,3082.5145774
20214,1123000707,18,11,7,0,3,5,7,2,1,0,1,2,6,1,1,0,2,3,1,1,0,11145.9383493
20214,1123000710,5,4,1,0,0,1,0,2,2,0,0,0,0,2,2,0,0,1,0,0,0,2036.58428895
20214,1123000715,6,0,6,0,1,1,2,2,0,0,0,0,0,0,0,0,1,1,2,2,0,1539.3655359
20214,1123000717,107,73,34,0,19,19,22,33,14,0,13,14,15,22,9,0,6,5,7,11,5,2914.74706095
20214,1123000718,2,2,0,0,0,0,0,1,1,0,0,0,0,1,1,0,0,0,0,0,0,1772.5989134
20214,1123000719,3,2,1,0,0,0,1,0,2,0,0,0,0,0,2,0,0,0,1,0,0,1984.39986253
20214,1123000720,170,89,81,0,29,64,53,17,7,0,8,34,29,12,6,0,21,30,24,5,1,8968.58069041
20214,1123000721,5,0,5,0,2,0,2,1,0,0,0,0,0,0,0,0,2,0,2,1,0,1360.06184532
20214,1123000725,4,3,1,0,0,1,1,2,0,0,0,1,0,2,0,0,0,0,1,0,0,770.437710314
20214,1123000727,70,57,13,0,4,2,9,8,47,0,4,0,3,4,46,0,0,2,6,4,1,5519.61595065
20214,1123000728,3133,562,2571,1,433,588,566,988,557,0,97,230,171,46,18,1,336,358,395,942,539,2847.02821333
20214,1123000732,13,8,5,0,0,6,5,1,1,0,0,3,5,0,0,0,0,3,0,1,1,2573.09926262
20214,1123000733,3,1,2,0,0,0,2,0,1,0,0,0,0,0,1,0,0,0,2,0,0,5735.67251126
20214,1123000736,93,49,44,0,15,26,22,17,13,0,6,16,14,10,3,0,9,10,8,7,10,9188.41281174
20214,1123000737,4,3,1,0,1,0,1,1,1,0,1,0,1,0,1,0,0,0,0,1,0,5914.93846871
20214,1123000738,129,88,41,0,4,1,6,12,106,0,2,1,3,5,77,0,2,0,3,7,29,3820.80092312
20214,1123000739,25,10,15,0,4,3,3,13,2,0,2,0,1,6,1,0,2,3,2,7,1,8825.02822343
20214,1123000740,9,4,5,0,0,0,2,3,4,0,0,0,1,1,2,0,0,0,1,2,2,3158.56877521
20214,1123000742,1,1,0,0,0,0,0,0,1,0,0,0,0,0,1,0,0,0,0,0,0,4244.76656106
20214,1123000746,40,11,29,0,19,9,5,4,3,0,4,4,1,2,0,0,15,5,4,2,3,3797.5155461
20214,1123000747,4,1,3,0,1,0,3,0,0,0,0,0,1,0,0,0,1,0,2,0,0,4229.15002906
20214,1123000748,1,1,0,0,0,0,0,0,1,0,0,0,0,0,1,0,0,0,0,0,0,6652.09689504
20214,1123000749,116,80,36,0,29,38,20,13,16,0,19,23,14,9,15,0,10,15,6,4,1,4240.11981196
20214,1123000751,198,127,71,0,25,90,22,18,43,0,8,56,17,10,36,0,17,34,5,8,7,4006.09273558
20214,1123000753,27,10,17,1,8,5,4,3,6,0,3,1,1,3,2,1,5,4,3,0,4,3640.99294239
20214,1123000754,6,5,1,0,1,2,1,2,0,0,1,2,0,2,0,0,0,0,1,0,0,3635.66513278
20214,1123000756,282,122,160,0,65,83,57,33,44,0,12,30,19,17,44,0,53,53,38,16,0,4338.63340236
20214,1123000758,108,60,48,0,6,10,16,18,58,0,5,9,12,10,24,0,1,1,4,8,34,4095.62700985
20214,1123000759,5,1,4,0,0,1,1,1,2,0,0,1,0,0,0,0,0,0,1,1,2,2448.02260624
20214,1123000761,554,268,286,3,210,201,94,35,11,1,78,100,48,31,10,2,132,101,46,4,1,6890.23982491
20214,1123000762,15,9,6,0,1,2,5,3,4,0,0,0,3,2,4,0,1,2,2,1,0,16004.2052743
20214,1123000764,9,7,2,0,0,3,2,0,4,0,0,1,2,0,4,0,0,2,0,0,0,4110.25781179
20214,1123000766,2,2,0,0,0,0,2,0,0,0,0,0,2,0,0,0,0,0,0,0,0,1247.24874098
20214,1123000767,20,11,9,0,0,10,8,1,1,0,0,3,6,1,1,0,0,7,2,0,0,1901.15458958
20214,1123000769,9,5,4,0,0,1,2,1,5,0,0,0,0,1,4,0,0,1,2,0,1,2206.66753405
20214,1123000770,55,34,21,0,6,7,21,12,9,0,1,4,14,8,7,0,5,3,7,4,2,11464.3050017
20214,1123000772,3,2,1,0,0,0,0,0,3,0,0,0,0,0,2,0,0,0,0,0,1,4132.53707003
20214,1123000774,16,6,10,0,1,4,6,3,2,0,0,1,2,1,2,0,1,3,4,2,0,2395.23824756
20214,1123000775,1,0,1,0,0,0,0,1,0,0,0,0,0,0,0,0,0,0,0,1,0,7559.6167189
20214,1123000776,14,10,4,0,0,1,5,7,1,0,0,0,3,6,1,0,0,1,2,1,0,4645.15896643
20214,1123000777,5,2,3,0,0,0,0,1,4,0,0,0,0,0,2,0,0,0,0,1,2,4637.37759361
20214,1123000779,6,6,0,0,1,2,2,0,1,0,1,2,2,0,1,0,0,0,0,0,0,3420.31595081
20214,1123000783,10,4,6,0,0,2,4,2,2,0,0,1,0,1,2,0,0,1,4,1,0,2849.07207398
20214,1123000784,24,22,2,0,3,2,10,5,4,0,3,2,9,4,4,0,0,0,1,1,0,9942.58958689
20214,1123000785,28,25,3,0,1,5,10,10,2,0,1,3,9,10,2,0,0,2,1,0,0,3943.49847808
20214,1123000787,8,6,2,0,2,2,0,2,2,0,0,2,0,2,2,0,2,0,0,0,0,2845.04936832
20214,1123000788,16,3,13,0,0,4,6,1,5,0,0,0,0,0,3,0,0,4,6,1,2,2837.51426934
20214,1123000790,7,3,4,0,3,3,0,1,0,0,1,1,0,1,0,0,2,2,0,0,0,7394.77884981
20214,1123000791,4,2,2,0,0,0,2,0,2,0,0,0,0,0,2,0,0,0,2,0,0,6190.17818905
20214,1123000792,210,134,76,0,35,92,39,24,20,0,10,61,26,22,15,0,25,31,13,2,5,3241.68558175
20214,1123000794,4,2,2,0,0,0,1,2,1,0,0,0,0,1,1,0,0,0,1,1,0,5526.98765954
20214,1123000796,3,0,3,0,0,0,2,1,0,0,0,0,0,0,0,0,0,0,2,1,0,2548.54200245
20214,1123000797,13,9,4,0,1,5,6,0,1,0,0,5,3,0,1,0,1,0,3,0,0,8036.97057082
20214,1123000799,90,50,40,0,6,32,22,24,6,0,3,13,14,14,6,0,3,19,8,10,0,35453.1704954
20214,1123000804,2,0,2,0,0,0,0,2,0,0,0,0,0,0,0,0,0,0,0,2,0,6529.5723876
20214,1123000805,1,0,1,0,0,0,0,1,0,0,0,0,0,0,0,0,0,0,0,1,0,8770.34867432
20214,1123000806,2,2,0,0,0,0,0,1,1,0,0,0,0,1,1,0,0,0,0,0,0,3574.87789573
20214,1123000809,5,4,1,0,0,0,2,1,2,0,0,0,1,1,2,0,0,0,1,0,0,4624.25370529
20214,1123000810,4,3,1,0,0,0,0,1,3,0,0,0,0,0,3,0,0,0,0,1,0,1262.72374307
20214,1123000811,4,2,2,0,1,0,1,1,1,0,0,0,1,0,1,0,1,0,0,1,0,1581.86584045
20214,1123000812,74,55,19,0,9,15,19,20,11,0,7,12,14,13,9,0,2,3,5,7,2,3035.88478622
20214,1123000814,13,6,7,0,2,2,4,1,4,0,0,1,3,0,2,0,2,1,1,1,2,6328.78202065
20214,1123000817,2,2,0,0,0,0,0,2,0,0,0,0,0,2,0,0,0,0,0,0,0,3092.94501325
20214,1123000818,7,6,1,0,0,1,0,2,4,0,0,1,0,2,3,0,0,0,0,0,1,11921.0973824
20214,1123000821,7,3,4,0,0,0,1,3,3,0,0,0,0,1,2,0,0,0,1,2,1,6999.5667647
20214,1123000822,24,12,12,0,0,4,10,3,7,0,0,2,3,2,5,0,0,2,7,1,2,6013.87445249
20214,1123000823,8,6,2,0,0,1,3,1,3,0,0,1,1,1,3,0,0,0,2,0,0,2165.13348129
20214,1123000824,1,0,1,0,0,0,1,0,0,0,0,0,0,0,0,0,0,0,1,0,0,2499.86282906
20214,1123000826,15,7,8,0,0,0,2,7,6,0,0,0,2,2,3,0,0,0,0,5,3,4934.16602867
20214,1123000828,4,2,2,0,2,0,1,1,0,0,1,0,0,1,0,0,1,0,1,0,0,2999.95610432
20214,1123000829,9,8,1,0,1,2,1,2,3,0,1,2,1,1,3,0,0,0,0,1,0,10360.8752738
20214,1123000830,22,19,3,0,3,3,8,3,5,0,3,3,6,2,5,0,0,0,2,1,0,7393.05431544
20214,1123000831,16,9,7,0,0,4,5,2,5,0,0,3,1,2,3,0,0,1,4,0,2,2969.82232353
20214,1123000832,13,10,3,0,1,2,1,5,4,0,1,2,1,3,3,0,0,0,0,2,1,595.572774367
20214,1123000833,39,16,23,0,9,7,13,5,5,0,1,7,5,1,2,0,8,0,8,4,3,11952.4452845
20214,1123000834,8,7,1,0,0,0,2,6,0,0,0,0,1,6,0,0,0,0,1,0,0,2598.71345033
20214,1123000835,5,5,0,0,0,0,3,2,0,0,0,0,3,2,0,0,0,0,0,0,0,1111.49576141
20214,1123000836,26,17,9,0,0,5,8,10,3,0,0,3,5,7,2,0,0,2,3,3,1,2788.69944117
20214,1123000837,2,1,1,0,0,0,0,0,2,0,0,0,0,0,1,0,0,0,0,0,1,2386.50490123
20214,1123000838,12,8,4,0,1,4,1,5,1,0,0,3,1,4,0,0,1,1,0,1,1,1206.35704805
20214,1123000840,12,10,2,0,0,1,3,3,5,0,0,1,3,2,4,0,0,0,0,1,1,3559.81870719
20214,1123000841,114,96,18,0,3,16,10,13,72,0,0,7,8,10,71,0,3,9,2,3,1,17054.004377
20214,1123000842,24,23,1,0,3,4,5,8,4,0,2,4,5,8,4,0,1,0,0,0,0,2172.34562805
20214,1123000843,5,3,2,0,1,2,0,0,2,0,0,1,0,0,2,0,1,1,0,0,0,2048.99462376
20214,1123000844,42,31,11,0,5,4,13,12,8,0,4,1,10,9,7,0,1,3,3,3,1,3432.34716877
20214,1123000845,7,3,4,0,2,0,1,3,1,0,0,0,0,2,1,0,2,0,1,1,0,2260.48510389
20214,1123000846,48,17,31,0,9,11,17,6,5,0,1,5,7,2,2,0,8,6,10,4,3,2268.05573689
20214,1123000847,29,23,6,0,2,7,6,4,10,0,2,6,4,2,9,0,0,1,2,2,1,2418.13496029
20214,1123000848,32,22,10,0,2,9,11,7,3,0,0,5,10,6,1,0,2,4,1,1,2,3474.14869826
20214,1123000849,1,1,0,0,0,0,0,1,0,0,0,0,0,1,0,0,0,0,0,0,0,2202.90659378
20214,1123000850,10,6,4,0,2,3,3,2,0,0,1,2,1,2,0,0,1,1,2,0,0,3219.71305901
20214,1123000851,6,1,5,0,0,2,2,1,1,0,0,0,0,1,0,0,0,2,2,0,1,5606.01333844
20214,1123000852,4,4,0,0,0,0,2,0,2,0,0,0,2,0,2,0,0,0,0,0,0,1578.57854434
20214,1123000854,4,1,3,0,1,1,2,0,0,0,0,0,1,0,0,0,1,1,1,0,0,865.51864328
20214,1123000856,4,1,3,0,1,0,0,3,0,0,0,0,0,1,0,0,1,0,0,2,0,2204.64945203
20214,1123000857,10,0,10,0,7,1,1,1,0,0,0,0,0,0,0,0,7,1,1,1,0,3051.58675781
20214,1123000858,120,86,34,1,17,26,35,26,15,0,11,17,23,23,12,1,6,9,12,3,3,2766.90389094
20214,1123000860,107,69,38,0,17,54,13,12,11,0,7,40,9,5,8,0,10,14,4,7,3,8391.36259807
20214,1123000871,6,3,3,0,2,1,1,0,2,0,0,0,1,0,2,0,2,1,0,0,0,6143.96655999
20214,1123000873,14,10,4,0,0,3,3,5,3,0,0,2,2,4,2,0,0,1,1,1,1,3531.93565764
20214,1123000875,1446,334,1112,0,497,549,301,93,6,0,69,150,90,20,5,0,428,399,211,73,1,3194.71731579
20214,1123000877,3,2,1,0,0,1,0,1,1,0,0,1,0,0,1,0,0,0,0,1,0,2928.75373941
20214,1123000878,4,4,0,0,0,0,3,0,1,0,0,0,3,0,1,0,0,0,0,0,0,2378.11521735
20214,1123000879,28,12,16,0,4,2,8,12,2,0,3,2,4,2,1,0,1,0,4,10,1,3399.64835843
20214,1123000880,8,1,7,0,0,2,4,0,2,0,0,0,0,0,1,0,0,2,4,0,1,3422.0005008
20214,1123000882,2,0,2,0,1,0,0,1,0,0,0,0,0,0,0,0,1,0,0,1,0,3512.74773724
20214,1123000883,8,6,2,0,0,1,2,2,3,0,0,1,2,2,1,0,0,0,0,0,2,2125.16655741
20214,1123000887,48,28,20,0,9,15,11,5,8,0,3,8,7,3,7,0,6,7,4,2,1,8606.23512171
20214,1123000889,2,1,1,0,0,0,1,0,1,0,0,0,0,0,1,0,0,0,1,0,0,2234.79247841
20214,1123000892,6,4,2,0,0,0,2,1,3,0,0,0,0,1,3,0,0,0,2,0,0,1482.01424451
20214,1123000896,4,2,2,0,0,0,2,1,1,0,0,0,1,0,1,0,0,0,1,1,0,3852.66229586
20214,1123000899,4,4,0,0,1,1,1,1,0,0,1,1,1,1,0,0,0,0,0,0,0,1424.06439015
20214,1123000900,9,2,7,0,0,3,4,1,1,0,0,1,0,0,1,0,0,2,4,1,0,8449.230904
20214,1123000903,4,2,2,0,0,0,0,2,2,0,0,0,0,1,1,0,0,0,0,1,1,4101.30733984
20214,1123000911,5,3,2,0,1,0,2,1,1,0,0,0,1,1,1,0,1,0,1,0,0,2662.73336807
20214,1123000916,16,13,3,0,5,3,6,1,1,0,3,3,5,1,1,0,2,0,1,0,0,926.997156386
20214,1123000920,37,23,14,0,2,8,19,7,1,0,2,6,11,3,1,0,0,2,8,4,0,1086.18995356
20214,1123000922,4,1,3,0,1,0,1,1,1,0,0,0,1,0,0,0,1,0,0,1,1,2397.62565878
20214,1123000924,7,2,5,0,0,3,2,2,0,0,0,0,0,2,0,0,0,3,2,0,0,3349.21343777
20214,1123000925,64,33,31,0,11,17,13,21,2,0,4,11,9,8,1,0,7,6,4,13,1,3732.67537
20214,1123000933,22,9,13,0,10,1,3,6,2,0,2,0,1,5,1,0,8,1,2,1,1,2075.67256411
20214,1123000934,12,8,4,0,1,1,5,2,3,0,0,0,4,2,2,0,1,1,1,0,1,5033.75205013
20214,1123000935,4,3,1,0,2,0,0,2,0,0,1,0,0,2,0,0,1,0,0,0,0,5658.86112854
20214,1123000938,21,7,14,0,4,5,7,5,0,0,0,1,3,3,0,0,4,4,4,2,0,1822.39100718
20214,1123000940,2,2,0,0,0,0,1,1,0,0,0,0,1,1,0,0,0,0,0,0,0,3083.36377762
20214,1123000942,47,43,4,0,1,7,19,15,5,0,1,5,18,15,4,0,0,2,1,0,1,2469.10378439
20214,1123000944,6,3,3,0,0,1,3,1,1,0,0,1,0,1,1,0,0,0,3,0,0,2541.94115157
20214,1123000949,18,10,8,0,3,10,2,1,2,0,1,4,2,1,2,0,2,6,0,0,0,1253.45301219
20214,1123000954,11,1,10,0,2,0,5,4,0,0,0,0,1,0,0,0,2,0,4,4,0,4708.06271298
20214,1123000957,8,7,1,0,0,0,1,4,3,0,0,0,1,3,3,0,0,0,0,1,0,2804.75312681
20214,1123000958,35,24,11,0,1,7,10,9,8,0,1,3,6,7,7,0,0,4,4,2,1,6868.69509997
20214,1123000960,3,3,0,0,0,0,2,1,0,0,0,0,2,1,0,0,0,0,0,0,0,1899.39653633
20214,1123000961,13,5,8,0,3,4,2,3,1,0,1,0,1,2,1,0,2,4,1,1,0,9874.45124892
20214,1123000969,50,22,28,1,0,5,25,16,3,1,0,3,8,7,3,0,0,2,17,9,0,3966.53727376
20214,1123000974,3,2,1,0,0,0,1,2,0,0,0,0,1,1,0,0,0,0,0,1,0,1212.71752248
20214,1123000975,2,2,0,0,0,0,2,0,0,0,0,0,2,0,0,0,0,0,0,0,0,4277.10327787
20214,1123000978,3,3,0,0,0,1,0,1,1,0,0,1,0,1,1,0,0,0,0,0,0,1836.00903797
20214,1123000979,3,1,2,0,0,0,0,2,1,0,0,0,0,1,0,0,0,0,0,1,1,9758.30407219
20214,1123000980,1,1,0,0,0,0,0,1,0,0,0,0,0,1,0,0,0,0,0,0,0,1117.58018808
20214,1123000983,7,3,4,0,2,2,1,1,1,0,2,1,0,0,0,0,0,1,1,1,1,2366.24545472
20214,1123000984,2,2,0,0,0,0,1,1,0,0,0,0,1,1,0,0,0,0,0,0,0,3077.86066463
20214,1123000990,2,1,1,0,0,0,0,0,2,0,0,0,0,0,1,0,0,0,0,0,1,1305.98708829
20214,1123000995,15,2,13,0,8,1,5,0,1,0,0,0,1,0,1,0,8,1,4,0,0,3073.87166788
20214,1123000999,4,4,0,0,0,1,0,1,2,0,0,1,0,1,2,0,0,0,0,0,0,4074.72198537
20214,1123001000,1,1,0,0,0,0,0,0,1,0,0,0,0,0,1,0,0,0,0,0,0,2394.42581509
20214,1123001002,5,1,4,0,0,0,2,1,2,0,0,0,1,0,0,0,0,0,1,1,2,4405.99332393
20214,1123001005,30,15,15,0,4,5,14,5,2,0,0,3,7,5,0,0,4,2,7,0,2,6633.87725523
20214,1123001006,4,3,1,0,0,1,0,1,2,0,0,1,0,0,2,0,0,0,0,1,0,830.165903969
20214,1123001008,8,7,1,0,0,0,0,5,3,0,0,0,0,4,3,0,0,0,0,1,0,4966.72047992
20214,1123001009,2,2,0,0,2,0,0,0,0,0,2,0,0,0,0,0,0,0,0,0,0,3491.88435607
20214,1123001010,4,2,2,0,0,2,0,2,0,0,0,1,0,1,0,0,0,1,0,1,0,2510.94937435
20214,1123001012,4,2,2,0,0,0,0,3,1,0,0,0,0,1,1,0,0,0,0,2,0,654.762584036
20214,1123001013,2,2,0,0,1,0,1,0,0,0,1,0,1,0,0,0,0,0,0,0,0,2311.56558557
20214,1123001015,17,6,11,0,6,8,1,1,1,0,2,2,0,1,1,0,4,6,1,0,0,1381.14508248
20214,1123001020,4,4,0,0,0,3,1,0,0,0,0,3,1,0,0,0,0,0,0,0,0,3282.08490934
20214,1123001021,7,4,3,0,0,2,3,1,1,0,0,2,2,0,0,0,0,0,1,1,1,2792.34741787
20214,1123001022,702,498,204,0,5,92,243,248,114,0,3,42,152,202,99,0,2,50,91,46,15,75357.7962421
20214,1123001024,2,2,0,0,0,1,1,0,0,0,0,1,1,0,0,0,0,0,0,0,0,1737.81831967
20214,1123001030,3,1,2,0,2,1,0,0,0,0,0,1,0,0,0,0,2,0,0,0,0,2631.50546448
20214,1123001031,15,7,8,0,6,3,6,0,0,0,3,2,2,0,0,0,3,1,4,0,0,2513.51861358
20214,1123001034,3,1,2,0,0,1,1,1,0,0,0,0,0,1,0,0,0,1,1,0,0,2937.58974716
20214,1123001035,6,1,5,0,1,0,3,1,1,0,0,0,1,0,0,0,1,0,2,1,1,2582.97069588
20214,1123001036,14,7,7,0,4,3,3,4,0,0,1,1,2,3,0,0,3,2,1,1,0,86181.752073
20214,1123001038,3,2,1,0,0,1,1,0,1,0,0,1,0,0,1,0,0,0,1,0,0,702.517798597
20214,1123001039,13,9,4,0,1,1,2,3,6,0,0,0,2,2,5,0,1,1,0,1,1,26947.7282141
20214,1123001040,5,3,2,0,0,1,1,3,0,0,0,0,0,3,0,0,0,1,1,0,0,2564.67134806
20214,1123001041,14,5,9,0,0,1,7,6,0,0,0,1,3,1,0,0,0,0,4,5,0,3891.79118463
20214,1123001043,14,8,6,0,0,3,5,3,3,0,0,2,4,1,1,0,0,1,1,2,2,2174.7425155
20214,1123001047,2,1,1,0,0,0,0,2,0,0,0,0,0,1,0,0,0,0,0,1,0,5773.03312329
20214,1123001048,19,13,6,0,1,1,10,4,3,0,0,1,7,3,2,0,1,0,3,1,1,5667.90612722
20214,1123001049,4,3,1,0,0,2,1,1,0,0,0,1,1,1,0,0,0,1,0,0,0,2908.9263683
20214,1123001051,128,40,88,0,7,10,27,30,54,0,0,4,13,5,18,0,7,6,14,25,36,12705.1673298
20214,1123001052,4,1,3,0,0,1,0,2,1,0,0,0,0,0,1,0,0,1,0,2,0,2913.25226694
20214,1123001057,11,5,6,0,1,2,3,3,2,0,0,1,2,1,1,0,1,1,1,2,1,3302.94712939
20214,1123001063,7,4,3,0,1,1,2,2,1,0,0,0,1,2,1,0,1,1,1,0,0,1036.60154414
20214,1123001070,7,6,1,0,4,0,1,2,0,0,3,0,1,2,0,0,1,0,0,0,0,5731.46337646
20214,1123001071,25,10,15,0,6,5,6,6,2,0,0,3,2,4,1,0,6,2,4,2,1,3146.20831367
20214,1123001077,4,2,2,0,0,1,1,1,1,0,0,0,1,1,0,0,0,1,0,0,1,1921.47218633
20214,1123001078,35,18,17,0,3,6,7,13,6,0,1,3,2,8,4,0,2,3,5,5,2,6464.12246345
20214,1123001082,4,4,0,0,0,0,2,1,1,0,0,0,2,1,1,0,0,0,0,0,0,1952.94323736
20214,1123001085,238,127,111,0,35,53,83,51,16,0,11,26,55,25,10,0,24,27,28,26,6,5762.89541679
20214,1123001088,3,3,0,0,0,0,0,0,3,0,0,0,0,0,3,0,0,0,0,0,0,8042.30153718
20214,1123001089,3,1,2,0,0,0,1,1,1,0,0,0,0,0,1,0,0,0,1,1,0,9030.19472157
20214,1123001091,2,1,1,0,0,0,0,1,1,0,0,0,0,0,1,0,0,0,0,1,0,2168.0241135
20214,1123001093,2,1,1,0,0,1,1,0,0,0,0,0,1,0,0,0,0,1,0,0,0,3166.72280181
20214,1123001102,4,3,1,0,1,0,0,2,1,0,1,0,0,1,1,0,0,0,0,1,0,2096.36169548
20214,1123001103,3,1,2,0,0,1,2,0,0,0,0,0,1,0,0,0,0,1,1,0,0,5580.69721502
20214,1123001115,72,36,36,1,28,11,15,4,13,1,14,6,8,2,5,0,14,5,7,2,8,38244.3507977
20214,1123001117,7,5,2,0,2,3,2,0,0,0,1,3,1,0,0,0,1,0,1,0,0,1137.74013892
20214,1123001118,4,3,1,0,1,0,0,3,0,0,0,0,0,3,0,0,1,0,0,0,0,1306.08891639
20214,1123001119,5,2,3,0,1,0,0,1,3,0,0,0,0,0,2,0,1,0,0,1,1,1619.08847219
20214,1123001121,2,2,0,0,0,0,0,0,2,0,0,0,0,0,2,0,0,0,0,0,0,1470.25396391
20214,1123001123,3,1,2,0,1,1,1,0,0,0,0,0,1,0,0,0,1,1,0,0,0,5027.21683106
20214,1123001125,219,69,150,0,41,56,60,47,15,0,8,15,14,20,12,0,33,41,46,27,3,4184.06575642
20214,1123001126,9,7,2,0,0,1,4,3,1,0,0,1,3,2,1,0,0,0,1,1,0,3173.32707008
20214,1123001131,7,3,4,0,0,3,1,2,1,0,0,1,1,1,0,0,0,2,0,1,1,5769.86987865
20214,1123001136,5,5,0,0,0,3,2,0,0,0,0,3,2,0,0,0,0,0,0,0,0,1115.19650562
20214,1123001138,4,4,0,0,0,1,3,0,0,0,0,1,3,0,0,0,0,0,0,0,0,995.522197245
20214,1123001140,2,1,1,0,0,1,0,1,0,0,0,0,0,1,0,0,0,1,0,0,0,2198.20008866
20214,1123001141,10,5,5,0,0,2,2,3,3,0,0,0,1,1,3,0,0,2,1,2,0,2710.43756067
20214,1123001147,4,3,1,0,0,1,0,2,1,0,0,1,0,1,1,0,0,0,0,1,0,2089.71271821
20214,1123001154,58,48,10,0,2,7,13,28,8,0,1,6,9,25,7,0,1,1,4,3,1,3163.5209142
20214,1123001159,9,5,4,0,0,5,1,2,1,0,0,1,1,2,1,0,0,4,0,0,0,615.770390618
20214,1123001164,1,1,0,0,0,0,0,0,1,0,0,0,0,0,1,0,0,0,0,0,0,845.324753447
20214,1123001169,5,4,1,0,1,1,2,1,0,0,0,1,2,1,0,0,1,0,0,0,0,1885.21017967
20214,1123001178,7,6,1,0,1,4,1,0,1,0,1,4,0,0,1,0,0,0,1,0,0,948.704945047
20214,1123001184,6,2,4,0,0,0,1,5,0,0,0,0,0,2,0,0,0,0,1,3,0,1621.91633535
20214,1123001188,3,3,0,0,0,0,0,3,0,0,0,0,0,3,0,0,0,0,0,0,0,4681.36199995
20214,1123001192,6,3,3,0,0,0,1,5,0,0,0,0,0,3,0,0,0,0,1,2,0,1363.00514833
20214,1123001196,6,2,4,0,0,1,0,1,4,0,0,0,0,1,1,0,0,1,0,0,3,2983.07530735
20214,1123001203,3,1,2,0,0,0,1,2,0,0,0,0,1,0,0,0,0,0,0,2,0,3334.59171495
20214,1123001204,25,9,16,0,3,3,8,8,3,0,1,1,1,4,2,0,2,2,7,4,1,5537.27314008
20214,1123001212,912,386,526,2,141,195,202,221,151,1,48,91,84,77,85,1,93,104,118,144,66,3424.08233721
20214,1123001225,4,3,1,0,0,0,3,0,1,0,0,0,3,0,0,0,0,0,0,0,1,1620.38956919
20214,1123001227,1,1,0,0,0,0,1,0,0,0,0,0,1,0,0,0,0,0,0,0,0,2568.4614047
20214,1123001229,9,7,2,0,0,1,2,4,2,0,0,1,2,2,2,0,0,0,0,2,0,2638.75401326
20214,1123001230,11,9,2,0,1,2,5,3,0,0,1,2,4,2,0,0,0,0,1,1,0,2574.61545223
20214,1123001232,2,2,0,0,0,1,0,0,1,0,0,1,0,0,1,0,0,0,0,0,0,4104.49026507
20214,1123001233,124,88,36,0,13,23,29,20,39,0,6,16,17,13,36,0,7,7,12,7,3,4361.97528672
20214,1123001234,4,0,4,0,0,1,2,1,0,0,0,0,0,0,0,0,0,1,2,1,0,2265.87993922
20214,1123001243,7,7,0,0,0,0,2,4,1,0,0,0,2,4,1,0,0,0,0,0,0,412.873694887
20214,1123001247,3,2,1,0,0,0,3,0,0,0,0,0,2,0,0,0,0,0,1,0,0,2593.29276002
20214,1123001251,1,1,0,0,0,0,0,1,0,0,0,0,0,1,0,0,0,0,0,0,0,1806.93515137
20214,1123001252,4,3,1,0,1,0,0,2,1,0,1,0,0,1,1,0,0,0,0,1,0,3972.39225777
20214,1123001262,3,1,2,0,0,0,1,2,0,0,0,0,1,0,0,0,0,0,0,2,0,1388.2020094
20214,1123001265,21,2,19,0,2,5,6,6,2,0,0,0,1,0,1,0,2,5,5,6,1,2131.82584228
20214,1123001266,99,19,80,0,11,27,27,24,10,0,0,3,7,2,7,0,11,24,20,22,3,17231.4819426
20214,1123001269,2,1,1,0,0,0,1,1,0,0,0,0,0,1,0,0,0,0,1,0,0,1705.87460823
20214,1123001271,12,7,5,0,0,3,4,3,2,0,0,2,1,2,2,0,0,1,3,1,0,3031.587709
20214,1123001272,30,18,12,0,5,5,9,9,2,0,5,2,3,6,2,0,0,3,6,3,0,3015.47768558
20214,1123001273,8,5,3,0,1,1,3,3,0,0,0,1,2,2,0,0,1,0,1,1,0,9357.04827425
20214,1123001280,4,2,2,0,0,0,1,2,1,0,0,0,0,2,0,0,0,0,1,0,1,3600.74066953
20214,1123001282,4,0,4,0,1,0,0,3,0,0,0,0,0,0,0,0,1,0,0,3,0,1476.08055255
20214,1123001284,5,1,4,0,3,0,0,2,0,0,0,0,0,1,0,0,3,0,0,1,0,4095.01648466
20214,1123001285,3,1,2,0,1,0,1,1,0,0,0,0,0,1,0,0,1,0,1,0,0,1094.09394927
20214,1123001286,7,2,5,0,0,1,6,0,0,0,0,0,2,0,0,0,0,1,4,0,0,2682.5819701
20214,1123001292,4,2,2,0,2,0,1,0,1,0,2,0,0,0,0,0,0,0,1,0,1,1340.74481648
20214,1123001295,7,4,3,0,0,0,1,4,2,0,0,0,1,1,2,0,0,0,0,3,0,3050.30695554
20214,1123001298,3,0,3,0,1,0,0,2,0,0,0,0,0,0,0,0,1,0,0,2,0,1490.37942704
20214,1123001299,160,94,66,0,20,53,32,39,16,0,5,20,23,34,12,0,15,33,9,5,4,3095.68658882
20214,1123001301,51,43,8,0,2,30,18,1,0,0,2,27,13,1,0,0,0,3,5,0,0,5649.15500544
20214,1123001306,33,11,22,0,7,9,9,4,4,0,1,5,2,1,2,0,6,4,7,3,2,6314.75504802
20214,1123001309,14,11,3,0,2,7,0,3,2,0,1,6,0,2,2,0,1,1,0,1,0,3176.70006711
20214,1123001317,5,4,1,0,0,0,0,1,4,0,0,0,0,1,3,0,0,0,0,0,1,7574.59307796
20214,1123001319,8,7,1,0,2,2,2,2,0,0,2,2,1,2,0,0,0,0,1,0,0,4983.2483172
20214,1123001326,399,226,173,0,43,89,100,103,64,0,17,41,45,74,49,0,26,48,55,29,15,5658.17166803
20214,1123001329,7,2,5,0,3,2,0,2,0,0,0,0,0,2,0,0,3,2,0,0,0,5200.27360612
20214,1123001330,134,129,5,0,1,1,11,56,65,0,0,1,10,53,65,0,1,0,1,3,0,4968.44184638
20214,1123001331,9,8,1,0,0,0,1,2,6,0,0,0,1,2,5,0,0,0,0,0,1,6572.33371418
20214,1123001333,25,23,2,0,0,2,0,2,21,0,0,1,0,1,21,0,0,1,0,1,0,142300.960354
20214,1123001335,71,48,23,0,9,15,19,14,14,0,5,10,13,11,9,0,4,5,6,3,5,14580.2287956
20214,1123001336,163,85,78,0,18,70,44,14,17,0,6,36,24,8,11,0,12,34,20,6,6,13518.2484709
20214,1123001338,72,42,30,1,8,15,13,17,18,1,4,5,7,10,15,0,4,10,6,7,3,14034.7598661
20214,1123001339,20,15,5,0,3,2,6,7,2,0,2,2,4,5,2,0,1,0,2,2,0,3086.2119734
20214,1123001341,135,72,63,3,11,26,38,38,19,3,7,14,20,15,13,0,4,12,18,23,6,14753.5555328
20214,1123001342,84,66,18,0,10,20,27,17,10,0,7,16,22,12,9,0,3,4,5,5,1,4890.27737582
20214,1123001344,111,107,4,0,0,5,17,32,57,0,0,4,15,31,57,0,0,1,2,1,0,10344.9087969
20214,1123001346,153,99,54,0,27,37,40,28,21,0,13,24,24,18,20,0,14,13,16,10,1,14228.9395352
20214,1123001348,18,7,11,0,5,5,3,4,1,0,1,1,2,2,1,0,4,4,1,2,0,1516.73077499
20214,1123001349,40,27,13,0,5,3,9,13,10,0,1,3,6,8,9,0,4,0,3,5,1,6100.05561612
20214,1123001350,524,310,214,0,51,45,36,91,301,0,44,40,32,48,146,0,7,5,4,43,155,7800.16063219
20214,1123001351,139,75,64,0,19,39,31,33,17,0,2,18,19,24,12,0,17,21,12,9,5,13334.0678012
20214,1123001352,48,35,13,0,11,8,11,10,8,0,8,5,8,7,7,0,3,3,3,3,1,5923.45945574
20214,1123001353,438,296,142,2,9,11,28,37,351,0,2,3,15,16,260,2,7,8,13,21,91,7192.62815346
20214,1123001354,12,8,4,0,1,1,3,6,1,0,1,1,1,4,1,0,0,0,2,2,0,1388.96975073
20214,1123001355,8,4,4,0,0,2,2,3,1,0,0,0,1,3,0,0,0,2,1,0,1,2977.99793061
20214,1123001356,69,64,5,0,1,3,8,14,43,0,1,2,6,13,42,0,0,1,2,1,1,3433.71335463
20214,1123001357,10,6,4,0,2,0,3,3,2,0,1,0,2,2,1,0,1,0,1,1,1,5898.85922386
20214,1123001358,52,33,19,0,10,12,18,9,3,0,5,7,12,7,2,0,5,5,6,2,1,8534.43284344
20214,1123001359,10,5,5,0,0,5,4,1,0,0,0,3,2,0,0,0,0,2,2,1,0,3743.21790007
20214,1123001360,4,2,2,0,2,0,0,2,0,0,1,0,0,1,0,0,1,0,0,1,0,1355.34837445
20214,1123001362,56,35,21,0,6,7,8,20,15,0,1,3,4,16,11,0,5,4,4,4,4,6518.33570488
20214,1123001365,516,416,100,0,145,141,122,55,53,0,119,123,94,35,45,0,26,18,28,20,8,14057.3660987
20214,1123001366,4,1,3,0,0,1,0,1,2,0,0,0,0,0,1,0,0,1,0,1,1,343.514960473
20214,1123001367,58,44,14,0,3,6,16,8,25,0,2,3,7,8,24,0,1,3,9,0,1,7875.80489619
20214,1123001368,38,18,20,0,3,5,10,15,5,0,0,2,5,10,1,0,3,3,5,5,4,7981.48969243
20214,1123001371,9,8,1,0,0,0,5,2,2,0,0,0,5,2,1,0,0,0,0,0,1,3789.31894149
20214,1123001372,83,45,38,0,10,26,26,15,6,0,7,10,16,11,1,0,3,16,10,4,5,7544.30183205
20214,1123001373,2,2,0,0,0,0,0,1,1,0,0,0,0,1,1,0,0,0,0,0,0,267.986559413
20214,1123001374,25,17,8,0,5,5,3,6,6,0,3,4,2,4,4,0,2,1,1,2,2,3448.47641737
20214,1123001375,416,298,118,6,31,74,106,78,121,5,11,44,71,62,105,1,20,30,35,16,16,14113.5126472
20214,1123001376,10,6,4,0,0,0,1,4,5,0,0,0,0,2,4,0,0,0,1,2,1,5273.24260925
20214,1123001377,6,6,0,0,0,2,0,1,3,0,0,2,0,1,3,0,0,0,0,0,0,2621.53512107
20214,1123001379,10,6,4,0,0,2,2,4,2,0,0,0,1,3,2,0,0,2,1,1,0,5566.7657525
20214,1123001381,18,14,4,0,0,1,8,4,5,0,0,1,6,3,4,0,0,0,2,1,1,4734.4584569
20214,1123001384,13,3,10,0,6,3,2,1,1,0,0,1,2,0,0,0,6,2,0,1,1,5199.24676573
20214,1123001385,139,75,64,0,14,30,44,33,18,0,4,15,25,18,13,0,10,15,19,15,5,8042.37328887
20214,1123001386,18,11,7,0,1,2,8,4,3,0,1,2,4,2,2,0,0,0,4,2,1,2931.89741529
20214,1123001388,25,13,12,0,3,2,4,15,1,0,2,1,0,9,1,0,1,1,4,6,0,6419.41771923
20214,1123001389,15,10,5,0,0,3,3,5,4,0,0,1,2,3,4,0,0,2,1,2,0,5354.60233294
20214,1123001391,271,249,22,0,22,94,72,80,3,0,18,87,67,76,1,0,4,7,5,4,2,5470.59872095
20214,1123001392,38,9,29,0,17,5,4,8,4,0,0,3,1,3,2,0,17,2,3,5,2,6654.32879763
20214,1123001393,44,32,12,0,12,6,11,8,7,0,9,4,8,5,6,0,3,2,3,3,1,6374.30314091
20214,1123001397,24,14,10,0,5,5,5,8,1,0,5,2,4,2,1,0,0,3,1,6,0,6525.81560154
20214,1123001398,7,3,4,0,1,3,0,2,1,0,0,2,0,0,1,0,1,1,0,2,0,4536.20935954
20214,1123001399,10,4,6,0,0,1,4,5,0,0,0,0,1,3,0,0,0,1,3,2,0,6474.82609417
20214,1123001400,6,5,1,0,0,1,1,2,2,0,0,1,0,2,2,0,0,0,1,0,0,11320.3183701
20214,1123001401,27,5,22,0,2,5,7,7,6,0,0,0,0,0,5,0,2,5,7,7,1,15122.9864546
20214,1123001402,3,2,1,0,0,1,1,0,1,0,0,1,0,0,1,0,0,0,1,0,0,3221.89739034
20214,1123001403,38,23,15,0,2,8,11,7,10,0,1,3,8,3,8,0,1,5,3,4,2,4867.70086789
20214,1123001404,18,16,2,0,2,5,5,5,1,0,2,5,5,3,1,0,0,0,0,2,0,1810.52620531
20214,1123001405,72,35,37,0,23,14,16,12,7,0,9,10,6,6,4,0,14,4,10,6,3,5917.4011449
20214,1123001406,10,9,1,0,0,0,1,7,2,0,0,0,1,6,2,0,0,0,0,1,0,6501.7530575
20214,1123001407,16,13,3,0,1,4,7,3,1,0,0,3,7,2,1,0,1,1,0,1,0,6368.72709123
20214,1123001408,25,12,13,0,6,5,7,4,3,0,2,2,3,2,3,0,4,3,4,2,0,1000.0890138
20214,1123001409,2,2,0,0,0,0,1,0,1,0,0,0,1,0,1,0,0,0,0,0,0,1020.5928757
20214,1123001411,7,7,0,0,1,0,1,1,4,0,1,0,1,1,4,0,0,0,0,0,0,2523.75545318
20214,1123001413,100,75,25,0,6,33,28,15,18,0,1,26,23,11,14,0,5,7,5,4,4,11519.4560242
20214,1123001414,2,2,0,0,0,0,0,0,2,0,0,0,0,0,2,0,0,0,0,0,0,1137.48089262
20214,1123001416,5,2,3,0,0,1,2,1,1,0,0,0,1,0,1,0,0,1,1,1,0,3778.67687162
20214,1123001417,181,143,38,1,56,42,37,31,14,0,43,32,32,26,10,1,13,10,5,5,4,7514.87708392
20214,1123001419,10,8,2,0,0,1,0,5,4,0,0,0,0,5,3,0,0,1,0,0,1,9775.13424425
20214,1123001421,14,4,10,0,3,3,2,5,1,0,1,1,1,0,1,0,2,2,1,5,0,6014.44502704
20214,1123001422,2,2,0,0,0,0,2,0,0,0,0,0,2,0,0,0,0,0,0,0,0,1880.3633536
20214,1123001424,101,99,2,0,1,0,8,42,50,0,1,0,8,40,50,0,0,0,0,2,0,4932.16320077
20214,1123001425,147,79,68,0,31,51,22,21,22,0,12,28,12,12,15,0,19,23,10,9,7,13280.7704614
20214,1123001426,13,10,3,0,0,3,5,4,1,0,0,3,4,2,1,0,0,0,1,2,0,5658.04577768
20214,1123001427,21,9,12,0,3,6,3,3,6,0,0,3,0,1,5,0,3,3,3,2,1,3280.33657303
20214,1123001429,15,11,4,0,0,6,3,3,3,0,0,4,2,2,3,0,0,2,1,1,0,5682.75460762
20214,1123001431,3,2,1,0,0,0,1,1,1,0,0,0,1,1,0,0,0,0,0,0,1,1921.24713238
20214,1123001433,5,5,0,0,0,1,2,2,0,0,0,1,2,2,0,0,0,0,0,0,0,5496.50228721
20214,1123001434,68,43,25,0,11,21,14,11,11,0,3,13,9,8,10,0,8,8,5,3,1,5145.44003317
20214,1123001437,8,6,2,0,1,0,1,2,4,0,0,0,1,2,3,0,1,0,0,0,1,2326.9723399
20214,1123001440,20,14,6,0,0,3,5,7,5,0,0,1,4,6,3,0,0,2,1,1,2,7213.35894654
20214,1123001441,3,1,2,0,0,1,0,1,1,0,0,0,0,0,1,0,0,1,0,1,0,1457.86495565
20214,1123001442,38,17,21,0,1,4,3,22,8,0,0,1,2,11,3,0,1,3,1,11,5,4977.86546705
20214,1123001443,24,6,18,0,2,7,7,3,5,0,0,1,1,1,3,0,2,6,6,2,2,4730.21808241
20214,1123001444,96,13,83,0,7,19,34,30,6,0,1,3,2,2,5,0,6,16,32,28,1,13746.4756124
20214,1123001445,5,4,1,0,0,0,2,3,0,0,0,0,2,2,0,0,0,0,0,1,0,2480.22846466
20214,1123001448,3,2,1,0,0,1,0,0,2,0,0,0,0,0,2,0,0,1,0,0,0,4354.47016014
20214,1123001450,4,4,0,0,0,2,0,2,0,0,0,2,0,2,0,0,0,0,0,0,0,3045.99398529
20214,1123001451,2,1,1,0,0,1,0,0,1,0,0,1,0,0,0,0,0,0,0,0,1,4503.51955396
20214,1123001452,103,52,51,0,22,31,23,16,11,0,9,14,12,7,10,0,13,17,11,9,1,5180.56802312
20214,1123001453,11,10,1,0,2,2,3,3,1,0,2,1,3,3,1,0,0,1,0,0,0,2969.74191804
20214,1123001454,2,2,0,0,0,1,0,1,0,0,0,1,0,1,0,0,0,0,0,0,0,1674.43272639
20214,1123001455,24,12,12,0,2,1,7,9,5,0,2,1,3,5,1,0,0,0,4,4,4,6837.64911032
20214,1123001456,164,148,16,0,26,35,45,37,21,0,19,31,44,34,20,0,7,4,1,3,1,5126.12306402
20214,1123001459,3,3,0,0,0,0,1,1,1,0,0,0,1,1,1,0,0,0,0,0,0,2630.20227803
20214,1123001460,9,6,3,0,0,1,7,0,1,0,0,1,4,0,1,0,0,0,3,0,0,1541.02592783
20214,1123001462,122,65,57,0,9,20,35,36,22,0,6,10,17,20,12,0,3,10,18,16,10,3894.32687889
20214,1123001464,5,4,1,0,2,0,1,1,1,0,2,0,1,1,0,0,0,0,0,0,1,8432.94970331
20214,1123001465,46,11,35,0,9,14,8,13,2,0,2,3,1,4,1,0,7,11,7,9,1,18246.4413529
20214,1123001467,21,9,12,0,0,0,4,10,7,0,0,0,2,5,2,0,0,0,2,5,5,4736.76092528
20214,1123001473,126,91,35,0,21,31,31,26,17,0,16,18,22,20,15,0,5,13,9,6,2,2709.17188854
20214,1123001474,59,30,29,0,3,12,28,10,6,0,3,9,14,1,3,0,0,3,14,9,3,8476.88203593
20214,1123001476,5,4,1,0,1,1,1,1,1,0,1,0,1,1,1,0,0,1,0,0,0,7063.28036857
20214,1123001477,13,9,4,0,2,1,4,4,2,0,1,0,4,2,2,0,1,1,0,2,0,6953.99217491
20214,1123001479,10,9,1,0,0,1,5,3,1,0,0,0,5,3,1,0,0,1,0,0,0,6990.62090556
20214,1123001480,23,11,12,0,0,3,4,11,5,0,0,1,2,6,2,0,0,2,2,5,3,7085.04358612
20214,1123001481,57,35,22,0,6,17,15,13,6,0,1,13,10,8,3,0,5,4,5,5,3,8895.96901651
20214,1123001482,60,33,27,0,5,11,14,23,7,0,3,8,6,10,6,0,2,3,8,13,1,6110.90501105
20214,1123001483,27,12,15,0,3,5,9,10,0,0,2,4,2,4,0,0,1,1,7,6,0,6160.22952037
20214,1123001484,47,31,16,2,10,14,10,9,2,2,7,5,7,8,2,0,3,9,3,1,0,3076.36896317
20214,1123001486,7,3,4,0,0,0,2,2,3,0,0,0,0,1,2,0,0,0,2,1,1,5359.76878647
20214,1123001487,11,10,1,0,1,1,3,3,3,0,1,1,2,3,3,0,0,0,1,0,0,3386.07192793
20214,1123001488,7,4,3,0,0,1,6,0,0,0,0,0,4,0,0,0,0,1,2,0,0,3019.7420794
20214,1123001489,15,11,4,0,4,5,4,1,1,0,3,3,3,1,1,0,1,2,1,0,0,3187.30133804
20214,1123001491,16,6,10,0,3,5,3,4,1,0,0,2,1,2,1,0,3,3,2,2,0,25154.3285933
20214,1123001493,2,2,0,0,1,0,0,1,0,0,1,0,0,1,0,0,0,0,0,0,0,3174.20676325
20214,1123001494,92,25,67,0,13,15,16,22,26,0,4,9,6,2,4,0,9,6,10,20,22,7379.14624136
20214,1123001497,6,6,0,0,0,0,3,2,1,0,0,0,3,2,1,0,0,0,0,0,0,2817.87552365
20214,1123001498,16,1,15,0,5,3,2,4,2,0,0,0,0,0,1,0,5,3,2,4,1,1808.47977986
20214,1123001499,6,4,2,0,2,1,1,2,0,0,2,1,0,1,0,0,0,0,1,1,0,1821.86097926
20214,1123001501,16,9,7,0,0,6,2,8,0,0,0,4,1,4,0,0,0,2,1,4,0,1697.95252412
20214,1123001505,8,4,4,0,0,4,1,2,1,0,0,2,1,1,0,0,0,2,0,1,1,7638.06405978
20214,1123001509,110,75,35,0,7,25,30,30,18,0,6,17,21,17,14,0,1,8,9,13,4,10862.3147481
20214,1123001514,724,301,423,0,14,16,59,178,457,0,11,9,33,67,181,0,3,7,26,111,276,3651.64655198
20214,1123001516,22,2,20,0,5,7,3,3,4,0,0,0,0,0,2,0,5,7,3,3,2,7303.2756489
20214,1123001518,41,21,20,0,8,7,4,17,5,0,5,3,2,7,4,0,3,4,2,10,1,6825.94748015
20214,1123001520,19,15,4,0,6,3,7,2,1,0,3,3,6,2,1,0,3,0,1,0,0,2442.67438422
20214,1123001526,13,9,4,0,0,2,7,3,1,0,0,1,5,2,1,0,0,1,2,1,0,3198.73780029
20214,1123001530,23,11,12,0,4,6,7,3,3,0,2,0,5,1,3,0,2,6,2,2,0,7635.80977453
20214,1123001534,44,25,19,1,8,11,16,5,3,1,3,6,11,4,0,0,5,5,5,1,3,9796.04396006
20214,1123001536,7,6,1,0,0,1,3,0,3,0,0,1,2,0,3,0,0,0,1,0,0,6330.7126506
20214,1123001537,3,3,0,0,0,2,0,1,0,0,0,2,0,1,0,0,0,0,0,0,0,770.712491337
20214,1123001540,5,3,2,0,0,1,0,2,2,0,0,0,0,1,2,0,0,1,0,1,0,365.90759133
20214,1123001541,27,13,14,0,1,4,6,7,9,0,0,2,3,3,5,0,1,2,3,4,4,2661.1772161
20214,1123001542,12,9,3,0,0,1,4,5,2,0,0,0,3,4,2,0,0,1,1,1,0,2955.87505828
20214,1123001543,3,3,0,0,0,0,2,1,0,0,0,0,2,1,0,0,0,0,0,0,0,8596.90806714
20214,1123001548,7,2,5,0,3,1,1,2,0,0,1,0,0,1,0,0,2,1,1,1,0,2383.501796
20214,1123001552,1,0,1,0,0,0,0,0,1,0,0,0,0,0,0,0,0,0,0,0,1,780.11637716
20214,1123001555,15,7,8,0,0,3,3,5,4,0,0,1,1,2,3,0,0,2,2,3,1,2318.38621465
20214,1123001557,9,4,5,0,1,2,4,1,1,0,0,1,2,0,1,0,1,1,2,1,0,2655.03621618
20214,1123001562,2,2,0,0,0,0,0,1,1,0,0,0,0,1,1,0,0,0,0,0,0,2385.05822121
20214,1123001563,1,1,0,0,0,0,0,0,1,0,0,0,0,0,1,0,0,0,0,0,0,1105.44703502
20214,1123001564,155,114,41,0,21,31,37,46,20,0,16,26,25,31,16,0,5,5,12,15,4,9502.44158873
20214,1123001567,2,0,2,0,1,1,0,0,0,0,0,0,0,0,0,0,1,1,0,0,0,5111.96050348
20214,1123001571,12,8,4,0,0,1,1,8,2,0,0,1,0,5,2,0,0,0,1,3,0,2768.6736512
20214,1123001572,4,3,1,0,0,0,0,2,2,0,0,0,0,1,2,0,0,0,0,1,0,1958.7063422
20214,1123001573,2115,1411,704,12,473,565,537,385,143,9,328,398,329,244,103,3,145,167,208,141,40,5441.91728221
20214,1123001578,14,10,4,0,2,3,4,2,3,0,0,3,3,2,2,0,2,0,1,0,1,1097.38995478
20214,1123001579,49,7,42,0,0,5,9,31,4,0,0,1,2,2,2,0,0,4,7,29,2,807.433710519
20214,1123001583,2,2,0,0,0,0,0,1,1,0,0,0,0,1,1,0,0,0,0,0,0,1005.17816963
20214,1123001584,280,107,173,1,43,63,76,67,30,0,3,22,33,33,16,1,40,41,43,34,14,7992.12693281
20214,1123001588,272,248,24,0,1,7,37,98,129,0,0,2,27,94,125,0,1,5,10,4,4,6658.18866416
20214,1123001589,16,9,7,0,1,2,2,7,4,0,0,0,1,5,3,0,1,2,1,2,1,6674.14783146
20214,1123001592,13,8,5,0,0,3,8,2,0,0,0,1,5,2,0,0,0,2,3,0,0,9422.71776574
20214,1123001593,49,21,28,0,1,10,10,14,14,0,0,1,3,8,9,0,1,9,7,6,5,4203.23962719
20214,1123001594,82,38,44,0,10,16,17,23,16,0,8,11,5,9,5,0,2,5,12,14,11,6043.8271992
20214,1123001595,285,155,130,5,58,72,66,66,18,5,35,46,36,21,12,0,23,26,30,45,6,8134.30016491
20214,1123001596,7,2,5,0,0,0,0,1,6,0,0,0,0,0,2,0,0,0,0,1,4,2177.99281376
20214,1123001597,7,2,5,0,0,0,2,3,2,0,0,0,0,1,1,0,0,0,2,2,1,4043.53997307
20214,1123001598,9,6,3,0,0,2,1,3,3,0,0,1,0,3,2,0,0,1,1,0,1,8201.99578759
20214,1123001599,18,7,11,0,5,2,3,8,0,0,2,1,0,4,0,0,3,1,3,4,0,4523.47937648
20214,1123001603,10,7,3,0,2,1,4,3,0,0,0,1,4,2,0,0,2,0,0,1,0,2900.42462842
20214,1123001604,24,21,3,0,3,2,8,8,3,0,3,2,6,8,2,0,0,0,2,0,1,5674.69976032
20214,1123001606,45,24,21,0,2,11,13,13,6,0,1,8,4,8,3,0,1,3,9,5,3,8286.57684344
20214,1123001608,11,9,2,0,0,2,8,1,0,0,0,2,7,0,0,0,0,0,1,1,0,2528.02648496
20214,1123001609,13,5,8,0,4,5,4,0,0,0,1,2,2,0,0,0,3,3,2,0,0,5641.27108116
20214,1123001610,2,1,1,0,0,1,1,0,0,0,0,0,1,0,0,0,0,1,0,0,0,5021.12982437
20214,1123001611,24,16,8,0,2,5,8,7,2,0,0,3,6,5,2,0,2,2,2,2,0,2432.27787358
20214,1123001612,18,16,2,0,1,4,5,4,4,0,1,4,3,4,4,0,0,0,2,0,0,1069.3195533
20214,1123001614,2,1,1,0,0,0,0,2,0,0,0,0,0,1,0,0,0,0,0,1,0,4159.12468628
20214,1123001615,7,6,1,0,1,0,2,3,1,0,1,0,2,2,1,0,0,0,0,1,0,3305.78195532
20214,1123001617,15,4,11,0,1,9,3,2,0,0,0,1,2,1,0,0,1,8,1,1,0,6957.9189275
20214,1123001618,3,1,2,0,0,0,0,2,1,0,0,0,0,0,1,0,0,0,0,2,0,5984.21590529
20214,1123001621,7,0,7,0,0,1,1,4,1,0,0,0,0,0,0,0,0,1,1,4,1,4874.31694985
20214,1123001623,2,0,2,0,1,0,0,1,0,0,0,0,0,0,0,0,1,0,0,1,0,7212.21447054
20214,1123001625,40,26,14,0,5,3,9,12,11,0,4,2,5,6,9,0,1,1,4,6,2,10200.3265225
20214,1123001627,56,44,12,0,5,11,15,13,12,0,3,9,13,8,11,0,2,2,2,5,1,1501.43628989
20214,1123001629,24,12,12,0,6,4,7,5,2,0,4,1,1,4,2,0,2,3,6,1,0,1240.72513743
20214,1123001630,36,29,7,0,2,3,3,3,25,0,0,2,2,3,22,0,2,1,1,0,3,9988.33228846
20214,1123001631,26,9,17,0,1,0,5,10,10,0,0,0,2,2,5,0,1,0,3,8,5,3305.8485222
20214,1123001632,84,61,23,0,22,38,15,7,2,0,15,28,13,4,1,0,7,10,2,3,1,6750.31116411
20214,1123001633,2,1,1,0,0,0,1,1,0,0,0,0,0,1,0,0,0,0,1,0,0,6884.56562242
20214,1123001634,30,22,8,0,1,2,11,13,3,0,1,1,7,10,3,0,0,1,4,3,0,10865.4088096
20214,1123001635,20,7,13,0,4,2,7,5,2,0,3,2,1,1,0,0,1,0,6,4,2,10148.5998149
20214,1123001636,14,11,3,0,0,7,4,2,1,0,0,5,4,1,1,0,0,2,0,1,0,16477.1155956
20214,1123001637,66,26,40,0,4,6,14,25,17,0,0,0,7,10,9,0,4,6,7,15,8,10103.7257895
20214,1123001638,46,13,33,0,4,10,11,13,8,0,1,1,1,5,5,0,3,9,10,8,3,6998.01461805
20214,1123001639,55,23,32,0,9,20,13,9,4,0,3,6,8,4,2,0,6,14,5,5,2,7302.31771112
20214,1123001640,502,68,434,0,105,138,196,60,3,0,7,32,19,8,2,0,98,106,177,52,1,7463.03189471
20214,1123001642,106,84,22,1,25,33,21,13,13,1,20,29,11,12,11,0,5,4,10,1,2,6188.93719982
20214,1123001646,10,6,4,0,1,2,2,4,1,0,0,1,2,2,1,0,1,1,0,2,0,6821.34012799
20214,1123001649,7,5,2,0,0,3,3,0,1,0,0,3,2,0,0,0,0,0,1,0,1,4254.85928562
20214,1123001653,3,1,2,0,0,1,1,1,0,0,0,0,0,1,0,0,0,1,1,0,0,3074.36091837
20214,1123001654,35,16,19,0,2,3,14,5,11,0,1,2,10,2,1,0,1,1,4,3,10,4366.01332506
20214,1123001655,4,4,0,0,0,1,0,1,2,0,0,1,0,1,2,0,0,0,0,0,0,2515.36345007
20214,1123001672,2,0,2,0,0,1,1,0,0,0,0,0,0,0,0,0,0,1,1,0,0,770.715518982
20214,1123001673,67,10,57,0,7,15,31,14,0,0,1,4,4,1,0,0,6,11,27,13,0,15586.8132153
20214,1123001674,100,49,51,0,12,16,21,34,17,0,2,6,12,19,10,0,10,10,9,15,7,9743.13897554
20214,1123001675,79,34,45,0,11,13,13,27,15,0,4,6,6,7,11,0,7,7,7,20,4,9263.09745605
20214,1123001681,15,11,4,0,1,4,6,3,1,0,1,4,3,2,1,0,0,0,3,1,0,6276.58377682
20214,1123001683,2,1,1,0,1,0,1,0,0,0,1,0,0,0,0,0,0,0,1,0,0,1870.34371462
20214,1123001686,5,4,1,0,0,0,0,1,4,0,0,0,0,1,3,0,0,0,0,0,1,6396.27500015
20214,1123001692,5,3,2,0,0,0,1,2,2,0,0,0,0,1,2,0,0,0,1,1,0,5573.72641073
20214,1123001695,1718,1041,677,39,1366,276,32,4,1,23,780,204,29,4,1,16,586,72,3,0,0,3319.13818758
20214,1123001699,8,6,2,1,2,0,1,4,0,1,1,0,0,4,0,0,1,0,1,0,0,1514.18148639
20214,1123001704,235,117,118,1,34,48,80,38,34,1,10,19,38,24,25,0,24,29,42,14,9,5036.11964138
20214,1123001705,6,5,1,0,1,0,0,4,1,0,1,0,0,3,1,0,0,0,0,1,0,6642.42426424
20214,1123001706,49,14,35,0,14,14,13,5,3,0,3,1,4,3,3,0,11,13,9,2,0,3728.42218296
20214,1123001707,330,155,175,1,43,47,73,98,68,0,17,24,31,43,40,1,26,23,42,55,28,8545.53019173
20214,1123001708,95,66,29,0,29,28,16,8,14,0,18,25,10,4,9,0,11,3,6,4,5,8154.01474872
20214,1123001717,6,2,4,0,0,0,1,3,2,0,0,0,0,1,1,0,0,0,1,2,1,2678.28882192
20214,1123001718,4,3,1,0,0,1,0,1,2,0,0,0,0,1,2,0,0,1,0,0,0,6806.22010542
20214,1123001719,10,2,8,0,0,2,4,4,0,0,0,0,2,0,0,0,0,2,2,4,0,5209.53403597
20214,1123001722,6,0,6,0,1,3,1,1,0,0,0,0,0,0,0,0,1,3,1,1,0,2305.30489082
20214,1123001723,18,8,10,0,0,3,3,5,7,0,0,0,3,3,2,0,0,3,0,2,5,2202.31947404
20214,1123001728,3,1,2,0,0,2,1,0,0,0,0,0,1,0,0,0,0,2,0,0,0,1362.15195814
20214,1123001729,11,7,4,0,0,3,3,1,4,0,0,2,2,0,3,0,0,1,1,1,1,6839.26936854
20214,1123001731,45,26,19,0,5,6,16,13,5,0,0,4,11,6,5,0,5,2,5,7,0,8658.17422558
20214,1123001733,29,5,24,0,0,1,2,16,10,0,0,0,0,2,3,0,0,1,2,14,7,8296.31010887
20214,1123001738,5,5,0,0,2,1,0,0,2,0,2,1,0,0,2,0,0,0,0,0,0,1801.07270536
20214,1123001740,4,3,1,0,0,1,1,2,0,0,0,0,1,2,0,0,0,1,0,0,0,980.194432809
20214,1123001742,3,1,2,0,0,0,0,2,1,0,0,0,0,0,1,0,0,0,0,2,0,6160.8449913
20214,1123001747,452,214,238,1,43,103,138,141,26,0,25,60,68,47,14,1,18,43,70,94,12,4357.42417553
20214,1123001748,4,3,1,0,0,0,3,1,0,0,0,0,3,0,0,0,0,0,0,1,0,1241.384888
20214,1123001751,5,3,2,0,0,0,0,3,2,0,0,0,0,1,2,0,0,0,0,2,0,1670.12238524
20214,1123001752,13,8,5,0,0,1,2,8,2,0,0,1,2,3,2,0,0,0,0,5,0,3872.14504388
20214,1123001753,62,28,34,0,18,19,13,11,1,0,7,11,6,3,1,0,11,8,7,8,0,8907.81809772
20214,1123001754,3,2,1,0,0,0,1,2,0,0,0,0,1,1,0,0,0,0,0,1,0,1928.37964443
20214,1123001756,11,1,10,0,2,1,3,4,1,0,0,0,0,1,0,0,2,1,3,3,1,1925.65316767
20214,1123001757,9,7,2,0,1,1,5,1,1,0,0,1,4,1,1,0,1,0,1,0,0,3068.65804359
20214,1123001760,18,10,8,0,5,3,2,6,2,0,3,3,0,3,1,0,2,0,2,3,1,3977.20013561
20214,1123001761,2,2,0,0,0,0,1,1,0,0,0,0,1,1,0,0,0,0,0,0,0,4276.03451425
20214,1123001762,56,40,16,0,1,11,17,19,8,0,0,10,14,11,5,0,1,1,3,8,3,9550.87826095
20214,1123001765,5,3,2,0,2,0,0,2,1,0,1,0,0,1,1,0,1,0,0,1,0,3834.09074247
20214,1123001766,167,54,113,0,8,20,64,70,5,0,6,10,20,14,4,0,2,10,44,56,1,9297.4510458
20214,1123001772,19,15,4,0,3,3,1,7,5,0,3,3,0,5,4,0,0,0,1,2,1,6309.01429743
20214,1123001774,26,9,17,0,3,9,7,4,3,0,1,3,2,0,3,0,2,6,5,4,0,1681.53295582
20214,1123001775,7,6,1,0,0,1,4,0,2,0,0,1,3,0,2,0,0,0,1,0,0,6648.50062046
20214,1123001776,15,9,6,0,3,1,4,2,5,0,3,1,1,2,2,0,0,0,3,0,3,6692.04152494
20214,1123001777,77,42,35,0,5,16,22,22,12,0,4,7,11,10,10,0,1,9,11,12,2,13677.9660346
20214,1123001779,6,3,3,0,0,1,2,2,1,0,0,1,0,1,1,0,0,0,2,1,0,2915.40789666
20214,1123001780,50,37,13,0,3,9,17,15,6,0,1,6,13,13,4,0,2,3,4,2,2,7472.38544568
20214,1123001782,35,24,11,0,3,3,4,17,8,0,1,1,3,13,6,0,2,2,1,4,2,7896.5910533
20214,1123001784,29,20,9,0,0,4,9,12,4,0,0,4,5,8,3,0,0,0,4,4,1,28284.9379399
20214,1123001785,21,15,6,0,3,1,4,8,5,0,2,1,3,4,5,0,1,0,1,4,0,8923.63552952
20214,1123001786,14,8,6,0,3,5,3,3,0,0,1,3,2,2,0,0,2,2,1,1,0,4933.04247039
20214,1123001788,3,1,2,0,0,0,0,1,2,0,0,0,0,0,1,0,0,0,0,1,1,3354.96691417
20214,1123001790,222,216,6,0,0,2,24,88,108,0,0,1,22,87,106,0,0,1,2,1,2,6949.65081213
20214,1123001791,4,2,2,0,0,0,3,1,0,0,0,0,2,0,0,0,0,0,1,1,0,2909.24675782
20214,1123001793,12,0,12,0,0,4,5,1,2,0,0,0,0,0,0,0,0,4,5,1,2,1359.01102341
20214,1123001794,35,9,26,0,1,1,2,7,24,0,0,0,1,1,7,0,1,1,1,6,17,8827.21551829
20214,1123001795,13,10,3,0,0,0,3,5,5,0,0,0,3,4,3,0,0,0,0,1,2,11121.5233736
20214,1123001796,13,9,4,0,2,4,2,2,3,0,1,3,2,1,2,0,1,1,0,1,1,1051.54566169
20214,1123001797,14,6,8,0,0,5,7,2,0,0,0,2,3,1,0,0,0,3,4,1,0,4748.95147149
20214,1123001799,113,56,57,0,24,49,19,10,11,0,9,29,6,5,7,0,15,20,13,5,4,6519.11709223
20214,1123001800,25,8,17,0,1,6,6,10,2,0,1,2,3,2,0,0,0,4,3,8,2,5864.04942963
20214,1123001802,43,33,10,0,4,9,7,11,12,0,2,5,6,8,12,0,2,4,1,3,0,4983.96641971
20214,1123001803,90,85,5,0,0,4,12,28,46,0,0,3,10,28,44,0,0,1,2,0,2,4187.58088906
20214,1123001804,7,5,2,0,1,2,3,1,0,0,1,2,2,0,0,0,0,0,1,1,0,6604.14337509
20214,1123001805,8,2,6,0,1,3,4,0,0,0,0,0,2,0,0,0,1,3,2,0,0,14862.3520205
20214,1123001808,3,2,1,0,0,0,1,1,1,0,0,0,0,1,1,0,0,0,1,0,0,2977.21670631
20214,1123001810,5,3,2,0,1,0,1,3,0,0,1,0,1,1,0,0,0,0,0,2,0,4445.49689001
20214,1123001812,184,120,64,1,29,55,40,40,19,0,13,44,28,19,16,1,16,11,12,21,3,5745.42206838
20214,1123001814,9,6,3,0,0,1,5,3,0,0,0,1,3,2,0,0,0,0,2,1,0,2557.57993975
20214,1123001816,1,0,1,0,0,1,0,0,0,0,0,0,0,0,0,0,0,1,0,0,0,9384.3475861
20214,1123001819,21,18,3,0,3,8,5,3,2,0,2,6,5,3,2,0,1,2,0,0,0,1904.36639678
20214,1123001822,9,6,3,0,0,1,3,4,1,0,0,1,2,3,0,0,0,0,1,1,1,5127.23001287
20214,1123001824,3,3,0,0,1,0,0,2,0,0,1,0,0,2,0,0,0,0,0,0,0,3710.02490604
20214,1123001827,2,2,0,0,0,0,0,1,1,0,0,0,0,1,1,0,0,0,0,0,0,2452.77132621
20214,1123001829,10,3,7,0,2,3,3,2,0,0,0,1,1,1,0,0,2,2,2,1,0,2538.48517068
20214,1123001831,140,51,89,1,18,35,45,34,7,1,6,23,14,5,2,0,12,12,31,29,5,13598.1602686
20214,1123001847,23,18,5,1,4,3,6,6,3,0,4,3,3,5,3,1,0,0,3,1,0,5390.73527039
20214,1123001849,35,26,9,0,3,6,9,12,5,0,3,5,6,8,4,0,0,1,3,4,1,15884.2258296
20214,1123001853,41,34,7,0,2,2,7,15,15,0,0,2,6,11,15,0,2,0,1,4,0,3521.82595606
20214,1123001857,121,94,27,0,25,27,35,22,12,0,22,20,25,17,10,0,3,7,10,5,2,6295.81292237
20214,1123001859,8,8,0,0,1,1,5,1,0,0,1,1,5,1,0,0,0,0,0,0,0,1491.61008874
20214,1123001864,47,27,20,0,8,15,6,9,9,0,5,8,5,3,6,0,3,7,1,6,3,19668.2728815
20214,1123001869,4,3,1,0,0,2,1,0,1,0,0,1,1,0,1,0,0,1,0,0,0,5910.88547042
20214,1123001876,21,7,14,0,2,1,7,6,5,0,1,0,1,2,3,0,1,1,6,4,2,12264.955188
20214,1123001878,3,2,1,0,0,0,2,1,0,0,0,0,1,1,0,0,0,0,1,0,0,4265.14826027
20214,1123001885,39,16,23,0,6,12,6,9,6,0,3,5,1,6,1,0,3,7,5,3,5,3511.67954615
20214,1123001894,6,4,2,0,0,0,2,4,0,0,0,0,2,2,0,0,0,0,0,2,0,10382.5596797
20214,1123001898,13,3,10,0,2,3,4,1,3,0,0,0,2,0,1,0,2,3,2,1,2,10202.9924044
20214,1123001904,7,5,2,0,0,2,1,2,2,0,0,2,1,1,1,0,0,0,0,1,1,5919.14861411
20214,1123001907,3,2,1,0,1,0,1,1,0,0,0,0,1,1,0,0,1,0,0,0,0,2825.53634447
20214,1123001908,18,15,3,0,0,1,7,6,4,0,0,0,5,6,4,0,0,1,2,0,0,1786.3873178
20214,1123001909,4,3,1,0,0,0,0,2,2,0,0,0,0,1,2,0,0,0,0,1,0,1326.48799967
20214,1123001918,47,32,15,0,8,20,13,6,0,0,6,12,9,5,0,0,2,8,4,1,0,3609.02175634
20214,1123001924,2,2,0,0,0,0,0,1,1,0,0,0,0,1,1,0,0,0,0,0,0,2746.53735723
20214,1123001930,19,15,4,0,0,3,12,2,2,0,0,2,11,1,1,0,0,1,1,1,1,1972.12600563
20214,1123001935,7,3,4,0,1,0,2,3,1,0,0,0,1,1,1,0,1,0,1,2,0,16835.9273328
20214,1123001939,2,1,1,0,0,1,1,0,0,0,0,1,0,0,0,0,0,0,1,0,0,2390.50075085
20214,1123001940,85,19,66,0,5,5,11,23,41,0,5,1,9,3,1,0,0,4,2,20,40,1322.5410897
20214,1123001941,10,7,3,0,3,5,1,1,0,0,2,3,1,1,0,0,1,2,0,0,0,1211.01319982
20214,1123001944,7,1,6,0,0,1,2,4,0,0,0,0,0,1,0,0,0,1,2,3,0,4627.34944165
20214,1123001947,8,7,1,0,0,1,4,2,1,0,0,1,4,1,1,0,0,0,0,1,0,2646.56892023
20214,1123001957,3,0,3,0,1,0,1,0,1,0,0,0,0,0,0,0,1,0,1,0,1,2612.62853264
20214,1123001958,3,0,3,0,0,0,0,2,1,0,0,0,0,0,0,0,0,0,0,2,1,5223.47490317
20214,1123001965,5,3,2,0,1,0,1,2,1,0,0,0,1,1,1,0,1,0,0,1,0,2944.25809345
20214,1123001966,11,5,6,0,2,4,2,1,2,0,1,2,0,1,1,0,1,2,2,0,1,2149.47353253
20214,1123001973,14,0,14,0,1,3,3,4,3,0,0,0,0,0,0,0,1,3,3,4,3,4827.13451998
20214,1123001984,32,17,15,0,15,4,7,3,3,0,6,3,4,1,3,0,9,1,3,2,0,6624.73440979
20214,1123001986,10,4,6,0,1,0,5,0,4,0,1,0,0,0,3,0,0,0,5,0,1,2525.93626494
20214,1123001987,2,2,0,0,0,1,0,0,1,0,0,1,0,0,1,0,0,0,0,0,0,3663.45874161
20214,1123001990,9,3,6,0,0,2,2,2,3,0,0,2,1,0,0,0,0,0,1,2,3,4991.96970388
20214,1123001991,4,3,1,0,0,0,2,2,0,0,0,0,2,1,0,0,0,0,0,1,0,2957.58181393
20214,1123001992,440,323,117,1,52,73,136,142,36,0,34,47,100,115,27,1,18,26,36,27,9,2659.19958978
20214,1123001993,4,3,1,0,1,1,1,0,1,0,1,1,1,0,0,0,0,0,0,0,1,732.657724252
20214,1123001994,31,11,20,0,6,7,3,10,5,0,0,3,0,3,5,0,6,4,3,7,0,9181.08458714
20214,1123001999,4,2,2,0,0,1,0,3,0,0,0,0,0,2,0,0,0,1,0,1,0,5188.80815538
20214,1123002000,2,1,1,0,0,0,0,2,0,0,0,0,0,1,0,0,0,0,0,1,0,2839.57107339
20214,1123002004,2,0,2,0,0,0,0,1,1,0,0,0,0,0,0,0,0,0,0,1,1,3090.53973316
20214,1123002006,3,2,1,0,0,1,1,1,0,0,0,1,1,0,0,0,0,0,0,1,0,5106.74938669
20214,1123002009,2,0,2,0,0,0,1,1,0,0,0,0,0,0,0,0,0,0,1,1,0,3389.01848664
20214,1123002011,11,8,3,0,3,0,2,1,5,0,2,0,1,1,4,0,1,0,1,0,1,5210.0495317
20214,1123002014,8,6,2,0,0,1,6,0,1,0,0,1,4,0,1,0,0,0,2,0,0,4830.5152482
20214,1123002018,140,91,49,0,8,18,22,41,51,0,7,18,19,22,25,0,1,0,3,19,26,970.851822096
20214,1123002019,3,3,0,0,1,0,1,1,0,0,1,0,1,1,0,0,0,0,0,0,0,1411.74946427
20214,1123002021,4,2,2,0,0,1,1,2,0,0,0,0,0,2,0,0,0,1,1,0,0,3880.10666176
20214,1123002023,4,2,2,0,0,0,0,3,1,0,0,0,0,2,0,0,0,0,0,1,1,2546.96203805
20214,1123002027,5,5,0,0,1,2,2,0,0,0,1,2,2,0,0,0,0,0,0,0,0,1900.110492
20214,1123002036,2,2,0,0,0,0,1,1,0,0,0,0,1,1,0,0,0,0,0,0,0,3863.14836129
20214,1123002037,12,3,9,0,0,4,5,1,2,0,0,2,0,1,0,0,0,2,5,0,2,2698.79656527
20214,1123002043,18,15,3,0,2,2,5,5,4,0,2,2,3,4,4,0,0,0,2,1,0,2092.60410656
20214,1123002048,4,0,4,0,0,0,2,2,0,0,0,0,0,0,0,0,0,0,2,2,0,3539.71342265
20214,1123002056,3,1,2,0,1,0,1,0,1,0,0,0,0,0,1,0,1,0,1,0,0,5004.34740564
20214,1123002061,6,5,1,0,0,1,2,2,1,0,0,0,2,2,1,0,0,1,0,0,0,2221.79576457
20214,1123002064,29,9,20,0,3,9,7,8,2,0,1,3,1,2,2,0,2,6,6,6,0,1401.43957703
20214,1123002066,2,0,2,0,0,0,1,0,1,0,0,0,0,0,0,0,0,0,1,0,1,3561.66451619
20214,1123002070,9,6,3,0,2,1,2,2,2,0,2,1,1,1,1,0,0,0,1,1,1,3039.62631581
20214,1123002072,14,10,4,0,0,5,2,3,4,0,0,3,1,2,4,0,0,2,1,1,0,2242.76260131
20214,1123002074,4,1,3,0,0,0,0,3,1,0,0,0,0,1,0,0,0,0,0,2,1,2312.74095862
20214,1123002076,6,4,2,0,2,3,1,0,0,0,0,3,1,0,0,0,2,0,0,0,0,2454.79125138
20214,1123002078,8,3,5,0,1,0,4,1,2,0,0,0,2,0,1,0,1,0,2,1,1,13384.042897
20214,1123002082,2,1,1,0,0,1,0,0,1,0,0,1,0,0,0,0,0,0,0,0,1,1643.38839658
20214,1123002091,27,14,13,0,1,4,10,6,6,0,0,2,7,1,4,0,1,2,3,5,2,189650.855414
20214,1123002092,18,12,6,0,1,3,5,6,3,0,1,2,3,5,1,0,0,1,2,1,2,2870.71374496
20214,1123002095,14,4,10,0,3,2,4,3,2,0,1,0,0,1,2,0,2,2,4,2,0,26205.3453911
20214,1123002099,2,1,1,0,0,0,0,1,1,0,0,0,0,0,1,0,0,0,0,1,0,2225.95049321
20214,1123002102,1,0,1,0,0,1,0,0,0,0,0,0,0,0,0,0,0,1,0,0,0,1058.83492936
20214,1123002106,2,1,1,0,0,0,2,0,0,0,0,0,1,0,0,0,0,0,1,0,0,1729.18324543
20214,1123002110,8,7,1,0,0,3,1,4,0,0,0,3,1,3,0,0,0,0,0,1,0,4444.17989109
20214,1123002112,10,7,3,0,0,1,2,6,1,0,0,0,2,4,1,0,0,1,0,2,0,15684.4861607
20214,1123002117,28,14,14,0,1,5,11,10,1,0,0,3,4,6,1,0,1,2,7,4,0,5186.12357986
20214,1123002121,14,4,10,0,2,7,3,2,0,0,0,2,0,2,0,0,2,5,3,0,0,2346.17358884
20214,1123002126,664,359,305,1,62,131,186,167,117,0,26,74,88,93,78,1,36,57,98,74,39,4292.3381603
20214,1123002137,6,3,3,0,0,0,3,1,2,0,0,0,2,0,1,0,0,0,1,1,1,7388.25522622
20214,1123002138,146,95,51,0,27,42,40,24,13,0,10,26,28,20,11,0,17,16,12,4,2,10821.3304508
20214,1123002140,599,420,179,0,51,130,176,140,102,0,34,88,128,97,73,0,17,42,48,43,29,1806.47154327
20214,1123002143,3,3,0,0,0,1,0,1,1,0,0,1,0,1,1,0,0,0,0,0,0,2788.7430648
20214,1123002147,13,10,3,0,4,0,5,3,1,0,3,0,4,2,1,0,1,0,1,1,0,2812.86100703
20214,1123002149,131,77,54,0,24,35,20,29,23,0,16,26,15,9,11,0,8,9,5,20,12,1077.17964895
20214,1123002154,23,17,6,0,6,10,3,3,1,0,4,9,3,1,0,0,2,1,0,2,1,1062.3166324
20214,1123002155,5,4,1,0,0,1,1,2,1,0,0,1,1,1,1,0,0,0,0,1,0,2775.26012818
20214,1123002156,49,8,41,0,0,9,14,17,9,0,0,3,1,0,4,0,0,6,13,17,5,5600.48497582
20214,1123002158,7,4,3,0,0,0,4,3,0,0,0,0,3,1,0,0,0,0,1,2,0,3268.57726876
20214,1123002159,10,3,7,0,1,1,2,2,4,0,0,0,1,1,1,0,1,1,1,1,3,8732.50187672
20214,1123002160,169,34,135,0,6,9,33,72,49,0,3,3,9,7,12,0,3,6,24,65,37,5820.05613738
20214,1123002162,18,5,13,0,1,2,5,5,5,0,0,0,1,2,2,0,1,2,4,3,3,4503.00374877
20214,1123002166,4,3,1,0,0,0,0,0,4,0,0,0,0,0,3,0,0,0,0,0,1,4374.58570695
20214,1123002171,3,0,3,0,0,1,2,0,0,0,0,0,0,0,0,0,0,1,2,0,0,4935.77759267
20214,1123002173,70,33,37,0,8,17,10,19,16,0,1,5,4,10,13,0,7,12,6,9,3,4747.74478704
20214,1123002174,26,3,23,0,4,7,7,7,1,0,1,2,0,0,0,0,3,5,7,7,1,2632.94803202
20214,1123002175,11,10,1,0,3,2,6,0,0,0,3,2,5,0,0,0,0,0,1,0,0,4021.82257158
20214,1123002178,2,1,1,0,0,0,2,0,0,0,0,0,1,0,0,0,0,0,1,0,0,2490.52703263
20214,1123002179,9,6,3,0,1,1,1,5,1,0,1,0,1,3,1,0,0,1,0,2,0,4191.7694339
20214,1123002180,19,7,12,0,0,6,9,3,1,0,0,2,4,0,1,0,0,4,5,3,0,5056.23016698
20214,1123002183,88,11,77,0,7,28,28,21,4,0,2,2,3,2,2,0,5,26,25,19,2,16977.1701846
20214,1123002186,2,1,1,0,0,0,0,2,0,0,0,0,0,1,0,0,0,0,0,1,0,637.874780302
20214,1123002190,150,55,95,1,26,38,48,33,4,1,10,12,16,14,2,0,16,26,32,19,2,6912.98431199
20214,1123002191,2,1,1,0,0,0,0,1,1,0,0,0,0,0,1,0,0,0,0,1,0,4523.1297816
20214,1123002198,9,4,5,0,0,0,5,2,2,0,0,0,1,1,2,0,0,0,4,1,0,3443.34547656
20214,1123002199,2,0,2,0,1,0,1,0,0,0,0,0,0,0,0,0,1,0,1,0,0,2459.30964445
20214,1123002201,3,2,1,0,0,0,1,2,0,0,0,0,1,1,0,0,0,0,0,1,0,2464.20029723
20214,1123002204,24,10,14,0,2,6,4,6,6,0,0,4,2,0,4,0,2,2,2,6,2,1491.48814953
20214,1123002207,66,11,55,0,8,8,21,25,4,0,2,0,3,4,2,0,6,8,18,21,2,20535.5716621
20214,1123002209,23,6,17,0,3,2,6,8,4,0,1,2,1,0,2,0,2,0,5,8,2,13140.2743558
20214,1123002210,2,2,0,0,0,0,1,0,1,0,0,0,1,0,1,0,0,0,0,0,0,3223.23791026
20214,1123002215,5,2,3,0,0,1,3,1,0,0,0,0,2,0,0,0,0,1,1,1,0,3490.69604892
20214,1123002218,2,2,0,0,0,0,0,0,2,0,0,0,0,0,2,0,0,0,0,0,0,6562.4026054
20214,1123002220,54,21,33,0,15,17,11,5,6,0,1,3,8,4,5,0,14,14,3,1,1,16768.3859252
20214,1123002222,132,83,49,0,22,16,24,48,22,0,14,8,15,30,16,0,8,8,9,18,6,5179.10626493
20214,1123002224,1,1,0,0,0,0,0,1,0,0,0,0,0,1,0,0,0,0,0,0,0,5155.47349608
20214,1123002227,55,31,24,0,0,3,21,25,6,0,0,1,9,17,4,0,0,2,12,8,2,4133.41379771
20214,1123002229,29,6,23,0,0,6,10,11,2,0,0,1,2,1,2,0,0,5,8,10,0,25744.5218007
20214,1123002232,56,13,43,0,7,19,15,14,1,0,1,5,3,3,1,0,6,14,12,11,0,20769.5395934
20214,1123002235,349,138,211,2,87,67,59,92,42,0,20,40,37,19,22,2,67,27,22,73,20,4026.98877548
20214,1123002239,13,8,5,0,0,1,4,3,5,0,0,0,2,3,3,0,0,1,2,0,2,2505.9275616
20214,1123002241,917,558,359,0,89,219,256,253,100,0,40,72,162,195,89,0,49,147,94,58,11,264120.405593
20214,1123002242,12,8,4,0,0,6,3,3,0,0,0,4,2,2,0,0,0,2,1,1,0,3622.2253219
20214,1123002243,27,20,7,0,2,3,5,7,10,0,2,2,5,5,6,0,0,1,0,2,4,6707.2140141
20214,1123002244,33,18,15,0,5,8,8,9,3,0,0,3,4,9,2,0,5,5,4,0,1,5366.84284805
20214,1123002246,14,13,1,0,0,0,2,6,6,0,0,0,2,6,5,0,0,0,0,0,1,3571.80590865
20214,1123002247,68,27,41,0,13,24,14,9,8,0,2,9,6,5,5,0,11,15,8,4,3,3412.74802572
20214,1123002248,220,83,137,0,10,12,52,97,49,0,6,5,21,34,17,0,4,7,31,63,32,4472.11898723
20214,1123002249,46,24,22,0,2,6,10,5,23,0,1,2,5,2,14,0,1,4,5,3,9,6566.48065377
20214,1123002250,45,28,17,0,4,1,9,13,18,0,2,0,4,11,11,0,2,1,5,2,7,3517.35178291
20214,1123002251,40,21,19,0,9,4,6,8,13,0,1,2,5,6,7,0,8,2,1,2,6,7174.54945447
20214,1123002253,38,30,8,0,3,8,12,7,8,0,2,6,9,7,6,0,1,2,3,0,2,4171.19225771
20214,1123002254,12,7,5,0,0,3,2,2,5,0,0,1,2,1,3,0,0,2,0,1,2,7304.62080241
20214,1123002257,583,464,119,0,23,75,116,111,258,0,17,64,107,92,184,0,6,11,9,19,74,4505.1525303
20214,1123002262,42,15,27,0,7,12,13,5,5,0,0,3,8,1,3,0,7,9,5,4,2,6922.57938222
20214,1123002263,23,12,11,0,0,3,6,2,12,0,0,0,3,2,7,0,0,3,3,0,5,6290.75318039
20214,1123002265,3,2,1,0,0,0,1,0,2,0,0,0,0,0,2,0,0,0,1,0,0,1874.69934541
20214,1123002266,3,2,1,0,0,0,0,2,1,0,0,0,0,2,0,0,0,0,0,0,1,1316.81873043
20214,1123002267,12,6,6,0,3,2,0,3,4,0,0,0,0,3,3,0,3,2,0,0,1,11343.4469245
20214,1123002270,5,4,1,0,0,0,2,2,1,0,0,0,2,1,1,0,0,0,0,1,0,680.022418855
20214,1123002272,5,3,2,0,0,0,1,2,2,0,0,0,1,0,2,0,0,0,0,2,0,2539.19443165
20214,1123002274,144,83,61,1,27,44,27,26,19,0,4,23,21,21,14,1,23,21,6,5,5,6450.61661385
20214,1123002276,22,11,11,0,1,6,7,3,5,0,0,3,5,1,2,0,1,3,2,2,3,6759.87866561
20214,1123002279,6,3,3,0,0,0,2,2,2,0,0,0,0,1,2,0,0,0,2,1,0,7141.81428832
20214,1123002281,7,6,1,0,1,2,1,3,0,0,1,1,1,3,0,0,0,1,0,0,0,1074.11712513
20214,1123002282,1,1,0,0,1,0,0,0,0,0,1,0,0,0,0,0,0,0,0,0,0,1740.97410592
20214,1123002283,4,3,1,0,0,1,1,2,0,0,0,1,1,1,0,0,0,0,0,1,0,1532.81553405
20214,1123002286,2,2,0,0,0,0,0,1,1,0,0,0,0,1,1,0,0,0,0,0,0,923.55901947
20214,1123002288,3,2,1,0,0,2,0,0,1,0,0,1,0,0,1,0,0,1,0,0,0,2666.28772958
20214,1123002290,8,5,3,0,0,0,1,5,2,0,0,0,0,3,2,0,0,0,1,2,0,5663.67935415
20214,1123002291,53,27,26,2,6,12,13,15,5,0,3,12,6,4,2,2,3,0,7,11,3,1857.36362904
20214,1123002292,6,6,0,0,0,1,2,0,3,0,0,1,2,0,3,0,0,0,0,0,0,5095.5741118
20214,1123002298,13,9,4,0,3,9,1,0,0,0,3,5,1,0,0,0,0,4,0,0,0,1788.32139912
20214,1123002300,24,13,11,0,0,4,4,7,9,0,0,2,2,3,6,0,0,2,2,4,3,5551.81187853
20214,1123002301,4,4,0,0,0,0,0,2,2,0,0,0,0,2,2,0,0,0,0,0,0,5556.88182803
20214,1123002303,3,1,2,0,0,1,0,1,1,0,0,0,0,0,1,0,0,1,0,1,0,1968.87547387
20214,1123002304,209,92,117,0,42,68,44,25,30,0,3,19,25,16,29,0,39,49,19,9,1,4136.59020888
20214,1123002311,7,6,1,0,0,0,1,4,2,0,0,0,1,3,2,0,0,0,0,1,0,2692.41951674
20214,1123002312,11,8,3,0,2,0,2,4,3,0,2,0,0,4,2,0,0,0,2,0,1,4527.89056143
20214,1123002313,3,2,1,0,0,0,0,1,2,0,0,0,0,1,1,0,0,0,0,0,1,6984.39564968
20214,1123002314,2,1,1,0,0,0,0,1,1,0,0,0,0,1,0,0,0,0,0,0,1,3617.12360981
20214,1123002315,30,3,27,0,0,3,2,19,6,0,0,1,0,1,1,0,0,2,2,18,5,3189.24692818
20214,1123002316,2,2,0,0,0,0,2,0,0,0,0,0,2,0,0,0,0,0,0,0,0,1090.98235375
20214,1123002321,6,1,5,0,1,1,1,2,1,0,0,0,0,0,1,0,1,1,1,2,0,3434.18195563
20214,1123002326,31,23,8,0,3,10,8,6,4,0,1,6,7,5,4,0,2,4,1,1,0,9551.84924255
20214,1123002327,4,2,2,0,0,0,0,1,3,0,0,0,0,1,1,0,0,0,0,0,2,3611.62367222
20214,1123002328,579,384,195,1,156,277,142,2,1,0,64,193,124,2,1,1,92,84,18,0,0,8105.10463962
20214,1123002330,7,6,1,0,0,1,3,1,2,0,0,1,3,1,1,0,0,0,0,0,1,4794.39141547
20214,1123002332,19,12,7,0,2,4,2,5,6,0,2,2,1,3,4,0,0,2,1,2,2,5008.30370071
20214,1123002333,2,1,1,0,1,0,0,1,0,0,1,0,0,0,0,0,0,0,0,1,0,1544.57627638
20214,1123002334,28,11,17,0,2,2,3,14,7,0,2,1,0,3,5,0,0,1,3,11,2,3360.12192372
20214,1123002335,3,2,1,0,0,0,1,1,1,0,0,0,0,1,1,0,0,0,1,0,0,2991.9522189
20214,1123002340,582,300,282,3,179,249,105,45,1,1,82,132,49,35,1,2,97,117,56,10,0,4844.07531438
20214,1123002341,55,14,41,0,8,15,17,11,4,0,3,3,3,1,4,0,5,12,14,10,0,16193.3263142
20214,1123002343,2,1,1,0,0,1,1,0,0,0,0,0,1,0,0,0,0,1,0,0,0,1511.35400755
20214,1123002345,104,75,29,0,13,31,37,11,12,0,7,26,29,8,5,0,6,5,8,3,7,3137.59640447
20214,1123002348,2,2,0,0,0,0,0,1,1,0,0,0,0,1,1,0,0,0,0,0,0,2043.68568529
20214,1123002351,52,17,35,0,1,0,14,30,7,0,0,0,6,6,5,0,1,0,8,24,2,2120.67131279
20214,1123002352,3,2,1,0,0,1,2,0,0,0,0,1,1,0,0,0,0,0,1,0,0,1209.85285074
20214,1123002353,9,6,3,0,0,0,0,5,4,0,0,0,0,3,3,0,0,0,0,2,1,4499.28234407
20214,1123002354,2,0,2,0,0,0,0,2,0,0,0,0,0,0,0,0,0,0,0,2,0,1737.93589134
20214,1123002358,18,11,7,0,1,3,6,6,2,0,1,1,4,3,2,0,0,2,2,3,0,2912.30757317
20214,1123002359,49,5,44,0,12,11,11,14,1,0,1,2,1,1,0,0,11,9,10,13,1,17341.5030527
20214,1123002360,120,70,50,0,15,27,24,39,15,0,11,20,18,16,5,0,4,7,6,23,10,4894.46703079
20214,1123002361,4,4,0,0,0,0,0,2,2,0,0,0,0,2,2,0,0,0,0,0,0,1614.26543567
20214,1123002362,13,8,5,0,4,1,4,3,1,0,2,1,2,2,1,0,2,0,2,1,0,4788.69494573
20214,1123002363,3,1,2,0,0,0,0,2,1,0,0,0,0,1,0,0,0,0,0,1,1,1850.30512168
20214,1123002365,25,19,6,0,6,3,9,5,2,0,4,3,7,3,2,0,2,0,2,2,0,4822.82214585
20214,1123002367,12,5,7,0,1,0,6,4,1,0,0,0,4,1,0,0,1,0,2,3,1,5047.00025452
20214,1123002368,2,2,0,0,0,0,1,1,0,0,0,0,1,1,0,0,0,0,0,0,0,3987.13698327
20214,1123002369,2,2,0,0,0,2,0,0,0,0,0,2,0,0,0,0,0,0,0,0,0,1163.20300487
20214,1123002372,4,4,0,0,0,1,1,1,1,0,0,1,1,1,1,0,0,0,0,0,0,1012.48171616
20214,1123002374,13,7,6,0,0,0,2,7,4,0,0,0,0,4,3,0,0,0,2,3,1,4366.4474611
20214,1123002379,36,31,5,0,2,4,2,9,19,0,0,4,1,8,18,0,2,0,1,1,1,11334.9830522
20214,1123002380,41,27,14,0,5,10,9,12,5,0,2,8,4,9,4,0,3,2,5,3,1,6193.59377387
20214,1123002382,29,15,14,0,1,8,10,6,4,0,0,5,6,3,1,0,1,3,4,3,3,4402.09264046
20214,1123002385,6,3,3,0,0,3,1,2,0,0,0,1,1,1,0,0,0,2,0,1,0,3269.75525522
20214,1123002386,3,3,0,0,0,1,0,2,0,0,0,1,0,2,0,0,0,0,0,0,0,1483.74198814
20214,1123002387,41,22,19,0,5,10,14,7,5,0,3,4,6,5,4,0,2,6,8,2,1,9483.39448294
20214,1123002388,9,6,3,0,0,0,2,4,3,0,0,0,1,3,2,0,0,0,1,1,1,3319.92875618
20214,1123002390,26,18,8,0,4,6,7,6,3,0,3,4,4,5,2,0,1,2,3,1,1,2716.47116399
20214,1123002392,8,7,1,0,0,0,2,4,2,0,0,0,2,3,2,0,0,0,0,1,0,6124.54651913
20214,1123002393,3,3,0,0,0,0,0,2,1,0,0,0,0,2,1,0,0,0,0,0,0,5701.47397597
20214,1123002394,4,3,1,0,0,0,1,3,0,0,0,0,1,2,0,0,0,0,0,1,0,2626.38319737
20214,1123002395,2,2,0,0,0,0,2,0,0,0,0,0,2,0,0,0,0,0,0,0,0,4594.25587329
20214,1123002401,2,1,1,0,0,0,0,1,1,0,0,0,0,0,1,0,0,0,0,1,0,1058.91228679
20214,1123002403,2,2,0,0,0,1,0,0,1,0,0,1,0,0,1,0,0,0,0,0,0,1549.284005
20214,1123002404,6,5,1,0,0,0,1,5,0,0,0,0,1,4,0,0,0,0,0,1,0,3479.13120395
20214,1123002405,2,2,0,1,0,0,0,1,0,1,0,0,0,1,0,0,0,0,0,0,0,2106.21908255
20214,1123002406,5,2,3,0,2,0,2,0,1,0,1,0,0,0,1,0,1,0,2,0,0,4386.64720564
20214,1123002407,17,12,5,0,3,3,7,4,0,0,2,2,6,2,0,0,1,1,1,2,0,2975.2159031
20214,1123002409,6,3,3,0,0,0,2,0,4,0,0,0,1,0,2,0,0,0,1,0,2,2822.09873085
20214,1123002410,2,1,1,0,0,0,1,0,1,0,0,0,1,0,0,0,0,0,0,0,1,6012.36030651
20214,1123002412,5,2,3,0,0,1,2,2,0,0,0,0,1,1,0,0,0,1,1,1,0,872.237863966
20214,1123002417,218,146,72,0,24,43,56,55,40,0,11,33,37,36,29,0,13,10,19,19,11,4639.88905157
20214,1123002418,5,0,5,0,0,0,1,3,1,0,0,0,0,0,0,0,0,0,1,3,1,1213.57278641
20214,1123002419,21,16,5,0,6,5,3,5,2,0,3,5,3,3,2,0,3,0,0,2,0,2466.30164489
20214,1123002422,29,21,8,0,9,9,1,9,1,0,8,5,1,6,1,0,1,4,0,3,0,5463.57178712
20214,1123002423,2,1,1,0,0,0,0,0,2,0,0,0,0,0,1,0,0,0,0,0,1,3874.95893226
20214,1123002424,15,7,8,0,1,9,3,0,2,0,1,3,2,0,1,0,0,6,1,0,1,1624.32393773
20214,1123002429,2,1,1,0,1,0,0,1,0,0,1,0,0,0,0,0,0,0,0,1,0,3171.77296686
20214,1123002430,7,5,2,0,0,1,2,4,0,0,0,1,1,3,0,0,0,0,1,1,0,1099.48313509
20214,1123002433,5,4,1,0,1,2,2,0,0,0,1,2,1,0,0,0,0,0,1,0,0,5130.40644399
20214,1123002434,24,17,7,0,0,0,12,7,5,0,0,0,9,5,3,0,0,0,3,2,2,5237.79948596
20214,1123002435,8,0,8,0,2,0,3,3,0,0,0,0,0,0,0,0,2,0,3,3,0,1498.45916254
20214,1123002440,4,2,2,0,1,0,1,1,1,0,0,0,1,0,1,0,1,0,0,1,0,1820.12008515
20214,1123002442,35,10,25,0,9,7,7,7,5,0,0,4,4,1,1,0,9,3,3,6,4,7620.53064753
20214,1123002445,32,9,23,0,2,10,5,5,10,0,0,1,5,1,2,0,2,9,0,4,8,3643.97908972
20214,1123002449,12,10,2,0,0,0,4,5,3,0,0,0,4,4,2,0,0,0,0,1,1,1637.41295732
20214,1123002450,93,46,47,1,9,15,26,31,11,0,5,7,8,16,10,1,4,8,18,15,1,8693.4001718
20214,1123002451,2,2,0,0,0,1,0,1,0,0,0,1,0,1,0,0,0,0,0,0,0,25580.1575984
20214,1123002452,17,13,4,0,1,4,1,8,3,0,1,2,1,7,2,0,0,2,0,1,1,2091.21336345
20214,1123002453,17,10,7,0,0,6,6,3,2,0,0,5,3,1,1,0,0,1,3,2,1,2457.9287146
20214,1123002454,38,33,5,0,1,14,12,10,1,0,1,11,10,10,1,0,0,3,2,0,0,2569.66618771
20214,1123002456,5,1,4,0,3,1,0,1,0,0,0,0,0,1,0,0,3,1,0,0,0,3951.77681175
20214,1123002457,48,29,19,0,1,3,7,6,31,0,0,3,2,2,22,0,1,0,5,4,9,5512.94256361
20214,1123002463,12,8,4,0,2,3,4,3,0,0,1,3,1,3,0,0,1,0,3,0,0,1523.82829576
20214,1123002464,7,5,2,0,0,1,4,2,0,0,0,1,3,1,0,0,0,0,1,1,0,5197.6500563
20214,1123002465,2,1,1,0,1,0,0,0,1,0,0,0,0,0,1,0,1,0,0,0,0,705.889362071
20214,1123002472,8,5,3,0,2,3,1,2,0,0,0,3,1,1,0,0,2,0,0,1,0,2905.04995382
20214,1123002475,10,7,3,0,0,1,1,3,5,0,0,1,1,1,4,0,0,0,0,2,1,5663.62654563
20214,1123002476,10,6,4,0,0,0,4,6,0,0,0,0,2,4,0,0,0,0,2,2,0,5499.72654896
20214,1123002478,12,9,3,0,0,1,2,7,2,0,0,0,1,6,2,0,0,1,1,1,0,1990.85372177
20214,1123002481,58,34,24,0,3,7,5,10,33,0,2,6,4,5,17,0,1,1,1,5,16,4628.88604209
20214,1123002485,14,8,6,0,8,0,2,4,0,0,6,0,0,2,0,0,2,0,2,2,0,4853.07922671
20214,1123002487,5,1,4,0,1,1,1,2,0,0,0,0,0,1,0,0,1,1,1,1,0,4611.10094684
20214,1123002489,2,1,1,0,0,0,0,0,2,0,0,0,0,0,1,0,0,0,0,0,1,7850.86244173
20214,1123002491,3,2,1,0,0,0,3,0,0,0,0,0,2,0,0,0,0,0,1,0,0,10097.4603887
20214,1123002494,15,12,3,0,2,4,4,1,4,0,2,4,2,1,3,0,0,0,2,0,1,4066.33760414
20214,1123002495,2,1,1,0,0,2,0,0,0,0,0,1,0,0,0,0,0,1,0,0,0,1145.19459214
20214,1123002498,53,21,32,0,0,2,11,36,4,0,0,1,6,11,3,0,0,1,5,25,1,6402.8538519
20214,1123002501,3,0,3,0,0,2,1,0,0,0,0,0,0,0,0,0,0,2,1,0,0,2280.57526831
20214,1123002502,2,1,1,0,0,0,0,2,0,0,0,0,0,1,0,0,0,0,0,1,0,3705.71252493
20214,1123002503,8,6,2,0,1,3,3,1,0,0,1,2,2,1,0,0,0,1,1,0,0,2292.53695395
20214,1123002509,2,2,0,0,0,0,1,1,0,0,0,0,1,1,0,0,0,0,0,0,0,6278.93086133
20214,1123002510,32,11,21,0,0,6,18,5,3,0,0,3,3,2,3,0,0,3,15,3,0,4955.8233255
20214,1123002513,66,12,54,0,8,19,21,14,4,0,1,2,2,3,4,0,7,17,19,11,0,13354.7864847
20214,1123002514,4,4,0,0,0,0,0,3,1,0,0,0,0,3,1,0,0,0,0,0,0,6745.76887548
20214,1123002515,4,4,0,0,0,1,0,0,3,0,0,1,0,0,3,0,0,0,0,0,0,3045.27256202
20214,1123002519,24,21,3,0,0,5,9,3,7,0,0,5,7,3,6,0,0,0,2,0,1,3643.99151507
20214,1123002520,2,1,1,0,0,0,1,1,0,0,0,0,1,0,0,0,0,0,0,1,0,4076.11845592
20214,1123002531,5,5,0,0,1,2,1,1,0,0,1,2,1,1,0,0,0,0,0,0,0,2836.64684626
20214,1123002536,4,3,1,0,0,0,4,0,0,0,0,0,3,0,0,0,0,0,1,0,0,3622.11421246
20214,1123002550,1,1,0,0,0,0,1,0,0,0,0,0,1,0,0,0,0,0,0,0,0,820.199193503
20214,1123002554,2,2,0,0,0,0,1,1,0,0,0,0,1,1,0,0,0,0,0,0,0,3691.36341801
20214,1123002565,8,6,2,0,0,3,2,1,2,0,0,2,1,1,2,0,0,1,1,0,0,1404.58152604
20214,1123002567,5,5,0,0,0,0,3,1,1,0,0,0,3,1,1,0,0,0,0,0,0,832.129823743
20214,1123002568,452,314,138,1,20,81,163,130,57,1,13,36,115,96,53,0,7,45,48,34,4,1831.48307665
20214,1123002578,6,6,0,0,1,1,0,3,1,0,1,1,0,3,1,0,0,0,0,0,0,4279.2552907
20214,1123002582,2,2,0,0,0,0,1,0,1,0,0,0,1,0,1,0,0,0,0,0,0,2176.99092134
20214,1123002589,2,1,1,0,0,1,1,0,0,0,0,0,1,0,0,0,0,1,0,0,0,1155.38552059
20214,1123002593,5,3,2,0,0,3,0,1,1,0,0,2,0,0,1,0,0,1,0,1,0,8385.24352629
20214,1123002601,49,33,16,0,8,17,22,2,0,0,4,13,15,1,0,0,4,4,7,1,0,1841.85327599
20214,1123002605,34,29,5,0,5,6,7,10,6,0,3,4,6,10,6,0,2,2,1,0,0,13237.1194942
20214,1123002606,4,2,2,0,0,1,1,0,2,0,0,0,1,0,1,0,0,1,0,0,1,4138.75667684
20214,1123002607,91,44,47,0,10,18,31,25,7,0,3,17,10,8,6,0,7,1,21,17,1,3940.03439716
20214,1123002608,5,2,3,0,0,3,0,0,2,0,0,1,0,0,1,0,0,2,0,0,1,7654.08675125
20214,1123002616,60,16,44,0,7,2,10,10,31,0,0,0,2,5,9,0,7,2,8,5,22,9243.73748842
20214,1123002618,11,5,6,0,2,2,1,0,6,0,0,1,0,0,4,0,2,1,1,0,2,6978.0957187
20214,1123002621,17,10,7,0,1,4,5,4,3,0,1,2,3,2,2,0,0,2,2,2,1,3854.78339284
20214,1123002622,207,117,90,3,56,37,45,44,22,2,26,23,30,23,13,1,30,14,15,21,9,2178.13917658
20214,1123002623,14,8,6,0,0,2,1,5,6,0,0,0,0,4,4,0,0,2,1,1,2,5821.58192479
20214,1123002627,4,3,1,0,1,2,1,0,0,0,1,1,1,0,0,0,0,1,0,0,0,3243.50498842
20214,1123002628,120,68,52,0,14,22,18,33,33,0,10,9,8,17,24,0,4,13,10,16,9,14535.9802083
20214,1123002629,80,28,52,0,5,14,17,27,17,0,3,5,8,6,6,0,2,9,9,21,11,3361.02961059
20214,1123002631,21,8,13,0,7,5,2,6,1,0,2,2,0,3,1,0,5,3,2,3,0,9423.44799531
20214,1123002633,237,141,96,0,12,26,41,58,100,0,7,17,19,35,63,0,5,9,22,23,37,10295.3038033
20214,1123002634,3,1,2,0,0,0,0,2,1,0,0,0,0,1,0,0,0,0,0,1,1,4481.7189554
20214,1123002635,14,3,11,0,0,1,5,4,4,0,0,0,2,0,1,0,0,1,3,4,3,2678.94766554
20214,1123002636,5,3,2,0,1,0,2,1,1,0,0,0,1,1,1,0,1,0,1,0,0,1044.62139714
20214,1123002638,8,3,5,0,0,1,2,2,3,0,0,0,1,0,2,0,0,1,1,2,1,3139.23114956
20214,1123002639,37,8,29,0,3,8,8,8,10,0,0,0,0,2,6,0,3,8,8,6,4,5673.18015791
20214,1123002640,216,125,91,0,22,19,29,58,88,0,11,14,13,27,60,0,11,5,16,31,28,7504.99769694
20214,1123002641,4,2,2,0,2,0,0,2,0,0,0,0,0,2,0,0,2,0,0,0,0,1893.06739058
20214,1123002643,15,3,12,0,4,3,1,3,4,0,0,0,0,0,3,0,4,3,1,3,1,5369.47236959
20214,1123002644,6,3,3,0,1,1,0,2,2,0,0,1,0,2,0,0,1,0,0,0,2,1270.4937998
20214,1123002645,10,3,7,0,1,3,2,3,1,0,0,0,0,2,1,0,1,3,2,1,0,5111.00326465
20214,1123002647,11,8,3,0,0,1,6,2,2,0,0,1,5,1,1,0,0,0,1,1,1,1792.53377292
20214,1123002650,54,35,19,0,3,15,6,12,18,0,1,11,3,6,14,0,2,4,3,6,4,3281.86765659
20214,1123002651,353,87,266,0,96,98,86,56,17,0,12,25,19,18,13,0,84,73,67,38,4,6172.00839944
20214,1123002654,3,2,1,0,1,0,2,0,0,0,0,0,2,0,0,0,1,0,0,0,0,3893.0683886
20214,1123002660,26,20,6,1,0,2,16,5,2,1,0,0,13,4,2,0,0,2,3,1,0,4042.42087228
20214,1123002662,8,4,4,0,0,0,3,4,1,0,0,0,2,1,1,0,0,0,1,3,0,1085.16450444
20214,1123002669,2,2,0,0,0,1,0,1,0,0,0,1,0,1,0,0,0,0,0,0,0,934.769917878
20214,1123002674,23,11,12,0,2,2,6,5,8,0,1,1,3,1,5,0,1,1,3,4,3,4746.99512161
20214,1123002677,6,4,2,0,1,2,1,1,1,0,0,2,1,0,1,0,1,0,0,1,0,719.96882156
20214,1123002683,22,18,4,0,0,5,8,9,0,0,0,2,7,9,0,0,0,3,1,0,0,781.21546642
20214,1123002684,3,1,2,0,1,0,0,2,0,0,0,0,0,1,0,0,1,0,0,1,0,1603.46469515
20214,1123002690,4,2,2,0,0,0,2,2,0,0,0,0,1,1,0,0,0,0,1,1,0,2896.75745726
20214,1123002692,10,0,10,0,0,3,3,4,0,0,0,0,0,0,0,0,0,3,3,4,0,1233.39585641
20214,1123002697,4,2,2,0,0,0,0,2,2,0,0,0,0,0,2,0,0,0,0,2,0,1989.42465704
20214,1123002699,10,9,1,0,1,5,2,1,1,0,1,4,2,1,1,0,0,1,0,0,0,926.081338484
20214,1123002701,5,4,1,0,0,0,5,0,0,0,0,0,4,0,0,0,0,0,1,0,0,778.779638929
20214,1123002706,2,0,2,0,0,0,1,1,0,0,0,0,0,0,0,0,0,0,1,1,0,1445.25842996
20214,1123002707,47,42,5,0,0,1,10,5,31,0,0,1,5,5,31,0,0,0,5,0,0,10946.0681679
20214,1123002708,6,2,4,0,0,2,3,0,1,0,0,0,2,0,0,0,0,2,1,0,1,4176.15077947
20214,1123002713,3,1,2,0,0,0,0,3,0,0,0,0,0,1,0,0,0,0,0,2,0,9693.84098584
20214,1123002714,43,27,16,0,8,8,15,5,7,0,5,3,8,4,7,0,3,5,7,1,0,4680.70346453
20214,1123002715,1,1,0,0,0,0,0,1,0,0,0,0,0,1,0,0,0,0,0,0,0,1253.9989814
20214,1123002717,2,2,0,0,0,0,1,1,0,0,0,0,1,1,0,0,0,0,0,0,0,2431.05873191
20214,1123002719,2,2,0,0,0,0,2,0,0,0,0,0,2,0,0,0,0,0,0,0,0,975.571989327
20214,1123002723,55,33,22,0,8,11,21,11,4,0,4,4,14,8,3,0,4,7,7,3,1,6040.37530546
20214,1123002725,2,2,0,0,0,0,1,0,1,0,0,0,1,0,1,0,0,0,0,0,0,3743.19124982
20214,1123002729,4,1,3,0,0,0,0,3,1,0,0,0,0,1,0,0,0,0,0,2,1,2279.12340816
20214,1123002733,16,13,3,0,1,4,5,6,0,0,0,4,4,5,0,0,1,0,1,1,0,5199.83648477
20214,1123002734,1,1,0,0,0,0,1,0,0,0,0,0,1,0,0,0,0,0,0,0,0,1502.51419786
20214,1123002736,6,5,1,0,1,0,3,2,0,0,0,0,3,2,0,0,1,0,0,0,0,2096.69549657
20214,1123002738,19,11,8,0,2,9,5,3,0,0,1,7,1,2,0,0,1,2,4,1,0,5995.60777454
20214,1123002742,6,5,1,0,0,1,1,3,1,0,0,0,1,3,1,0,0,1,0,0,0,5582.61413012
20214,1123002746,6,4,2,0,3,1,1,1,0,0,3,0,0,1,0,0,0,1,1,0,0,574.036106706
20214,1123002749,1,1,0,0,0,0,0,0,1,0,0,0,0,0,1,0,0,0,0,0,0,787.454644106
20214,1123002751,19,7,12,0,8,8,2,1,0,0,2,4,1,0,0,0,6,4,1,1,0,4083.93505586
20214,1123002755,249,59,190,1,30,20,16,43,139,1,6,10,9,5,28,0,24,10,7,38,111,7310.33141785
20214,1123002756,11,4,7,0,1,0,3,6,1,0,0,0,2,2,0,0,1,0,1,4,1,6327.95327245
20214,1123002757,1,1,0,0,0,0,0,1,0,0,0,0,0,1,0,0,0,0,0,0,0,5494.58312936
20214,1123002761,13,8,5,0,3,3,4,1,2,0,3,0,3,0,2,0,0,3,1,1,0,3105.93828489
20214,1123002766,18,3,15,0,5,5,3,3,2,0,0,1,2,0,0,0,5,4,1,3,2,7574.87214461
20214,1123002767,8,8,0,0,1,2,2,3,0,0,1,2,2,3,0,0,0,0,0,0,0,4733.72402152
20214,1123002769,2,2,0,0,0,0,0,0,2,0,0,0,0,0,2,0,0,0,0,0,0,2698.34449133
20214,1123002774,7,5,2,0,0,0,2,3,2,0,0,0,0,3,2,0,0,0,2,0,0,2959.69723667
20214,1123002776,802,598,204,0,138,382,114,113,55,0,87,323,78,80,30,0,51,59,36,33,25,5416.71290985
20214,1123002781,10,1,9,0,0,1,1,6,2,0,0,0,0,1,0,0,0,1,1,5,2,5162.70193978
20214,1123002784,19,8,11,0,1,6,7,4,1,0,1,4,2,1,0,0,0,2,5,3,1,2008.60643332
20214,1123002785,36,12,24,0,7,10,6,13,0,0,2,1,2,7,0,0,5,9,4,6,0,18019.1780333
20214,1123002786,6,2,4,0,1,0,2,3,0,0,0,0,1,1,0,0,1,0,1,2,0,4069.79125929
20214,1123002791,2,2,0,0,0,0,0,0,2,0,0,0,0,0,2,0,0,0,0,0,0,4494.47104337
20214,1123002792,9,4,5,0,1,3,1,4,0,0,0,0,1,3,0,0,1,3,0,1,0,2008.5003708
20214,1123002794,3,2,1,0,0,0,2,1,0,0,0,0,1,1,0,0,0,0,1,0,0,1972.92056067
20214,1123002797,114,27,87,0,21,25,25,23,20,0,9,8,3,3,4,0,12,17,22,20,16,13109.7705542
20214,1123002807,30,12,18,0,1,16,7,5,1,0,1,5,2,3,1,0,0,11,5,2,0,18763.0717535
20214,1123002811,5,4,1,0,1,1,1,2,0,0,1,1,0,2,0,0,0,0,1,0,0,823.418927319
20214,1123002814,14,6,8,0,1,4,2,3,4,0,0,3,0,0,3,0,1,1,2,3,1,6168.85521255
20214,1123002823,13,9,4,0,0,1,11,1,0,0,0,1,8,0,0,0,0,0,3,1,0,1481.26778293
20214,1123002827,5,4,1,0,0,1,1,1,2,0,0,1,1,1,1,0,0,0,0,0,1,1070.50199421
20214,1123002829,15,12,3,0,0,2,3,7,3,0,0,2,3,6,1,0,0,0,0,1,2,4181.02332029
20214,1123002831,3,1,2,0,0,0,1,0,2,0,0,0,1,0,0,0,0,0,0,0,2,5406.19270289
20214,1123002832,36,3,33,0,2,7,17,8,2,0,0,0,2,1,0,0,2,7,15,7,2,16011.9000326
20214,1123002833,2,1,1,0,0,0,1,1,0,0,0,0,0,1,0,0,0,0,1,0,0,4835.77166826
20214,1123002834,386,244,142,0,45,106,101,105,29,0,9,48,76,87,24,0,36,58,25,18,5,145231.340463
20214,1123002839,433,279,154,1,101,179,87,46,19,1,44,116,66,39,13,0,57,63,21,7,6,86929.4344295
20214,1123002840,783,366,417,1,238,302,113,86,43,0,79,128,68,55,36,1,159,174,45,31,7,204928.740361
20214,1123002845,1,0,1,0,0,0,0,1,0,0,0,0,0,0,0,0,0,0,0,1,0,1857.92952282
20214,1123002847,2,1,1,0,0,1,0,1,0,0,0,0,0,1,0,0,0,1,0,0,0,1332.09506987
20214,1123002848,4,0,4,0,0,2,0,2,0,0,0,0,0,0,0,0,0,2,0,2,0,2581.0345929
20214,1123002851,46,40,6,0,0,2,1,9,34,0,0,0,0,6,34,0,0,2,1,3,0,1452.37187066
20214,1123002865,4,1,3,0,2,0,0,2,0,0,0,0,0,1,0,0,2,0,0,1,0,5373.72049496
20214,1123002868,260,121,139,0,37,62,57,70,34,0,9,21,32,33,26,0,28,41,25,37,8,1510.91950751
20214,1123002876,47,26,21,1,5,18,15,6,2,1,3,10,9,3,0,0,2,8,6,3,2,15017.9680694
20214,1123002877,4,0,4,0,0,0,4,0,0,0,0,0,0,0,0,0,0,0,4,0,0,1607.11077524
20214,1123002880,4,4,0,0,0,3,1,0,0,0,0,3,1,0,0,0,0,0,0,0,0,6573.82251752
20214,1123002883,2,1,1,0,0,0,0,2,0,0,0,0,0,1,0,0,0,0,0,1,0,1318.55705442
20214,1123002886,2,1,1,0,0,0,1,1,0,0,0,0,0,1,0,0,0,0,1,0,0,2935.76638306
20214,1123002891,17,7,10,0,3,2,7,5,0,0,0,2,2,3,0,0,3,0,5,2,0,9962.6035372
20214,1123002895,14,7,7,0,0,2,3,4,5,0,0,2,1,1,3,0,0,0,2,3,2,4137.9390375
20214,1123002896,3,0,3,0,1,2,0,0,0,0,0,0,0,0,0,0,1,2,0,0,0,3959.52459558
20214,1123002898,28,6,22,0,6,10,5,5,2,0,2,1,1,1,1,0,4,9,4,4,1,6010.32442575
20214,1123002899,4,4,0,0,2,0,0,1,1,0,2,0,0,1,1,0,0,0,0,0,0,3200.76256493
20214,1123002900,25,18,7,0,0,6,9,7,3,0,0,5,5,6,2,0,0,1,4,1,1,13063.948137
20214,1123002901,13,9,4,0,1,0,1,5,6,0,0,0,0,5,4,0,1,0,1,0,2,3447.72831246
20214,1123002903,2,2,0,0,0,0,1,1,0,0,0,0,1,1,0,0,0,0,0,0,0,4492.04775526
20214,1123002905,10,9,1,0,5,2,0,0,3,0,4,2,0,0,3,0,1,0,0,0,0,5201.55250318
20214,1123002906,2,1,1,0,0,0,0,0,2,0,0,0,0,0,1,0,0,0,0,0,1,1563.78613036
20214,1123002907,5,2,3,0,0,0,2,1,2,0,0,0,1,0,1,0,0,0,1,1,1,4459.29513123
20214,1123002908,5,0,5,0,0,1,2,2,0,0,0,0,0,0,0,0,0,1,2,2,0,1661.85417865
20214,1123002911,6,0,6,0,0,0,4,1,1,0,0,0,0,0,0,0,0,0,4,1,1,3750.41693968
20214,1123002914,6,2,4,0,1,1,1,2,1,0,0,0,1,1,0,0,1,1,0,1,1,4604.29294001
20214,1123002915,13,5,8,0,1,2,4,1,5,0,0,2,2,0,1,0,1,0,2,1,4,4925.59184714
20214,1123002916,4,1,3,0,0,0,2,2,0,0,0,0,0,1,0,0,0,0,2,1,0,4142.42363309
20214,1123002917,4,3,1,0,0,1,0,2,1,0,0,1,0,1,1,0,0,0,0,1,0,603.027519223
20214,1123002918,9,0,9,0,3,3,1,0,2,0,0,0,0,0,0,0,3,3,1,0,2,1004.19322794
20214,1123002919,91,14,77,0,6,25,33,22,5,0,1,4,4,1,4,0,5,21,29,21,1,17689.5856703
20214,1123002920,5,4,1,0,0,0,0,2,3,0,0,0,0,2,2,0,0,0,0,0,1,2780.02974491
20214,1123002923,6,2,4,0,1,0,2,2,1,0,0,0,0,2,0,0,1,0,2,0,1,4296.91466037
20214,1123002924,15,6,9,0,2,8,2,0,3,0,0,4,1,0,1,0,2,4,1,0,2,3736.83245655
20214,1123002925,5,1,4,0,1,1,1,1,1,0,1,0,0,0,0,0,0,1,1,1,1,2422.05723758
20214,1123002926,22,9,13,0,4,6,4,3,5,0,4,1,1,1,2,0,0,5,3,2,3,1926.12998818
20214,1123002928,7,3,4,0,3,2,1,1,0,0,0,1,1,1,0,0,3,1,0,0,0,5427.73148192
20214,1123002929,17,11,6,0,0,6,5,2,4,0,0,4,5,1,1,0,0,2,0,1,3,6990.87268715
20214,1123002931,3,2,1,0,0,1,1,1,0,0,0,0,1,1,0,0,0,1,0,0,0,2471.75163454
20214,1123002937,52,42,10,0,1,9,20,11,11,0,1,7,16,8,10,0,0,2,4,3,1,34094.480476
20214,1123002938,15,6,9,0,8,2,5,0,0,0,1,1,4,0,0,0,7,1,1,0,0,68381.0030704
20214,1123002941,8,7,1,0,0,1,2,2,3,0,0,1,2,2,2,0,0,0,0,0,1,2186.89832288
20214,1123002942,16,9,7,1,1,5,2,3,4,0,0,3,1,2,3,1,1,2,1,1,1,8655.7840371
20214,1123002943,34,17,17,0,5,9,9,5,6,0,3,5,3,3,3,0,2,4,6,2,3,11806.3933984
20214,1123002946,1,1,0,0,1,0,0,0,0,0,1,0,0,0,0,0,0,0,0,0,0,2280.66381413
20214,1123002949,7,6,1,0,0,0,2,5,0,0,0,0,2,4,0,0,0,0,0,1,0,1173.42272159
20214,1123002951,15,9,6,0,1,1,4,3,6,0,1,1,3,0,4,0,0,0,1,3,2,3091.96541572
20214,1123002952,3,2,1,0,0,1,1,0,1,0,0,1,1,0,0,0,0,0,0,0,1,3942.64469453
20214,1123002953,5,3,2,1,1,0,1,1,1,1,0,0,1,1,0,0,1,0,0,0,1,4089.65904967
20214,1123002954,20,9,11,0,6,8,2,1,3,0,1,4,1,0,3,0,5,4,1,1,0,5493.46665185
20214,1123002956,4,4,0,0,0,0,0,1,3,0,0,0,0,1,3,0,0,0,0,0,0,22550.5034436
20214,1123002959,7,6,1,0,0,0,3,2,2,0,0,0,3,1,2,0,0,0,0,1,0,1461.94013885
20214,1123002960,3,1,2,0,0,1,1,1,0,0,0,0,0,1,0,0,0,1,1,0,0,2876.59289452
20214,1123002964,20,17,3,0,0,3,2,6,9,0,0,2,2,4,9,0,0,1,0,2,0,10333.6074492
20214,1123002965,2,1,1,0,0,1,0,0,1,0,0,0,0,0,1,0,0,1,0,0,0,1421.04892608
20214,1123002966,27,15,12,0,6,2,4,6,9,0,2,2,2,2,7,0,4,0,2,4,2,3956.03477432
20214,1123002967,84,54,30,0,14,8,28,25,9,0,8,6,15,17,8,0,6,2,13,8,1,13051.1044731
20214,1123002968,2,1,1,0,0,0,0,1,1,0,0,0,0,0,1,0,0,0,0,1,0,6251.95843482
20214,1123002974,319,252,67,0,20,58,110,115,16,0,10,50,85,96,11,0,10,8,25,19,5,4514.14451559
20214,1123002982,2,2,0,0,0,0,1,0,1,0,0,0,1,0,1,0,0,0,0,0,0,5860.91184551
20214,1123002985,230,126,104,0,26,57,60,49,38,0,11,36,41,30,8,0,15,21,19,19,30,1232.6863747
20214,1123002986,5,4,1,0,0,0,2,1,2,0,0,0,2,0,2,0,0,0,0,1,0,7121.21524291
20214,1123002990,47,33,14,0,7,4,12,14,10,0,5,4,6,9,9,0,2,0,6,5,1,12047.0287981
20214,1123002991,37,23,14,0,3,5,7,8,14,0,2,2,3,4,12,0,1,3,4,4,2,5781.13744145
20214,1123002993,4,4,0,0,0,0,2,0,2,0,0,0,2,0,2,0,0,0,0,0,0,6875.16128071
20214,1123002995,5,1,4,0,2,2,1,0,0,0,0,0,1,0,0,0,2,2,0,0,0,1339.17571596
20214,1123002996,92,27,65,0,10,15,14,5,48,0,3,6,3,2,13,0,7,9,11,3,35,7871.0655319
20214,1123002998,3,0,3,0,2,0,0,1,0,0,0,0,0,0,0,0,2,0,0,1,0,2231.43201635
20214,1123002999,2,2,0,0,0,0,1,1,0,0,0,0,1,1,0,0,0,0,0,0,0,1162.60106867
20214,1123003009,35,17,18,1,3,9,14,7,1,0,2,1,8,5,1,1,1,8,6,2,0,5556.41635339
20214,1123003012,8,5,3,0,1,2,2,2,1,0,0,0,2,2,1,0,1,2,0,0,0,1218.34512365
20214,1123003014,3,2,1,0,0,2,0,0,1,0,0,1,0,0,1,0,0,1,0,0,0,1182.30404241
20214,1123003018,12,11,1,0,0,2,1,5,4,0,0,2,0,5,4,0,0,0,1,0,0,8835.50062464
20214,1123003020,14,8,6,0,3,3,4,3,1,0,3,2,2,1,0,0,0,1,2,2,1,7216.11136233
20214,1123003022,2,1,1,0,0,0,2,0,0,0,0,0,1,0,0,0,0,0,1,0,0,1677.00612323
20214,1123003023,39,7,32,0,5,11,9,9,5,0,1,0,2,2,2,0,4,11,7,7,3,2959.45200321
20214,1123003024,17,2,15,0,0,5,5,4,3,0,0,0,0,0,2,0,0,5,5,4,1,1400.23542553
20214,1123003025,4,3,1,0,0,2,1,1,0,0,0,1,1,1,0,0,0,1,0,0,0,3303.94673515
20214,1123003029,5,4,1,0,0,0,0,5,0,0,0,0,0,4,0,0,0,0,0,1,0,4524.61911672
20214,1123003032,115,63,52,2,22,34,19,28,10,0,2,14,13,25,9,2,20,20,6,3,1,12058.3743236
20214,1123003034,5,1,4,0,0,0,1,4,0,0,0,0,0,1,0,0,0,0,1,3,0,2565.69065106
20214,1123003037,2,1,1,0,0,0,0,1,1,0,0,0,0,1,0,0,0,0,0,0,1,3638.95708217
20214,1123003038,9,4,5,0,0,1,1,3,4,0,0,1,0,2,1,0,0,0,1,1,3,3698.24780991
20214,1123003044,3,3,0,0,0,1,2,0,0,0,0,1,2,0,0,0,0,0,0,0,0,3574.12178366
20214,1123003046,3,2,1,0,0,0,1,1,1,0,0,0,1,0,1,0,0,0,0,1,0,3867.1605798
20214,1123003052,31,7,24,0,3,0,1,7,20,0,1,0,1,2,3,0,2,0,0,5,17,3927.52294582
20214,1123003057,10,6,4,0,1,0,2,3,4,0,1,0,1,1,3,0,0,0,1,2,1,3167.75738429
20214,1123003059,5,4,1,0,0,2,0,1,2,0,0,2,0,0,2,0,0,0,0,1,0,1313.90936941
20214,1123003060,16,12,4,0,1,1,4,8,2,0,0,1,3,6,2,0,1,0,1,2,0,3224.03133839
20214,1123003061,2,2,0,0,0,0,2,0,0,0,0,0,2,0,0,0,0,0,0,0,0,3218.04294109
20214,1123003063,13,6,7,0,5,2,2,1,3,0,1,1,1,1,2,0,4,1,1,0,1,9640.84880546
20214,1123003065,3,2,1,0,0,2,0,0,1,0,0,1,0,0,1,0,0,1,0,0,0,3022.13577466
20214,1123003066,17,3,14,0,0,7,3,6,1,0,0,1,0,2,0,0,0,6,3,4,1,1166.57534
20214,1123003067,18,1,17,0,3,5,3,4,3,0,0,0,0,0,1,0,3,5,3,4,2,1538.43611938
20214,1123003068,7,7,0,0,0,0,2,4,1,0,0,0,2,4,1,0,0,0,0,0,0,4541.00568846
20214,1123003069,3,2,1,0,1,0,0,2,0,0,0,0,0,2,0,0,1,0,0,0,0,1889.17113346
20214,1123003070,16,8,8,0,0,1,2,2,11,0,0,1,1,1,5,0,0,0,1,1,6,11129.0370473
20214,1123003078,2,2,0,0,0,0,1,1,0,0,0,0,1,1,0,0,0,0,0,0,0,1068.36855711
20214,1123003082,105,41,64,0,8,31,37,23,6,0,2,8,12,15,4,0,6,23,25,8,2,2342.93071185
20214,1123003094,186,107,79,0,22,45,48,46,25,0,10,21,23,29,24,0,12,24,25,17,1,5618.47306291
20214,1123003100,18,2,16,0,5,4,6,1,2,0,0,0,0,1,1,0,5,4,6,0,1,7604.23128972
20214,1123003105,39,18,21,0,9,10,9,9,2,0,3,3,5,5,2,0,6,7,4,4,0,3015.93063789
20214,1123003107,678,421,257,5,58,126,204,175,110,3,26,61,117,113,101,2,32,65,87,62,9,4626.95567548
20214,1123003118,4,3,1,0,0,0,2,2,0,0,0,0,2,1,0,0,0,0,0,1,0,4249.76234106
20214,1123003119,50,39,11,0,3,20,18,1,8,0,2,17,11,1,8,0,1,3,7,0,0,12868.6711485
20214,1123003120,25,15,10,0,1,2,7,13,2,0,1,2,6,6,0,0,0,0,1,7,2,11398.4598182
20214,1123003122,10,1,9,0,3,2,1,2,2,0,0,0,0,0,1,0,3,2,1,2,1,3272.18602586
20214,1123003124,185,82,103,0,26,43,43,59,14,0,13,15,9,35,10,0,13,28,34,24,4,19358.6191889
20214,1123003128,9,3,6,0,2,5,0,1,1,0,0,2,0,0,1,0,2,3,0,1,0,12928.1814159
20214,1123003129,22,17,5,0,2,5,8,6,1,0,2,3,7,4,1,0,0,2,1,2,0,4091.84871842
20214,1123003130,4,3,1,0,0,0,1,1,2,0,0,0,1,1,1,0,0,0,0,0,1,1471.64044485
20214,1123003131,4,2,2,0,0,0,1,2,1,0,0,0,0,1,1,0,0,0,1,1,0,3349.4808711
20214,1123003136,2,1,1,0,0,1,1,0,0,0,0,0,1,0,0,0,0,1,0,0,0,884.504306945
20214,1123003137,314,221,93,0,24,118,122,50,0,0,13,77,91,40,0,0,11,41,31,10,0,27614.2424638
20214,1123003138,18,7,11,0,0,0,6,9,3,0,0,0,3,2,2,0,0,0,3,7,1,8513.5283851
20214,1123003139,34,11,23,0,4,11,5,14,0,0,0,2,2,7,0,0,4,9,3,7,0,15038.7415062
20214,1123003144,5,3,2,0,0,0,0,3,2,0,0,0,0,1,2,0,0,0,0,2,0,1993.21277869
20214,1123003146,19,16,3,0,5,2,1,7,4,0,5,2,0,5,4,0,0,0,1,2,0,2252.1967799
20214,1123003147,67,10,57,0,8,15,18,22,4,0,1,2,0,3,4,0,7,13,18,19,0,17303.1775195
20214,1123003148,2,1,1,0,0,0,2,0,0,0,0,0,1,0,0,0,0,0,1,0,0,3128.59616429
20214,1123003150,297,225,72,1,6,12,9,21,248,1,2,7,1,12,202,0,4,5,8,9,46,5558.46557363
20214,1123003151,2,2,0,0,1,1,0,0,0,0,1,1,0,0,0,0,0,0,0,0,0,1743.12974971
20214,1123003153,19,3,16,0,0,6,4,7,2,0,0,1,1,0,1,0,0,5,3,7,1,2316.69666325
20214,1123003154,3,3,0,0,0,0,2,1,0,0,0,0,2,1,0,0,0,0,0,0,0,6281.24073051
20214,1123003155,20,11,9,0,1,0,3,11,5,0,1,0,2,4,4,0,0,0,1,7,1,3363.2077305
20214,1123003156,1,1,0,0,0,0,1,0,0,0,0,0,1,0,0,0,0,0,0,0,0,1373.31387675
20214,1123003158,18,16,2,0,0,3,5,4,6,0,0,3,4,4,5,0,0,0,1,0,1,8970.64619539
20214,1123003159,63,51,12,0,7,17,23,13,3,0,4,13,19,12,3,0,3,4,4,1,0,5480.83401
20214,1123003161,1,1,0,0,0,0,0,1,0,0,0,0,0,1,0,0,0,0,0,0,0,23579.4917903
20214,1123003166,3,1,2,0,0,1,0,1,1,0,0,0,0,0,1,0,0,1,0,1,0,3247.92058127
20214,1123003171,53,15,38,0,6,15,14,17,1,0,1,3,4,7,0,0,5,12,10,10,1,13633.9854419
20214,1123003175,8,7,1,0,0,1,2,2,3,0,0,1,2,2,2,0,0,0,0,0,1,9316.32131498
20214,1123003181,6,5,1,0,0,2,0,3,1,0,0,2,0,2,1,0,0,0,0,1,0,3407.7166487
20214,1123003182,3,2,1,0,0,1,1,1,0,0,0,0,1,1,0,0,0,1,0,0,0,2931.7594135
20214,1123003184,2,0,2,0,0,0,1,0,1,0,0,0,0,0,0,0,0,0,1,0,1,1837.34800783
20214,1123003186,55,37,18,0,3,14,19,19,0,0,1,7,11,18,0,0,2,7,8,1,0,1775.20415458
20214,1123003187,4,3,1,0,0,1,1,2,0,0,0,1,0,2,0,0,0,0,1,0,0,2689.88167951
20214,1123003192,4,4,0,0,0,0,1,3,0,0,0,0,1,3,0,0,0,0,0,0,0,3395.39822332
20214,1123003194,5,4,1,0,1,0,3,1,0,0,1,0,2,1,0,0,0,0,1,0,0,3940.78552013
20214,1123003195,7,4,3,0,0,0,1,5,1,0,0,0,1,3,0,0,0,0,0,2,1,2096.1240028
20214,1123003198,1,1,0,0,0,0,0,0,1,0,0,0,0,0,1,0,0,0,0,0,0,1773.35958788
20214,1123003199,13,8,5,0,1,5,3,3,1,0,1,2,1,3,1,0,0,3,2,0,0,11968.2079724
20214,1123003200,5,2,3,0,0,0,2,0,3,0,0,0,0,0,2,0,0,0,2,0,1,3125.45551703
20214,1123003201,126,50,76,0,22,34,37,19,14,0,2,11,15,10,12,0,20,23,22,9,2,3733.1613408
20214,1123003202,6,5,1,0,0,2,3,1,0,0,0,2,2,1,0,0,0,0,1,0,0,11987.7122254
20214,1123003204,4,4,0,0,0,0,1,1,2,0,0,0,1,1,2,0,0,0,0,0,0,3210.21328573
20214,1123003208,3,2,1,0,0,2,0,0,1,0,0,1,0,0,1,0,0,1,0,0,0,3851.541978
20214,1123003210,1,0,1,0,0,0,1,0,0,0,0,0,0,0,0,0,0,0,1,0,0,4020.53359944
20214,1123003211,62,45,17,0,12,16,17,12,5,0,8,13,12,8,4,0,4,3,5,4,1,8274.21403272
20214,1123003213,15,0,15,0,2,4,4,5,0,0,0,0,0,0,0,0,2,4,4,5,0,5956.24610527
20214,1123003214,7,0,7,0,0,0,4,2,1,0,0,0,0,0,0,0,0,0,4,2,1,1257.14468851
20214,1123003216,6,6,0,0,0,0,2,4,0,0,0,0,2,4,0,0,0,0,0,0,0,2667.28280985
20214,1123003217,6,2,4,1,0,2,2,1,0,0,0,1,0,1,0,1,0,1,2,0,0,3329.87581324
20214,1123003221,4,2,2,0,0,1,3,0,0,0,0,1,1,0,0,0,0,0,2,0,0,2101.70309045
20214,1123003222,7,2,5,0,0,1,4,1,1,0,0,1,0,1,0,0,0,0,4,0,1,2742.40524015
20214,1123003223,2,2,0,0,2,0,0,0,0,0,2,0,0,0,0,0,0,0,0,0,0,610.98000847
20214,1123003225,28,11,17,0,3,4,9,2,10,0,0,0,2,1,8,0,3,4,7,1,2,10602.3289047
20214,1123003227,5,3,2,0,0,1,1,1,2,0,0,0,0,1,2,0,0,1,1,0,0,3652.08823396
20214,1123003228,1,0,1,0,0,1,0,0,0,0,0,0,0,0,0,0,0,1,0,0,0,2456.07411552
20214,1123003230,163,52,111,0,15,17,34,42,55,0,7,8,17,11,9,0,8,9,17,31,46,141007.569639
20214,1123003231,1499,630,869,0,323,352,359,382,83,0,64,161,193,169,43,0,259,191,166,213,40,4303.94168553
20214,1123003242,4,2,2,0,0,0,0,1,3,0,0,0,0,1,1,0,0,0,0,0,2,6594.92086151
20214,1123003243,15,12,3,0,1,5,5,3,1,0,1,5,3,2,1,0,0,0,2,1,0,4674.05976834
20214,1123003244,5,3,2,0,1,0,0,2,2,0,0,0,0,1,2,0,1,0,0,1,0,2617.4533702
20214,1123003245,38,8,30,0,2,7,16,11,2,0,0,1,3,3,1,0,2,6,13,8,1,3968.17004883
20214,1129000001,19,1,18,0,4,6,4,3,2,0,0,0,0,0,1,0,4,6,4,3,1,3003.00535396
20214,1129000003,63,37,26,0,4,17,18,16,8,0,0,10,7,13,7,0,4,7,11,3,1,2810.55308507
20214,1129000008,88,19,69,0,36,24,10,8,10,0,2,5,3,2,7,0,34,19,7,6,3,7946.14242889
20214,1129000013,4,1,3,0,1,0,2,1,0,0,0,0,0,1,0,0,1,0,2,0,0,2883.14216599
20214,1129000016,2,0,2,0,0,0,1,0,1,0,0,0,0,0,0,0,0,0,1,0,1,1720.46424123
20214,1129000026,19,2,17,0,5,5,4,3,2,0,0,0,0,0,2,0,5,5,4,3,0,677.896615756
20214,1129000031,173,89,84,0,16,45,43,46,23,0,6,26,26,15,16,0,10,19,17,31,7,7682.32234575
20214,1129000032,8,4,4,0,0,2,1,2,3,0,0,2,0,0,2,0,0,0,1,2,1,3930.49844048
20214,1129000039,6,4,2,0,0,1,2,0,3,0,0,0,1,0,3,0,0,1,1,0,0,2677.49029149
20214,1129000042,5,0,5,0,0,0,2,0,3,0,0,0,0,0,0,0,0,0,2,0,3,17067.9713324
20214,1129000047,4,1,3,0,0,0,3,1,0,0,0,0,0,1,0,0,0,0,3,0,0,10290.4625534
20214,1129000049,42,9,33,0,12,7,11,8,4,0,0,0,5,2,2,0,12,7,6,6,2,8054.58226851
20214,1129000051,89,52,37,0,16,21,30,15,7,0,7,15,17,8,5,0,9,6,13,7,2,3961.21404433
20214,1129000062,218,74,144,1,29,62,65,38,23,0,13,20,16,14,11,1,16,42,49,24,12,2211.8899486
20214,1129000063,1,0,1,0,0,1,0,0,0,0,0,0,0,0,0,0,0,1,0,0,0,1984.38510667
20214,1129000070,358,154,204,0,45,52,105,117,39,0,22,25,42,40,25,0,23,27,63,77,14,27762.0060369
20214,1129000078,26,24,2,0,0,4,15,6,1,0,0,4,14,5,1,0,0,0,1,1,0,2532.94933053
20214,1129000086,104,47,57,0,28,16,25,17,18,0,10,7,10,7,13,0,18,9,15,10,5,2544.84774991
20214,1129000099,7,0,7,0,0,0,0,5,2,0,0,0,0,0,0,0,0,0,0,5,2,4588.45491458
20214,1129000104,29,12,17,0,0,7,10,5,7,0,0,3,4,2,3,0,0,4,6,3,4,7549.06429063
20214,1129000105,21,13,8,0,0,1,10,6,4,0,0,0,5,4,4,0,0,1,5,2,0,9426.87632765
20214,1129000115,120,68,52,1,33,41,24,16,5,0,16,27,10,10,5,1,17,14,14,6,0,1328.92312917
20214,1129000117,48,33,15,0,4,8,16,14,6,0,3,5,10,10,5,0,1,3,6,4,1,6622.64540695
20214,1129000118,20,3,17,0,1,6,8,4,1,0,0,0,1,1,1,0,1,6,7,3,0,5725.0525603
20214,1129000119,235,179,56,2,12,33,48,57,83,0,3,22,34,42,78,2,9,11,14,15,5,3283.84044582
20214,1129000131,35,9,26,0,10,12,6,4,3,0,0,3,3,2,1,0,10,9,3,2,2,4121.38126759
20214,1129000141,23,3,20,0,3,5,7,6,2,0,0,0,1,1,1,0,3,5,6,5,1,5649.8863137
20214,1129000149,272,135,137,0,32,45,106,66,23,0,12,21,50,42,10,0,20,24,56,24,13,3072.52310862
20214,1129000151,103,15,88,0,13,36,28,24,2,0,0,4,5,4,2,0,13,32,23,20,0,19784.0317989
20214,1129000154,4104,2068,2036,415,1905,1079,431,183,91,176,863,612,254,88,75,239,1042,467,177,95,16,2911.71914429
20214,1129000199,51,10,41,0,2,9,19,11,10,0,0,1,1,1,7,0,2,8,18,10,3,14872.3100721
20214,1129000200,32,29,3,0,0,1,3,8,20,0,0,1,3,5,20,0,0,0,0,3,0,4605.01613628
20214,1129000205,45,14,31,0,12,8,5,15,5,0,4,1,2,4,3,0,8,7,3,11,2,9684.75492897
20214,1129000216,15,9,6,0,1,1,5,4,4,0,0,0,3,3,3,0,1,1,2,1,1,7192.74839825
20214,1129000217,4,3,1,0,1,0,3,0,0,0,1,0,2,0,0,0,0,0,1,0,0,4529.78713502
20214,1129000218,6,3,3,0,0,0,3,2,1,0,0,0,1,2,0,0,0,0,2,0,1,2002.22047374
20214,1129000222,1,0,1,0,0,0,0,1,0,0,0,0,0,0,0,0,0,0,0,1,0,2355.9686265
20214,1129000226,25,18,7,0,0,5,11,4,5,0,0,2,10,2,4,0,0,3,1,2,1,5691.90574767
20214,1129000231,7,3,4,0,1,4,1,1,0,0,1,2,0,0,0,0,0,2,1,1,0,28476.078963
20214,1129000236,7,5,2,0,0,0,2,2,3,0,0,0,1,1,3,0,0,0,1,1,0,3825.23928098
20214,1129000238,18,13,5,0,0,5,2,7,4,0,0,2,2,7,2,0,0,3,0,0,2,10132.1033128
20214,1129000239,28,7,21,0,1,6,8,12,1,0,0,1,1,5,0,0,1,5,7,7,1,1974.53794165
20214,1129000240,19,12,7,0,2,4,4,5,4,0,1,2,2,3,4,0,1,2,2,2,0,5983.87898946
20214,1129000242,25,10,15,0,0,3,8,6,8,0,0,1,1,3,5,0,0,2,7,3,3,5381.7570772
20214,1129000243,10,7,3,1,0,3,6,0,0,0,0,3,4,0,0,1,0,0,2,0,0,5539.74042375
20214,1129000248,59,8,51,0,0,4,16,28,11,0,0,0,1,3,4,0,0,4,15,25,7,3053.45355792
20214,1129000249,93,19,74,0,12,17,19,26,19,0,2,5,5,1,6,0,10,12,14,25,13,11260.2036519
20214,1129000250,10,8,2,0,1,6,3,0,0,0,1,5,2,0,0,0,0,1,1,0,0,2917.0277682
20214,1129000252,25,16,9,0,1,9,7,6,2,0,1,6,4,4,1,0,0,3,3,2,1,2494.45260442
20214,1129000253,80,38,42,1,10,20,28,14,7,1,0,9,18,7,3,0,10,11,10,7,4,10863.379154
20214,1129000255,39,29,10,0,8,8,9,10,4,0,8,6,7,5,3,0,0,2,2,5,1,18553.8109315
20214,1129000259,2,1,1,0,0,0,1,1,0,0,0,0,1,0,0,0,0,0,0,1,0,3430.41905732
20214,1129000260,22,9,13,1,7,5,3,3,3,1,4,1,1,1,1,0,3,4,2,2,2,11322.6441677
20214,1129000262,38,10,28,0,11,7,9,9,2,0,5,1,1,2,1,0,6,6,8,7,1,3209.41082252
20214,1129000265,5,1,4,0,0,2,0,2,1,0,0,0,0,1,0,0,0,2,0,1,1,3424.79930994
20214,1129000273,12,7,5,0,1,2,5,3,1,0,1,2,2,2,0,0,0,0,3,1,1,4934.1020933
20214,1129000275,10,0,10,0,2,3,2,2,1,0,0,0,0,0,0,0,2,3,2,2,1,3805.91350446
20214,1129000280,12,7,5,0,1,1,3,3,4,0,1,1,1,1,3,0,0,0,2,2,1,2940.64197682
20214,1129000281,2,1,1,0,0,0,0,1,1,0,0,0,0,0,1,0,0,0,0,1,0,1873.3090004
20214,1129000284,50,25,25,0,3,10,14,14,9,0,2,5,9,6,3,0,1,5,5,8,6,17453.3113364
20214,1129000294,6,1,5,0,0,1,1,2,2,0,0,0,0,1,0,0,0,1,1,1,2,2356.93864494
20214,1129000303,5,3,2,0,0,0,2,3,0,0,0,0,1,2,0,0,0,0,1,1,0,5690.15376419
20214,1129000318,17,7,10,0,2,1,1,7,6,0,2,1,1,1,2,0,0,0,0,6,4,3832.52510983
20214,1129000321,23,12,11,0,3,3,7,5,5,0,1,2,3,3,3,0,2,1,4,2,2,18802.7956365
20214,1129000322,2,1,1,0,0,0,2,0,0,0,0,0,1,0,0,0,0,0,1,0,0,1228.72102
20214,1129000330,75,13,62,0,10,20,23,16,6,0,0,5,3,1,4,0,10,15,20,15,2,10218.1411501
20214,1129000335,92,60,32,0,3,16,25,21,27,0,2,9,12,13,24,0,1,7,13,8,3,6807.09646108
20214,1129000337,2,1,1,0,0,0,1,1,0,0,0,0,1,0,0,0,0,0,0,1,0,2139.15375133
20214,1129000341,50,14,36,0,4,14,15,17,0,0,0,2,8,4,0,0,4,12,7,13,0,22886.0896876
20214,1129000342,29,6,23,1,6,6,9,5,2,0,1,1,3,0,1,1,5,5,6,5,1,6058.26392649
20214,1129000343,3,0,3,0,0,0,0,2,1,0,0,0,0,0,0,0,0,0,0,2,1,66423.1669351
20214,1129000346,4,2,2,0,0,0,2,1,1,0,0,0,1,0,1,0,0,0,1,1,0,1669.7726758
20214,1129000350,2,1,1,0,0,0,0,1,1,0,0,0,0,0,1,0,0,0,0,1,0,2010.27400729
20214,1129000352,364,228,136,0,69,87,80,74,54,0,21,59,47,52,49,0,48,28,33,22,5,5464.41808822
20214,1129000354,1,1,0,0,0,0,0,1,0,0,0,0,0,1,0,0,0,0,0,0,0,1341.11667629
20214,1129000355,26,18,8,0,6,5,8,2,5,0,4,2,5,2,5,0,2,3,3,0,0,7105.56749095
20214,1129000360,4,0,4,0,0,1,2,1,0,0,0,0,0,0,0,0,0,1,2,1,0,7460.8954622
20214,1129000370,6,2,4,0,1,3,1,1,0,0,0,1,0,1,0,0,1,2,1,0,0,6500.29653181
20214,1129000387,7,3,4,0,0,0,2,5,0,0,0,0,1,2,0,0,0,0,1,3,0,876.585080906
20214,1129000393,23,14,9,0,7,6,4,5,1,0,4,4,2,3,1,0,3,2,2,2,0,6937.07027254
20214,1129000399,90,18,72,0,10,27,25,23,5,0,1,5,5,3,4,0,9,22,20,20,1,8017.20566594
20214,1129000404,8,7,1,0,0,4,0,3,1,0,0,3,0,3,1,0,0,1,0,0,0,4420.05960458
20214,1129000407,1103,298,805,8,497,361,132,79,26,0,75,125,37,39,22,8,422,236,95,40,4,5834.86487691
20214,1129000415,1,0,1,0,0,0,0,1,0,0,0,0,0,0,0,0,0,0,0,1,0,2012.5937853
20214,1129000417,14,3,11,0,1,2,7,4,0,0,0,1,1,1,0,0,1,1,6,3,0,8582.69223261
20214,1129000424,425,378,47,0,63,153,148,58,3,0,54,135,131,56,2,0,9,18,17,2,1,2187.70909293
20214,1129000438,10940,6783,4157,44,1682,2620,3536,1917,1141,13,807,1596,2417,1469,481,31,875,1024,1119,448,660,5266.54340769
20214,1129000448,95,43,52,0,13,39,21,14,8,0,3,21,4,9,6,0,10,18,17,5,2,3699.66282137
20214,1129000462,7,5,2,0,1,0,0,4,2,0,1,0,0,2,2,0,0,0,0,2,0,689.729106096
20214,1129000470,294,123,171,0,69,72,68,50,35,0,15,30,36,20,22,0,54,42,32,30,13,1437.52877038
20214,1129000482,49,40,9,0,3,9,9,14,14,0,3,6,7,12,12,0,0,3,2,2,2,3268.92247078
20214,1129000484,1,0,1,0,0,1,0,0,0,0,0,0,0,0,0,0,0,1,0,0,0,1194.0456133
20214,1129000486,1,1,0,0,0,0,0,0,1,0,0,0,0,0,1,0,0,0,0,0,0,3854.01878954
20214,1129000500,4,1,3,0,0,1,2,0,1,0,0,0,1,0,0,0,0,1,1,0,1,2258.24613742
20214,1129000514,15,11,4,0,0,2,4,3,6,0,0,1,2,2,6,0,0,1,2,1,0,5772.87533006
20214,1129000517,101,10,91,0,18,27,28,18,10,0,1,3,0,2,4,0,17,24,28,16,6,11352.5183472
20214,1129000518,7,5,2,0,1,2,2,1,1,0,1,1,1,1,1,0,0,1,1,0,0,2724.82460008
20214,1129000522,2,2,0,0,0,1,0,1,0,0,0,1,0,1,0,0,0,0,0,0,0,2964.98986681
20214,1129000532,192,57,135,0,12,36,46,61,37,0,1,12,11,17,16,0,11,24,35,44,21,4846.91070091
20214,1129000538,18,9,9,0,7,3,5,0,3,0,2,1,4,0,2,0,5,2,1,0,1,1874.16530021
20214,1129000540,20,11,9,0,5,1,8,6,0,0,4,0,3,4,0,0,1,1,5,2,0,3323.50657324
20214,1129000541,3,1,2,0,0,0,1,0,2,0,0,0,0,0,1,0,0,0,1,0,1,1485.44957098
20214,1129000543,18,6,12,0,1,2,2,3,10,0,1,2,1,0,2,0,0,0,1,3,8,1192.47309019
20214,1129000546,3,3,0,0,0,0,2,1,0,0,0,0,2,1,0,0,0,0,0,0,0,1322.72303375
20214,1129000548,4,3,1,0,1,3,0,0,0,0,1,2,0,0,0,0,0,1,0,0,0,1589.5683156
20214,1129000552,2,2,0,0,0,1,1,0,0,0,0,1,1,0,0,0,0,0,0,0,0,1015.37985709
20214,1129000556,3,1,2,0,0,1,0,0,2,0,0,0,0,0,1,0,0,1,0,0,1,4026.61390601
20214,1129000565,71,53,18,0,5,21,28,11,6,0,2,18,21,8,4,0,3,3,7,3,2,6219.92172054
20214,1129000568,56,7,49,0,2,4,9,31,10,0,1,2,1,1,2,0,1,2,8,30,8,10578.8997692
20214,1129000569,14,9,5,0,0,3,6,4,1,0,0,1,4,4,0,0,0,2,2,0,1,4116.63364968
20214,1129000570,4,2,2,0,0,0,0,2,2,0,0,0,0,1,1,0,0,0,0,1,1,2954.14405097
20214,1129000572,32,11,21,6,8,7,3,1,7,0,2,2,1,1,5,6,6,5,2,0,2,5876.21166167
20214,1129000573,2,2,0,0,0,0,1,0,1,0,0,0,1,0,1,0,0,0,0,0,0,3795.13387217
20214,1129000574,3,2,1,0,0,1,1,0,1,0,0,1,0,0,1,0,0,0,1,0,0,1854.58815205
20214,1129000577,145,53,92,0,15,45,46,30,9,0,3,12,15,17,6,0,12,33,31,13,3,5099.32249693
20214,1129000580,2,1,1,0,1,1,0,0,0,0,0,1,0,0,0,0,1,0,0,0,0,5278.8403183
20214,1129000581,5,4,1,0,2,1,2,0,0,0,2,1,1,0,0,0,0,0,1,0,0,728.809803529
20214,1129000582,5,5,0,0,0,0,0,1,4,0,0,0,0,1,4,0,0,0,0,0,0,4293.84573068
20214,1129000585,1,1,0,0,0,0,0,0,1,0,0,0,0,0,1,0,0,0,0,0,0,1119.84348948
20214,1129000586,4,3,1,0,0,0,3,1,0,0,0,0,2,1,0,0,0,0,1,0,0,676.027180238
20214,1129000588,10,5,5,0,0,6,0,2,2,0,0,3,0,1,1,0,0,3,0,1,1,745.10447959
20214,1129000590,15,8,7,0,3,4,7,1,0,0,0,2,5,1,0,0,3,2,2,0,0,5246.14530073
20214,1129000591,160,52,108,0,18,35,20,50,37,0,4,11,2,19,16,0,14,24,18,31,21,6663.82873504
20214,1129000592,14,6,8,0,1,2,1,3,7,0,0,1,1,1,3,0,1,1,0,2,4,3894.73715712
20214,1129000593,9,1,8,0,1,2,3,2,1,0,0,0,0,0,1,0,1,2,3,2,0,2662.32106892
20214,1129000595,30,20,10,1,9,10,4,5,1,0,5,7,4,3,1,1,4,3,0,2,0,5676.7046914
20214,1129000596,5,1,4,0,3,1,1,0,0,0,0,0,1,0,0,0,3,1,0,0,0,1686.97972103
20214,1129000597,16,15,1,0,0,1,5,8,2,0,0,1,4,8,2,0,0,0,1,0,0,7609.66171191
20214,1129000598,9,4,5,0,6,1,0,1,1,0,3,0,0,1,0,0,3,1,0,0,1,938.028927433
20214,1129000600,4,1,3,0,1,0,0,1,2,0,0,0,0,0,1,0,1,0,0,1,1,1907.89325531
20214,1129000601,6,6,0,0,0,2,2,2,0,0,0,2,2,2,0,0,0,0,0,0,0,4871.77079929
20214,1129000602,8,5,3,0,0,0,1,4,3,0,0,0,0,2,3,0,0,0,1,2,0,4921.87835847
20214,1129000603,12,5,7,0,0,5,3,2,2,0,0,1,2,1,1,0,0,4,1,1,1,5263.74067975
20214,1129000604,54,49,5,3,23,13,10,4,1,3,21,12,9,3,1,0,2,1,1,1,0,2010.8517074
20214,1129000605,47,12,35,0,20,11,9,3,4,0,0,1,6,1,4,0,20,10,3,2,0,4003.49988732
20214,1129000607,51,8,43,0,21,16,4,6,4,0,0,3,1,1,3,0,21,13,3,5,1,68994.1344654
20214,1129000608,11,3,8,0,1,2,2,3,3,0,0,0,0,1,2,0,1,2,2,2,1,3124.22075666
20214,1129000609,4,1,3,0,0,1,0,0,3,0,0,0,0,0,1,0,0,1,0,0,2,1166.11048829
20214,1129000610,13,2,11,0,4,2,4,2,1,0,0,0,1,1,0,0,4,2,3,1,1,4836.51376301
20214,1129000611,4,3,1,0,1,1,0,0,2,0,1,1,0,0,1,0,0,0,0,0,1,3119.89985555
20214,1129000612,59,29,30,8,1,9,17,17,7,8,1,4,2,8,6,0,0,5,15,9,1,6324.36993047
20214,1129000613,1,1,0,0,0,0,0,0,1,0,0,0,0,0,1,0,0,0,0,0,0,3121.35319166
20214,1129000614,1,1,0,0,0,0,0,0,1,0,0,0,0,0,1,0,0,0,0,0,0,16336.6769814
20214,1129000617,15,11,4,0,1,2,7,5,0,0,1,1,4,5,0,0,0,1,3,0,0,6965.76464849
20214,1129000618,6,5,1,0,0,2,4,0,0,0,0,2,3,0,0,0,0,0,1,0,0,1358.76041947
20214,1129000619,3,2,1,0,0,0,1,1,1,0,0,0,0,1,1,0,0,0,1,0,0,9165.84179353
20214,1129000620,8,6,2,0,0,1,1,5,1,0,0,1,1,4,0,0,0,0,0,1,1,5582.26139068
20214,1129000623,23,16,7,1,2,4,9,2,5,1,1,3,8,2,1,0,1,1,1,0,4,6312.11690292
20214,1129000624,1,1,0,0,0,0,0,0,1,0,0,0,0,0,1,0,0,0,0,0,0,4073.47087871
20214,1129000625,100,21,79,0,18,30,29,17,6,0,5,3,4,4,5,0,13,27,25,13,1,22975.5460365
20214,1129000626,14,10,4,0,0,4,3,3,4,0,0,2,1,3,4,0,0,2,2,0,0,2776.82359155
20214,1129000628,2,2,0,0,0,1,0,0,1,0,0,1,0,0,1,0,0,0,0,0,0,1896.74297675
20214,1129000629,13,3,10,0,2,5,5,1,0,0,0,0,3,0,0,0,2,5,2,1,0,4551.06674819
20214,1129000631,2,1,1,0,1,0,0,0,1,0,1,0,0,0,0,0,0,0,0,0,1,1112.3063394
20214,1129000632,21,16,5,0,2,3,5,8,3,0,1,2,3,7,3,0,1,1,2,1,0,6503.32882222
20214,1129000633,3,3,0,0,0,0,0,3,0,0,0,0,0,3,0,0,0,0,0,0,0,1283.48139986
20214,1129000634,4,4,0,0,0,0,2,1,1,0,0,0,2,1,1,0,0,0,0,0,0,2672.64788193
20214,1129000636,78,58,20,0,6,20,19,28,5,0,1,12,15,26,4,0,5,8,4,2,1,4855.63914073
20214,1129000639,2,0,2,0,0,0,1,0,1,0,0,0,0,0,0,0,0,0,1,0,1,3292.56368116
20214,1129000640,89,25,64,1,8,30,20,26,4,0,1,8,5,8,3,1,7,22,15,18,1,4755.49564657
20214,1129000643,5,2,3,0,1,1,2,0,1,0,1,0,1,0,0,0,0,1,1,0,1,808.10269634
20214,1129000645,4,4,0,0,0,0,2,1,1,0,0,0,2,1,1,0,0,0,0,0,0,940.508483314
20214,1129000646,5,1,4,0,1,1,0,1,2,0,0,0,0,0,1,0,1,1,0,1,1,4479.38114258
20214,1129000647,17,5,12,0,8,6,1,0,2,0,1,2,1,0,1,0,7,4,0,0,1,1143.15161662
20214,1129000648,9,7,2,0,0,4,4,0,1,0,0,3,3,0,1,0,0,1,1,0,0,4866.52521645
20214,1129000655,4,2,2,0,2,0,1,1,0,0,0,0,1,1,0,0,2,0,0,0,0,4900.26869254
20214,1129000659,3,1,2,0,0,0,2,0,1,0,0,0,1,0,0,0,0,0,1,0,1,4392.09165753
20214,1129000661,2,2,0,0,0,0,0,1,1,0,0,0,0,1,1,0,0,0,0,0,0,2164.75701438
20214,1129000662,28,17,11,0,0,4,5,7,12,0,0,1,3,3,10,0,0,3,2,4,2,6949.62737076
20214,1129000664,18,14,4,0,1,4,3,4,6,0,0,2,2,4,6,0,1,2,1,0,0,2356.89097495
20214,1129000665,130,116,14,0,0,5,21,41,63,0,0,3,18,33,62,0,0,2,3,8,1,7379.49035939
20214,1129000669,34,21,13,1,5,4,6,12,6,0,2,2,1,10,6,1,3,2,5,2,0,1685.18047767
20214,1129000670,2,1,1,0,0,0,2,0,0,0,0,0,1,0,0,0,0,0,1,0,0,1294.96423569
20214,1129000672,11,3,8,0,0,1,0,6,4,0,0,0,0,1,2,0,0,1,0,5,2,5713.46465004
20214,1129000673,9,1,8,0,5,3,1,0,0,0,0,0,1,0,0,0,5,3,0,0,0,2509.59399613
20214,1129000674,8,5,3,0,1,1,0,4,2,0,1,0,0,3,1,0,0,1,0,1,1,3918.578309
20214,1129000679,153,34,119,0,10,19,40,52,32,0,2,6,8,11,7,0,8,13,32,41,25,6096.61899836
20214,1129000680,20,12,8,1,0,6,6,4,3,0,0,3,4,3,2,1,0,3,2,1,1,4333.18084148
20214,1129000681,62,26,36,1,27,10,8,14,2,0,13,4,2,5,2,1,14,6,6,9,0,4869.75500874
20214,1129000683,9,8,1,0,1,1,2,3,2,0,1,1,1,3,2,0,0,0,1,0,0,1752.87978491
20214,1129000684,154,82,72,0,31,34,34,33,22,0,8,20,22,18,14,0,23,14,12,15,8,3738.99523684
20214,1129000685,12,9,3,0,0,3,3,4,2,0,0,2,2,4,1,0,0,1,1,0,1,4592.83741425
20214,1129000690,4,3,1,0,0,0,0,3,1,0,0,0,0,2,1,0,0,0,0,1,0,4005.13853828
20214,1129000692,15,2,13,0,3,2,5,3,2,0,0,0,1,1,0,0,3,2,4,2,2,6129.40076765
20214,1129000695,6,4,2,0,0,1,1,1,3,0,0,1,0,1,2,0,0,0,1,0,1,2472.25712337
20214,1129000696,13,5,8,0,0,2,5,2,4,0,0,0,1,2,2,0,0,2,4,0,2,6057.95367591
20214,1129000697,19,4,15,0,0,0,0,13,6,0,0,0,0,4,0,0,0,0,0,9,6,6087.19119562
20214,1129000698,2,1,1,0,0,0,0,2,0,0,0,0,0,1,0,0,0,0,0,1,0,1985.0563129
20214,1129000700,107,58,49,1,4,12,22,29,39,1,2,8,8,9,30,0,2,4,14,20,9,5151.86605373
20214,1129000701,3,1,2,0,0,1,1,1,0,0,0,0,0,1,0,0,0,1,1,0,0,1456.7712311
20214,1129000702,26,10,16,0,4,7,8,2,5,0,1,4,0,1,4,0,3,3,8,1,1,9990.66616499
20214,1129000703,38,33,5,0,1,4,12,13,8,0,1,3,11,10,8,0,0,1,1,3,0,4548.97385831
20214,1129000706,11,6,5,0,1,6,3,1,0,0,0,4,1,1,0,0,1,2,2,0,0,11643.727626
20214,1129000713,65,40,25,0,20,27,12,6,0,0,11,14,10,5,0,0,9,13,2,1,0,5438.45813851
20214,1129000714,15,10,5,0,1,2,2,8,2,0,1,0,0,7,2,0,0,2,2,1,0,6700.82958602
20214,1129000716,25,3,22,0,1,2,1,0,21,0,0,2,0,0,1,0,1,0,1,0,20,7504.20334069
20214,1129000717,20,18,2,0,1,2,5,11,1,0,1,1,5,10,1,0,0,1,0,1,0,923.785981563
20214,1129000720,11,7,4,0,1,1,6,3,0,0,1,1,3,2,0,0,0,0,3,1,0,6136.7999923
20214,1129000722,67,35,32,0,9,19,17,20,2,0,4,7,11,12,1,0,5,12,6,8,1,5894.81091272
20214,1129000723,8,5,3,0,0,2,3,1,2,0,0,2,1,1,1,0,0,0,2,0,1,1944.3136627
20214,1129000724,2,2,0,0,0,2,0,0,0,0,0,2,0,0,0,0,0,0,0,0,0,2235.58839446
20214,1129000726,31,24,7,3,2,4,8,10,4,3,1,1,6,9,4,0,1,3,2,1,0,3738.97601094
20214,1129000732,3,3,0,0,0,0,2,1,0,0,0,0,2,1,0,0,0,0,0,0,0,3050.11966354
20214,1129000739,37,30,7,0,4,7,11,8,7,0,3,5,9,7,6,0,1,2,2,1,1,8202.46308964
20214,1129000740,145,97,48,0,7,36,38,41,23,0,3,17,25,31,21,0,4,19,13,10,2,9541.93127465
20214,1129000741,56,20,36,0,3,16,17,14,6,0,0,6,6,4,4,0,3,10,11,10,2,4143.61013048
20214,1129000742,3,2,1,0,0,0,1,2,0,0,0,0,0,2,0,0,0,0,1,0,0,1431.23791778
20214,1129000743,61,42,19,0,1,11,14,23,12,0,0,7,8,16,11,0,1,4,6,7,1,7113.146768
20214,1129000744,757,537,220,0,2,7,21,54,673,0,2,6,9,25,495,0,0,1,12,29,178,904.36961389
20214,1129000745,15,13,2,0,1,3,4,6,1,0,0,2,4,6,1,0,1,1,0,0,0,3710.29729485
20214,1129000746,2,2,0,0,0,1,1,0,0,0,0,1,1,0,0,0,0,0,0,0,0,2143.21195944
20214,1129000748,10,7,3,0,1,1,6,0,2,0,0,1,5,0,1,0,1,0,1,0,1,1118.38182539
20214,1129000749,8,7,1,0,0,3,5,0,0,0,0,3,4,0,0,0,0,0,1,0,0,948.530638041
20214,1129000756,58,36,22,0,19,13,19,7,0,0,9,6,17,4,0,0,10,7,2,3,0,4848.63238981
20214,1129000758,87,21,66,0,12,11,27,27,10,0,3,3,8,2,5,0,9,8,19,25,5,4746.70127887
20214,1129000759,8,6,2,0,0,3,2,1,2,0,0,1,2,1,2,0,0,2,0,0,0,4198.54580256
20214,1129000763,40,22,18,0,2,7,17,8,6,0,1,6,10,3,2,0,1,1,7,5,4,4077.80120428
20214,1129000767,1,0,1,0,0,1,0,0,0,0,0,0,0,0,0,0,0,1,0,0,0,3633.36732999
20214,1129000770,9,6,3,0,0,0,6,2,1,0,0,0,3,2,1,0,0,0,3,0,0,4494.64404784
20214,1129000773,2,0,2,0,0,0,2,0,0,0,0,0,0,0,0,0,0,0,2,0,0,3472.2940408
20214,1129000774,7,3,4,0,1,2,4,0,0,0,0,0,3,0,0,0,1,2,1,0,0,4345.99394664
20214,1129000775,9,2,7,0,1,4,2,2,0,0,0,1,0,1,0,0,1,3,2,1,0,3136.78108163
20214,1129000776,14,11,3,0,1,5,4,4,0,0,0,4,4,3,0,0,1,1,0,1,0,3585.98635768
20214,1129000780,1,1,0,0,0,0,0,1,0,0,0,0,0,1,0,0,0,0,0,0,0,9422.77781434
20214,1129000781,28,19,9,0,6,4,10,6,2,0,2,3,7,5,2,0,4,1,3,1,0,2547.94772849
20214,1129000782,24,8,16,3,3,4,11,2,1,0,0,2,5,0,1,3,3,2,6,2,0,5348.99714237
20214,1129000784,15,5,10,0,1,7,4,2,1,0,0,1,2,1,1,0,1,6,2,1,0,5119.40646325
20214,1129000787,10,4,6,0,5,2,1,1,1,0,1,2,0,0,1,0,4,0,1,1,0,3394.73541103
20214,1129000794,24,19,5,0,0,0,7,6,11,0,0,0,5,5,9,0,0,0,2,1,2,4926.52656172
20214,1129000796,12,8,4,0,0,0,2,4,6,0,0,0,1,3,4,0,0,0,1,1,2,4710.51065289
20214,1129000798,13,11,2,0,0,1,3,7,2,0,0,1,2,6,2,0,0,0,1,1,0,4172.81334224
20214,1129000800,23,20,3,0,5,2,5,6,5,0,5,2,3,6,4,0,0,0,2,0,1,9189.49733779
20214,1129000801,9,2,7,0,0,0,2,4,3,0,0,0,0,0,2,0,0,0,2,4,1,3116.91508343
20214,1129000802,2843,2591,252,0,311,1334,571,583,44,0,227,1193,545,582,44,0,84,141,26,1,0,1396.42794887
20214,1129000805,10,10,0,0,0,1,5,1,3,0,0,1,5,1,3,0,0,0,0,0,0,2544.69833752
20214,1129000806,7,7,0,0,1,1,2,3,0,0,1,1,2,3,0,0,0,0,0,0,0,4868.1024665
20214,1129000810,3,1,2,0,0,2,0,1,0,0,0,1,0,0,0,0,0,1,0,1,0,2902.12756064
20214,1129000811,106,87,19,2,12,20,28,21,23,1,6,18,24,19,19,1,6,2,4,2,4,4712.19466275
20214,1129000812,716,470,246,0,18,67,86,152,393,0,16,61,81,83,229,0,2,6,5,69,164,2416.06728545
20214,1129000814,1,0,1,0,0,0,0,0,1,0,0,0,0,0,0,0,0,0,0,0,1,3535.76576188
20214,1129000815,21,4,17,0,7,4,4,5,1,0,0,0,1,2,1,0,7,4,3,3,0,2705.47322857
20214,1129000818,22,12,10,0,2,4,5,8,3,0,2,3,3,2,2,0,0,1,2,6,1,5225.811889
20214,1129000819,99,23,76,0,17,14,21,39,8,0,1,7,10,3,2,0,16,7,11,36,6,5554.98911301
20214,1129000823,42,25,17,0,7,6,8,9,12,0,2,4,3,7,9,0,5,2,5,2,3,5420.59526373
20214,1129000826,45,35,10,1,8,8,10,15,3,1,5,7,6,13,3,0,3,1,4,2,0,4070.9246453
20214,1129000827,2,1,1,0,0,0,0,2,0,0,0,0,0,1,0,0,0,0,0,1,0,8345.35970478
20214,1129000829,8,3,5,0,1,2,2,2,1,0,0,2,1,0,0,0,1,0,1,2,1,838.622725244
20214,1129000831,2,1,1,0,0,0,0,2,0,0,0,0,0,1,0,0,0,0,0,1,0,4537.91626988
20214,1129000832,9,2,7,0,0,0,4,3,2,0,0,0,0,1,1,0,0,0,4,2,1,2183.68107382
20214,1129000833,3,2,1,0,0,0,0,0,3,0,0,0,0,0,2,0,0,0,0,0,1,879.295476845
20214,1129000837,3,3,0,0,0,1,1,1,0,0,0,1,1,1,0,0,0,0,0,0,0,6468.44824669
20214,1129000840,1,0,1,0,0,0,1,0,0,0,0,0,0,0,0,0,0,0,1,0,0,3295.81688917
20214,1129000841,13,6,7,0,1,5,4,1,2,0,1,2,1,1,1,0,0,3,3,0,1,5206.56465917
20214,1129000842,27,8,19,0,6,7,7,4,3,0,1,2,2,1,2,0,5,5,5,3,1,41579.382174
20214,1129000848,4,4,0,0,0,0,2,2,0,0,0,0,2,2,0,0,0,0,0,0,0,3721.90256055
20214,1129000852,1324,924,400,0,185,375,407,339,18,0,68,233,313,295,15,0,117,142,94,44,3,2298.98810316
20214,1129000856,17,7,10,0,0,2,7,4,4,0,0,0,2,2,3,0,0,2,5,2,1,7003.62599755
20214,1129000858,6,2,4,0,1,0,1,0,4,0,0,0,0,0,2,0,1,0,1,0,2,6460.11439249
20214,1129000860,4,3,1,0,0,2,2,0,0,0,0,1,2,0,0,0,0,1,0,0,0,11302.0638409
20214,1129000865,11,2,9,0,0,1,6,4,0,0,0,0,2,0,0,0,0,1,4,4,0,5324.17018796
20214,1129000866,63,47,16,0,7,24,17,11,4,0,2,16,16,9,4,0,5,8,1,2,0,5136.25425065
20214,1129000867,23,6,17,0,4,3,8,7,1,0,1,0,1,4,0,0,3,3,7,3,1,5045.4005423
20214,1129000868,24,19,5,0,4,13,5,1,1,0,3,11,3,1,1,0,1,2,2,0,0,9852.24429658
20214,1129000874,2,2,0,0,0,0,1,1,0,0,0,0,1,1,0,0,0,0,0,0,0,1406.93640558
20214,1129000885,2,2,0,0,0,1,0,1,0,0,0,1,0,1,0,0,0,0,0,0,0,5231.8062761
20214,1129000893,241,226,15,0,10,91,87,39,14,0,9,87,84,33,13,0,1,4,3,6,1,2119.1117736
20214,1129000903,6,5,1,0,1,1,4,0,0,0,1,0,4,0,0,0,0,1,0,0,0,1007.05343671
20214,1129000907,3,2,1,0,0,0,2,1,0,0,0,0,1,1,0,0,0,0,1,0,0,48087.2623084
20214,1129000909,2,1,1,0,0,0,0,2,0,0,0,0,0,1,0,0,0,0,0,1,0,5166.2689427
20214,1129000918,16,0,16,0,5,2,5,4,0,0,0,0,0,0,0,0,5,2,5,4,0,14185.5072107
20214,1129000922,24,19,5,0,2,5,9,3,5,0,2,5,6,2,4,0,0,0,3,1,1,1524.11613458
20214,1129000928,185,109,76,0,23,27,34,38,63,0,7,15,22,23,42,0,16,12,12,15,21,1558.34090415
20214,1129000931,51,8,43,0,0,1,3,15,32,0,0,1,1,4,2,0,0,0,2,11,30,5185.99555115
20214,1129000932,4,3,1,0,0,1,1,2,0,0,0,1,1,1,0,0,0,0,0,1,0,2642.08715849
20214,1129000933,3,1,2,0,1,2,0,0,0,0,0,1,0,0,0,0,1,1,0,0,0,4002.61665704
20214,1129000936,2,1,1,0,0,0,0,2,0,0,0,0,0,1,0,0,0,0,0,1,0,1776.85046849
20214,1129000937,2,2,0,0,0,0,2,0,0,0,0,0,2,0,0,0,0,0,0,0,0,4500.351309
20214,1129000938,7,3,4,0,1,0,2,2,2,0,0,0,1,1,1,0,1,0,1,1,1,2365.00968403
20214,1129000943,3,0,3,0,0,0,0,2,1,0,0,0,0,0,0,0,0,0,0,2,1,11980.392721
20214,1129000945,2,1,1,0,0,0,1,1,0,0,0,0,1,0,0,0,0,0,0,1,0,1689.85260309
20214,1129000947,3,3,0,0,0,0,3,0,0,0,0,0,3,0,0,0,0,0,0,0,0,2011.29263515
20214,1129000948,11,3,8,0,1,0,0,7,3,0,0,0,0,3,0,0,1,0,0,4,3,4031.43145234
20214,1129000949,3,1,2,0,1,2,0,0,0,0,0,1,0,0,0,0,1,1,0,0,0,1465.83435404
20214,1129000950,2,1,1,0,0,0,2,0,0,0,0,0,1,0,0,0,0,0,1,0,0,4461.30782734
20214,1129000951,6,4,2,0,3,0,0,2,1,0,1,0,0,2,1,0,2,0,0,0,0,3920.70547856
20214,1129000953,3,1,2,0,0,0,2,1,0,0,0,0,1,0,0,0,0,0,1,1,0,2073.78218536
20214,1129000955,2,1,1,0,0,1,1,0,0,0,0,0,1,0,0,0,0,1,0,0,0,8279.33715161
20214,1129000961,8,0,8,0,0,1,5,2,0,0,0,0,0,0,0,0,0,1,5,2,0,1027.71170842
20214,1129000963,1,0,1,0,0,0,0,1,0,0,0,0,0,0,0,0,0,0,0,1,0,2936.63904732
20214,1129000966,5,3,2,0,1,1,2,1,0,0,0,1,1,1,0,0,1,0,1,0,0,3996.60147507
20214,1129000967,23,10,13,0,1,2,10,8,2,0,0,0,6,4,0,0,1,2,4,4,2,5835.11929548
20214,1129000968,21,16,5,0,3,5,1,6,6,0,3,4,1,5,3,0,0,1,0,1,3,5025.1413773
20214,1129000969,38,16,22,0,6,14,11,6,1,0,1,7,4,3,1,0,5,7,7,3,0,4441.18787613
20214,1129000975,23,4,19,0,5,4,7,6,1,0,0,2,0,1,1,0,5,2,7,5,0,2796.2155936
20214,1129000977,4,3,1,0,0,1,2,1,0,0,0,1,1,1,0,0,0,0,1,0,0,4341.64748414
20214,1129000978,5,2,3,0,0,0,1,4,0,0,0,0,0,2,0,0,0,0,1,2,0,1726.0931747
20214,1129000980,76,60,16,1,6,15,21,16,17,0,5,9,19,14,13,1,1,6,2,2,4,5095.56778035
20214,1129000981,1,1,0,0,0,0,0,1,0,0,0,0,0,1,0,0,0,0,0,0,0,1652.94656966
20214,1129000985,4,3,1,0,0,0,0,2,2,0,0,0,0,1,2,0,0,0,0,1,0,3395.58049285
20214,1129000986,4,1,3,0,0,2,1,0,1,0,0,0,0,0,1,0,0,2,1,0,0,4952.45455533
20214,1129000989,4,3,1,0,1,0,1,0,2,0,0,0,1,0,2,0,1,0,0,0,0,3070.24257225
20214,1129000991,3,2,1,0,0,0,0,1,2,0,0,0,0,1,1,0,0,0,0,0,1,2224.03921715
20214,1129000992,3,1,2,0,0,1,1,0,1,0,0,0,0,0,1,0,0,1,1,0,0,2179.81448763
20214,1129000993,77,10,67,0,12,23,28,12,2,0,3,2,4,1,0,0,9,21,24,11,2,23159.967845
20214,1129000994,70,32,38,0,12,11,14,29,4,0,12,6,7,4,3,0,0,5,7,25,1,6404.97706942
20214,1129000996,13,11,2,0,1,2,5,5,0,0,1,0,5,5,0,0,0,2,0,0,0,4348.20984225
20214,1129001000,20,5,15,0,3,1,10,4,2,0,1,0,1,2,1,0,2,1,9,2,1,2206.90975883
20214,1129001001,24,18,6,0,3,9,4,6,2,0,1,6,4,5,2,0,2,3,0,1,0,2175.0936737
20214,1129001004,3,2,1,0,0,0,0,3,0,0,0,0,0,2,0,0,0,0,0,1,0,841.776469571
20214,1129001005,6,4,2,0,0,0,0,2,4,0,0,0,0,2,2,0,0,0,0,0,2,5383.81920806
20214,1129001013,1,0,1,0,0,0,1,0,0,0,0,0,0,0,0,0,0,0,1,0,0,1362.66134975
20214,1129001014,2,0,2,0,1,0,1,0,0,0,0,0,0,0,0,0,1,0,1,0,0,2521.91071702
20214,1129001017,4,1,3,1,1,0,0,2,0,0,0,0,0,1,0,1,1,0,0,1,0,547.046863162
20214,1129001018,1,1,0,0,0,0,1,0,0,0,0,0,1,0,0,0,0,0,0,0,0,6064.97069654
20214,1129001023,3,2,1,0,0,2,0,0,1,0,0,1,0,0,1,0,0,1,0,0,0,3199.33517688
20214,1129001025,5,2,3,0,0,2,2,1,0,0,0,1,1,0,0,0,0,1,1,1,0,3103.11723382
20214,1129001028,12,11,1,0,2,3,2,5,0,0,2,3,2,4,0,0,0,0,0,1,0,9120.23713948
20214,1129001030,2,2,0,0,1,0,0,1,0,0,1,0,0,1,0,0,0,0,0,0,0,1108.05236748
20214,1129001032,3,2,1,0,0,1,1,1,0,0,0,0,1,1,0,0,0,1,0,0,0,4876.98694464
20214,1129001037,25,10,15,0,0,8,8,5,4,0,0,1,2,3,4,0,0,7,6,2,0,3751.77947069
20214,1129001038,13,11,2,0,2,2,2,5,2,0,2,1,2,4,2,0,0,1,0,1,0,3626.80682001
20214,1129001042,5,4,1,0,0,0,2,2,1,0,0,0,1,2,1,0,0,0,1,0,0,1140.02472102
20214,1129001043,82,49,33,0,13,18,23,13,15,0,5,11,13,6,14,0,8,7,10,7,1,5254.32926294
20214,1129001044,6,5,1,0,0,0,1,0,5,0,0,0,0,0,5,0,0,0,1,0,0,4353.42759836
20214,1129001045,2,0,2,0,0,2,0,0,0,0,0,0,0,0,0,0,0,2,0,0,0,1745.5788188
20214,1129001046,10,2,8,0,2,1,6,0,1,0,0,0,1,0,1,0,2,1,5,0,0,5524.71091009
20214,1129001047,10,6,4,0,0,1,1,5,3,0,0,0,1,3,2,0,0,1,0,2,1,1830.36775806
20214,1129001051,7,5,2,0,5,0,2,0,0,0,4,0,1,0,0,0,1,0,1,0,0,5735.56898147
20214,1129001052,8,3,5,0,1,3,2,1,1,0,0,1,1,0,1,0,1,2,1,1,0,2746.02079493
20214,1129001054,6,4,2,0,0,3,3,0,0,0,0,2,2,0,0,0,0,1,1,0,0,1503.74960553
20214,1129001055,101,58,43,0,6,18,20,23,34,0,4,17,11,12,14,0,2,1,9,11,20,6147.10025989
20214,1129001056,4,3,1,0,0,2,1,0,1,0,0,1,1,0,1,0,0,1,0,0,0,1075.18881478
20214,1129001057,7,2,5,0,0,2,1,2,2,0,0,0,1,0,1,0,0,2,0,2,1,6251.77217275
20214,1129001058,21,15,6,0,0,3,4,7,7,0,0,2,2,6,5,0,0,1,2,1,2,2296.71578448
20214,1129001059,83,35,48,0,11,16,22,21,13,0,3,5,12,6,9,0,8,11,10,15,4,4413.11239033
20214,1129001060,9,3,6,0,0,1,2,3,3,0,0,1,0,1,1,0,0,0,2,2,2,3498.04703902
20214,1129001061,11,4,7,0,1,4,2,1,3,0,0,0,2,1,1,0,1,4,0,0,2,7049.04775842
20214,1129001063,11,9,2,0,0,1,1,3,6,0,0,1,1,1,6,0,0,0,0,2,0,1505.11098439
20214,1129001066,3,1,2,0,1,1,0,0,1,0,0,0,0,0,1,0,1,1,0,0,0,4832.92958376
20214,1129001067,3,2,1,0,0,0,0,1,2,0,0,0,0,1,1,0,0,0,0,0,1,1016.29541208
20214,1129001068,107,32,75,0,20,23,17,28,19,0,5,12,5,5,5,0,15,11,12,23,14,5273.02720483
20214,1129001069,30,7,23,0,3,6,9,10,2,0,0,1,3,3,0,0,3,5,6,7,2,7790.76766504
20214,1129001070,43,22,21,0,7,8,10,9,9,0,0,2,9,4,7,0,7,6,1,5,2,7140.29290074
20214,1129001071,13,9,4,0,2,4,3,2,2,0,1,3,3,1,1,0,1,1,0,1,1,4726.6933964
20214,1129001074,73,26,47,0,4,6,9,26,28,0,4,4,4,11,3,0,0,2,5,15,25,5494.36833374
20214,1129001078,38,8,30,0,4,14,12,8,0,0,0,2,3,3,0,0,4,12,9,5,0,5059.85190985
20214,1129001079,5,5,0,0,0,1,1,0,3,0,0,1,1,0,3,0,0,0,0,0,0,4938.48442309
20214,1129001081,21,11,10,0,1,1,11,5,3,0,0,0,7,2,2,0,1,1,4,3,1,5816.87580394
20214,1129001084,3,2,1,0,0,0,1,1,1,0,0,0,1,1,0,0,0,0,0,0,1,1218.13032825
20214,1129001086,4,3,1,0,1,0,0,3,0,0,1,0,0,2,0,0,0,0,0,1,0,1258.83208564
20214,1129001087,1888,974,914,2,173,552,489,562,110,2,59,199,237,388,89,0,114,353,252,174,21,4652.20452983
20214,1129001089,36,11,25,1,9,3,9,12,2,1,2,1,3,2,2,0,7,2,6,10,0,6911.31536168
20214,1129001090,41,25,16,0,0,5,7,14,15,0,0,3,4,10,8,0,0,2,3,4,7,8753.21672797
20214,1129001091,72,38,34,0,14,13,24,13,8,0,8,9,8,8,5,0,6,4,16,5,3,4886.54686968
20214,1129001093,11,7,4,0,1,4,2,2,2,0,0,2,2,1,2,0,1,2,0,1,0,2522.29532956
20214,1129001094,23,11,12,0,2,4,9,3,5,0,0,1,6,2,2,0,2,3,3,1,3,4647.07777335
20214,1129001096,10,5,5,0,1,1,1,3,4,0,0,1,0,2,2,0,1,0,1,1,2,4122.46900647
20214,1129001097,3,2,1,0,0,0,1,0,2,0,0,0,1,0,1,0,0,0,0,0,1,2761.41092864
20214,1129001098,569,476,93,0,50,99,195,215,10,0,28,69,161,211,7,0,22,30,34,4,3,8358.05920776
20214,1129001101,7,3,4,0,1,1,4,0,1,0,1,0,1,0,1,0,0,1,3,0,0,4987.15848152
20214,1129001103,7,6,1,0,0,1,4,0,2,0,0,1,3,0,2,0,0,0,1,0,0,489.322619795
20214,1129001104,74,3,71,0,2,4,4,23,41,0,0,0,0,1,2,0,2,4,4,22,39,4061.42766531
20214,1129001105,13,5,8,0,1,5,2,5,0,0,0,2,1,2,0,0,1,3,1,3,0,4728.46195577
20214,1129001108,63,11,52,1,5,15,13,19,10,0,1,1,1,5,3,1,4,14,12,14,7,4633.23802407
20214,1129001111,1440,504,936,0,168,388,622,235,27,0,45,127,183,129,20,0,123,261,439,106,7,3581.21371223
20214,1129001115,10,5,5,0,2,2,5,1,0,0,0,1,3,1,0,0,2,1,2,0,0,1857.22107275
20214,1129001117,42,28,14,0,15,15,8,3,1,0,9,8,7,3,1,0,6,7,1,0,0,5669.0010691
20214,1129001120,4,2,2,0,0,0,1,1,2,0,0,0,0,1,1,0,0,0,1,0,1,4580.96899217
20214,1129001122,97,36,61,1,32,5,12,19,28,1,11,3,6,3,12,0,21,2,6,16,16,7421.26712276
20214,1129001123,2,1,1,0,0,0,0,0,2,0,0,0,0,0,1,0,0,0,0,0,1,1696.64153036
20214,1129001129,19,6,13,0,3,3,5,5,3,0,0,2,1,3,0,0,3,1,4,2,3,3607.41567548
20214,1129001130,6,0,6,0,0,0,1,1,4,0,0,0,0,0,0,0,0,0,1,1,4,2583.55293079
20214,1129001131,23,5,18,0,2,8,6,4,3,0,0,0,2,1,2,0,2,8,4,3,1,4133.48659791
20214,1129001133,95,66,29,0,8,14,24,15,34,0,4,10,20,7,25,0,4,4,4,8,9,3183.55152703
20214,1129001135,2,1,1,0,0,0,0,2,0,0,0,0,0,1,0,0,0,0,0,1,0,2058.40180891
20214,1129001136,10,8,2,0,1,4,3,2,0,0,0,4,2,2,0,0,1,0,1,0,0,3266.05569003
20214,1129001138,4,2,2,0,1,0,1,2,0,0,0,0,1,1,0,0,1,0,0,1,0,585.791870285
20214,1129001139,2,0,2,0,0,0,1,0,1,0,0,0,0,0,0,0,0,0,1,0,1,1302.75915144
20214,1129001140,28,5,23,0,6,8,7,7,0,0,0,0,2,3,0,0,6,8,5,4,0,3436.02822603
20214,1129001141,42,10,32,1,11,9,12,3,6,0,0,0,4,1,5,1,11,9,8,2,1,3221.74481827
20214,1129001142,66,57,9,0,5,9,27,20,5,0,4,8,22,18,5,0,1,1,5,2,0,5276.16119067
20214,1129001148,9,0,9,0,0,1,6,1,1,0,0,0,0,0,0,0,0,1,6,1,1,2789.06820654
20214,1129001160,26,23,3,0,2,0,6,10,8,0,1,0,6,8,8,0,1,0,0,2,0,2685.46833113
20214,1129001162,10,0,10,0,5,1,3,1,0,0,0,0,0,0,0,0,5,1,3,1,0,1353.70511579
20214,1129001177,2,1,1,0,0,0,1,1,0,0,0,0,0,1,0,0,0,0,1,0,0,2909.55795781
20214,1129001189,7,0,7,0,0,1,3,3,0,0,0,0,0,0,0,0,0,1,3,3,0,1309.27820178
20214,1129001193,5,5,0,0,0,0,0,0,5,0,0,0,0,0,5,0,0,0,0,0,0,1998.83080038
20214,1129001197,2,1,1,0,1,0,0,1,0,0,1,0,0,0,0,0,0,0,0,1,0,99605.7962169
20214,1129001209,3,1,2,0,1,1,1,0,0,0,0,1,0,0,0,0,1,0,1,0,0,1209.571331
20214,1129001212,63,40,23,0,4,6,14,14,25,0,3,3,8,9,17,0,1,3,6,5,8,3228.87013375
20214,1129001213,11,11,0,0,0,0,5,3,3,0,0,0,5,3,3,0,0,0,0,0,0,11869.6987014
20214,1129001216,2,2,0,0,0,0,1,0,1,0,0,0,1,0,1,0,0,0,0,0,0,1419.54481761
20214,1129001222,5,1,4,0,0,2,2,0,1,0,0,0,0,0,1,0,0,2,2,0,0,1470.5223192
20214,1129001224,12,9,3,0,1,1,3,4,3,0,0,1,2,3,3,0,1,0,1,1,0,4565.34861939
20214,1129001225,281,216,65,3,41,118,74,36,9,0,15,96,63,33,9,3,26,22,11,3,0,10829.4942014
20214,1129001229,23,12,11,0,1,5,7,7,3,0,1,2,3,4,2,0,0,3,4,3,1,5993.1940868
20214,1129001230,2,1,1,0,0,0,0,1,1,0,0,0,0,0,1,0,0,0,0,1,0,2293.41197725
20214,1129001231,3,2,1,0,0,1,2,0,0,0,0,0,2,0,0,0,0,1,0,0,0,936.311347998
20214,1129001233,2,1,1,0,0,0,1,0,1,0,0,0,0,0,1,0,0,0,1,0,0,1892.3058786
20214,1129001234,8,3,5,0,0,3,0,5,0,0,0,2,0,1,0,0,0,1,0,4,0,1664.17872038
20214,1129001236,3,1,2,0,0,0,3,0,0,0,0,0,1,0,0,0,0,0,2,0,0,2740.33162369
20214,1129001237,9,6,3,0,0,1,2,2,4,0,0,0,2,2,2,0,0,1,0,0,2,4341.85360475
20214,1129001244,2,0,2,0,0,0,1,0,1,0,0,0,0,0,0,0,0,0,1,0,1,1992.77634823
20214,1129001248,2,2,0,0,0,0,1,1,0,0,0,0,1,1,0,0,0,0,0,0,0,1114.64235579
20214,1129001249,15,13,2,0,1,2,4,3,5,0,1,2,3,3,4,0,0,0,1,0,1,2931.45226285
20214,1129001251,3,2,1,0,0,0,1,2,0,0,0,0,1,1,0,0,0,0,0,1,0,923.601009438
20214,1129001252,3,2,1,0,0,2,1,0,0,0,0,1,1,0,0,0,0,1,0,0,0,2599.71738132
20214,1129001254,6,5,1,0,1,1,3,0,1,0,1,1,2,0,1,0,0,0,1,0,0,5550.75628274
20214,1129001258,18,12,6,0,3,4,3,7,1,0,2,2,2,5,1,0,1,2,1,2,0,3363.37529125
20214,1129001282,1,0,1,0,0,0,1,0,0,0,0,0,0,0,0,0,0,0,1,0,0,754.959099717
20214,1129001285,51,41,10,0,4,7,10,15,15,0,3,4,7,13,14,0,1,3,3,2,1,658.550706345
20214,1129001289,5,1,4,0,1,0,1,2,1,0,0,0,0,1,0,0,1,0,1,1,1,3968.07642543
20214,1129001291,69,19,50,0,14,15,22,14,4,0,5,5,4,3,2,0,9,10,18,11,2,17632.6150367
20214,1129001292,20,15,5,0,0,4,1,3,12,0,0,1,1,2,11,0,0,3,0,1,1,4902.26588196
20214,1129001300,6,5,1,0,2,1,1,1,1,0,1,1,1,1,1,0,1,0,0,0,0,1001.19178283
20214,1129001301,13,10,3,0,0,5,2,6,0,0,0,4,1,5,0,0,0,1,1,1,0,1508.07996165
20214,1129001311,16,15,1,0,0,5,5,5,1,0,0,4,5,5,1,0,0,1,0,0,0,1419.37916464
20214,1129001315,13,8,5,0,1,4,2,5,1,0,0,3,1,3,1,0,1,1,1,2,0,7326.73988324
20214,1129001318,15,13,2,0,0,0,6,5,4,0,0,0,4,5,4,0,0,0,2,0,0,5437.55591509
20214,1129001320,4,1,3,0,0,2,0,1,1,0,0,1,0,0,0,0,0,1,0,1,1,1903.80143801
20214,1129001323,3,2,1,0,0,0,0,1,2,0,0,0,0,1,1,0,0,0,0,0,1,2120.45093986
20214,1129001326,2,1,1,0,1,0,0,1,0,0,1,0,0,0,0,0,0,0,0,1,0,918.664044957
20214,1129001327,22,19,3,0,0,8,6,7,1,0,0,7,5,6,1,0,0,1,1,1,0,4622.36804481
20214,1129001330,2,0,2,0,0,0,0,1,1,0,0,0,0,0,0,0,0,0,0,1,1,1084.26803368
20214,1129001334,4,4,0,0,0,4,0,0,0,0,0,4,0,0,0,0,0,0,0,0,0,5649.95803163
20214,1129001336,5,4,1,0,1,2,0,2,0,0,1,2,0,1,0,0,0,0,0,1,0,2715.72165908
20214,1129001346,4,2,2,0,0,0,2,1,1,0,0,0,1,1,0,0,0,0,1,0,1,2308.39439091
20214,1129001348,8,1,7,0,1,1,1,4,1,0,0,0,0,0,1,0,1,1,1,4,0,4790.86921001
20214,1129001350,95,50,45,0,14,19,24,17,21,0,1,9,13,10,17,0,13,10,11,7,4,3080.69931178
20214,1129001354,38,9,29,0,12,14,5,7,0,0,2,2,2,3,0,0,10,12,3,4,0,2816.14414283
20214,1129001360,92,77,15,0,22,21,14,30,5,0,22,17,8,25,5,0,0,4,6,5,0,2836.0672573
20214,1129001363,4,2,2,0,0,1,0,1,2,0,0,0,0,1,1,0,0,1,0,0,1,3231.17273356
20214,1129001364,18,17,1,0,1,3,4,6,4,0,1,3,4,5,4,0,0,0,0,1,0,2347.55049009
20214,1129001369,2,2,0,0,0,1,1,0,0,0,0,1,1,0,0,0,0,0,0,0,0,1727.63892008
20214,1129001371,5,1,4,0,2,0,0,2,1,0,0,0,0,1,0,0,2,0,0,1,1,3301.08702655
20214,1129001376,10,8,2,0,0,2,3,1,4,0,0,2,3,1,2,0,0,0,0,0,2,4852.52882864
20214,1129001379,6,4,2,0,1,0,1,4,0,0,1,0,0,3,0,0,0,0,1,1,0,2566.67596289
20214,1129001380,8,4,4,0,0,1,2,1,4,0,0,1,1,1,1,0,0,0,1,0,3,3835.571848
20214,1129001382,3,2,1,0,0,1,0,2,0,0,0,1,0,1,0,0,0,0,0,1,0,1341.3151994
20214,1129001384,11,7,4,0,0,5,2,3,1,0,0,3,2,1,1,0,0,2,0,2,0,2434.41465641
20214,1129001389,3,3,0,0,0,0,1,1,1,0,0,0,1,1,1,0,0,0,0,0,0,1455.30132018
20214,1129001391,3,2,1,0,0,0,1,2,0,0,0,0,1,1,0,0,0,0,0,1,0,4600.61349277
20214,1129001397,2,1,1,0,0,0,0,1,1,0,0,0,0,1,0,0,0,0,0,0,1,868.923957791
20214,1129001400,8,5,3,0,1,1,0,4,2,0,0,0,0,3,2,0,1,1,0,1,0,2443.09056824
20214,1129001402,8,6,2,0,0,2,2,3,1,0,0,1,2,2,1,0,0,1,0,1,0,1363.18684457
20214,1129001405,7,4,3,0,0,0,1,2,4,0,0,0,0,1,3,0,0,0,1,1,1,3773.12069376
20214,1129001409,7,4,3,0,3,2,1,1,0,0,2,1,1,0,0,0,1,1,0,1,0,3687.19811542
20214,1129001411,1,0,1,0,0,0,1,0,0,0,0,0,0,0,0,0,0,0,1,0,0,893.065313794
20214,1129001415,3,2,1,0,0,0,2,1,0,0,0,0,2,0,0,0,0,0,0,1,0,2578.26555068
20214,1129001416,16,8,8,0,2,3,6,4,1,0,0,1,4,2,1,0,2,2,2,2,0,2382.94063562
20214,1129001422,82,34,48,0,10,19,16,19,18,0,0,4,6,8,16,0,10,15,10,11,2,10522.4008775
20214,1129001424,71,57,14,0,4,10,20,34,3,0,3,5,14,32,3,0,1,5,6,2,0,5099.14970665
20214,1129001427,9,4,5,0,0,0,1,6,2,0,0,0,0,3,1,0,0,0,1,3,1,2764.31163355
20214,1129001428,58,25,33,0,6,15,15,17,5,0,3,4,5,9,4,0,3,11,10,8,1,24849.9049279
20214,1129001430,40,39,1,0,2,3,4,23,8,0,2,3,3,23,8,0,0,0,1,0,0,1719.2810491
20214,1129001433,1,0,1,0,0,1,0,0,0,0,0,0,0,0,0,0,0,1,0,0,0,4161.82129936
20214,1129001434,8,8,0,0,0,2,2,1,3,0,0,2,2,1,3,0,0,0,0,0,0,3140.00692645
20214,1129001436,3,3,0,0,0,0,1,0,2,0,0,0,1,0,2,0,0,0,0,0,0,1922.30098389
20214,1129001437,4,2,2,0,1,1,0,2,0,0,0,1,0,1,0,0,1,0,0,1,0,1054.98095312
20214,1129001440,37,8,29,0,2,7,11,12,5,0,2,1,1,0,4,0,0,6,10,12,1,12902.9829544
20214,1129001441,3,1,2,0,2,0,0,1,0,0,1,0,0,0,0,0,1,0,0,1,0,2441.66146192
20214,1129001442,10,10,0,0,0,3,5,2,0,0,0,3,5,2,0,0,0,0,0,0,0,2677.91136473
20214,1129001444,9,3,6,0,3,1,1,4,0,0,1,0,1,1,0,0,2,1,0,3,0,8911.19997696
20214,1129001445,1,0,1,0,0,0,0,1,0,0,0,0,0,0,0,0,0,0,0,1,0,2572.54803552
20214,1129001446,129,54,75,1,31,34,27,12,24,0,6,10,19,8,11,1,25,24,8,4,13,6222.99353583
20214,1129001449,10,8,2,0,4,1,1,3,1,0,3,1,1,2,1,0,1,0,0,1,0,1638.67995197
20214,1129001450,41,39,2,0,1,5,4,13,18,0,1,4,4,12,18,0,0,1,0,1,0,3137.43463678
20214,1129001451,3,2,1,0,0,0,1,1,1,0,0,0,1,1,0,0,0,0,0,0,1,1471.26951474
20214,1129001454,44,39,5,0,0,2,7,12,23,0,0,2,4,11,22,0,0,0,3,1,1,3278.69548523
20214,1129001457,4,3,1,0,0,1,0,2,1,0,0,1,0,1,1,0,0,0,0,1,0,2809.34675755
20214,1129001465,6,5,1,0,0,0,3,2,1,0,0,0,2,2,1,0,0,0,1,0,0,4592.43662789
20214,1129001468,6,2,4,0,0,2,1,2,1,0,0,1,0,1,0,0,0,1,1,1,1,5275.84700193
20214,1129001471,9,4,5,0,0,3,1,0,5,0,0,0,0,0,4,0,0,3,1,0,1,3885.02788991
20214,1129001473,6,5,1,0,0,0,4,2,0,0,0,0,3,2,0,0,0,0,1,0,0,1611.55927305
20214,1129001476,12,10,2,0,2,1,4,3,2,0,2,1,4,1,2,0,0,0,0,2,0,3534.0133398
20214,1129001489,907,703,204,0,4,10,19,44,830,0,0,7,6,26,664,0,4,3,13,18,166,3463.59476813
20214,1129001491,3,1,2,0,0,0,3,0,0,0,0,0,1,0,0,0,0,0,2,0,0,3906.08988199
20214,1129001498,19,12,7,0,0,2,6,5,6,0,0,1,4,2,5,0,0,1,2,3,1,1347.21113131
20214,1129001499,4,4,0,0,3,1,0,0,0,0,3,1,0,0,0,0,0,0,0,0,0,1754.1850392
20214,1129001500,4,1,3,0,0,1,3,0,0,0,0,0,1,0,0,0,0,1,2,0,0,863.468436994
20214,1129001503,37,34,3,0,4,7,7,9,10,0,3,6,6,9,10,0,1,1,1,0,0,6648.95313586
20214,1129001508,23,11,12,0,1,0,9,9,4,0,1,0,4,3,3,0,0,0,5,6,1,2775.16339585
20214,1129001511,6,2,4,0,0,1,3,2,0,0,0,0,0,2,0,0,0,1,3,0,0,2425.55832245
20214,1129001512,3,3,0,0,0,0,3,0,0,0,0,0,3,0,0,0,0,0,0,0,0,2482.12818792
20214,1129001516,3,1,2,0,0,0,1,2,0,0,0,0,0,1,0,0,0,0,1,1,0,10269.6729421
20214,1129001517,8,2,6,0,4,1,3,0,0,0,1,0,1,0,0,0,3,1,2,0,0,2946.1416121
20214,1129001520,24,19,5,0,0,0,3,4,17,0,0,0,2,3,14,0,0,0,1,1,3,112264.001808
20214,1129001527,21,3,18,1,3,7,6,3,1,0,1,0,1,0,1,1,2,7,5,3,0,1815.25704643
20214,1129001529,836,443,393,10,107,148,194,210,167,8,67,96,91,95,86,2,40,52,103,115,81,3244.91565666
20214,1129001533,12,6,6,0,1,2,5,3,1,0,1,2,0,2,1,0,0,0,5,1,0,7005.07258843
20214,1129001541,4,2,2,0,0,0,3,1,0,0,0,0,1,1,0,0,0,0,2,0,0,5582.10152217
20214,1129001542,35,21,14,0,6,12,6,9,2,0,0,8,5,7,1,0,6,4,1,2,1,10809.4800919
20214,1129001543,9,5,4,0,2,4,2,0,1,0,2,2,1,0,0,0,0,2,1,0,1,4252.23772058
20214,1129001544,13,7,6,0,2,2,3,3,3,0,1,1,3,0,2,0,1,1,0,3,1,2769.46438583
20214,1129001546,41,13,28,4,14,5,9,8,1,0,3,3,3,4,0,4,11,2,6,4,1,3700.23516321
20214,1129001547,8,4,4,0,0,1,1,2,4,0,0,0,0,1,3,0,0,1,1,1,1,2283.89334788
20214,1129001549,3,2,1,0,0,0,0,1,2,0,0,0,0,0,2,0,0,0,0,1,0,3082.87086879
20214,1129001550,17,7,10,0,4,4,0,5,4,0,0,0,0,5,2,0,4,4,0,0,2,3963.01710403
20214,1129001551,3,2,1,0,0,0,2,1,0,0,0,0,1,1,0,0,0,0,1,0,0,1255.51300215
20214,1129001552,11,4,7,0,3,4,0,4,0,0,0,2,0,2,0,0,3,2,0,2,0,2288.87004357
20214,1129001553,3,0,3,0,0,1,1,0,1,0,0,0,0,0,0,0,0,1,1,0,1,1312.89575304
20214,1129001554,20,13,7,0,0,3,4,10,3,0,0,1,1,9,2,0,0,2,3,1,1,4500.72589937
20214,1129001556,2,1,1,0,0,0,1,0,1,0,0,0,0,0,1,0,0,0,1,0,0,2130.03979263
20214,1129001557,22,10,12,0,3,2,5,4,8,0,2,0,2,2,4,0,1,2,3,2,4,1823.5022601
20214,1129001558,4,2,2,0,0,0,4,0,0,0,0,0,2,0,0,0,0,0,2,0,0,4102.41936634
20214,1129001561,2,1,1,0,0,0,1,0,1,0,0,0,0,0,1,0,0,0,1,0,0,1632.12625983
20214,1129001564,2,1,1,0,0,0,1,0,1,0,0,0,0,0,1,0,0,0,1,0,0,13747.5201953
20214,1129001566,8,5,3,0,1,0,2,3,2,0,0,0,2,2,1,0,1,0,0,1,1,2783.57534131
20214,1129001567,3,0,3,0,1,0,0,2,0,0,0,0,0,0,0,0,1,0,0,2,0,10023.0335707
20214,1129001568,24,14,10,0,2,6,2,7,7,0,0,2,2,5,5,0,2,4,0,2,2,4343.0355389
20214,1129001569,26,13,13,0,3,5,8,5,5,0,1,2,4,2,4,0,2,3,4,3,1,14381.065832
20214,1129001570,13,10,3,0,0,3,2,5,3,0,0,3,1,3,3,0,0,0,1,2,0,1730.01425553
20214,1129001571,432,90,342,1,41,96,188,103,3,0,11,40,30,7,2,1,30,56,158,96,1,3964.85927945
20214,1129001572,362,112,250,0,18,131,177,24,12,0,6,34,48,12,12,0,12,97,129,12,0,8056.7275957
20214,1129001573,5,4,1,0,0,3,0,1,1,0,0,2,0,1,1,0,0,1,0,0,0,3278.67060907
20214,1129001574,14,9,5,0,2,3,6,2,1,0,1,2,3,2,1,0,1,1,3,0,0,5029.25642128
20214,1129001575,45,16,29,0,8,7,8,14,8,0,3,3,0,6,4,0,5,4,8,8,4,8008.16925497
20214,1129001576,20,13,7,0,2,6,6,5,1,0,2,3,5,3,0,0,0,3,1,2,1,2056.06663506
20214,1129001577,59,11,48,0,11,11,6,29,2,0,2,4,5,0,0,0,9,7,1,29,2,4200.93537208
20214,1129001578,122,88,34,0,3,13,50,42,14,0,0,11,38,31,8,0,3,2,12,11,6,5359.15774984
20214,1129001580,12,1,11,0,1,2,2,3,4,0,0,0,0,0,1,0,1,2,2,3,3,2692.58656665
20214,1129001581,16,6,10,0,1,3,4,4,4,0,0,0,2,1,3,0,1,3,2,3,1,5943.67095631
20214,1129001582,5,1,4,0,2,0,1,1,1,0,1,0,0,0,0,0,1,0,1,1,1,3755.61358973
20214,1129001583,188,60,128,0,40,88,41,12,7,0,9,26,16,4,5,0,31,62,25,8,2,2705.58063208
20214,1129001584,682,558,124,3,110,218,218,92,41,3,79,184,190,69,33,0,31,34,28,23,8,12585.539396
20214,1129001585,62,15,47,0,4,22,21,13,2,0,0,7,3,4,1,0,4,15,18,9,1,18159.6794215
20214,1129001586,236,75,161,0,33,30,40,49,84,0,11,13,13,11,27,0,22,17,27,38,57,6965.9160308
20214,1129001588,23,9,14,0,4,5,5,6,3,0,2,0,2,2,3,0,2,5,3,4,0,28616.6529241
20214,1129001589,9,5,4,0,1,1,3,4,0,0,0,1,1,3,0,0,1,0,2,1,0,2947.70634045
20214,1129001590,27,17,10,1,2,9,7,6,2,0,2,6,4,4,1,1,0,3,3,2,1,4798.23307808
20214,1129001591,21,10,11,0,5,3,6,4,3,0,1,2,3,2,2,0,4,1,3,2,1,2138.14774143
20214,1129001595,16,12,4,0,0,7,1,6,2,0,0,5,0,5,2,0,0,2,1,1,0,1784.00920877
20214,1129001602,6,5,1,0,0,0,1,3,2,0,0,0,1,2,2,0,0,0,0,1,0,2389.19628428
20214,1129001604,7,2,5,0,2,0,3,2,0,0,1,0,0,1,0,0,1,0,3,1,0,13313.163929
20214,1129001607,60,51,9,0,1,11,10,24,14,0,1,5,9,23,13,0,0,6,1,1,1,7635.27289405
20214,1129001610,53,30,23,0,4,21,12,4,12,0,1,13,5,4,7,0,3,8,7,0,5,23111.2737032
20214,1129001611,19,18,1,0,6,5,2,3,3,0,6,5,2,3,2,0,0,0,0,0,1,9148.49375224
20214,1129001612,2,2,0,0,0,0,1,1,0,0,0,0,1,1,0,0,0,0,0,0,0,3095.44501609
20214,1129001616,124,24,100,0,14,20,35,50,5,0,7,4,7,5,1,0,7,16,28,45,4,8470.10363357
20214,1129001617,42,23,19,0,6,9,18,1,8,0,1,3,12,0,7,0,5,6,6,1,1,14624.148448
20214,1129001618,24,18,6,0,6,5,8,4,1,0,4,3,6,4,1,0,2,2,2,0,0,6027.49492595
20214,1129001619,3,1,2,0,0,2,0,0,1,0,0,0,0,0,1,0,0,2,0,0,0,1286.20306618
20214,1129001620,4,3,1,0,0,0,1,3,0,0,0,0,1,2,0,0,0,0,0,1,0,3699.48213505
20214,1129001624,1,1,0,0,0,0,1,0,0,0,0,0,1,0,0,0,0,0,0,0,0,1939.28228487
20214,1129001628,9,6,3,0,1,1,2,2,3,0,0,1,2,1,2,0,1,0,0,1,1,2708.79202984
20214,1129001629,8,8,0,0,2,0,4,1,1,0,2,0,4,1,1,0,0,0,0,0,0,3474.47241604
20214,1129001631,2,1,1,0,0,0,0,1,1,0,0,0,0,1,0,0,0,0,0,0,1,2526.9182402
20214,1129001640,2,2,0,0,0,0,0,2,0,0,0,0,0,2,0,0,0,0,0,0,0,6906.31589345
20214,1129001644,62,42,20,0,1,11,18,24,8,0,0,5,13,18,6,0,1,6,5,6,2,17096.9992394
20214,1129001645,6,2,4,0,0,1,1,0,4,0,0,0,1,0,1,0,0,1,0,0,3,1706.17310916
20214,1129001646,15,10,5,0,1,2,3,4,5,0,1,1,3,2,3,0,0,1,0,2,2,7776.28594244
20214,1129001649,6,3,3,0,1,1,0,2,2,0,1,0,0,1,1,0,0,1,0,1,1,3571.2929428
20214,1129001652,59,54,5,0,4,7,31,16,1,0,4,5,28,16,1,0,0,2,3,0,0,11076.9615897
20214,1129001653,1,1,0,0,0,0,0,0,1,0,0,0,0,0,1,0,0,0,0,0,0,531.4830948
20214,1129001657,20,12,8,0,3,1,4,6,6,0,1,1,1,4,5,0,2,0,3,2,1,7318.72766697
20214,1129001659,117,110,7,0,23,26,40,21,7,0,19,24,39,21,7,0,4,2,1,0,0,4489.0919205
20214,1129001660,2,0,2,0,0,0,0,1,1,0,0,0,0,0,0,0,0,0,0,1,1,1786.09024829
20214,1129001661,3,2,1,0,1,1,0,1,0,0,0,1,0,1,0,0,1,0,0,0,0,4540.41539848
20214,1129001663,3,1,2,0,1,0,0,2,0,0,0,0,0,1,0,0,1,0,0,1,0,2767.61504058
20214,1129001666,35,4,31,0,7,11,10,7,0,0,0,1,2,1,0,0,7,10,8,6,0,13506.0754743
20214,1129001668,20,11,9,0,1,4,5,2,8,0,0,2,4,1,4,0,1,2,1,1,4,8051.24339719
20214,1129001669,3,2,1,0,1,0,0,1,1,0,1,0,0,0,1,0,0,0,0,1,0,4217.65010909
20214,1129001670,2,1,1,0,0,0,1,1,0,0,0,0,0,1,0,0,0,0,1,0,0,4432.79953572
20214,1129001673,107,36,71,0,5,23,47,26,6,0,1,5,15,11,4,0,4,18,32,15,2,42048.6372977
20214,1129001674,6,5,1,0,0,1,0,5,0,0,0,1,0,4,0,0,0,0,0,1,0,5319.85616062
20214,1129001675,8,4,4,0,1,5,1,1,0,0,0,4,0,0,0,0,1,1,1,1,0,4405.43144491
20214,1129001677,5,3,2,0,0,1,2,1,1,0,0,1,1,1,0,0,0,0,1,0,1,18777.2333451
20214,1129001678,253,207,46,5,27,75,82,40,24,1,11,70,74,34,17,4,16,5,8,6,7,31709.101242
20214,1129001680,275,110,165,0,46,115,62,31,21,0,12,37,35,12,14,0,34,78,27,19,7,31423.9957706
20214,1129001681,159,124,35,6,42,59,35,11,6,6,36,54,23,5,0,0,6,5,12,6,6,4056.36903134
20214,1129001683,56,29,27,0,4,9,16,19,8,0,2,2,6,13,6,0,2,7,10,6,2,57347.5502962
20214,1129001685,31,17,14,0,6,10,9,4,2,0,4,8,4,0,1,0,2,2,5,4,1,9737.43556297
20214,1129001686,292,231,61,0,42,76,122,35,17,0,24,64,106,28,9,0,18,12,16,7,8,11872.4971689
20214,1129001687,15,3,12,0,6,3,2,3,1,0,0,0,0,2,1,0,6,3,2,1,0,6060.75766147
20214,1129001691,34,26,8,0,4,6,12,5,7,0,2,4,9,5,6,0,2,2,3,0,1,3565.23037215
20214,1129001695,29,10,19,0,3,2,7,8,9,0,2,2,4,1,1,0,1,0,3,7,8,9635.54196006
20214,1129001696,8,5,3,0,0,0,3,4,1,0,0,0,2,2,1,0,0,0,1,2,0,21940.0663842
20214,1129001697,287,166,121,3,123,71,40,34,16,0,56,46,29,24,11,3,67,25,11,10,5,3701.5317609
20214,1129001698,113,56,57,0,14,35,33,25,6,0,4,14,13,20,5,0,10,21,20,5,1,36366.1105139
20214,1129001699,203,155,48,0,19,62,53,60,9,0,13,46,43,45,8,0,6,16,10,15,1,18370.718007
20214,1129001701,55,33,22,0,9,10,11,13,12,0,5,7,7,7,7,0,4,3,4,6,5,14579.7433132
20214,1129001706,10,4,6,0,2,1,1,2,4,0,0,0,0,1,3,0,2,1,1,1,1,8823.65887523
20214,1129001707,100,41,59,0,17,42,34,5,2,0,5,12,20,2,2,0,12,30,14,3,0,2298.36418357
20214,1129001710,7,3,4,0,1,0,4,0,2,0,0,0,1,0,2,0,1,0,3,0,0,9280.69115543
20214,1129001711,1,1,0,0,0,0,0,0,1,0,0,0,0,0,1,0,0,0,0,0,0,3813.48944324
20214,1129001712,389,264,125,3,93,154,89,33,17,0,50,111,61,26,16,3,43,43,28,7,1,50964.5354988
20214,1129001713,7,6,1,0,0,0,3,2,2,0,0,0,2,2,2,0,0,0,1,0,0,15040.4546882
20214,1129001714,2,1,1,0,0,0,1,1,0,0,0,0,1,0,0,0,0,0,0,1,0,61113.2339719
20214,1129001717,5,3,2,0,0,0,3,1,1,0,0,0,2,0,1,0,0,0,1,1,0,2859.45799565
20214,1129001718,20,20,0,0,1,2,4,10,3,0,1,2,4,10,3,0,0,0,0,0,0,5182.60388761
20214,1129001720,113,81,32,0,9,24,27,35,18,0,3,17,20,25,16,0,6,7,7,10,2,14588.5181186
20214,1129001721,2,2,0,0,0,1,0,0,1,0,0,1,0,0,1,0,0,0,0,0,0,35726.6010143
20214,1129001722,115,50,65,3,39,21,21,23,8,1,20,10,12,6,1,2,19,11,9,17,7,208944.212216
20214,1129001723,1007,400,607,4,392,409,176,22,4,1,168,178,43,6,4,3,224,231,133,16,0,17351.2547931
20214,1129001725,115,105,10,0,14,26,36,30,9,0,11,24,33,29,8,0,3,2,3,1,1,3211.27340679
20214,1129001727,60,37,23,0,16,23,16,4,1,0,10,15,9,3,0,0,6,8,7,1,1,11404.1999449
20214,1129001728,122,113,9,0,0,3,13,52,54,0,0,1,11,49,52,0,0,2,2,3,2,10298.3745181
20214,1129001729,39,21,18,0,9,8,16,5,1,0,1,3,13,4,0,0,8,5,3,1,1,14429.3177552
20214,1129001731,352,338,14,0,36,100,101,105,10,0,32,96,96,105,9,0,4,4,5,0,1,15322.0620527
20214,1129001732,22,14,8,0,3,5,4,8,2,0,3,4,2,4,1,0,0,1,2,4,1,7008.62593422
20214,1129001733,507,385,122,1,154,156,83,102,11,0,74,127,72,102,10,1,80,29,11,0,1,14141.332928
20214,1129001734,11,5,6,0,4,1,2,2,2,0,1,1,1,1,1,0,3,0,1,1,1,16218.749889
20214,1129001735,2,1,1,0,1,0,1,0,0,0,0,0,1,0,0,0,1,0,0,0,0,3143.56685703
20214,1129001736,888,751,137,0,105,305,278,187,13,0,54,259,248,178,12,0,51,46,30,9,1,20885.5474179
20214,1129001737,4,4,0,0,0,1,2,0,1,0,0,1,2,0,1,0,0,0,0,0,0,6677.97298018
20214,1129001738,12087,11233,854,5,892,2435,3701,4847,207,0,725,2094,3516,4751,147,5,167,341,185,96,60,36702.3474634
20214,1129001739,61,36,25,0,1,19,25,12,4,0,0,11,11,10,4,0,1,8,14,2,0,3342.16520041
20214,1129001740,7,4,3,0,0,2,3,1,1,0,0,1,2,1,0,0,0,1,1,0,1,11136.2202808
20214,1129001741,19,8,11,1,5,1,7,3,2,0,4,0,3,0,1,1,1,1,4,3,1,14491.8325383
20214,1129001742,82,45,37,0,8,18,22,15,19,0,4,7,10,10,14,0,4,11,12,5,5,59407.2168511
20214,1129001743,35,22,13,0,7,11,9,6,2,0,5,7,6,3,1,0,2,4,3,3,1,45676.2336692
20214,1129001744,277,230,47,1,36,85,92,55,8,0,23,60,87,53,7,1,13,25,5,2,1,4252.37959544
20214,1129001747,554,197,357,0,114,176,203,59,2,0,31,48,81,35,2,0,83,128,122,24,0,62215.1849167
20214,1129001748,22,18,4,0,1,4,5,8,4,0,0,4,3,8,3,0,1,0,2,0,1,13250.2462508
20214,1129001750,62,55,7,1,3,5,11,21,21,1,2,4,10,19,19,0,1,1,1,2,2,4991.29551256
20214,1129001752,268,138,130,2,94,38,39,37,58,0,42,19,26,18,33,2,52,19,13,19,25,32129.1420407
20214,1129001754,37,21,16,0,4,9,13,5,6,0,3,6,4,2,6,0,1,3,9,3,0,56238.503021
20214,1129001755,8,5,3,0,0,3,1,1,3,0,0,2,1,1,1,0,0,1,0,0,2,15866.9890591
20214,1129001757,971,449,522,0,262,307,224,139,39,0,77,122,129,93,28,0,185,185,95,46,11,115183.835906
20214,1129001758,9,6,3,0,0,2,1,1,5,0,0,1,0,0,5,0,0,1,1,1,0,461704.104484
20214,1129001759,21,9,12,0,4,6,7,3,1,0,0,2,3,3,1,0,4,4,4,0,0,127972.990805
20214,1129001760,12,5,7,0,0,2,5,3,2,0,0,0,1,2,2,0,0,2,4,1,0,173578.137983
20214,1129001762,81,60,21,0,9,13,26,17,16,0,6,10,17,13,14,0,3,3,9,4,2,3792.49172069
20214,1129001763,38,19,19,0,7,9,11,9,2,0,2,5,5,6,1,0,5,4,6,3,1,3685.11917834
20214,1129001765,89,64,25,0,7,10,25,24,23,0,2,6,19,20,17,0,5,4,6,4,6,3195.51657621
20214,1129001766,84,69,15,0,11,13,23,28,9,0,7,10,20,23,9,0,4,3,3,5,0,2626.50736881
20214,1129001767,4,3,1,0,1,0,0,0,3,0,0,0,0,0,3,0,1,0,0,0,0,2362.44833114
20214,1129001769,7,5,2,0,0,0,1,4,2,0,0,0,0,3,2,0,0,0,1,1,0,7690.69074465
20214,1129001771,28,18,10,0,1,5,12,7,3,0,1,2,6,6,3,0,0,3,6,1,0,5002.07761172
20214,1129001772,2,2,0,0,0,0,0,1,1,0,0,0,0,1,1,0,0,0,0,0,0,5441.09988607
20214,1129001775,22,17,5,0,7,10,2,1,2,0,5,9,2,1,0,0,2,1,0,0,2,4574.31319467
20214,1129001777,676,506,170,3,121,184,150,147,71,3,79,140,120,117,47,0,42,44,30,30,24,5672.70743044
20214,1129001780,39,24,15,0,2,13,9,10,5,0,1,11,4,4,4,0,1,2,5,6,1,12966.6739742
20214,1129001781,49,27,22,1,13,11,10,11,3,0,5,6,9,4,3,1,8,5,1,7,0,679.953867576
20214,1129001782,301,249,52,1,33,90,111,66,0,0,26,81,91,51,0,1,7,9,20,15,0,5627.30439485
20214,1129001787,5,2,3,0,0,2,0,2,1,0,0,1,0,0,1,0,0,1,0,2,0,1932.05015884
20214,1129001790,2,2,0,0,0,0,2,0,0,0,0,0,2,0,0,0,0,0,0,0,0,953.419858708
20214,1129001791,23,13,10,0,12,9,1,1,0,0,6,6,1,0,0,0,6,3,0,1,0,5521.52808952
20214,1129001792,4,2,2,0,0,0,1,3,0,0,0,0,0,2,0,0,0,0,1,1,0,6575.87772822
20214,1129001793,8,4,4,0,0,1,0,3,4,0,0,1,0,0,3,0,0,0,0,3,1,1556.47288448
20214,1129001796,2,1,1,0,0,0,0,2,0,0,0,0,0,1,0,0,0,0,0,1,0,5927.95159607
20214,1129001797,3,3,0,0,0,0,0,3,0,0,0,0,0,3,0,0,0,0,0,0,0,3749.07707306
20214,1129001798,4,2,2,0,0,0,2,0,2,0,0,0,2,0,0,0,0,0,0,0,2,2491.22563213
20214,1129001799,7,1,6,0,3,3,0,0,1,0,1,0,0,0,0,0,2,3,0,0,1,3497.66272857
20214,1129001800,22,6,16,1,10,7,2,0,2,0,0,3,2,0,1,1,10,4,0,0,1,2929.06750307
20214,1129001802,5,4,1,0,0,1,2,2,0,0,0,1,1,2,0,0,0,0,1,0,0,1957.18080496
20214,1129001803,10,1,9,0,2,5,2,0,1,0,0,1,0,0,0,0,2,4,2,0,1,3701.79853524
20214,1129001805,173,162,11,0,3,13,17,56,84,0,2,10,15,54,81,0,1,3,2,2,3,7603.20550094
20214,1129001806,6,5,1,0,0,1,0,3,2,0,0,1,0,3,1,0,0,0,0,0,1,6103.56689588
20214,1129001809,393,366,27,0,18,51,87,144,93,0,15,49,81,132,89,0,3,2,6,12,4,4015.54869065
20214,1129001811,3,1,2,0,0,1,1,0,1,0,0,0,0,0,1,0,0,1,1,0,0,4013.3108732
20214,1129001813,1027,535,492,0,91,342,397,191,6,0,29,148,235,117,6,0,62,194,162,74,0,1236.84460347
20214,1129001817,15,9,6,0,0,4,3,1,7,0,0,1,2,0,6,0,0,3,1,1,1,4900.68402436
20214,1129001819,70,66,4,0,3,0,9,33,25,0,1,0,8,33,24,0,2,0,1,0,1,2866.42817973
20214,1129001821,437,335,102,1,126,198,91,17,4,0,86,158,76,13,2,1,40,40,15,4,2,6101.43159287
20214,1129001822,121,44,77,0,27,24,36,19,15,0,10,8,10,10,6,0,17,16,26,9,9,3977.64529884
20214,1129001823,12,7,5,0,0,0,1,3,8,0,0,0,1,0,6,0,0,0,0,3,2,9128.55318805
20214,1129001824,16,9,7,0,4,4,3,2,3,0,3,2,2,0,2,0,1,2,1,2,1,8815.50505784
20214,1129001826,7,6,1,0,3,3,1,0,0,0,2,3,1,0,0,0,1,0,0,0,0,1169.4131382
20214,1129001831,24,19,5,0,3,4,9,5,3,0,2,2,8,4,3,0,1,2,1,1,0,3705.6866103
20214,1129001834,2,1,1,0,0,1,1,0,0,0,0,0,1,0,0,0,0,1,0,0,0,1737.95598376
20214,1129001837,5,2,3,0,0,0,2,1,2,0,0,0,0,0,2,0,0,0,2,1,0,4200.31347075
20214,1129001838,20,0,20,0,9,2,4,5,0,0,0,0,0,0,0,0,9,2,4,5,0,1605.0396624
20214,1129001839,2,1,1,0,0,0,1,1,0,0,0,0,0,1,0,0,0,0,1,0,0,2216.78679614
20214,1129001843,16,5,11,1,3,4,2,4,2,0,0,1,2,1,1,1,3,3,0,3,1,6201.15364473
20214,1129001844,8,1,7,0,1,2,1,0,4,0,0,0,0,0,1,0,1,2,1,0,3,1180.56938563
20214,1129001845,6,2,4,0,2,1,1,0,2,0,0,1,0,0,1,0,2,0,1,0,1,1469.88884095
20214,1129001846,2,2,0,0,0,0,1,0,1,0,0,0,1,0,1,0,0,0,0,0,0,4253.98061194
20214,1129001847,10,9,1,0,2,5,3,0,0,0,2,4,3,0,0,0,0,1,0,0,0,3085.97983842
20214,1129001849,5,2,3,0,1,0,1,3,0,0,1,0,0,1,0,0,0,0,1,2,0,1774.29074096
20214,1129001852,14,2,12,0,1,3,7,2,1,0,0,0,1,1,0,0,1,3,6,1,1,5600.35205905
20214,1129001854,28,7,21,0,12,9,5,1,1,0,0,2,3,1,1,0,12,7,2,0,0,2237.60939737
20214,1129001855,3,1,2,0,1,1,0,1,0,0,0,0,0,1,0,0,1,1,0,0,0,2625.55521993
20214,1129001856,11,8,3,0,0,3,5,3,0,0,0,3,3,2,0,0,0,0,2,1,0,2524.69968364
20214,1129001857,12,6,6,0,0,6,3,2,1,0,0,2,1,2,1,0,0,4,2,0,0,1269.0379333
20214,1129001858,9,6,3,0,0,1,2,1,5,0,0,1,0,1,4,0,0,0,2,0,1,2440.06803089
20214,1129001859,4,2,2,0,0,1,1,2,0,0,0,1,0,1,0,0,0,0,1,1,0,1274.74125263
20214,1129001862,22,11,11,0,3,3,6,5,5,0,0,2,3,3,3,0,3,1,3,2,2,1344.83088156
20214,1129001864,15,7,8,0,5,2,0,2,6,0,1,1,0,1,4,0,4,1,0,1,2,4159.64299935
20214,1129001865,13,10,3,0,1,5,2,4,1,0,0,4,2,3,1,0,1,1,0,1,0,5431.32381959
20214,1129001866,9,5,4,0,0,1,5,3,0,0,0,1,1,3,0,0,0,0,4,0,0,1978.40387727
20214,1129001868,6,4,2,0,1,4,0,0,1,0,0,3,0,0,1,0,1,1,0,0,0,2023.40280659
20214,1129001869,17,11,6,0,0,2,7,5,3,0,0,1,3,4,3,0,0,1,4,1,0,1213.87136607
20214,1129001871,20,6,14,0,4,3,6,7,0,0,0,2,0,4,0,0,4,1,6,3,0,5937.41628291
20214,1129001872,81,44,37,0,6,10,25,30,10,0,4,7,12,16,5,0,2,3,13,14,5,4385.11483318
20214,1129001873,17,10,7,0,0,2,9,3,3,0,0,2,5,0,3,0,0,0,4,3,0,6423.12726131
20214,1129001874,3,1,2,0,0,0,3,0,0,0,0,0,1,0,0,0,0,0,2,0,0,3041.35607503
20214,1129001877,24,17,7,0,1,2,11,5,5,0,1,1,8,3,4,0,0,1,3,2,1,2379.96039316
20214,1129001880,88,32,56,0,11,17,22,17,21,0,6,5,2,8,11,0,5,12,20,9,10,11745.6973191
20214,1129001882,7,5,2,0,0,0,1,6,0,0,0,0,0,5,0,0,0,0,1,1,0,2567.74991221
20214,1129001885,15,9,6,0,5,5,2,3,0,0,4,1,2,2,0,0,1,4,0,1,0,4631.45059836
20214,1129001890,2,2,0,0,0,0,2,0,0,0,0,0,2,0,0,0,0,0,0,0,0,1215.75226458
20214,1129001892,5,1,4,0,0,0,0,4,1,0,0,0,0,1,0,0,0,0,0,3,1,4712.9194268
20214,1129001893,7,6,1,0,2,1,3,0,1,0,2,1,3,0,0,0,0,0,0,0,1,4072.76141789
20214,1129001894,11,5,6,0,5,3,2,0,1,0,0,2,2,0,1,0,5,1,0,0,0,5014.25878933
20214,1129001895,20,4,16,0,1,0,5,12,2,0,0,0,0,3,1,0,1,0,5,9,1,4594.51232741
20214,1129001900,2,2,0,0,0,0,1,0,1,0,0,0,1,0,1,0,0,0,0,0,0,1438.37091732
20214,1129001902,6,4,2,0,1,1,0,0,4,0,1,1,0,0,2,0,0,0,0,0,2,2446.56008202
20214,1129001905,73,25,48,0,14,19,20,12,8,0,5,4,6,5,5,0,9,15,14,7,3,76031.7400242
20214,1129001908,9,3,6,0,1,2,4,1,1,0,0,1,1,0,1,0,1,1,3,1,0,2639.12239581
20214,1129001910,10,5,5,0,0,5,3,2,0,0,0,2,1,2,0,0,0,3,2,0,0,3448.69916309
20214,1129001911,9,3,6,0,0,0,6,2,1,0,0,0,3,0,0,0,0,0,3,2,1,4654.39745712
20214,1129001912,5,4,1,0,0,1,0,2,2,0,0,1,0,2,1,0,0,0,0,0,1,1587.62560515
20214,1129001913,4,4,0,0,0,1,0,2,1,0,0,1,0,2,1,0,0,0,0,0,0,1322.62881485
20214,1129001919,3,1,2,0,0,3,0,0,0,0,0,1,0,0,0,0,0,2,0,0,0,1226.92166334
20214,1129001921,1,0,1,0,0,1,0,0,0,0,0,0,0,0,0,0,0,1,0,0,0,1330.40119407
20214,1129001923,128,38,90,0,10,24,53,30,11,0,4,5,15,9,5,0,6,19,38,21,6,3420.0104574
20214,1129001932,3,0,3,0,1,0,0,2,0,0,0,0,0,0,0,0,1,0,0,2,0,2467.5735448
20214,1129001936,3,2,1,0,0,0,0,3,0,0,0,0,0,2,0,0,0,0,0,1,0,9166.11253513
20214,1129001941,46,12,34,0,16,13,7,8,2,0,4,4,3,0,1,0,12,9,4,8,1,9370.09863927
20214,1129001942,26,12,14,0,18,3,3,2,0,0,7,2,1,2,0,0,11,1,2,0,0,437947.697653
20214,1129001945,2,2,0,0,0,0,0,1,1,0,0,0,0,1,1,0,0,0,0,0,0,1967.90878546
20214,1129001946,6,6,0,0,0,3,3,0,0,0,0,3,3,0,0,0,0,0,0,0,0,1541.27775852
20214,1129001947,2,1,1,0,0,1,0,0,1,0,0,0,0,0,1,0,0,1,0,0,0,7388.18419486
20214,1129001948,44,12,32,0,5,1,14,17,7,0,1,1,2,3,5,0,4,0,12,14,2,16156.7338016
20214,1129001950,7,5,2,0,0,4,2,1,0,0,0,2,2,1,0,0,0,2,0,0,0,3221.76775899
20214,1129001953,6,4,2,0,0,0,3,3,0,0,0,0,2,2,0,0,0,0,1,1,0,9974.66027638
20214,1129001954,17,4,13,0,4,3,7,2,1,0,0,1,2,0,1,0,4,2,5,2,0,6849.4671825
20214,1129001955,56,37,19,0,11,16,13,11,5,0,8,11,9,6,3,0,3,5,4,5,2,3092.29561786
20214,1129001959,5,4,1,0,0,0,2,3,0,0,0,0,1,3,0,0,0,0,1,0,0,3289.24841544
20214,1129001960,2,2,0,0,0,0,1,1,0,0,0,0,1,1,0,0,0,0,0,0,0,1295.03307299
20214,1129001962,6,5,1,0,1,1,2,0,2,0,1,1,1,0,2,0,0,0,1,0,0,1859.69998736
20214,1129001964,243,154,89,2,21,47,70,68,35,2,16,28,39,47,22,0,5,19,31,21,13,4677.16547515
20214,1129001967,40,38,2,0,0,3,7,26,4,0,0,3,6,26,3,0,0,0,1,0,1,2753.5521339
20214,1129001968,155,134,21,0,4,8,23,64,56,0,1,7,16,58,52,0,3,1,7,6,4,1484.80235144
20214,1129001970,989,763,226,0,20,25,102,137,705,0,17,19,68,110,549,0,3,6,34,27,156,10142.1060422
20214,1129001981,8,8,0,0,0,1,6,1,0,0,0,1,6,1,0,0,0,0,0,0,0,1991.0859651
20214,1129001983,2,2,0,0,0,0,1,0,1,0,0,0,1,0,1,0,0,0,0,0,0,3496.91527157
20214,1129001986,11,0,11,0,1,3,4,1,2,0,0,0,0,0,0,0,1,3,4,1,2,1822.66614489
20214,1129001997,48,37,11,0,9,3,4,23,9,0,5,2,2,21,7,0,4,1,2,2,2,6168.94218231
20214,1129002002,1,1,0,0,0,0,0,1,0,0,0,0,0,1,0,0,0,0,0,0,0,3881.52250267
20214,1129002003,4,2,2,0,0,0,1,2,1,0,0,0,0,1,1,0,0,0,1,1,0,1632.91902632
20214,1129002007,9,2,7,0,2,1,5,1,0,0,0,0,1,1,0,0,2,1,4,0,0,4233.0347951
20214,1129002009,3,2,1,0,0,0,2,1,0,0,0,0,1,1,0,0,0,0,1,0,0,2124.45724996
20214,1129002012,15,4,11,0,0,0,3,11,1,0,0,0,1,2,1,0,0,0,2,9,0,1507.14214812
20214,1129002016,24,11,13,0,5,5,7,4,3,0,0,3,5,2,1,0,5,2,2,2,2,3779.15199954
20214,1129002021,8,6,2,0,0,4,2,2,0,0,0,4,0,2,0,0,0,0,2,0,0,1576.48788212
20214,1129002022,4,2,2,0,1,0,2,0,1,0,0,0,1,0,1,0,1,0,1,0,0,4191.55035887
20214,1129002023,116,57,59,0,21,31,27,22,15,0,8,13,11,14,11,0,13,18,16,8,4,11480.5519753
20214,1129002039,2,2,0,0,1,0,0,1,0,0,1,0,0,1,0,0,0,0,0,0,0,1334.84037769
20214,1129002043,3,3,0,0,0,0,0,1,2,0,0,0,0,1,2,0,0,0,0,0,0,1435.64434277
20214,1129002046,58,14,44,0,0,4,13,18,23,0,0,4,4,4,2,0,0,0,9,14,21,8749.50762102
20214,1129002047,2,1,1,0,0,0,1,1,0,0,0,0,1,0,0,0,0,0,0,1,0,3870.47638498
20214,1129002048,5,3,2,0,0,1,1,2,1,0,0,0,1,2,0,0,0,1,0,0,1,1443.41986327
20214,1129002049,11,10,1,0,0,2,3,4,2,0,0,2,2,4,2,0,0,0,1,0,0,1672.3509793
20214,1129002053,21,5,16,0,2,10,4,5,0,0,0,5,0,0,0,0,2,5,4,5,0,1894.38440958
20214,1129002059,84,61,23,1,11,22,35,11,4,1,6,19,30,5,0,0,5,3,5,6,4,4709.91195331
20214,1129002060,13,6,7,0,6,3,2,2,0,0,2,1,1,2,0,0,4,2,1,0,0,1810.84668155
20214,1129002068,3,1,2,0,0,0,3,0,0,0,0,0,1,0,0,0,0,0,2,0,0,2267.13034229
20214,1129002072,3,3,0,0,0,0,0,2,1,0,0,0,0,2,1,0,0,0,0,0,0,1338.37583629
20214,1129002077,13,4,9,0,7,2,2,1,1,0,0,1,2,0,1,0,7,1,0,1,0,1355.91522144
20214,1129002080,10,0,10,0,1,3,3,2,1,0,0,0,0,0,0,0,1,3,3,2,1,2501.95897082
20214,1129002083,3,0,3,0,1,2,0,0,0,0,0,0,0,0,0,0,1,2,0,0,0,2980.77335471
20214,1129002084,179,29,150,0,34,58,48,38,1,0,3,8,9,9,0,0,31,50,39,29,1,13593.4671353
20214,1129002086,5,4,1,0,0,0,1,3,1,0,0,0,1,2,1,0,0,0,0,1,0,5751.88011396
20214,1129002087,10,0,10,0,1,3,4,2,0,0,0,0,0,0,0,0,1,3,4,2,0,1676.80587636
20214,1129002090,6,5,1,0,0,2,1,3,0,0,0,2,1,2,0,0,0,0,0,1,0,1737.84172402
20214,1129002091,4,3,1,0,0,0,0,3,1,0,0,0,0,2,1,0,0,0,0,1,0,3879.23639159
20214,1129002093,7,5,2,0,1,1,3,2,0,0,1,1,2,1,0,0,0,0,1,1,0,1683.362008
20214,1129002094,2,1,1,0,0,1,1,0,0,0,0,1,0,0,0,0,0,0,1,0,0,2410.06826046
20214,1129002105,3,2,1,0,0,1,2,0,0,0,0,1,1,0,0,0,0,0,1,0,0,2036.80540496
20214,1129002107,11,4,7,0,0,4,4,2,1,0,0,0,2,1,1,0,0,4,2,1,0,4800.9954326
20214,1129002118,2,1,1,0,0,2,0,0,0,0,0,1,0,0,0,0,0,1,0,0,0,2098.21971208
20214,1129002124,5,2,3,0,0,1,0,2,2,0,0,1,0,0,1,0,0,0,0,2,1,2433.43492417
20214,1129002126,173,72,101,0,14,29,53,27,50,0,4,10,28,12,18,0,10,19,25,15,32,2709.43073191
20214,1129002128,10,1,9,0,1,0,2,6,1,0,0,0,0,0,1,0,1,0,2,6,0,3326.39011218
20214,1129002138,1,1,0,0,0,0,1,0,0,0,0,0,1,0,0,0,0,0,0,0,0,533.733970255
20214,1129002154,54,15,39,1,10,21,16,3,3,1,2,5,6,1,0,0,8,16,10,2,3,5325.53662008
20214,1129002156,35,9,26,0,3,5,4,5,18,0,0,2,3,1,3,0,3,3,1,4,15,4538.77153372
20214,1129002163,23,5,18,0,6,1,10,6,0,0,0,0,1,4,0,0,6,1,9,2,0,6501.85395217
20214,1129002168,30,13,17,0,3,6,11,4,6,0,0,1,7,0,5,0,3,5,4,4,1,5826.40881998
20214,1129002171,2,0,2,0,0,2,0,0,0,0,0,0,0,0,0,0,0,2,0,0,0,10329.6850449
20214,1129002181,3,3,0,0,0,1,1,0,1,0,0,1,1,0,1,0,0,0,0,0,0,5679.50517494
20214,1129002182,224,140,84,1,30,64,82,29,18,0,17,43,44,21,15,1,13,21,38,8,3,3129.97681504
20214,1129002184,4,2,2,0,0,3,1,0,0,0,0,2,0,0,0,0,0,1,1,0,0,1770.72861873
20214,1129002185,3,2,1,0,1,0,1,1,0,0,1,0,1,0,0,0,0,0,0,1,0,1834.70040303
20214,1129002186,2,1,1,0,0,0,2,0,0,0,0,0,1,0,0,0,0,0,1,0,0,3832.37423793
20214,1129002188,3,2,1,0,0,0,1,2,0,0,0,0,0,2,0,0,0,0,1,0,0,3403.37784519
20214,1129002190,2,2,0,0,0,1,0,1,0,0,0,1,0,1,0,0,0,0,0,0,0,3530.87557737
20214,1129002192,2,2,0,0,0,0,0,2,0,0,0,0,0,2,0,0,0,0,0,0,0,3566.39001961
20214,1129002193,3,2,1,0,0,0,0,2,1,0,0,0,0,1,1,0,0,0,0,1,0,3217.46525943
20214,1129002195,101,69,32,0,11,24,31,13,22,0,6,18,22,10,13,0,5,6,9,3,9,22349.1448746
20214,1129002196,4,2,2,0,1,2,0,1,0,0,0,1,0,1,0,0,1,1,0,0,0,1252.91435252
20214,1129002198,35,22,13,0,1,7,8,9,10,0,1,3,3,7,8,0,0,4,5,2,2,7752.24972337
20214,1129002199,2,1,1,0,0,1,0,1,0,0,0,0,0,1,0,0,0,1,0,0,0,3624.71100486
20214,1129002201,2,1,1,0,0,0,0,0,2,0,0,0,0,0,1,0,0,0,0,0,1,2906.53584558
20214,1129002203,36,32,4,0,4,3,11,12,6,0,4,2,9,11,6,0,0,1,2,1,0,4622.10989553
20214,1129002204,7,4,3,0,1,3,2,0,1,0,0,1,2,0,1,0,1,2,0,0,0,8681.19333025
20214,1129002205,6,0,6,0,1,2,0,3,0,0,0,0,0,0,0,0,1,2,0,3,0,8030.38680177
20214,1129002207,23,12,11,0,1,6,3,6,7,0,0,3,1,2,6,0,1,3,2,4,1,4035.81071771
20214,1129002208,332,173,159,0,32,101,104,63,32,0,12,50,64,28,19,0,20,51,40,35,13,10145.1995628
20214,1129002209,5,0,5,0,0,2,1,1,1,0,0,0,0,0,0,0,0,2,1,1,1,1273.98623352
20214,1129002210,38,15,23,0,7,8,9,7,7,0,2,3,2,3,5,0,5,5,7,4,2,8120.09588535
20214,1129002211,21,9,12,0,0,1,5,8,7,0,0,1,1,3,4,0,0,0,4,5,3,4500.74404008
20214,1129002212,65,35,30,0,5,14,13,16,17,0,2,9,6,11,7,0,3,5,7,5,10,8957.09524743
20214,1129002213,45,22,23,0,2,7,16,16,4,0,1,3,7,9,2,0,1,4,9,7,2,14995.2650451
20214,1129002214,7,6,1,0,0,1,2,1,3,0,0,1,2,0,3,0,0,0,0,1,0,1731.99791452
20214,1129002215,6,2,4,0,1,0,2,2,1,0,0,0,1,0,1,0,1,0,1,2,0,3440.34008297
20214,1129002218,52,34,18,1,10,13,16,8,4,0,5,9,12,6,2,1,5,4,4,2,2,14864.3252315
20214,1129002219,7,5,2,0,2,1,2,2,0,0,1,1,1,2,0,0,1,0,1,0,0,5857.28448504
20214,1129002221,22,10,12,0,4,6,2,5,5,0,1,1,0,4,4,0,3,5,2,1,1,12600.4196396
20214,1129002223,6,2,4,0,0,0,2,4,0,0,0,0,0,2,0,0,0,0,2,2,0,3021.59637702
20214,1129002225,16,6,10,0,1,4,6,3,2,0,0,1,4,0,1,0,1,3,2,3,1,3273.96716563
20214,1129002229,1627,1166,461,0,310,658,319,221,119,0,169,480,226,177,114,0,141,178,93,44,5,441421.287997
20214,1129002231,26,12,14,0,0,5,13,3,5,0,0,1,6,1,4,0,0,4,7,2,1,5168.98395907
20214,1129002233,3,1,2,0,0,0,1,0,2,0,0,0,0,0,1,0,0,0,1,0,1,3429.18856967
20214,1129002236,9,2,7,0,2,5,2,0,0,0,0,2,0,0,0,0,2,3,2,0,0,5999.12956369
20214,1129002238,5,4,1,0,1,2,2,0,0,0,1,2,1,0,0,0,0,0,1,0,0,8420.20371284
20214,1129002243,17,1,16,0,3,7,4,2,1,0,0,0,0,0,1,0,3,7,4,2,0,169635.383512
20214,1129002244,14,2,12,0,4,2,4,3,1,0,0,0,0,2,0,0,4,2,4,1,1,5380.12712583
20214,1129002245,6,3,3,0,2,1,1,0,2,0,1,1,1,0,0,0,1,0,0,0,2,2074.48980596
20214,1129002248,3,2,1,0,1,0,0,2,0,0,1,0,0,1,0,0,0,0,0,1,0,956.49386295
20214,1129002249,282,263,19,0,7,10,13,15,237,0,6,7,4,12,234,0,1,3,9,3,3,19442.8273689
20214,1129002250,55,19,36,0,26,15,8,4,2,0,5,7,4,1,2,0,21,8,4,3,0,14181.1653138
20214,1129002252,2,2,0,0,0,0,2,0,0,0,0,0,2,0,0,0,0,0,0,0,0,3337.16519792
20214,1129002253,2,2,0,0,0,0,0,2,0,0,0,0,0,2,0,0,0,0,0,0,0,2807.55795774
20214,1129002254,132,97,35,0,5,46,53,24,4,0,1,32,41,20,3,0,4,14,12,4,1,5285.01129929
20214,1129002259,2,1,1,0,0,0,0,1,1,0,0,0,0,0,1,0,0,0,0,1,0,2217.39757024
20214,1129002262,10,1,9,0,0,3,1,2,4,0,0,0,0,0,1,0,0,3,1,2,3,2223.12867025
20214,1129002263,6,4,2,0,0,0,1,4,1,0,0,0,0,4,0,0,0,0,1,0,1,3466.09500634
20214,1129002264,2,0,2,0,0,0,1,0,1,0,0,0,0,0,0,0,0,0,1,0,1,4824.49219195
20214,1129002265,6,1,5,0,0,1,4,1,0,0,0,0,1,0,0,0,0,1,3,1,0,1242.80683928
20214,1129002267,20,5,15,2,12,1,4,0,1,0,2,0,2,0,1,2,10,1,2,0,0,2775.1633575
20214,1129002268,168,57,111,0,37,23,26,55,27,0,13,15,12,11,6,0,24,8,14,44,21,36458.9526739
20214,1129002270,17,10,7,0,4,5,1,5,2,0,4,4,1,0,1,0,0,1,0,5,1,1475.42593303
20214,1129002274,16,1,15,0,5,6,1,1,3,0,0,0,0,0,1,0,5,6,1,1,2,4669.56432472
20214,1129002279,92,31,61,0,9,28,25,27,3,0,5,4,10,9,3,0,4,24,15,18,0,10094.5325662
20214,1129002282,158,116,42,1,28,64,40,15,10,1,22,53,22,9,9,0,6,11,18,6,1,4021.73304909
20214,1129002289,19,5,14,0,4,2,5,8,0,0,1,0,1,3,0,0,3,2,4,5,0,9705.0365792
20214,1129002290,250,137,113,0,7,22,88,97,36,0,0,8,52,54,23,0,7,14,36,43,13,42011.6324016
20214,1129002291,2,1,1,0,0,0,0,2,0,0,0,0,0,1,0,0,0,0,0,1,0,929.497139492
20214,1129002292,9,7,2,0,0,1,3,4,1,0,0,1,2,3,1,0,0,0,1,1,0,3039.09428775
20214,1129002293,6,5,1,0,1,1,3,1,0,0,0,1,3,1,0,0,1,0,0,0,0,2077.61239976
20214,1129002294,7,6,1,0,1,0,4,2,0,0,1,0,4,1,0,0,0,0,0,1,0,8727.81815393
20214,1129002301,2,1,1,0,0,0,0,0,2,0,0,0,0,0,1,0,0,0,0,0,1,1077.75832975
20214,1129002303,19,14,5,0,1,4,8,4,2,0,1,2,6,3,2,0,0,2,2,1,0,1920.66345941
20214,1129002307,26,15,11,0,1,3,8,10,4,0,1,3,5,4,2,0,0,0,3,6,2,13700.153053
20214,1129002313,2,1,1,0,0,1,1,0,0,0,0,0,1,0,0,0,0,1,0,0,0,826.490001464
20214,1129002318,666,429,237,1,166,159,181,111,48,0,91,118,113,64,43,1,75,41,68,47,5,3428.74690881
20214,1129002319,2,0,2,0,0,0,0,0,2,0,0,0,0,0,0,0,0,0,0,0,2,4658.41670517
20214,1129002323,2,1,1,0,0,0,0,2,0,0,0,0,0,1,0,0,0,0,0,1,0,475.323322453
20214,1129002326,1,1,0,0,0,0,0,1,0,0,0,0,0,1,0,0,0,0,0,0,0,2359.65263058
20214,1129002327,6,2,4,0,1,0,3,1,1,0,1,0,1,0,0,0,0,0,2,1,1,2827.66203477
20214,1129002328,10,0,10,0,1,5,2,2,0,0,0,0,0,0,0,0,1,5,2,2,0,80656.4532543
20214,1129002333,14,3,11,0,3,3,5,2,1,0,0,1,2,0,0,0,3,2,3,2,1,3902.50395142
20214,1129002335,19,10,9,0,2,3,4,5,5,0,1,1,3,2,3,0,1,2,1,3,2,4812.48497944
20214,1129002336,69,15,54,0,14,15,20,16,4,0,4,3,2,4,2,0,10,12,18,12,2,11972.4676867
20214,1129002339,3,2,1,0,0,0,0,3,0,0,0,0,0,2,0,0,0,0,0,1,0,2735.23796963
20214,1129002341,13,6,7,0,7,3,2,1,0,0,3,2,1,0,0,0,4,1,1,1,0,1288.63460844
20214,1129002342,13,8,5,0,4,3,5,0,1,0,3,2,2,0,1,0,1,1,3,0,0,1763.56480908
20214,1129002343,1,1,0,0,0,0,1,0,0,0,0,0,1,0,0,0,0,0,0,0,0,760.370671509
20214,1129002345,2,2,0,0,0,2,0,0,0,0,0,2,0,0,0,0,0,0,0,0,0,2031.83967628
20214,1129002347,2,1,1,0,0,1,1,0,0,0,0,0,1,0,0,0,0,1,0,0,0,2901.35365091
20214,1129002355,2,2,0,0,0,0,0,0,2,0,0,0,0,0,2,0,0,0,0,0,0,5650.48804124
20214,1129002357,28,2,26,0,1,2,2,6,17,0,0,1,0,0,1,0,1,1,2,6,16,3529.63067203
20214,1129002361,70,41,29,0,19,16,17,14,4,0,13,11,11,4,2,0,6,5,6,10,2,1643.30826449
20214,1129002362,2,2,0,0,0,0,0,2,0,0,0,0,0,2,0,0,0,0,0,0,0,2039.82799501
20214,1129002369,20,6,14,0,0,2,6,5,7,0,0,1,4,0,1,0,0,1,2,5,6,4270.19633829
20214,1129002370,98,39,59,0,58,26,8,4,2,0,20,11,3,3,2,0,38,15,5,1,0,1985.52759671
20214,1129002375,12,8,4,0,1,0,3,0,8,0,0,0,1,0,7,0,1,0,2,0,1,2627.26094901
20214,1129002376,10,9,1,0,1,4,3,1,1,0,1,4,2,1,1,0,0,0,1,0,0,2230.4637765
20214,1129002379,4,1,3,0,1,2,0,1,0,0,0,0,0,1,0,0,1,2,0,0,0,6381.68159416
20214,1129002380,1,0,1,0,0,0,0,0,1,0,0,0,0,0,0,0,0,0,0,0,1,1272.59744782
20214,1129002382,1,0,1,0,0,0,1,0,0,0,0,0,0,0,0,0,0,0,1,0,0,1731.38142829
20214,1129002386,7,2,5,0,0,0,4,3,0,0,0,0,0,2,0,0,0,0,4,1,0,7508.23601006
20214,1129002390,1,1,0,0,0,0,0,1,0,0,0,0,0,1,0,0,0,0,0,0,0,2112.76016803
20214,1129002391,7,2,5,0,0,0,4,1,2,0,0,0,0,1,1,0,0,0,4,0,1,5430.82202861
20214,1129002392,1,1,0,0,0,0,0,0,1,0,0,0,0,0,1,0,0,0,0,0,0,1825.03622874
20214,1129002395,5,4,1,0,1,0,2,0,2,0,1,0,1,0,2,0,0,0,1,0,0,2343.15160373
20214,1129002397,2,2,0,0,0,0,0,1,1,0,0,0,0,1,1,0,0,0,0,0,0,2736.41121504
20214,1129002398,3,1,2,0,0,0,2,1,0,0,0,0,0,1,0,0,0,0,2,0,0,4258.27755876
20214,1129002403,3,2,1,0,0,1,0,1,1,0,0,1,0,0,1,0,0,0,0,1,0,2180.53800508
20214,1129002404,13,6,7,0,1,3,2,5,2,0,1,0,0,4,1,0,0,3,2,1,1,5544.70553907
20214,1129002405,12,7,5,0,4,4,2,1,1,0,1,2,2,1,1,0,3,2,0,0,0,2490.9383013
20214,1129002406,14,3,11,0,1,3,4,4,2,0,0,0,1,0,2,0,1,3,3,4,0,3280.74419166
20214,1129002409,8,3,5,0,0,1,1,2,4,0,0,1,0,0,2,0,0,0,1,2,2,3821.27002589
20214,1129002412,8,6,2,0,0,1,2,0,5,0,0,0,1,0,5,0,0,1,1,0,0,2119.41136724
20214,1129002413,37,22,15,0,8,11,10,5,3,0,1,9,8,2,2,0,7,2,2,3,1,2392.79185618
20214,1129002415,10,3,7,0,0,3,6,1,0,0,0,1,2,0,0,0,0,2,4,1,0,5882.43759393
20214,1129002416,9,2,7,0,3,0,4,1,1,0,0,0,1,0,1,0,3,0,3,1,0,4144.25181428
20214,1129002420,4,3,1,0,0,1,0,0,3,0,0,1,0,0,2,0,0,0,0,0,1,1918.4246657
20214,1129002421,3,2,1,0,0,1,0,1,1,0,0,1,0,1,0,0,0,0,0,0,1,2282.14404754
20214,1129002423,10,9,1,0,0,4,5,0,1,0,0,4,4,0,1,0,0,0,1,0,0,1426.14195618
20214,1129002426,14,12,2,1,3,2,2,3,3,1,3,2,1,2,3,0,0,0,1,1,0,1877.15047981
20214,1129002428,18,12,6,0,7,9,2,0,0,0,4,6,2,0,0,0,3,3,0,0,0,3078.12933764
20214,1129002429,2,2,0,0,0,0,1,0,1,0,0,0,1,0,1,0,0,0,0,0,0,2232.8242843
20214,1129002430,8,6,2,0,0,0,1,5,2,0,0,0,0,4,2,0,0,0,1,1,0,13886.5299447
20214,1129002433,3,1,2,0,0,0,1,2,0,0,0,0,0,1,0,0,0,0,1,1,0,1679.41447793
20214,1129002437,3,2,1,0,0,3,0,0,0,0,0,2,0,0,0,0,0,1,0,0,0,2518.39681814
20214,1129002439,11,7,4,0,2,5,4,0,0,0,0,3,4,0,0,0,2,2,0,0,0,2025.83551952
20214,1129002444,7,3,4,0,1,0,0,2,4,0,0,0,0,1,2,0,1,0,0,1,2,2545.97590097
20214,1129002449,2,2,0,0,0,0,0,0,2,0,0,0,0,0,2,0,0,0,0,0,0,2169.3399566
20214,1129002451,9,5,4,0,0,0,0,2,7,0,0,0,0,0,5,0,0,0,0,2,2,2290.52617839
20214,1129002453,5,3,2,0,0,4,0,0,1,0,0,2,0,0,1,0,0,2,0,0,0,1245.12249191
20214,1129002454,2,1,1,0,0,0,1,0,1,0,0,0,1,0,0,0,0,0,0,0,1,3108.32565961
20214,1129002457,2,1,1,0,0,0,1,1,0,0,0,0,1,0,0,0,0,0,0,1,0,3014.48060882
20214,1129002462,2,1,1,0,0,0,0,2,0,0,0,0,0,1,0,0,0,0,0,1,0,3213.42681059
20214,1129002463,46,6,40,0,0,3,1,13,29,0,0,1,1,2,2,0,0,2,0,11,27,14562.7530353
20214,1129002464,1,1,0,0,0,0,0,0,1,0,0,0,0,0,1,0,0,0,0,0,0,3533.36701361
20214,1129002467,2,2,0,0,0,1,1,0,0,0,0,1,1,0,0,0,0,0,0,0,0,2186.23762408
20214,1129002470,69,61,8,0,2,2,7,24,34,0,1,2,4,22,32,0,1,0,3,2,2,2916.52868226
20214,1129002474,6,0,6,0,0,1,3,2,0,0,0,0,0,0,0,0,0,1,3,2,0,9060.60967438
20214,1129002482,5,2,3,0,0,1,2,2,0,0,0,1,1,0,0,0,0,0,1,2,0,1741.45926861
20214,1129002484,3,0,3,0,0,1,1,1,0,0,0,0,0,0,0,0,0,1,1,1,0,1774.65046696
20214,1129002487,1,1,0,0,0,0,0,0,1,0,0,0,0,0,1,0,0,0,0,0,0,2343.96339767
20214,1129002488,3,1,2,0,0,2,1,0,0,0,0,0,1,0,0,0,0,2,0,0,0,2971.3173049
20214,1129002491,36,14,22,0,12,10,7,6,1,0,1,4,3,5,1,0,11,6,4,1,0,2242.56079871
20214,1129002492,16,10,6,0,2,3,2,7,2,0,0,3,1,5,1,0,2,0,1,2,1,2698.26202527
20214,1129002493,91,72,19,1,24,22,19,23,2,0,19,20,16,15,2,1,5,2,3,8,0,22204.6778074
20214,1129002498,3,1,2,0,0,0,0,2,1,0,0,0,0,1,0,0,0,0,0,1,1,2956.82137497
20214,1129002500,3,1,2,0,0,0,0,2,1,0,0,0,0,0,1,0,0,0,0,2,0,2674.87043327
20214,1129002508,2,2,0,0,0,0,2,0,0,0,0,0,2,0,0,0,0,0,0,0,0,640.758253747
20214,1129002509,9,6,3,0,0,3,3,0,3,0,0,1,3,0,2,0,0,2,0,0,1,2180.93167491
20214,1129002512,71,8,63,0,11,18,24,13,5,0,0,1,2,2,3,0,11,17,22,11,2,7718.56578093
20214,1129002514,81,66,15,0,5,7,28,24,17,0,5,5,21,21,14,0,0,2,7,3,3,6885.78435703
20214,1129002517,20,11,9,0,3,1,5,7,4,0,3,0,3,3,2,0,0,1,2,4,2,6198.49964574
20214,1129002518,2,1,1,0,0,0,1,1,0,0,0,0,1,0,0,0,0,0,0,1,0,1750.54834621
20214,1129002519,1,0,1,0,0,0,1,0,0,0,0,0,0,0,0,0,0,0,1,0,0,1924.32225221
20214,1129002522,26,3,23,0,0,11,6,8,1,0,0,2,0,0,1,0,0,9,6,8,0,1422.1478076
20214,1129002523,2,1,1,0,0,0,1,1,0,0,0,0,0,1,0,0,0,0,1,0,0,1923.59277048
20214,1129002528,62,28,34,0,14,11,18,14,5,0,6,2,10,6,4,0,8,9,8,8,1,6990.71006168
20214,1129002531,28,5,23,0,2,7,9,8,2,0,2,2,0,0,1,0,0,5,9,8,1,2532.3398918
20214,1129002532,5,2,3,0,0,1,3,1,0,0,0,0,1,1,0,0,0,1,2,0,0,2521.78054879
20214,1129002533,5,3,2,0,0,1,0,1,3,0,0,1,0,0,2,0,0,0,0,1,1,2229.75860671
20214,1129002534,1,1,0,0,0,0,0,1,0,0,0,0,0,1,0,0,0,0,0,0,0,8743.6121695
20214,1129002535,85,75,10,0,20,34,21,7,3,0,16,34,18,5,2,0,4,0,3,2,1,4971.15181774
20214,1129002537,6,5,1,0,1,0,1,4,0,0,1,0,1,3,0,0,0,0,0,1,0,11342.1650667
20214,1129002539,4,4,0,0,0,0,3,0,1,0,0,0,3,0,1,0,0,0,0,0,0,3522.04385972
20214,1129002542,1,1,0,0,0,0,1,0,0,0,0,0,1,0,0,0,0,0,0,0,0,1660.90262781
20214,1129002543,4,1,3,0,1,1,0,2,0,0,0,0,0,1,0,0,1,1,0,1,0,3896.95655528
20214,1129002545,10,7,3,0,0,3,5,2,0,0,0,2,4,1,0,0,0,1,1,1,0,15484.5253364
20214,1129002546,11,8,3,0,1,2,4,3,1,0,1,1,3,2,1,0,0,1,1,1,0,7008.05892493
20214,1129002548,2,1,1,0,0,0,1,0,1,0,0,0,0,0,1,0,0,0,1,0,0,5635.99295671
20214,1129002550,7,5,2,0,0,0,5,1,1,0,0,0,4,1,0,0,0,0,1,0,1,7405.71073134
20214,1129002552,9,4,5,0,1,0,3,1,4,0,0,0,1,0,3,0,1,0,2,1,1,3098.04765708
20214,1129002553,15,3,12,0,1,4,5,3,2,0,0,1,0,0,2,0,1,3,5,3,0,2702.38072329
20214,1129002556,5,3,2,0,1,1,1,2,0,0,1,1,1,0,0,0,0,0,0,2,0,7467.18653729
20214,1129002557,5,4,1,0,0,0,2,1,2,0,0,0,1,1,2,0,0,0,1,0,0,4019.66509373
20214,1129002561,5,4,1,0,0,2,2,1,0,0,0,1,2,1,0,0,0,1,0,0,0,3554.67848052
20214,1129002564,5,5,0,0,0,4,1,0,0,0,0,4,1,0,0,0,0,0,0,0,0,1731.86539079
20214,1129002565,10,3,7,0,1,2,3,2,2,0,0,0,1,1,1,0,1,2,2,1,1,2994.35731247
20214,1129002567,5,4,1,0,2,0,1,0,2,0,2,0,1,0,1,0,0,0,0,0,1,3720.18244896
20214,1129002568,81,42,39,0,10,23,17,21,10,0,1,8,9,16,8,0,9,15,8,5,2,8196.50899983
20214,1129002573,1,1,0,0,0,0,1,0,0,0,0,0,1,0,0,0,0,0,0,0,0,3339.90812729
20214,1129002576,63,46,17,1,18,17,10,10,7,0,13,11,10,7,5,1,5,6,0,3,2,5967.04350769
20214,1129002579,34,21,13,0,6,7,9,10,2,0,1,6,7,6,1,0,5,1,2,4,1,17053.0103439
20214,1129002581,18,2,16,0,1,4,5,6,2,0,0,0,0,0,2,0,1,4,5,6,0,17905.3775233
20214,1129002584,2,2,0,0,0,0,2,0,0,0,0,0,2,0,0,0,0,0,0,0,0,1879.20285652
20214,1129002585,6,5,1,0,0,0,1,4,1,0,0,0,1,3,1,0,0,0,0,1,0,3239.42151105
20214,1129002587,8,6,2,0,1,3,0,3,1,0,0,2,0,3,1,0,1,1,0,0,0,4051.08703834
20214,1129002589,14,11,3,0,0,3,4,3,4,0,0,2,4,3,2,0,0,1,0,0,2,2754.49652676
20214,1129002592,9,7,2,0,2,0,2,3,2,0,1,0,1,3,2,0,1,0,1,0,0,2916.68001354
20214,1129002593,2,1,1,0,1,0,1,0,0,0,1,0,0,0,0,0,0,0,1,0,0,3089.87851531
20214,1129002595,3,2,1,0,0,1,0,0,2,0,0,1,0,0,1,0,0,0,0,0,1,2743.62446279
20214,1129002596,30,21,9,0,8,4,7,9,2,0,5,4,4,7,1,0,3,0,3,2,1,5096.81294101
20214,1129002598,6,2,4,0,0,1,2,3,0,0,0,0,0,2,0,0,0,1,2,1,0,2954.52081688
20214,1129002599,2,1,1,0,0,0,0,0,2,0,0,0,0,0,1,0,0,0,0,0,1,3322.787428
20214,1129002601,4,0,4,0,1,2,0,0,1,0,0,0,0,0,0,0,1,2,0,0,1,2887.5691553
20214,1129002604,5,2,3,0,0,4,0,0,1,0,0,1,0,0,1,0,0,3,0,0,0,2945.37651993
20214,1129002605,16,11,5,0,3,5,6,0,2,0,0,5,4,0,2,0,3,0,2,0,0,5030.79771549
20214,1129002606,5,0,5,0,2,1,1,1,0,0,0,0,0,0,0,0,2,1,1,1,0,3406.6579324
20214,1129002607,7,6,1,0,0,0,2,2,3,0,0,0,2,1,3,0,0,0,0,1,0,2853.63565329
20214,1129002608,5,5,0,0,1,0,0,4,0,0,1,0,0,4,0,0,0,0,0,0,0,1764.44399597
20214,1129002609,1,1,0,0,0,0,0,0,1,0,0,0,0,0,1,0,0,0,0,0,0,3407.97190945
20214,1129002611,7,3,4,0,1,2,1,2,1,0,1,0,1,1,0,0,0,2,0,1,1,4435.69379108
20214,1129002615,4,2,2,0,1,0,1,2,0,0,1,0,0,1,0,0,0,0,1,1,0,4732.48136469
20214,1129002617,4,4,0,0,0,1,2,1,0,0,0,1,2,1,0,0,0,0,0,0,0,5978.98811612
20214,1129002625,8,5,3,0,0,4,2,1,1,0,0,2,2,0,1,0,0,2,0,1,0,2978.60877262
20214,1129002627,16,10,6,0,3,3,6,4,0,0,1,3,3,3,0,0,2,0,3,1,0,2139.47305022
20214,1129002628,3,0,3,0,1,0,0,1,1,0,0,0,0,0,0,0,1,0,0,1,1,4128.76653444
20214,1129002629,5,1,4,0,0,0,2,1,2,0,0,0,1,0,0,0,0,0,1,1,2,6003.37456971
20214,1129002630,4,1,3,0,0,0,2,0,2,0,0,0,1,0,0,0,0,0,1,0,2,2510.37714457
20214,1129002631,148,126,22,0,3,6,15,12,112,0,1,3,8,10,104,0,2,3,7,2,8,8749.39789924
20214,1129002632,27,19,8,0,0,0,2,0,25,0,0,0,1,0,18,0,0,0,1,0,7,5589.46694678
20214,1129002633,114,29,85,0,20,18,28,34,14,0,3,10,9,5,2,0,17,8,19,29,12,4306.09884985
20214,1129002635,3,1,2,0,0,0,1,2,0,0,0,0,0,1,0,0,0,0,1,1,0,5819.94689896
20214,1129002636,4,4,0,0,0,0,2,2,0,0,0,0,2,2,0,0,0,0,0,0,0,4374.28950998
20214,1129002639,7,1,6,0,0,0,2,2,3,0,0,0,0,0,1,0,0,0,2,2,2,2129.56325532
20214,1129002640,6,4,2,0,1,2,1,0,2,0,0,1,1,0,2,0,1,1,0,0,0,2527.55636928
20214,1129002642,10,7,3,0,1,1,3,4,1,0,1,1,3,1,1,0,0,0,0,3,0,4197.10978617
20214,1129002643,2,2,0,0,0,0,1,0,1,0,0,0,1,0,1,0,0,0,0,0,0,2360.88167132
20214,1129002648,2,2,0,0,0,0,0,1,1,0,0,0,0,1,1,0,0,0,0,0,0,1571.21259162
20214,1129002649,87,12,75,0,11,25,31,14,6,0,1,3,3,2,3,0,10,22,28,12,3,16350.8188163
20214,1129002654,1,0,1,0,0,0,0,1,0,0,0,0,0,0,0,0,0,0,0,1,0,1823.49051811
20214,1129002655,1,1,0,0,0,0,1,0,0,0,0,0,1,0,0,0,0,0,0,0,0,1060.44170941
20214,1129002658,11,7,4,0,0,1,1,8,1,0,0,0,1,5,1,0,0,1,0,3,0,4985.03332929
20214,1129002662,25,9,16,0,1,4,10,9,1,0,0,2,3,4,0,0,1,2,7,5,1,6278.119058
20214,1129002663,11,3,8,0,0,0,2,5,4,0,0,0,0,1,2,0,0,0,2,4,2,1731.77395699
20214,1129002664,3,1,2,0,1,0,1,1,0,0,0,0,0,1,0,0,1,0,1,0,0,1453.55747439
20214,1129002665,10,4,6,0,0,2,3,3,2,0,0,1,0,2,1,0,0,1,3,1,1,5747.70521949
20214,1129002666,12,5,7,0,2,2,0,1,7,0,0,0,0,1,4,0,2,2,0,0,3,5995.61155262
20214,1129002668,10,3,7,0,1,2,3,2,2,0,0,0,1,1,1,0,1,2,2,1,1,5851.72137031
20214,1129002670,2,2,0,0,0,0,0,2,0,0,0,0,0,2,0,0,0,0,0,0,0,2788.75526557
20214,1129002673,27,21,6,0,0,2,1,3,21,0,0,1,1,2,17,0,0,1,0,1,4,4862.8791621
20214,1129002674,4,0,4,0,1,0,2,1,0,0,0,0,0,0,0,0,1,0,2,1,0,2498.35934028
20214,1129002677,12,4,8,0,4,1,4,2,1,0,0,0,2,1,1,0,4,1,2,1,0,1904.20590089
20214,1129002679,3,2,1,0,0,0,0,0,3,0,0,0,0,0,2,0,0,0,0,0,1,4924.09713631
20214,1129002682,9,1,8,0,0,0,1,3,5,0,0,0,0,0,1,0,0,0,1,3,4,2644.42795867
20214,1129002683,6,6,0,0,0,2,0,2,2,0,0,2,0,2,2,0,0,0,0,0,0,3570.53634428
20214,1129002684,7,1,6,0,0,0,4,2,1,0,0,0,0,0,1,0,0,0,4,2,0,3253.26233681
20214,1129002685,3,1,2,0,0,0,1,2,0,0,0,0,1,0,0,0,0,0,0,2,0,2742.11007194
20214,1129002687,10,7,3,0,0,5,1,2,2,0,0,5,1,0,1,0,0,0,0,2,1,7938.3393892
20214,1129002690,18,8,10,0,2,6,3,4,3,0,0,3,1,2,2,0,2,3,2,2,1,3714.12072191
20214,1129002695,4,3,1,0,0,1,2,1,0,0,0,0,2,1,0,0,0,1,0,0,0,4085.75902319
20214,1129002702,5,3,2,0,0,1,0,1,3,0,0,1,0,0,2,0,0,0,0,1,1,3769.06679114
20214,1129002704,7,6,1,0,0,1,4,2,0,0,0,1,3,2,0,0,0,0,1,0,0,4457.02163493
20214,1129002707,9,6,3,0,1,0,2,2,4,0,0,0,1,2,3,0,1,0,1,0,1,5398.11540919
20214,1129002715,12,5,7,0,0,5,2,2,3,0,0,1,0,1,3,0,0,4,2,1,0,3266.53012563
20214,1129002716,3,0,3,0,0,1,0,1,1,0,0,0,0,0,0,0,0,1,0,1,1,1931.37648281
20214,1129002717,36,29,7,0,0,1,1,4,30,0,0,1,1,2,25,0,0,0,0,2,5,3688.56911079
20214,1129002719,2,2,0,0,1,0,0,0,1,0,1,0,0,0,1,0,0,0,0,0,0,3254.93154777
20214,1129002720,565,404,161,2,38,93,150,164,118,2,20,49,104,131,98,0,18,44,46,33,20,2077.2126593
20214,1129002725,2,1,1,0,0,0,0,1,1,0,0,0,0,0,1,0,0,0,0,1,0,3499.02911257
20214,1129002726,2,1,1,0,0,0,0,1,1,0,0,0,0,0,1,0,0,0,0,1,0,1933.88301606
20214,1129002730,2,2,0,0,0,0,0,2,0,0,0,0,0,2,0,0,0,0,0,0,0,3282.77444721
20214,1129002734,5,4,1,0,0,1,2,1,1,0,0,0,2,1,1,0,0,1,0,0,0,847.865646984
20214,1129002736,4,3,1,0,0,0,1,0,3,0,0,0,1,0,2,0,0,0,0,0,1,5694.24589366
20214,1129002737,4,2,2,0,0,1,2,0,1,0,0,0,1,0,1,0,0,1,1,0,0,2754.77750146
20214,1129002741,2,1,1,0,0,0,1,0,1,0,0,0,0,0,1,0,0,0,1,0,0,2562.34874275
20214,1129002745,9,7,2,0,0,2,2,3,2,0,0,2,2,2,1,0,0,0,0,1,1,5084.56377248
20214,1129002750,3,2,1,0,0,1,0,0,2,0,0,1,0,0,1,0,0,0,0,0,1,1751.86419898
20214,1129002758,4,1,3,0,0,1,2,0,1,0,0,0,1,0,0,0,0,1,1,0,1,2032.30119427
20214,1129002761,2,0,2,0,1,0,0,1,0,0,0,0,0,0,0,0,1,0,0,1,0,1916.7802284
20214,1129002766,2,1,1,0,1,0,0,1,0,0,0,0,0,1,0,0,1,0,0,0,0,1371.74301888
20214,1129002767,7,3,4,0,4,2,1,0,0,0,1,1,1,0,0,0,3,1,0,0,0,6720.94929957
20214,1129002773,7,7,0,0,0,1,1,2,3,0,0,1,1,2,3,0,0,0,0,0,0,2500.34206656
20214,1129002774,16,5,11,0,9,6,1,0,0,0,2,2,1,0,0,0,7,4,0,0,0,3943.36895136
20214,1129002775,2,2,0,0,1,0,0,1,0,0,1,0,0,1,0,0,0,0,0,0,0,3814.52448146
20214,1129002776,10,7,3,0,0,4,3,3,0,0,0,2,2,3,0,0,0,2,1,0,0,1532.19359293
20214,1129002778,23,18,5,0,2,6,5,7,3,0,2,4,4,5,3,0,0,2,1,2,0,12590.4931161
20214,1129002779,3,1,2,0,1,0,1,1,0,0,0,0,1,0,0,0,1,0,0,1,0,1372.59984558
20214,1129002781,2,2,0,0,0,0,0,1,1,0,0,0,0,1,1,0,0,0,0,0,0,2261.09676806
20214,1129002784,125,123,2,0,2,0,11,40,72,0,1,0,11,39,72,0,1,0,0,1,0,3693.64751755
20214,1129002785,4,2,2,0,0,0,2,2,0,0,0,0,1,1,0,0,0,0,1,1,0,3498.06829637
20214,1129002786,4,1,3,0,0,2,2,0,0,0,0,0,1,0,0,0,0,2,1,0,0,655.826889159
20214,1129002787,2,1,1,0,0,0,0,2,0,0,0,0,0,1,0,0,0,0,0,1,0,2345.73109473
20214,1129002790,3,2,1,0,0,0,2,1,0,0,0,0,1,1,0,0,0,0,1,0,0,1652.94996883
20214,1129002791,8,6,2,0,0,0,3,2,3,0,0,0,2,1,3,0,0,0,1,1,0,2938.08656253
20214,1129002792,126,122,4,0,0,2,16,52,56,0,0,1,14,52,55,0,0,1,2,0,1,6214.95408465
20214,1129002793,41,17,24,0,15,11,4,9,2,0,7,3,2,3,2,0,8,8,2,6,0,6260.91425155
20214,1129002796,5,4,1,0,0,0,2,1,2,0,0,0,2,1,1,0,0,0,0,0,1,2930.33158532
20214,1129002797,2,2,0,0,0,0,0,2,0,0,0,0,0,2,0,0,0,0,0,0,0,1334.1946941
20214,1129002800,120,42,78,0,21,28,28,34,9,0,4,14,13,8,3,0,17,14,15,26,6,12145.2760122
20214,1129002801,6,4,2,0,0,0,2,3,1,0,0,0,1,2,1,0,0,0,1,1,0,5325.02844834
20214,1129002805,46,21,25,0,13,11,12,7,3,0,5,6,6,3,1,0,8,5,6,4,2,2487.99968821
20214,1129002807,4,2,2,0,0,2,0,2,0,0,0,1,0,1,0,0,0,1,0,1,0,1227.61801799
20214,1129002816,12,9,3,0,1,3,3,5,0,0,0,3,2,4,0,0,1,0,1,1,0,1079.26453681
20214,1129002817,2,2,0,0,0,0,2,0,0,0,0,0,2,0,0,0,0,0,0,0,0,726.300693196
20214,1129002819,55,30,25,5,18,10,14,5,3,1,11,7,8,2,1,4,7,3,6,3,2,4943.48173046
20214,1129002823,5,4,1,0,0,1,2,2,0,0,0,0,2,2,0,0,0,1,0,0,0,1760.40886155
20214,1129002832,3,2,1,0,0,0,2,1,0,0,0,0,1,1,0,0,0,0,1,0,0,4964.84332294
20214,1129002834,2,2,0,0,0,0,0,0,2,0,0,0,0,0,2,0,0,0,0,0,0,2475.34126798
20214,1129002837,5,3,2,0,1,0,1,3,0,0,0,0,0,3,0,0,1,0,1,0,0,5796.65856921
20214,1129002840,5,4,1,0,0,1,2,1,1,0,0,1,1,1,1,0,0,0,1,0,0,1827.81869652
20214,1129002842,7,2,5,0,1,3,1,2,0,0,0,1,0,1,0,0,1,2,1,1,0,6284.94124142
20214,1129002851,15,4,11,0,3,0,1,7,4,0,2,0,0,1,1,0,1,0,1,6,3,8720.90612591
20214,1129002852,12,5,7,0,0,2,3,4,3,0,0,2,0,1,2,0,0,0,3,3,1,1698.31759891
20214,1129002853,7,6,1,0,0,1,1,2,3,0,0,1,1,1,3,0,0,0,0,1,0,5516.51261701
20214,1129002854,4,4,0,0,0,1,2,1,0,0,0,1,2,1,0,0,0,0,0,0,0,2710.35363206
20214,1129002858,7,6,1,1,0,2,1,2,1,1,0,2,1,1,1,0,0,0,0,1,0,3073.05659004
20214,1129002859,2,2,0,0,0,0,0,2,0,0,0,0,0,2,0,0,0,0,0,0,0,912.377375488
20214,1129002864,19,0,19,0,6,4,6,3,0,0,0,0,0,0,0,0,6,4,6,3,0,5241.47265617
20214,1129002868,87,36,51,0,32,49,4,0,2,0,4,30,1,0,1,0,28,19,3,0,1,4778.24848515
20214,1129002869,26,19,7,0,1,4,9,12,0,0,1,1,7,10,0,0,0,3,2,2,0,4862.19712695
20214,1129002886,61,26,35,0,6,26,16,10,3,0,3,13,5,2,3,0,3,13,11,8,0,12937.086627
20214,1129002910,3,2,1,0,0,0,2,0,1,0,0,0,1,0,1,0,0,0,1,0,0,2748.40653281
20214,1129002919,4,1,3,0,1,0,1,0,2,0,0,0,0,0,1,0,1,0,1,0,1,5346.90475408
20214,1129002927,2,1,1,0,0,0,0,0,2,0,0,0,0,0,1,0,0,0,0,0,1,2031.61796756
20214,1129002930,11,7,4,0,1,4,4,1,1,0,0,2,3,1,1,0,1,2,1,0,0,2917.91822692
20214,1129002931,99,57,42,0,20,18,34,13,14,0,12,12,16,6,11,0,8,6,18,7,3,5917.60132611
20214,1129002935,5,3,2,0,0,2,0,2,1,0,0,2,0,0,1,0,0,0,0,2,0,2788.91613672
20214,1129002936,8,6,2,0,0,1,0,4,3,0,0,1,0,2,3,0,0,0,0,2,0,4209.43661227
20214,1129002937,9,5,4,0,1,2,2,3,1,0,1,1,2,1,0,0,0,1,0,2,1,3205.47302214
20214,1129002941,27,3,24,0,0,7,7,10,3,0,0,1,0,0,2,0,0,6,7,10,1,9462.01415392
20214,1129002944,8,5,3,0,0,1,2,2,3,0,0,0,1,1,3,0,0,1,1,1,0,2238.99396323
20214,1129002948,67,51,16,0,2,4,23,19,19,0,2,3,19,10,17,0,0,1,4,9,2,2873.86745986
20214,1129002949,10,7,3,0,0,0,3,1,6,0,0,0,1,1,5,0,0,0,2,0,1,3938.87154449
20214,1129002951,40,20,20,0,13,7,8,8,4,0,6,2,3,6,3,0,7,5,5,2,1,5828.0541768
20214,1129002972,2,1,1,0,0,0,0,0,2,0,0,0,0,0,1,0,0,0,0,0,1,2621.12324854
20214,1129002974,155,88,67,0,18,40,27,50,20,0,7,17,14,33,17,0,11,23,13,17,3,3755.62725514
20214,1129002975,33,20,13,0,5,11,12,2,3,0,1,6,10,2,1,0,4,5,2,0,2,5364.05410242
20214,1129002983,1,0,1,0,0,1,0,0,0,0,0,0,0,0,0,0,0,1,0,0,0,3203.53912984
20214,1129002986,7,7,0,0,1,0,3,2,1,0,1,0,3,2,1,0,0,0,0,0,0,1964.76823561
20214,1129002992,2,1,1,0,1,0,1,0,0,0,0,0,1,0,0,0,1,0,0,0,0,3620.09909732
20214,1129003001,2,1,1,0,0,0,2,0,0,0,0,0,1,0,0,0,0,0,1,0,0,1209.95623379
20214,1129003002,28,18,10,0,0,3,8,11,6,0,0,1,2,10,5,0,0,2,6,1,1,3486.72686105
20214,1129003004,4,2,2,0,1,0,1,1,1,0,0,0,1,0,1,0,1,0,0,1,0,3460.20011502
20214,1129003006,1,1,0,0,0,0,0,0,1,0,0,0,0,0,1,0,0,0,0,0,0,1059.83553501
20214,1129003009,6,6,0,0,1,0,3,1,1,0,1,0,3,1,1,0,0,0,0,0,0,1450.63182255
20214,1129003011,16,4,12,0,2,2,7,3,2,0,0,0,3,0,1,0,2,2,4,3,1,3668.58276496
20214,1129003012,2,0,2,0,0,0,0,1,1,0,0,0,0,0,0,0,0,0,0,1,1,3522.87732936
20214,1129003015,3,2,1,0,1,0,1,1,0,0,1,0,1,0,0,0,0,0,0,1,0,9087.93614223
20214,1129003017,28,8,20,0,2,8,8,7,3,0,0,0,1,4,3,0,2,8,7,3,0,1183.50498078
20214,1129003018,136,133,3,0,1,1,12,38,84,0,1,0,10,38,84,0,0,1,2,0,0,2062.31053703
20214,1129003019,10,7,3,0,1,1,6,1,1,0,1,0,4,1,1,0,0,1,2,0,0,4045.47881746
20214,1129003020,2,1,1,0,0,0,2,0,0,0,0,0,1,0,0,0,0,0,1,0,0,1942.32683499
20214,1129003027,20,7,13,0,5,3,3,5,4,0,0,0,1,3,3,0,5,3,2,2,1,8796.2157041
20214,1129003034,8,5,3,0,0,6,2,0,0,0,0,4,1,0,0,0,0,2,1,0,0,2252.69009991
20214,1129003035,10,5,5,0,0,2,5,2,1,0,0,0,2,2,1,0,0,2,3,0,0,3717.01820287
20214,1129003037,24,10,14,0,2,5,9,7,1,0,0,1,3,5,1,0,2,4,6,2,0,3592.73380512
20214,1129003040,7,2,5,0,0,3,2,2,0,0,0,0,0,2,0,0,0,3,2,0,0,1806.45537376
20214,1129003041,32,14,18,0,0,3,8,13,8,0,0,1,4,6,3,0,0,2,4,7,5,1171.40095398
20214,1129003042,38,15,23,2,8,11,8,6,3,0,1,4,2,5,3,2,7,7,6,1,0,3380.26247304
20214,1129003044,33,7,26,1,8,9,4,8,3,0,0,2,0,3,2,1,8,7,4,5,1,4444.42123654
20214,1129003048,3,1,2,0,0,0,1,2,0,0,0,0,0,1,0,0,0,0,1,1,0,2832.81298506
20214,1129003053,13,8,5,0,2,3,3,1,4,0,2,3,1,0,2,0,0,0,2,1,2,4899.77519327
20214,1129003056,55,19,36,0,16,7,16,9,7,0,1,2,6,4,6,0,15,5,10,5,1,9543.35996833
20214,1129003057,266,130,136,2,34,33,57,86,54,1,11,14,27,40,37,1,23,19,30,46,17,3459.89958581
20214,1129003065,1,1,0,0,0,0,0,1,0,0,0,0,0,1,0,0,0,0,0,0,0,3031.1257573
20214,1129003067,116,53,63,1,31,45,23,11,5,0,9,19,15,6,4,1,22,26,8,5,1,1960.73629351
20214,1129003070,6,0,6,0,0,1,4,0,1,0,0,0,0,0,0,0,0,1,4,0,1,5567.76679718
20214,1129003072,65,31,34,0,9,5,17,23,11,0,4,0,9,11,7,0,5,5,8,12,4,4084.44073694
20214,1129003076,3,1,2,0,0,1,0,1,1,0,0,0,0,0,1,0,0,1,0,1,0,3919.40052077
20214,1129003086,14,12,2,0,0,2,3,3,6,0,0,0,3,3,6,0,0,2,0,0,0,3887.31598407
20214,1129003093,25,1,24,0,4,12,6,3,0,0,0,0,1,0,0,0,4,12,5,3,0,3041.20758308
20214,1129003094,3,2,1,0,0,0,3,0,0,0,0,0,2,0,0,0,0,0,1,0,0,8172.03536645
20214,1129003095,7,4,3,0,1,0,3,2,1,0,1,0,1,1,1,0,0,0,2,1,0,3287.98730611
20214,1129003097,23,13,10,0,0,3,5,9,6,0,0,3,3,3,4,0,0,0,2,6,2,3464.49313751
20214,1129003099,3,1,2,0,0,1,2,0,0,0,0,0,1,0,0,0,0,1,1,0,0,2437.33057751
20214,1129003101,6,2,4,0,0,2,2,2,0,0,0,0,1,1,0,0,0,2,1,1,0,2336.92079312
20214,1129003107,6,4,2,0,0,2,2,0,2,0,0,0,2,0,2,0,0,2,0,0,0,7505.19828178
20214,1129003109,12,6,6,0,0,3,3,2,4,0,0,2,0,2,2,0,0,1,3,0,2,18992.0131998
20214,1129003111,2,1,1,0,0,2,0,0,0,0,0,1,0,0,0,0,0,1,0,0,0,4060.99282654
20214,1129003113,18,12,6,0,0,4,10,2,2,0,0,3,7,0,2,0,0,1,3,2,0,2851.67362311
20214,1129003114,3,2,1,0,0,0,1,2,0,0,0,0,1,1,0,0,0,0,0,1,0,4542.76132568
20214,1129003115,41,17,24,0,13,14,12,2,0,0,2,5,8,2,0,0,11,9,4,0,0,2321.60310198
20214,1129003118,2,1,1,0,0,0,0,1,1,0,0,0,0,0,1,0,0,0,0,1,0,8901.25138938
20214,1129003120,8,4,4,0,0,4,4,0,0,0,0,1,3,0,0,0,0,3,1,0,0,2976.72600347
20214,1129003121,27,11,16,0,2,7,8,7,3,0,1,3,3,1,3,0,1,4,5,6,0,7438.25700464
20214,1129003124,21,17,4,0,3,7,4,4,3,0,3,7,2,3,2,0,0,0,2,1,1,3758.3609374
20214,1129003126,20,4,16,0,4,9,1,4,2,0,0,3,0,0,1,0,4,6,1,4,1,10382.2676633
20214,1129003127,12,7,5,0,4,6,1,1,0,0,0,5,1,1,0,0,4,1,0,0,0,8359.50708252
20214,1129003138,7,3,4,0,1,3,3,0,0,0,0,2,1,0,0,0,1,1,2,0,0,3398.92620896
20214,1129003145,22,9,13,0,0,6,7,8,1,0,0,1,1,6,1,0,0,5,6,2,0,18146.0066388
20214,1129003166,14,5,9,0,3,5,3,2,1,0,0,2,1,2,0,0,3,3,2,0,1,1747.5660384
20214,1129003168,3,2,1,0,0,1,0,0,2,0,0,1,0,0,1,0,0,0,0,0,1,3334.32217404
20214,1129003174,171,86,85,0,29,43,52,38,9,0,15,28,26,12,5,0,14,15,26,26,4,4851.09342493
20214,1129003176,6,2,4,0,0,0,1,3,2,0,0,0,0,2,0,0,0,0,1,1,2,181549.710325
20214,1129003179,11,1,10,0,1,1,7,2,0,0,1,0,0,0,0,0,0,1,7,2,0,3261.56125899
20214,1129003182,4,2,2,0,0,1,0,1,2,0,0,0,0,1,1,0,0,1,0,0,1,1980.18975681
20214,1129003189,55,13,42,0,5,15,16,12,7,0,0,2,2,3,6,0,5,13,14,9,1,12230.9123414
20214,1129003190,16,7,9,0,0,2,6,3,5,0,0,1,2,2,2,0,0,1,4,1,3,3942.95807901
20214,1129003193,22,10,12,0,0,3,3,12,4,0,0,0,1,6,3,0,0,3,2,6,1,1670.69693616
20214,1129003196,121,20,101,0,13,36,43,22,7,0,0,6,4,6,4,0,13,30,39,16,3,24379.2435096
20214,1129003197,10,3,7,0,1,2,5,1,1,0,0,2,1,0,0,0,1,0,4,1,1,2403.76775529
20214,1129003198,1,0,1,0,0,0,0,1,0,0,0,0,0,0,0,0,0,0,0,1,0,769.525965648
20214,1129003200,6,6,0,0,0,2,3,1,0,0,0,2,3,1,0,0,0,0,0,0,0,4424.47588641
20214,1129003202,2,1,1,0,0,0,2,0,0,0,0,0,1,0,0,0,0,0,1,0,0,7898.64081648
20214,1129003205,4,4,0,0,0,2,2,0,0,0,0,2,2,0,0,0,0,0,0,0,0,1771.36682709
20214,1129003206,3,2,1,0,0,1,0,2,0,0,0,1,0,1,0,0,0,0,0,1,0,5373.71201391
20214,1129003208,1,1,0,0,0,0,0,0,1,0,0,0,0,0,1,0,0,0,0,0,0,1465.64428187
20214,1129003209,6,5,1,0,0,0,3,3,0,0,0,0,2,3,0,0,0,0,1,0,0,1361.52460671
20214,1129003212,17,8,9,0,0,0,8,6,3,0,0,0,4,2,2,0,0,0,4,4,1,9885.7222336
20214,1129003222,31,19,12,0,5,7,11,4,4,0,3,6,7,2,1,0,2,1,4,2,3,3405.47119231
20214,1129003226,86,43,43,0,14,15,21,22,14,0,5,9,10,12,7,0,9,6,11,10,7,4535.9669593
20214,1129003227,533,183,350,0,153,150,124,77,29,0,34,55,33,33,28,0,119,95,91,44,1,8808.63119494
20214,1129003232,5,2,3,0,1,1,0,1,2,0,1,0,0,0,1,0,0,1,0,1,1,856.310424617
20214,1129003239,33,16,17,0,5,7,10,6,5,0,0,5,4,3,4,0,5,2,6,3,1,23681.685196
20214,1129003245,4,3,1,0,1,0,2,1,0,0,1,0,1,1,0,0,0,0,1,0,0,2856.74893881
20214,1129003249,12,9,3,0,1,3,3,2,3,0,1,1,2,2,3,0,0,2,1,0,0,1993.59907756
20214,1129003251,59,31,28,0,2,10,17,22,8,0,1,5,11,10,4,0,1,5,6,12,4,16240.7449186
20214,1129003252,12,5,7,0,1,3,5,2,1,0,0,1,3,1,0,0,1,2,2,1,1,5033.99382824
20214,1129003253,12,7,5,0,0,0,1,3,8,0,0,0,0,1,6,0,0,0,1,2,2,2129.75096584
20214,1129003256,19,9,10,0,6,6,4,2,1,0,0,5,2,2,0,0,6,1,2,0,1,3204.65340618
20214,1129003259,2,1,1,0,0,0,0,1,1,0,0,0,0,1,0,0,0,0,0,0,1,2732.20612794
20214,1129003260,29,18,11,0,5,1,7,15,1,0,2,1,7,7,1,0,3,0,0,8,0,1707.01936264
20214,1129003263,24,7,17,0,2,9,6,4,3,0,0,3,1,0,3,0,2,6,5,4,0,9576.02661646
20214,1129003264,4,4,0,0,0,0,2,2,0,0,0,0,2,2,0,0,0,0,0,0,0,1866.95626467
20214,1129003266,10,5,5,0,1,1,3,4,1,0,0,1,1,2,1,0,1,0,2,2,0,15326.443464
20214,1129003268,2,1,1,0,0,0,1,0,1,0,0,0,0,0,1,0,0,0,1,0,0,1968.88106601
20214,1129003269,18,3,15,0,2,1,5,9,1,0,1,1,0,1,0,0,1,0,5,8,1,7699.40582463
20214,1129003272,10,6,4,0,2,3,2,1,2,0,1,2,2,0,1,0,1,1,0,1,1,2717.33802711
20214,1129003274,8,3,5,0,0,2,4,2,0,0,0,1,0,2,0,0,0,1,4,0,0,8069.38302156
20214,1129003276,2,1,1,0,0,0,0,0,2,0,0,0,0,0,1,0,0,0,0,0,1,2821.19217976
20214,1129003277,101,98,3,0,1,0,14,42,44,0,1,0,13,41,43,0,0,0,1,1,1,1796.42265556
20214,1129003286,14,10,4,0,0,1,3,6,4,0,0,1,1,4,4,0,0,0,2,2,0,2803.45377912
20214,1129003291,62,14,48,0,16,15,11,16,4,0,6,0,3,1,4,0,10,15,8,15,0,9791.84305715
20214,1129003295,10,7,3,0,0,3,5,1,1,0,0,1,4,1,1,0,0,2,1,0,0,150658.194233
20214,1129003297,23,8,15,0,2,5,6,7,3,0,2,2,2,1,1,0,0,3,4,6,2,9142.43887075
20214,1129003298,25,13,12,0,3,9,3,7,3,0,2,3,1,4,3,0,1,6,2,3,0,153132.017996
20214,1129003301,20,14,6,0,3,1,6,6,4,0,2,0,5,4,3,0,1,1,1,2,1,1986.76351246
20214,1129003304,3,3,0,0,0,2,1,0,0,0,0,2,1,0,0,0,0,0,0,0,0,1672.5735129
20214,1129003306,666,585,81,0,148,331,158,26,3,0,103,307,146,26,3,0,45,24,12,0,0,1713.6508946
20214,1129003307,370,339,31,0,8,32,123,158,49,0,3,30,113,151,42,0,5,2,10,7,7,19495.1816125
20214,1129003308,120,56,64,0,0,6,11,6,97,0,0,3,6,2,45,0,0,3,5,4,52,10581.0911798
20214,1129003310,102,47,55,0,5,39,36,19,3,0,1,12,17,14,3,0,4,27,19,5,0,2770.65655474
20214,1129003312,141,122,19,13,33,39,25,25,6,12,27,34,22,21,6,1,6,5,3,4,0,7673.80725909
20214,1129003313,3,3,0,0,0,0,0,0,3,0,0,0,0,0,3,0,0,0,0,0,0,3708.91559748
20214,1129003315,28,17,11,0,2,6,6,10,4,0,2,3,3,6,3,0,0,3,3,4,1,2017.5094654
20214,1129003316,3,3,0,0,0,1,0,2,0,0,0,1,0,2,0,0,0,0,0,0,0,7841.78248881
20214,1129003318,3,3,0,0,0,1,2,0,0,0,0,1,2,0,0,0,0,0,0,0,0,3548.22422424
20214,1129003322,12,10,2,0,0,1,4,5,2,0,0,1,3,4,2,0,0,0,1,1,0,10755.1635351
20214,1129003324,16,11,5,0,1,2,5,4,4,0,1,2,2,3,3,0,0,0,3,1,1,1769.06303048
20214,1129003327,7,4,3,0,0,0,1,0,6,0,0,0,0,0,4,0,0,0,1,0,2,5166.20165654
20214,1129003328,3,2,1,0,0,1,2,0,0,0,0,0,2,0,0,0,0,1,0,0,0,3729.29810905
20214,1129003329,4,2,2,0,0,0,2,1,1,0,0,0,1,0,1,0,0,0,1,1,0,1848.52853895
20214,1129003331,22,19,3,0,3,4,4,6,5,0,2,3,4,5,5,0,1,1,0,1,0,7748.36793471
20214,1129003332,55,37,18,2,20,10,13,6,4,2,14,8,6,4,3,0,6,2,7,2,1,215719.067956
20214,1129003335,28,12,16,0,1,3,9,12,3,0,0,1,6,4,1,0,1,2,3,8,2,2418.6848547
20214,1129003342,3,1,2,0,0,0,3,0,0,0,0,0,1,0,0,0,0,0,2,0,0,2311.70677967
20214,1129003344,45,37,8,0,4,18,17,3,3,0,4,15,12,3,3,0,0,3,5,0,0,5244.6227638
20214,1129003345,2,1,1,0,0,1,0,1,0,0,0,0,0,1,0,0,0,1,0,0,0,28853.8807185
20214,1129003346,11,6,5,0,0,0,6,4,1,0,0,0,3,2,1,0,0,0,3,2,0,2029.67296716
20214,1129003350,4,1,3,0,1,0,1,0,2,0,0,0,0,0,1,0,1,0,1,0,1,10586.870596
20214,1129003353,3,2,1,0,0,0,0,2,1,0,0,0,0,2,0,0,0,0,0,0,1,461.241539054
20214,1129003354,10,1,9,0,3,1,2,4,0,0,0,0,0,1,0,0,3,1,2,3,0,2251.90633398
20214,1129003359,2,1,1,0,0,0,0,0,2,0,0,0,0,0,1,0,0,0,0,0,1,1821.31091352
20214,1129003364,9,5,4,0,1,2,2,2,2,0,0,2,1,1,1,0,1,0,1,1,1,11256.0176298
20214,1129003367,20,14,6,0,3,2,6,9,0,0,2,2,6,4,0,0,1,0,0,5,0,8646.12487479
20214,1129003374,23,4,19,0,6,5,7,3,2,0,2,1,0,0,1,0,4,4,7,3,1,2200.62430712
20214,1129003382,16,14,2,0,6,4,3,3,0,0,5,4,3,2,0,0,1,0,0,1,0,3529.9245972
20214,1129003383,6,4,2,0,1,1,1,1,2,0,0,1,0,1,2,0,1,0,1,0,0,3301.58478418
20214,1129003386,1,0,1,0,0,0,1,0,0,0,0,0,0,0,0,0,0,0,1,0,0,9178.45469356
20214,1129003387,46,1,45,0,3,5,2,12,24,0,0,0,0,0,1,0,3,5,2,12,23,14015.5105883
20214,1129003389,39,6,33,0,9,7,12,7,4,0,1,2,1,1,1,0,8,5,11,6,3,4351.27532063
20214,1129003396,6,3,3,0,1,2,0,3,0,0,0,1,0,2,0,0,1,1,0,1,0,3011.66059464
20214,1129003398,10,10,0,0,0,3,1,3,3,0,0,3,1,3,3,0,0,0,0,0,0,5080.71253135
20214,1129003399,16,9,7,0,2,3,7,3,1,0,1,2,2,3,1,0,1,1,5,0,0,3711.03540675
20214,1129003402,19,10,9,0,2,3,7,2,5,0,0,2,2,2,4,0,2,1,5,0,1,12604.4376944
20214,1129003403,42,9,33,0,7,18,10,7,0,0,0,7,1,1,0,0,7,11,9,6,0,18062.061525
20214,1129003404,7,1,6,0,2,4,1,0,0,0,0,0,1,0,0,0,2,4,0,0,0,5851.29808174
20214,1129003405,3,2,1,0,0,0,0,2,1,0,0,0,0,1,1,0,0,0,0,1,0,4626.82329492
20214,1129003407,4,2,2,0,1,2,1,0,0,0,0,1,1,0,0,0,1,1,0,0,0,5369.19492692
20214,1129003413,215,79,136,0,76,90,36,9,4,0,22,30,18,6,3,0,54,60,18,3,1,176517.546399
20214,1129003416,13,5,8,0,0,0,2,4,7,0,0,0,1,0,4,0,0,0,1,4,3,43289.3628752
20214,1129003420,2,1,1,0,0,0,1,0,1,0,0,0,0,0,1,0,0,0,1,0,0,5783.34671246
20214,1129003425,7,3,4,0,1,0,1,5,0,0,1,0,0,2,0,0,0,0,1,3,0,13173.9466361
20214,1129003430,9,5,4,0,1,1,0,4,3,0,0,0,0,2,3,0,1,1,0,2,0,11398.3199726
20214,1129003438,6,3,3,0,2,0,0,2,2,0,2,0,0,0,1,0,0,0,0,2,1,5201.4781763
20214,1129003439,7,3,4,0,1,0,0,3,3,0,1,0,0,1,1,0,0,0,0,2,2,3907.40446867
20214,1129003449,95,65,30,0,5,11,27,19,33,0,1,6,14,16,28,0,4,5,13,3,5,187810.655269
20214,1129003454,4,1,3,0,0,1,2,0,1,0,0,0,0,0,1,0,0,1,2,0,0,1635.74900217
20214,1129003458,5,2,3,0,0,0,0,2,3,0,0,0,0,1,1,0,0,0,0,1,2,3125.20783225
20214,1129003459,5,2,3,0,2,2,0,1,0,0,0,1,0,1,0,0,2,1,0,0,0,5154.16300387
20214,1129003461,9,2,7,0,0,4,2,3,0,0,0,0,1,1,0,0,0,4,1,2,0,895.469127812
20214,1129003462,6,5,1,0,2,1,3,0,0,0,2,1,2,0,0,0,0,0,1,0,0,2256.17247661
20214,1129003463,2,1,1,0,0,0,0,0,2,0,0,0,0,0,1,0,0,0,0,0,1,2883.31968909
20214,1129003464,2,1,1,0,0,0,0,2,0,0,0,0,0,1,0,0,0,0,0,1,0,6440.32625528
20214,1129003465,20,4,16,0,8,2,5,4,1,0,1,0,1,2,0,0,7,2,4,2,1,10892.0161003
20214,1129003466,5,3,2,0,0,1,1,2,1,0,0,1,0,1,1,0,0,0,1,1,0,1605.80721062
20214,1129003471,185,147,38,0,1,2,19,73,90,0,0,2,16,64,65,0,1,0,3,9,25,11444.966217
20214,1129003472,9,3,6,0,0,1,6,1,1,0,0,0,2,0,1,0,0,1,4,1,0,4741.68292349
20214,1129003473,6,4,2,0,1,0,1,3,1,0,1,0,1,2,0,0,0,0,0,1,1,7415.77253621
20214,1129003475,28,14,14,0,0,2,10,7,9,0,0,0,4,3,7,0,0,2,6,4,2,15399.1824614
20214,1129003478,9,8,1,0,0,0,2,3,4,0,0,0,1,3,4,0,0,0,1,0,0,2173.44061398
20214,1129003481,4,3,1,0,0,1,2,0,1,0,0,1,1,0,1,0,0,0,1,0,0,2720.8337914
20214,1129003488,12,10,2,0,0,2,5,3,2,0,0,2,3,3,2,0,0,0,2,0,0,2759.1334116
20214,1129003490,64,55,9,0,7,3,9,19,26,0,7,0,7,17,24,0,0,3,2,2,2,5127.06380089
20214,1129003491,5,5,0,0,0,0,1,3,1,0,0,0,1,3,1,0,0,0,0,0,0,3840.8570141
20214,1129003492,14,3,11,0,1,1,7,1,4,0,0,0,0,0,3,0,1,1,7,1,1,4444.62520214
20214,1129003494,54,43,11,0,1,4,13,25,11,0,0,4,10,20,9,0,1,0,3,5,2,10865.6456726
20214,1129003495,1,0,1,0,0,0,0,0,1,0,0,0,0,0,0,0,0,0,0,0,1,7080.28371426
20214,1129003497,43,24,19,0,5,12,12,7,7,0,3,7,4,6,4,0,2,5,8,1,3,12197.3477535
20214,1129003501,50,18,32,0,11,11,7,15,6,0,0,1,3,9,5,0,11,10,4,6,1,9558.81610453
20214,1129003502,3,1,2,0,0,1,1,1,0,0,0,0,0,1,0,0,0,1,1,0,0,2814.81008911
20214,1129003503,9,7,2,0,1,0,3,4,1,0,1,0,2,3,1,0,0,0,1,1,0,4808.585719
20214,1129003504,13,11,2,0,0,1,3,3,6,0,0,1,3,2,5,0,0,0,0,1,1,2850.58247671
20214,1129003505,1,0,1,0,0,0,1,0,0,0,0,0,0,0,0,0,0,0,1,0,0,5077.2057616
20214,1129003507,2,0,2,0,0,0,1,1,0,0,0,0,0,0,0,0,0,0,1,1,0,2091.02593302
20214,1129003512,9,7,2,0,1,0,4,2,2,0,1,0,3,1,2,0,0,0,1,1,0,8231.56905744
20214,1129003516,6,3,3,0,3,1,2,0,0,0,1,1,1,0,0,0,2,0,1,0,0,15508.1357462
20214,1129003518,15,1,14,0,6,2,3,4,0,0,0,0,1,0,0,0,6,2,2,4,0,3969.57837388
20214,1129003529,13,10,3,0,0,4,8,0,1,0,0,3,6,0,1,0,0,1,2,0,0,9025.84763106
20214,1129003532,285,130,155,0,41,53,67,68,56,0,10,24,34,28,34,0,31,29,33,40,22,918.580815296
20214,1129003535,15,13,2,0,0,1,3,7,4,0,0,1,3,6,3,0,0,0,0,1,1,7701.9239029
20214,1129003538,161,38,123,0,14,11,21,59,56,0,8,9,5,11,5,0,6,2,16,48,51,2352.87876807
20214,1129003552,154,119,35,0,15,10,38,66,25,0,0,6,33,57,23,0,15,4,5,9,2,7836.58501461
20214,1129003553,3,3,0,0,3,0,0,0,0,0,3,0,0,0,0,0,0,0,0,0,0,66923.920245
20214,1129003554,11,5,6,0,0,1,1,8,1,0,0,0,0,4,1,0,0,1,1,4,0,3190.56101361
20214,1129003556,32,12,20,0,5,8,9,8,2,0,2,2,4,2,2,0,3,6,5,6,0,5942.08922072
20214,1129003557,2,0,2,0,1,1,0,0,0,0,0,0,0,0,0,0,1,1,0,0,0,11496.5088845
20214,1129003558,6,3,3,0,0,0,0,1,5,0,0,0,0,0,3,0,0,0,0,1,2,3635.4763951
20214,1129003560,4,1,3,2,1,1,0,0,0,0,0,1,0,0,0,2,1,0,0,0,0,4382.42548896
20214,1129003561,4,1,3,0,0,1,2,1,0,0,0,0,0,1,0,0,0,1,2,0,0,10339.5582671
20214,1129003562,9,8,1,0,0,0,1,3,5,0,0,0,1,2,5,0,0,0,0,1,0,2384.24060202
20214,1129003566,2,1,1,0,0,1,0,1,0,0,0,1,0,0,0,0,0,0,0,1,0,4002.07989979
20214,1129003569,3,1,2,0,0,0,2,0,1,0,0,0,1,0,0,0,0,0,1,0,1,3362.24094154
20214,1129003570,7,4,3,0,0,0,2,4,1,0,0,0,0,3,1,0,0,0,2,1,0,4095.43017248
20214,1129003571,68,33,35,0,5,17,16,21,9,0,2,11,7,5,8,0,3,6,9,16,1,2099.64748224
20214,1129003572,7,2,5,0,0,0,2,4,1,0,0,0,1,0,1,0,0,0,1,4,0,11735.0325811
20214,1129003573,210,85,125,0,35,68,46,32,29,0,9,24,17,15,20,0,26,44,29,17,9,1383.15053281
20214,1129003583,2,2,0,0,0,0,0,1,1,0,0,0,0,1,1,0,0,0,0,0,0,9062.71641534
20214,1129003584,24,16,8,0,0,3,12,8,1,0,0,1,9,5,1,0,0,2,3,3,0,7500.91627999
20214,1129003591,5,0,5,0,2,1,1,1,0,0,0,0,0,0,0,0,2,1,1,1,0,35057.7791291
20214,1129003592,4,0,4,0,0,1,3,0,0,0,0,0,0,0,0,0,0,1,3,0,0,2108.21308021
20214,1129003595,6,2,4,0,0,1,1,2,2,0,0,0,1,0,1,0,0,1,0,2,1,10796.8229576
20214,1129003597,3,1,2,0,0,0,1,1,1,0,0,0,0,0,1,0,0,0,1,1,0,66883.6004134
20214,1129003605,21,12,9,0,2,5,5,4,5,0,1,1,2,4,4,0,1,4,3,0,1,14460.250442
20214,1129003609,510,474,36,0,3,51,162,213,81,0,3,47,150,199,75,0,0,4,12,14,6,23371.0695476
20214,1129003612,80,19,61,0,13,21,23,18,5,0,3,2,5,4,5,0,10,19,18,14,0,14747.2569598
20214,1129003617,21,7,14,0,3,12,1,4,1,0,1,4,0,1,1,0,2,8,1,3,0,91824.7350045
20214,1129003622,129,77,52,0,10,36,30,36,17,0,5,23,23,19,7,0,5,13,7,17,10,364030.393388
20214,1129003626,2,1,1,0,0,1,0,1,0,0,0,1,0,0,0,0,0,0,0,1,0,1229.95861833
20214,1129003631,15,12,3,0,1,2,4,5,3,0,0,2,3,5,2,0,1,0,1,0,1,3410.75305058
20214,1129003632,10,0,10,0,1,2,4,1,2,0,0,0,0,0,0,0,1,2,4,1,2,2647.76767072
20214,1129003635,24,12,12,0,0,4,6,10,4,0,0,1,3,6,2,0,0,3,3,4,2,4196.59967382
20214,1129003637,2,1,1,0,0,0,0,1,1,0,0,0,0,0,1,0,0,0,0,1,0,8049.11175236
20214,1129003638,17,12,5,0,0,5,7,4,1,0,0,4,4,4,0,0,0,1,3,0,1,15226.2434879
20214,1129003639,5,3,2,0,0,1,0,0,4,0,0,1,0,0,2,0,0,0,0,0,2,2934.13519498
20214,1129003642,4,4,0,0,0,0,2,1,1,0,0,0,2,1,1,0,0,0,0,0,0,5897.5778106
20214,1129003643,11,1,10,0,1,2,5,2,1,0,0,0,0,0,1,0,1,2,5,2,0,6837.4161208
20214,1129003644,25,19,6,0,4,6,10,5,0,0,2,4,10,3,0,0,2,2,0,2,0,5193.41238891
20214,1129003645,2,1,1,0,0,0,1,1,0,0,0,0,1,0,0,0,0,0,0,1,0,4580.15754293
20214,1129003646,5,1,4,0,0,0,0,2,3,0,0,0,0,0,1,0,0,0,0,2,2,3918.47960485
20214,1129003647,4,3,1,0,0,1,1,0,2,0,0,1,1,0,1,0,0,0,0,0,1,1771.93214574
20214,1129003648,10,3,7,0,0,3,1,2,4,0,0,1,0,1,1,0,0,2,1,1,3,8662.37507444
20214,1129003649,73,17,56,0,10,25,19,17,2,0,2,7,2,4,2,0,8,18,17,13,0,15138.197714
20214,1129003650,2,2,0,0,0,0,1,1,0,0,0,0,1,1,0,0,0,0,0,0,0,3109.9158624
20214,1129003652,16,12,4,0,3,4,5,2,2,0,3,4,3,1,1,0,0,0,2,1,1,3606.45113363
20214,1129003653,11,5,6,0,1,7,0,2,1,0,0,4,0,0,1,0,1,3,0,2,0,4437.25472213
20214,1129003654,299,135,164,0,16,91,127,63,2,0,3,29,57,46,0,0,13,62,70,17,2,4859.55705745
20214,1129003656,21,12,9,0,8,7,4,1,1,0,5,4,2,1,0,0,3,3,2,0,1,11004.0351229
20214,1129003661,1,1,0,0,0,0,0,1,0,0,0,0,0,1,0,0,0,0,0,0,0,70721.8136508
20214,1129003662,226,216,10,0,0,6,55,122,43,0,0,5,50,120,41,0,0,1,5,2,2,6772.06650861
20214,1129003664,23,12,11,0,1,5,4,10,3,0,0,2,2,7,1,0,1,3,2,3,2,7449.32944136
20214,1129003666,5,4,1,0,1,1,1,2,0,0,1,0,1,2,0,0,0,1,0,0,0,1856.63367865
20214,1129003668,3,1,2,0,0,1,0,2,0,0,0,0,0,1,0,0,0,1,0,1,0,3861.22013661
20214,1129003669,5,4,1,0,0,0,0,2,3,0,0,0,0,2,2,0,0,0,0,0,1,11254.8578306
20214,1129003675,7,3,4,0,0,1,3,3,0,0,0,0,2,1,0,0,0,1,1,2,0,8134.38017431
20214,1129003676,6,2,4,0,0,1,2,1,2,0,0,0,0,0,2,0,0,1,2,1,0,2757.3207121
20214,1129003683,43,34,9,0,1,4,18,10,10,0,1,3,11,9,10,0,0,1,7,1,0,32502.5464158
20214,1129003686,12,6,6,0,2,2,1,2,5,0,1,1,0,1,3,0,1,1,1,1,2,3100.33448527
20214,1129003688,2,0,2,0,0,0,0,2,0,0,0,0,0,0,0,0,0,0,0,2,0,2580.03319568
20214,1129003689,12,9,3,0,0,2,4,2,4,0,0,1,3,1,4,0,0,1,1,1,0,4895.55031041
20214,1129003690,28,16,12,0,7,4,9,7,1,0,2,1,7,5,1,0,5,3,2,2,0,7512.16445146
20214,1129003691,16,3,13,0,0,0,2,6,8,0,0,0,0,1,2,0,0,0,2,5,6,2512.19308667
20214,1129003692,93,44,49,0,10,18,35,18,12,0,2,11,16,10,5,0,8,7,19,8,7,1654.19259011
20214,1129003707,104,30,74,0,27,21,31,13,12,0,6,5,12,2,5,0,21,16,19,11,7,3578.19044182
20214,1129003708,3,2,1,0,1,1,1,0,0,0,0,1,1,0,0,0,1,0,0,0,0,4508.21204408
20214,1129003709,7,6,1,1,0,4,1,1,0,1,0,4,1,0,0,0,0,0,0,1,0,2703.26186374
20214,1129003713,2,1,1,0,0,1,0,1,0,0,0,1,0,0,0,0,0,0,0,1,0,3855.67425809
20214,1129003714,4,2,2,0,0,1,2,0,1,0,0,1,1,0,0,0,0,0,1,0,1,3992.61757975
20214,1129003715,7,0,7,0,0,2,5,0,0,0,0,0,0,0,0,0,0,2,5,0,0,2863.81754593
20214,1129003718,7,5,2,0,0,4,0,3,0,0,0,2,0,3,0,0,0,2,0,0,0,2765.49020333
20214,1129003722,14,11,3,0,1,2,5,6,0,0,1,2,4,4,0,0,0,0,1,2,0,6548.44868383
20214,1129003730,22,18,4,0,0,0,7,10,5,0,0,0,7,8,3,0,0,0,0,2,2,4859.02020555
20214,1129003733,1,1,0,0,0,0,1,0,0,0,0,0,1,0,0,0,0,0,0,0,0,1375.8279614
20214,1129003736,2,1,1,0,0,0,2,0,0,0,0,0,1,0,0,0,0,0,1,0,0,1815.04522933
20214,1129003738,1,1,0,0,0,0,1,0,0,0,0,0,1,0,0,0,0,0,0,0,0,972.19093857
20214,1129003741,4,1,3,0,0,2,2,0,0,0,0,0,1,0,0,0,0,2,1,0,0,4936.46713229
20214,1129003742,4,1,3,0,1,0,2,1,0,0,0,0,0,1,0,0,1,0,2,0,0,3731.55817055
20214,1129003743,10,4,6,0,2,3,1,4,0,0,1,2,0,1,0,0,1,1,1,3,0,9426.09054684
20214,1129003747,13,10,3,0,2,1,5,4,1,0,2,1,3,3,1,0,0,0,2,1,0,98983.2011773
20214,1129003749,7,6,1,0,0,1,1,2,3,0,0,1,1,2,2,0,0,0,0,0,1,6088.11954373
20214,1129003752,3,2,1,0,0,0,0,1,2,0,0,0,0,1,1,0,0,0,0,0,1,8476.50519957
20214,1129003753,18227,9407,8820,55,1380,4733,6768,5234,57,12,578,1554,2999,4214,50,43,802,3179,3769,1020,7,2722.10885391
20214,1129003755,51,15,36,0,11,10,19,9,2,0,2,6,4,1,2,0,9,4,15,8,0,5675.39728984
20214,1129003757,2,1,1,0,0,0,2,0,0,0,0,0,1,0,0,0,0,0,1,0,0,3853.97568297
20214,1129003758,37,16,21,0,13,13,7,3,1,0,4,10,1,1,0,0,9,3,6,2,1,7810.12637188
20214,1129003761,17,11,6,0,1,4,6,4,2,0,1,3,2,3,2,0,0,1,4,1,0,4804.4487743
20214,1129003763,2,1,1,0,0,0,0,0,2,0,0,0,0,0,1,0,0,0,0,0,1,2296.15955491
20214,1129003765,11,3,8,0,1,0,5,3,2,0,0,0,2,0,1,0,1,0,3,3,1,4923.71898931
20214,1129003769,5,4,1,0,0,0,0,4,1,0,0,0,0,3,1,0,0,0,0,1,0,1080.53169284
20214,1129003770,2,1,1,0,0,0,0,1,1,0,0,0,0,0,1,0,0,0,0,1,0,1966.90108742
20214,1129003773,66,30,36,0,6,10,11,15,24,0,3,8,5,8,6,0,3,2,6,7,18,13314.3166489
20214,1129003776,17,8,9,0,2,1,3,7,4,0,1,1,2,4,0,0,1,0,1,3,4,1237.35871907
20214,1129003782,2,1,1,0,0,1,1,0,0,0,0,1,0,0,0,0,0,0,1,0,0,1548.99743626
20214,1129003783,7,4,3,0,0,1,2,2,2,0,0,1,1,1,1,0,0,0,1,1,1,3051.7287323
20214,1129003789,4,2,2,0,0,1,0,1,2,0,0,0,0,0,2,0,0,1,0,1,0,5673.86036683
20214,1129003796,7,3,4,0,0,1,4,0,2,0,0,0,1,0,2,0,0,1,3,0,0,12054.9248195
20214,1129003798,95,20,75,0,13,29,33,18,2,0,5,6,2,6,1,0,8,23,31,12,1,4385.2380074
20214,1129003800,28,6,22,0,5,8,6,8,1,0,1,0,2,2,1,0,4,8,4,6,0,5733.59436
20214,1129003804,10,2,8,0,3,3,1,1,2,0,0,1,0,0,1,0,3,2,1,1,1,2957.85152396
20214,1129003805,78,18,60,0,16,15,25,16,6,0,3,3,5,2,5,0,13,12,20,14,1,10312.166553
20214,1129003807,28,3,25,0,8,4,4,8,4,0,1,1,0,0,1,0,7,3,4,8,3,4031.21743756
20214,1129003808,26,17,9,0,13,4,6,2,1,0,11,1,3,1,1,0,2,3,3,1,0,4077.87335975
20214,1129003818,12,6,6,0,1,3,1,2,5,0,0,2,0,1,3,0,1,1,1,1,2,406.991142185
20214,1129003819,3,2,1,0,1,1,1,0,0,0,0,1,1,0,0,0,1,0,0,0,0,2623.44244625
20214,1129003822,8,6,2,0,0,2,1,2,3,0,0,1,1,1,3,0,0,1,0,1,0,9233.31269517
20214,1129003831,213,3,210,0,14,8,35,87,69,0,0,0,1,0,2,0,14,8,34,87,67,8360.25277104
20214,1129003832,3,3,0,0,1,1,1,0,0,0,1,1,1,0,0,0,0,0,0,0,0,8841.87290226
20214,1129003836,4,4,0,0,0,0,1,3,0,0,0,0,1,3,0,0,0,0,0,0,0,3192.73090815
20214,1129003837,8,2,6,0,1,1,1,5,0,0,0,0,0,2,0,0,1,1,1,3,0,3653.93374724
20214,1129003841,16,9,7,0,0,3,5,7,1,0,0,1,3,5,0,0,0,2,2,2,1,5801.40639592
20214,1129003848,247,155,92,1,26,53,56,75,36,0,16,30,34,50,25,1,10,23,22,25,11,4439.32277955
20214,1129003850,8,7,1,0,0,1,2,5,0,0,0,1,1,5,0,0,0,0,1,0,0,3680.25513449
20214,1129003852,66,39,27,1,6,10,13,18,18,0,1,2,9,14,13,1,5,8,4,4,5,4897.45106624
20214,1129003853,18,2,16,0,1,2,11,0,4,0,0,0,0,0,2,0,1,2,11,0,2,51772.1790006
20214,1129003874,12,8,4,0,8,0,1,3,0,0,6,0,1,1,0,0,2,0,0,2,0,2742.85222461
20214,1129003878,477,304,173,2,79,108,113,136,39,0,45,65,68,95,31,2,34,43,45,41,8,2181.72728471
20214,1129003880,45,17,28,0,12,8,2,12,11,0,1,3,2,3,8,0,11,5,0,9,3,4487.40751104
20214,1129003883,16,9,7,0,2,4,5,5,0,0,0,2,5,2,0,0,2,2,0,3,0,2187.00235115
20214,1129003895,45,22,23,0,15,12,15,2,1,0,6,6,10,0,0,0,9,6,5,2,1,8573.68921877
20214,1129003898,444,373,71,0,49,136,113,140,6,0,30,110,93,134,6,0,19,26,20,6,0,6673.68426042
20214,1129003904,11,5,6,0,1,4,4,1,1,0,0,2,2,0,1,0,1,2,2,1,0,1802.43582599
20214,1129003906,257,232,25,0,32,90,55,79,1,0,29,80,48,74,1,0,3,10,7,5,0,3646.97607484
20214,1129003910,4,2,2,0,0,1,1,1,1,0,0,1,1,0,0,0,0,0,0,1,1,3654.51063992
20214,1129003911,187,135,52,2,37,45,51,29,23,0,22,34,40,22,17,2,15,11,11,7,6,1356.87277141
20214,1129003914,66,13,53,1,8,11,22,15,9,0,0,2,3,4,4,1,8,9,19,11,5,6337.81086175
20214,1129003915,2,1,1,0,0,1,0,1,0,0,0,1,0,0,0,0,0,0,0,1,0,3504.52930645
20214,1129003916,7,1,6,0,0,0,2,3,2,0,0,0,0,0,1,0,0,0,2,3,1,2544.18164403
20214,1129003918,2,1,1,0,0,0,0,0,2,0,0,0,0,0,1,0,0,0,0,0,1,3065.12168171
20221,1123000001,120,55,65,0,7,10,27,32,44,0,1,2,14,11,27,0,6,8,13,21,17,4017.03275138
20221,1123000002,6,3,3,0,0,1,0,3,2,0,0,0,0,1,2,0,0,1,0,2,0,4030.88106728
20221,1123000003,5,4,1,0,0,2,2,0,1,0,0,2,1,0,1,0,0,0,1,0,0,2781.85755149
20221,1123000004,764,299,465,2,92,103,227,194,146,0,51,55,53,59,81,2,41,48,174,135,65,3286.03019847
20221,1123000005,113,57,56,0,27,36,24,14,12,0,7,14,16,10,10,0,20,22,8,4,2,6411.81232975
20221,1123000006,8,3,5,0,1,1,2,3,1,0,0,1,0,1,1,0,1,0,2,2,0,1289.78300619
20221,1123000007,8,7,1,0,1,2,1,1,3,0,0,2,1,1,3,0,1,0,0,0,0,4301.33006743
20221,1123000008,24,9,15,0,5,0,6,5,8,0,0,0,2,3,4,0,5,0,4,2,4,3931.99356818
20221,1123000010,3,2,1,0,0,0,2,1,0,0,0,0,1,1,0,0,0,0,1,0,0,946.498084201
20221,1123000012,75,41,34,0,9,14,22,21,9,0,5,10,12,7,7,0,4,4,10,14,2,6062.06191538
20221,1123000013,2,2,0,0,0,1,0,0,1,0,0,1,0,0,1,0,0,0,0,0,0,1035.68562879
20221,1123000014,2,1,1,0,0,0,2,0,0,0,0,0,1,0,0,0,0,0,1,0,0,2203.81881846
20221,1123000015,8,5,3,0,0,1,4,2,1,0,0,0,3,1,1,0,0,1,1,1,0,2393.8773718
20221,1123000017,28,18,10,0,9,12,6,1,0,0,7,9,1,1,0,0,2,3,5,0,0,2824.91954045
20221,1123000018,14,9,5,0,0,0,1,1,12,0,0,0,0,0,9,0,0,0,1,1,3,6616.95583478
20221,1123000020,3,3,0,0,0,2,0,1,0,0,0,2,0,1,0,0,0,0,0,0,0,2175.39408638
20221,1123000021,11,9,2,0,0,0,1,5,5,0,0,0,1,5,3,0,0,0,0,0,2,5430.30601674
20221,1123000022,3058,1155,1903,1,468,643,945,966,35,1,373,482,237,55,7,0,95,161,708,911,28,5528.57732009
20221,1123000023,2,2,0,0,0,0,1,1,0,0,0,0,1,1,0,0,0,0,0,0,0,840.798748147
20221,1123000024,2,1,1,0,0,1,0,1,0,0,0,0,0,1,0,0,0,1,0,0,0,2048.15282661
20221,1123000025,7,1,6,0,0,2,0,4,1,0,0,1,0,0,0,0,0,1,0,4,1,1447.24906033
20221,1123000026,10,8,2,0,0,3,5,1,1,0,0,2,5,1,0,0,0,1,0,0,1,3915.09617768
20221,1123000027,24,19,5,0,0,5,6,7,6,0,0,3,4,6,6,0,0,2,2,1,0,2555.75910236
20221,1123000029,52,37,15,0,1,5,15,11,20,0,0,2,9,7,19,0,1,3,6,4,1,7199.08930214
20221,1123000031,4,3,1,0,0,0,0,1,3,0,0,0,0,1,2,0,0,0,0,0,1,1903.20900952
20221,1123000033,2,2,0,0,0,1,0,0,1,0,0,1,0,0,1,0,0,0,0,0,0,1491.58486878
20221,1123000034,21,18,3,0,5,9,3,3,1,0,4,9,2,3,0,0,1,0,1,0,1,6220.61213951
20221,1123000035,25,17,8,1,0,4,8,5,7,0,0,4,7,2,4,1,0,0,1,3,3,6605.30271984
20221,1123000037,178,111,67,0,5,12,14,13,134,0,0,9,6,5,91,0,5,3,8,8,43,8207.61627371
20221,1123000038,27,20,7,0,11,2,5,5,4,0,8,2,2,4,4,0,3,0,3,1,0,803.762450547
20221,1123000040,387,293,94,1,93,150,74,47,22,0,61,103,65,43,21,1,32,47,9,4,1,8138.33113334
20221,1123000044,1,0,1,0,0,0,1,0,0,0,0,0,0,0,0,0,0,0,1,0,0,2137.75890075
20221,1123000045,83,13,70,0,9,29,27,17,1,0,0,5,5,3,0,0,9,24,22,14,1,15648.5004924
20221,1123000046,5,5,0,0,0,0,0,4,1,0,0,0,0,4,1,0,0,0,0,0,0,1130.86507
20221,1123000048,10,7,3,0,0,1,3,3,3,0,0,1,2,2,2,0,0,0,1,1,1,1083.1532696
20221,1123000054,31,15,16,0,2,8,10,10,1,0,0,6,4,5,0,0,2,2,6,5,1,15357.967654
20221,1123000055,20,13,7,0,0,3,3,5,9,0,0,2,1,4,6,0,0,1,2,1,3,7092.9507577
20221,1123000056,3,2,1,0,0,1,1,0,1,0,0,1,0,0,1,0,0,0,1,0,0,577.232722192
20221,1123000057,42,28,14,1,5,20,4,8,4,0,2,13,2,7,4,1,3,7,2,1,0,3234.22420105
20221,1123000059,2,1,1,0,0,0,0,0,2,0,0,0,0,0,1,0,0,0,0,0,1,4698.91175408
20221,1123000060,42,30,12,0,2,5,6,14,15,0,1,3,4,10,12,0,1,2,2,4,3,5016.86744303
20221,1123000062,46,28,18,0,1,6,14,11,14,0,0,2,8,8,10,0,1,4,6,3,4,4520.76958669
20221,1123000064,11,8,3,0,6,3,2,0,0,0,5,2,1,0,0,0,1,1,1,0,0,2714.33596439
20221,1123000068,12,7,5,0,0,1,6,2,3,0,0,1,3,2,1,0,0,0,3,0,2,2571.36398479
20221,1123000074,9,7,2,0,0,1,5,2,1,0,0,1,4,1,1,0,0,0,1,1,0,5678.60586915
20221,1123000076,8,3,5,0,1,2,2,3,0,0,0,0,1,2,0,0,1,2,1,1,0,1888.01799067
20221,1123000080,12,11,1,0,1,1,5,3,2,0,1,1,4,3,2,0,0,0,1,0,0,4204.1555437
20221,1123000081,2,0,2,0,1,0,1,0,0,0,0,0,0,0,0,0,1,0,1,0,0,1220.34719234
20221,1123000086,35,29,6,0,8,2,13,7,5,0,8,1,10,5,5,0,0,1,3,2,0,6094.20213656
20221,1123000087,31,17,14,0,1,5,13,10,2,0,0,2,7,7,1,0,1,3,6,3,1,6170.24214404
20221,1123000095,97,76,21,0,15,15,13,39,15,0,12,13,10,30,11,0,3,2,3,9,4,6888.55564025
20221,1123000101,3,1,2,0,0,0,0,0,3,0,0,0,0,0,1,0,0,0,0,0,2,3102.44110675
20221,1123000110,4,4,0,0,1,0,0,1,2,0,1,0,0,1,2,0,0,0,0,0,0,5124.86166655
20221,1123000115,15,0,15,0,4,5,1,5,0,0,0,0,0,0,0,0,4,5,1,5,0,1516.72095658
20221,1123000118,2,2,0,0,0,2,0,0,0,0,0,2,0,0,0,0,0,0,0,0,0,3624.99097869
20221,1123000121,7,4,3,0,1,2,2,1,1,0,0,0,2,1,1,0,1,2,0,0,0,3406.21207151
20221,1123000125,10,8,2,0,0,1,1,7,1,0,0,1,1,5,1,0,0,0,0,2,0,6931.85762841
20221,1123000126,35,14,21,0,3,12,10,8,2,0,1,3,6,3,1,0,2,9,4,5,1,3836.44843671
20221,1123000133,38,24,14,0,0,5,15,10,8,0,0,0,9,8,7,0,0,5,6,2,1,2259.47066943
20221,1123000134,3,2,1,0,0,0,0,3,0,0,0,0,0,2,0,0,0,0,0,1,0,3499.19733522
20221,1123000136,2,2,0,0,0,0,1,0,1,0,0,0,1,0,1,0,0,0,0,0,0,1596.34807451
20221,1123000137,34,24,10,0,8,1,9,11,5,0,4,0,6,10,4,0,4,1,3,1,1,2979.24347907
20221,1123000142,8,5,3,0,2,2,2,2,0,0,1,2,1,1,0,0,1,0,1,1,0,5931.98452651
20221,1123000145,41,28,13,0,7,18,13,2,1,0,1,18,7,2,0,0,6,0,6,0,1,2671.59923204
20221,1123000148,15,12,3,0,0,2,7,3,3,0,0,2,6,1,3,0,0,0,1,2,0,4354.43292439
20221,1123000151,2,1,1,0,0,0,1,1,0,0,0,0,0,1,0,0,0,0,1,0,0,3625.53155849
20221,1123000153,2,2,0,0,0,0,0,0,2,0,0,0,0,0,2,0,0,0,0,0,0,4067.70923234
20221,1123000159,64,49,15,3,27,12,5,5,12,3,21,8,2,4,11,0,6,4,3,1,1,4181.10209351
20221,1123000160,8,5,3,0,0,1,2,4,1,0,0,1,1,3,0,0,0,0,1,1,1,4134.06663485
20221,1123000161,9,4,5,0,1,0,4,4,0,0,0,0,3,1,0,0,1,0,1,3,0,4211.32107547
20221,1123000162,50,32,18,0,3,10,9,15,13,0,2,2,4,12,12,0,1,8,5,3,1,3010.23207377
20221,1123000165,3,2,1,0,0,0,0,2,1,0,0,0,0,1,1,0,0,0,0,1,0,3316.38080846
20221,1123000167,13,6,7,0,1,1,4,3,4,0,0,0,0,3,3,0,1,1,4,0,1,4511.13210114
20221,1123000168,40,5,35,0,6,13,9,12,0,0,1,2,0,2,0,0,5,11,9,10,0,9387.61218208
20221,1123000171,3,2,1,0,0,0,3,0,0,0,0,0,2,0,0,0,0,0,1,0,0,6299.9018049
20221,1123000172,53,44,9,0,10,8,20,12,3,0,8,6,15,12,3,0,2,2,5,0,0,4813.26234244
20221,1123000180,23,20,3,0,1,4,14,4,0,0,1,4,11,4,0,0,0,0,3,0,0,2999.47522755
20221,1123000183,105,84,21,0,12,26,40,14,13,0,8,21,31,13,11,0,4,5,9,1,2,7375.44148827
20221,1123000188,128,82,46,0,33,28,19,35,13,0,26,18,10,22,6,0,7,10,9,13,7,10463.6082986
20221,1123000190,1,0,1,0,0,0,1,0,0,0,0,0,0,0,0,0,0,0,1,0,0,2329.28483175
20221,1123000192,34,12,22,0,4,7,11,6,6,0,2,2,3,1,4,0,2,5,8,5,2,13732.0907677
20221,1123000194,19,13,6,0,1,5,6,2,5,0,1,3,4,2,3,0,0,2,2,0,2,2892.15962561
20221,1123000197,10,0,10,0,4,4,1,1,0,0,0,0,0,0,0,0,4,4,1,1,0,1557.20047538
20221,1123000198,2,1,1,0,0,0,1,1,0,0,0,0,1,0,0,0,0,0,0,1,0,1248.0171003
20221,1123000203,2,0,2,0,0,0,2,0,0,0,0,0,0,0,0,0,0,0,2,0,0,2573.41998702
20221,1123000204,2,2,0,0,0,0,0,0,2,0,0,0,0,0,2,0,0,0,0,0,0,4623.78894414
20221,1123000206,48,21,27,0,9,3,10,19,7,0,2,1,1,13,4,0,7,2,9,6,3,10040.5122401
20221,1123000211,220,165,55,0,5,31,40,54,90,0,4,12,26,44,79,0,1,19,14,10,11,9339.31922521
20221,1123000212,8,5,3,0,1,0,2,3,2,0,1,0,1,2,1,0,0,0,1,1,1,1225.44547636
20221,1123000213,20,15,5,0,2,5,2,5,6,0,2,4,2,4,3,0,0,1,0,1,3,1361.05161365
20221,1123000214,75,52,23,1,2,8,22,21,21,0,1,5,16,17,13,1,1,3,6,4,8,9506.07577589
20221,1123000215,8,7,1,0,0,1,3,2,2,0,0,1,2,2,2,0,0,0,1,0,0,1592.80154171
20221,1123000216,28,21,7,0,2,6,9,7,4,0,2,6,7,4,2,0,0,0,2,3,2,4814.16819106
20221,1123000217,7,5,2,0,1,1,3,0,2,0,1,0,2,0,2,0,0,1,1,0,0,956.60642855
20221,1123000218,9,9,0,0,0,2,4,0,3,0,0,2,4,0,3,0,0,0,0,0,0,1529.83558997
20221,1123000219,5,3,2,0,1,2,1,1,0,0,0,2,1,0,0,0,1,0,0,1,0,1074.32345325
20221,1123000220,16,16,0,0,0,7,3,3,3,0,0,7,3,3,3,0,0,0,0,0,0,1245.18242562
20221,1123000221,1098,985,113,18,431,435,151,44,19,18,379,393,143,35,17,0,52,42,8,9,2,12392.3332501
20221,1123000222,26,17,9,0,2,10,4,5,5,0,2,10,2,1,2,0,0,0,2,4,3,3245.18033155
20221,1123000223,6,5,1,0,0,0,4,2,0,0,0,0,3,2,0,0,0,0,1,0,0,2695.61471883
20221,1123000224,17,12,5,0,3,1,7,5,1,0,1,1,6,3,1,0,2,0,1,2,0,2963.33981399
20221,1123000225,216,166,50,1,18,45,60,47,45,1,13,36,48,31,37,0,5,9,12,16,8,19707.8622913
20221,1123000228,351,324,27,1,8,57,154,111,20,1,5,53,138,107,20,0,3,4,16,4,0,9404.49919757
20221,1123000229,2,1,1,0,0,0,0,1,1,0,0,0,0,0,1,0,0,0,0,1,0,1641.22956229
20221,1123000232,3,3,0,0,0,0,0,0,3,0,0,0,0,0,3,0,0,0,0,0,0,2148.40184801
20221,1123000233,20,19,1,0,1,2,7,8,2,0,1,2,7,8,1,0,0,0,0,0,1,3411.02784581
20221,1123000234,17,14,3,0,4,3,2,6,2,0,3,3,1,5,2,0,1,0,1,1,0,2866.74679435
20221,1123000236,115,87,28,0,3,23,35,35,19,0,2,17,28,24,16,0,1,6,7,11,3,3607.98985246
20221,1123000237,13,12,1,0,0,1,4,5,3,0,0,1,4,4,3,0,0,0,0,1,0,1646.85913787
20221,1123000241,2,2,0,0,0,0,0,0,2,0,0,0,0,0,2,0,0,0,0,0,0,445.409192279
20221,1123000242,63,37,26,0,11,15,22,10,5,0,5,7,13,8,4,0,6,8,9,2,1,1345.95386629
20221,1123000245,6,5,1,0,0,0,1,2,3,0,0,0,1,2,2,0,0,0,0,0,1,715.106846907
20221,1123000247,25,14,11,0,3,11,2,4,5,0,1,6,1,1,5,0,2,5,1,3,0,6884.19895901
20221,1123000254,42,27,15,0,4,11,7,14,6,0,2,6,6,9,4,0,2,5,1,5,2,8772.93835973
20221,1123000255,3,2,1,0,0,1,0,0,2,0,0,0,0,0,2,0,0,1,0,0,0,865.097427369
20221,1123000258,7,2,5,0,0,2,5,0,0,0,0,1,1,0,0,0,0,1,4,0,0,3039.18561101
20221,1123000264,2,2,0,0,0,0,2,0,0,0,0,0,2,0,0,0,0,0,0,0,0,4542.37238945
20221,1123000268,4,2,2,0,0,0,1,1,2,0,0,0,0,1,1,0,0,0,1,0,1,3047.33205643
20221,1123000270,4,3,1,0,0,1,2,1,0,0,0,1,1,1,0,0,0,0,1,0,0,2018.08693897
20221,1123000273,3,1,2,0,0,0,1,2,0,0,0,0,1,0,0,0,0,0,0,2,0,1054.94377933
20221,1123000282,22,18,4,0,3,3,5,7,4,0,3,3,4,6,2,0,0,0,1,1,2,3938.34616373
20221,1123000288,2,1,1,0,0,0,0,0,2,0,0,0,0,0,1,0,0,0,0,0,1,1980.02887542
20221,1123000289,3,1,2,0,0,0,0,2,1,0,0,0,0,1,0,0,0,0,0,1,1,668.536327817
20221,1123000291,2,1,1,0,0,1,1,0,0,0,0,1,0,0,0,0,0,0,1,0,0,793.763677092
20221,1123000292,10,4,6,0,0,4,1,5,0,0,0,1,1,2,0,0,0,3,0,3,0,2326.45340104
20221,1123000294,8,1,7,0,0,1,6,0,1,0,0,0,0,0,1,0,0,1,6,0,0,3352.07177196
20221,1123000297,10,0,10,0,1,2,1,5,1,0,0,0,0,0,0,0,1,2,1,5,1,3062.31488374
20221,1123000304,3,1,2,0,0,1,0,2,0,0,0,1,0,0,0,0,0,0,0,2,0,1243.07871428
20221,1123000311,219,138,81,0,5,16,35,64,99,0,3,10,25,41,59,0,2,6,10,23,40,12826.3621649
20221,1123000313,21,7,14,0,5,3,4,8,1,0,1,1,3,1,1,0,4,2,1,7,0,12629.6218867
20221,1123000315,2,2,0,0,0,0,2,0,0,0,0,0,2,0,0,0,0,0,0,0,0,1196.27749514
20221,1123000317,4,4,0,0,0,1,2,1,0,0,0,1,2,1,0,0,0,0,0,0,0,3370.5653296
20221,1123000318,12,8,4,0,1,2,5,2,2,0,1,2,2,1,2,0,0,0,3,1,0,3924.42055462
20221,1123000321,232,135,97,0,28,37,48,66,53,0,18,21,25,36,35,0,10,16,23,30,18,3145.08825278
20221,1123000322,39,18,21,0,9,10,12,6,2,0,2,6,6,4,0,0,7,4,6,2,2,5494.435008
20221,1123000323,225,130,95,4,32,36,51,58,44,3,6,18,32,39,32,1,26,18,19,19,12,2897.72268167
20221,1123000329,18,16,2,0,1,0,8,9,0,0,1,0,6,9,0,0,0,0,2,0,0,1998.48206724
20221,1123000332,3,1,2,0,0,0,3,0,0,0,0,0,1,0,0,0,0,0,2,0,0,3759.87692997
20221,1123000334,1,0,1,0,0,0,0,0,1,0,0,0,0,0,0,0,0,0,0,0,1,6665.12189398
20221,1123000337,36,24,12,0,7,3,8,6,12,0,3,2,5,6,8,0,4,1,3,0,4,7347.94807207
20221,1123000339,6,4,2,0,0,1,2,2,1,0,0,1,1,2,0,0,0,0,1,0,1,5393.1096788
20221,1123000342,26,15,11,0,5,7,3,6,5,0,1,4,2,3,5,0,4,3,1,3,0,3548.83810834
20221,1123000343,5,5,0,0,0,1,0,2,2,0,0,1,0,2,2,0,0,0,0,0,0,2410.66251465
20221,1123000346,34,28,6,2,3,5,6,4,14,2,1,3,4,4,14,0,2,2,2,0,0,2914.34643421
20221,1123000351,24,13,11,0,4,4,7,9,0,0,2,3,3,5,0,0,2,1,4,4,0,6009.65176534
20221,1123000353,2,2,0,0,0,0,0,0,2,0,0,0,0,0,2,0,0,0,0,0,0,4416.74960542
20221,1123000354,11,9,2,0,0,3,4,1,3,0,0,3,2,1,3,0,0,0,2,0,0,7580.06307624
20221,1123000355,11,7,4,0,0,2,2,4,3,0,0,1,1,2,3,0,0,1,1,2,0,2469.91902325
20221,1123000358,3,2,1,0,0,0,2,1,0,0,0,0,2,0,0,0,0,0,0,1,0,1726.38569282
20221,1123000359,19,5,14,0,3,0,7,6,3,0,0,0,0,2,3,0,3,0,7,4,0,7190.05473792
20221,1123000360,73,5,68,0,1,2,4,23,43,0,0,0,0,2,3,0,1,2,4,21,40,4869.81765984
20221,1123000361,3,3,0,0,0,0,0,3,0,0,0,0,0,3,0,0,0,0,0,0,0,4014.57137912
20221,1123000364,136,68,68,0,14,19,27,27,49,0,3,8,5,16,36,0,11,11,22,11,13,6876.32152484
20221,1123000365,8,6,2,0,0,3,2,2,1,0,0,2,2,1,1,0,0,1,0,1,0,5372.32479558
20221,1123000366,23,15,8,0,2,3,5,11,2,0,0,2,2,9,2,0,2,1,3,2,0,4162.11914876
20221,1123000368,6,2,4,0,0,0,1,4,1,0,0,0,0,1,1,0,0,0,1,3,0,2351.50251293
20221,1123000369,10,3,7,0,1,5,2,2,0,0,1,1,0,1,0,0,0,4,2,1,0,4316.36084581
20221,1123000371,2,2,0,0,0,0,2,0,0,0,0,0,2,0,0,0,0,0,0,0,0,1550.74502717
20221,1123000372,6,4,2,0,0,2,0,3,1,0,0,1,0,2,1,0,0,1,0,1,0,1115.26464071
20221,1123000373,9,6,3,0,2,2,1,2,2,0,1,1,1,1,2,0,1,1,0,1,0,4975.55561046
20221,1123000375,41,26,15,0,5,12,18,4,2,0,4,8,10,3,1,0,1,4,8,1,1,2225.89671569
20221,1123000380,3,2,1,0,0,1,2,0,0,0,0,1,1,0,0,0,0,0,1,0,0,4071.00695357
20221,1123000381,18,8,10,0,2,7,1,5,3,0,1,3,1,2,1,0,1,4,0,3,2,7013.37792937
20221,1123000390,72,45,27,2,3,12,23,24,8,1,2,9,14,11,8,1,1,3,9,13,0,3143.25258799
20221,1123000394,82,32,50,2,19,22,19,8,12,2,4,7,8,4,7,0,15,15,11,4,5,6970.93472206
20221,1123000395,29,27,2,0,1,1,5,4,18,0,1,0,4,4,18,0,0,1,1,0,0,1955.64644102
20221,1123000404,2,1,1,0,0,0,1,0,1,0,0,0,1,0,0,0,0,0,0,0,1,1100.26549614
20221,1123000405,9,8,1,0,2,2,3,2,0,0,2,2,2,2,0,0,0,0,1,0,0,3238.00246143
20221,1123000407,167,127,40,0,18,25,42,39,43,0,15,20,34,29,29,0,3,5,8,10,14,5142.13964751
20221,1123000416,26,11,15,0,2,5,11,6,2,0,0,2,6,2,1,0,2,3,5,4,1,2358.77187609
20221,1123000419,1,0,1,0,0,0,1,0,0,0,0,0,0,0,0,0,0,0,1,0,0,5899.06983397
20221,1123000423,26,12,14,1,5,7,6,4,3,0,2,1,5,2,2,1,3,6,1,2,1,80846.9160056
20221,1123000427,5,4,1,0,0,0,0,2,3,0,0,0,0,2,2,0,0,0,0,0,1,4144.48299325
20221,1123000428,4,3,1,0,1,0,1,0,2,0,1,0,0,0,2,0,0,0,1,0,0,2514.57657256
20221,1123000432,66,44,22,1,6,20,14,19,6,1,2,10,8,17,6,0,4,10,6,2,0,8280.65284575
20221,1123000433,16,14,2,0,0,1,3,5,7,0,0,1,3,4,6,0,0,0,0,1,1,2436.63949994
20221,1123000434,5,2,3,0,1,1,0,1,2,0,0,0,0,1,1,0,1,1,0,0,1,2050.92057543
20221,1123000436,425,337,88,8,73,143,142,45,14,2,46,123,125,30,11,6,27,20,17,15,3,16972.1355696
20221,1123000437,203,171,32,1,27,41,36,77,21,1,21,36,29,66,18,0,6,5,7,11,3,7210.75269373
20221,1123000438,29,16,13,0,1,1,4,17,6,0,0,1,3,9,3,0,1,0,1,8,3,4989.62584016
20221,1123000439,4,4,0,0,0,1,1,2,0,0,0,1,1,2,0,0,0,0,0,0,0,2152.19965666
20221,1123000440,6,5,1,0,0,0,1,4,1,0,0,0,1,3,1,0,0,0,0,1,0,1731.8187245
20221,1123000443,5,4,1,0,1,1,0,3,0,0,1,0,0,3,0,0,0,1,0,0,0,2988.77858266
20221,1123000447,16,10,6,0,2,1,6,7,0,0,2,1,2,5,0,0,0,0,4,2,0,2908.54500871
20221,1123000448,7,4,3,0,0,2,3,1,1,0,0,1,2,0,1,0,0,1,1,1,0,853.51796658
20221,1123000450,2,1,1,0,0,0,0,1,1,0,0,0,0,0,1,0,0,0,0,1,0,1195.79720661
20221,1123000454,4,1,3,0,0,0,1,2,1,0,0,0,0,1,0,0,0,0,1,1,1,2146.1138515
20221,1123000457,118,67,51,0,21,22,19,20,36,0,7,13,10,10,27,0,14,9,9,10,9,11178.8074975
20221,1123000458,2,1,1,0,0,0,0,2,0,0,0,0,0,1,0,0,0,0,0,1,0,3221.82682212
20221,1123000459,2,2,0,0,1,0,1,0,0,0,1,0,1,0,0,0,0,0,0,0,0,799.119568551
20221,1123000460,3,1,2,0,0,0,0,1,2,0,0,0,0,0,1,0,0,0,0,1,1,9542.1815697
20221,1123000461,35,24,11,0,6,6,6,10,7,0,1,4,4,10,5,0,5,2,2,0,2,5926.29449319
20221,1123000462,21,17,4,0,0,2,3,9,7,0,0,2,2,7,6,0,0,0,1,2,1,2433.26987734
20221,1123000464,12,5,7,0,0,2,4,5,1,0,0,1,2,2,0,0,0,1,2,3,1,4303.51701822
20221,1123000465,8,7,1,0,1,0,5,0,2,0,1,0,4,0,2,0,0,0,1,0,0,1400.30853031
20221,1123000467,16,13,3,0,0,3,2,3,8,0,0,1,1,3,8,0,0,2,1,0,0,1320.06597028
20221,1123000468,77,58,19,0,6,19,15,22,15,0,4,13,14,14,13,0,2,6,1,8,2,7189.43543783
20221,1123000469,18,15,3,0,1,1,8,5,3,0,1,1,6,4,3,0,0,0,2,1,0,4414.45263074
20221,1123000470,1111,664,447,11,132,99,135,222,512,11,108,71,81,118,275,0,24,28,54,104,237,3949.34350749
20221,1123000472,9,6,3,0,1,4,3,1,0,0,1,3,1,1,0,0,0,1,2,0,0,2634.71533759
20221,1123000473,84,73,11,0,2,9,12,32,29,0,1,5,11,29,27,0,1,4,1,3,2,3108.66796867
20221,1123000474,12,9,3,0,0,1,2,8,1,0,0,1,1,7,0,0,0,0,1,1,1,4981.89738597
20221,1123000475,47,25,22,0,5,7,14,13,8,0,3,5,4,8,5,0,2,2,10,5,3,3133.02543881
20221,1123000480,26,10,16,0,1,2,6,10,7,0,0,1,3,3,3,0,1,1,3,7,4,1601.86981027
20221,1123000486,10,5,5,0,3,1,1,3,2,0,1,1,0,1,2,0,2,0,1,2,0,3329.54903351
20221,1123000487,3,2,1,0,0,0,1,0,2,0,0,0,1,0,1,0,0,0,0,0,1,2778.91643329
20221,1123000488,9,8,1,0,0,0,1,3,5,0,0,0,1,2,5,0,0,0,0,1,0,4935.64771254
20221,1123000489,1,0,1,0,0,1,0,0,0,0,0,0,0,0,0,0,0,1,0,0,0,10553.4898352
20221,1123000490,20,12,8,0,2,3,4,6,5,0,2,2,3,2,3,0,0,1,1,4,2,2577.10429151
20221,1123000492,25,20,5,0,0,3,12,6,4,0,0,2,10,4,4,0,0,1,2,2,0,9511.98057188
20221,1123000498,72,59,13,0,8,11,14,19,20,0,5,9,11,17,17,0,3,2,3,2,3,6570.05535661
20221,1123000501,22,12,10,0,1,5,6,5,5,0,0,1,5,2,4,0,1,4,1,3,1,4448.66788869
20221,1123000503,4,3,1,0,0,0,1,3,0,0,0,0,1,2,0,0,0,0,0,1,0,3128.38591877
20221,1123000504,7,6,1,0,0,0,2,3,2,0,0,0,1,3,2,0,0,0,1,0,0,2190.7864261
20221,1123000505,9,7,2,0,1,1,1,4,2,0,1,1,0,3,2,0,0,0,1,1,0,13294.2598484
20221,1123000507,5,4,1,0,0,0,1,2,2,0,0,0,0,2,2,0,0,0,1,0,0,952.686306164
20221,1123000512,64,38,26,0,13,23,16,8,4,0,3,14,13,5,3,0,10,9,3,3,1,3553.68808835
20221,1123000516,14,10,4,0,2,5,5,2,0,0,1,5,2,2,0,0,1,0,3,0,0,1917.43399775
20221,1123000517,62,48,14,0,0,2,11,23,26,0,0,0,6,18,24,0,0,2,5,5,2,2068.40407842
20221,1123000519,15,11,4,0,1,4,3,5,2,0,1,4,0,4,2,0,0,0,3,1,0,1913.52529964
20221,1123000520,8,7,1,0,0,0,2,4,2,0,0,0,2,3,2,0,0,0,0,1,0,6492.02410893
20221,1123000521,11,7,4,0,0,1,3,0,7,0,0,0,2,0,5,0,0,1,1,0,2,2853.66387992
20221,1123000524,7,0,7,0,2,1,0,2,2,0,0,0,0,0,0,0,2,1,0,2,2,3560.15397671
20221,1123000525,38,28,10,0,3,9,5,8,13,0,1,6,2,8,11,0,2,3,3,0,2,3848.48964201
20221,1123000526,166,99,67,0,18,64,42,24,18,0,3,23,36,21,16,0,15,41,6,3,2,5716.78029794
20221,1123000527,14,8,6,0,3,2,2,4,3,0,3,1,0,1,3,0,0,1,2,3,0,2035.00329444
20221,1123000529,3,3,0,0,0,0,0,2,1,0,0,0,0,2,1,0,0,0,0,0,0,2224.52256163
20221,1123000530,8,7,1,0,0,2,1,4,1,0,0,2,1,3,1,0,0,0,0,1,0,2197.52072203
20221,1123000531,53,44,9,0,5,3,19,16,10,0,5,2,13,15,9,0,0,1,6,1,1,1922.42265679
20221,1123000532,21,14,7,0,1,0,4,12,4,0,1,0,3,7,3,0,0,0,1,5,1,2005.12669396
20221,1123000533,34,17,17,0,1,6,8,14,5,0,1,3,7,3,3,0,0,3,1,11,2,6303.82036938
20221,1123000534,9,4,5,0,0,4,3,2,0,0,0,0,3,1,0,0,0,4,0,1,0,969.415456872
20221,1123000535,9,5,4,0,3,0,4,2,0,0,2,0,2,1,0,0,1,0,2,1,0,3600.84699736
20221,1123000539,16,13,3,0,2,6,2,2,4,0,0,6,2,2,3,0,2,0,0,0,1,1962.13418735
20221,1123000541,3,0,3,0,0,1,1,1,0,0,0,0,0,0,0,0,0,1,1,1,0,3446.23332823
20221,1123000542,6,5,1,1,0,0,3,0,2,1,0,0,2,0,2,0,0,0,1,0,0,21216.7836092
20221,1123000543,9,6,3,0,1,0,4,1,3,0,0,0,2,1,3,0,1,0,2,0,0,11651.5127601
20221,1123000544,6,3,3,0,0,1,3,1,1,0,0,1,1,0,1,0,0,0,2,1,0,1591.94412169
20221,1123000547,11,4,7,0,3,2,1,5,0,0,0,2,1,1,0,0,3,0,0,4,0,2448.82469674
20221,1123000548,15,7,8,0,2,4,3,5,1,0,0,2,1,3,1,0,2,2,2,2,0,2482.52158477
20221,1123000549,4,2,2,0,0,1,0,1,2,0,0,0,0,1,1,0,0,1,0,0,1,1777.54923764
20221,1123000551,4655,1984,2671,6,295,1163,1725,1337,129,1,151,742,691,371,28,5,144,421,1034,966,101,10360.0348741
20221,1123000552,2,1,1,0,0,0,0,2,0,0,0,0,0,1,0,0,0,0,0,1,0,2822.15133736
20221,1123000554,4,3,1,0,0,0,3,1,0,0,0,0,3,0,0,0,0,0,0,1,0,797.064897408
20221,1123000555,89,55,34,0,9,11,27,29,13,0,2,5,18,19,11,0,7,6,9,10,2,3369.23975255
20221,1123000556,40,26,14,0,5,6,14,8,7,0,2,3,9,7,5,0,3,3,5,1,2,9303.72420376
20221,1123000557,9,4,5,0,0,0,1,6,2,0,0,0,0,4,0,0,0,0,1,2,2,2772.82436557
20221,1123000558,27,19,8,0,2,2,12,6,5,0,1,1,7,5,5,0,1,1,5,1,0,2539.3125673
20221,1123000560,11,8,3,0,0,4,3,1,3,0,0,2,3,0,3,0,0,2,0,1,0,2934.61586342
20221,1123000561,6,5,1,0,1,1,2,1,1,0,1,1,2,0,1,0,0,0,0,1,0,1737.6047196
20221,1123000562,3,2,1,0,0,0,1,1,1,0,0,0,1,1,0,0,0,0,0,0,1,1811.24298432
20221,1123000563,2,1,1,0,0,0,0,1,1,0,0,0,0,0,1,0,0,0,0,1,0,2957.4947786
20221,1123000564,24,17,7,0,3,2,8,8,3,0,1,2,5,6,3,0,2,0,3,2,0,2121.6648195
20221,1123000565,56,29,27,0,6,12,13,17,8,0,1,8,6,9,5,0,5,4,7,8,3,4675.14201419
20221,1123000566,12,8,4,0,0,1,7,1,3,0,0,0,5,1,2,0,0,1,2,0,1,2470.47226513
20221,1123000567,18,14,4,0,0,2,5,6,5,0,0,2,3,5,4,0,0,0,2,1,1,2431.47574291
20221,1123000568,88,67,21,2,15,22,22,20,7,0,9,18,17,17,6,2,6,4,5,3,1,2209.02915775
20221,1123000569,20,10,10,0,0,0,4,11,5,0,0,0,1,7,2,0,0,0,3,4,3,4287.90569515
20221,1123000570,2,1,1,0,0,0,0,1,1,0,0,0,0,0,1,0,0,0,0,1,0,2939.5225765
20221,1123000571,4,4,0,0,0,2,2,0,0,0,0,2,2,0,0,0,0,0,0,0,0,1716.47034127
20221,1123000576,40,14,26,0,9,16,6,7,2,0,3,5,4,1,1,0,6,11,2,6,1,3058.24911753
20221,1123000577,21,15,6,0,0,3,4,8,6,0,0,1,4,6,4,0,0,2,0,2,2,1907.65500781
20221,1123000580,33,31,2,0,1,8,18,4,2,0,0,8,17,4,2,0,1,0,1,0,0,2259.46977601
20221,1123000581,48,31,17,0,9,5,13,6,15,0,4,2,7,6,12,0,5,3,6,0,3,10109.4401727
20221,1123000582,7,7,0,0,0,0,1,2,4,0,0,0,1,2,4,0,0,0,0,0,0,1138.96438792
20221,1123000583,26,13,13,0,2,8,4,7,5,0,2,2,1,5,3,0,0,6,3,2,2,6558.03722184
20221,1123000584,6,4,2,0,3,2,0,1,0,0,2,2,0,0,0,0,1,0,0,1,0,988.926394008
20221,1123000585,8,6,2,0,1,1,3,3,0,0,1,1,2,2,0,0,0,0,1,1,0,3607.9552115
20221,1123000587,33,20,13,0,1,10,9,6,7,0,0,5,3,6,6,0,1,5,6,0,1,1691.30119912
20221,1123000588,1951,944,1007,3,231,487,493,608,129,2,94,193,182,389,84,1,137,294,311,219,45,13586.4982094
20221,1123000589,479,159,320,1,97,137,104,56,84,0,11,27,31,29,61,1,86,110,73,27,23,9406.4401534
20221,1123000590,23,10,13,0,2,13,3,5,0,0,1,5,2,2,0,0,1,8,1,3,0,12965.2219511
20221,1123000592,40,22,18,0,2,1,12,17,8,0,2,0,6,11,3,0,0,1,6,6,5,2045.69248671
20221,1123000593,5,3,2,0,0,0,0,4,1,0,0,0,0,3,0,0,0,0,0,1,1,2224.96319264
20221,1123000594,10,8,2,0,3,1,1,1,4,0,2,1,1,1,3,0,1,0,0,0,1,1405.42039128
20221,1123000595,4,2,2,0,0,0,0,0,4,0,0,0,0,0,2,0,0,0,0,0,2,1885.58957413
20221,1123000596,35,11,24,0,2,9,11,8,5,0,1,1,2,5,2,0,1,8,9,3,3,2079.86290593
20221,1123000598,5,4,1,0,1,0,1,2,1,0,0,0,1,2,1,0,1,0,0,0,0,1951.17131422
20221,1123000599,12,9,3,0,0,2,3,2,5,0,0,1,3,2,3,0,0,1,0,0,2,1823.27345438
20221,1123000600,27,12,15,0,2,9,8,5,3,0,1,2,4,3,2,0,1,7,4,2,1,2162.62447898
20221,1123000602,3,1,2,0,0,2,0,0,1,0,0,1,0,0,0,0,0,1,0,0,1,2931.45358807
20221,1123000603,3,1,2,0,3,0,0,0,0,0,1,0,0,0,0,0,2,0,0,0,0,2358.07625861
20221,1123000605,1646,1312,334,1,135,280,466,403,361,1,92,225,408,329,257,0,43,55,58,74,104,4346.21841473
20221,1123000606,4,2,2,0,0,1,1,1,1,0,0,0,0,1,1,0,0,1,1,0,0,3125.15005907
20221,1123000607,2,2,0,0,0,2,0,0,0,0,0,2,0,0,0,0,0,0,0,0,0,3249.3479218
20221,1123000608,27,16,11,0,1,5,10,5,6,0,1,3,4,4,4,0,0,2,6,1,2,2625.83904468
20221,1123000613,16,10,6,0,3,5,2,2,4,0,0,3,2,2,3,0,3,2,0,0,1,1818.15010802
20221,1123000614,2,2,0,0,0,0,0,1,1,0,0,0,0,1,1,0,0,0,0,0,0,3246.01714871
20221,1123000615,11,8,3,1,3,2,0,5,0,1,1,2,0,4,0,0,2,0,0,1,0,1543.17841073
20221,1123000616,329,78,251,0,56,119,75,64,15,0,6,22,21,24,5,0,50,97,54,40,10,7002.64869002
20221,1123000621,3,3,0,0,0,0,0,1,2,0,0,0,0,1,2,0,0,0,0,0,0,1668.83691379
20221,1123000622,920,430,490,0,44,61,113,269,433,0,23,37,66,94,210,0,21,24,47,175,223,8139.28415819
20221,1123000623,1,1,0,0,0,0,0,0,1,0,0,0,0,0,1,0,0,0,0,0,0,3248.84264715
20221,1123000624,27,16,11,0,3,7,10,1,6,0,1,4,6,1,4,0,2,3,4,0,2,4937.56851411
20221,1123000626,26,17,9,0,2,3,5,4,12,0,2,1,3,2,9,0,0,2,2,2,3,3635.86047217
20221,1123000627,94,41,53,0,3,28,36,15,12,0,2,12,15,6,6,0,1,16,21,9,6,8179.49828885
20221,1123000628,15,9,6,0,0,3,4,4,4,0,0,3,0,3,3,0,0,0,4,1,1,3183.56836114
20221,1123000630,4,1,3,0,0,0,0,3,1,0,0,0,0,1,0,0,0,0,0,2,1,4726.51273309
20221,1123000634,19,16,3,0,3,4,5,6,1,0,2,4,3,6,1,0,1,0,2,0,0,2162.78508597
20221,1123000635,27,23,4,0,3,2,7,11,4,0,2,2,6,9,4,0,1,0,1,2,0,2254.37723106
20221,1123000636,9,5,4,0,1,2,2,2,2,0,1,1,1,2,0,0,0,1,1,0,2,2583.12862341
20221,1123000638,3,2,1,0,0,0,2,1,0,0,0,0,1,1,0,0,0,0,1,0,0,4376.3797947
20221,1123000639,37,14,23,0,5,6,13,6,7,0,1,4,3,2,4,0,4,2,10,4,3,5975.26547421
20221,1123000640,2,0,2,0,0,0,1,1,0,0,0,0,0,0,0,0,0,0,1,1,0,2418.28491108
20221,1123000642,539,192,347,1,37,55,61,156,229,0,16,11,21,40,104,1,21,44,40,116,125,9087.70959967
20221,1123000645,7,6,1,0,0,2,4,1,0,0,0,2,3,1,0,0,0,0,1,0,0,1601.23263639
20221,1123000646,5,4,1,0,0,1,4,0,0,0,0,1,3,0,0,0,0,0,1,0,0,1378.44414946
20221,1123000653,274,170,104,2,21,36,73,89,53,0,4,18,45,60,43,2,17,18,28,29,10,8637.43186113
20221,1123000654,39,25,14,0,10,7,6,9,7,0,6,3,3,8,5,0,4,4,3,1,2,6619.07270546
20221,1123000656,13,10,3,0,1,1,4,1,6,0,1,1,3,1,4,0,0,0,1,0,2,2449.27811575
20221,1123000657,14,13,1,0,0,0,4,7,3,0,0,0,4,7,2,0,0,0,0,0,1,1230.53015294
20221,1123000659,6,5,1,0,0,2,1,2,1,0,0,2,0,2,1,0,0,0,1,0,0,6366.2523986
20221,1123000660,1571,1415,156,12,367,530,409,231,22,6,334,479,375,207,14,6,33,51,34,24,8,2911.98424896
20221,1123000661,77,33,44,0,34,35,5,2,1,0,10,17,4,2,0,0,24,18,1,0,1,2518.69245769
20221,1123000662,26,14,12,0,3,7,7,5,4,0,1,4,3,3,3,0,2,3,4,2,1,5277.1018916
20221,1123000664,140,30,110,0,26,70,22,9,13,0,4,9,1,6,10,0,22,61,21,3,3,5699.66764004
20221,1123000665,15,3,12,0,1,4,8,1,1,0,0,2,1,0,0,0,1,2,7,1,1,2503.09760121
20221,1123000666,35,18,17,0,4,6,8,11,6,0,2,2,4,7,3,0,2,4,4,4,3,5564.95403295
20221,1123000667,143,90,53,0,13,20,37,33,40,0,6,6,22,18,38,0,7,14,15,15,2,4317.78726912
20221,1123000669,2,1,1,0,0,0,1,0,1,0,0,0,0,0,1,0,0,0,1,0,0,1884.05125028
20221,1123000670,56,44,12,0,4,15,12,13,12,0,2,12,9,11,10,0,2,3,3,2,2,4668.64406334
20221,1123000671,5,4,1,0,0,0,0,5,0,0,0,0,0,4,0,0,0,0,0,1,0,1747.18607916
20221,1123000672,13,7,6,0,0,0,1,7,5,0,0,0,1,4,2,0,0,0,0,3,3,2895.57394366
20221,1123000674,61,12,49,0,13,9,21,13,5,0,4,1,2,1,4,0,9,8,19,12,1,22176.719608
20221,1123000675,98,40,58,0,7,19,28,22,22,0,2,8,8,11,11,0,5,11,20,11,11,7731.02447436
20221,1123000678,29,18,11,0,0,4,4,15,6,0,0,0,3,10,5,0,0,4,1,5,1,1902.95409476
20221,1123000680,21,14,7,0,2,4,7,6,2,0,1,3,3,6,1,0,1,1,4,0,1,903.699622706
20221,1123000681,3,2,1,0,0,0,1,0,2,0,0,0,1,0,1,0,0,0,0,0,1,5436.58843236
20221,1123000682,11,8,3,0,0,3,3,3,2,0,0,2,2,2,2,0,0,1,1,1,0,5662.97446008
20221,1123000689,15,6,9,0,1,1,4,6,3,0,0,0,1,4,1,0,1,1,3,2,2,3315.67715596
20221,1123000692,2,0,2,0,0,0,2,0,0,0,0,0,0,0,0,0,0,0,2,0,0,4347.51199684
20221,1123000693,4,2,2,0,0,1,0,1,2,0,0,0,0,1,1,0,0,1,0,0,1,1490.47639101
20221,1123000697,11,6,5,0,1,3,1,3,3,0,0,1,0,2,3,0,1,2,1,1,0,3301.47939503
20221,1123000698,2,0,2,0,0,0,0,2,0,0,0,0,0,0,0,0,0,0,0,2,0,699.943944066
20221,1123000704,3,2,1,0,0,1,0,0,2,0,0,1,0,0,1,0,0,0,0,0,1,3082.5145774
20221,1123000707,18,11,7,0,3,5,7,2,1,0,1,2,6,1,1,0,2,3,1,1,0,11145.9383493
20221,1123000710,5,4,1,0,0,1,0,2,2,0,0,0,0,2,2,0,0,1,0,0,0,2036.58428895
20221,1123000715,6,0,6,0,1,1,2,2,0,0,0,0,0,0,0,0,1,1,2,2,0,1539.3655359
20221,1123000717,107,73,34,0,19,19,22,33,14,0,13,14,15,22,9,0,6,5,7,11,5,2914.74706095
20221,1123000718,2,2,0,0,0,0,0,1,1,0,0,0,0,1,1,0,0,0,0,0,0,1772.5989134
20221,1123000719,3,2,1,0,0,0,1,0,2,0,0,0,0,0,2,0,0,0,1,0,0,1984.39986253
20221,1123000720,170,89,81,0,29,64,53,17,7,0,8,34,29,12,6,0,21,30,24,5,1,8968.58069041
20221,1123000721,5,0,5,0,2,0,2,1,0,0,0,0,0,0,0,0,2,0,2,1,0,1360.06184532
20221,1123000725,4,3,1,0,0,1,1,2,0,0,0,1,0,2,0,0,0,0,1,0,0,770.437710314
20221,1123000727,70,57,13,0,4,2,9,8,47,0,4,0,3,4,46,0,0,2,6,4,1,5519.61595065
20221,1123000728,3133,562,2571,1,433,588,566,988,557,0,97,230,171,46,18,1,336,358,395,942,539,2847.02821333
20221,1123000732,13,8,5,0,0,6,5,1,1,0,0,3,5,0,0,0,0,3,0,1,1,2573.09926262
20221,1123000733,3,1,2,0,0,0,2,0,1,0,0,0,0,0,1,0,0,0,2,0,0,5735.67251126
20221,1123000736,93,49,44,0,15,26,22,17,13,0,6,16,14,10,3,0,9,10,8,7,10,9188.41281174
20221,1123000737,4,3,1,0,1,0,1,1,1,0,1,0,1,0,1,0,0,0,0,1,0,5914.93846871
20221,1123000738,129,88,41,0,4,1,6,12,106,0,2,1,3,5,77,0,2,0,3,7,29,3820.80092312
20221,1123000739,25,10,15,0,4,3,3,13,2,0,2,0,1,6,1,0,2,3,2,7,1,8825.02822343
20221,1123000740,9,4,5,0,0,0,2,3,4,0,0,0,1,1,2,0,0,0,1,2,2,3158.56877521
20221,1123000742,1,1,0,0,0,0,0,0,1,0,0,0,0,0,1,0,0,0,0,0,0,4244.76656106
20221,1123000746,40,11,29,0,19,9,5,4,3,0,4,4,1,2,0,0,15,5,4,2,3,3797.5155461
20221,1123000747,4,1,3,0,1,0,3,0,0,0,0,0,1,0,0,0,1,0,2,0,0,4229.15002906
20221,1123000748,1,1,0,0,0,0,0,0,1,0,0,0,0,0,1,0,0,0,0,0,0,6652.09689504
20221,1123000749,116,80,36,0,29,38,20,13,16,0,19,23,14,9,15,0,10,15,6,4,1,4240.11981196
20221,1123000751,198,127,71,0,25,90,22,18,43,0,8,56,17,10,36,0,17,34,5,8,7,4006.09273558
20221,1123000753,27,10,17,1,8,5,4,3,6,0,3,1,1,3,2,1,5,4,3,0,4,3640.99294239
20221,1123000754,6,5,1,0,1,2,1,2,0,0,1,2,0,2,0,0,0,0,1,0,0,3635.66513278
20221,1123000756,282,122,160,0,65,83,57,33,44,0,12,30,19,17,44,0,53,53,38,16,0,4338.63340236
20221,1123000758,108,60,48,0,6,10,16,18,58,0,5,9,12,10,24,0,1,1,4,8,34,4095.62700985
20221,1123000759,5,1,4,0,0,1,1,1,2,0,0,1,0,0,0,0,0,0,1,1,2,2448.02260624
20221,1123000761,554,268,286,3,210,201,94,35,11,1,78,100,48,31,10,2,132,101,46,4,1,6890.23982491
20221,1123000762,15,9,6,0,1,2,5,3,4,0,0,0,3,2,4,0,1,2,2,1,0,16004.2052743
20221,1123000764,9,7,2,0,0,3,2,0,4,0,0,1,2,0,4,0,0,2,0,0,0,4110.25781179
20221,1123000766,2,2,0,0,0,0,2,0,0,0,0,0,2,0,0,0,0,0,0,0,0,1247.24874098
20221,1123000767,20,11,9,0,0,10,8,1,1,0,0,3,6,1,1,0,0,7,2,0,0,1901.15458958
20221,1123000769,9,5,4,0,0,1,2,1,5,0,0,0,0,1,4,0,0,1,2,0,1,2206.66753405
20221,1123000770,55,34,21,0,6,7,21,12,9,0,1,4,14,8,7,0,5,3,7,4,2,11464.3050017
20221,1123000772,3,2,1,0,0,0,0,0,3,0,0,0,0,0,2,0,0,0,0,0,1,4132.53707003
20221,1123000774,16,6,10,0,1,4,6,3,2,0,0,1,2,1,2,0,1,3,4,2,0,2395.23824756
20221,1123000775,1,0,1,0,0,0,0,1,0,0,0,0,0,0,0,0,0,0,0,1,0,7559.6167189
20221,1123000776,14,10,4,0,0,1,5,7,1,0,0,0,3,6,1,0,0,1,2,1,0,4645.15896643
20221,1123000777,5,2,3,0,0,0,0,1,4,0,0,0,0,0,2,0,0,0,0,1,2,4637.37759361
20221,1123000779,6,6,0,0,1,2,2,0,1,0,1,2,2,0,1,0,0,0,0,0,0,3420.31595081
20221,1123000783,10,4,6,0,0,2,4,2,2,0,0,1,0,1,2,0,0,1,4,1,0,2849.07207398
20221,1123000784,24,22,2,0,3,2,10,5,4,0,3,2,9,4,4,0,0,0,1,1,0,9942.58958689
20221,1123000785,28,25,3,0,1,5,10,10,2,0,1,3,9,10,2,0,0,2,1,0,0,3943.49847808
20221,1123000787,8,6,2,0,2,2,0,2,2,0,0,2,0,2,2,0,2,0,0,0,0,2845.04936832
20221,1123000788,16,3,13,0,0,4,6,1,5,0,0,0,0,0,3,0,0,4,6,1,2,2837.51426934
20221,1123000790,7,3,4,0,3,3,0,1,0,0,1,1,0,1,0,0,2,2,0,0,0,7394.77884981
20221,1123000791,4,2,2,0,0,0,2,0,2,0,0,0,0,0,2,0,0,0,2,0,0,6190.17818905
20221,1123000792,210,134,76,0,35,92,39,24,20,0,10,61,26,22,15,0,25,31,13,2,5,3241.68558175
20221,1123000794,4,2,2,0,0,0,1,2,1,0,0,0,0,1,1,0,0,0,1,1,0,5526.98765954
20221,1123000796,3,0,3,0,0,0,2,1,0,0,0,0,0,0,0,0,0,0,2,1,0,2548.54200245
20221,1123000797,13,9,4,0,1,5,6,0,1,0,0,5,3,0,1,0,1,0,3,0,0,8036.97057082
20221,1123000799,90,50,40,0,6,32,22,24,6,0,3,13,14,14,6,0,3,19,8,10,0,35453.1704954
20221,1123000804,2,0,2,0,0,0,0,2,0,0,0,0,0,0,0,0,0,0,0,2,0,6529.5723876
20221,1123000805,1,0,1,0,0,0,0,1,0,0,0,0,0,0,0,0,0,0,0,1,0,8770.34867432
20221,1123000806,2,2,0,0,0,0,0,1,1,0,0,0,0,1,1,0,0,0,0,0,0,3574.87789573
20221,1123000809,5,4,1,0,0,0,2,1,2,0,0,0,1,1,2,0,0,0,1,0,0,4624.25370529
20221,1123000810,4,3,1,0,0,0,0,1,3,0,0,0,0,0,3,0,0,0,0,1,0,1262.72374307
20221,1123000811,4,2,2,0,1,0,1,1,1,0,0,0,1,0,1,0,1,0,0,1,0,1581.86584045
20221,1123000812,74,55,19,0,9,15,19,20,11,0,7,12,14,13,9,0,2,3,5,7,2,3035.88478622
20221,1123000814,13,6,7,0,2,2,4,1,4,0,0,1,3,0,2,0,2,1,1,1,2,6328.78202065
20221,1123000817,2,2,0,0,0,0,0,2,0,0,0,0,0,2,0,0,0,0,0,0,0,3092.94501325
20221,1123000818,7,6,1,0,0,1,0,2,4,0,0,1,0,2,3,0,0,0,0,0,1,11921.0973824
20221,1123000821,7,3,4,0,0,0,1,3,3,0,0,0,0,1,2,0,0,0,1,2,1,6999.5667647
20221,1123000822,24,12,12,0,0,4,10,3,7,0,0,2,3,2,5,0,0,2,7,1,2,6013.87445249
20221,1123000823,8,6,2,0,0,1,3,1,3,0,0,1,1,1,3,0,0,0,2,0,0,2165.13348129
20221,1123000824,1,0,1,0,0,0,1,0,0,0,0,0,0,0,0,0,0,0,1,0,0,2499.86282906
20221,1123000826,15,7,8,0,0,0,2,7,6,0,0,0,2,2,3,0,0,0,0,5,3,4934.16602867
20221,1123000828,4,2,2,0,2,0,1,1,0,0,1,0,0,1,0,0,1,0,1,0,0,2999.95610432
20221,1123000829,9,8,1,0,1,2,1,2,3,0,1,2,1,1,3,0,0,0,0,1,0,10360.8752738
20221,1123000830,22,19,3,0,3,3,8,3,5,0,3,3,6,2,5,0,0,0,2,1,0,7393.05431544
20221,1123000831,16,9,7,0,0,4,5,2,5,0,0,3,1,2,3,0,0,1,4,0,2,2969.82232353
20221,1123000832,13,10,3,0,1,2,1,5,4,0,1,2,1,3,3,0,0,0,0,2,1,595.572774367
20221,1123000833,39,16,23,0,9,7,13,5,5,0,1,7,5,1,2,0,8,0,8,4,3,11952.4452845
20221,1123000834,8,7,1,0,0,0,2,6,0,0,0,0,1,6,0,0,0,0,1,0,0,2598.71345033
20221,1123000835,5,5,0,0,0,0,3,2,0,0,0,0,3,2,0,0,0,0,0,0,0,1111.49576141
20221,1123000836,26,17,9,0,0,5,8,10,3,0,0,3,5,7,2,0,0,2,3,3,1,2788.69944117
20221,1123000837,2,1,1,0,0,0,0,0,2,0,0,0,0,0,1,0,0,0,0,0,1,2386.50490123
20221,1123000838,12,8,4,0,1,4,1,5,1,0,0,3,1,4,0,0,1,1,0,1,1,1206.35704805
20221,1123000840,12,10,2,0,0,1,3,3,5,0,0,1,3,2,4,0,0,0,0,1,1,3559.81870719
20221,1123000841,114,96,18,0,3,16,10,13,72,0,0,7,8,10,71,0,3,9,2,3,1,17054.004377
20221,1123000842,24,23,1,0,3,4,5,8,4,0,2,4,5,8,4,0,1,0,0,0,0,2172.34562805
20221,1123000843,5,3,2,0,1,2,0,0,2,0,0,1,0,0,2,0,1,1,0,0,0,2048.99462376
20221,1123000844,42,31,11,0,5,4,13,12,8,0,4,1,10,9,7,0,1,3,3,3,1,3432.34716877
20221,1123000845,7,3,4,0,2,0,1,3,1,0,0,0,0,2,1,0,2,0,1,1,0,2260.48510389
20221,1123000846,48,17,31,0,9,11,17,6,5,0,1,5,7,2,2,0,8,6,10,4,3,2268.05573689
20221,1123000847,29,23,6,0,2,7,6,4,10,0,2,6,4,2,9,0,0,1,2,2,1,2418.13496029
20221,1123000848,32,22,10,0,2,9,11,7,3,0,0,5,10,6,1,0,2,4,1,1,2,3474.14869826
20221,1123000849,1,1,0,0,0,0,0,1,0,0,0,0,0,1,0,0,0,0,0,0,0,2202.90659378
20221,1123000850,10,6,4,0,2,3,3,2,0,0,1,2,1,2,0,0,1,1,2,0,0,3219.71305901
20221,1123000851,6,1,5,0,0,2,2,1,1,0,0,0,0,1,0,0,0,2,2,0,1,5606.01333844
20221,1123000852,4,4,0,0,0,0,2,0,2,0,0,0,2,0,2,0,0,0,0,0,0,1578.57854434
20221,1123000854,4,1,3,0,1,1,2,0,0,0,0,0,1,0,0,0,1,1,1,0,0,865.51864328
20221,1123000856,4,1,3,0,1,0,0,3,0,0,0,0,0,1,0,0,1,0,0,2,0,2204.64945203
20221,1123000857,10,0,10,0,7,1,1,1,0,0,0,0,0,0,0,0,7,1,1,1,0,3051.58675781
20221,1123000858,120,86,34,1,17,26,35,26,15,0,11,17,23,23,12,1,6,9,12,3,3,2766.90389094
20221,1123000860,107,69,38,0,17,54,13,12,11,0,7,40,9,5,8,0,10,14,4,7,3,8391.36259807
20221,1123000871,6,3,3,0,2,1,1,0,2,0,0,0,1,0,2,0,2,1,0,0,0,6143.96655999
20221,1123000873,14,10,4,0,0,3,3,5,3,0,0,2,2,4,2,0,0,1,1,1,1,3531.93565764
20221,1123000875,1446,334,1112,0,497,549,301,93,6,0,69,150,90,20,5,0,428,399,211,73,1,3194.71731579
20221,1123000877,3,2,1,0,0,1,0,1,1,0,0,1,0,0,1,0,0,0,0,1,0,2928.75373941
20221,1123000878,4,4,0,0,0,0,3,0,1,0,0,0,3,0,1,0,0,0,0,0,0,2378.11521735
20221,1123000879,28,12,16,0,4,2,8,12,2,0,3,2,4,2,1,0,1,0,4,10,1,3399.64835843
20221,1123000880,8,1,7,0,0,2,4,0,2,0,0,0,0,0,1,0,0,2,4,0,1,3422.0005008
20221,1123000882,2,0,2,0,1,0,0,1,0,0,0,0,0,0,0,0,1,0,0,1,0,3512.74773724
20221,1123000883,8,6,2,0,0,1,2,2,3,0,0,1,2,2,1,0,0,0,0,0,2,2125.16655741
20221,1123000887,48,28,20,0,9,15,11,5,8,0,3,8,7,3,7,0,6,7,4,2,1,8606.23512171
20221,1123000889,2,1,1,0,0,0,1,0,1,0,0,0,0,0,1,0,0,0,1,0,0,2234.79247841
20221,1123000892,6,4,2,0,0,0,2,1,3,0,0,0,0,1,3,0,0,0,2,0,0,1482.01424451
20221,1123000896,4,2,2,0,0,0,2,1,1,0,0,0,1,0,1,0,0,0,1,1,0,3852.66229586
20221,1123000899,4,4,0,0,1,1,1,1,0,0,1,1,1,1,0,0,0,0,0,0,0,1424.06439015
20221,1123000900,9,2,7,0,0,3,4,1,1,0,0,1,0,0,1,0,0,2,4,1,0,8449.230904
20221,1123000903,4,2,2,0,0,0,0,2,2,0,0,0,0,1,1,0,0,0,0,1,1,4101.30733984
20221,1123000911,5,3,2,0,1,0,2,1,1,0,0,0,1,1,1,0,1,0,1,0,0,2662.73336807
20221,1123000916,16,13,3,0,5,3,6,1,1,0,3,3,5,1,1,0,2,0,1,0,0,926.997156386
20221,1123000920,37,23,14,0,2,8,19,7,1,0,2,6,11,3,1,0,0,2,8,4,0,1086.18995356
20221,1123000922,4,1,3,0,1,0,1,1,1,0,0,0,1,0,0,0,1,0,0,1,1,2397.62565878
20221,1123000924,7,2,5,0,0,3,2,2,0,0,0,0,0,2,0,0,0,3,2,0,0,3349.21343777
20221,1123000925,64,33,31,0,11,17,13,21,2,0,4,11,9,8,1,0,7,6,4,13,1,3732.67537
20221,1123000933,22,9,13,0,10,1,3,6,2,0,2,0,1,5,1,0,8,1,2,1,1,2075.67256411
20221,1123000934,12,8,4,0,1,1,5,2,3,0,0,0,4,2,2,0,1,1,1,0,1,5033.75205013
20221,1123000935,4,3,1,0,2,0,0,2,0,0,1,0,0,2,0,0,1,0,0,0,0,5658.86112854
20221,1123000938,21,7,14,0,4,5,7,5,0,0,0,1,3,3,0,0,4,4,4,2,0,1822.39100718
20221,1123000940,2,2,0,0,0,0,1,1,0,0,0,0,1,1,0,0,0,0,0,0,0,3083.36377762
20221,1123000942,47,43,4,0,1,7,19,15,5,0,1,5,18,15,4,0,0,2,1,0,1,2469.10378439
20221,1123000944,6,3,3,0,0,1,3,1,1,0,0,1,0,1,1,0,0,0,3,0,0,2541.94115157
20221,1123000949,18,10,8,0,3,10,2,1,2,0,1,4,2,1,2,0,2,6,0,0,0,1253.45301219
20221,1123000954,11,1,10,0,2,0,5,4,0,0,0,0,1,0,0,0,2,0,4,4,0,4708.06271298
20221,1123000957,8,7,1,0,0,0,1,4,3,0,0,0,1,3,3,0,0,0,0,1,0,2804.75312681
20221,1123000958,35,24,11,0,1,7,10,9,8,0,1,3,6,7,7,0,0,4,4,2,1,6868.69509997
20221,1123000960,3,3,0,0,0,0,2,1,0,0,0,0,2,1,0,0,0,0,0,0,0,1899.39653633
20221,1123000961,13,5,8,0,3,4,2,3,1,0,1,0,1,2,1,0,2,4,1,1,0,9874.45124892
20221,1123000969,50,22,28,1,0,5,25,16,3,1,0,3,8,7,3,0,0,2,17,9,0,3966.53727376
20221,1123000974,3,2,1,0,0,0,1,2,0,0,0,0,1,1,0,0,0,0,0,1,0,1212.71752248
20221,1123000975,2,2,0,0,0,0,2,0,0,0,0,0,2,0,0,0,0,0,0,0,0,4277.10327787
20221,1123000978,3,3,0,0,0,1,0,1,1,0,0,1,0,1,1,0,0,0,0,0,0,1836.00903797
20221,1123000979,3,1,2,0,0,0,0,2,1,0,0,0,0,1,0,0,0,0,0,1,1,9758.30407219
20221,1123000980,1,1,0,0,0,0,0,1,0,0,0,0,0,1,0,0,0,0,0,0,0,1117.58018808
20221,1123000983,7,3,4,0,2,2,1,1,1,0,2,1,0,0,0,0,0,1,1,1,1,2366.24545472
20221,1123000984,2,2,0,0,0,0,1,1,0,0,0,0,1,1,0,0,0,0,0,0,0,3077.86066463
20221,1123000990,2,1,1,0,0,0,0,0,2,0,0,0,0,0,1,0,0,0,0,0,1,1305.98708829
20221,1123000995,15,2,13,0,8,1,5,0,1,0,0,0,1,0,1,0,8,1,4,0,0,3073.87166788
20221,1123000999,4,4,0,0,0,1,0,1,2,0,0,1,0,1,2,0,0,0,0,0,0,4074.72198537
20221,1123001000,1,1,0,0,0,0,0,0,1,0,0,0,0,0,1,0,0,0,0,0,0,2394.42581509
20221,1123001002,5,1,4,0,0,0,2,1,2,0,0,0,1,0,0,0,0,0,1,1,2,4405.99332393
20221,1123001005,30,15,15,0,4,5,14,5,2,0,0,3,7,5,0,0,4,2,7,0,2,6633.87725523
20221,1123001006,4,3,1,0,0,1,0,1,2,0,0,1,0,0,2,0,0,0,0,1,0,830.165903969
20221,1123001008,8,7,1,0,0,0,0,5,3,0,0,0,0,4,3,0,0,0,0,1,0,4966.72047992
20221,1123001009,2,2,0,0,2,0,0,0,0,0,2,0,0,0,0,0,0,0,0,0,0,3491.88435607
20221,1123001010,4,2,2,0,0,2,0,2,0,0,0,1,0,1,0,0,0,1,0,1,0,2510.94937435
20221,1123001012,4,2,2,0,0,0,0,3,1,0,0,0,0,1,1,0,0,0,0,2,0,654.762584036
20221,1123001013,2,2,0,0,1,0,1,0,0,0,1,0,1,0,0,0,0,0,0,0,0,2311.56558557
20221,1123001015,17,6,11,0,6,8,1,1,1,0,2,2,0,1,1,0,4,6,1,0,0,1381.14508248
20221,1123001020,4,4,0,0,0,3,1,0,0,0,0,3,1,0,0,0,0,0,0,0,0,3282.08490934
20221,1123001021,7,4,3,0,0,2,3,1,1,0,0,2,2,0,0,0,0,0,1,1,1,2792.34741787
20221,1123001022,702,498,204,0,5,92,243,248,114,0,3,42,152,202,99,0,2,50,91,46,15,75357.7962421
20221,1123001024,2,2,0,0,0,1,1,0,0,0,0,1,1,0,0,0,0,0,0,0,0,1737.81831967
20221,1123001030,3,1,2,0,2,1,0,0,0,0,0,1,0,0,0,0,2,0,0,0,0,2631.50546448
20221,1123001031,15,7,8,0,6,3,6,0,0,0,3,2,2,0,0,0,3,1,4,0,0,2513.51861358
20221,1123001034,3,1,2,0,0,1,1,1,0,0,0,0,0,1,0,0,0,1,1,0,0,2937.58974716
20221,1123001035,6,1,5,0,1,0,3,1,1,0,0,0,1,0,0,0,1,0,2,1,1,2582.97069588
20221,1123001036,14,7,7,0,4,3,3,4,0,0,1,1,2,3,0,0,3,2,1,1,0,86181.752073
20221,1123001038,3,2,1,0,0,1,1,0,1,0,0,1,0,0,1,0,0,0,1,0,0,702.517798597
20221,1123001039,13,9,4,0,1,1,2,3,6,0,0,0,2,2,5,0,1,1,0,1,1,26947.7282141
20221,1123001040,5,3,2,0,0,1,1,3,0,0,0,0,0,3,0,0,0,1,1,0,0,2564.67134806
20221,1123001041,14,5,9,0,0,1,7,6,0,0,0,1,3,1,0,0,0,0,4,5,0,3891.79118463
20221,1123001043,14,8,6,0,0,3,5,3,3,0,0,2,4,1,1,0,0,1,1,2,2,2174.7425155
20221,1123001047,2,1,1,0,0,0,0,2,0,0,0,0,0,1,0,0,0,0,0,1,0,5773.03312329
20221,1123001048,19,13,6,0,1,1,10,4,3,0,0,1,7,3,2,0,1,0,3,1,1,5667.90612722
20221,1123001049,4,3,1,0,0,2,1,1,0,0,0,1,1,1,0,0,0,1,0,0,0,2908.9263683
20221,1123001051,128,40,88,0,7,10,27,30,54,0,0,4,13,5,18,0,7,6,14,25,36,12705.1673298
20221,1123001052,4,1,3,0,0,1,0,2,1,0,0,0,0,0,1,0,0,1,0,2,0,2913.25226694
20221,1123001057,11,5,6,0,1,2,3,3,2,0,0,1,2,1,1,0,1,1,1,2,1,3302.94712939
20221,1123001063,7,4,3,0,1,1,2,2,1,0,0,0,1,2,1,0,1,1,1,0,0,1036.60154414
20221,1123001070,7,6,1,0,4,0,1,2,0,0,3,0,1,2,0,0,1,0,0,0,0,5731.46337646
20221,1123001071,25,10,15,0,6,5,6,6,2,0,0,3,2,4,1,0,6,2,4,2,1,3146.20831367
20221,1123001077,4,2,2,0,0,1,1,1,1,0,0,0,1,1,0,0,0,1,0,0,1,1921.47218633
20221,1123001078,35,18,17,0,3,6,7,13,6,0,1,3,2,8,4,0,2,3,5,5,2,6464.12246345
20221,1123001082,4,4,0,0,0,0,2,1,1,0,0,0,2,1,1,0,0,0,0,0,0,1952.94323736
20221,1123001085,238,127,111,0,35,53,83,51,16,0,11,26,55,25,10,0,24,27,28,26,6,5762.89541679
20221,1123001088,3,3,0,0,0,0,0,0,3,0,0,0,0,0,3,0,0,0,0,0,0,8042.30153718
20221,1123001089,3,1,2,0,0,0,1,1,1,0,0,0,0,0,1,0,0,0,1,1,0,9030.19472157
20221,1123001091,2,1,1,0,0,0,0,1,1,0,0,0,0,0,1,0,0,0,0,1,0,2168.0241135
20221,1123001093,2,1,1,0,0,1,1,0,0,0,0,0,1,0,0,0,0,1,0,0,0,3166.72280181
20221,1123001102,4,3,1,0,1,0,0,2,1,0,1,0,0,1,1,0,0,0,0,1,0,2096.36169548
20221,1123001103,3,1,2,0,0,1,2,0,0,0,0,0,1,0,0,0,0,1,1,0,0,5580.69721502
20221,1123001115,72,36,36,1,28,11,15,4,13,1,14,6,8,2,5,0,14,5,7,2,8,38244.3507977
20221,1123001117,7,5,2,0,2,3,2,0,0,0,1,3,1,0,0,0,1,0,1,0,0,1137.74013892
20221,1123001118,4,3,1,0,1,0,0,3,0,0,0,0,0,3,0,0,1,0,0,0,0,1306.08891639
20221,1123001119,5,2,3,0,1,0,0,1,3,0,0,0,0,0,2,0,1,0,0,1,1,1619.08847219
20221,1123001121,2,2,0,0,0,0,0,0,2,0,0,0,0,0,2,0,0,0,0,0,0,1470.25396391
20221,1123001123,3,1,2,0,1,1,1,0,0,0,0,0,1,0,0,0,1,1,0,0,0,5027.21683106
20221,1123001125,219,69,150,0,41,56,60,47,15,0,8,15,14,20,12,0,33,41,46,27,3,4184.06575642
20221,1123001126,9,7,2,0,0,1,4,3,1,0,0,1,3,2,1,0,0,0,1,1,0,3173.32707008
20221,1123001131,7,3,4,0,0,3,1,2,1,0,0,1,1,1,0,0,0,2,0,1,1,5769.86987865
20221,1123001136,5,5,0,0,0,3,2,0,0,0,0,3,2,0,0,0,0,0,0,0,0,1115.19650562
20221,1123001138,4,4,0,0,0,1,3,0,0,0,0,1,3,0,0,0,0,0,0,0,0,995.522197245
20221,1123001140,2,1,1,0,0,1,0,1,0,0,0,0,0,1,0,0,0,1,0,0,0,2198.20008866
20221,1123001141,10,5,5,0,0,2,2,3,3,0,0,0,1,1,3,0,0,2,1,2,0,2710.43756067
20221,1123001147,4,3,1,0,0,1,0,2,1,0,0,1,0,1,1,0,0,0,0,1,0,2089.71271821
20221,1123001154,58,48,10,0,2,7,13,28,8,0,1,6,9,25,7,0,1,1,4,3,1,3163.5209142
20221,1123001159,9,5,4,0,0,5,1,2,1,0,0,1,1,2,1,0,0,4,0,0,0,615.770390618
20221,1123001164,1,1,0,0,0,0,0,0,1,0,0,0,0,0,1,0,0,0,0,0,0,845.324753447
20221,1123001169,5,4,1,0,1,1,2,1,0,0,0,1,2,1,0,0,1,0,0,0,0,1885.21017967
20221,1123001178,7,6,1,0,1,4,1,0,1,0,1,4,0,0,1,0,0,0,1,0,0,948.704945047
20221,1123001184,6,2,4,0,0,0,1,5,0,0,0,0,0,2,0,0,0,0,1,3,0,1621.91633535
20221,1123001188,3,3,0,0,0,0,0,3,0,0,0,0,0,3,0,0,0,0,0,0,0,4681.36199995
20221,1123001192,6,3,3,0,0,0,1,5,0,0,0,0,0,3,0,0,0,0,1,2,0,1363.00514833
20221,1123001196,6,2,4,0,0,1,0,1,4,0,0,0,0,1,1,0,0,1,0,0,3,2983.07530735
20221,1123001203,3,1,2,0,0,0,1,2,0,0,0,0,1,0,0,0,0,0,0,2,0,3334.59171495
20221,1123001204,25,9,16,0,3,3,8,8,3,0,1,1,1,4,2,0,2,2,7,4,1,5537.27314008
20221,1123001212,912,386,526,2,141,195,202,221,151,1,48,91,84,77,85,1,93,104,118,144,66,3424.08233721
20221,1123001225,4,3,1,0,0,0,3,0,1,0,0,0,3,0,0,0,0,0,0,0,1,1620.38956919
20221,1123001227,1,1,0,0,0,0,1,0,0,0,0,0,1,0,0,0,0,0,0,0,0,2568.4614047
20221,1123001229,9,7,2,0,0,1,2,4,2,0,0,1,2,2,2,0,0,0,0,2,0,2638.75401326
20221,1123001230,11,9,2,0,1,2,5,3,0,0,1,2,4,2,0,0,0,0,1,1,0,2574.61545223
20221,1123001232,2,2,0,0,0,1,0,0,1,0,0,1,0,0,1,0,0,0,0,0,0,4104.49026507
20221,1123001233,124,88,36,0,13,23,29,20,39,0,6,16,17,13,36,0,7,7,12,7,3,4361.97528672
20221,1123001234,4,0,4,0,0,1,2,1,0,0,0,0,0,0,0,0,0,1,2,1,0,2265.87993922
20221,1123001243,7,7,0,0,0,0,2,4,1,0,0,0,2,4,1,0,0,0,0,0,0,412.873694887
20221,1123001247,3,2,1,0,0,0,3,0,0,0,0,0,2,0,0,0,0,0,1,0,0,2593.29276002
20221,1123001251,1,1,0,0,0,0,0,1,0,0,0,0,0,1,0,0,0,0,0,0,0,1806.93515137
20221,1123001252,4,3,1,0,1,0,0,2,1,0,1,0,0,1,1,0,0,0,0,1,0,3972.39225777
20221,1123001262,3,1,2,0,0,0,1,2,0,0,0,0,1,0,0,0,0,0,0,2,0,1388.2020094
20221,1123001265,21,2,19,0,2,5,6,6,2,0,0,0,1,0,1,0,2,5,5,6,1,2131.82584228
20221,1123001266,99,19,80,0,11,27,27,24,10,0,0,3,7,2,7,0,11,24,20,22,3,17231.4819426
20221,1123001269,2,1,1,0,0,0,1,1,0,0,0,0,0,1,0,0,0,0,1,0,0,1705.87460823
20221,1123001271,12,7,5,0,0,3,4,3,2,0,0,2,1,2,2,0,0,1,3,1,0,3031.587709
20221,1123001272,30,18,12,0,5,5,9,9,2,0,5,2,3,6,2,0,0,3,6,3,0,3015.47768558
20221,1123001273,8,5,3,0,1,1,3,3,0,0,0,1,2,2,0,0,1,0,1,1,0,9357.04827425
20221,1123001280,4,2,2,0,0,0,1,2,1,0,0,0,0,2,0,0,0,0,1,0,1,3600.74066953
20221,1123001282,4,0,4,0,1,0,0,3,0,0,0,0,0,0,0,0,1,0,0,3,0,1476.08055255
20221,1123001284,5,1,4,0,3,0,0,2,0,0,0,0,0,1,0,0,3,0,0,1,0,4095.01648466
20221,1123001285,3,1,2,0,1,0,1,1,0,0,0,0,0,1,0,0,1,0,1,0,0,1094.09394927
20221,1123001286,7,2,5,0,0,1,6,0,0,0,0,0,2,0,0,0,0,1,4,0,0,2682.5819701
20221,1123001292,4,2,2,0,2,0,1,0,1,0,2,0,0,0,0,0,0,0,1,0,1,1340.74481648
20221,1123001295,7,4,3,0,0,0,1,4,2,0,0,0,1,1,2,0,0,0,0,3,0,3050.30695554
20221,1123001298,3,0,3,0,1,0,0,2,0,0,0,0,0,0,0,0,1,0,0,2,0,1490.37942704
20221,1123001299,160,94,66,0,20,53,32,39,16,0,5,20,23,34,12,0,15,33,9,5,4,3095.68658882
20221,1123001301,51,43,8,0,2,30,18,1,0,0,2,27,13,1,0,0,0,3,5,0,0,5649.15500544
20221,1123001306,33,11,22,0,7,9,9,4,4,0,1,5,2,1,2,0,6,4,7,3,2,6314.75504802
20221,1123001309,14,11,3,0,2,7,0,3,2,0,1,6,0,2,2,0,1,1,0,1,0,3176.70006711
20221,1123001317,5,4,1,0,0,0,0,1,4,0,0,0,0,1,3,0,0,0,0,0,1,7574.59307796
20221,1123001319,8,7,1,0,2,2,2,2,0,0,2,2,1,2,0,0,0,0,1,0,0,4983.2483172
20221,1123001326,399,226,173,0,43,89,100,103,64,0,17,41,45,74,49,0,26,48,55,29,15,5658.17166803
20221,1123001329,7,2,5,0,3,2,0,2,0,0,0,0,0,2,0,0,3,2,0,0,0,5200.27360612
20221,1123001330,134,129,5,0,1,1,11,56,65,0,0,1,10,53,65,0,1,0,1,3,0,4968.44184638
20221,1123001331,9,8,1,0,0,0,1,2,6,0,0,0,1,2,5,0,0,0,0,0,1,6572.33371418
20221,1123001333,25,23,2,0,0,2,0,2,21,0,0,1,0,1,21,0,0,1,0,1,0,142300.960354
20221,1123001335,71,48,23,0,9,15,19,14,14,0,5,10,13,11,9,0,4,5,6,3,5,14580.2287956
20221,1123001336,163,85,78,0,18,70,44,14,17,0,6,36,24,8,11,0,12,34,20,6,6,13518.2484709
20221,1123001338,72,42,30,1,8,15,13,17,18,1,4,5,7,10,15,0,4,10,6,7,3,14034.7598661
20221,1123001339,20,15,5,0,3,2,6,7,2,0,2,2,4,5,2,0,1,0,2,2,0,3086.2119734
20221,1123001341,135,72,63,3,11,26,38,38,19,3,7,14,20,15,13,0,4,12,18,23,6,14753.5555328
20221,1123001342,84,66,18,0,10,20,27,17,10,0,7,16,22,12,9,0,3,4,5,5,1,4890.27737582
20221,1123001344,111,107,4,0,0,5,17,32,57,0,0,4,15,31,57,0,0,1,2,1,0,10344.9087969
20221,1123001346,153,99,54,0,27,37,40,28,21,0,13,24,24,18,20,0,14,13,16,10,1,14228.9395352
20221,1123001348,18,7,11,0,5,5,3,4,1,0,1,1,2,2,1,0,4,4,1,2,0,1516.73077499
20221,1123001349,40,27,13,0,5,3,9,13,10,0,1,3,6,8,9,0,4,0,3,5,1,6100.05561612
20221,1123001350,524,310,214,0,51,45,36,91,301,0,44,40,32,48,146,0,7,5,4,43,155,7800.16063219
20221,1123001351,139,75,64,0,19,39,31,33,17,0,2,18,19,24,12,0,17,21,12,9,5,13334.0678012
20221,1123001352,48,35,13,0,11,8,11,10,8,0,8,5,8,7,7,0,3,3,3,3,1,5923.45945574
20221,1123001353,438,296,142,2,9,11,28,37,351,0,2,3,15,16,260,2,7,8,13,21,91,7192.62815346
20221,1123001354,12,8,4,0,1,1,3,6,1,0,1,1,1,4,1,0,0,0,2,2,0,1388.96975073
20221,1123001355,8,4,4,0,0,2,2,3,1,0,0,0,1,3,0,0,0,2,1,0,1,2977.99793061
20221,1123001356,69,64,5,0,1,3,8,14,43,0,1,2,6,13,42,0,0,1,2,1,1,3433.71335463
20221,1123001357,10,6,4,0,2,0,3,3,2,0,1,0,2,2,1,0,1,0,1,1,1,5898.85922386
20221,1123001358,52,33,19,0,10,12,18,9,3,0,5,7,12,7,2,0,5,5,6,2,1,8534.43284344
20221,1123001359,10,5,5,0,0,5,4,1,0,0,0,3,2,0,0,0,0,2,2,1,0,3743.21790007
20221,1123001360,4,2,2,0,2,0,0,2,0,0,1,0,0,1,0,0,1,0,0,1,0,1355.34837445
20221,1123001362,56,35,21,0,6,7,8,20,15,0,1,3,4,16,11,0,5,4,4,4,4,6518.33570488
20221,1123001365,516,416,100,0,145,141,122,55,53,0,119,123,94,35,45,0,26,18,28,20,8,14057.3660987
20221,1123001366,4,1,3,0,0,1,0,1,2,0,0,0,0,0,1,0,0,1,0,1,1,343.514960473
20221,1123001367,58,44,14,0,3,6,16,8,25,0,2,3,7,8,24,0,1,3,9,0,1,7875.80489619
20221,1123001368,38,18,20,0,3,5,10,15,5,0,0,2,5,10,1,0,3,3,5,5,4,7981.48969243
20221,1123001371,9,8,1,0,0,0,5,2,2,0,0,0,5,2,1,0,0,0,0,0,1,3789.31894149
20221,1123001372,83,45,38,0,10,26,26,15,6,0,7,10,16,11,1,0,3,16,10,4,5,7544.30183205
20221,1123001373,2,2,0,0,0,0,0,1,1,0,0,0,0,1,1,0,0,0,0,0,0,267.986559413
20221,1123001374,25,17,8,0,5,5,3,6,6,0,3,4,2,4,4,0,2,1,1,2,2,3448.47641737
20221,1123001375,416,298,118,6,31,74,106,78,121,5,11,44,71,62,105,1,20,30,35,16,16,14113.5126472
20221,1123001376,10,6,4,0,0,0,1,4,5,0,0,0,0,2,4,0,0,0,1,2,1,5273.24260925
20221,1123001377,6,6,0,0,0,2,0,1,3,0,0,2,0,1,3,0,0,0,0,0,0,2621.53512107
20221,1123001379,10,6,4,0,0,2,2,4,2,0,0,0,1,3,2,0,0,2,1,1,0,5566.7657525
20221,1123001381,18,14,4,0,0,1,8,4,5,0,0,1,6,3,4,0,0,0,2,1,1,4734.4584569
20221,1123001384,13,3,10,0,6,3,2,1,1,0,0,1,2,0,0,0,6,2,0,1,1,5199.24676573
20221,1123001385,139,75,64,0,14,30,44,33,18,0,4,15,25,18,13,0,10,15,19,15,5,8042.37328887
20221,1123001386,18,11,7,0,1,2,8,4,3,0,1,2,4,2,2,0,0,0,4,2,1,2931.89741529
20221,1123001388,25,13,12,0,3,2,4,15,1,0,2,1,0,9,1,0,1,1,4,6,0,6419.41771923
20221,1123001389,15,10,5,0,0,3,3,5,4,0,0,1,2,3,4,0,0,2,1,2,0,5354.60233294
20221,1123001391,271,249,22,0,22,94,72,80,3,0,18,87,67,76,1,0,4,7,5,4,2,5470.59872095
20221,1123001392,38,9,29,0,17,5,4,8,4,0,0,3,1,3,2,0,17,2,3,5,2,6654.32879763
20221,1123001393,44,32,12,0,12,6,11,8,7,0,9,4,8,5,6,0,3,2,3,3,1,6374.30314091
20221,1123001397,24,14,10,0,5,5,5,8,1,0,5,2,4,2,1,0,0,3,1,6,0,6525.81560154
20221,1123001398,7,3,4,0,1,3,0,2,1,0,0,2,0,0,1,0,1,1,0,2,0,4536.20935954
20221,1123001399,10,4,6,0,0,1,4,5,0,0,0,0,1,3,0,0,0,1,3,2,0,6474.82609417
20221,1123001400,6,5,1,0,0,1,1,2,2,0,0,1,0,2,2,0,0,0,1,0,0,11320.3183701
20221,1123001401,27,5,22,0,2,5,7,7,6,0,0,0,0,0,5,0,2,5,7,7,1,15122.9864546
20221,1123001402,3,2,1,0,0,1,1,0,1,0,0,1,0,0,1,0,0,0,1,0,0,3221.89739034
20221,1123001403,38,23,15,0,2,8,11,7,10,0,1,3,8,3,8,0,1,5,3,4,2,4867.70086789
20221,1123001404,18,16,2,0,2,5,5,5,1,0,2,5,5,3,1,0,0,0,0,2,0,1810.52620531
20221,1123001405,72,35,37,0,23,14,16,12,7,0,9,10,6,6,4,0,14,4,10,6,3,5917.4011449
20221,1123001406,10,9,1,0,0,0,1,7,2,0,0,0,1,6,2,0,0,0,0,1,0,6501.7530575
20221,1123001407,16,13,3,0,1,4,7,3,1,0,0,3,7,2,1,0,1,1,0,1,0,6368.72709123
20221,1123001408,25,12,13,0,6,5,7,4,3,0,2,2,3,2,3,0,4,3,4,2,0,1000.0890138
20221,1123001409,2,2,0,0,0,0,1,0,1,0,0,0,1,0,1,0,0,0,0,0,0,1020.5928757
20221,1123001411,7,7,0,0,1,0,1,1,4,0,1,0,1,1,4,0,0,0,0,0,0,2523.75545318
20221,1123001413,100,75,25,0,6,33,28,15,18,0,1,26,23,11,14,0,5,7,5,4,4,11519.4560242
20221,1123001414,2,2,0,0,0,0,0,0,2,0,0,0,0,0,2,0,0,0,0,0,0,1137.48089262
20221,1123001416,5,2,3,0,0,1,2,1,1,0,0,0,1,0,1,0,0,1,1,1,0,3778.67687162
20221,1123001417,181,143,38,1,56,42,37,31,14,0,43,32,32,26,10,1,13,10,5,5,4,7514.87708392
20221,1123001419,10,8,2,0,0,1,0,5,4,0,0,0,0,5,3,0,0,1,0,0,1,9775.13424425
20221,1123001421,14,4,10,0,3,3,2,5,1,0,1,1,1,0,1,0,2,2,1,5,0,6014.44502704
20221,1123001422,2,2,0,0,0,0,2,0,0,0,0,0,2,0,0,0,0,0,0,0,0,1880.3633536
20221,1123001424,101,99,2,0,1,0,8,42,50,0,1,0,8,40,50,0,0,0,0,2,0,4932.16320077
20221,1123001425,147,79,68,0,31,51,22,21,22,0,12,28,12,12,15,0,19,23,10,9,7,13280.7704614
20221,1123001426,13,10,3,0,0,3,5,4,1,0,0,3,4,2,1,0,0,0,1,2,0,5658.04577768
20221,1123001427,21,9,12,0,3,6,3,3,6,0,0,3,0,1,5,0,3,3,3,2,1,3280.33657303
20221,1123001429,15,11,4,0,0,6,3,3,3,0,0,4,2,2,3,0,0,2,1,1,0,5682.75460762
20221,1123001431,3,2,1,0,0,0,1,1,1,0,0,0,1,1,0,0,0,0,0,0,1,1921.24713238
20221,1123001433,5,5,0,0,0,1,2,2,0,0,0,1,2,2,0,0,0,0,0,0,0,5496.50228721
20221,1123001434,68,43,25,0,11,21,14,11,11,0,3,13,9,8,10,0,8,8,5,3,1,5145.44003317
20221,1123001437,8,6,2,0,1,0,1,2,4,0,0,0,1,2,3,0,1,0,0,0,1,2326.9723399
20221,1123001440,20,14,6,0,0,3,5,7,5,0,0,1,4,6,3,0,0,2,1,1,2,7213.35894654
20221,1123001441,3,1,2,0,0,1,0,1,1,0,0,0,0,0,1,0,0,1,0,1,0,1457.86495565
20221,1123001442,38,17,21,0,1,4,3,22,8,0,0,1,2,11,3,0,1,3,1,11,5,4977.86546705
20221,1123001443,24,6,18,0,2,7,7,3,5,0,0,1,1,1,3,0,2,6,6,2,2,4730.21808241
20221,1123001444,96,13,83,0,7,19,34,30,6,0,1,3,2,2,5,0,6,16,32,28,1,13746.4756124
20221,1123001445,5,4,1,0,0,0,2,3,0,0,0,0,2,2,0,0,0,0,0,1,0,2480.22846466
20221,1123001448,3,2,1,0,0,1,0,0,2,0,0,0,0,0,2,0,0,1,0,0,0,4354.47016014
20221,1123001450,4,4,0,0,0,2,0,2,0,0,0,2,0,2,0,0,0,0,0,0,0,3045.99398529
20221,1123001451,2,1,1,0,0,1,0,0,1,0,0,1,0,0,0,0,0,0,0,0,1,4503.51955396
20221,1123001452,103,52,51,0,22,31,23,16,11,0,9,14,12,7,10,0,13,17,11,9,1,5180.56802312
20221,1123001453,11,10,1,0,2,2,3,3,1,0,2,1,3,3,1,0,0,1,0,0,0,2969.74191804
20221,1123001454,2,2,0,0,0,1,0,1,0,0,0,1,0,1,0,0,0,0,0,0,0,1674.43272639
20221,1123001455,24,12,12,0,2,1,7,9,5,0,2,1,3,5,1,0,0,0,4,4,4,6837.64911032
20221,1123001456,164,148,16,0,26,35,45,37,21,0,19,31,44,34,20,0,7,4,1,3,1,5126.12306402
20221,1123001459,3,3,0,0,0,0,1,1,1,0,0,0,1,1,1,0,0,0,0,0,0,2630.20227803
20221,1123001460,9,6,3,0,0,1,7,0,1,0,0,1,4,0,1,0,0,0,3,0,0,1541.02592783
20221,1123001462,122,65,57,0,9,20,35,36,22,0,6,10,17,20,12,0,3,10,18,16,10,3894.32687889
20221,1123001464,5,4,1,0,2,0,1,1,1,0,2,0,1,1,0,0,0,0,0,0,1,8432.94970331
20221,1123001465,46,11,35,0,9,14,8,13,2,0,2,3,1,4,1,0,7,11,7,9,1,18246.4413529
20221,1123001467,21,9,12,0,0,0,4,10,7,0,0,0,2,5,2,0,0,0,2,5,5,4736.76092528
20221,1123001473,126,91,35,0,21,31,31,26,17,0,16,18,22,20,15,0,5,13,9,6,2,2709.17188854
20221,1123001474,59,30,29,0,3,12,28,10,6,0,3,9,14,1,3,0,0,3,14,9,3,8476.88203593
20221,1123001476,5,4,1,0,1,1,1,1,1,0,1,0,1,1,1,0,0,1,0,0,0,7063.28036857
20221,1123001477,13,9,4,0,2,1,4,4,2,0,1,0,4,2,2,0,1,1,0,2,0,6953.99217491
20221,1123001479,10,9,1,0,0,1,5,3,1,0,0,0,5,3,1,0,0,1,0,0,0,6990.62090556
20221,1123001480,23,11,12,0,0,3,4,11,5,0,0,1,2,6,2,0,0,2,2,5,3,7085.04358612
20221,1123001481,57,35,22,0,6,17,15,13,6,0,1,13,10,8,3,0,5,4,5,5,3,8895.96901651
20221,1123001482,60,33,27,0,5,11,14,23,7,0,3,8,6,10,6,0,2,3,8,13,1,6110.90501105
20221,1123001483,27,12,15,0,3,5,9,10,0,0,2,4,2,4,0,0,1,1,7,6,0,6160.22952037
20221,1123001484,47,31,16,2,10,14,10,9,2,2,7,5,7,8,2,0,3,9,3,1,0,3076.36896317
20221,1123001486,7,3,4,0,0,0,2,2,3,0,0,0,0,1,2,0,0,0,2,1,1,5359.76878647
20221,1123001487,11,10,1,0,1,1,3,3,3,0,1,1,2,3,3,0,0,0,1,0,0,3386.07192793
20221,1123001488,7,4,3,0,0,1,6,0,0,0,0,0,4,0,0,0,0,1,2,0,0,3019.7420794
20221,1123001489,15,11,4,0,4,5,4,1,1,0,3,3,3,1,1,0,1,2,1,0,0,3187.30133804
20221,1123001491,16,6,10,0,3,5,3,4,1,0,0,2,1,2,1,0,3,3,2,2,0,25154.3285933
20221,1123001493,2,2,0,0,1,0,0,1,0,0,1,0,0,1,0,0,0,0,0,0,0,3174.20676325
20221,1123001494,92,25,67,0,13,15,16,22,26,0,4,9,6,2,4,0,9,6,10,20,22,7379.14624136
20221,1123001497,6,6,0,0,0,0,3,2,1,0,0,0,3,2,1,0,0,0,0,0,0,2817.87552365
20221,1123001498,16,1,15,0,5,3,2,4,2,0,0,0,0,0,1,0,5,3,2,4,1,1808.47977986
20221,1123001499,6,4,2,0,2,1,1,2,0,0,2,1,0,1,0,0,0,0,1,1,0,1821.86097926
20221,1123001501,16,9,7,0,0,6,2,8,0,0,0,4,1,4,0,0,0,2,1,4,0,1697.95252412
20221,1123001505,8,4,4,0,0,4,1,2,1,0,0,2,1,1,0,0,0,2,0,1,1,7638.06405978
20221,1123001509,110,75,35,0,7,25,30,30,18,0,6,17,21,17,14,0,1,8,9,13,4,10862.3147481
20221,1123001514,724,301,423,0,14,16,59,178,457,0,11,9,33,67,181,0,3,7,26,111,276,3651.64655198
20221,1123001516,22,2,20,0,5,7,3,3,4,0,0,0,0,0,2,0,5,7,3,3,2,7303.2756489
20221,1123001518,41,21,20,0,8,7,4,17,5,0,5,3,2,7,4,0,3,4,2,10,1,6825.94748015
20221,1123001520,19,15,4,0,6,3,7,2,1,0,3,3,6,2,1,0,3,0,1,0,0,2442.67438422
20221,1123001526,13,9,4,0,0,2,7,3,1,0,0,1,5,2,1,0,0,1,2,1,0,3198.73780029
20221,1123001530,23,11,12,0,4,6,7,3,3,0,2,0,5,1,3,0,2,6,2,2,0,7635.80977453
20221,1123001534,44,25,19,1,8,11,16,5,3,1,3,6,11,4,0,0,5,5,5,1,3,9796.04396006
20221,1123001536,7,6,1,0,0,1,3,0,3,0,0,1,2,0,3,0,0,0,1,0,0,6330.7126506
20221,1123001537,3,3,0,0,0,2,0,1,0,0,0,2,0,1,0,0,0,0,0,0,0,770.712491337
20221,1123001540,5,3,2,0,0,1,0,2,2,0,0,0,0,1,2,0,0,1,0,1,0,365.90759133
20221,1123001541,27,13,14,0,1,4,6,7,9,0,0,2,3,3,5,0,1,2,3,4,4,2661.1772161
20221,1123001542,12,9,3,0,0,1,4,5,2,0,0,0,3,4,2,0,0,1,1,1,0,2955.87505828
20221,1123001543,3,3,0,0,0,0,2,1,0,0,0,0,2,1,0,0,0,0,0,0,0,8596.90806714
20221,1123001548,7,2,5,0,3,1,1,2,0,0,1,0,0,1,0,0,2,1,1,1,0,2383.501796
20221,1123001552,1,0,1,0,0,0,0,0,1,0,0,0,0,0,0,0,0,0,0,0,1,780.11637716
20221,1123001555,15,7,8,0,0,3,3,5,4,0,0,1,1,2,3,0,0,2,2,3,1,2318.38621465
20221,1123001557,9,4,5,0,1,2,4,1,1,0,0,1,2,0,1,0,1,1,2,1,0,2655.03621618
20221,1123001562,2,2,0,0,0,0,0,1,1,0,0,0,0,1,1,0,0,0,0,0,0,2385.05822121
20221,1123001563,1,1,0,0,0,0,0,0,1,0,0,0,0,0,1,0,0,0,0,0,0,1105.44703502
20221,1123001564,155,114,41,0,21,31,37,46,20,0,16,26,25,31,16,0,5,5,12,15,4,9502.44158873
20221,1123001567,2,0,2,0,1,1,0,0,0,0,0,0,0,0,0,0,1,1,0,0,0,5111.96050348
20221,1123001571,12,8,4,0,0,1,1,8,2,0,0,1,0,5,2,0,0,0,1,3,0,2768.6736512
20221,1123001572,4,3,1,0,0,0,0,2,2,0,0,0,0,1,2,0,0,0,0,1,0,1958.7063422
20221,1123001573,2115,1411,704,12,473,565,537,385,143,9,328,398,329,244,103,3,145,167,208,141,40,5441.91728221
20221,1123001578,14,10,4,0,2,3,4,2,3,0,0,3,3,2,2,0,2,0,1,0,1,1097.38995478
20221,1123001579,49,7,42,0,0,5,9,31,4,0,0,1,2,2,2,0,0,4,7,29,2,807.433710519
20221,1123001583,2,2,0,0,0,0,0,1,1,0,0,0,0,1,1,0,0,0,0,0,0,1005.17816963
20221,1123001584,280,107,173,1,43,63,76,67,30,0,3,22,33,33,16,1,40,41,43,34,14,7992.12693281
20221,1123001588,272,248,24,0,1,7,37,98,129,0,0,2,27,94,125,0,1,5,10,4,4,6658.18866416
20221,1123001589,16,9,7,0,1,2,2,7,4,0,0,0,1,5,3,0,1,2,1,2,1,6674.14783146
20221,1123001592,13,8,5,0,0,3,8,2,0,0,0,1,5,2,0,0,0,2,3,0,0,9422.71776574
20221,1123001593,49,21,28,0,1,10,10,14,14,0,0,1,3,8,9,0,1,9,7,6,5,4203.23962719
20221,1123001594,82,38,44,0,10,16,17,23,16,0,8,11,5,9,5,0,2,5,12,14,11,6043.8271992
20221,1123001595,285,155,130,5,58,72,66,66,18,5,35,46,36,21,12,0,23,26,30,45,6,8134.30016491
20221,1123001596,7,2,5,0,0,0,0,1,6,0,0,0,0,0,2,0,0,0,0,1,4,2177.99281376
20221,1123001597,7,2,5,0,0,0,2,3,2,0,0,0,0,1,1,0,0,0,2,2,1,4043.53997307
20221,1123001598,9,6,3,0,0,2,1,3,3,0,0,1,0,3,2,0,0,1,1,0,1,8201.99578759
20221,1123001599,18,7,11,0,5,2,3,8,0,0,2,1,0,4,0,0,3,1,3,4,0,4523.47937648
20221,1123001603,10,7,3,0,2,1,4,3,0,0,0,1,4,2,0,0,2,0,0,1,0,2900.42462842
20221,1123001604,24,21,3,0,3,2,8,8,3,0,3,2,6,8,2,0,0,0,2,0,1,5674.69976032
20221,1123001606,45,24,21,0,2,11,13,13,6,0,1,8,4,8,3,0,1,3,9,5,3,8286.57684344
20221,1123001608,11,9,2,0,0,2,8,1,0,0,0,2,7,0,0,0,0,0,1,1,0,2528.02648496
20221,1123001609,13,5,8,0,4,5,4,0,0,0,1,2,2,0,0,0,3,3,2,0,0,5641.27108116
20221,1123001610,2,1,1,0,0,1,1,0,0,0,0,0,1,0,0,0,0,1,0,0,0,5021.12982437
20221,1123001611,24,16,8,0,2,5,8,7,2,0,0,3,6,5,2,0,2,2,2,2,0,2432.27787358
20221,1123001612,18,16,2,0,1,4,5,4,4,0,1,4,3,4,4,0,0,0,2,0,0,1069.3195533
20221,1123001614,2,1,1,0,0,0,0,2,0,0,0,0,0,1,0,0,0,0,0,1,0,4159.12468628
20221,1123001615,7,6,1,0,1,0,2,3,1,0,1,0,2,2,1,0,0,0,0,1,0,3305.78195532
20221,1123001617,15,4,11,0,1,9,3,2,0,0,0,1,2,1,0,0,1,8,1,1,0,6957.9189275
20221,1123001618,3,1,2,0,0,0,0,2,1,0,0,0,0,0,1,0,0,0,0,2,0,5984.21590529
20221,1123001621,7,0,7,0,0,1,1,4,1,0,0,0,0,0,0,0,0,1,1,4,1,4874.31694985
20221,1123001623,2,0,2,0,1,0,0,1,0,0,0,0,0,0,0,0,1,0,0,1,0,7212.21447054
20221,1123001625,40,26,14,0,5,3,9,12,11,0,4,2,5,6,9,0,1,1,4,6,2,10200.3265225
20221,1123001627,56,44,12,0,5,11,15,13,12,0,3,9,13,8,11,0,2,2,2,5,1,1501.43628989
20221,1123001629,24,12,12,0,6,4,7,5,2,0,4,1,1,4,2,0,2,3,6,1,0,1240.72513743
20221,1123001630,36,29,7,0,2,3,3,3,25,0,0,2,2,3,22,0,2,1,1,0,3,9988.33228846
20221,1123001631,26,9,17,0,1,0,5,10,10,0,0,0,2,2,5,0,1,0,3,8,5,3305.8485222
20221,1123001632,84,61,23,0,22,38,15,7,2,0,15,28,13,4,1,0,7,10,2,3,1,6750.31116411
20221,1123001633,2,1,1,0,0,0,1,1,0,0,0,0,0,1,0,0,0,0,1,0,0,6884.56562242
20221,1123001634,30,22,8,0,1,2,11,13,3,0,1,1,7,10,3,0,0,1,4,3,0,10865.4088096
20221,1123001635,20,7,13,0,4,2,7,5,2,0,3,2,1,1,0,0,1,0,6,4,2,10148.5998149
20221,1123001636,14,11,3,0,0,7,4,2,1,0,0,5,4,1,1,0,0,2,0,1,0,16477.1155956
20221,1123001637,66,26,40,0,4,6,14,25,17,0,0,0,7,10,9,0,4,6,7,15,8,10103.7257895
20221,1123001638,46,13,33,0,4,10,11,13,8,0,1,1,1,5,5,0,3,9,10,8,3,6998.01461805
20221,1123001639,55,23,32,0,9,20,13,9,4,0,3,6,8,4,2,0,6,14,5,5,2,7302.31771112
20221,1123001640,502,68,434,0,105,138,196,60,3,0,7,32,19,8,2,0,98,106,177,52,1,7463.03189471
20221,1123001642,106,84,22,1,25,33,21,13,13,1,20,29,11,12,11,0,5,4,10,1,2,6188.93719982
20221,1123001646,10,6,4,0,1,2,2,4,1,0,0,1,2,2,1,0,1,1,0,2,0,6821.34012799
20221,1123001649,7,5,2,0,0,3,3,0,1,0,0,3,2,0,0,0,0,0,1,0,1,4254.85928562
20221,1123001653,3,1,2,0,0,1,1,1,0,0,0,0,0,1,0,0,0,1,1,0,0,3074.36091837
20221,1123001654,35,16,19,0,2,3,14,5,11,0,1,2,10,2,1,0,1,1,4,3,10,4366.01332506
20221,1123001655,4,4,0,0,0,1,0,1,2,0,0,1,0,1,2,0,0,0,0,0,0,2515.36345007
20221,1123001672,2,0,2,0,0,1,1,0,0,0,0,0,0,0,0,0,0,1,1,0,0,770.715518982
20221,1123001673,67,10,57,0,7,15,31,14,0,0,1,4,4,1,0,0,6,11,27,13,0,15586.8132153
20221,1123001674,100,49,51,0,12,16,21,34,17,0,2,6,12,19,10,0,10,10,9,15,7,9743.13897554
20221,1123001675,79,34,45,0,11,13,13,27,15,0,4,6,6,7,11,0,7,7,7,20,4,9263.09745605
20221,1123001681,15,11,4,0,1,4,6,3,1,0,1,4,3,2,1,0,0,0,3,1,0,6276.58377682
20221,1123001683,2,1,1,0,1,0,1,0,0,0,1,0,0,0,0,0,0,0,1,0,0,1870.34371462
20221,1123001686,5,4,1,0,0,0,0,1,4,0,0,0,0,1,3,0,0,0,0,0,1,6396.27500015
20221,1123001692,5,3,2,0,0,0,1,2,2,0,0,0,0,1,2,0,0,0,1,1,0,5573.72641073
20221,1123001695,1718,1041,677,39,1366,276,32,4,1,23,780,204,29,4,1,16,586,72,3,0,0,3319.13818758
20221,1123001699,8,6,2,1,2,0,1,4,0,1,1,0,0,4,0,0,1,0,1,0,0,1514.18148639
20221,1123001704,235,117,118,1,34,48,80,38,34,1,10,19,38,24,25,0,24,29,42,14,9,5036.11964138
20221,1123001705,6,5,1,0,1,0,0,4,1,0,1,0,0,3,1,0,0,0,0,1,0,6642.42426424
20221,1123001706,49,14,35,0,14,14,13,5,3,0,3,1,4,3,3,0,11,13,9,2,0,3728.42218296
20221,1123001707,330,155,175,1,43,47,73,98,68,0,17,24,31,43,40,1,26,23,42,55,28,8545.53019173
20221,1123001708,95,66,29,0,29,28,16,8,14,0,18,25,10,4,9,0,11,3,6,4,5,8154.01474872
20221,1123001717,6,2,4,0,0,0,1,3,2,0,0,0,0,1,1,0,0,0,1,2,1,2678.28882192
20221,1123001718,4,3,1,0,0,1,0,1,2,0,0,0,0,1,2,0,0,1,0,0,0,6806.22010542
20221,1123001719,10,2,8,0,0,2,4,4,0,0,0,0,2,0,0,0,0,2,2,4,0,5209.53403597
20221,1123001722,6,0,6,0,1,3,1,1,0,0,0,0,0,0,0,0,1,3,1,1,0,2305.30489082
20221,1123001723,18,8,10,0,0,3,3,5,7,0,0,0,3,3,2,0,0,3,0,2,5,2202.31947404
20221,1123001728,3,1,2,0,0,2,1,0,0,0,0,0,1,0,0,0,0,2,0,0,0,1362.15195814
20221,1123001729,11,7,4,0,0,3,3,1,4,0,0,2,2,0,3,0,0,1,1,1,1,6839.26936854
20221,1123001731,45,26,19,0,5,6,16,13,5,0,0,4,11,6,5,0,5,2,5,7,0,8658.17422558
20221,1123001733,29,5,24,0,0,1,2,16,10,0,0,0,0,2,3,0,0,1,2,14,7,8296.31010887
20221,1123001738,5,5,0,0,2,1,0,0,2,0,2,1,0,0,2,0,0,0,0,0,0,1801.07270536
20221,1123001740,4,3,1,0,0,1,1,2,0,0,0,0,1,2,0,0,0,1,0,0,0,980.194432809
20221,1123001742,3,1,2,0,0,0,0,2,1,0,0,0,0,0,1,0,0,0,0,2,0,6160.8449913
20221,1123001747,452,214,238,1,43,103,138,141,26,0,25,60,68,47,14,1,18,43,70,94,12,4357.42417553
20221,1123001748,4,3,1,0,0,0,3,1,0,0,0,0,3,0,0,0,0,0,0,1,0,1241.384888
20221,1123001751,5,3,2,0,0,0,0,3,2,0,0,0,0,1,2,0,0,0,0,2,0,1670.12238524
20221,1123001752,13,8,5,0,0,1,2,8,2,0,0,1,2,3,2,0,0,0,0,5,0,3872.14504388
20221,1123001753,62,28,34,0,18,19,13,11,1,0,7,11,6,3,1,0,11,8,7,8,0,8907.81809772
20221,1123001754,3,2,1,0,0,0,1,2,0,0,0,0,1,1,0,0,0,0,0,1,0,1928.37964443
20221,1123001756,11,1,10,0,2,1,3,4,1,0,0,0,0,1,0,0,2,1,3,3,1,1925.65316767
20221,1123001757,9,7,2,0,1,1,5,1,1,0,0,1,4,1,1,0,1,0,1,0,0,3068.65804359
20221,1123001760,18,10,8,0,5,3,2,6,2,0,3,3,0,3,1,0,2,0,2,3,1,3977.20013561
20221,1123001761,2,2,0,0,0,0,1,1,0,0,0,0,1,1,0,0,0,0,0,0,0,4276.03451425
20221,1123001762,56,40,16,0,1,11,17,19,8,0,0,10,14,11,5,0,1,1,3,8,3,9550.87826095
20221,1123001765,5,3,2,0,2,0,0,2,1,0,1,0,0,1,1,0,1,0,0,1,0,3834.09074247
20221,1123001766,167,54,113,0,8,20,64,70,5,0,6,10,20,14,4,0,2,10,44,56,1,9297.4510458
20221,1123001772,19,15,4,0,3,3,1,7,5,0,3,3,0,5,4,0,0,0,1,2,1,6309.01429743
20221,1123001774,26,9,17,0,3,9,7,4,3,0,1,3,2,0,3,0,2,6,5,4,0,1681.53295582
20221,1123001775,7,6,1,0,0,1,4,0,2,0,0,1,3,0,2,0,0,0,1,0,0,6648.50062046
20221,1123001776,15,9,6,0,3,1,4,2,5,0,3,1,1,2,2,0,0,0,3,0,3,6692.04152494
20221,1123001777,77,42,35,0,5,16,22,22,12,0,4,7,11,10,10,0,1,9,11,12,2,13677.9660346
20221,1123001779,6,3,3,0,0,1,2,2,1,0,0,1,0,1,1,0,0,0,2,1,0,2915.40789666
20221,1123001780,50,37,13,0,3,9,17,15,6,0,1,6,13,13,4,0,2,3,4,2,2,7472.38544568
20221,1123001782,35,24,11,0,3,3,4,17,8,0,1,1,3,13,6,0,2,2,1,4,2,7896.5910533
20221,1123001784,29,20,9,0,0,4,9,12,4,0,0,4,5,8,3,0,0,0,4,4,1,28284.9379399
20221,1123001785,21,15,6,0,3,1,4,8,5,0,2,1,3,4,5,0,1,0,1,4,0,8923.63552952
20221,1123001786,14,8,6,0,3,5,3,3,0,0,1,3,2,2,0,0,2,2,1,1,0,4933.04247039
20221,1123001788,3,1,2,0,0,0,0,1,2,0,0,0,0,0,1,0,0,0,0,1,1,3354.96691417
20221,1123001790,222,216,6,0,0,2,24,88,108,0,0,1,22,87,106,0,0,1,2,1,2,6949.65081213
20221,1123001791,4,2,2,0,0,0,3,1,0,0,0,0,2,0,0,0,0,0,1,1,0,2909.24675782
20221,1123001793,12,0,12,0,0,4,5,1,2,0,0,0,0,0,0,0,0,4,5,1,2,1359.01102341
20221,1123001794,35,9,26,0,1,1,2,7,24,0,0,0,1,1,7,0,1,1,1,6,17,8827.21551829
20221,1123001795,13,10,3,0,0,0,3,5,5,0,0,0,3,4,3,0,0,0,0,1,2,11121.5233736
20221,1123001796,13,9,4,0,2,4,2,2,3,0,1,3,2,1,2,0,1,1,0,1,1,1051.54566169
20221,1123001797,14,6,8,0,0,5,7,2,0,0,0,2,3,1,0,0,0,3,4,1,0,4748.95147149
20221,1123001799,113,56,57,0,24,49,19,10,11,0,9,29,6,5,7,0,15,20,13,5,4,6519.11709223
20221,1123001800,25,8,17,0,1,6,6,10,2,0,1,2,3,2,0,0,0,4,3,8,2,5864.04942963
20221,1123001802,43,33,10,0,4,9,7,11,12,0,2,5,6,8,12,0,2,4,1,3,0,4983.96641971
20221,1123001803,90,85,5,0,0,4,12,28,46,0,0,3,10,28,44,0,0,1,2,0,2,4187.58088906
20221,1123001804,7,5,2,0,1,2,3,1,0,0,1,2,2,0,0,0,0,0,1,1,0,6604.14337509
20221,1123001805,8,2,6,0,1,3,4,0,0,0,0,0,2,0,0,0,1,3,2,0,0,14862.3520205
20221,1123001808,3,2,1,0,0,0,1,1,1,0,0,0,0,1,1,0,0,0,1,0,0,2977.21670631
20221,1123001810,5,3,2,0,1,0,1,3,0,0,1,0,1,1,0,0,0,0,0,2,0,4445.49689001
20221,1123001812,184,120,64,1,29,55,40,40,19,0,13,44,28,19,16,1,16,11,12,21,3,5745.42206838
20221,1123001814,9,6,3,0,0,1,5,3,0,0,0,1,3,2,0,0,0,0,2,1,0,2557.57993975
20221,1123001816,1,0,1,0,0,1,0,0,0,0,0,0,0,0,0,0,0,1,0,0,0,9384.3475861
20221,1123001819,21,18,3,0,3,8,5,3,2,0,2,6,5,3,2,0,1,2,0,0,0,1904.36639678
20221,1123001822,9,6,3,0,0,1,3,4,1,0,0,1,2,3,0,0,0,0,1,1,1,5127.23001287
20221,1123001824,3,3,0,0,1,0,0,2,0,0,1,0,0,2,0,0,0,0,0,0,0,3710.02490604
20221,1123001827,2,2,0,0,0,0,0,1,1,0,0,0,0,1,1,0,0,0,0,0,0,2452.77132621
20221,1123001829,10,3,7,0,2,3,3,2,0,0,0,1,1,1,0,0,2,2,2,1,0,2538.48517068
20221,1123001831,140,51,89,1,18,35,45,34,7,1,6,23,14,5,2,0,12,12,31,29,5,13598.1602686
20221,1123001847,23,18,5,1,4,3,6,6,3,0,4,3,3,5,3,1,0,0,3,1,0,5390.73527039
20221,1123001849,35,26,9,0,3,6,9,12,5,0,3,5,6,8,4,0,0,1,3,4,1,15884.2258296
20221,1123001853,41,34,7,0,2,2,7,15,15,0,0,2,6,11,15,0,2,0,1,4,0,3521.82595606
20221,1123001857,121,94,27,0,25,27,35,22,12,0,22,20,25,17,10,0,3,7,10,5,2,6295.81292237
20221,1123001859,8,8,0,0,1,1,5,1,0,0,1,1,5,1,0,0,0,0,0,0,0,1491.61008874
20221,1123001864,47,27,20,0,8,15,6,9,9,0,5,8,5,3,6,0,3,7,1,6,3,19668.2728815
20221,1123001869,4,3,1,0,0,2,1,0,1,0,0,1,1,0,1,0,0,1,0,0,0,5910.88547042
20221,1123001876,21,7,14,0,2,1,7,6,5,0,1,0,1,2,3,0,1,1,6,4,2,12264.955188
20221,1123001878,3,2,1,0,0,0,2,1,0,0,0,0,1,1,0,0,0,0,1,0,0,4265.14826027
20221,1123001885,39,16,23,0,6,12,6,9,6,0,3,5,1,6,1,0,3,7,5,3,5,3511.67954615
20221,1123001894,6,4,2,0,0,0,2,4,0,0,0,0,2,2,0,0,0,0,0,2,0,10382.5596797
20221,1123001898,13,3,10,0,2,3,4,1,3,0,0,0,2,0,1,0,2,3,2,1,2,10202.9924044
20221,1123001904,7,5,2,0,0,2,1,2,2,0,0,2,1,1,1,0,0,0,0,1,1,5919.14861411
20221,1123001907,3,2,1,0,1,0,1,1,0,0,0,0,1,1,0,0,1,0,0,0,0,2825.53634447
20221,1123001908,18,15,3,0,0,1,7,6,4,0,0,0,5,6,4,0,0,1,2,0,0,1786.3873178
20221,1123001909,4,3,1,0,0,0,0,2,2,0,0,0,0,1,2,0,0,0,0,1,0,1326.48799967
20221,1123001918,47,32,15,0,8,20,13,6,0,0,6,12,9,5,0,0,2,8,4,1,0,3609.02175634
20221,1123001924,2,2,0,0,0,0,0,1,1,0,0,0,0,1,1,0,0,0,0,0,0,2746.53735723
20221,1123001930,19,15,4,0,0,3,12,2,2,0,0,2,11,1,1,0,0,1,1,1,1,1972.12600563
20221,1123001935,7,3,4,0,1,0,2,3,1,0,0,0,1,1,1,0,1,0,1,2,0,16835.9273328
20221,1123001939,2,1,1,0,0,1,1,0,0,0,0,1,0,0,0,0,0,0,1,0,0,2390.50075085
20221,1123001940,85,19,66,0,5,5,11,23,41,0,5,1,9,3,1,0,0,4,2,20,40,1322.5410897
20221,1123001941,10,7,3,0,3,5,1,1,0,0,2,3,1,1,0,0,1,2,0,0,0,1211.01319982
20221,1123001944,7,1,6,0,0,1,2,4,0,0,0,0,0,1,0,0,0,1,2,3,0,4627.34944165
20221,1123001947,8,7,1,0,0,1,4,2,1,0,0,1,4,1,1,0,0,0,0,1,0,2646.56892023
20221,1123001957,3,0,3,0,1,0,1,0,1,0,0,0,0,0,0,0,1,0,1,0,1,2612.62853264
20221,1123001958,3,0,3,0,0,0,0,2,1,0,0,0,0,0,0,0,0,0,0,2,1,5223.47490317
20221,1123001965,5,3,2,0,1,0,1,2,1,0,0,0,1,1,1,0,1,0,0,1,0,2944.25809345
20221,1123001966,11,5,6,0,2,4,2,1,2,0,1,2,0,1,1,0,1,2,2,0,1,2149.47353253
20221,1123001973,14,0,14,0,1,3,3,4,3,0,0,0,0,0,0,0,1,3,3,4,3,4827.13451998
20221,1123001984,32,17,15,0,15,4,7,3,3,0,6,3,4,1,3,0,9,1,3,2,0,6624.73440979
20221,1123001986,10,4,6,0,1,0,5,0,4,0,1,0,0,0,3,0,0,0,5,0,1,2525.93626494
20221,1123001987,2,2,0,0,0,1,0,0,1,0,0,1,0,0,1,0,0,0,0,0,0,3663.45874161
20221,1123001990,9,3,6,0,0,2,2,2,3,0,0,2,1,0,0,0,0,0,1,2,3,4991.96970388
20221,1123001991,4,3,1,0,0,0,2,2,0,0,0,0,2,1,0,0,0,0,0,1,0,2957.58181393
20221,1123001992,440,323,117,1,52,73,136,142,36,0,34,47,100,115,27,1,18,26,36,27,9,2659.19958978
20221,1123001993,4,3,1,0,1,1,1,0,1,0,1,1,1,0,0,0,0,0,0,0,1,732.657724252
20221,1123001994,31,11,20,0,6,7,3,10,5,0,0,3,0,3,5,0,6,4,3,7,0,9181.08458714
20221,1123001999,4,2,2,0,0,1,0,3,0,0,0,0,0,2,0,0,0,1,0,1,0,5188.80815538
20221,1123002000,2,1,1,0,0,0,0,2,0,0,0,0,0,1,0,0,0,0,0,1,0,2839.57107339
20221,1123002004,2,0,2,0,0,0,0,1,1,0,0,0,0,0,0,0,0,0,0,1,1,3090.53973316
20221,1123002006,3,2,1,0,0,1,1,1,0,0,0,1,1,0,0,0,0,0,0,1,0,5106.74938669
20221,1123002009,2,0,2,0,0,0,1,1,0,0,0,0,0,0,0,0,0,0,1,1,0,3389.01848664
20221,1123002011,11,8,3,0,3,0,2,1,5,0,2,0,1,1,4,0,1,0,1,0,1,5210.0495317
20221,1123002014,8,6,2,0,0,1,6,0,1,0,0,1,4,0,1,0,0,0,2,0,0,4830.5152482
20221,1123002018,140,91,49,0,8,18,22,41,51,0,7,18,19,22,25,0,1,0,3,19,26,970.851822096
20221,1123002019,3,3,0,0,1,0,1,1,0,0,1,0,1,1,0,0,0,0,0,0,0,1411.74946427
20221,1123002021,4,2,2,0,0,1,1,2,0,0,0,0,0,2,0,0,0,1,1,0,0,3880.10666176
20221,1123002023,4,2,2,0,0,0,0,3,1,0,0,0,0,2,0,0,0,0,0,1,1,2546.96203805
20221,1123002027,5,5,0,0,1,2,2,0,0,0,1,2,2,0,0,0,0,0,0,0,0,1900.110492
20221,1123002036,2,2,0,0,0,0,1,1,0,0,0,0,1,1,0,0,0,0,0,0,0,3863.14836129
20221,1123002037,12,3,9,0,0,4,5,1,2,0,0,2,0,1,0,0,0,2,5,0,2,2698.79656527
20221,1123002043,18,15,3,0,2,2,5,5,4,0,2,2,3,4,4,0,0,0,2,1,0,2092.60410656
20221,1123002048,4,0,4,0,0,0,2,2,0,0,0,0,0,0,0,0,0,0,2,2,0,3539.71342265
20221,1123002056,3,1,2,0,1,0,1,0,1,0,0,0,0,0,1,0,1,0,1,0,0,5004.34740564
20221,1123002061,6,5,1,0,0,1,2,2,1,0,0,0,2,2,1,0,0,1,0,0,0,2221.79576457
20221,1123002064,29,9,20,0,3,9,7,8,2,0,1,3,1,2,2,0,2,6,6,6,0,1401.43957703
20221,1123002066,2,0,2,0,0,0,1,0,1,0,0,0,0,0,0,0,0,0,1,0,1,3561.66451619
20221,1123002070,9,6,3,0,2,1,2,2,2,0,2,1,1,1,1,0,0,0,1,1,1,3039.62631581
20221,1123002072,14,10,4,0,0,5,2,3,4,0,0,3,1,2,4,0,0,2,1,1,0,2242.76260131
20221,1123002074,4,1,3,0,0,0,0,3,1,0,0,0,0,1,0,0,0,0,0,2,1,2312.74095862
20221,1123002076,6,4,2,0,2,3,1,0,0,0,0,3,1,0,0,0,2,0,0,0,0,2454.79125138
20221,1123002078,8,3,5,0,1,0,4,1,2,0,0,0,2,0,1,0,1,0,2,1,1,13384.042897
20221,1123002082,2,1,1,0,0,1,0,0,1,0,0,1,0,0,0,0,0,0,0,0,1,1643.38839658
20221,1123002091,27,14,13,0,1,4,10,6,6,0,0,2,7,1,4,0,1,2,3,5,2,189650.855414
20221,1123002092,18,12,6,0,1,3,5,6,3,0,1,2,3,5,1,0,0,1,2,1,2,2870.71374496
20221,1123002095,14,4,10,0,3,2,4,3,2,0,1,0,0,1,2,0,2,2,4,2,0,26205.3453911
20221,1123002099,2,1,1,0,0,0,0,1,1,0,0,0,0,0,1,0,0,0,0,1,0,2225.95049321
20221,1123002102,1,0,1,0,0,1,0,0,0,0,0,0,0,0,0,0,0,1,0,0,0,1058.83492936
20221,1123002106,2,1,1,0,0,0,2,0,0,0,0,0,1,0,0,0,0,0,1,0,0,1729.18324543
20221,1123002110,8,7,1,0,0,3,1,4,0,0,0,3,1,3,0,0,0,0,0,1,0,4444.17989109
20221,1123002112,10,7,3,0,0,1,2,6,1,0,0,0,2,4,1,0,0,1,0,2,0,15684.4861607
20221,1123002117,28,14,14,0,1,5,11,10,1,0,0,3,4,6,1,0,1,2,7,4,0,5186.12357986
20221,1123002121,14,4,10,0,2,7,3,2,0,0,0,2,0,2,0,0,2,5,3,0,0,2346.17358884
20221,1123002126,664,359,305,1,62,131,186,167,117,0,26,74,88,93,78,1,36,57,98,74,39,4292.3381603
20221,1123002137,6,3,3,0,0,0,3,1,2,0,0,0,2,0,1,0,0,0,1,1,1,7388.25522622
20221,1123002138,146,95,51,0,27,42,40,24,13,0,10,26,28,20,11,0,17,16,12,4,2,10821.3304508
20221,1123002140,599,420,179,0,51,130,176,140,102,0,34,88,128,97,73,0,17,42,48,43,29,1806.47154327
20221,1123002143,3,3,0,0,0,1,0,1,1,0,0,1,0,1,1,0,0,0,0,0,0,2788.7430648
20221,1123002147,13,10,3,0,4,0,5,3,1,0,3,0,4,2,1,0,1,0,1,1,0,2812.86100703
20221,1123002149,131,77,54,0,24,35,20,29,23,0,16,26,15,9,11,0,8,9,5,20,12,1077.17964895
20221,1123002154,23,17,6,0,6,10,3,3,1,0,4,9,3,1,0,0,2,1,0,2,1,1062.3166324
20221,1123002155,5,4,1,0,0,1,1,2,1,0,0,1,1,1,1,0,0,0,0,1,0,2775.26012818
20221,1123002156,49,8,41,0,0,9,14,17,9,0,0,3,1,0,4,0,0,6,13,17,5,5600.48497582
20221,1123002158,7,4,3,0,0,0,4,3,0,0,0,0,3,1,0,0,0,0,1,2,0,3268.57726876
20221,1123002159,10,3,7,0,1,1,2,2,4,0,0,0,1,1,1,0,1,1,1,1,3,8732.50187672
20221,1123002160,169,34,135,0,6,9,33,72,49,0,3,3,9,7,12,0,3,6,24,65,37,5820.05613738
20221,1123002162,18,5,13,0,1,2,5,5,5,0,0,0,1,2,2,0,1,2,4,3,3,4503.00374877
20221,1123002166,4,3,1,0,0,0,0,0,4,0,0,0,0,0,3,0,0,0,0,0,1,4374.58570695
20221,1123002171,3,0,3,0,0,1,2,0,0,0,0,0,0,0,0,0,0,1,2,0,0,4935.77759267
20221,1123002173,70,33,37,0,8,17,10,19,16,0,1,5,4,10,13,0,7,12,6,9,3,4747.74478704
20221,1123002174,26,3,23,0,4,7,7,7,1,0,1,2,0,0,0,0,3,5,7,7,1,2632.94803202
20221,1123002175,11,10,1,0,3,2,6,0,0,0,3,2,5,0,0,0,0,0,1,0,0,4021.82257158
20221,1123002178,2,1,1,0,0,0,2,0,0,0,0,0,1,0,0,0,0,0,1,0,0,2490.52703263
20221,1123002179,9,6,3,0,1,1,1,5,1,0,1,0,1,3,1,0,0,1,0,2,0,4191.7694339
20221,1123002180,19,7,12,0,0,6,9,3,1,0,0,2,4,0,1,0,0,4,5,3,0,5056.23016698
20221,1123002183,88,11,77,0,7,28,28,21,4,0,2,2,3,2,2,0,5,26,25,19,2,16977.1701846
20221,1123002186,2,1,1,0,0,0,0,2,0,0,0,0,0,1,0,0,0,0,0,1,0,637.874780302
20221,1123002190,150,55,95,1,26,38,48,33,4,1,10,12,16,14,2,0,16,26,32,19,2,6912.98431199
20221,1123002191,2,1,1,0,0,0,0,1,1,0,0,0,0,0,1,0,0,0,0,1,0,4523.1297816
20221,1123002198,9,4,5,0,0,0,5,2,2,0,0,0,1,1,2,0,0,0,4,1,0,3443.34547656
20221,1123002199,2,0,2,0,1,0,1,0,0,0,0,0,0,0,0,0,1,0,1,0,0,2459.30964445
20221,1123002201,3,2,1,0,0,0,1,2,0,0,0,0,1,1,0,0,0,0,0,1,0,2464.20029723
20221,1123002204,24,10,14,0,2,6,4,6,6,0,0,4,2,0,4,0,2,2,2,6,2,1491.48814953
20221,1123002207,66,11,55,0,8,8,21,25,4,0,2,0,3,4,2,0,6,8,18,21,2,20535.5716621
20221,1123002209,23,6,17,0,3,2,6,8,4,0,1,2,1,0,2,0,2,0,5,8,2,13140.2743558
20221,1123002210,2,2,0,0,0,0,1,0,1,0,0,0,1,0,1,0,0,0,0,0,0,3223.23791026
20221,1123002215,5,2,3,0,0,1,3,1,0,0,0,0,2,0,0,0,0,1,1,1,0,3490.69604892
20221,1123002218,2,2,0,0,0,0,0,0,2,0,0,0,0,0,2,0,0,0,0,0,0,6562.4026054
20221,1123002220,54,21,33,0,15,17,11,5,6,0,1,3,8,4,5,0,14,14,3,1,1,16768.3859252
20221,1123002222,132,83,49,0,22,16,24,48,22,0,14,8,15,30,16,0,8,8,9,18,6,5179.10626493
20221,1123002224,1,1,0,0,0,0,0,1,0,0,0,0,0,1,0,0,0,0,0,0,0,5155.47349608
20221,1123002227,55,31,24,0,0,3,21,25,6,0,0,1,9,17,4,0,0,2,12,8,2,4133.41379771
20221,1123002229,29,6,23,0,0,6,10,11,2,0,0,1,2,1,2,0,0,5,8,10,0,25744.5218007
20221,1123002232,56,13,43,0,7,19,15,14,1,0,1,5,3,3,1,0,6,14,12,11,0,20769.5395934
20221,1123002235,349,138,211,2,87,67,59,92,42,0,20,40,37,19,22,2,67,27,22,73,20,4026.98877548
20221,1123002239,13,8,5,0,0,1,4,3,5,0,0,0,2,3,3,0,0,1,2,0,2,2505.9275616
20221,1123002241,917,558,359,0,89,219,256,253,100,0,40,72,162,195,89,0,49,147,94,58,11,264120.405593
20221,1123002242,12,8,4,0,0,6,3,3,0,0,0,4,2,2,0,0,0,2,1,1,0,3622.2253219
20221,1123002243,27,20,7,0,2,3,5,7,10,0,2,2,5,5,6,0,0,1,0,2,4,6707.2140141
20221,1123002244,33,18,15,0,5,8,8,9,3,0,0,3,4,9,2,0,5,5,4,0,1,5366.84284805
20221,1123002246,14,13,1,0,0,0,2,6,6,0,0,0,2,6,5,0,0,0,0,0,1,3571.80590865
20221,1123002247,68,27,41,0,13,24,14,9,8,0,2,9,6,5,5,0,11,15,8,4,3,3412.74802572
20221,1123002248,220,83,137,0,10,12,52,97,49,0,6,5,21,34,17,0,4,7,31,63,32,4472.11898723
20221,1123002249,46,24,22,0,2,6,10,5,23,0,1,2,5,2,14,0,1,4,5,3,9,6566.48065377
20221,1123002250,45,28,17,0,4,1,9,13,18,0,2,0,4,11,11,0,2,1,5,2,7,3517.35178291
20221,1123002251,40,21,19,0,9,4,6,8,13,0,1,2,5,6,7,0,8,2,1,2,6,7174.54945447
20221,1123002253,38,30,8,0,3,8,12,7,8,0,2,6,9,7,6,0,1,2,3,0,2,4171.19225771
20221,1123002254,12,7,5,0,0,3,2,2,5,0,0,1,2,1,3,0,0,2,0,1,2,7304.62080241
20221,1123002257,583,464,119,0,23,75,116,111,258,0,17,64,107,92,184,0,6,11,9,19,74,4505.1525303
20221,1123002262,42,15,27,0,7,12,13,5,5,0,0,3,8,1,3,0,7,9,5,4,2,6922.57938222
20221,1123002263,23,12,11,0,0,3,6,2,12,0,0,0,3,2,7,0,0,3,3,0,5,6290.75318039
20221,1123002265,3,2,1,0,0,0,1,0,2,0,0,0,0,0,2,0,0,0,1,0,0,1874.69934541
20221,1123002266,3,2,1,0,0,0,0,2,1,0,0,0,0,2,0,0,0,0,0,0,1,1316.81873043
20221,1123002267,12,6,6,0,3,2,0,3,4,0,0,0,0,3,3,0,3,2,0,0,1,11343.4469245
20221,1123002270,5,4,1,0,0,0,2,2,1,0,0,0,2,1,1,0,0,0,0,1,0,680.022418855
20221,1123002272,5,3,2,0,0,0,1,2,2,0,0,0,1,0,2,0,0,0,0,2,0,2539.19443165
20221,1123002274,144,83,61,1,27,44,27,26,19,0,4,23,21,21,14,1,23,21,6,5,5,6450.61661385
20221,1123002276,22,11,11,0,1,6,7,3,5,0,0,3,5,1,2,0,1,3,2,2,3,6759.87866561
20221,1123002279,6,3,3,0,0,0,2,2,2,0,0,0,0,1,2,0,0,0,2,1,0,7141.81428832
20221,1123002281,7,6,1,0,1,2,1,3,0,0,1,1,1,3,0,0,0,1,0,0,0,1074.11712513
20221,1123002282,1,1,0,0,1,0,0,0,0,0,1,0,0,0,0,0,0,0,0,0,0,1740.97410592
20221,1123002283,4,3,1,0,0,1,1,2,0,0,0,1,1,1,0,0,0,0,0,1,0,1532.81553405
20221,1123002286,2,2,0,0,0,0,0,1,1,0,0,0,0,1,1,0,0,0,0,0,0,923.55901947
20221,1123002288,3,2,1,0,0,2,0,0,1,0,0,1,0,0,1,0,0,1,0,0,0,2666.28772958
20221,1123002290,8,5,3,0,0,0,1,5,2,0,0,0,0,3,2,0,0,0,1,2,0,5663.67935415
20221,1123002291,53,27,26,2,6,12,13,15,5,0,3,12,6,4,2,2,3,0,7,11,3,1857.36362904
20221,1123002292,6,6,0,0,0,1,2,0,3,0,0,1,2,0,3,0,0,0,0,0,0,5095.5741118
20221,1123002298,13,9,4,0,3,9,1,0,0,0,3,5,1,0,0,0,0,4,0,0,0,1788.32139912
20221,1123002300,24,13,11,0,0,4,4,7,9,0,0,2,2,3,6,0,0,2,2,4,3,5551.81187853
20221,1123002301,4,4,0,0,0,0,0,2,2,0,0,0,0,2,2,0,0,0,0,0,0,5556.88182803
20221,1123002303,3,1,2,0,0,1,0,1,1,0,0,0,0,0,1,0,0,1,0,1,0,1968.87547387
20221,1123002304,209,92,117,0,42,68,44,25,30,0,3,19,25,16,29,0,39,49,19,9,1,4136.59020888
20221,1123002311,7,6,1,0,0,0,1,4,2,0,0,0,1,3,2,0,0,0,0,1,0,2692.41951674
20221,1123002312,11,8,3,0,2,0,2,4,3,0,2,0,0,4,2,0,0,0,2,0,1,4527.89056143
20221,1123002313,3,2,1,0,0,0,0,1,2,0,0,0,0,1,1,0,0,0,0,0,1,6984.39564968
20221,1123002314,2,1,1,0,0,0,0,1,1,0,0,0,0,1,0,0,0,0,0,0,1,3617.12360981
20221,1123002315,30,3,27,0,0,3,2,19,6,0,0,1,0,1,1,0,0,2,2,18,5,3189.24692818
20221,1123002316,2,2,0,0,0,0,2,0,0,0,0,0,2,0,0,0,0,0,0,0,0,1090.98235375
20221,1123002321,6,1,5,0,1,1,1,2,1,0,0,0,0,0,1,0,1,1,1,2,0,3434.18195563
20221,1123002326,31,23,8,0,3,10,8,6,4,0,1,6,7,5,4,0,2,4,1,1,0,9551.84924255
20221,1123002327,4,2,2,0,0,0,0,1,3,0,0,0,0,1,1,0,0,0,0,0,2,3611.62367222
20221,1123002328,579,384,195,1,156,277,142,2,1,0,64,193,124,2,1,1,92,84,18,0,0,8105.10463962
20221,1123002330,7,6,1,0,0,1,3,1,2,0,0,1,3,1,1,0,0,0,0,0,1,4794.39141547
20221,1123002332,19,12,7,0,2,4,2,5,6,0,2,2,1,3,4,0,0,2,1,2,2,5008.30370071
20221,1123002333,2,1,1,0,1,0,0,1,0,0,1,0,0,0,0,0,0,0,0,1,0,1544.57627638
20221,1123002334,28,11,17,0,2,2,3,14,7,0,2,1,0,3,5,0,0,1,3,11,2,3360.12192372
20221,1123002335,3,2,1,0,0,0,1,1,1,0,0,0,0,1,1,0,0,0,1,0,0,2991.9522189
20221,1123002340,582,300,282,3,179,249,105,45,1,1,82,132,49,35,1,2,97,117,56,10,0,4844.07531438
20221,1123002341,55,14,41,0,8,15,17,11,4,0,3,3,3,1,4,0,5,12,14,10,0,16193.3263142
20221,1123002343,2,1,1,0,0,1,1,0,0,0,0,0,1,0,0,0,0,1,0,0,0,1511.35400755
20221,1123002345,104,75,29,0,13,31,37,11,12,0,7,26,29,8,5,0,6,5,8,3,7,3137.59640447
20221,1123002348,2,2,0,0,0,0,0,1,1,0,0,0,0,1,1,0,0,0,0,0,0,2043.68568529
20221,1123002351,52,17,35,0,1,0,14,30,7,0,0,0,6,6,5,0,1,0,8,24,2,2120.67131279
20221,1123002352,3,2,1,0,0,1,2,0,0,0,0,1,1,0,0,0,0,0,1,0,0,1209.85285074
20221,1123002353,9,6,3,0,0,0,0,5,4,0,0,0,0,3,3,0,0,0,0,2,1,4499.28234407
20221,1123002354,2,0,2,0,0,0,0,2,0,0,0,0,0,0,0,0,0,0,0,2,0,1737.93589134
20221,1123002358,18,11,7,0,1,3,6,6,2,0,1,1,4,3,2,0,0,2,2,3,0,2912.30757317
20221,1123002359,49,5,44,0,12,11,11,14,1,0,1,2,1,1,0,0,11,9,10,13,1,17341.5030527
20221,1123002360,120,70,50,0,15,27,24,39,15,0,11,20,18,16,5,0,4,7,6,23,10,4894.46703079
20221,1123002361,4,4,0,0,0,0,0,2,2,0,0,0,0,2,2,0,0,0,0,0,0,1614.26543567
20221,1123002362,13,8,5,0,4,1,4,3,1,0,2,1,2,2,1,0,2,0,2,1,0,4788.69494573
20221,1123002363,3,1,2,0,0,0,0,2,1,0,0,0,0,1,0,0,0,0,0,1,1,1850.30512168
20221,1123002365,25,19,6,0,6,3,9,5,2,0,4,3,7,3,2,0,2,0,2,2,0,4822.82214585
20221,1123002367,12,5,7,0,1,0,6,4,1,0,0,0,4,1,0,0,1,0,2,3,1,5047.00025452
20221,1123002368,2,2,0,0,0,0,1,1,0,0,0,0,1,1,0,0,0,0,0,0,0,3987.13698327
20221,1123002369,2,2,0,0,0,2,0,0,0,0,0,2,0,0,0,0,0,0,0,0,0,1163.20300487
20221,1123002372,4,4,0,0,0,1,1,1,1,0,0,1,1,1,1,0,0,0,0,0,0,1012.48171616
20221,1123002374,13,7,6,0,0,0,2,7,4,0,0,0,0,4,3,0,0,0,2,3,1,4366.4474611
20221,1123002379,36,31,5,0,2,4,2,9,19,0,0,4,1,8,18,0,2,0,1,1,1,11334.9830522
20221,1123002380,41,27,14,0,5,10,9,12,5,0,2,8,4,9,4,0,3,2,5,3,1,6193.59377387
20221,1123002382,29,15,14,0,1,8,10,6,4,0,0,5,6,3,1,0,1,3,4,3,3,4402.09264046
20221,1123002385,6,3,3,0,0,3,1,2,0,0,0,1,1,1,0,0,0,2,0,1,0,3269.75525522
20221,1123002386,3,3,0,0,0,1,0,2,0,0,0,1,0,2,0,0,0,0,0,0,0,1483.74198814
20221,1123002387,41,22,19,0,5,10,14,7,5,0,3,4,6,5,4,0,2,6,8,2,1,9483.39448294
20221,1123002388,9,6,3,0,0,0,2,4,3,0,0,0,1,3,2,0,0,0,1,1,1,3319.92875618
20221,1123002390,26,18,8,0,4,6,7,6,3,0,3,4,4,5,2,0,1,2,3,1,1,2716.47116399
20221,1123002392,8,7,1,0,0,0,2,4,2,0,0,0,2,3,2,0,0,0,0,1,0,6124.54651913
20221,1123002393,3,3,0,0,0,0,0,2,1,0,0,0,0,2,1,0,0,0,0,0,0,5701.47397597
20221,1123002394,4,3,1,0,0,0,1,3,0,0,0,0,1,2,0,0,0,0,0,1,0,2626.38319737
20221,1123002395,2,2,0,0,0,0,2,0,0,0,0,0,2,0,0,0,0,0,0,0,0,4594.25587329
20221,1123002401,2,1,1,0,0,0,0,1,1,0,0,0,0,0,1,0,0,0,0,1,0,1058.91228679
20221,1123002403,2,2,0,0,0,1,0,0,1,0,0,1,0,0,1,0,0,0,0,0,0,1549.284005
20221,1123002404,6,5,1,0,0,0,1,5,0,0,0,0,1,4,0,0,0,0,0,1,0,3479.13120395
20221,1123002405,2,2,0,1,0,0,0,1,0,1,0,0,0,1,0,0,0,0,0,0,0,2106.21908255
20221,1123002406,5,2,3,0,2,0,2,0,1,0,1,0,0,0,1,0,1,0,2,0,0,4386.64720564
20221,1123002407,17,12,5,0,3,3,7,4,0,0,2,2,6,2,0,0,1,1,1,2,0,2975.2159031
20221,1123002409,6,3,3,0,0,0,2,0,4,0,0,0,1,0,2,0,0,0,1,0,2,2822.09873085
20221,1123002410,2,1,1,0,0,0,1,0,1,0,0,0,1,0,0,0,0,0,0,0,1,6012.36030651
20221,1123002412,5,2,3,0,0,1,2,2,0,0,0,0,1,1,0,0,0,1,1,1,0,872.237863966
20221,1123002417,218,146,72,0,24,43,56,55,40,0,11,33,37,36,29,0,13,10,19,19,11,4639.88905157
20221,1123002418,5,0,5,0,0,0,1,3,1,0,0,0,0,0,0,0,0,0,1,3,1,1213.57278641
20221,1123002419,21,16,5,0,6,5,3,5,2,0,3,5,3,3,2,0,3,0,0,2,0,2466.30164489
20221,1123002422,29,21,8,0,9,9,1,9,1,0,8,5,1,6,1,0,1,4,0,3,0,5463.57178712
20221,1123002423,2,1,1,0,0,0,0,0,2,0,0,0,0,0,1,0,0,0,0,0,1,3874.95893226
20221,1123002424,15,7,8,0,1,9,3,0,2,0,1,3,2,0,1,0,0,6,1,0,1,1624.32393773
20221,1123002429,2,1,1,0,1,0,0,1,0,0,1,0,0,0,0,0,0,0,0,1,0,3171.77296686
20221,1123002430,7,5,2,0,0,1,2,4,0,0,0,1,1,3,0,0,0,0,1,1,0,1099.48313509
20221,1123002433,5,4,1,0,1,2,2,0,0,0,1,2,1,0,0,0,0,0,1,0,0,5130.40644399
20221,1123002434,24,17,7,0,0,0,12,7,5,0,0,0,9,5,3,0,0,0,3,2,2,5237.79948596
20221,1123002435,8,0,8,0,2,0,3,3,0,0,0,0,0,0,0,0,2,0,3,3,0,1498.45916254
20221,1123002440,4,2,2,0,1,0,1,1,1,0,0,0,1,0,1,0,1,0,0,1,0,1820.12008515
20221,1123002442,35,10,25,0,9,7,7,7,5,0,0,4,4,1,1,0,9,3,3,6,4,7620.53064753
20221,1123002445,32,9,23,0,2,10,5,5,10,0,0,1,5,1,2,0,2,9,0,4,8,3643.97908972
20221,1123002449,12,10,2,0,0,0,4,5,3,0,0,0,4,4,2,0,0,0,0,1,1,1637.41295732
20221,1123002450,93,46,47,1,9,15,26,31,11,0,5,7,8,16,10,1,4,8,18,15,1,8693.4001718
20221,1123002451,2,2,0,0,0,1,0,1,0,0,0,1,0,1,0,0,0,0,0,0,0,25580.1575984
20221,1123002452,17,13,4,0,1,4,1,8,3,0,1,2,1,7,2,0,0,2,0,1,1,2091.21336345
20221,1123002453,17,10,7,0,0,6,6,3,2,0,0,5,3,1,1,0,0,1,3,2,1,2457.9287146
20221,1123002454,38,33,5,0,1,14,12,10,1,0,1,11,10,10,1,0,0,3,2,0,0,2569.66618771
20221,1123002456,5,1,4,0,3,1,0,1,0,0,0,0,0,1,0,0,3,1,0,0,0,3951.77681175
20221,1123002457,48,29,19,0,1,3,7,6,31,0,0,3,2,2,22,0,1,0,5,4,9,5512.94256361
20221,1123002463,12,8,4,0,2,3,4,3,0,0,1,3,1,3,0,0,1,0,3,0,0,1523.82829576
20221,1123002464,7,5,2,0,0,1,4,2,0,0,0,1,3,1,0,0,0,0,1,1,0,5197.6500563
20221,1123002465,2,1,1,0,1,0,0,0,1,0,0,0,0,0,1,0,1,0,0,0,0,705.889362071
20221,1123002472,8,5,3,0,2,3,1,2,0,0,0,3,1,1,0,0,2,0,0,1,0,2905.04995382
20221,1123002475,10,7,3,0,0,1,1,3,5,0,0,1,1,1,4,0,0,0,0,2,1,5663.62654563
20221,1123002476,10,6,4,0,0,0,4,6,0,0,0,0,2,4,0,0,0,0,2,2,0,5499.72654896
20221,1123002478,12,9,3,0,0,1,2,7,2,0,0,0,1,6,2,0,0,1,1,1,0,1990.85372177
20221,1123002481,58,34,24,0,3,7,5,10,33,0,2,6,4,5,17,0,1,1,1,5,16,4628.88604209
20221,1123002485,14,8,6,0,8,0,2,4,0,0,6,0,0,2,0,0,2,0,2,2,0,4853.07922671
20221,1123002487,5,1,4,0,1,1,1,2,0,0,0,0,0,1,0,0,1,1,1,1,0,4611.10094684
20221,1123002489,2,1,1,0,0,0,0,0,2,0,0,0,0,0,1,0,0,0,0,0,1,7850.86244173
20221,1123002491,3,2,1,0,0,0,3,0,0,0,0,0,2,0,0,0,0,0,1,0,0,10097.4603887
20221,1123002494,15,12,3,0,2,4,4,1,4,0,2,4,2,1,3,0,0,0,2,0,1,4066.33760414
20221,1123002495,2,1,1,0,0,2,0,0,0,0,0,1,0,0,0,0,0,1,0,0,0,1145.19459214
20221,1123002498,53,21,32,0,0,2,11,36,4,0,0,1,6,11,3,0,0,1,5,25,1,6402.8538519
20221,1123002501,3,0,3,0,0,2,1,0,0,0,0,0,0,0,0,0,0,2,1,0,0,2280.57526831
20221,1123002502,2,1,1,0,0,0,0,2,0,0,0,0,0,1,0,0,0,0,0,1,0,3705.71252493
20221,1123002503,8,6,2,0,1,3,3,1,0,0,1,2,2,1,0,0,0,1,1,0,0,2292.53695395
20221,1123002509,2,2,0,0,0,0,1,1,0,0,0,0,1,1,0,0,0,0,0,0,0,6278.93086133
20221,1123002510,32,11,21,0,0,6,18,5,3,0,0,3,3,2,3,0,0,3,15,3,0,4955.8233255
20221,1123002513,66,12,54,0,8,19,21,14,4,0,1,2,2,3,4,0,7,17,19,11,0,13354.7864847
20221,1123002514,4,4,0,0,0,0,0,3,1,0,0,0,0,3,1,0,0,0,0,0,0,6745.76887548
20221,1123002515,4,4,0,0,0,1,0,0,3,0,0,1,0,0,3,0,0,0,0,0,0,3045.27256202
20221,1123002519,24,21,3,0,0,5,9,3,7,0,0,5,7,3,6,0,0,0,2,0,1,3643.99151507
20221,1123002520,2,1,1,0,0,0,1,1,0,0,0,0,1,0,0,0,0,0,0,1,0,4076.11845592
20221,1123002531,5,5,0,0,1,2,1,1,0,0,1,2,1,1,0,0,0,0,0,0,0,2836.64684626
20221,1123002536,4,3,1,0,0,0,4,0,0,0,0,0,3,0,0,0,0,0,1,0,0,3622.11421246
20221,1123002550,1,1,0,0,0,0,1,0,0,0,0,0,1,0,0,0,0,0,0,0,0,820.199193503
20221,1123002554,2,2,0,0,0,0,1,1,0,0,0,0,1,1,0,0,0,0,0,0,0,3691.36341801
20221,1123002565,8,6,2,0,0,3,2,1,2,0,0,2,1,1,2,0,0,1,1,0,0,1404.58152604
20221,1123002567,5,5,0,0,0,0,3,1,1,0,0,0,3,1,1,0,0,0,0,0,0,832.129823743
20221,1123002568,452,314,138,1,20,81,163,130,57,1,13,36,115,96,53,0,7,45,48,34,4,1831.48307665
20221,1123002578,6,6,0,0,1,1,0,3,1,0,1,1,0,3,1,0,0,0,0,0,0,4279.2552907
20221,1123002582,2,2,0,0,0,0,1,0,1,0,0,0,1,0,1,0,0,0,0,0,0,2176.99092134
20221,1123002589,2,1,1,0,0,1,1,0,0,0,0,0,1,0,0,0,0,1,0,0,0,1155.38552059
20221,1123002593,5,3,2,0,0,3,0,1,1,0,0,2,0,0,1,0,0,1,0,1,0,8385.24352629
20221,1123002601,49,33,16,0,8,17,22,2,0,0,4,13,15,1,0,0,4,4,7,1,0,1841.85327599
20221,1123002605,34,29,5,0,5,6,7,10,6,0,3,4,6,10,6,0,2,2,1,0,0,13237.1194942
20221,1123002606,4,2,2,0,0,1,1,0,2,0,0,0,1,0,1,0,0,1,0,0,1,4138.75667684
20221,1123002607,91,44,47,0,10,18,31,25,7,0,3,17,10,8,6,0,7,1,21,17,1,3940.03439716
20221,1123002608,5,2,3,0,0,3,0,0,2,0,0,1,0,0,1,0,0,2,0,0,1,7654.08675125
20221,1123002616,60,16,44,0,7,2,10,10,31,0,0,0,2,5,9,0,7,2,8,5,22,9243.73748842
20221,1123002618,11,5,6,0,2,2,1,0,6,0,0,1,0,0,4,0,2,1,1,0,2,6978.0957187
20221,1123002621,17,10,7,0,1,4,5,4,3,0,1,2,3,2,2,0,0,2,2,2,1,3854.78339284
20221,1123002622,207,117,90,3,56,37,45,44,22,2,26,23,30,23,13,1,30,14,15,21,9,2178.13917658
20221,1123002623,14,8,6,0,0,2,1,5,6,0,0,0,0,4,4,0,0,2,1,1,2,5821.58192479
20221,1123002627,4,3,1,0,1,2,1,0,0,0,1,1,1,0,0,0,0,1,0,0,0,3243.50498842
20221,1123002628,120,68,52,0,14,22,18,33,33,0,10,9,8,17,24,0,4,13,10,16,9,14535.9802083
20221,1123002629,80,28,52,0,5,14,17,27,17,0,3,5,8,6,6,0,2,9,9,21,11,3361.02961059
20221,1123002631,21,8,13,0,7,5,2,6,1,0,2,2,0,3,1,0,5,3,2,3,0,9423.44799531
20221,1123002633,237,141,96,0,12,26,41,58,100,0,7,17,19,35,63,0,5,9,22,23,37,10295.3038033
20221,1123002634,3,1,2,0,0,0,0,2,1,0,0,0,0,1,0,0,0,0,0,1,1,4481.7189554
20221,1123002635,14,3,11,0,0,1,5,4,4,0,0,0,2,0,1,0,0,1,3,4,3,2678.94766554
20221,1123002636,5,3,2,0,1,0,2,1,1,0,0,0,1,1,1,0,1,0,1,0,0,1044.62139714
20221,1123002638,8,3,5,0,0,1,2,2,3,0,0,0,1,0,2,0,0,1,1,2,1,3139.23114956
20221,1123002639,37,8,29,0,3,8,8,8,10,0,0,0,0,2,6,0,3,8,8,6,4,5673.18015791
20221,1123002640,216,125,91,0,22,19,29,58,88,0,11,14,13,27,60,0,11,5,16,31,28,7504.99769694
20221,1123002641,4,2,2,0,2,0,0,2,0,0,0,0,0,2,0,0,2,0,0,0,0,1893.06739058
20221,1123002643,15,3,12,0,4,3,1,3,4,0,0,0,0,0,3,0,4,3,1,3,1,5369.47236959
20221,1123002644,6,3,3,0,1,1,0,2,2,0,0,1,0,2,0,0,1,0,0,0,2,1270.4937998
20221,1123002645,10,3,7,0,1,3,2,3,1,0,0,0,0,2,1,0,1,3,2,1,0,5111.00326465
20221,1123002647,11,8,3,0,0,1,6,2,2,0,0,1,5,1,1,0,0,0,1,1,1,1792.53377292
20221,1123002650,54,35,19,0,3,15,6,12,18,0,1,11,3,6,14,0,2,4,3,6,4,3281.86765659
20221,1123002651,353,87,266,0,96,98,86,56,17,0,12,25,19,18,13,0,84,73,67,38,4,6172.00839944
20221,1123002654,3,2,1,0,1,0,2,0,0,0,0,0,2,0,0,0,1,0,0,0,0,3893.0683886
20221,1123002660,26,20,6,1,0,2,16,5,2,1,0,0,13,4,2,0,0,2,3,1,0,4042.42087228
20221,1123002662,8,4,4,0,0,0,3,4,1,0,0,0,2,1,1,0,0,0,1,3,0,1085.16450444
20221,1123002669,2,2,0,0,0,1,0,1,0,0,0,1,0,1,0,0,0,0,0,0,0,934.769917878
20221,1123002674,23,11,12,0,2,2,6,5,8,0,1,1,3,1,5,0,1,1,3,4,3,4746.99512161
20221,1123002677,6,4,2,0,1,2,1,1,1,0,0,2,1,0,1,0,1,0,0,1,0,719.96882156
20221,1123002683,22,18,4,0,0,5,8,9,0,0,0,2,7,9,0,0,0,3,1,0,0,781.21546642
20221,1123002684,3,1,2,0,1,0,0,2,0,0,0,0,0,1,0,0,1,0,0,1,0,1603.46469515
20221,1123002690,4,2,2,0,0,0,2,2,0,0,0,0,1,1,0,0,0,0,1,1,0,2896.75745726
20221,1123002692,10,0,10,0,0,3,3,4,0,0,0,0,0,0,0,0,0,3,3,4,0,1233.39585641
20221,1123002697,4,2,2,0,0,0,0,2,2,0,0,0,0,0,2,0,0,0,0,2,0,1989.42465704
20221,1123002699,10,9,1,0,1,5,2,1,1,0,1,4,2,1,1,0,0,1,0,0,0,926.081338484
20221,1123002701,5,4,1,0,0,0,5,0,0,0,0,0,4,0,0,0,0,0,1,0,0,778.779638929
20221,1123002706,2,0,2,0,0,0,1,1,0,0,0,0,0,0,0,0,0,0,1,1,0,1445.25842996
20221,1123002707,47,42,5,0,0,1,10,5,31,0,0,1,5,5,31,0,0,0,5,0,0,10946.0681679
20221,1123002708,6,2,4,0,0,2,3,0,1,0,0,0,2,0,0,0,0,2,1,0,1,4176.15077947
20221,1123002713,3,1,2,0,0,0,0,3,0,0,0,0,0,1,0,0,0,0,0,2,0,9693.84098584
20221,1123002714,43,27,16,0,8,8,15,5,7,0,5,3,8,4,7,0,3,5,7,1,0,4680.70346453
20221,1123002715,1,1,0,0,0,0,0,1,0,0,0,0,0,1,0,0,0,0,0,0,0,1253.9989814
20221,1123002717,2,2,0,0,0,0,1,1,0,0,0,0,1,1,0,0,0,0,0,0,0,2431.05873191
20221,1123002719,2,2,0,0,0,0,2,0,0,0,0,0,2,0,0,0,0,0,0,0,0,975.571989327
20221,1123002723,55,33,22,0,8,11,21,11,4,0,4,4,14,8,3,0,4,7,7,3,1,6040.37530546
20221,1123002725,2,2,0,0,0,0,1,0,1,0,0,0,1,0,1,0,0,0,0,0,0,3743.19124982
20221,1123002729,4,1,3,0,0,0,0,3,1,0,0,0,0,1,0,0,0,0,0,2,1,2279.12340816
20221,1123002733,16,13,3,0,1,4,5,6,0,0,0,4,4,5,0,0,1,0,1,1,0,5199.83648477
20221,1123002734,1,1,0,0,0,0,1,0,0,0,0,0,1,0,0,0,0,0,0,0,0,1502.51419786
20221,1123002736,6,5,1,0,1,0,3,2,0,0,0,0,3,2,0,0,1,0,0,0,0,2096.69549657
20221,1123002738,19,11,8,0,2,9,5,3,0,0,1,7,1,2,0,0,1,2,4,1,0,5995.60777454
20221,1123002742,6,5,1,0,0,1,1,3,1,0,0,0,1,3,1,0,0,1,0,0,0,5582.61413012
20221,1123002746,6,4,2,0,3,1,1,1,0,0,3,0,0,1,0,0,0,1,1,0,0,574.036106706
20221,1123002749,1,1,0,0,0,0,0,0,1,0,0,0,0,0,1,0,0,0,0,0,0,787.454644106
20221,1123002751,19,7,12,0,8,8,2,1,0,0,2,4,1,0,0,0,6,4,1,1,0,4083.93505586
20221,1123002755,249,59,190,1,30,20,16,43,139,1,6,10,9,5,28,0,24,10,7,38,111,7310.33141785
20221,1123002756,11,4,7,0,1,0,3,6,1,0,0,0,2,2,0,0,1,0,1,4,1,6327.95327245
20221,1123002757,1,1,0,0,0,0,0,1,0,0,0,0,0,1,0,0,0,0,0,0,0,5494.58312936
20221,1123002761,13,8,5,0,3,3,4,1,2,0,3,0,3,0,2,0,0,3,1,1,0,3105.93828489
20221,1123002766,18,3,15,0,5,5,3,3,2,0,0,1,2,0,0,0,5,4,1,3,2,7574.87214461
20221,1123002767,8,8,0,0,1,2,2,3,0,0,1,2,2,3,0,0,0,0,0,0,0,4733.72402152
20221,1123002769,2,2,0,0,0,0,0,0,2,0,0,0,0,0,2,0,0,0,0,0,0,2698.34449133
20221,1123002774,7,5,2,0,0,0,2,3,2,0,0,0,0,3,2,0,0,0,2,0,0,2959.69723667
20221,1123002776,802,598,204,0,138,382,114,113,55,0,87,323,78,80,30,0,51,59,36,33,25,5416.71290985
20221,1123002781,10,1,9,0,0,1,1,6,2,0,0,0,0,1,0,0,0,1,1,5,2,5162.70193978
20221,1123002784,19,8,11,0,1,6,7,4,1,0,1,4,2,1,0,0,0,2,5,3,1,2008.60643332
20221,1123002785,36,12,24,0,7,10,6,13,0,0,2,1,2,7,0,0,5,9,4,6,0,18019.1780333
20221,1123002786,6,2,4,0,1,0,2,3,0,0,0,0,1,1,0,0,1,0,1,2,0,4069.79125929
20221,1123002791,2,2,0,0,0,0,0,0,2,0,0,0,0,0,2,0,0,0,0,0,0,4494.47104337
20221,1123002792,9,4,5,0,1,3,1,4,0,0,0,0,1,3,0,0,1,3,0,1,0,2008.5003708
20221,1123002794,3,2,1,0,0,0,2,1,0,0,0,0,1,1,0,0,0,0,1,0,0,1972.92056067
20221,1123002797,114,27,87,0,21,25,25,23,20,0,9,8,3,3,4,0,12,17,22,20,16,13109.7705542
20221,1123002807,30,12,18,0,1,16,7,5,1,0,1,5,2,3,1,0,0,11,5,2,0,18763.0717535
20221,1123002811,5,4,1,0,1,1,1,2,0,0,1,1,0,2,0,0,0,0,1,0,0,823.418927319
20221,1123002814,14,6,8,0,1,4,2,3,4,0,0,3,0,0,3,0,1,1,2,3,1,6168.85521255
20221,1123002823,13,9,4,0,0,1,11,1,0,0,0,1,8,0,0,0,0,0,3,1,0,1481.26778293
20221,1123002827,5,4,1,0,0,1,1,1,2,0,0,1,1,1,1,0,0,0,0,0,1,1070.50199421
20221,1123002829,15,12,3,0,0,2,3,7,3,0,0,2,3,6,1,0,0,0,0,1,2,4181.02332029
20221,1123002831,3,1,2,0,0,0,1,0,2,0,0,0,1,0,0,0,0,0,0,0,2,5406.19270289
20221,1123002832,36,3,33,0,2,7,17,8,2,0,0,0,2,1,0,0,2,7,15,7,2,16011.9000326
20221,1123002833,2,1,1,0,0,0,1,1,0,0,0,0,0,1,0,0,0,0,1,0,0,4835.77166826
20221,1123002834,386,244,142,0,45,106,101,105,29,0,9,48,76,87,24,0,36,58,25,18,5,145231.340463
20221,1123002839,433,279,154,1,101,179,87,46,19,1,44,116,66,39,13,0,57,63,21,7,6,86929.4344295
20221,1123002840,783,366,417,1,238,302,113,86,43,0,79,128,68,55,36,1,159,174,45,31,7,204928.740361
20221,1123002845,1,0,1,0,0,0,0,1,0,0,0,0,0,0,0,0,0,0,0,1,0,1857.92952282
20221,1123002847,2,1,1,0,0,1,0,1,0,0,0,0,0,1,0,0,0,1,0,0,0,1332.09506987
20221,1123002848,4,0,4,0,0,2,0,2,0,0,0,0,0,0,0,0,0,2,0,2,0,2581.0345929
20221,1123002851,46,40,6,0,0,2,1,9,34,0,0,0,0,6,34,0,0,2,1,3,0,1452.37187066
20221,1123002865,4,1,3,0,2,0,0,2,0,0,0,0,0,1,0,0,2,0,0,1,0,5373.72049496
20221,1123002868,260,121,139,0,37,62,57,70,34,0,9,21,32,33,26,0,28,41,25,37,8,1510.91950751
20221,1123002876,47,26,21,1,5,18,15,6,2,1,3,10,9,3,0,0,2,8,6,3,2,15017.9680694
20221,1123002877,4,0,4,0,0,0,4,0,0,0,0,0,0,0,0,0,0,0,4,0,0,1607.11077524
20221,1123002880,4,4,0,0,0,3,1,0,0,0,0,3,1,0,0,0,0,0,0,0,0,6573.82251752
20221,1123002883,2,1,1,0,0,0,0,2,0,0,0,0,0,1,0,0,0,0,0,1,0,1318.55705442
20221,1123002886,2,1,1,0,0,0,1,1,0,0,0,0,0,1,0,0,0,0,1,0,0,2935.76638306
20221,1123002891,17,7,10,0,3,2,7,5,0,0,0,2,2,3,0,0,3,0,5,2,0,9962.6035372
20221,1123002895,14,7,7,0,0,2,3,4,5,0,0,2,1,1,3,0,0,0,2,3,2,4137.9390375
20221,1123002896,3,0,3,0,1,2,0,0,0,0,0,0,0,0,0,0,1,2,0,0,0,3959.52459558
20221,1123002898,28,6,22,0,6,10,5,5,2,0,2,1,1,1,1,0,4,9,4,4,1,6010.32442575
20221,1123002899,4,4,0,0,2,0,0,1,1,0,2,0,0,1,1,0,0,0,0,0,0,3200.76256493
20221,1123002900,25,18,7,0,0,6,9,7,3,0,0,5,5,6,2,0,0,1,4,1,1,13063.948137
20221,1123002901,13,9,4,0,1,0,1,5,6,0,0,0,0,5,4,0,1,0,1,0,2,3447.72831246
20221,1123002903,2,2,0,0,0,0,1,1,0,0,0,0,1,1,0,0,0,0,0,0,0,4492.04775526
20221,1123002905,10,9,1,0,5,2,0,0,3,0,4,2,0,0,3,0,1,0,0,0,0,5201.55250318
20221,1123002906,2,1,1,0,0,0,0,0,2,0,0,0,0,0,1,0,0,0,0,0,1,1563.78613036
20221,1123002907,5,2,3,0,0,0,2,1,2,0,0,0,1,0,1,0,0,0,1,1,1,4459.29513123
20221,1123002908,5,0,5,0,0,1,2,2,0,0,0,0,0,0,0,0,0,1,2,2,0,1661.85417865
20221,1123002911,6,0,6,0,0,0,4,1,1,0,0,0,0,0,0,0,0,0,4,1,1,3750.41693968
20221,1123002914,6,2,4,0,1,1,1,2,1,0,0,0,1,1,0,0,1,1,0,1,1,4604.29294001
20221,1123002915,13,5,8,0,1,2,4,1,5,0,0,2,2,0,1,0,1,0,2,1,4,4925.59184714
20221,1123002916,4,1,3,0,0,0,2,2,0,0,0,0,0,1,0,0,0,0,2,1,0,4142.42363309
20221,1123002917,4,3,1,0,0,1,0,2,1,0,0,1,0,1,1,0,0,0,0,1,0,603.027519223
20221,1123002918,9,0,9,0,3,3,1,0,2,0,0,0,0,0,0,0,3,3,1,0,2,1004.19322794
20221,1123002919,91,14,77,0,6,25,33,22,5,0,1,4,4,1,4,0,5,21,29,21,1,17689.5856703
20221,1123002920,5,4,1,0,0,0,0,2,3,0,0,0,0,2,2,0,0,0,0,0,1,2780.02974491
20221,1123002923,6,2,4,0,1,0,2,2,1,0,0,0,0,2,0,0,1,0,2,0,1,4296.91466037
20221,1123002924,15,6,9,0,2,8,2,0,3,0,0,4,1,0,1,0,2,4,1,0,2,3736.83245655
20221,1123002925,5,1,4,0,1,1,1,1,1,0,1,0,0,0,0,0,0,1,1,1,1,2422.05723758
20221,1123002926,22,9,13,0,4,6,4,3,5,0,4,1,1,1,2,0,0,5,3,2,3,1926.12998818
20221,1123002928,7,3,4,0,3,2,1,1,0,0,0,1,1,1,0,0,3,1,0,0,0,5427.73148192
20221,1123002929,17,11,6,0,0,6,5,2,4,0,0,4,5,1,1,0,0,2,0,1,3,6990.87268715
20221,1123002931,3,2,1,0,0,1,1,1,0,0,0,0,1,1,0,0,0,1,0,0,0,2471.75163454
20221,1123002937,52,42,10,0,1,9,20,11,11,0,1,7,16,8,10,0,0,2,4,3,1,34094.480476
20221,1123002938,15,6,9,0,8,2,5,0,0,0,1,1,4,0,0,0,7,1,1,0,0,68381.0030704
20221,1123002941,8,7,1,0,0,1,2,2,3,0,0,1,2,2,2,0,0,0,0,0,1,2186.89832288
20221,1123002942,16,9,7,1,1,5,2,3,4,0,0,3,1,2,3,1,1,2,1,1,1,8655.7840371
20221,1123002943,34,17,17,0,5,9,9,5,6,0,3,5,3,3,3,0,2,4,6,2,3,11806.3933984
20221,1123002946,1,1,0,0,1,0,0,0,0,0,1,0,0,0,0,0,0,0,0,0,0,2280.66381413
20221,1123002949,7,6,1,0,0,0,2,5,0,0,0,0,2,4,0,0,0,0,0,1,0,1173.42272159
20221,1123002951,15,9,6,0,1,1,4,3,6,0,1,1,3,0,4,0,0,0,1,3,2,3091.96541572
20221,1123002952,3,2,1,0,0,1,1,0,1,0,0,1,1,0,0,0,0,0,0,0,1,3942.64469453
20221,1123002953,5,3,2,1,1,0,1,1,1,1,0,0,1,1,0,0,1,0,0,0,1,4089.65904967
20221,1123002954,20,9,11,0,6,8,2,1,3,0,1,4,1,0,3,0,5,4,1,1,0,5493.46665185
20221,1123002956,4,4,0,0,0,0,0,1,3,0,0,0,0,1,3,0,0,0,0,0,0,22550.5034436
20221,1123002959,7,6,1,0,0,0,3,2,2,0,0,0,3,1,2,0,0,0,0,1,0,1461.94013885
20221,1123002960,3,1,2,0,0,1,1,1,0,0,0,0,0,1,0,0,0,1,1,0,0,2876.59289452
20221,1123002964,20,17,3,0,0,3,2,6,9,0,0,2,2,4,9,0,0,1,0,2,0,10333.6074492
20221,1123002965,2,1,1,0,0,1,0,0,1,0,0,0,0,0,1,0,0,1,0,0,0,1421.04892608
20221,1123002966,27,15,12,0,6,2,4,6,9,0,2,2,2,2,7,0,4,0,2,4,2,3956.03477432
20221,1123002967,84,54,30,0,14,8,28,25,9,0,8,6,15,17,8,0,6,2,13,8,1,13051.1044731
20221,1123002968,2,1,1,0,0,0,0,1,1,0,0,0,0,0,1,0,0,0,0,1,0,6251.95843482
20221,1123002974,319,252,67,0,20,58,110,115,16,0,10,50,85,96,11,0,10,8,25,19,5,4514.14451559
20221,1123002982,2,2,0,0,0,0,1,0,1,0,0,0,1,0,1,0,0,0,0,0,0,5860.91184551
20221,1123002985,230,126,104,0,26,57,60,49,38,0,11,36,41,30,8,0,15,21,19,19,30,1232.6863747
20221,1123002986,5,4,1,0,0,0,2,1,2,0,0,0,2,0,2,0,0,0,0,1,0,7121.21524291
20221,1123002990,47,33,14,0,7,4,12,14,10,0,5,4,6,9,9,0,2,0,6,5,1,12047.0287981
20221,1123002991,37,23,14,0,3,5,7,8,14,0,2,2,3,4,12,0,1,3,4,4,2,5781.13744145
20221,1123002993,4,4,0,0,0,0,2,0,2,0,0,0,2,0,2,0,0,0,0,0,0,6875.16128071
20221,1123002995,5,1,4,0,2,2,1,0,0,0,0,0,1,0,0,0,2,2,0,0,0,1339.17571596
20221,1123002996,92,27,65,0,10,15,14,5,48,0,3,6,3,2,13,0,7,9,11,3,35,7871.0655319
20221,1123002998,3,0,3,0,2,0,0,1,0,0,0,0,0,0,0,0,2,0,0,1,0,2231.43201635
20221,1123002999,2,2,0,0,0,0,1,1,0,0,0,0,1,1,0,0,0,0,0,0,0,1162.60106867
20221,1123003009,35,17,18,1,3,9,14,7,1,0,2,1,8,5,1,1,1,8,6,2,0,5556.41635339
20221,1123003012,8,5,3,0,1,2,2,2,1,0,0,0,2,2,1,0,1,2,0,0,0,1218.34512365
20221,1123003014,3,2,1,0,0,2,0,0,1,0,0,1,0,0,1,0,0,1,0,0,0,1182.30404241
20221,1123003018,12,11,1,0,0,2,1,5,4,0,0,2,0,5,4,0,0,0,1,0,0,8835.50062464
20221,1123003020,14,8,6,0,3,3,4,3,1,0,3,2,2,1,0,0,0,1,2,2,1,7216.11136233
20221,1123003022,2,1,1,0,0,0,2,0,0,0,0,0,1,0,0,0,0,0,1,0,0,1677.00612323
20221,1123003023,39,7,32,0,5,11,9,9,5,0,1,0,2,2,2,0,4,11,7,7,3,2959.45200321
20221,1123003024,17,2,15,0,0,5,5,4,3,0,0,0,0,0,2,0,0,5,5,4,1,1400.23542553
20221,1123003025,4,3,1,0,0,2,1,1,0,0,0,1,1,1,0,0,0,1,0,0,0,3303.94673515
20221,1123003029,5,4,1,0,0,0,0,5,0,0,0,0,0,4,0,0,0,0,0,1,0,4524.61911672
20221,1123003032,115,63,52,2,22,34,19,28,10,0,2,14,13,25,9,2,20,20,6,3,1,12058.3743236
20221,1123003034,5,1,4,0,0,0,1,4,0,0,0,0,0,1,0,0,0,0,1,3,0,2565.69065106
20221,1123003037,2,1,1,0,0,0,0,1,1,0,0,0,0,1,0,0,0,0,0,0,1,3638.95708217
20221,1123003038,9,4,5,0,0,1,1,3,4,0,0,1,0,2,1,0,0,0,1,1,3,3698.24780991
20221,1123003044,3,3,0,0,0,1,2,0,0,0,0,1,2,0,0,0,0,0,0,0,0,3574.12178366
20221,1123003046,3,2,1,0,0,0,1,1,1,0,0,0,1,0,1,0,0,0,0,1,0,3867.1605798
20221,1123003052,31,7,24,0,3,0,1,7,20,0,1,0,1,2,3,0,2,0,0,5,17,3927.52294582
20221,1123003057,10,6,4,0,1,0,2,3,4,0,1,0,1,1,3,0,0,0,1,2,1,3167.75738429
20221,1123003059,5,4,1,0,0,2,0,1,2,0,0,2,0,0,2,0,0,0,0,1,0,1313.90936941
20221,1123003060,16,12,4,0,1,1,4,8,2,0,0,1,3,6,2,0,1,0,1,2,0,3224.03133839
20221,1123003061,2,2,0,0,0,0,2,0,0,0,0,0,2,0,0,0,0,0,0,0,0,3218.04294109
20221,1123003063,13,6,7,0,5,2,2,1,3,0,1,1,1,1,2,0,4,1,1,0,1,9640.84880546
20221,1123003065,3,2,1,0,0,2,0,0,1,0,0,1,0,0,1,0,0,1,0,0,0,3022.13577466
20221,1123003066,17,3,14,0,0,7,3,6,1,0,0,1,0,2,0,0,0,6,3,4,1,1166.57534
20221,1123003067,18,1,17,0,3,5,3,4,3,0,0,0,0,0,1,0,3,5,3,4,2,1538.43611938
20221,1123003068,7,7,0,0,0,0,2,4,1,0,0,0,2,4,1,0,0,0,0,0,0,4541.00568846
20221,1123003069,3,2,1,0,1,0,0,2,0,0,0,0,0,2,0,0,1,0,0,0,0,1889.17113346
20221,1123003070,16,8,8,0,0,1,2,2,11,0,0,1,1,1,5,0,0,0,1,1,6,11129.0370473
20221,1123003078,2,2,0,0,0,0,1,1,0,0,0,0,1,1,0,0,0,0,0,0,0,1068.36855711
20221,1123003082,105,41,64,0,8,31,37,23,6,0,2,8,12,15,4,0,6,23,25,8,2,2342.93071185
20221,1123003094,186,107,79,0,22,45,48,46,25,0,10,21,23,29,24,0,12,24,25,17,1,5618.47306291
20221,1123003100,18,2,16,0,5,4,6,1,2,0,0,0,0,1,1,0,5,4,6,0,1,7604.23128972
20221,1123003105,39,18,21,0,9,10,9,9,2,0,3,3,5,5,2,0,6,7,4,4,0,3015.93063789
20221,1123003107,678,421,257,5,58,126,204,175,110,3,26,61,117,113,101,2,32,65,87,62,9,4626.95567548
20221,1123003118,4,3,1,0,0,0,2,2,0,0,0,0,2,1,0,0,0,0,0,1,0,4249.76234106
20221,1123003119,50,39,11,0,3,20,18,1,8,0,2,17,11,1,8,0,1,3,7,0,0,12868.6711485
20221,1123003120,25,15,10,0,1,2,7,13,2,0,1,2,6,6,0,0,0,0,1,7,2,11398.4598182
20221,1123003122,10,1,9,0,3,2,1,2,2,0,0,0,0,0,1,0,3,2,1,2,1,3272.18602586
20221,1123003124,185,82,103,0,26,43,43,59,14,0,13,15,9,35,10,0,13,28,34,24,4,19358.6191889
20221,1123003128,9,3,6,0,2,5,0,1,1,0,0,2,0,0,1,0,2,3,0,1,0,12928.1814159
20221,1123003129,22,17,5,0,2,5,8,6,1,0,2,3,7,4,1,0,0,2,1,2,0,4091.84871842
20221,1123003130,4,3,1,0,0,0,1,1,2,0,0,0,1,1,1,0,0,0,0,0,1,1471.64044485
20221,1123003131,4,2,2,0,0,0,1,2,1,0,0,0,0,1,1,0,0,0,1,1,0,3349.4808711
20221,1123003136,2,1,1,0,0,1,1,0,0,0,0,0,1,0,0,0,0,1,0,0,0,884.504306945
20221,1123003137,314,221,93,0,24,118,122,50,0,0,13,77,91,40,0,0,11,41,31,10,0,27614.2424638
20221,1123003138,18,7,11,0,0,0,6,9,3,0,0,0,3,2,2,0,0,0,3,7,1,8513.5283851
20221,1123003139,34,11,23,0,4,11,5,14,0,0,0,2,2,7,0,0,4,9,3,7,0,15038.7415062
20221,1123003144,5,3,2,0,0,0,0,3,2,0,0,0,0,1,2,0,0,0,0,2,0,1993.21277869
20221,1123003146,19,16,3,0,5,2,1,7,4,0,5,2,0,5,4,0,0,0,1,2,0,2252.1967799
20221,1123003147,67,10,57,0,8,15,18,22,4,0,1,2,0,3,4,0,7,13,18,19,0,17303.1775195
20221,1123003148,2,1,1,0,0,0,2,0,0,0,0,0,1,0,0,0,0,0,1,0,0,3128.59616429
20221,1123003150,297,225,72,1,6,12,9,21,248,1,2,7,1,12,202,0,4,5,8,9,46,5558.46557363
20221,1123003151,2,2,0,0,1,1,0,0,0,0,1,1,0,0,0,0,0,0,0,0,0,1743.12974971
20221,1123003153,19,3,16,0,0,6,4,7,2,0,0,1,1,0,1,0,0,5,3,7,1,2316.69666325
20221,1123003154,3,3,0,0,0,0,2,1,0,0,0,0,2,1,0,0,0,0,0,0,0,6281.24073051
20221,1123003155,20,11,9,0,1,0,3,11,5,0,1,0,2,4,4,0,0,0,1,7,1,3363.2077305
20221,1123003156,1,1,0,0,0,0,1,0,0,0,0,0,1,0,0,0,0,0,0,0,0,1373.31387675
20221,1123003158,18,16,2,0,0,3,5,4,6,0,0,3,4,4,5,0,0,0,1,0,1,8970.64619539
20221,1123003159,63,51,12,0,7,17,23,13,3,0,4,13,19,12,3,0,3,4,4,1,0,5480.83401
20221,1123003161,1,1,0,0,0,0,0,1,0,0,0,0,0,1,0,0,0,0,0,0,0,23579.4917903
20221,1123003166,3,1,2,0,0,1,0,1,1,0,0,0,0,0,1,0,0,1,0,1,0,3247.92058127
20221,1123003171,53,15,38,0,6,15,14,17,1,0,1,3,4,7,0,0,5,12,10,10,1,13633.9854419
20221,1123003175,8,7,1,0,0,1,2,2,3,0,0,1,2,2,2,0,0,0,0,0,1,9316.32131498
20221,1123003181,6,5,1,0,0,2,0,3,1,0,0,2,0,2,1,0,0,0,0,1,0,3407.7166487
20221,1123003182,3,2,1,0,0,1,1,1,0,0,0,0,1,1,0,0,0,1,0,0,0,2931.7594135
20221,1123003184,2,0,2,0,0,0,1,0,1,0,0,0,0,0,0,0,0,0,1,0,1,1837.34800783
20221,1123003186,55,37,18,0,3,14,19,19,0,0,1,7,11,18,0,0,2,7,8,1,0,1775.20415458
20221,1123003187,4,3,1,0,0,1,1,2,0,0,0,1,0,2,0,0,0,0,1,0,0,2689.88167951
20221,1123003192,4,4,0,0,0,0,1,3,0,0,0,0,1,3,0,0,0,0,0,0,0,3395.39822332
20221,1123003194,5,4,1,0,1,0,3,1,0,0,1,0,2,1,0,0,0,0,1,0,0,3940.78552013
20221,1123003195,7,4,3,0,0,0,1,5,1,0,0,0,1,3,0,0,0,0,0,2,1,2096.1240028
20221,1123003198,1,1,0,0,0,0,0,0,1,0,0,0,0,0,1,0,0,0,0,0,0,1773.35958788
20221,1123003199,13,8,5,0,1,5,3,3,1,0,1,2,1,3,1,0,0,3,2,0,0,11968.2079724
20221,1123003200,5,2,3,0,0,0,2,0,3,0,0,0,0,0,2,0,0,0,2,0,1,3125.45551703
20221,1123003201,126,50,76,0,22,34,37,19,14,0,2,11,15,10,12,0,20,23,22,9,2,3733.1613408
20221,1123003202,6,5,1,0,0,2,3,1,0,0,0,2,2,1,0,0,0,0,1,0,0,11987.7122254
20221,1123003204,4,4,0,0,0,0,1,1,2,0,0,0,1,1,2,0,0,0,0,0,0,3210.21328573
20221,1123003208,3,2,1,0,0,2,0,0,1,0,0,1,0,0,1,0,0,1,0,0,0,3851.541978
20221,1123003210,1,0,1,0,0,0,1,0,0,0,0,0,0,0,0,0,0,0,1,0,0,4020.53359944
20221,1123003211,62,45,17,0,12,16,17,12,5,0,8,13,12,8,4,0,4,3,5,4,1,8274.21403272
20221,1123003213,15,0,15,0,2,4,4,5,0,0,0,0,0,0,0,0,2,4,4,5,0,5956.24610527
20221,1123003214,7,0,7,0,0,0,4,2,1,0,0,0,0,0,0,0,0,0,4,2,1,1257.14468851
20221,1123003216,6,6,0,0,0,0,2,4,0,0,0,0,2,4,0,0,0,0,0,0,0,2667.28280985
20221,1123003217,6,2,4,1,0,2,2,1,0,0,0,1,0,1,0,1,0,1,2,0,0,3329.87581324
20221,1123003221,4,2,2,0,0,1,3,0,0,0,0,1,1,0,0,0,0,0,2,0,0,2101.70309045
20221,1123003222,7,2,5,0,0,1,4,1,1,0,0,1,0,1,0,0,0,0,4,0,1,2742.40524015
20221,1123003223,2,2,0,0,2,0,0,0,0,0,2,0,0,0,0,0,0,0,0,0,0,610.98000847
20221,1123003225,28,11,17,0,3,4,9,2,10,0,0,0,2,1,8,0,3,4,7,1,2,10602.3289047
20221,1123003227,5,3,2,0,0,1,1,1,2,0,0,0,0,1,2,0,0,1,1,0,0,3652.08823396
20221,1123003228,1,0,1,0,0,1,0,0,0,0,0,0,0,0,0,0,0,1,0,0,0,2456.07411552
20221,1123003230,163,52,111,0,15,17,34,42,55,0,7,8,17,11,9,0,8,9,17,31,46,141007.569639
20221,1123003231,1499,630,869,0,323,352,359,382,83,0,64,161,193,169,43,0,259,191,166,213,40,4303.94168553
20221,1123003242,4,2,2,0,0,0,0,1,3,0,0,0,0,1,1,0,0,0,0,0,2,6594.92086151
20221,1123003243,15,12,3,0,1,5,5,3,1,0,1,5,3,2,1,0,0,0,2,1,0,4674.05976834
20221,1123003244,5,3,2,0,1,0,0,2,2,0,0,0,0,1,2,0,1,0,0,1,0,2617.4533702
20221,1123003245,38,8,30,0,2,7,16,11,2,0,0,1,3,3,1,0,2,6,13,8,1,3968.17004883
20221,1129000001,19,1,18,0,4,6,4,3,2,0,0,0,0,0,1,0,4,6,4,3,1,3003.00535396
20221,1129000003,63,37,26,0,4,17,18,16,8,0,0,10,7,13,7,0,4,7,11,3,1,2810.55308507
20221,1129000008,88,19,69,0,36,24,10,8,10,0,2,5,3,2,7,0,34,19,7,6,3,7946.14242889
20221,1129000013,4,1,3,0,1,0,2,1,0,0,0,0,0,1,0,0,1,0,2,0,0,2883.14216599
20221,1129000016,2,0,2,0,0,0,1,0,1,0,0,0,0,0,0,0,0,0,1,0,1,1720.46424123
20221,1129000026,19,2,17,0,5,5,4,3,2,0,0,0,0,0,2,0,5,5,4,3,0,677.896615756
20221,1129000031,173,89,84,0,16,45,43,46,23,0,6,26,26,15,16,0,10,19,17,31,7,7682.32234575
20221,1129000032,8,4,4,0,0,2,1,2,3,0,0,2,0,0,2,0,0,0,1,2,1,3930.49844048
20221,1129000039,6,4,2,0,0,1,2,0,3,0,0,0,1,0,3,0,0,1,1,0,0,2677.49029149
20221,1129000042,5,0,5,0,0,0,2,0,3,0,0,0,0,0,0,0,0,0,2,0,3,17067.9713324
20221,1129000047,4,1,3,0,0,0,3,1,0,0,0,0,0,1,0,0,0,0,3,0,0,10290.4625534
20221,1129000049,42,9,33,0,12,7,11,8,4,0,0,0,5,2,2,0,12,7,6,6,2,8054.58226851
20221,1129000051,89,52,37,0,16,21,30,15,7,0,7,15,17,8,5,0,9,6,13,7,2,3961.21404433
20221,1129000062,218,74,144,1,29,62,65,38,23,0,13,20,16,14,11,1,16,42,49,24,12,2211.8899486
20221,1129000063,1,0,1,0,0,1,0,0,0,0,0,0,0,0,0,0,0,1,0,0,0,1984.38510667
20221,1129000070,358,154,204,0,45,52,105,117,39,0,22,25,42,40,25,0,23,27,63,77,14,27762.0060369
20221,1129000078,26,24,2,0,0,4,15,6,1,0,0,4,14,5,1,0,0,0,1,1,0,2532.94933053
20221,1129000086,104,47,57,0,28,16,25,17,18,0,10,7,10,7,13,0,18,9,15,10,5,2544.84774991
20221,1129000099,7,0,7,0,0,0,0,5,2,0,0,0,0,0,0,0,0,0,0,5,2,4588.45491458
20221,1129000104,29,12,17,0,0,7,10,5,7,0,0,3,4,2,3,0,0,4,6,3,4,7549.06429063
20221,1129000105,21,13,8,0,0,1,10,6,4,0,0,0,5,4,4,0,0,1,5,2,0,9426.87632765
20221,1129000115,120,68,52,1,33,41,24,16,5,0,16,27,10,10,5,1,17,14,14,6,0,1328.92312917
20221,1129000117,48,33,15,0,4,8,16,14,6,0,3,5,10,10,5,0,1,3,6,4,1,6622.64540695
20221,1129000118,20,3,17,0,1,6,8,4,1,0,0,0,1,1,1,0,1,6,7,3,0,5725.0525603
20221,1129000119,235,179,56,2,12,33,48,57,83,0,3,22,34,42,78,2,9,11,14,15,5,3283.84044582
20221,1129000131,35,9,26,0,10,12,6,4,3,0,0,3,3,2,1,0,10,9,3,2,2,4121.38126759
20221,1129000141,23,3,20,0,3,5,7,6,2,0,0,0,1,1,1,0,3,5,6,5,1,5649.8863137
20221,1129000149,272,135,137,0,32,45,106,66,23,0,12,21,50,42,10,0,20,24,56,24,13,3072.52310862
20221,1129000151,103,15,88,0,13,36,28,24,2,0,0,4,5,4,2,0,13,32,23,20,0,19784.0317989
20221,1129000154,4104,2068,2036,415,1905,1079,431,183,91,176,863,612,254,88,75,239,1042,467,177,95,16,2911.71914429
20221,1129000199,51,10,41,0,2,9,19,11,10,0,0,1,1,1,7,0,2,8,18,10,3,14872.3100721
20221,1129000200,32,29,3,0,0,1,3,8,20,0,0,1,3,5,20,0,0,0,0,3,0,4605.01613628
20221,1129000205,45,14,31,0,12,8,5,15,5,0,4,1,2,4,3,0,8,7,3,11,2,9684.75492897
20221,1129000216,15,9,6,0,1,1,5,4,4,0,0,0,3,3,3,0,1,1,2,1,1,7192.74839825
20221,1129000217,4,3,1,0,1,0,3,0,0,0,1,0,2,0,0,0,0,0,1,0,0,4529.78713502
20221,1129000218,6,3,3,0,0,0,3,2,1,0,0,0,1,2,0,0,0,0,2,0,1,2002.22047374
20221,1129000222,1,0,1,0,0,0,0,1,0,0,0,0,0,0,0,0,0,0,0,1,0,2355.9686265
20221,1129000226,25,18,7,0,0,5,11,4,5,0,0,2,10,2,4,0,0,3,1,2,1,5691.90574767
20221,1129000231,7,3,4,0,1,4,1,1,0,0,1,2,0,0,0,0,0,2,1,1,0,28476.078963
20221,1129000236,7,5,2,0,0,0,2,2,3,0,0,0,1,1,3,0,0,0,1,1,0,3825.23928098
20221,1129000238,18,13,5,0,0,5,2,7,4,0,0,2,2,7,2,0,0,3,0,0,2,10132.1033128
20221,1129000239,28,7,21,0,1,6,8,12,1,0,0,1,1,5,0,0,1,5,7,7,1,1974.53794165
20221,1129000240,19,12,7,0,2,4,4,5,4,0,1,2,2,3,4,0,1,2,2,2,0,5983.87898946
20221,1129000242,25,10,15,0,0,3,8,6,8,0,0,1,1,3,5,0,0,2,7,3,3,5381.7570772
20221,1129000243,10,7,3,1,0,3,6,0,0,0,0,3,4,0,0,1,0,0,2,0,0,5539.74042375
20221,1129000248,59,8,51,0,0,4,16,28,11,0,0,0,1,3,4,0,0,4,15,25,7,3053.45355792
20221,1129000249,93,19,74,0,12,17,19,26,19,0,2,5,5,1,6,0,10,12,14,25,13,11260.2036519
20221,1129000250,10,8,2,0,1,6,3,0,0,0,1,5,2,0,0,0,0,1,1,0,0,2917.0277682
20221,1129000252,25,16,9,0,1,9,7,6,2,0,1,6,4,4,1,0,0,3,3,2,1,2494.45260442
20221,1129000253,80,38,42,1,10,20,28,14,7,1,0,9,18,7,3,0,10,11,10,7,4,10863.379154
20221,1129000255,39,29,10,0,8,8,9,10,4,0,8,6,7,5,3,0,0,2,2,5,1,18553.8109315
20221,1129000259,2,1,1,0,0,0,1,1,0,0,0,0,1,0,0,0,0,0,0,1,0,3430.41905732
20221,1129000260,22,9,13,1,7,5,3,3,3,1,4,1,1,1,1,0,3,4,2,2,2,11322.6441677
20221,1129000262,38,10,28,0,11,7,9,9,2,0,5,1,1,2,1,0,6,6,8,7,1,3209.41082252
20221,1129000265,5,1,4,0,0,2,0,2,1,0,0,0,0,1,0,0,0,2,0,1,1,3424.79930994
20221,1129000273,12,7,5,0,1,2,5,3,1,0,1,2,2,2,0,0,0,0,3,1,1,4934.1020933
20221,1129000275,10,0,10,0,2,3,2,2,1,0,0,0,0,0,0,0,2,3,2,2,1,3805.91350446
20221,1129000280,12,7,5,0,1,1,3,3,4,0,1,1,1,1,3,0,0,0,2,2,1,2940.64197682
20221,1129000281,2,1,1,0,0,0,0,1,1,0,0,0,0,0,1,0,0,0,0,1,0,1873.3090004
20221,1129000284,50,25,25,0,3,10,14,14,9,0,2,5,9,6,3,0,1,5,5,8,6,17453.3113364
20221,1129000294,6,1,5,0,0,1,1,2,2,0,0,0,0,1,0,0,0,1,1,1,2,2356.93864494
20221,1129000303,5,3,2,0,0,0,2,3,0,0,0,0,1,2,0,0,0,0,1,1,0,5690.15376419
20221,1129000318,17,7,10,0,2,1,1,7,6,0,2,1,1,1,2,0,0,0,0,6,4,3832.52510983
20221,1129000321,23,12,11,0,3,3,7,5,5,0,1,2,3,3,3,0,2,1,4,2,2,18802.7956365
20221,1129000322,2,1,1,0,0,0,2,0,0,0,0,0,1,0,0,0,0,0,1,0,0,1228.72102
20221,1129000330,75,13,62,0,10,20,23,16,6,0,0,5,3,1,4,0,10,15,20,15,2,10218.1411501
20221,1129000335,92,60,32,0,3,16,25,21,27,0,2,9,12,13,24,0,1,7,13,8,3,6807.09646108
20221,1129000337,2,1,1,0,0,0,1,1,0,0,0,0,1,0,0,0,0,0,0,1,0,2139.15375133
20221,1129000341,50,14,36,0,4,14,15,17,0,0,0,2,8,4,0,0,4,12,7,13,0,22886.0896876
20221,1129000342,29,6,23,1,6,6,9,5,2,0,1,1,3,0,1,1,5,5,6,5,1,6058.26392649
20221,1129000343,3,0,3,0,0,0,0,2,1,0,0,0,0,0,0,0,0,0,0,2,1,66423.1669351
20221,1129000346,4,2,2,0,0,0,2,1,1,0,0,0,1,0,1,0,0,0,1,1,0,1669.7726758
20221,1129000350,2,1,1,0,0,0,0,1,1,0,0,0,0,0,1,0,0,0,0,1,0,2010.27400729
20221,1129000352,364,228,136,0,69,87,80,74,54,0,21,59,47,52,49,0,48,28,33,22,5,5464.41808822
20221,1129000354,1,1,0,0,0,0,0,1,0,0,0,0,0,1,0,0,0,0,0,0,0,1341.11667629
20221,1129000355,26,18,8,0,6,5,8,2,5,0,4,2,5,2,5,0,2,3,3,0,0,7105.56749095
20221,1129000360,4,0,4,0,0,1,2,1,0,0,0,0,0,0,0,0,0,1,2,1,0,7460.8954622
20221,1129000370,6,2,4,0,1,3,1,1,0,0,0,1,0,1,0,0,1,2,1,0,0,6500.29653181
20221,1129000387,7,3,4,0,0,0,2,5,0,0,0,0,1,2,0,0,0,0,1,3,0,876.585080906
20221,1129000393,23,14,9,0,7,6,4,5,1,0,4,4,2,3,1,0,3,2,2,2,0,6937.07027254
20221,1129000399,90,18,72,0,10,27,25,23,5,0,1,5,5,3,4,0,9,22,20,20,1,8017.20566594
20221,1129000404,8,7,1,0,0,4,0,3,1,0,0,3,0,3,1,0,0,1,0,0,0,4420.05960458
20221,1129000407,1103,298,805,8,497,361,132,79,26,0,75,125,37,39,22,8,422,236,95,40,4,5834.86487691
20221,1129000415,1,0,1,0,0,0,0,1,0,0,0,0,0,0,0,0,0,0,0,1,0,2012.5937853
20221,1129000417,14,3,11,0,1,2,7,4,0,0,0,1,1,1,0,0,1,1,6,3,0,8582.69223261
20221,1129000424,425,378,47,0,63,153,148,58,3,0,54,135,131,56,2,0,9,18,17,2,1,2187.70909293
20221,1129000438,10940,6783,4157,44,1682,2620,3536,1917,1141,13,807,1596,2417,1469,481,31,875,1024,1119,448,660,5266.54340769
20221,1129000448,95,43,52,0,13,39,21,14,8,0,3,21,4,9,6,0,10,18,17,5,2,3699.66282137
20221,1129000462,7,5,2,0,1,0,0,4,2,0,1,0,0,2,2,0,0,0,0,2,0,689.729106096
20221,1129000470,294,123,171,0,69,72,68,50,35,0,15,30,36,20,22,0,54,42,32,30,13,1437.52877038
20221,1129000482,49,40,9,0,3,9,9,14,14,0,3,6,7,12,12,0,0,3,2,2,2,3268.92247078
20221,1129000484,1,0,1,0,0,1,0,0,0,0,0,0,0,0,0,0,0,1,0,0,0,1194.0456133
20221,1129000486,1,1,0,0,0,0,0,0,1,0,0,0,0,0,1,0,0,0,0,0,0,3854.01878954
20221,1129000500,4,1,3,0,0,1,2,0,1,0,0,0,1,0,0,0,0,1,1,0,1,2258.24613742
20221,1129000514,15,11,4,0,0,2,4,3,6,0,0,1,2,2,6,0,0,1,2,1,0,5772.87533006
20221,1129000517,101,10,91,0,18,27,28,18,10,0,1,3,0,2,4,0,17,24,28,16,6,11352.5183472
20221,1129000518,7,5,2,0,1,2,2,1,1,0,1,1,1,1,1,0,0,1,1,0,0,2724.82460008
20221,1129000522,2,2,0,0,0,1,0,1,0,0,0,1,0,1,0,0,0,0,0,0,0,2964.98986681
20221,1129000532,192,57,135,0,12,36,46,61,37,0,1,12,11,17,16,0,11,24,35,44,21,4846.91070091
20221,1129000538,18,9,9,0,7,3,5,0,3,0,2,1,4,0,2,0,5,2,1,0,1,1874.16530021
20221,1129000540,20,11,9,0,5,1,8,6,0,0,4,0,3,4,0,0,1,1,5,2,0,3323.50657324
20221,1129000541,3,1,2,0,0,0,1,0,2,0,0,0,0,0,1,0,0,0,1,0,1,1485.44957098
20221,1129000543,18,6,12,0,1,2,2,3,10,0,1,2,1,0,2,0,0,0,1,3,8,1192.47309019
20221,1129000546,3,3,0,0,0,0,2,1,0,0,0,0,2,1,0,0,0,0,0,0,0,1322.72303375
20221,1129000548,4,3,1,0,1,3,0,0,0,0,1,2,0,0,0,0,0,1,0,0,0,1589.5683156
20221,1129000552,2,2,0,0,0,1,1,0,0,0,0,1,1,0,0,0,0,0,0,0,0,1015.37985709
20221,1129000556,3,1,2,0,0,1,0,0,2,0,0,0,0,0,1,0,0,1,0,0,1,4026.61390601
20221,1129000565,71,53,18,0,5,21,28,11,6,0,2,18,21,8,4,0,3,3,7,3,2,6219.92172054
20221,1129000568,56,7,49,0,2,4,9,31,10,0,1,2,1,1,2,0,1,2,8,30,8,10578.8997692
20221,1129000569,14,9,5,0,0,3,6,4,1,0,0,1,4,4,0,0,0,2,2,0,1,4116.63364968
20221,1129000570,4,2,2,0,0,0,0,2,2,0,0,0,0,1,1,0,0,0,0,1,1,2954.14405097
20221,1129000572,32,11,21,6,8,7,3,1,7,0,2,2,1,1,5,6,6,5,2,0,2,5876.21166167
20221,1129000573,2,2,0,0,0,0,1,0,1,0,0,0,1,0,1,0,0,0,0,0,0,3795.13387217
20221,1129000574,3,2,1,0,0,1,1,0,1,0,0,1,0,0,1,0,0,0,1,0,0,1854.58815205
20221,1129000577,145,53,92,0,15,45,46,30,9,0,3,12,15,17,6,0,12,33,31,13,3,5099.32249693
20221,1129000580,2,1,1,0,1,1,0,0,0,0,0,1,0,0,0,0,1,0,0,0,0,5278.8403183
20221,1129000581,5,4,1,0,2,1,2,0,0,0,2,1,1,0,0,0,0,0,1,0,0,728.809803529
20221,1129000582,5,5,0,0,0,0,0,1,4,0,0,0,0,1,4,0,0,0,0,0,0,4293.84573068
20221,1129000585,1,1,0,0,0,0,0,0,1,0,0,0,0,0,1,0,0,0,0,0,0,1119.84348948
20221,1129000586,4,3,1,0,0,0,3,1,0,0,0,0,2,1,0,0,0,0,1,0,0,676.027180238
20221,1129000588,10,5,5,0,0,6,0,2,2,0,0,3,0,1,1,0,0,3,0,1,1,745.10447959
20221,1129000590,15,8,7,0,3,4,7,1,0,0,0,2,5,1,0,0,3,2,2,0,0,5246.14530073
20221,1129000591,160,52,108,0,18,35,20,50,37,0,4,11,2,19,16,0,14,24,18,31,21,6663.82873504
20221,1129000592,14,6,8,0,1,2,1,3,7,0,0,1,1,1,3,0,1,1,0,2,4,3894.73715712
20221,1129000593,9,1,8,0,1,2,3,2,1,0,0,0,0,0,1,0,1,2,3,2,0,2662.32106892
20221,1129000595,30,20,10,1,9,10,4,5,1,0,5,7,4,3,1,1,4,3,0,2,0,5676.7046914
20221,1129000596,5,1,4,0,3,1,1,0,0,0,0,0,1,0,0,0,3,1,0,0,0,1686.97972103
20221,1129000597,16,15,1,0,0,1,5,8,2,0,0,1,4,8,2,0,0,0,1,0,0,7609.66171191
20221,1129000598,9,4,5,0,6,1,0,1,1,0,3,0,0,1,0,0,3,1,0,0,1,938.028927433
20221,1129000600,4,1,3,0,1,0,0,1,2,0,0,0,0,0,1,0,1,0,0,1,1,1907.89325531
20221,1129000601,6,6,0,0,0,2,2,2,0,0,0,2,2,2,0,0,0,0,0,0,0,4871.77079929
20221,1129000602,8,5,3,0,0,0,1,4,3,0,0,0,0,2,3,0,0,0,1,2,0,4921.87835847
20221,1129000603,12,5,7,0,0,5,3,2,2,0,0,1,2,1,1,0,0,4,1,1,1,5263.74067975
20221,1129000604,54,49,5,3,23,13,10,4,1,3,21,12,9,3,1,0,2,1,1,1,0,2010.8517074
20221,1129000605,47,12,35,0,20,11,9,3,4,0,0,1,6,1,4,0,20,10,3,2,0,4003.49988732
20221,1129000607,51,8,43,0,21,16,4,6,4,0,0,3,1,1,3,0,21,13,3,5,1,68994.1344654
20221,1129000608,11,3,8,0,1,2,2,3,3,0,0,0,0,1,2,0,1,2,2,2,1,3124.22075666
20221,1129000609,4,1,3,0,0,1,0,0,3,0,0,0,0,0,1,0,0,1,0,0,2,1166.11048829
20221,1129000610,13,2,11,0,4,2,4,2,1,0,0,0,1,1,0,0,4,2,3,1,1,4836.51376301
20221,1129000611,4,3,1,0,1,1,0,0,2,0,1,1,0,0,1,0,0,0,0,0,1,3119.89985555
20221,1129000612,59,29,30,8,1,9,17,17,7,8,1,4,2,8,6,0,0,5,15,9,1,6324.36993047
20221,1129000613,1,1,0,0,0,0,0,0,1,0,0,0,0,0,1,0,0,0,0,0,0,3121.35319166
20221,1129000614,1,1,0,0,0,0,0,0,1,0,0,0,0,0,1,0,0,0,0,0,0,16336.6769814
20221,1129000617,15,11,4,0,1,2,7,5,0,0,1,1,4,5,0,0,0,1,3,0,0,6965.76464849
20221,1129000618,6,5,1,0,0,2,4,0,0,0,0,2,3,0,0,0,0,0,1,0,0,1358.76041947
20221,1129000619,3,2,1,0,0,0,1,1,1,0,0,0,0,1,1,0,0,0,1,0,0,9165.84179353
20221,1129000620,8,6,2,0,0,1,1,5,1,0,0,1,1,4,0,0,0,0,0,1,1,5582.26139068
20221,1129000623,23,16,7,1,2,4,9,2,5,1,1,3,8,2,1,0,1,1,1,0,4,6312.11690292
20221,1129000624,1,1,0,0,0,0,0,0,1,0,0,0,0,0,1,0,0,0,0,0,0,4073.47087871
20221,1129000625,100,21,79,0,18,30,29,17,6,0,5,3,4,4,5,0,13,27,25,13,1,22975.5460365
20221,1129000626,14,10,4,0,0,4,3,3,4,0,0,2,1,3,4,0,0,2,2,0,0,2776.82359155
20221,1129000628,2,2,0,0,0,1,0,0,1,0,0,1,0,0,1,0,0,0,0,0,0,1896.74297675
20221,1129000629,13,3,10,0,2,5,5,1,0,0,0,0,3,0,0,0,2,5,2,1,0,4551.06674819
20221,1129000631,2,1,1,0,1,0,0,0,1,0,1,0,0,0,0,0,0,0,0,0,1,1112.3063394
20221,1129000632,21,16,5,0,2,3,5,8,3,0,1,2,3,7,3,0,1,1,2,1,0,6503.32882222
20221,1129000633,3,3,0,0,0,0,0,3,0,0,0,0,0,3,0,0,0,0,0,0,0,1283.48139986
20221,1129000634,4,4,0,0,0,0,2,1,1,0,0,0,2,1,1,0,0,0,0,0,0,2672.64788193
20221,1129000636,78,58,20,0,6,20,19,28,5,0,1,12,15,26,4,0,5,8,4,2,1,4855.63914073
20221,1129000639,2,0,2,0,0,0,1,0,1,0,0,0,0,0,0,0,0,0,1,0,1,3292.56368116
20221,1129000640,89,25,64,1,8,30,20,26,4,0,1,8,5,8,3,1,7,22,15,18,1,4755.49564657
20221,1129000643,5,2,3,0,1,1,2,0,1,0,1,0,1,0,0,0,0,1,1,0,1,808.10269634
20221,1129000645,4,4,0,0,0,0,2,1,1,0,0,0,2,1,1,0,0,0,0,0,0,940.508483314
20221,1129000646,5,1,4,0,1,1,0,1,2,0,0,0,0,0,1,0,1,1,0,1,1,4479.38114258
20221,1129000647,17,5,12,0,8,6,1,0,2,0,1,2,1,0,1,0,7,4,0,0,1,1143.15161662
20221,1129000648,9,7,2,0,0,4,4,0,1,0,0,3,3,0,1,0,0,1,1,0,0,4866.52521645
20221,1129000655,4,2,2,0,2,0,1,1,0,0,0,0,1,1,0,0,2,0,0,0,0,4900.26869254
20221,1129000659,3,1,2,0,0,0,2,0,1,0,0,0,1,0,0,0,0,0,1,0,1,4392.09165753
20221,1129000661,2,2,0,0,0,0,0,1,1,0,0,0,0,1,1,0,0,0,0,0,0,2164.75701438
20221,1129000662,28,17,11,0,0,4,5,7,12,0,0,1,3,3,10,0,0,3,2,4,2,6949.62737076
20221,1129000664,18,14,4,0,1,4,3,4,6,0,0,2,2,4,6,0,1,2,1,0,0,2356.89097495
20221,1129000665,130,116,14,0,0,5,21,41,63,0,0,3,18,33,62,0,0,2,3,8,1,7379.49035939
20221,1129000669,34,21,13,1,5,4,6,12,6,0,2,2,1,10,6,1,3,2,5,2,0,1685.18047767
20221,1129000670,2,1,1,0,0,0,2,0,0,0,0,0,1,0,0,0,0,0,1,0,0,1294.96423569
20221,1129000672,11,3,8,0,0,1,0,6,4,0,0,0,0,1,2,0,0,1,0,5,2,5713.46465004
20221,1129000673,9,1,8,0,5,3,1,0,0,0,0,0,1,0,0,0,5,3,0,0,0,2509.59399613
20221,1129000674,8,5,3,0,1,1,0,4,2,0,1,0,0,3,1,0,0,1,0,1,1,3918.578309
20221,1129000679,153,34,119,0,10,19,40,52,32,0,2,6,8,11,7,0,8,13,32,41,25,6096.61899836
20221,1129000680,20,12,8,1,0,6,6,4,3,0,0,3,4,3,2,1,0,3,2,1,1,4333.18084148
20221,1129000681,62,26,36,1,27,10,8,14,2,0,13,4,2,5,2,1,14,6,6,9,0,4869.75500874
20221,1129000683,9,8,1,0,1,1,2,3,2,0,1,1,1,3,2,0,0,0,1,0,0,1752.87978491
20221,1129000684,154,82,72,0,31,34,34,33,22,0,8,20,22,18,14,0,23,14,12,15,8,3738.99523684
20221,1129000685,12,9,3,0,0,3,3,4,2,0,0,2,2,4,1,0,0,1,1,0,1,4592.83741425
20221,1129000690,4,3,1,0,0,0,0,3,1,0,0,0,0,2,1,0,0,0,0,1,0,4005.13853828
20221,1129000692,15,2,13,0,3,2,5,3,2,0,0,0,1,1,0,0,3,2,4,2,2,6129.40076765
20221,1129000695,6,4,2,0,0,1,1,1,3,0,0,1,0,1,2,0,0,0,1,0,1,2472.25712337
20221,1129000696,13,5,8,0,0,2,5,2,4,0,0,0,1,2,2,0,0,2,4,0,2,6057.95367591
20221,1129000697,19,4,15,0,0,0,0,13,6,0,0,0,0,4,0,0,0,0,0,9,6,6087.19119562
20221,1129000698,2,1,1,0,0,0,0,2,0,0,0,0,0,1,0,0,0,0,0,1,0,1985.0563129
20221,1129000700,107,58,49,1,4,12,22,29,39,1,2,8,8,9,30,0,2,4,14,20,9,5151.86605373
20221,1129000701,3,1,2,0,0,1,1,1,0,0,0,0,0,1,0,0,0,1,1,0,0,1456.7712311
20221,1129000702,26,10,16,0,4,7,8,2,5,0,1,4,0,1,4,0,3,3,8,1,1,9990.66616499
20221,1129000703,38,33,5,0,1,4,12,13,8,0,1,3,11,10,8,0,0,1,1,3,0,4548.97385831
20221,1129000706,11,6,5,0,1,6,3,1,0,0,0,4,1,1,0,0,1,2,2,0,0,11643.727626
20221,1129000713,65,40,25,0,20,27,12,6,0,0,11,14,10,5,0,0,9,13,2,1,0,5438.45813851
20221,1129000714,15,10,5,0,1,2,2,8,2,0,1,0,0,7,2,0,0,2,2,1,0,6700.82958602
20221,1129000716,25,3,22,0,1,2,1,0,21,0,0,2,0,0,1,0,1,0,1,0,20,7504.20334069
20221,1129000717,20,18,2,0,1,2,5,11,1,0,1,1,5,10,1,0,0,1,0,1,0,923.785981563
20221,1129000720,11,7,4,0,1,1,6,3,0,0,1,1,3,2,0,0,0,0,3,1,0,6136.7999923
20221,1129000722,67,35,32,0,9,19,17,20,2,0,4,7,11,12,1,0,5,12,6,8,1,5894.81091272
20221,1129000723,8,5,3,0,0,2,3,1,2,0,0,2,1,1,1,0,0,0,2,0,1,1944.3136627
20221,1129000724,2,2,0,0,0,2,0,0,0,0,0,2,0,0,0,0,0,0,0,0,0,2235.58839446
20221,1129000726,31,24,7,3,2,4,8,10,4,3,1,1,6,9,4,0,1,3,2,1,0,3738.97601094
20221,1129000732,3,3,0,0,0,0,2,1,0,0,0,0,2,1,0,0,0,0,0,0,0,3050.11966354
20221,1129000739,37,30,7,0,4,7,11,8,7,0,3,5,9,7,6,0,1,2,2,1,1,8202.46308964
20221,1129000740,145,97,48,0,7,36,38,41,23,0,3,17,25,31,21,0,4,19,13,10,2,9541.93127465
20221,1129000741,56,20,36,0,3,16,17,14,6,0,0,6,6,4,4,0,3,10,11,10,2,4143.61013048
20221,1129000742,3,2,1,0,0,0,1,2,0,0,0,0,0,2,0,0,0,0,1,0,0,1431.23791778
20221,1129000743,61,42,19,0,1,11,14,23,12,0,0,7,8,16,11,0,1,4,6,7,1,7113.146768
20221,1129000744,757,537,220,0,2,7,21,54,673,0,2,6,9,25,495,0,0,1,12,29,178,904.36961389
20221,1129000745,15,13,2,0,1,3,4,6,1,0,0,2,4,6,1,0,1,1,0,0,0,3710.29729485
20221,1129000746,2,2,0,0,0,1,1,0,0,0,0,1,1,0,0,0,0,0,0,0,0,2143.21195944
20221,1129000748,10,7,3,0,1,1,6,0,2,0,0,1,5,0,1,0,1,0,1,0,1,1118.38182539
20221,1129000749,8,7,1,0,0,3,5,0,0,0,0,3,4,0,0,0,0,0,1,0,0,948.530638041
20221,1129000756,58,36,22,0,19,13,19,7,0,0,9,6,17,4,0,0,10,7,2,3,0,4848.63238981
20221,1129000758,87,21,66,0,12,11,27,27,10,0,3,3,8,2,5,0,9,8,19,25,5,4746.70127887
20221,1129000759,8,6,2,0,0,3,2,1,2,0,0,1,2,1,2,0,0,2,0,0,0,4198.54580256
20221,1129000763,40,22,18,0,2,7,17,8,6,0,1,6,10,3,2,0,1,1,7,5,4,4077.80120428
20221,1129000767,1,0,1,0,0,1,0,0,0,0,0,0,0,0,0,0,0,1,0,0,0,3633.36732999
20221,1129000770,9,6,3,0,0,0,6,2,1,0,0,0,3,2,1,0,0,0,3,0,0,4494.64404784
20221,1129000773,2,0,2,0,0,0,2,0,0,0,0,0,0,0,0,0,0,0,2,0,0,3472.2940408
20221,1129000774,7,3,4,0,1,2,4,0,0,0,0,0,3,0,0,0,1,2,1,0,0,4345.99394664
20221,1129000775,9,2,7,0,1,4,2,2,0,0,0,1,0,1,0,0,1,3,2,1,0,3136.78108163
20221,1129000776,14,11,3,0,1,5,4,4,0,0,0,4,4,3,0,0,1,1,0,1,0,3585.98635768
20221,1129000780,1,1,0,0,0,0,0,1,0,0,0,0,0,1,0,0,0,0,0,0,0,9422.77781434
20221,1129000781,28,19,9,0,6,4,10,6,2,0,2,3,7,5,2,0,4,1,3,1,0,2547.94772849
20221,1129000782,24,8,16,3,3,4,11,2,1,0,0,2,5,0,1,3,3,2,6,2,0,5348.99714237
20221,1129000784,15,5,10,0,1,7,4,2,1,0,0,1,2,1,1,0,1,6,2,1,0,5119.40646325
20221,1129000787,10,4,6,0,5,2,1,1,1,0,1,2,0,0,1,0,4,0,1,1,0,3394.73541103
20221,1129000794,24,19,5,0,0,0,7,6,11,0,0,0,5,5,9,0,0,0,2,1,2,4926.52656172
20221,1129000796,12,8,4,0,0,0,2,4,6,0,0,0,1,3,4,0,0,0,1,1,2,4710.51065289
20221,1129000798,13,11,2,0,0,1,3,7,2,0,0,1,2,6,2,0,0,0,1,1,0,4172.81334224
20221,1129000800,23,20,3,0,5,2,5,6,5,0,5,2,3,6,4,0,0,0,2,0,1,9189.49733779
20221,1129000801,9,2,7,0,0,0,2,4,3,0,0,0,0,0,2,0,0,0,2,4,1,3116.91508343
20221,1129000802,2843,2591,252,0,311,1334,571,583,44,0,227,1193,545,582,44,0,84,141,26,1,0,1396.42794887
20221,1129000805,10,10,0,0,0,1,5,1,3,0,0,1,5,1,3,0,0,0,0,0,0,2544.69833752
20221,1129000806,7,7,0,0,1,1,2,3,0,0,1,1,2,3,0,0,0,0,0,0,0,4868.1024665
20221,1129000810,3,1,2,0,0,2,0,1,0,0,0,1,0,0,0,0,0,1,0,1,0,2902.12756064
20221,1129000811,106,87,19,2,12,20,28,21,23,1,6,18,24,19,19,1,6,2,4,2,4,4712.19466275
20221,1129000812,716,470,246,0,18,67,86,152,393,0,16,61,81,83,229,0,2,6,5,69,164,2416.06728545
20221,1129000814,1,0,1,0,0,0,0,0,1,0,0,0,0,0,0,0,0,0,0,0,1,3535.76576188
20221,1129000815,21,4,17,0,7,4,4,5,1,0,0,0,1,2,1,0,7,4,3,3,0,2705.47322857
20221,1129000818,22,12,10,0,2,4,5,8,3,0,2,3,3,2,2,0,0,1,2,6,1,5225.811889
20221,1129000819,99,23,76,0,17,14,21,39,8,0,1,7,10,3,2,0,16,7,11,36,6,5554.98911301
20221,1129000823,42,25,17,0,7,6,8,9,12,0,2,4,3,7,9,0,5,2,5,2,3,5420.59526373
20221,1129000826,45,35,10,1,8,8,10,15,3,1,5,7,6,13,3,0,3,1,4,2,0,4070.9246453
20221,1129000827,2,1,1,0,0,0,0,2,0,0,0,0,0,1,0,0,0,0,0,1,0,8345.35970478
20221,1129000829,8,3,5,0,1,2,2,2,1,0,0,2,1,0,0,0,1,0,1,2,1,838.622725244
20221,1129000831,2,1,1,0,0,0,0,2,0,0,0,0,0,1,0,0,0,0,0,1,0,4537.91626988
20221,1129000832,9,2,7,0,0,0,4,3,2,0,0,0,0,1,1,0,0,0,4,2,1,2183.68107382
20221,1129000833,3,2,1,0,0,0,0,0,3,0,0,0,0,0,2,0,0,0,0,0,1,879.295476845
20221,1129000837,3,3,0,0,0,1,1,1,0,0,0,1,1,1,0,0,0,0,0,0,0,6468.44824669
20221,1129000840,1,0,1,0,0,0,1,0,0,0,0,0,0,0,0,0,0,0,1,0,0,3295.81688917
20221,1129000841,13,6,7,0,1,5,4,1,2,0,1,2,1,1,1,0,0,3,3,0,1,5206.56465917
20221,1129000842,27,8,19,0,6,7,7,4,3,0,1,2,2,1,2,0,5,5,5,3,1,41579.382174
20221,1129000848,4,4,0,0,0,0,2,2,0,0,0,0,2,2,0,0,0,0,0,0,0,3721.90256055
20221,1129000852,1324,924,400,0,185,375,407,339,18,0,68,233,313,295,15,0,117,142,94,44,3,2298.98810316
20221,1129000856,17,7,10,0,0,2,7,4,4,0,0,0,2,2,3,0,0,2,5,2,1,7003.62599755
20221,1129000858,6,2,4,0,1,0,1,0,4,0,0,0,0,0,2,0,1,0,1,0,2,6460.11439249
20221,1129000860,4,3,1,0,0,2,2,0,0,0,0,1,2,0,0,0,0,1,0,0,0,11302.0638409
20221,1129000865,11,2,9,0,0,1,6,4,0,0,0,0,2,0,0,0,0,1,4,4,0,5324.17018796
20221,1129000866,63,47,16,0,7,24,17,11,4,0,2,16,16,9,4,0,5,8,1,2,0,5136.25425065
20221,1129000867,23,6,17,0,4,3,8,7,1,0,1,0,1,4,0,0,3,3,7,3,1,5045.4005423
20221,1129000868,24,19,5,0,4,13,5,1,1,0,3,11,3,1,1,0,1,2,2,0,0,9852.24429658
20221,1129000874,2,2,0,0,0,0,1,1,0,0,0,0,1,1,0,0,0,0,0,0,0,1406.93640558
20221,1129000885,2,2,0,0,0,1,0,1,0,0,0,1,0,1,0,0,0,0,0,0,0,5231.8062761
20221,1129000893,241,226,15,0,10,91,87,39,14,0,9,87,84,33,13,0,1,4,3,6,1,2119.1117736
20221,1129000903,6,5,1,0,1,1,4,0,0,0,1,0,4,0,0,0,0,1,0,0,0,1007.05343671
20221,1129000907,3,2,1,0,0,0,2,1,0,0,0,0,1,1,0,0,0,0,1,0,0,48087.2623084
20221,1129000909,2,1,1,0,0,0,0,2,0,0,0,0,0,1,0,0,0,0,0,1,0,5166.2689427
20221,1129000918,16,0,16,0,5,2,5,4,0,0,0,0,0,0,0,0,5,2,5,4,0,14185.5072107
20221,1129000922,24,19,5,0,2,5,9,3,5,0,2,5,6,2,4,0,0,0,3,1,1,1524.11613458
20221,1129000928,185,109,76,0,23,27,34,38,63,0,7,15,22,23,42,0,16,12,12,15,21,1558.34090415
20221,1129000931,51,8,43,0,0,1,3,15,32,0,0,1,1,4,2,0,0,0,2,11,30,5185.99555115
20221,1129000932,4,3,1,0,0,1,1,2,0,0,0,1,1,1,0,0,0,0,0,1,0,2642.08715849
20221,1129000933,3,1,2,0,1,2,0,0,0,0,0,1,0,0,0,0,1,1,0,0,0,4002.61665704
20221,1129000936,2,1,1,0,0,0,0,2,0,0,0,0,0,1,0,0,0,0,0,1,0,1776.85046849
20221,1129000937,2,2,0,0,0,0,2,0,0,0,0,0,2,0,0,0,0,0,0,0,0,4500.351309
20221,1129000938,7,3,4,0,1,0,2,2,2,0,0,0,1,1,1,0,1,0,1,1,1,2365.00968403
20221,1129000943,3,0,3,0,0,0,0,2,1,0,0,0,0,0,0,0,0,0,0,2,1,11980.392721
20221,1129000945,2,1,1,0,0,0,1,1,0,0,0,0,1,0,0,0,0,0,0,1,0,1689.85260309
20221,1129000947,3,3,0,0,0,0,3,0,0,0,0,0,3,0,0,0,0,0,0,0,0,2011.29263515
20221,1129000948,11,3,8,0,1,0,0,7,3,0,0,0,0,3,0,0,1,0,0,4,3,4031.43145234
20221,1129000949,3,1,2,0,1,2,0,0,0,0,0,1,0,0,0,0,1,1,0,0,0,1465.83435404
20221,1129000950,2,1,1,0,0,0,2,0,0,0,0,0,1,0,0,0,0,0,1,0,0,4461.30782734
20221,1129000951,6,4,2,0,3,0,0,2,1,0,1,0,0,2,1,0,2,0,0,0,0,3920.70547856
20221,1129000953,3,1,2,0,0,0,2,1,0,0,0,0,1,0,0,0,0,0,1,1,0,2073.78218536
20221,1129000955,2,1,1,0,0,1,1,0,0,0,0,0,1,0,0,0,0,1,0,0,0,8279.33715161
20221,1129000961,8,0,8,0,0,1,5,2,0,0,0,0,0,0,0,0,0,1,5,2,0,1027.71170842
20221,1129000963,1,0,1,0,0,0,0,1,0,0,0,0,0,0,0,0,0,0,0,1,0,2936.63904732
20221,1129000966,5,3,2,0,1,1,2,1,0,0,0,1,1,1,0,0,1,0,1,0,0,3996.60147507
20221,1129000967,23,10,13,0,1,2,10,8,2,0,0,0,6,4,0,0,1,2,4,4,2,5835.11929548
20221,1129000968,21,16,5,0,3,5,1,6,6,0,3,4,1,5,3,0,0,1,0,1,3,5025.1413773
20221,1129000969,38,16,22,0,6,14,11,6,1,0,1,7,4,3,1,0,5,7,7,3,0,4441.18787613
20221,1129000975,23,4,19,0,5,4,7,6,1,0,0,2,0,1,1,0,5,2,7,5,0,2796.2155936
20221,1129000977,4,3,1,0,0,1,2,1,0,0,0,1,1,1,0,0,0,0,1,0,0,4341.64748414
20221,1129000978,5,2,3,0,0,0,1,4,0,0,0,0,0,2,0,0,0,0,1,2,0,1726.0931747
20221,1129000980,76,60,16,1,6,15,21,16,17,0,5,9,19,14,13,1,1,6,2,2,4,5095.56778035
20221,1129000981,1,1,0,0,0,0,0,1,0,0,0,0,0,1,0,0,0,0,0,0,0,1652.94656966
20221,1129000985,4,3,1,0,0,0,0,2,2,0,0,0,0,1,2,0,0,0,0,1,0,3395.58049285
20221,1129000986,4,1,3,0,0,2,1,0,1,0,0,0,0,0,1,0,0,2,1,0,0,4952.45455533
20221,1129000989,4,3,1,0,1,0,1,0,2,0,0,0,1,0,2,0,1,0,0,0,0,3070.24257225
20221,1129000991,3,2,1,0,0,0,0,1,2,0,0,0,0,1,1,0,0,0,0,0,1,2224.03921715
20221,1129000992,3,1,2,0,0,1,1,0,1,0,0,0,0,0,1,0,0,1,1,0,0,2179.81448763
20221,1129000993,77,10,67,0,12,23,28,12,2,0,3,2,4,1,0,0,9,21,24,11,2,23159.967845
20221,1129000994,70,32,38,0,12,11,14,29,4,0,12,6,7,4,3,0,0,5,7,25,1,6404.97706942
20221,1129000996,13,11,2,0,1,2,5,5,0,0,1,0,5,5,0,0,0,2,0,0,0,4348.20984225
20221,1129001000,20,5,15,0,3,1,10,4,2,0,1,0,1,2,1,0,2,1,9,2,1,2206.90975883
20221,1129001001,24,18,6,0,3,9,4,6,2,0,1,6,4,5,2,0,2,3,0,1,0,2175.0936737
20221,1129001004,3,2,1,0,0,0,0,3,0,0,0,0,0,2,0,0,0,0,0,1,0,841.776469571
20221,1129001005,6,4,2,0,0,0,0,2,4,0,0,0,0,2,2,0,0,0,0,0,2,5383.81920806
20221,1129001013,1,0,1,0,0,0,1,0,0,0,0,0,0,0,0,0,0,0,1,0,0,1362.66134975
20221,1129001014,2,0,2,0,1,0,1,0,0,0,0,0,0,0,0,0,1,0,1,0,0,2521.91071702
20221,1129001017,4,1,3,1,1,0,0,2,0,0,0,0,0,1,0,1,1,0,0,1,0,547.046863162
20221,1129001018,1,1,0,0,0,0,1,0,0,0,0,0,1,0,0,0,0,0,0,0,0,6064.97069654
20221,1129001023,3,2,1,0,0,2,0,0,1,0,0,1,0,0,1,0,0,1,0,0,0,3199.33517688
20221,1129001025,5,2,3,0,0,2,2,1,0,0,0,1,1,0,0,0,0,1,1,1,0,3103.11723382
20221,1129001028,12,11,1,0,2,3,2,5,0,0,2,3,2,4,0,0,0,0,0,1,0,9120.23713948
20221,1129001030,2,2,0,0,1,0,0,1,0,0,1,0,0,1,0,0,0,0,0,0,0,1108.05236748
20221,1129001032,3,2,1,0,0,1,1,1,0,0,0,0,1,1,0,0,0,1,0,0,0,4876.98694464
20221,1129001037,25,10,15,0,0,8,8,5,4,0,0,1,2,3,4,0,0,7,6,2,0,3751.77947069
20221,1129001038,13,11,2,0,2,2,2,5,2,0,2,1,2,4,2,0,0,1,0,1,0,3626.80682001
20221,1129001042,5,4,1,0,0,0,2,2,1,0,0,0,1,2,1,0,0,0,1,0,0,1140.02472102
20221,1129001043,82,49,33,0,13,18,23,13,15,0,5,11,13,6,14,0,8,7,10,7,1,5254.32926294
20221,1129001044,6,5,1,0,0,0,1,0,5,0,0,0,0,0,5,0,0,0,1,0,0,4353.42759836
20221,1129001045,2,0,2,0,0,2,0,0,0,0,0,0,0,0,0,0,0,2,0,0,0,1745.5788188
20221,1129001046,10,2,8,0,2,1,6,0,1,0,0,0,1,0,1,0,2,1,5,0,0,5524.71091009
20221,1129001047,10,6,4,0,0,1,1,5,3,0,0,0,1,3,2,0,0,1,0,2,1,1830.36775806
20221,1129001051,7,5,2,0,5,0,2,0,0,0,4,0,1,0,0,0,1,0,1,0,0,5735.56898147
20221,1129001052,8,3,5,0,1,3,2,1,1,0,0,1,1,0,1,0,1,2,1,1,0,2746.02079493
20221,1129001054,6,4,2,0,0,3,3,0,0,0,0,2,2,0,0,0,0,1,1,0,0,1503.74960553
20221,1129001055,101,58,43,0,6,18,20,23,34,0,4,17,11,12,14,0,2,1,9,11,20,6147.10025989
20221,1129001056,4,3,1,0,0,2,1,0,1,0,0,1,1,0,1,0,0,1,0,0,0,1075.18881478
20221,1129001057,7,2,5,0,0,2,1,2,2,0,0,0,1,0,1,0,0,2,0,2,1,6251.77217275
20221,1129001058,21,15,6,0,0,3,4,7,7,0,0,2,2,6,5,0,0,1,2,1,2,2296.71578448
20221,1129001059,83,35,48,0,11,16,22,21,13,0,3,5,12,6,9,0,8,11,10,15,4,4413.11239033
20221,1129001060,9,3,6,0,0,1,2,3,3,0,0,1,0,1,1,0,0,0,2,2,2,3498.04703902
20221,1129001061,11,4,7,0,1,4,2,1,3,0,0,0,2,1,1,0,1,4,0,0,2,7049.04775842
20221,1129001063,11,9,2,0,0,1,1,3,6,0,0,1,1,1,6,0,0,0,0,2,0,1505.11098439
20221,1129001066,3,1,2,0,1,1,0,0,1,0,0,0,0,0,1,0,1,1,0,0,0,4832.92958376
20221,1129001067,3,2,1,0,0,0,0,1,2,0,0,0,0,1,1,0,0,0,0,0,1,1016.29541208
20221,1129001068,107,32,75,0,20,23,17,28,19,0,5,12,5,5,5,0,15,11,12,23,14,5273.02720483
20221,1129001069,30,7,23,0,3,6,9,10,2,0,0,1,3,3,0,0,3,5,6,7,2,7790.76766504
20221,1129001070,43,22,21,0,7,8,10,9,9,0,0,2,9,4,7,0,7,6,1,5,2,7140.29290074
20221,1129001071,13,9,4,0,2,4,3,2,2,0,1,3,3,1,1,0,1,1,0,1,1,4726.6933964
20221,1129001074,73,26,47,0,4,6,9,26,28,0,4,4,4,11,3,0,0,2,5,15,25,5494.36833374
20221,1129001078,38,8,30,0,4,14,12,8,0,0,0,2,3,3,0,0,4,12,9,5,0,5059.85190985
20221,1129001079,5,5,0,0,0,1,1,0,3,0,0,1,1,0,3,0,0,0,0,0,0,4938.48442309
20221,1129001081,21,11,10,0,1,1,11,5,3,0,0,0,7,2,2,0,1,1,4,3,1,5816.87580394
20221,1129001084,3,2,1,0,0,0,1,1,1,0,0,0,1,1,0,0,0,0,0,0,1,1218.13032825
20221,1129001086,4,3,1,0,1,0,0,3,0,0,1,0,0,2,0,0,0,0,0,1,0,1258.83208564
20221,1129001087,1888,974,914,2,173,552,489,562,110,2,59,199,237,388,89,0,114,353,252,174,21,4652.20452983
20221,1129001089,36,11,25,1,9,3,9,12,2,1,2,1,3,2,2,0,7,2,6,10,0,6911.31536168
20221,1129001090,41,25,16,0,0,5,7,14,15,0,0,3,4,10,8,0,0,2,3,4,7,8753.21672797
20221,1129001091,72,38,34,0,14,13,24,13,8,0,8,9,8,8,5,0,6,4,16,5,3,4886.54686968
20221,1129001093,11,7,4,0,1,4,2,2,2,0,0,2,2,1,2,0,1,2,0,1,0,2522.29532956
20221,1129001094,23,11,12,0,2,4,9,3,5,0,0,1,6,2,2,0,2,3,3,1,3,4647.07777335
20221,1129001096,10,5,5,0,1,1,1,3,4,0,0,1,0,2,2,0,1,0,1,1,2,4122.46900647
20221,1129001097,3,2,1,0,0,0,1,0,2,0,0,0,1,0,1,0,0,0,0,0,1,2761.41092864
20221,1129001098,569,476,93,0,50,99,195,215,10,0,28,69,161,211,7,0,22,30,34,4,3,8358.05920776
20221,1129001101,7,3,4,0,1,1,4,0,1,0,1,0,1,0,1,0,0,1,3,0,0,4987.15848152
20221,1129001103,7,6,1,0,0,1,4,0,2,0,0,1,3,0,2,0,0,0,1,0,0,489.322619795
20221,1129001104,74,3,71,0,2,4,4,23,41,0,0,0,0,1,2,0,2,4,4,22,39,4061.42766531
20221,1129001105,13,5,8,0,1,5,2,5,0,0,0,2,1,2,0,0,1,3,1,3,0,4728.46195577
20221,1129001108,63,11,52,1,5,15,13,19,10,0,1,1,1,5,3,1,4,14,12,14,7,4633.23802407
20221,1129001111,1440,504,936,0,168,388,622,235,27,0,45,127,183,129,20,0,123,261,439,106,7,3581.21371223
20221,1129001115,10,5,5,0,2,2,5,1,0,0,0,1,3,1,0,0,2,1,2,0,0,1857.22107275
20221,1129001117,42,28,14,0,15,15,8,3,1,0,9,8,7,3,1,0,6,7,1,0,0,5669.0010691
20221,1129001120,4,2,2,0,0,0,1,1,2,0,0,0,0,1,1,0,0,0,1,0,1,4580.96899217
20221,1129001122,97,36,61,1,32,5,12,19,28,1,11,3,6,3,12,0,21,2,6,16,16,7421.26712276
20221,1129001123,2,1,1,0,0,0,0,0,2,0,0,0,0,0,1,0,0,0,0,0,1,1696.64153036
20221,1129001129,19,6,13,0,3,3,5,5,3,0,0,2,1,3,0,0,3,1,4,2,3,3607.41567548
20221,1129001130,6,0,6,0,0,0,1,1,4,0,0,0,0,0,0,0,0,0,1,1,4,2583.55293079
20221,1129001131,23,5,18,0,2,8,6,4,3,0,0,0,2,1,2,0,2,8,4,3,1,4133.48659791
20221,1129001133,95,66,29,0,8,14,24,15,34,0,4,10,20,7,25,0,4,4,4,8,9,3183.55152703
20221,1129001135,2,1,1,0,0,0,0,2,0,0,0,0,0,1,0,0,0,0,0,1,0,2058.40180891
20221,1129001136,10,8,2,0,1,4,3,2,0,0,0,4,2,2,0,0,1,0,1,0,0,3266.05569003
20221,1129001138,4,2,2,0,1,0,1,2,0,0,0,0,1,1,0,0,1,0,0,1,0,585.791870285
20221,1129001139,2,0,2,0,0,0,1,0,1,0,0,0,0,0,0,0,0,0,1,0,1,1302.75915144
20221,1129001140,28,5,23,0,6,8,7,7,0,0,0,0,2,3,0,0,6,8,5,4,0,3436.02822603
20221,1129001141,42,10,32,1,11,9,12,3,6,0,0,0,4,1,5,1,11,9,8,2,1,3221.74481827
20221,1129001142,66,57,9,0,5,9,27,20,5,0,4,8,22,18,5,0,1,1,5,2,0,5276.16119067
20221,1129001148,9,0,9,0,0,1,6,1,1,0,0,0,0,0,0,0,0,1,6,1,1,2789.06820654
20221,1129001160,26,23,3,0,2,0,6,10,8,0,1,0,6,8,8,0,1,0,0,2,0,2685.46833113
20221,1129001162,10,0,10,0,5,1,3,1,0,0,0,0,0,0,0,0,5,1,3,1,0,1353.70511579
20221,1129001177,2,1,1,0,0,0,1,1,0,0,0,0,0,1,0,0,0,0,1,0,0,2909.55795781
20221,1129001189,7,0,7,0,0,1,3,3,0,0,0,0,0,0,0,0,0,1,3,3,0,1309.27820178
20221,1129001193,5,5,0,0,0,0,0,0,5,0,0,0,0,0,5,0,0,0,0,0,0,1998.83080038
20221,1129001197,2,1,1,0,1,0,0,1,0,0,1,0,0,0,0,0,0,0,0,1,0,99605.7962169
20221,1129001209,3,1,2,0,1,1,1,0,0,0,0,1,0,0,0,0,1,0,1,0,0,1209.571331
20221,1129001212,63,40,23,0,4,6,14,14,25,0,3,3,8,9,17,0,1,3,6,5,8,3228.87013375
20221,1129001213,11,11,0,0,0,0,5,3,3,0,0,0,5,3,3,0,0,0,0,0,0,11869.6987014
20221,1129001216,2,2,0,0,0,0,1,0,1,0,0,0,1,0,1,0,0,0,0,0,0,1419.54481761
20221,1129001222,5,1,4,0,0,2,2,0,1,0,0,0,0,0,1,0,0,2,2,0,0,1470.5223192
20221,1129001224,12,9,3,0,1,1,3,4,3,0,0,1,2,3,3,0,1,0,1,1,0,4565.34861939
20221,1129001225,281,216,65,3,41,118,74,36,9,0,15,96,63,33,9,3,26,22,11,3,0,10829.4942014
20221,1129001229,23,12,11,0,1,5,7,7,3,0,1,2,3,4,2,0,0,3,4,3,1,5993.1940868
20221,1129001230,2,1,1,0,0,0,0,1,1,0,0,0,0,0,1,0,0,0,0,1,0,2293.41197725
20221,1129001231,3,2,1,0,0,1,2,0,0,0,0,0,2,0,0,0,0,1,0,0,0,936.311347998
20221,1129001233,2,1,1,0,0,0,1,0,1,0,0,0,0,0,1,0,0,0,1,0,0,1892.3058786
20221,1129001234,8,3,5,0,0,3,0,5,0,0,0,2,0,1,0,0,0,1,0,4,0,1664.17872038
20221,1129001236,3,1,2,0,0,0,3,0,0,0,0,0,1,0,0,0,0,0,2,0,0,2740.33162369
20221,1129001237,9,6,3,0,0,1,2,2,4,0,0,0,2,2,2,0,0,1,0,0,2,4341.85360475
20221,1129001244,2,0,2,0,0,0,1,0,1,0,0,0,0,0,0,0,0,0,1,0,1,1992.77634823
20221,1129001248,2,2,0,0,0,0,1,1,0,0,0,0,1,1,0,0,0,0,0,0,0,1114.64235579
20221,1129001249,15,13,2,0,1,2,4,3,5,0,1,2,3,3,4,0,0,0,1,0,1,2931.45226285
20221,1129001251,3,2,1,0,0,0,1,2,0,0,0,0,1,1,0,0,0,0,0,1,0,923.601009438
20221,1129001252,3,2,1,0,0,2,1,0,0,0,0,1,1,0,0,0,0,1,0,0,0,2599.71738132
20221,1129001254,6,5,1,0,1,1,3,0,1,0,1,1,2,0,1,0,0,0,1,0,0,5550.75628274
20221,1129001258,18,12,6,0,3,4,3,7,1,0,2,2,2,5,1,0,1,2,1,2,0,3363.37529125
20221,1129001282,1,0,1,0,0,0,1,0,0,0,0,0,0,0,0,0,0,0,1,0,0,754.959099717
20221,1129001285,51,41,10,0,4,7,10,15,15,0,3,4,7,13,14,0,1,3,3,2,1,658.550706345
20221,1129001289,5,1,4,0,1,0,1,2,1,0,0,0,0,1,0,0,1,0,1,1,1,3968.07642543
20221,1129001291,69,19,50,0,14,15,22,14,4,0,5,5,4,3,2,0,9,10,18,11,2,17632.6150367
20221,1129001292,20,15,5,0,0,4,1,3,12,0,0,1,1,2,11,0,0,3,0,1,1,4902.26588196
20221,1129001300,6,5,1,0,2,1,1,1,1,0,1,1,1,1,1,0,1,0,0,0,0,1001.19178283
20221,1129001301,13,10,3,0,0,5,2,6,0,0,0,4,1,5,0,0,0,1,1,1,0,1508.07996165
20221,1129001311,16,15,1,0,0,5,5,5,1,0,0,4,5,5,1,0,0,1,0,0,0,1419.37916464
20221,1129001315,13,8,5,0,1,4,2,5,1,0,0,3,1,3,1,0,1,1,1,2,0,7326.73988324
20221,1129001318,15,13,2,0,0,0,6,5,4,0,0,0,4,5,4,0,0,0,2,0,0,5437.55591509
20221,1129001320,4,1,3,0,0,2,0,1,1,0,0,1,0,0,0,0,0,1,0,1,1,1903.80143801
20221,1129001323,3,2,1,0,0,0,0,1,2,0,0,0,0,1,1,0,0,0,0,0,1,2120.45093986
20221,1129001326,2,1,1,0,1,0,0,1,0,0,1,0,0,0,0,0,0,0,0,1,0,918.664044957
20221,1129001327,22,19,3,0,0,8,6,7,1,0,0,7,5,6,1,0,0,1,1,1,0,4622.36804481
20221,1129001330,2,0,2,0,0,0,0,1,1,0,0,0,0,0,0,0,0,0,0,1,1,1084.26803368
20221,1129001334,4,4,0,0,0,4,0,0,0,0,0,4,0,0,0,0,0,0,0,0,0,5649.95803163
20221,1129001336,5,4,1,0,1,2,0,2,0,0,1,2,0,1,0,0,0,0,0,1,0,2715.72165908
20221,1129001346,4,2,2,0,0,0,2,1,1,0,0,0,1,1,0,0,0,0,1,0,1,2308.39439091
20221,1129001348,8,1,7,0,1,1,1,4,1,0,0,0,0,0,1,0,1,1,1,4,0,4790.86921001
20221,1129001350,95,50,45,0,14,19,24,17,21,0,1,9,13,10,17,0,13,10,11,7,4,3080.69931178
20221,1129001354,38,9,29,0,12,14,5,7,0,0,2,2,2,3,0,0,10,12,3,4,0,2816.14414283
20221,1129001360,92,77,15,0,22,21,14,30,5,0,22,17,8,25,5,0,0,4,6,5,0,2836.0672573
20221,1129001363,4,2,2,0,0,1,0,1,2,0,0,0,0,1,1,0,0,1,0,0,1,3231.17273356
20221,1129001364,18,17,1,0,1,3,4,6,4,0,1,3,4,5,4,0,0,0,0,1,0,2347.55049009
20221,1129001369,2,2,0,0,0,1,1,0,0,0,0,1,1,0,0,0,0,0,0,0,0,1727.63892008
20221,1129001371,5,1,4,0,2,0,0,2,1,0,0,0,0,1,0,0,2,0,0,1,1,3301.08702655
20221,1129001376,10,8,2,0,0,2,3,1,4,0,0,2,3,1,2,0,0,0,0,0,2,4852.52882864
20221,1129001379,6,4,2,0,1,0,1,4,0,0,1,0,0,3,0,0,0,0,1,1,0,2566.67596289
20221,1129001380,8,4,4,0,0,1,2,1,4,0,0,1,1,1,1,0,0,0,1,0,3,3835.571848
20221,1129001382,3,2,1,0,0,1,0,2,0,0,0,1,0,1,0,0,0,0,0,1,0,1341.3151994
20221,1129001384,11,7,4,0,0,5,2,3,1,0,0,3,2,1,1,0,0,2,0,2,0,2434.41465641
20221,1129001389,3,3,0,0,0,0,1,1,1,0,0,0,1,1,1,0,0,0,0,0,0,1455.30132018
20221,1129001391,3,2,1,0,0,0,1,2,0,0,0,0,1,1,0,0,0,0,0,1,0,4600.61349277
20221,1129001397,2,1,1,0,0,0,0,1,1,0,0,0,0,1,0,0,0,0,0,0,1,868.923957791
20221,1129001400,8,5,3,0,1,1,0,4,2,0,0,0,0,3,2,0,1,1,0,1,0,2443.09056824
20221,1129001402,8,6,2,0,0,2,2,3,1,0,0,1,2,2,1,0,0,1,0,1,0,1363.18684457
20221,1129001405,7,4,3,0,0,0,1,2,4,0,0,0,0,1,3,0,0,0,1,1,1,3773.12069376
20221,1129001409,7,4,3,0,3,2,1,1,0,0,2,1,1,0,0,0,1,1,0,1,0,3687.19811542
20221,1129001411,1,0,1,0,0,0,1,0,0,0,0,0,0,0,0,0,0,0,1,0,0,893.065313794
20221,1129001415,3,2,1,0,0,0,2,1,0,0,0,0,2,0,0,0,0,0,0,1,0,2578.26555068
20221,1129001416,16,8,8,0,2,3,6,4,1,0,0,1,4,2,1,0,2,2,2,2,0,2382.94063562
20221,1129001422,82,34,48,0,10,19,16,19,18,0,0,4,6,8,16,0,10,15,10,11,2,10522.4008775
20221,1129001424,71,57,14,0,4,10,20,34,3,0,3,5,14,32,3,0,1,5,6,2,0,5099.14970665
20221,1129001427,9,4,5,0,0,0,1,6,2,0,0,0,0,3,1,0,0,0,1,3,1,2764.31163355
20221,1129001428,58,25,33,0,6,15,15,17,5,0,3,4,5,9,4,0,3,11,10,8,1,24849.9049279
20221,1129001430,40,39,1,0,2,3,4,23,8,0,2,3,3,23,8,0,0,0,1,0,0,1719.2810491
20221,1129001433,1,0,1,0,0,1,0,0,0,0,0,0,0,0,0,0,0,1,0,0,0,4161.82129936
20221,1129001434,8,8,0,0,0,2,2,1,3,0,0,2,2,1,3,0,0,0,0,0,0,3140.00692645
20221,1129001436,3,3,0,0,0,0,1,0,2,0,0,0,1,0,2,0,0,0,0,0,0,1922.30098389
20221,1129001437,4,2,2,0,1,1,0,2,0,0,0,1,0,1,0,0,1,0,0,1,0,1054.98095312
20221,1129001440,37,8,29,0,2,7,11,12,5,0,2,1,1,0,4,0,0,6,10,12,1,12902.9829544
20221,1129001441,3,1,2,0,2,0,0,1,0,0,1,0,0,0,0,0,1,0,0,1,0,2441.66146192
20221,1129001442,10,10,0,0,0,3,5,2,0,0,0,3,5,2,0,0,0,0,0,0,0,2677.91136473
20221,1129001444,9,3,6,0,3,1,1,4,0,0,1,0,1,1,0,0,2,1,0,3,0,8911.19997696
20221,1129001445,1,0,1,0,0,0,0,1,0,0,0,0,0,0,0,0,0,0,0,1,0,2572.54803552
20221,1129001446,129,54,75,1,31,34,27,12,24,0,6,10,19,8,11,1,25,24,8,4,13,6222.99353583
20221,1129001449,10,8,2,0,4,1,1,3,1,0,3,1,1,2,1,0,1,0,0,1,0,1638.67995197
20221,1129001450,41,39,2,0,1,5,4,13,18,0,1,4,4,12,18,0,0,1,0,1,0,3137.43463678
20221,1129001451,3,2,1,0,0,0,1,1,1,0,0,0,1,1,0,0,0,0,0,0,1,1471.26951474
20221,1129001454,44,39,5,0,0,2,7,12,23,0,0,2,4,11,22,0,0,0,3,1,1,3278.69548523
20221,1129001457,4,3,1,0,0,1,0,2,1,0,0,1,0,1,1,0,0,0,0,1,0,2809.34675755
20221,1129001465,6,5,1,0,0,0,3,2,1,0,0,0,2,2,1,0,0,0,1,0,0,4592.43662789
20221,1129001468,6,2,4,0,0,2,1,2,1,0,0,1,0,1,0,0,0,1,1,1,1,5275.84700193
20221,1129001471,9,4,5,0,0,3,1,0,5,0,0,0,0,0,4,0,0,3,1,0,1,3885.02788991
20221,1129001473,6,5,1,0,0,0,4,2,0,0,0,0,3,2,0,0,0,0,1,0,0,1611.55927305
20221,1129001476,12,10,2,0,2,1,4,3,2,0,2,1,4,1,2,0,0,0,0,2,0,3534.0133398
20221,1129001489,907,703,204,0,4,10,19,44,830,0,0,7,6,26,664,0,4,3,13,18,166,3463.59476813
20221,1129001491,3,1,2,0,0,0,3,0,0,0,0,0,1,0,0,0,0,0,2,0,0,3906.08988199
20221,1129001498,19,12,7,0,0,2,6,5,6,0,0,1,4,2,5,0,0,1,2,3,1,1347.21113131
20221,1129001499,4,4,0,0,3,1,0,0,0,0,3,1,0,0,0,0,0,0,0,0,0,1754.1850392
20221,1129001500,4,1,3,0,0,1,3,0,0,0,0,0,1,0,0,0,0,1,2,0,0,863.468436994
20221,1129001503,37,34,3,0,4,7,7,9,10,0,3,6,6,9,10,0,1,1,1,0,0,6648.95313586
20221,1129001508,23,11,12,0,1,0,9,9,4,0,1,0,4,3,3,0,0,0,5,6,1,2775.16339585
20221,1129001511,6,2,4,0,0,1,3,2,0,0,0,0,0,2,0,0,0,1,3,0,0,2425.55832245
20221,1129001512,3,3,0,0,0,0,3,0,0,0,0,0,3,0,0,0,0,0,0,0,0,2482.12818792
20221,1129001516,3,1,2,0,0,0,1,2,0,0,0,0,0,1,0,0,0,0,1,1,0,10269.6729421
20221,1129001517,8,2,6,0,4,1,3,0,0,0,1,0,1,0,0,0,3,1,2,0,0,2946.1416121
20221,1129001520,24,19,5,0,0,0,3,4,17,0,0,0,2,3,14,0,0,0,1,1,3,112264.001808
20221,1129001527,21,3,18,1,3,7,6,3,1,0,1,0,1,0,1,1,2,7,5,3,0,1815.25704643
20221,1129001529,836,443,393,10,107,148,194,210,167,8,67,96,91,95,86,2,40,52,103,115,81,3244.91565666
20221,1129001533,12,6,6,0,1,2,5,3,1,0,1,2,0,2,1,0,0,0,5,1,0,7005.07258843
20221,1129001541,4,2,2,0,0,0,3,1,0,0,0,0,1,1,0,0,0,0,2,0,0,5582.10152217
20221,1129001542,35,21,14,0,6,12,6,9,2,0,0,8,5,7,1,0,6,4,1,2,1,10809.4800919
20221,1129001543,9,5,4,0,2,4,2,0,1,0,2,2,1,0,0,0,0,2,1,0,1,4252.23772058
20221,1129001544,13,7,6,0,2,2,3,3,3,0,1,1,3,0,2,0,1,1,0,3,1,2769.46438583
20221,1129001546,41,13,28,4,14,5,9,8,1,0,3,3,3,4,0,4,11,2,6,4,1,3700.23516321
20221,1129001547,8,4,4,0,0,1,1,2,4,0,0,0,0,1,3,0,0,1,1,1,1,2283.89334788
20221,1129001549,3,2,1,0,0,0,0,1,2,0,0,0,0,0,2,0,0,0,0,1,0,3082.87086879
20221,1129001550,17,7,10,0,4,4,0,5,4,0,0,0,0,5,2,0,4,4,0,0,2,3963.01710403
20221,1129001551,3,2,1,0,0,0,2,1,0,0,0,0,1,1,0,0,0,0,1,0,0,1255.51300215
20221,1129001552,11,4,7,0,3,4,0,4,0,0,0,2,0,2,0,0,3,2,0,2,0,2288.87004357
20221,1129001553,3,0,3,0,0,1,1,0,1,0,0,0,0,0,0,0,0,1,1,0,1,1312.89575304
20221,1129001554,20,13,7,0,0,3,4,10,3,0,0,1,1,9,2,0,0,2,3,1,1,4500.72589937
20221,1129001556,2,1,1,0,0,0,1,0,1,0,0,0,0,0,1,0,0,0,1,0,0,2130.03979263
20221,1129001557,22,10,12,0,3,2,5,4,8,0,2,0,2,2,4,0,1,2,3,2,4,1823.5022601
20221,1129001558,4,2,2,0,0,0,4,0,0,0,0,0,2,0,0,0,0,0,2,0,0,4102.41936634
20221,1129001561,2,1,1,0,0,0,1,0,1,0,0,0,0,0,1,0,0,0,1,0,0,1632.12625983
20221,1129001564,2,1,1,0,0,0,1,0,1,0,0,0,0,0,1,0,0,0,1,0,0,13747.5201953
20221,1129001566,8,5,3,0,1,0,2,3,2,0,0,0,2,2,1,0,1,0,0,1,1,2783.57534131
20221,1129001567,3,0,3,0,1,0,0,2,0,0,0,0,0,0,0,0,1,0,0,2,0,10023.0335707
20221,1129001568,24,14,10,0,2,6,2,7,7,0,0,2,2,5,5,0,2,4,0,2,2,4343.0355389
20221,1129001569,26,13,13,0,3,5,8,5,5,0,1,2,4,2,4,0,2,3,4,3,1,14381.065832
20221,1129001570,13,10,3,0,0,3,2,5,3,0,0,3,1,3,3,0,0,0,1,2,0,1730.01425553
20221,1129001571,432,90,342,1,41,96,188,103,3,0,11,40,30,7,2,1,30,56,158,96,1,3964.85927945
20221,1129001572,362,112,250,0,18,131,177,24,12,0,6,34,48,12,12,0,12,97,129,12,0,8056.7275957
20221,1129001573,5,4,1,0,0,3,0,1,1,0,0,2,0,1,1,0,0,1,0,0,0,3278.67060907
20221,1129001574,14,9,5,0,2,3,6,2,1,0,1,2,3,2,1,0,1,1,3,0,0,5029.25642128
20221,1129001575,45,16,29,0,8,7,8,14,8,0,3,3,0,6,4,0,5,4,8,8,4,8008.16925497
20221,1129001576,20,13,7,0,2,6,6,5,1,0,2,3,5,3,0,0,0,3,1,2,1,2056.06663506
20221,1129001577,59,11,48,0,11,11,6,29,2,0,2,4,5,0,0,0,9,7,1,29,2,4200.93537208
20221,1129001578,122,88,34,0,3,13,50,42,14,0,0,11,38,31,8,0,3,2,12,11,6,5359.15774984
20221,1129001580,12,1,11,0,1,2,2,3,4,0,0,0,0,0,1,0,1,2,2,3,3,2692.58656665
20221,1129001581,16,6,10,0,1,3,4,4,4,0,0,0,2,1,3,0,1,3,2,3,1,5943.67095631
20221,1129001582,5,1,4,0,2,0,1,1,1,0,1,0,0,0,0,0,1,0,1,1,1,3755.61358973
20221,1129001583,188,60,128,0,40,88,41,12,7,0,9,26,16,4,5,0,31,62,25,8,2,2705.58063208
20221,1129001584,682,558,124,3,110,218,218,92,41,3,79,184,190,69,33,0,31,34,28,23,8,12585.539396
20221,1129001585,62,15,47,0,4,22,21,13,2,0,0,7,3,4,1,0,4,15,18,9,1,18159.6794215
20221,1129001586,236,75,161,0,33,30,40,49,84,0,11,13,13,11,27,0,22,17,27,38,57,6965.9160308
20221,1129001588,23,9,14,0,4,5,5,6,3,0,2,0,2,2,3,0,2,5,3,4,0,28616.6529241
20221,1129001589,9,5,4,0,1,1,3,4,0,0,0,1,1,3,0,0,1,0,2,1,0,2947.70634045
20221,1129001590,27,17,10,1,2,9,7,6,2,0,2,6,4,4,1,1,0,3,3,2,1,4798.23307808
20221,1129001591,21,10,11,0,5,3,6,4,3,0,1,2,3,2,2,0,4,1,3,2,1,2138.14774143
20221,1129001595,16,12,4,0,0,7,1,6,2,0,0,5,0,5,2,0,0,2,1,1,0,1784.00920877
20221,1129001602,6,5,1,0,0,0,1,3,2,0,0,0,1,2,2,0,0,0,0,1,0,2389.19628428
20221,1129001604,7,2,5,0,2,0,3,2,0,0,1,0,0,1,0,0,1,0,3,1,0,13313.163929
20221,1129001607,60,51,9,0,1,11,10,24,14,0,1,5,9,23,13,0,0,6,1,1,1,7635.27289405
20221,1129001610,53,30,23,0,4,21,12,4,12,0,1,13,5,4,7,0,3,8,7,0,5,23111.2737032
20221,1129001611,19,18,1,0,6,5,2,3,3,0,6,5,2,3,2,0,0,0,0,0,1,9148.49375224
20221,1129001612,2,2,0,0,0,0,1,1,0,0,0,0,1,1,0,0,0,0,0,0,0,3095.44501609
20221,1129001616,124,24,100,0,14,20,35,50,5,0,7,4,7,5,1,0,7,16,28,45,4,8470.10363357
20221,1129001617,42,23,19,0,6,9,18,1,8,0,1,3,12,0,7,0,5,6,6,1,1,14624.148448
20221,1129001618,24,18,6,0,6,5,8,4,1,0,4,3,6,4,1,0,2,2,2,0,0,6027.49492595
20221,1129001619,3,1,2,0,0,2,0,0,1,0,0,0,0,0,1,0,0,2,0,0,0,1286.20306618
20221,1129001620,4,3,1,0,0,0,1,3,0,0,0,0,1,2,0,0,0,0,0,1,0,3699.48213505
20221,1129001624,1,1,0,0,0,0,1,0,0,0,0,0,1,0,0,0,0,0,0,0,0,1939.28228487
20221,1129001628,9,6,3,0,1,1,2,2,3,0,0,1,2,1,2,0,1,0,0,1,1,2708.79202984
20221,1129001629,8,8,0,0,2,0,4,1,1,0,2,0,4,1,1,0,0,0,0,0,0,3474.47241604
20221,1129001631,2,1,1,0,0,0,0,1,1,0,0,0,0,1,0,0,0,0,0,0,1,2526.9182402
20221,1129001640,2,2,0,0,0,0,0,2,0,0,0,0,0,2,0,0,0,0,0,0,0,6906.31589345
20221,1129001644,62,42,20,0,1,11,18,24,8,0,0,5,13,18,6,0,1,6,5,6,2,17096.9992394
20221,1129001645,6,2,4,0,0,1,1,0,4,0,0,0,1,0,1,0,0,1,0,0,3,1706.17310916
20221,1129001646,15,10,5,0,1,2,3,4,5,0,1,1,3,2,3,0,0,1,0,2,2,7776.28594244
20221,1129001649,6,3,3,0,1,1,0,2,2,0,1,0,0,1,1,0,0,1,0,1,1,3571.2929428
20221,1129001652,59,54,5,0,4,7,31,16,1,0,4,5,28,16,1,0,0,2,3,0,0,11076.9615897
20221,1129001653,1,1,0,0,0,0,0,0,1,0,0,0,0,0,1,0,0,0,0,0,0,531.4830948
20221,1129001657,20,12,8,0,3,1,4,6,6,0,1,1,1,4,5,0,2,0,3,2,1,7318.72766697
20221,1129001659,117,110,7,0,23,26,40,21,7,0,19,24,39,21,7,0,4,2,1,0,0,4489.0919205
20221,1129001660,2,0,2,0,0,0,0,1,1,0,0,0,0,0,0,0,0,0,0,1,1,1786.09024829
20221,1129001661,3,2,1,0,1,1,0,1,0,0,0,1,0,1,0,0,1,0,0,0,0,4540.41539848
20221,1129001663,3,1,2,0,1,0,0,2,0,0,0,0,0,1,0,0,1,0,0,1,0,2767.61504058
20221,1129001666,35,4,31,0,7,11,10,7,0,0,0,1,2,1,0,0,7,10,8,6,0,13506.0754743
20221,1129001668,20,11,9,0,1,4,5,2,8,0,0,2,4,1,4,0,1,2,1,1,4,8051.24339719
20221,1129001669,3,2,1,0,1,0,0,1,1,0,1,0,0,0,1,0,0,0,0,1,0,4217.65010909
20221,1129001670,2,1,1,0,0,0,1,1,0,0,0,0,0,1,0,0,0,0,1,0,0,4432.79953572
20221,1129001673,107,36,71,0,5,23,47,26,6,0,1,5,15,11,4,0,4,18,32,15,2,42048.6372977
20221,1129001674,6,5,1,0,0,1,0,5,0,0,0,1,0,4,0,0,0,0,0,1,0,5319.85616062
20221,1129001675,8,4,4,0,1,5,1,1,0,0,0,4,0,0,0,0,1,1,1,1,0,4405.43144491
20221,1129001677,5,3,2,0,0,1,2,1,1,0,0,1,1,1,0,0,0,0,1,0,1,18777.2333451
20221,1129001678,253,207,46,5,27,75,82,40,24,1,11,70,74,34,17,4,16,5,8,6,7,31709.101242
20221,1129001680,275,110,165,0,46,115,62,31,21,0,12,37,35,12,14,0,34,78,27,19,7,31423.9957706
20221,1129001681,159,124,35,6,42,59,35,11,6,6,36,54,23,5,0,0,6,5,12,6,6,4056.36903134
20221,1129001683,56,29,27,0,4,9,16,19,8,0,2,2,6,13,6,0,2,7,10,6,2,57347.5502962
20221,1129001685,31,17,14,0,6,10,9,4,2,0,4,8,4,0,1,0,2,2,5,4,1,9737.43556297
20221,1129001686,292,231,61,0,42,76,122,35,17,0,24,64,106,28,9,0,18,12,16,7,8,11872.4971689
20221,1129001687,15,3,12,0,6,3,2,3,1,0,0,0,0,2,1,0,6,3,2,1,0,6060.75766147
20221,1129001691,34,26,8,0,4,6,12,5,7,0,2,4,9,5,6,0,2,2,3,0,1,3565.23037215
20221,1129001695,29,10,19,0,3,2,7,8,9,0,2,2,4,1,1,0,1,0,3,7,8,9635.54196006
20221,1129001696,8,5,3,0,0,0,3,4,1,0,0,0,2,2,1,0,0,0,1,2,0,21940.0663842
20221,1129001697,287,166,121,3,123,71,40,34,16,0,56,46,29,24,11,3,67,25,11,10,5,3701.5317609
20221,1129001698,113,56,57,0,14,35,33,25,6,0,4,14,13,20,5,0,10,21,20,5,1,36366.1105139
20221,1129001699,203,155,48,0,19,62,53,60,9,0,13,46,43,45,8,0,6,16,10,15,1,18370.718007
20221,1129001701,55,33,22,0,9,10,11,13,12,0,5,7,7,7,7,0,4,3,4,6,5,14579.7433132
20221,1129001706,10,4,6,0,2,1,1,2,4,0,0,0,0,1,3,0,2,1,1,1,1,8823.65887523
20221,1129001707,100,41,59,0,17,42,34,5,2,0,5,12,20,2,2,0,12,30,14,3,0,2298.36418357
20221,1129001710,7,3,4,0,1,0,4,0,2,0,0,0,1,0,2,0,1,0,3,0,0,9280.69115543
20221,1129001711,1,1,0,0,0,0,0,0,1,0,0,0,0,0,1,0,0,0,0,0,0,3813.48944324
20221,1129001712,389,264,125,3,93,154,89,33,17,0,50,111,61,26,16,3,43,43,28,7,1,50964.5354988
20221,1129001713,7,6,1,0,0,0,3,2,2,0,0,0,2,2,2,0,0,0,1,0,0,15040.4546882
20221,1129001714,2,1,1,0,0,0,1,1,0,0,0,0,1,0,0,0,0,0,0,1,0,61113.2339719
20221,1129001717,5,3,2,0,0,0,3,1,1,0,0,0,2,0,1,0,0,0,1,1,0,2859.45799565
20221,1129001718,20,20,0,0,1,2,4,10,3,0,1,2,4,10,3,0,0,0,0,0,0,5182.60388761
20221,1129001720,113,81,32,0,9,24,27,35,18,0,3,17,20,25,16,0,6,7,7,10,2,14588.5181186
20221,1129001721,2,2,0,0,0,1,0,0,1,0,0,1,0,0,1,0,0,0,0,0,0,35726.6010143
20221,1129001722,115,50,65,3,39,21,21,23,8,1,20,10,12,6,1,2,19,11,9,17,7,208944.212216
20221,1129001723,1007,400,607,4,392,409,176,22,4,1,168,178,43,6,4,3,224,231,133,16,0,17351.2547931
20221,1129001725,115,105,10,0,14,26,36,30,9,0,11,24,33,29,8,0,3,2,3,1,1,3211.27340679
20221,1129001727,60,37,23,0,16,23,16,4,1,0,10,15,9,3,0,0,6,8,7,1,1,11404.1999449
20221,1129001728,122,113,9,0,0,3,13,52,54,0,0,1,11,49,52,0,0,2,2,3,2,10298.3745181
20221,1129001729,39,21,18,0,9,8,16,5,1,0,1,3,13,4,0,0,8,5,3,1,1,14429.3177552
20221,1129001731,352,338,14,0,36,100,101,105,10,0,32,96,96,105,9,0,4,4,5,0,1,15322.0620527
20221,1129001732,22,14,8,0,3,5,4,8,2,0,3,4,2,4,1,0,0,1,2,4,1,7008.62593422
20221,1129001733,507,385,122,1,154,156,83,102,11,0,74,127,72,102,10,1,80,29,11,0,1,14141.332928
20221,1129001734,11,5,6,0,4,1,2,2,2,0,1,1,1,1,1,0,3,0,1,1,1,16218.749889
20221,1129001735,2,1,1,0,1,0,1,0,0,0,0,0,1,0,0,0,1,0,0,0,0,3143.56685703
20221,1129001736,888,751,137,0,105,305,278,187,13,0,54,259,248,178,12,0,51,46,30,9,1,20885.5474179
20221,1129001737,4,4,0,0,0,1,2,0,1,0,0,1,2,0,1,0,0,0,0,0,0,6677.97298018
20221,1129001738,12087,11233,854,5,892,2435,3701,4847,207,0,725,2094,3516,4751,147,5,167,341,185,96,60,36702.3474634
20221,1129001739,61,36,25,0,1,19,25,12,4,0,0,11,11,10,4,0,1,8,14,2,0,3342.16520041
20221,1129001740,7,4,3,0,0,2,3,1,1,0,0,1,2,1,0,0,0,1,1,0,1,11136.2202808
20221,1129001741,19,8,11,1,5,1,7,3,2,0,4,0,3,0,1,1,1,1,4,3,1,14491.8325383
20221,1129001742,82,45,37,0,8,18,22,15,19,0,4,7,10,10,14,0,4,11,12,5,5,59407.2168511
20221,1129001743,35,22,13,0,7,11,9,6,2,0,5,7,6,3,1,0,2,4,3,3,1,45676.2336692
20221,1129001744,277,230,47,1,36,85,92,55,8,0,23,60,87,53,7,1,13,25,5,2,1,4252.37959544
20221,1129001747,554,197,357,0,114,176,203,59,2,0,31,48,81,35,2,0,83,128,122,24,0,62215.1849167
20221,1129001748,22,18,4,0,1,4,5,8,4,0,0,4,3,8,3,0,1,0,2,0,1,13250.2462508
20221,1129001750,62,55,7,1,3,5,11,21,21,1,2,4,10,19,19,0,1,1,1,2,2,4991.29551256
20221,1129001752,268,138,130,2,94,38,39,37,58,0,42,19,26,18,33,2,52,19,13,19,25,32129.1420407
20221,1129001754,37,21,16,0,4,9,13,5,6,0,3,6,4,2,6,0,1,3,9,3,0,56238.503021
20221,1129001755,8,5,3,0,0,3,1,1,3,0,0,2,1,1,1,0,0,1,0,0,2,15866.9890591
20221,1129001757,971,449,522,0,262,307,224,139,39,0,77,122,129,93,28,0,185,185,95,46,11,115183.835906
20221,1129001758,9,6,3,0,0,2,1,1,5,0,0,1,0,0,5,0,0,1,1,1,0,461704.104484
20221,1129001759,21,9,12,0,4,6,7,3,1,0,0,2,3,3,1,0,4,4,4,0,0,127972.990805
20221,1129001760,12,5,7,0,0,2,5,3,2,0,0,0,1,2,2,0,0,2,4,1,0,173578.137983
20221,1129001762,81,60,21,0,9,13,26,17,16,0,6,10,17,13,14,0,3,3,9,4,2,3792.49172069
20221,1129001763,38,19,19,0,7,9,11,9,2,0,2,5,5,6,1,0,5,4,6,3,1,3685.11917834
20221,1129001765,89,64,25,0,7,10,25,24,23,0,2,6,19,20,17,0,5,4,6,4,6,3195.51657621
20221,1129001766,84,69,15,0,11,13,23,28,9,0,7,10,20,23,9,0,4,3,3,5,0,2626.50736881
20221,1129001767,4,3,1,0,1,0,0,0,3,0,0,0,0,0,3,0,1,0,0,0,0,2362.44833114
20221,1129001769,7,5,2,0,0,0,1,4,2,0,0,0,0,3,2,0,0,0,1,1,0,7690.69074465
20221,1129001771,28,18,10,0,1,5,12,7,3,0,1,2,6,6,3,0,0,3,6,1,0,5002.07761172
20221,1129001772,2,2,0,0,0,0,0,1,1,0,0,0,0,1,1,0,0,0,0,0,0,5441.09988607
20221,1129001775,22,17,5,0,7,10,2,1,2,0,5,9,2,1,0,0,2,1,0,0,2,4574.31319467
20221,1129001777,676,506,170,3,121,184,150,147,71,3,79,140,120,117,47,0,42,44,30,30,24,5672.70743044
20221,1129001780,39,24,15,0,2,13,9,10,5,0,1,11,4,4,4,0,1,2,5,6,1,12966.6739742
20221,1129001781,49,27,22,1,13,11,10,11,3,0,5,6,9,4,3,1,8,5,1,7,0,679.953867576
20221,1129001782,301,249,52,1,33,90,111,66,0,0,26,81,91,51,0,1,7,9,20,15,0,5627.30439485
20221,1129001787,5,2,3,0,0,2,0,2,1,0,0,1,0,0,1,0,0,1,0,2,0,1932.05015884
20221,1129001790,2,2,0,0,0,0,2,0,0,0,0,0,2,0,0,0,0,0,0,0,0,953.419858708
20221,1129001791,23,13,10,0,12,9,1,1,0,0,6,6,1,0,0,0,6,3,0,1,0,5521.52808952
20221,1129001792,4,2,2,0,0,0,1,3,0,0,0,0,0,2,0,0,0,0,1,1,0,6575.87772822
20221,1129001793,8,4,4,0,0,1,0,3,4,0,0,1,0,0,3,0,0,0,0,3,1,1556.47288448
20221,1129001796,2,1,1,0,0,0,0,2,0,0,0,0,0,1,0,0,0,0,0,1,0,5927.95159607
20221,1129001797,3,3,0,0,0,0,0,3,0,0,0,0,0,3,0,0,0,0,0,0,0,3749.07707306
20221,1129001798,4,2,2,0,0,0,2,0,2,0,0,0,2,0,0,0,0,0,0,0,2,2491.22563213
20221,1129001799,7,1,6,0,3,3,0,0,1,0,1,0,0,0,0,0,2,3,0,0,1,3497.66272857
20221,1129001800,22,6,16,1,10,7,2,0,2,0,0,3,2,0,1,1,10,4,0,0,1,2929.06750307
20221,1129001802,5,4,1,0,0,1,2,2,0,0,0,1,1,2,0,0,0,0,1,0,0,1957.18080496
20221,1129001803,10,1,9,0,2,5,2,0,1,0,0,1,0,0,0,0,2,4,2,0,1,3701.79853524
20221,1129001805,173,162,11,0,3,13,17,56,84,0,2,10,15,54,81,0,1,3,2,2,3,7603.20550094
20221,1129001806,6,5,1,0,0,1,0,3,2,0,0,1,0,3,1,0,0,0,0,0,1,6103.56689588
20221,1129001809,393,366,27,0,18,51,87,144,93,0,15,49,81,132,89,0,3,2,6,12,4,4015.54869065
20221,1129001811,3,1,2,0,0,1,1,0,1,0,0,0,0,0,1,0,0,1,1,0,0,4013.3108732
20221,1129001813,1027,535,492,0,91,342,397,191,6,0,29,148,235,117,6,0,62,194,162,74,0,1236.84460347
20221,1129001817,15,9,6,0,0,4,3,1,7,0,0,1,2,0,6,0,0,3,1,1,1,4900.68402436
20221,1129001819,70,66,4,0,3,0,9,33,25,0,1,0,8,33,24,0,2,0,1,0,1,2866.42817973
20221,1129001821,437,335,102,1,126,198,91,17,4,0,86,158,76,13,2,1,40,40,15,4,2,6101.43159287
20221,1129001822,121,44,77,0,27,24,36,19,15,0,10,8,10,10,6,0,17,16,26,9,9,3977.64529884
20221,1129001823,12,7,5,0,0,0,1,3,8,0,0,0,1,0,6,0,0,0,0,3,2,9128.55318805
20221,1129001824,16,9,7,0,4,4,3,2,3,0,3,2,2,0,2,0,1,2,1,2,1,8815.50505784
20221,1129001826,7,6,1,0,3,3,1,0,0,0,2,3,1,0,0,0,1,0,0,0,0,1169.4131382
20221,1129001831,24,19,5,0,3,4,9,5,3,0,2,2,8,4,3,0,1,2,1,1,0,3705.6866103
20221,1129001834,2,1,1,0,0,1,1,0,0,0,0,0,1,0,0,0,0,1,0,0,0,1737.95598376
20221,1129001837,5,2,3,0,0,0,2,1,2,0,0,0,0,0,2,0,0,0,2,1,0,4200.31347075
20221,1129001838,20,0,20,0,9,2,4,5,0,0,0,0,0,0,0,0,9,2,4,5,0,1605.0396624
20221,1129001839,2,1,1,0,0,0,1,1,0,0,0,0,0,1,0,0,0,0,1,0,0,2216.78679614
20221,1129001843,16,5,11,1,3,4,2,4,2,0,0,1,2,1,1,1,3,3,0,3,1,6201.15364473
20221,1129001844,8,1,7,0,1,2,1,0,4,0,0,0,0,0,1,0,1,2,1,0,3,1180.56938563
20221,1129001845,6,2,4,0,2,1,1,0,2,0,0,1,0,0,1,0,2,0,1,0,1,1469.88884095
20221,1129001846,2,2,0,0,0,0,1,0,1,0,0,0,1,0,1,0,0,0,0,0,0,4253.98061194
20221,1129001847,10,9,1,0,2,5,3,0,0,0,2,4,3,0,0,0,0,1,0,0,0,3085.97983842
20221,1129001849,5,2,3,0,1,0,1,3,0,0,1,0,0,1,0,0,0,0,1,2,0,1774.29074096
20221,1129001852,14,2,12,0,1,3,7,2,1,0,0,0,1,1,0,0,1,3,6,1,1,5600.35205905
20221,1129001854,28,7,21,0,12,9,5,1,1,0,0,2,3,1,1,0,12,7,2,0,0,2237.60939737
20221,1129001855,3,1,2,0,1,1,0,1,0,0,0,0,0,1,0,0,1,1,0,0,0,2625.55521993
20221,1129001856,11,8,3,0,0,3,5,3,0,0,0,3,3,2,0,0,0,0,2,1,0,2524.69968364
20221,1129001857,12,6,6,0,0,6,3,2,1,0,0,2,1,2,1,0,0,4,2,0,0,1269.0379333
20221,1129001858,9,6,3,0,0,1,2,1,5,0,0,1,0,1,4,0,0,0,2,0,1,2440.06803089
20221,1129001859,4,2,2,0,0,1,1,2,0,0,0,1,0,1,0,0,0,0,1,1,0,1274.74125263
20221,1129001862,22,11,11,0,3,3,6,5,5,0,0,2,3,3,3,0,3,1,3,2,2,1344.83088156
20221,1129001864,15,7,8,0,5,2,0,2,6,0,1,1,0,1,4,0,4,1,0,1,2,4159.64299935
20221,1129001865,13,10,3,0,1,5,2,4,1,0,0,4,2,3,1,0,1,1,0,1,0,5431.32381959
20221,1129001866,9,5,4,0,0,1,5,3,0,0,0,1,1,3,0,0,0,0,4,0,0,1978.40387727
20221,1129001868,6,4,2,0,1,4,0,0,1,0,0,3,0,0,1,0,1,1,0,0,0,2023.40280659
20221,1129001869,17,11,6,0,0,2,7,5,3,0,0,1,3,4,3,0,0,1,4,1,0,1213.87136607
20221,1129001871,20,6,14,0,4,3,6,7,0,0,0,2,0,4,0,0,4,1,6,3,0,5937.41628291
20221,1129001872,81,44,37,0,6,10,25,30,10,0,4,7,12,16,5,0,2,3,13,14,5,4385.11483318
20221,1129001873,17,10,7,0,0,2,9,3,3,0,0,2,5,0,3,0,0,0,4,3,0,6423.12726131
20221,1129001874,3,1,2,0,0,0,3,0,0,0,0,0,1,0,0,0,0,0,2,0,0,3041.35607503
20221,1129001877,24,17,7,0,1,2,11,5,5,0,1,1,8,3,4,0,0,1,3,2,1,2379.96039316
20221,1129001880,88,32,56,0,11,17,22,17,21,0,6,5,2,8,11,0,5,12,20,9,10,11745.6973191
20221,1129001882,7,5,2,0,0,0,1,6,0,0,0,0,0,5,0,0,0,0,1,1,0,2567.74991221
20221,1129001885,15,9,6,0,5,5,2,3,0,0,4,1,2,2,0,0,1,4,0,1,0,4631.45059836
20221,1129001890,2,2,0,0,0,0,2,0,0,0,0,0,2,0,0,0,0,0,0,0,0,1215.75226458
20221,1129001892,5,1,4,0,0,0,0,4,1,0,0,0,0,1,0,0,0,0,0,3,1,4712.9194268
20221,1129001893,7,6,1,0,2,1,3,0,1,0,2,1,3,0,0,0,0,0,0,0,1,4072.76141789
20221,1129001894,11,5,6,0,5,3,2,0,1,0,0,2,2,0,1,0,5,1,0,0,0,5014.25878933
20221,1129001895,20,4,16,0,1,0,5,12,2,0,0,0,0,3,1,0,1,0,5,9,1,4594.51232741
20221,1129001900,2,2,0,0,0,0,1,0,1,0,0,0,1,0,1,0,0,0,0,0,0,1438.37091732
20221,1129001902,6,4,2,0,1,1,0,0,4,0,1,1,0,0,2,0,0,0,0,0,2,2446.56008202
20221,1129001905,73,25,48,0,14,19,20,12,8,0,5,4,6,5,5,0,9,15,14,7,3,76031.7400242
20221,1129001908,9,3,6,0,1,2,4,1,1,0,0,1,1,0,1,0,1,1,3,1,0,2639.12239581
20221,1129001910,10,5,5,0,0,5,3,2,0,0,0,2,1,2,0,0,0,3,2,0,0,3448.69916309
20221,1129001911,9,3,6,0,0,0,6,2,1,0,0,0,3,0,0,0,0,0,3,2,1,4654.39745712
20221,1129001912,5,4,1,0,0,1,0,2,2,0,0,1,0,2,1,0,0,0,0,0,1,1587.62560515
20221,1129001913,4,4,0,0,0,1,0,2,1,0,0,1,0,2,1,0,0,0,0,0,0,1322.62881485
20221,1129001919,3,1,2,0,0,3,0,0,0,0,0,1,0,0,0,0,0,2,0,0,0,1226.92166334
20221,1129001921,1,0,1,0,0,1,0,0,0,0,0,0,0,0,0,0,0,1,0,0,0,1330.40119407
20221,1129001923,128,38,90,0,10,24,53,30,11,0,4,5,15,9,5,0,6,19,38,21,6,3420.0104574
20221,1129001932,3,0,3,0,1,0,0,2,0,0,0,0,0,0,0,0,1,0,0,2,0,2467.5735448
20221,1129001936,3,2,1,0,0,0,0,3,0,0,0,0,0,2,0,0,0,0,0,1,0,9166.11253513
20221,1129001941,46,12,34,0,16,13,7,8,2,0,4,4,3,0,1,0,12,9,4,8,1,9370.09863927
20221,1129001942,26,12,14,0,18,3,3,2,0,0,7,2,1,2,0,0,11,1,2,0,0,437947.697653
20221,1129001945,2,2,0,0,0,0,0,1,1,0,0,0,0,1,1,0,0,0,0,0,0,1967.90878546
20221,1129001946,6,6,0,0,0,3,3,0,0,0,0,3,3,0,0,0,0,0,0,0,0,1541.27775852
20221,1129001947,2,1,1,0,0,1,0,0,1,0,0,0,0,0,1,0,0,1,0,0,0,7388.18419486
20221,1129001948,44,12,32,0,5,1,14,17,7,0,1,1,2,3,5,0,4,0,12,14,2,16156.7338016
20221,1129001950,7,5,2,0,0,4,2,1,0,0,0,2,2,1,0,0,0,2,0,0,0,3221.76775899
20221,1129001953,6,4,2,0,0,0,3,3,0,0,0,0,2,2,0,0,0,0,1,1,0,9974.66027638
20221,1129001954,17,4,13,0,4,3,7,2,1,0,0,1,2,0,1,0,4,2,5,2,0,6849.4671825
20221,1129001955,56,37,19,0,11,16,13,11,5,0,8,11,9,6,3,0,3,5,4,5,2,3092.29561786
20221,1129001959,5,4,1,0,0,0,2,3,0,0,0,0,1,3,0,0,0,0,1,0,0,3289.24841544
20221,1129001960,2,2,0,0,0,0,1,1,0,0,0,0,1,1,0,0,0,0,0,0,0,1295.03307299
20221,1129001962,6,5,1,0,1,1,2,0,2,0,1,1,1,0,2,0,0,0,1,0,0,1859.69998736
20221,1129001964,243,154,89,2,21,47,70,68,35,2,16,28,39,47,22,0,5,19,31,21,13,4677.16547515
20221,1129001967,40,38,2,0,0,3,7,26,4,0,0,3,6,26,3,0,0,0,1,0,1,2753.5521339
20221,1129001968,155,134,21,0,4,8,23,64,56,0,1,7,16,58,52,0,3,1,7,6,4,1484.80235144
20221,1129001970,989,763,226,0,20,25,102,137,705,0,17,19,68,110,549,0,3,6,34,27,156,10142.1060422
20221,1129001981,8,8,0,0,0,1,6,1,0,0,0,1,6,1,0,0,0,0,0,0,0,1991.0859651
20221,1129001983,2,2,0,0,0,0,1,0,1,0,0,0,1,0,1,0,0,0,0,0,0,3496.91527157
20221,1129001986,11,0,11,0,1,3,4,1,2,0,0,0,0,0,0,0,1,3,4,1,2,1822.66614489
20221,1129001997,48,37,11,0,9,3,4,23,9,0,5,2,2,21,7,0,4,1,2,2,2,6168.94218231
20221,1129002002,1,1,0,0,0,0,0,1,0,0,0,0,0,1,0,0,0,0,0,0,0,3881.52250267
20221,1129002003,4,2,2,0,0,0,1,2,1,0,0,0,0,1,1,0,0,0,1,1,0,1632.91902632
20221,1129002007,9,2,7,0,2,1,5,1,0,0,0,0,1,1,0,0,2,1,4,0,0,4233.0347951
20221,1129002009,3,2,1,0,0,0,2,1,0,0,0,0,1,1,0,0,0,0,1,0,0,2124.45724996
20221,1129002012,15,4,11,0,0,0,3,11,1,0,0,0,1,2,1,0,0,0,2,9,0,1507.14214812
20221,1129002016,24,11,13,0,5,5,7,4,3,0,0,3,5,2,1,0,5,2,2,2,2,3779.15199954
20221,1129002021,8,6,2,0,0,4,2,2,0,0,0,4,0,2,0,0,0,0,2,0,0,1576.48788212
20221,1129002022,4,2,2,0,1,0,2,0,1,0,0,0,1,0,1,0,1,0,1,0,0,4191.55035887
20221,1129002023,116,57,59,0,21,31,27,22,15,0,8,13,11,14,11,0,13,18,16,8,4,11480.5519753
20221,1129002039,2,2,0,0,1,0,0,1,0,0,1,0,0,1,0,0,0,0,0,0,0,1334.84037769
20221,1129002043,3,3,0,0,0,0,0,1,2,0,0,0,0,1,2,0,0,0,0,0,0,1435.64434277
20221,1129002046,58,14,44,0,0,4,13,18,23,0,0,4,4,4,2,0,0,0,9,14,21,8749.50762102
20221,1129002047,2,1,1,0,0,0,1,1,0,0,0,0,1,0,0,0,0,0,0,1,0,3870.47638498
20221,1129002048,5,3,2,0,0,1,1,2,1,0,0,0,1,2,0,0,0,1,0,0,1,1443.41986327
20221,1129002049,11,10,1,0,0,2,3,4,2,0,0,2,2,4,2,0,0,0,1,0,0,1672.3509793
20221,1129002053,21,5,16,0,2,10,4,5,0,0,0,5,0,0,0,0,2,5,4,5,0,1894.38440958
20221,1129002059,84,61,23,1,11,22,35,11,4,1,6,19,30,5,0,0,5,3,5,6,4,4709.91195331
20221,1129002060,13,6,7,0,6,3,2,2,0,0,2,1,1,2,0,0,4,2,1,0,0,1810.84668155
20221,1129002068,3,1,2,0,0,0,3,0,0,0,0,0,1,0,0,0,0,0,2,0,0,2267.13034229
20221,1129002072,3,3,0,0,0,0,0,2,1,0,0,0,0,2,1,0,0,0,0,0,0,1338.37583629
20221,1129002077,13,4,9,0,7,2,2,1,1,0,0,1,2,0,1,0,7,1,0,1,0,1355.91522144
20221,1129002080,10,0,10,0,1,3,3,2,1,0,0,0,0,0,0,0,1,3,3,2,1,2501.95897082
20221,1129002083,3,0,3,0,1,2,0,0,0,0,0,0,0,0,0,0,1,2,0,0,0,2980.77335471
20221,1129002084,179,29,150,0,34,58,48,38,1,0,3,8,9,9,0,0,31,50,39,29,1,13593.4671353
20221,1129002086,5,4,1,0,0,0,1,3,1,0,0,0,1,2,1,0,0,0,0,1,0,5751.88011396
20221,1129002087,10,0,10,0,1,3,4,2,0,0,0,0,0,0,0,0,1,3,4,2,0,1676.80587636
20221,1129002090,6,5,1,0,0,2,1,3,0,0,0,2,1,2,0,0,0,0,0,1,0,1737.84172402
20221,1129002091,4,3,1,0,0,0,0,3,1,0,0,0,0,2,1,0,0,0,0,1,0,3879.23639159
20221,1129002093,7,5,2,0,1,1,3,2,0,0,1,1,2,1,0,0,0,0,1,1,0,1683.362008
20221,1129002094,2,1,1,0,0,1,1,0,0,0,0,1,0,0,0,0,0,0,1,0,0,2410.06826046
20221,1129002105,3,2,1,0,0,1,2,0,0,0,0,1,1,0,0,0,0,0,1,0,0,2036.80540496
20221,1129002107,11,4,7,0,0,4,4,2,1,0,0,0,2,1,1,0,0,4,2,1,0,4800.9954326
20221,1129002118,2,1,1,0,0,2,0,0,0,0,0,1,0,0,0,0,0,1,0,0,0,2098.21971208
20221,1129002124,5,2,3,0,0,1,0,2,2,0,0,1,0,0,1,0,0,0,0,2,1,2433.43492417
20221,1129002126,173,72,101,0,14,29,53,27,50,0,4,10,28,12,18,0,10,19,25,15,32,2709.43073191
20221,1129002128,10,1,9,0,1,0,2,6,1,0,0,0,0,0,1,0,1,0,2,6,0,3326.39011218
20221,1129002138,1,1,0,0,0,0,1,0,0,0,0,0,1,0,0,0,0,0,0,0,0,533.733970255
20221,1129002154,54,15,39,1,10,21,16,3,3,1,2,5,6,1,0,0,8,16,10,2,3,5325.53662008
20221,1129002156,35,9,26,0,3,5,4,5,18,0,0,2,3,1,3,0,3,3,1,4,15,4538.77153372
20221,1129002163,23,5,18,0,6,1,10,6,0,0,0,0,1,4,0,0,6,1,9,2,0,6501.85395217
20221,1129002168,30,13,17,0,3,6,11,4,6,0,0,1,7,0,5,0,3,5,4,4,1,5826.40881998
20221,1129002171,2,0,2,0,0,2,0,0,0,0,0,0,0,0,0,0,0,2,0,0,0,10329.6850449
20221,1129002181,3,3,0,0,0,1,1,0,1,0,0,1,1,0,1,0,0,0,0,0,0,5679.50517494
20221,1129002182,224,140,84,1,30,64,82,29,18,0,17,43,44,21,15,1,13,21,38,8,3,3129.97681504
20221,1129002184,4,2,2,0,0,3,1,0,0,0,0,2,0,0,0,0,0,1,1,0,0,1770.72861873
20221,1129002185,3,2,1,0,1,0,1,1,0,0,1,0,1,0,0,0,0,0,0,1,0,1834.70040303
20221,1129002186,2,1,1,0,0,0,2,0,0,0,0,0,1,0,0,0,0,0,1,0,0,3832.37423793
20221,1129002188,3,2,1,0,0,0,1,2,0,0,0,0,0,2,0,0,0,0,1,0,0,3403.37784519
20221,1129002190,2,2,0,0,0,1,0,1,0,0,0,1,0,1,0,0,0,0,0,0,0,3530.87557737
20221,1129002192,2,2,0,0,0,0,0,2,0,0,0,0,0,2,0,0,0,0,0,0,0,3566.39001961
20221,1129002193,3,2,1,0,0,0,0,2,1,0,0,0,0,1,1,0,0,0,0,1,0,3217.46525943
20221,1129002195,101,69,32,0,11,24,31,13,22,0,6,18,22,10,13,0,5,6,9,3,9,22349.1448746
20221,1129002196,4,2,2,0,1,2,0,1,0,0,0,1,0,1,0,0,1,1,0,0,0,1252.91435252
20221,1129002198,35,22,13,0,1,7,8,9,10,0,1,3,3,7,8,0,0,4,5,2,2,7752.24972337
20221,1129002199,2,1,1,0,0,1,0,1,0,0,0,0,0,1,0,0,0,1,0,0,0,3624.71100486
20221,1129002201,2,1,1,0,0,0,0,0,2,0,0,0,0,0,1,0,0,0,0,0,1,2906.53584558
20221,1129002203,36,32,4,0,4,3,11,12,6,0,4,2,9,11,6,0,0,1,2,1,0,4622.10989553
20221,1129002204,7,4,3,0,1,3,2,0,1,0,0,1,2,0,1,0,1,2,0,0,0,8681.19333025
20221,1129002205,6,0,6,0,1,2,0,3,0,0,0,0,0,0,0,0,1,2,0,3,0,8030.38680177
20221,1129002207,23,12,11,0,1,6,3,6,7,0,0,3,1,2,6,0,1,3,2,4,1,4035.81071771
20221,1129002208,332,173,159,0,32,101,104,63,32,0,12,50,64,28,19,0,20,51,40,35,13,10145.1995628
20221,1129002209,5,0,5,0,0,2,1,1,1,0,0,0,0,0,0,0,0,2,1,1,1,1273.98623352
20221,1129002210,38,15,23,0,7,8,9,7,7,0,2,3,2,3,5,0,5,5,7,4,2,8120.09588535
20221,1129002211,21,9,12,0,0,1,5,8,7,0,0,1,1,3,4,0,0,0,4,5,3,4500.74404008
20221,1129002212,65,35,30,0,5,14,13,16,17,0,2,9,6,11,7,0,3,5,7,5,10,8957.09524743
20221,1129002213,45,22,23,0,2,7,16,16,4,0,1,3,7,9,2,0,1,4,9,7,2,14995.2650451
20221,1129002214,7,6,1,0,0,1,2,1,3,0,0,1,2,0,3,0,0,0,0,1,0,1731.99791452
20221,1129002215,6,2,4,0,1,0,2,2,1,0,0,0,1,0,1,0,1,0,1,2,0,3440.34008297
20221,1129002218,52,34,18,1,10,13,16,8,4,0,5,9,12,6,2,1,5,4,4,2,2,14864.3252315
20221,1129002219,7,5,2,0,2,1,2,2,0,0,1,1,1,2,0,0,1,0,1,0,0,5857.28448504
20221,1129002221,22,10,12,0,4,6,2,5,5,0,1,1,0,4,4,0,3,5,2,1,1,12600.4196396
20221,1129002223,6,2,4,0,0,0,2,4,0,0,0,0,0,2,0,0,0,0,2,2,0,3021.59637702
20221,1129002225,16,6,10,0,1,4,6,3,2,0,0,1,4,0,1,0,1,3,2,3,1,3273.96716563
20221,1129002229,1627,1166,461,0,310,658,319,221,119,0,169,480,226,177,114,0,141,178,93,44,5,441421.287997
20221,1129002231,26,12,14,0,0,5,13,3,5,0,0,1,6,1,4,0,0,4,7,2,1,5168.98395907
20221,1129002233,3,1,2,0,0,0,1,0,2,0,0,0,0,0,1,0,0,0,1,0,1,3429.18856967
20221,1129002236,9,2,7,0,2,5,2,0,0,0,0,2,0,0,0,0,2,3,2,0,0,5999.12956369
20221,1129002238,5,4,1,0,1,2,2,0,0,0,1,2,1,0,0,0,0,0,1,0,0,8420.20371284
20221,1129002243,17,1,16,0,3,7,4,2,1,0,0,0,0,0,1,0,3,7,4,2,0,169635.383512
20221,1129002244,14,2,12,0,4,2,4,3,1,0,0,0,0,2,0,0,4,2,4,1,1,5380.12712583
20221,1129002245,6,3,3,0,2,1,1,0,2,0,1,1,1,0,0,0,1,0,0,0,2,2074.48980596
20221,1129002248,3,2,1,0,1,0,0,2,0,0,1,0,0,1,0,0,0,0,0,1,0,956.49386295
20221,1129002249,282,263,19,0,7,10,13,15,237,0,6,7,4,12,234,0,1,3,9,3,3,19442.8273689
20221,1129002250,55,19,36,0,26,15,8,4,2,0,5,7,4,1,2,0,21,8,4,3,0,14181.1653138
20221,1129002252,2,2,0,0,0,0,2,0,0,0,0,0,2,0,0,0,0,0,0,0,0,3337.16519792
20221,1129002253,2,2,0,0,0,0,0,2,0,0,0,0,0,2,0,0,0,0,0,0,0,2807.55795774
20221,1129002254,132,97,35,0,5,46,53,24,4,0,1,32,41,20,3,0,4,14,12,4,1,5285.01129929
20221,1129002259,2,1,1,0,0,0,0,1,1,0,0,0,0,0,1,0,0,0,0,1,0,2217.39757024
20221,1129002262,10,1,9,0,0,3,1,2,4,0,0,0,0,0,1,0,0,3,1,2,3,2223.12867025
20221,1129002263,6,4,2,0,0,0,1,4,1,0,0,0,0,4,0,0,0,0,1,0,1,3466.09500634
20221,1129002264,2,0,2,0,0,0,1,0,1,0,0,0,0,0,0,0,0,0,1,0,1,4824.49219195
20221,1129002265,6,1,5,0,0,1,4,1,0,0,0,0,1,0,0,0,0,1,3,1,0,1242.80683928
20221,1129002267,20,5,15,2,12,1,4,0,1,0,2,0,2,0,1,2,10,1,2,0,0,2775.1633575
20221,1129002268,168,57,111,0,37,23,26,55,27,0,13,15,12,11,6,0,24,8,14,44,21,36458.9526739
20221,1129002270,17,10,7,0,4,5,1,5,2,0,4,4,1,0,1,0,0,1,0,5,1,1475.42593303
20221,1129002274,16,1,15,0,5,6,1,1,3,0,0,0,0,0,1,0,5,6,1,1,2,4669.56432472
20221,1129002279,92,31,61,0,9,28,25,27,3,0,5,4,10,9,3,0,4,24,15,18,0,10094.5325662
20221,1129002282,158,116,42,1,28,64,40,15,10,1,22,53,22,9,9,0,6,11,18,6,1,4021.73304909
20221,1129002289,19,5,14,0,4,2,5,8,0,0,1,0,1,3,0,0,3,2,4,5,0,9705.0365792
20221,1129002290,250,137,113,0,7,22,88,97,36,0,0,8,52,54,23,0,7,14,36,43,13,42011.6324016
20221,1129002291,2,1,1,0,0,0,0,2,0,0,0,0,0,1,0,0,0,0,0,1,0,929.497139492
20221,1129002292,9,7,2,0,0,1,3,4,1,0,0,1,2,3,1,0,0,0,1,1,0,3039.09428775
20221,1129002293,6,5,1,0,1,1,3,1,0,0,0,1,3,1,0,0,1,0,0,0,0,2077.61239976
20221,1129002294,7,6,1,0,1,0,4,2,0,0,1,0,4,1,0,0,0,0,0,1,0,8727.81815393
20221,1129002301,2,1,1,0,0,0,0,0,2,0,0,0,0,0,1,0,0,0,0,0,1,1077.75832975
20221,1129002303,19,14,5,0,1,4,8,4,2,0,1,2,6,3,2,0,0,2,2,1,0,1920.66345941
20221,1129002307,26,15,11,0,1,3,8,10,4,0,1,3,5,4,2,0,0,0,3,6,2,13700.153053
20221,1129002313,2,1,1,0,0,1,1,0,0,0,0,0,1,0,0,0,0,1,0,0,0,826.490001464
20221,1129002318,666,429,237,1,166,159,181,111,48,0,91,118,113,64,43,1,75,41,68,47,5,3428.74690881
20221,1129002319,2,0,2,0,0,0,0,0,2,0,0,0,0,0,0,0,0,0,0,0,2,4658.41670517
20221,1129002323,2,1,1,0,0,0,0,2,0,0,0,0,0,1,0,0,0,0,0,1,0,475.323322453
20221,1129002326,1,1,0,0,0,0,0,1,0,0,0,0,0,1,0,0,0,0,0,0,0,2359.65263058
20221,1129002327,6,2,4,0,1,0,3,1,1,0,1,0,1,0,0,0,0,0,2,1,1,2827.66203477
20221,1129002328,10,0,10,0,1,5,2,2,0,0,0,0,0,0,0,0,1,5,2,2,0,80656.4532543
20221,1129002333,14,3,11,0,3,3,5,2,1,0,0,1,2,0,0,0,3,2,3,2,1,3902.50395142
20221,1129002335,19,10,9,0,2,3,4,5,5,0,1,1,3,2,3,0,1,2,1,3,2,4812.48497944
20221,1129002336,69,15,54,0,14,15,20,16,4,0,4,3,2,4,2,0,10,12,18,12,2,11972.4676867
20221,1129002339,3,2,1,0,0,0,0,3,0,0,0,0,0,2,0,0,0,0,0,1,0,2735.23796963
20221,1129002341,13,6,7,0,7,3,2,1,0,0,3,2,1,0,0,0,4,1,1,1,0,1288.63460844
20221,1129002342,13,8,5,0,4,3,5,0,1,0,3,2,2,0,1,0,1,1,3,0,0,1763.56480908
20221,1129002343,1,1,0,0,0,0,1,0,0,0,0,0,1,0,0,0,0,0,0,0,0,760.370671509
20221,1129002345,2,2,0,0,0,2,0,0,0,0,0,2,0,0,0,0,0,0,0,0,0,2031.83967628
20221,1129002347,2,1,1,0,0,1,1,0,0,0,0,0,1,0,0,0,0,1,0,0,0,2901.35365091
20221,1129002355,2,2,0,0,0,0,0,0,2,0,0,0,0,0,2,0,0,0,0,0,0,5650.48804124
20221,1129002357,28,2,26,0,1,2,2,6,17,0,0,1,0,0,1,0,1,1,2,6,16,3529.63067203
20221,1129002361,70,41,29,0,19,16,17,14,4,0,13,11,11,4,2,0,6,5,6,10,2,1643.30826449
20221,1129002362,2,2,0,0,0,0,0,2,0,0,0,0,0,2,0,0,0,0,0,0,0,2039.82799501
20221,1129002369,20,6,14,0,0,2,6,5,7,0,0,1,4,0,1,0,0,1,2,5,6,4270.19633829
20221,1129002370,98,39,59,0,58,26,8,4,2,0,20,11,3,3,2,0,38,15,5,1,0,1985.52759671
20221,1129002375,12,8,4,0,1,0,3,0,8,0,0,0,1,0,7,0,1,0,2,0,1,2627.26094901
20221,1129002376,10,9,1,0,1,4,3,1,1,0,1,4,2,1,1,0,0,0,1,0,0,2230.4637765
20221,1129002379,4,1,3,0,1,2,0,1,0,0,0,0,0,1,0,0,1,2,0,0,0,6381.68159416
20221,1129002380,1,0,1,0,0,0,0,0,1,0,0,0,0,0,0,0,0,0,0,0,1,1272.59744782
20221,1129002382,1,0,1,0,0,0,1,0,0,0,0,0,0,0,0,0,0,0,1,0,0,1731.38142829
20221,1129002386,7,2,5,0,0,0,4,3,0,0,0,0,0,2,0,0,0,0,4,1,0,7508.23601006
20221,1129002390,1,1,0,0,0,0,0,1,0,0,0,0,0,1,0,0,0,0,0,0,0,2112.76016803
20221,1129002391,7,2,5,0,0,0,4,1,2,0,0,0,0,1,1,0,0,0,4,0,1,5430.82202861
20221,1129002392,1,1,0,0,0,0,0,0,1,0,0,0,0,0,1,0,0,0,0,0,0,1825.03622874
20221,1129002395,5,4,1,0,1,0,2,0,2,0,1,0,1,0,2,0,0,0,1,0,0,2343.15160373
20221,1129002397,2,2,0,0,0,0,0,1,1,0,0,0,0,1,1,0,0,0,0,0,0,2736.41121504
20221,1129002398,3,1,2,0,0,0,2,1,0,0,0,0,0,1,0,0,0,0,2,0,0,4258.27755876
20221,1129002403,3,2,1,0,0,1,0,1,1,0,0,1,0,0,1,0,0,0,0,1,0,2180.53800508
20221,1129002404,13,6,7,0,1,3,2,5,2,0,1,0,0,4,1,0,0,3,2,1,1,5544.70553907
20221,1129002405,12,7,5,0,4,4,2,1,1,0,1,2,2,1,1,0,3,2,0,0,0,2490.9383013
20221,1129002406,14,3,11,0,1,3,4,4,2,0,0,0,1,0,2,0,1,3,3,4,0,3280.74419166
20221,1129002409,8,3,5,0,0,1,1,2,4,0,0,1,0,0,2,0,0,0,1,2,2,3821.27002589
20221,1129002412,8,6,2,0,0,1,2,0,5,0,0,0,1,0,5,0,0,1,1,0,0,2119.41136724
20221,1129002413,37,22,15,0,8,11,10,5,3,0,1,9,8,2,2,0,7,2,2,3,1,2392.79185618
20221,1129002415,10,3,7,0,0,3,6,1,0,0,0,1,2,0,0,0,0,2,4,1,0,5882.43759393
20221,1129002416,9,2,7,0,3,0,4,1,1,0,0,0,1,0,1,0,3,0,3,1,0,4144.25181428
20221,1129002420,4,3,1,0,0,1,0,0,3,0,0,1,0,0,2,0,0,0,0,0,1,1918.4246657
20221,1129002421,3,2,1,0,0,1,0,1,1,0,0,1,0,1,0,0,0,0,0,0,1,2282.14404754
20221,1129002423,10,9,1,0,0,4,5,0,1,0,0,4,4,0,1,0,0,0,1,0,0,1426.14195618
20221,1129002426,14,12,2,1,3,2,2,3,3,1,3,2,1,2,3,0,0,0,1,1,0,1877.15047981
20221,1129002428,18,12,6,0,7,9,2,0,0,0,4,6,2,0,0,0,3,3,0,0,0,3078.12933764
20221,1129002429,2,2,0,0,0,0,1,0,1,0,0,0,1,0,1,0,0,0,0,0,0,2232.8242843
20221,1129002430,8,6,2,0,0,0,1,5,2,0,0,0,0,4,2,0,0,0,1,1,0,13886.5299447
20221,1129002433,3,1,2,0,0,0,1,2,0,0,0,0,0,1,0,0,0,0,1,1,0,1679.41447793
20221,1129002437,3,2,1,0,0,3,0,0,0,0,0,2,0,0,0,0,0,1,0,0,0,2518.39681814
20221,1129002439,11,7,4,0,2,5,4,0,0,0,0,3,4,0,0,0,2,2,0,0,0,2025.83551952
20221,1129002444,7,3,4,0,1,0,0,2,4,0,0,0,0,1,2,0,1,0,0,1,2,2545.97590097
20221,1129002449,2,2,0,0,0,0,0,0,2,0,0,0,0,0,2,0,0,0,0,0,0,2169.3399566
20221,1129002451,9,5,4,0,0,0,0,2,7,0,0,0,0,0,5,0,0,0,0,2,2,2290.52617839
20221,1129002453,5,3,2,0,0,4,0,0,1,0,0,2,0,0,1,0,0,2,0,0,0,1245.12249191
20221,1129002454,2,1,1,0,0,0,1,0,1,0,0,0,1,0,0,0,0,0,0,0,1,3108.32565961
20221,1129002457,2,1,1,0,0,0,1,1,0,0,0,0,1,0,0,0,0,0,0,1,0,3014.48060882
20221,1129002462,2,1,1,0,0,0,0,2,0,0,0,0,0,1,0,0,0,0,0,1,0,3213.42681059
20221,1129002463,46,6,40,0,0,3,1,13,29,0,0,1,1,2,2,0,0,2,0,11,27,14562.7530353
20221,1129002464,1,1,0,0,0,0,0,0,1,0,0,0,0,0,1,0,0,0,0,0,0,3533.36701361
20221,1129002467,2,2,0,0,0,1,1,0,0,0,0,1,1,0,0,0,0,0,0,0,0,2186.23762408
20221,1129002470,69,61,8,0,2,2,7,24,34,0,1,2,4,22,32,0,1,0,3,2,2,2916.52868226
20221,1129002474,6,0,6,0,0,1,3,2,0,0,0,0,0,0,0,0,0,1,3,2,0,9060.60967438
20221,1129002482,5,2,3,0,0,1,2,2,0,0,0,1,1,0,0,0,0,0,1,2,0,1741.45926861
20221,1129002484,3,0,3,0,0,1,1,1,0,0,0,0,0,0,0,0,0,1,1,1,0,1774.65046696
20221,1129002487,1,1,0,0,0,0,0,0,1,0,0,0,0,0,1,0,0,0,0,0,0,2343.96339767
20221,1129002488,3,1,2,0,0,2,1,0,0,0,0,0,1,0,0,0,0,2,0,0,0,2971.3173049
20221,1129002491,36,14,22,0,12,10,7,6,1,0,1,4,3,5,1,0,11,6,4,1,0,2242.56079871
20221,1129002492,16,10,6,0,2,3,2,7,2,0,0,3,1,5,1,0,2,0,1,2,1,2698.26202527
20221,1129002493,91,72,19,1,24,22,19,23,2,0,19,20,16,15,2,1,5,2,3,8,0,22204.6778074
20221,1129002498,3,1,2,0,0,0,0,2,1,0,0,0,0,1,0,0,0,0,0,1,1,2956.82137497
20221,1129002500,3,1,2,0,0,0,0,2,1,0,0,0,0,0,1,0,0,0,0,2,0,2674.87043327
20221,1129002508,2,2,0,0,0,0,2,0,0,0,0,0,2,0,0,0,0,0,0,0,0,640.758253747
20221,1129002509,9,6,3,0,0,3,3,0,3,0,0,1,3,0,2,0,0,2,0,0,1,2180.93167491
20221,1129002512,71,8,63,0,11,18,24,13,5,0,0,1,2,2,3,0,11,17,22,11,2,7718.56578093
20221,1129002514,81,66,15,0,5,7,28,24,17,0,5,5,21,21,14,0,0,2,7,3,3,6885.78435703
20221,1129002517,20,11,9,0,3,1,5,7,4,0,3,0,3,3,2,0,0,1,2,4,2,6198.49964574
20221,1129002518,2,1,1,0,0,0,1,1,0,0,0,0,1,0,0,0,0,0,0,1,0,1750.54834621
20221,1129002519,1,0,1,0,0,0,1,0,0,0,0,0,0,0,0,0,0,0,1,0,0,1924.32225221
20221,1129002522,26,3,23,0,0,11,6,8,1,0,0,2,0,0,1,0,0,9,6,8,0,1422.1478076
20221,1129002523,2,1,1,0,0,0,1,1,0,0,0,0,0,1,0,0,0,0,1,0,0,1923.59277048
20221,1129002528,62,28,34,0,14,11,18,14,5,0,6,2,10,6,4,0,8,9,8,8,1,6990.71006168
20221,1129002531,28,5,23,0,2,7,9,8,2,0,2,2,0,0,1,0,0,5,9,8,1,2532.3398918
20221,1129002532,5,2,3,0,0,1,3,1,0,0,0,0,1,1,0,0,0,1,2,0,0,2521.78054879
20221,1129002533,5,3,2,0,0,1,0,1,3,0,0,1,0,0,2,0,0,0,0,1,1,2229.75860671
20221,1129002534,1,1,0,0,0,0,0,1,0,0,0,0,0,1,0,0,0,0,0,0,0,8743.6121695
20221,1129002535,85,75,10,0,20,34,21,7,3,0,16,34,18,5,2,0,4,0,3,2,1,4971.15181774
20221,1129002537,6,5,1,0,1,0,1,4,0,0,1,0,1,3,0,0,0,0,0,1,0,11342.1650667
20221,1129002539,4,4,0,0,0,0,3,0,1,0,0,0,3,0,1,0,0,0,0,0,0,3522.04385972
20221,1129002542,1,1,0,0,0,0,1,0,0,0,0,0,1,0,0,0,0,0,0,0,0,1660.90262781
20221,1129002543,4,1,3,0,1,1,0,2,0,0,0,0,0,1,0,0,1,1,0,1,0,3896.95655528
20221,1129002545,10,7,3,0,0,3,5,2,0,0,0,2,4,1,0,0,0,1,1,1,0,15484.5253364
20221,1129002546,11,8,3,0,1,2,4,3,1,0,1,1,3,2,1,0,0,1,1,1,0,7008.05892493
20221,1129002548,2,1,1,0,0,0,1,0,1,0,0,0,0,0,1,0,0,0,1,0,0,5635.99295671
20221,1129002550,7,5,2,0,0,0,5,1,1,0,0,0,4,1,0,0,0,0,1,0,1,7405.71073134
20221,1129002552,9,4,5,0,1,0,3,1,4,0,0,0,1,0,3,0,1,0,2,1,1,3098.04765708
20221,1129002553,15,3,12,0,1,4,5,3,2,0,0,1,0,0,2,0,1,3,5,3,0,2702.38072329
20221,1129002556,5,3,2,0,1,1,1,2,0,0,1,1,1,0,0,0,0,0,0,2,0,7467.18653729
20221,1129002557,5,4,1,0,0,0,2,1,2,0,0,0,1,1,2,0,0,0,1,0,0,4019.66509373
20221,1129002561,5,4,1,0,0,2,2,1,0,0,0,1,2,1,0,0,0,1,0,0,0,3554.67848052
20221,1129002564,5,5,0,0,0,4,1,0,0,0,0,4,1,0,0,0,0,0,0,0,0,1731.86539079
20221,1129002565,10,3,7,0,1,2,3,2,2,0,0,0,1,1,1,0,1,2,2,1,1,2994.35731247
20221,1129002567,5,4,1,0,2,0,1,0,2,0,2,0,1,0,1,0,0,0,0,0,1,3720.18244896
20221,1129002568,81,42,39,0,10,23,17,21,10,0,1,8,9,16,8,0,9,15,8,5,2,8196.50899983
20221,1129002573,1,1,0,0,0,0,1,0,0,0,0,0,1,0,0,0,0,0,0,0,0,3339.90812729
20221,1129002576,63,46,17,1,18,17,10,10,7,0,13,11,10,7,5,1,5,6,0,3,2,5967.04350769
20221,1129002579,34,21,13,0,6,7,9,10,2,0,1,6,7,6,1,0,5,1,2,4,1,17053.0103439
20221,1129002581,18,2,16,0,1,4,5,6,2,0,0,0,0,0,2,0,1,4,5,6,0,17905.3775233
20221,1129002584,2,2,0,0,0,0,2,0,0,0,0,0,2,0,0,0,0,0,0,0,0,1879.20285652
20221,1129002585,6,5,1,0,0,0,1,4,1,0,0,0,1,3,1,0,0,0,0,1,0,3239.42151105
20221,1129002587,8,6,2,0,1,3,0,3,1,0,0,2,0,3,1,0,1,1,0,0,0,4051.08703834
20221,1129002589,14,11,3,0,0,3,4,3,4,0,0,2,4,3,2,0,0,1,0,0,2,2754.49652676
20221,1129002592,9,7,2,0,2,0,2,3,2,0,1,0,1,3,2,0,1,0,1,0,0,2916.68001354
20221,1129002593,2,1,1,0,1,0,1,0,0,0,1,0,0,0,0,0,0,0,1,0,0,3089.87851531
20221,1129002595,3,2,1,0,0,1,0,0,2,0,0,1,0,0,1,0,0,0,0,0,1,2743.62446279
20221,1129002596,30,21,9,0,8,4,7,9,2,0,5,4,4,7,1,0,3,0,3,2,1,5096.81294101
20221,1129002598,6,2,4,0,0,1,2,3,0,0,0,0,0,2,0,0,0,1,2,1,0,2954.52081688
20221,1129002599,2,1,1,0,0,0,0,0,2,0,0,0,0,0,1,0,0,0,0,0,1,3322.787428
20221,1129002601,4,0,4,0,1,2,0,0,1,0,0,0,0,0,0,0,1,2,0,0,1,2887.5691553
20221,1129002604,5,2,3,0,0,4,0,0,1,0,0,1,0,0,1,0,0,3,0,0,0,2945.37651993
20221,1129002605,16,11,5,0,3,5,6,0,2,0,0,5,4,0,2,0,3,0,2,0,0,5030.79771549
20221,1129002606,5,0,5,0,2,1,1,1,0,0,0,0,0,0,0,0,2,1,1,1,0,3406.6579324
20221,1129002607,7,6,1,0,0,0,2,2,3,0,0,0,2,1,3,0,0,0,0,1,0,2853.63565329
20221,1129002608,5,5,0,0,1,0,0,4,0,0,1,0,0,4,0,0,0,0,0,0,0,1764.44399597
20221,1129002609,1,1,0,0,0,0,0,0,1,0,0,0,0,0,1,0,0,0,0,0,0,3407.97190945
20221,1129002611,7,3,4,0,1,2,1,2,1,0,1,0,1,1,0,0,0,2,0,1,1,4435.69379108
20221,1129002615,4,2,2,0,1,0,1,2,0,0,1,0,0,1,0,0,0,0,1,1,0,4732.48136469
20221,1129002617,4,4,0,0,0,1,2,1,0,0,0,1,2,1,0,0,0,0,0,0,0,5978.98811612
20221,1129002625,8,5,3,0,0,4,2,1,1,0,0,2,2,0,1,0,0,2,0,1,0,2978.60877262
20221,1129002627,16,10,6,0,3,3,6,4,0,0,1,3,3,3,0,0,2,0,3,1,0,2139.47305022
20221,1129002628,3,0,3,0,1,0,0,1,1,0,0,0,0,0,0,0,1,0,0,1,1,4128.76653444
20221,1129002629,5,1,4,0,0,0,2,1,2,0,0,0,1,0,0,0,0,0,1,1,2,6003.37456971
20221,1129002630,4,1,3,0,0,0,2,0,2,0,0,0,1,0,0,0,0,0,1,0,2,2510.37714457
20221,1129002631,148,126,22,0,3,6,15,12,112,0,1,3,8,10,104,0,2,3,7,2,8,8749.39789924
20221,1129002632,27,19,8,0,0,0,2,0,25,0,0,0,1,0,18,0,0,0,1,0,7,5589.46694678
20221,1129002633,114,29,85,0,20,18,28,34,14,0,3,10,9,5,2,0,17,8,19,29,12,4306.09884985
20221,1129002635,3,1,2,0,0,0,1,2,0,0,0,0,0,1,0,0,0,0,1,1,0,5819.94689896
20221,1129002636,4,4,0,0,0,0,2,2,0,0,0,0,2,2,0,0,0,0,0,0,0,4374.28950998
20221,1129002639,7,1,6,0,0,0,2,2,3,0,0,0,0,0,1,0,0,0,2,2,2,2129.56325532
20221,1129002640,6,4,2,0,1,2,1,0,2,0,0,1,1,0,2,0,1,1,0,0,0,2527.55636928
20221,1129002642,10,7,3,0,1,1,3,4,1,0,1,1,3,1,1,0,0,0,0,3,0,4197.10978617
20221,1129002643,2,2,0,0,0,0,1,0,1,0,0,0,1,0,1,0,0,0,0,0,0,2360.88167132
20221,1129002648,2,2,0,0,0,0,0,1,1,0,0,0,0,1,1,0,0,0,0,0,0,1571.21259162
20221,1129002649,87,12,75,0,11,25,31,14,6,0,1,3,3,2,3,0,10,22,28,12,3,16350.8188163
20221,1129002654,1,0,1,0,0,0,0,1,0,0,0,0,0,0,0,0,0,0,0,1,0,1823.49051811
20221,1129002655,1,1,0,0,0,0,1,0,0,0,0,0,1,0,0,0,0,0,0,0,0,1060.44170941
20221,1129002658,11,7,4,0,0,1,1,8,1,0,0,0,1,5,1,0,0,1,0,3,0,4985.03332929
20221,1129002662,25,9,16,0,1,4,10,9,1,0,0,2,3,4,0,0,1,2,7,5,1,6278.119058
20221,1129002663,11,3,8,0,0,0,2,5,4,0,0,0,0,1,2,0,0,0,2,4,2,1731.77395699
20221,1129002664,3,1,2,0,1,0,1,1,0,0,0,0,0,1,0,0,1,0,1,0,0,1453.55747439
20221,1129002665,10,4,6,0,0,2,3,3,2,0,0,1,0,2,1,0,0,1,3,1,1,5747.70521949
20221,1129002666,12,5,7,0,2,2,0,1,7,0,0,0,0,1,4,0,2,2,0,0,3,5995.61155262
20221,1129002668,10,3,7,0,1,2,3,2,2,0,0,0,1,1,1,0,1,2,2,1,1,5851.72137031
20221,1129002670,2,2,0,0,0,0,0,2,0,0,0,0,0,2,0,0,0,0,0,0,0,2788.75526557
20221,1129002673,27,21,6,0,0,2,1,3,21,0,0,1,1,2,17,0,0,1,0,1,4,4862.8791621
20221,1129002674,4,0,4,0,1,0,2,1,0,0,0,0,0,0,0,0,1,0,2,1,0,2498.35934028
20221,1129002677,12,4,8,0,4,1,4,2,1,0,0,0,2,1,1,0,4,1,2,1,0,1904.20590089
20221,1129002679,3,2,1,0,0,0,0,0,3,0,0,0,0,0,2,0,0,0,0,0,1,4924.09713631
20221,1129002682,9,1,8,0,0,0,1,3,5,0,0,0,0,0,1,0,0,0,1,3,4,2644.42795867
20221,1129002683,6,6,0,0,0,2,0,2,2,0,0,2,0,2,2,0,0,0,0,0,0,3570.53634428
20221,1129002684,7,1,6,0,0,0,4,2,1,0,0,0,0,0,1,0,0,0,4,2,0,3253.26233681
20221,1129002685,3,1,2,0,0,0,1,2,0,0,0,0,1,0,0,0,0,0,0,2,0,2742.11007194
20221,1129002687,10,7,3,0,0,5,1,2,2,0,0,5,1,0,1,0,0,0,0,2,1,7938.3393892
20221,1129002690,18,8,10,0,2,6,3,4,3,0,0,3,1,2,2,0,2,3,2,2,1,3714.12072191
20221,1129002695,4,3,1,0,0,1,2,1,0,0,0,0,2,1,0,0,0,1,0,0,0,4085.75902319
20221,1129002702,5,3,2,0,0,1,0,1,3,0,0,1,0,0,2,0,0,0,0,1,1,3769.06679114
20221,1129002704,7,6,1,0,0,1,4,2,0,0,0,1,3,2,0,0,0,0,1,0,0,4457.02163493
20221,1129002707,9,6,3,0,1,0,2,2,4,0,0,0,1,2,3,0,1,0,1,0,1,5398.11540919
20221,1129002715,12,5,7,0,0,5,2,2,3,0,0,1,0,1,3,0,0,4,2,1,0,3266.53012563
20221,1129002716,3,0,3,0,0,1,0,1,1,0,0,0,0,0,0,0,0,1,0,1,1,1931.37648281
20221,1129002717,36,29,7,0,0,1,1,4,30,0,0,1,1,2,25,0,0,0,0,2,5,3688.56911079
20221,1129002719,2,2,0,0,1,0,0,0,1,0,1,0,0,0,1,0,0,0,0,0,0,3254.93154777
20221,1129002720,565,404,161,2,38,93,150,164,118,2,20,49,104,131,98,0,18,44,46,33,20,2077.2126593
20221,1129002725,2,1,1,0,0,0,0,1,1,0,0,0,0,0,1,0,0,0,0,1,0,3499.02911257
20221,1129002726,2,1,1,0,0,0,0,1,1,0,0,0,0,0,1,0,0,0,0,1,0,1933.88301606
20221,1129002730,2,2,0,0,0,0,0,2,0,0,0,0,0,2,0,0,0,0,0,0,0,3282.77444721
20221,1129002734,5,4,1,0,0,1,2,1,1,0,0,0,2,1,1,0,0,1,0,0,0,847.865646984
20221,1129002736,4,3,1,0,0,0,1,0,3,0,0,0,1,0,2,0,0,0,0,0,1,5694.24589366
20221,1129002737,4,2,2,0,0,1,2,0,1,0,0,0,1,0,1,0,0,1,1,0,0,2754.77750146
20221,1129002741,2,1,1,0,0,0,1,0,1,0,0,0,0,0,1,0,0,0,1,0,0,2562.34874275
20221,1129002745,9,7,2,0,0,2,2,3,2,0,0,2,2,2,1,0,0,0,0,1,1,5084.56377248
20221,1129002750,3,2,1,0,0,1,0,0,2,0,0,1,0,0,1,0,0,0,0,0,1,1751.86419898
20221,1129002758,4,1,3,0,0,1,2,0,1,0,0,0,1,0,0,0,0,1,1,0,1,2032.30119427
20221,1129002761,2,0,2,0,1,0,0,1,0,0,0,0,0,0,0,0,1,0,0,1,0,1916.7802284
20221,1129002766,2,1,1,0,1,0,0,1,0,0,0,0,0,1,0,0,1,0,0,0,0,1371.74301888
20221,1129002767,7,3,4,0,4,2,1,0,0,0,1,1,1,0,0,0,3,1,0,0,0,6720.94929957
20221,1129002773,7,7,0,0,0,1,1,2,3,0,0,1,1,2,3,0,0,0,0,0,0,2500.34206656
20221,1129002774,16,5,11,0,9,6,1,0,0,0,2,2,1,0,0,0,7,4,0,0,0,3943.36895136
20221,1129002775,2,2,0,0,1,0,0,1,0,0,1,0,0,1,0,0,0,0,0,0,0,3814.52448146
20221,1129002776,10,7,3,0,0,4,3,3,0,0,0,2,2,3,0,0,0,2,1,0,0,1532.19359293
20221,1129002778,23,18,5,0,2,6,5,7,3,0,2,4,4,5,3,0,0,2,1,2,0,12590.4931161
20221,1129002779,3,1,2,0,1,0,1,1,0,0,0,0,1,0,0,0,1,0,0,1,0,1372.59984558
20221,1129002781,2,2,0,0,0,0,0,1,1,0,0,0,0,1,1,0,0,0,0,0,0,2261.09676806
20221,1129002784,125,123,2,0,2,0,11,40,72,0,1,0,11,39,72,0,1,0,0,1,0,3693.64751755
20221,1129002785,4,2,2,0,0,0,2,2,0,0,0,0,1,1,0,0,0,0,1,1,0,3498.06829637
20221,1129002786,4,1,3,0,0,2,2,0,0,0,0,0,1,0,0,0,0,2,1,0,0,655.826889159
20221,1129002787,2,1,1,0,0,0,0,2,0,0,0,0,0,1,0,0,0,0,0,1,0,2345.73109473
20221,1129002790,3,2,1,0,0,0,2,1,0,0,0,0,1,1,0,0,0,0,1,0,0,1652.94996883
20221,1129002791,8,6,2,0,0,0,3,2,3,0,0,0,2,1,3,0,0,0,1,1,0,2938.08656253
20221,1129002792,126,122,4,0,0,2,16,52,56,0,0,1,14,52,55,0,0,1,2,0,1,6214.95408465
20221,1129002793,41,17,24,0,15,11,4,9,2,0,7,3,2,3,2,0,8,8,2,6,0,6260.91425155
20221,1129002796,5,4,1,0,0,0,2,1,2,0,0,0,2,1,1,0,0,0,0,0,1,2930.33158532
20221,1129002797,2,2,0,0,0,0,0,2,0,0,0,0,0,2,0,0,0,0,0,0,0,1334.1946941
20221,1129002800,120,42,78,0,21,28,28,34,9,0,4,14,13,8,3,0,17,14,15,26,6,12145.2760122
20221,1129002801,6,4,2,0,0,0,2,3,1,0,0,0,1,2,1,0,0,0,1,1,0,5325.02844834
20221,1129002805,46,21,25,0,13,11,12,7,3,0,5,6,6,3,1,0,8,5,6,4,2,2487.99968821
20221,1129002807,4,2,2,0,0,2,0,2,0,0,0,1,0,1,0,0,0,1,0,1,0,1227.61801799
20221,1129002816,12,9,3,0,1,3,3,5,0,0,0,3,2,4,0,0,1,0,1,1,0,1079.26453681
20221,1129002817,2,2,0,0,0,0,2,0,0,0,0,0,2,0,0,0,0,0,0,0,0,726.300693196
20221,1129002819,55,30,25,5,18,10,14,5,3,1,11,7,8,2,1,4,7,3,6,3,2,4943.48173046
20221,1129002823,5,4,1,0,0,1,2,2,0,0,0,0,2,2,0,0,0,1,0,0,0,1760.40886155
20221,1129002832,3,2,1,0,0,0,2,1,0,0,0,0,1,1,0,0,0,0,1,0,0,4964.84332294
20221,1129002834,2,2,0,0,0,0,0,0,2,0,0,0,0,0,2,0,0,0,0,0,0,2475.34126798
20221,1129002837,5,3,2,0,1,0,1,3,0,0,0,0,0,3,0,0,1,0,1,0,0,5796.65856921
20221,1129002840,5,4,1,0,0,1,2,1,1,0,0,1,1,1,1,0,0,0,1,0,0,1827.81869652
20221,1129002842,7,2,5,0,1,3,1,2,0,0,0,1,0,1,0,0,1,2,1,1,0,6284.94124142
20221,1129002851,15,4,11,0,3,0,1,7,4,0,2,0,0,1,1,0,1,0,1,6,3,8720.90612591
20221,1129002852,12,5,7,0,0,2,3,4,3,0,0,2,0,1,2,0,0,0,3,3,1,1698.31759891
20221,1129002853,7,6,1,0,0,1,1,2,3,0,0,1,1,1,3,0,0,0,0,1,0,5516.51261701
20221,1129002854,4,4,0,0,0,1,2,1,0,0,0,1,2,1,0,0,0,0,0,0,0,2710.35363206
20221,1129002858,7,6,1,1,0,2,1,2,1,1,0,2,1,1,1,0,0,0,0,1,0,3073.05659004
20221,1129002859,2,2,0,0,0,0,0,2,0,0,0,0,0,2,0,0,0,0,0,0,0,912.377375488
20221,1129002864,19,0,19,0,6,4,6,3,0,0,0,0,0,0,0,0,6,4,6,3,0,5241.47265617
20221,1129002868,87,36,51,0,32,49,4,0,2,0,4,30,1,0,1,0,28,19,3,0,1,4778.24848515
20221,1129002869,26,19,7,0,1,4,9,12,0,0,1,1,7,10,0,0,0,3,2,2,0,4862.19712695
20221,1129002886,61,26,35,0,6,26,16,10,3,0,3,13,5,2,3,0,3,13,11,8,0,12937.086627
20221,1129002910,3,2,1,0,0,0,2,0,1,0,0,0,1,0,1,0,0,0,1,0,0,2748.40653281
20221,1129002919,4,1,3,0,1,0,1,0,2,0,0,0,0,0,1,0,1,0,1,0,1,5346.90475408
20221,1129002927,2,1,1,0,0,0,0,0,2,0,0,0,0,0,1,0,0,0,0,0,1,2031.61796756
20221,1129002930,11,7,4,0,1,4,4,1,1,0,0,2,3,1,1,0,1,2,1,0,0,2917.91822692
20221,1129002931,99,57,42,0,20,18,34,13,14,0,12,12,16,6,11,0,8,6,18,7,3,5917.60132611
20221,1129002935,5,3,2,0,0,2,0,2,1,0,0,2,0,0,1,0,0,0,0,2,0,2788.91613672
20221,1129002936,8,6,2,0,0,1,0,4,3,0,0,1,0,2,3,0,0,0,0,2,0,4209.43661227
20221,1129002937,9,5,4,0,1,2,2,3,1,0,1,1,2,1,0,0,0,1,0,2,1,3205.47302214
20221,1129002941,27,3,24,0,0,7,7,10,3,0,0,1,0,0,2,0,0,6,7,10,1,9462.01415392
20221,1129002944,8,5,3,0,0,1,2,2,3,0,0,0,1,1,3,0,0,1,1,1,0,2238.99396323
20221,1129002948,67,51,16,0,2,4,23,19,19,0,2,3,19,10,17,0,0,1,4,9,2,2873.86745986
20221,1129002949,10,7,3,0,0,0,3,1,6,0,0,0,1,1,5,0,0,0,2,0,1,3938.87154449
20221,1129002951,40,20,20,0,13,7,8,8,4,0,6,2,3,6,3,0,7,5,5,2,1,5828.0541768
20221,1129002972,2,1,1,0,0,0,0,0,2,0,0,0,0,0,1,0,0,0,0,0,1,2621.12324854
20221,1129002974,155,88,67,0,18,40,27,50,20,0,7,17,14,33,17,0,11,23,13,17,3,3755.62725514
20221,1129002975,33,20,13,0,5,11,12,2,3,0,1,6,10,2,1,0,4,5,2,0,2,5364.05410242
20221,1129002983,1,0,1,0,0,1,0,0,0,0,0,0,0,0,0,0,0,1,0,0,0,3203.53912984
20221,1129002986,7,7,0,0,1,0,3,2,1,0,1,0,3,2,1,0,0,0,0,0,0,1964.76823561
20221,1129002992,2,1,1,0,1,0,1,0,0,0,0,0,1,0,0,0,1,0,0,0,0,3620.09909732
20221,1129003001,2,1,1,0,0,0,2,0,0,0,0,0,1,0,0,0,0,0,1,0,0,1209.95623379
20221,1129003002,28,18,10,0,0,3,8,11,6,0,0,1,2,10,5,0,0,2,6,1,1,3486.72686105
20221,1129003004,4,2,2,0,1,0,1,1,1,0,0,0,1,0,1,0,1,0,0,1,0,3460.20011502
20221,1129003006,1,1,0,0,0,0,0,0,1,0,0,0,0,0,1,0,0,0,0,0,0,1059.83553501
20221,1129003009,6,6,0,0,1,0,3,1,1,0,1,0,3,1,1,0,0,0,0,0,0,1450.63182255
20221,1129003011,16,4,12,0,2,2,7,3,2,0,0,0,3,0,1,0,2,2,4,3,1,3668.58276496
20221,1129003012,2,0,2,0,0,0,0,1,1,0,0,0,0,0,0,0,0,0,0,1,1,3522.87732936
20221,1129003015,3,2,1,0,1,0,1,1,0,0,1,0,1,0,0,0,0,0,0,1,0,9087.93614223
20221,1129003017,28,8,20,0,2,8,8,7,3,0,0,0,1,4,3,0,2,8,7,3,0,1183.50498078
20221,1129003018,136,133,3,0,1,1,12,38,84,0,1,0,10,38,84,0,0,1,2,0,0,2062.31053703
20221,1129003019,10,7,3,0,1,1,6,1,1,0,1,0,4,1,1,0,0,1,2,0,0,4045.47881746
20221,1129003020,2,1,1,0,0,0,2,0,0,0,0,0,1,0,0,0,0,0,1,0,0,1942.32683499
20221,1129003027,20,7,13,0,5,3,3,5,4,0,0,0,1,3,3,0,5,3,2,2,1,8796.2157041
20221,1129003034,8,5,3,0,0,6,2,0,0,0,0,4,1,0,0,0,0,2,1,0,0,2252.69009991
20221,1129003035,10,5,5,0,0,2,5,2,1,0,0,0,2,2,1,0,0,2,3,0,0,3717.01820287
20221,1129003037,24,10,14,0,2,5,9,7,1,0,0,1,3,5,1,0,2,4,6,2,0,3592.73380512
20221,1129003040,7,2,5,0,0,3,2,2,0,0,0,0,0,2,0,0,0,3,2,0,0,1806.45537376
20221,1129003041,32,14,18,0,0,3,8,13,8,0,0,1,4,6,3,0,0,2,4,7,5,1171.40095398
20221,1129003042,38,15,23,2,8,11,8,6,3,0,1,4,2,5,3,2,7,7,6,1,0,3380.26247304
20221,1129003044,33,7,26,1,8,9,4,8,3,0,0,2,0,3,2,1,8,7,4,5,1,4444.42123654
20221,1129003048,3,1,2,0,0,0,1,2,0,0,0,0,0,1,0,0,0,0,1,1,0,2832.81298506
20221,1129003053,13,8,5,0,2,3,3,1,4,0,2,3,1,0,2,0,0,0,2,1,2,4899.77519327
20221,1129003056,55,19,36,0,16,7,16,9,7,0,1,2,6,4,6,0,15,5,10,5,1,9543.35996833
20221,1129003057,266,130,136,2,34,33,57,86,54,1,11,14,27,40,37,1,23,19,30,46,17,3459.89958581
20221,1129003065,1,1,0,0,0,0,0,1,0,0,0,0,0,1,0,0,0,0,0,0,0,3031.1257573
20221,1129003067,116,53,63,1,31,45,23,11,5,0,9,19,15,6,4,1,22,26,8,5,1,1960.73629351
20221,1129003070,6,0,6,0,0,1,4,0,1,0,0,0,0,0,0,0,0,1,4,0,1,5567.76679718
20221,1129003072,65,31,34,0,9,5,17,23,11,0,4,0,9,11,7,0,5,5,8,12,4,4084.44073694
20221,1129003076,3,1,2,0,0,1,0,1,1,0,0,0,0,0,1,0,0,1,0,1,0,3919.40052077
20221,1129003086,14,12,2,0,0,2,3,3,6,0,0,0,3,3,6,0,0,2,0,0,0,3887.31598407
20221,1129003093,25,1,24,0,4,12,6,3,0,0,0,0,1,0,0,0,4,12,5,3,0,3041.20758308
20221,1129003094,3,2,1,0,0,0,3,0,0,0,0,0,2,0,0,0,0,0,1,0,0,8172.03536645
20221,1129003095,7,4,3,0,1,0,3,2,1,0,1,0,1,1,1,0,0,0,2,1,0,3287.98730611
20221,1129003097,23,13,10,0,0,3,5,9,6,0,0,3,3,3,4,0,0,0,2,6,2,3464.49313751
20221,1129003099,3,1,2,0,0,1,2,0,0,0,0,0,1,0,0,0,0,1,1,0,0,2437.33057751
20221,1129003101,6,2,4,0,0,2,2,2,0,0,0,0,1,1,0,0,0,2,1,1,0,2336.92079312
20221,1129003107,6,4,2,0,0,2,2,0,2,0,0,0,2,0,2,0,0,2,0,0,0,7505.19828178
20221,1129003109,12,6,6,0,0,3,3,2,4,0,0,2,0,2,2,0,0,1,3,0,2,18992.0131998
20221,1129003111,2,1,1,0,0,2,0,0,0,0,0,1,0,0,0,0,0,1,0,0,0,4060.99282654
20221,1129003113,18,12,6,0,0,4,10,2,2,0,0,3,7,0,2,0,0,1,3,2,0,2851.67362311
20221,1129003114,3,2,1,0,0,0,1,2,0,0,0,0,1,1,0,0,0,0,0,1,0,4542.76132568
20221,1129003115,41,17,24,0,13,14,12,2,0,0,2,5,8,2,0,0,11,9,4,0,0,2321.60310198
20221,1129003118,2,1,1,0,0,0,0,1,1,0,0,0,0,0,1,0,0,0,0,1,0,8901.25138938
20221,1129003120,8,4,4,0,0,4,4,0,0,0,0,1,3,0,0,0,0,3,1,0,0,2976.72600347
20221,1129003121,27,11,16,0,2,7,8,7,3,0,1,3,3,1,3,0,1,4,5,6,0,7438.25700464
20221,1129003124,21,17,4,0,3,7,4,4,3,0,3,7,2,3,2,0,0,0,2,1,1,3758.3609374
20221,1129003126,20,4,16,0,4,9,1,4,2,0,0,3,0,0,1,0,4,6,1,4,1,10382.2676633
20221,1129003127,12,7,5,0,4,6,1,1,0,0,0,5,1,1,0,0,4,1,0,0,0,8359.50708252
20221,1129003138,7,3,4,0,1,3,3,0,0,0,0,2,1,0,0,0,1,1,2,0,0,3398.92620896
20221,1129003145,22,9,13,0,0,6,7,8,1,0,0,1,1,6,1,0,0,5,6,2,0,18146.0066388
20221,1129003166,14,5,9,0,3,5,3,2,1,0,0,2,1,2,0,0,3,3,2,0,1,1747.5660384
20221,1129003168,3,2,1,0,0,1,0,0,2,0,0,1,0,0,1,0,0,0,0,0,1,3334.32217404
20221,1129003174,171,86,85,0,29,43,52,38,9,0,15,28,26,12,5,0,14,15,26,26,4,4851.09342493
20221,1129003176,6,2,4,0,0,0,1,3,2,0,0,0,0,2,0,0,0,0,1,1,2,181549.710325
20221,1129003179,11,1,10,0,1,1,7,2,0,0,1,0,0,0,0,0,0,1,7,2,0,3261.56125899
20221,1129003182,4,2,2,0,0,1,0,1,2,0,0,0,0,1,1,0,0,1,0,0,1,1980.18975681
20221,1129003189,55,13,42,0,5,15,16,12,7,0,0,2,2,3,6,0,5,13,14,9,1,12230.9123414
20221,1129003190,16,7,9,0,0,2,6,3,5,0,0,1,2,2,2,0,0,1,4,1,3,3942.95807901
20221,1129003193,22,10,12,0,0,3,3,12,4,0,0,0,1,6,3,0,0,3,2,6,1,1670.69693616
20221,1129003196,121,20,101,0,13,36,43,22,7,0,0,6,4,6,4,0,13,30,39,16,3,24379.2435096
20221,1129003197,10,3,7,0,1,2,5,1,1,0,0,2,1,0,0,0,1,0,4,1,1,2403.76775529
20221,1129003198,1,0,1,0,0,0,0,1,0,0,0,0,0,0,0,0,0,0,0,1,0,769.525965648
20221,1129003200,6,6,0,0,0,2,3,1,0,0,0,2,3,1,0,0,0,0,0,0,0,4424.47588641
20221,1129003202,2,1,1,0,0,0,2,0,0,0,0,0,1,0,0,0,0,0,1,0,0,7898.64081648
20221,1129003205,4,4,0,0,0,2,2,0,0,0,0,2,2,0,0,0,0,0,0,0,0,1771.36682709
20221,1129003206,3,2,1,0,0,1,0,2,0,0,0,1,0,1,0,0,0,0,0,1,0,5373.71201391
20221,1129003208,1,1,0,0,0,0,0,0,1,0,0,0,0,0,1,0,0,0,0,0,0,1465.64428187
20221,1129003209,6,5,1,0,0,0,3,3,0,0,0,0,2,3,0,0,0,0,1,0,0,1361.52460671
20221,1129003212,17,8,9,0,0,0,8,6,3,0,0,0,4,2,2,0,0,0,4,4,1,9885.7222336
20221,1129003222,31,19,12,0,5,7,11,4,4,0,3,6,7,2,1,0,2,1,4,2,3,3405.47119231
20221,1129003226,86,43,43,0,14,15,21,22,14,0,5,9,10,12,7,0,9,6,11,10,7,4535.9669593
20221,1129003227,533,183,350,0,153,150,124,77,29,0,34,55,33,33,28,0,119,95,91,44,1,8808.63119494
20221,1129003232,5,2,3,0,1,1,0,1,2,0,1,0,0,0,1,0,0,1,0,1,1,856.310424617
20221,1129003239,33,16,17,0,5,7,10,6,5,0,0,5,4,3,4,0,5,2,6,3,1,23681.685196
20221,1129003245,4,3,1,0,1,0,2,1,0,0,1,0,1,1,0,0,0,0,1,0,0,2856.74893881
20221,1129003249,12,9,3,0,1,3,3,2,3,0,1,1,2,2,3,0,0,2,1,0,0,1993.59907756
20221,1129003251,59,31,28,0,2,10,17,22,8,0,1,5,11,10,4,0,1,5,6,12,4,16240.7449186
20221,1129003252,12,5,7,0,1,3,5,2,1,0,0,1,3,1,0,0,1,2,2,1,1,5033.99382824
20221,1129003253,12,7,5,0,0,0,1,3,8,0,0,0,0,1,6,0,0,0,1,2,2,2129.75096584
20221,1129003256,19,9,10,0,6,6,4,2,1,0,0,5,2,2,0,0,6,1,2,0,1,3204.65340618
20221,1129003259,2,1,1,0,0,0,0,1,1,0,0,0,0,1,0,0,0,0,0,0,1,2732.20612794
20221,1129003260,29,18,11,0,5,1,7,15,1,0,2,1,7,7,1,0,3,0,0,8,0,1707.01936264
20221,1129003263,24,7,17,0,2,9,6,4,3,0,0,3,1,0,3,0,2,6,5,4,0,9576.02661646
20221,1129003264,4,4,0,0,0,0,2,2,0,0,0,0,2,2,0,0,0,0,0,0,0,1866.95626467
20221,1129003266,10,5,5,0,1,1,3,4,1,0,0,1,1,2,1,0,1,0,2,2,0,15326.443464
20221,1129003268,2,1,1,0,0,0,1,0,1,0,0,0,0,0,1,0,0,0,1,0,0,1968.88106601
20221,1129003269,18,3,15,0,2,1,5,9,1,0,1,1,0,1,0,0,1,0,5,8,1,7699.40582463
20221,1129003272,10,6,4,0,2,3,2,1,2,0,1,2,2,0,1,0,1,1,0,1,1,2717.33802711
20221,1129003274,8,3,5,0,0,2,4,2,0,0,0,1,0,2,0,0,0,1,4,0,0,8069.38302156
20221,1129003276,2,1,1,0,0,0,0,0,2,0,0,0,0,0,1,0,0,0,0,0,1,2821.19217976
20221,1129003277,101,98,3,0,1,0,14,42,44,0,1,0,13,41,43,0,0,0,1,1,1,1796.42265556
20221,1129003286,14,10,4,0,0,1,3,6,4,0,0,1,1,4,4,0,0,0,2,2,0,2803.45377912
20221,1129003291,62,14,48,0,16,15,11,16,4,0,6,0,3,1,4,0,10,15,8,15,0,9791.84305715
20221,1129003295,10,7,3,0,0,3,5,1,1,0,0,1,4,1,1,0,0,2,1,0,0,150658.194233
20221,1129003297,23,8,15,0,2,5,6,7,3,0,2,2,2,1,1,0,0,3,4,6,2,9142.43887075
20221,1129003298,25,13,12,0,3,9,3,7,3,0,2,3,1,4,3,0,1,6,2,3,0,153132.017996
20221,1129003301,20,14,6,0,3,1,6,6,4,0,2,0,5,4,3,0,1,1,1,2,1,1986.76351246
20221,1129003304,3,3,0,0,0,2,1,0,0,0,0,2,1,0,0,0,0,0,0,0,0,1672.5735129
20221,1129003306,666,585,81,0,148,331,158,26,3,0,103,307,146,26,3,0,45,24,12,0,0,1713.6508946
20221,1129003307,370,339,31,0,8,32,123,158,49,0,3,30,113,151,42,0,5,2,10,7,7,19495.1816125
20221,1129003308,120,56,64,0,0,6,11,6,97,0,0,3,6,2,45,0,0,3,5,4,52,10581.0911798
20221,1129003310,102,47,55,0,5,39,36,19,3,0,1,12,17,14,3,0,4,27,19,5,0,2770.65655474
20221,1129003312,141,122,19,13,33,39,25,25,6,12,27,34,22,21,6,1,6,5,3,4,0,7673.80725909
20221,1129003313,3,3,0,0,0,0,0,0,3,0,0,0,0,0,3,0,0,0,0,0,0,3708.91559748
20221,1129003315,28,17,11,0,2,6,6,10,4,0,2,3,3,6,3,0,0,3,3,4,1,2017.5094654
20221,1129003316,3,3,0,0,0,1,0,2,0,0,0,1,0,2,0,0,0,0,0,0,0,7841.78248881
20221,1129003318,3,3,0,0,0,1,2,0,0,0,0,1,2,0,0,0,0,0,0,0,0,3548.22422424
20221,1129003322,12,10,2,0,0,1,4,5,2,0,0,1,3,4,2,0,0,0,1,1,0,10755.1635351
20221,1129003324,16,11,5,0,1,2,5,4,4,0,1,2,2,3,3,0,0,0,3,1,1,1769.06303048
20221,1129003327,7,4,3,0,0,0,1,0,6,0,0,0,0,0,4,0,0,0,1,0,2,5166.20165654
20221,1129003328,3,2,1,0,0,1,2,0,0,0,0,0,2,0,0,0,0,1,0,0,0,3729.29810905
20221,1129003329,4,2,2,0,0,0,2,1,1,0,0,0,1,0,1,0,0,0,1,1,0,1848.52853895
20221,1129003331,22,19,3,0,3,4,4,6,5,0,2,3,4,5,5,0,1,1,0,1,0,7748.36793471
20221,1129003332,55,37,18,2,20,10,13,6,4,2,14,8,6,4,3,0,6,2,7,2,1,215719.067956
20221,1129003335,28,12,16,0,1,3,9,12,3,0,0,1,6,4,1,0,1,2,3,8,2,2418.6848547
20221,1129003342,3,1,2,0,0,0,3,0,0,0,0,0,1,0,0,0,0,0,2,0,0,2311.70677967
20221,1129003344,45,37,8,0,4,18,17,3,3,0,4,15,12,3,3,0,0,3,5,0,0,5244.6227638
20221,1129003345,2,1,1,0,0,1,0,1,0,0,0,0,0,1,0,0,0,1,0,0,0,28853.8807185
20221,1129003346,11,6,5,0,0,0,6,4,1,0,0,0,3,2,1,0,0,0,3,2,0,2029.67296716
20221,1129003350,4,1,3,0,1,0,1,0,2,0,0,0,0,0,1,0,1,0,1,0,1,10586.870596
20221,1129003353,3,2,1,0,0,0,0,2,1,0,0,0,0,2,0,0,0,0,0,0,1,461.241539054
20221,1129003354,10,1,9,0,3,1,2,4,0,0,0,0,0,1,0,0,3,1,2,3,0,2251.90633398
20221,1129003359,2,1,1,0,0,0,0,0,2,0,0,0,0,0,1,0,0,0,0,0,1,1821.31091352
20221,1129003364,9,5,4,0,1,2,2,2,2,0,0,2,1,1,1,0,1,0,1,1,1,11256.0176298
20221,1129003367,20,14,6,0,3,2,6,9,0,0,2,2,6,4,0,0,1,0,0,5,0,8646.12487479
20221,1129003374,23,4,19,0,6,5,7,3,2,0,2,1,0,0,1,0,4,4,7,3,1,2200.62430712
20221,1129003382,16,14,2,0,6,4,3,3,0,0,5,4,3,2,0,0,1,0,0,1,0,3529.9245972
20221,1129003383,6,4,2,0,1,1,1,1,2,0,0,1,0,1,2,0,1,0,1,0,0,3301.58478418
20221,1129003386,1,0,1,0,0,0,1,0,0,0,0,0,0,0,0,0,0,0,1,0,0,9178.45469356
20221,1129003387,46,1,45,0,3,5,2,12,24,0,0,0,0,0,1,0,3,5,2,12,23,14015.5105883
20221,1129003389,39,6,33,0,9,7,12,7,4,0,1,2,1,1,1,0,8,5,11,6,3,4351.27532063
20221,1129003396,6,3,3,0,1,2,0,3,0,0,0,1,0,2,0,0,1,1,0,1,0,3011.66059464
20221,1129003398,10,10,0,0,0,3,1,3,3,0,0,3,1,3,3,0,0,0,0,0,0,5080.71253135
20221,1129003399,16,9,7,0,2,3,7,3,1,0,1,2,2,3,1,0,1,1,5,0,0,3711.03540675
20221,1129003402,19,10,9,0,2,3,7,2,5,0,0,2,2,2,4,0,2,1,5,0,1,12604.4376944
20221,1129003403,42,9,33,0,7,18,10,7,0,0,0,7,1,1,0,0,7,11,9,6,0,18062.061525
20221,1129003404,7,1,6,0,2,4,1,0,0,0,0,0,1,0,0,0,2,4,0,0,0,5851.29808174
20221,1129003405,3,2,1,0,0,0,0,2,1,0,0,0,0,1,1,0,0,0,0,1,0,4626.82329492
20221,1129003407,4,2,2,0,1,2,1,0,0,0,0,1,1,0,0,0,1,1,0,0,0,5369.19492692
20221,1129003413,215,79,136,0,76,90,36,9,4,0,22,30,18,6,3,0,54,60,18,3,1,176517.546399
20221,1129003416,13,5,8,0,0,0,2,4,7,0,0,0,1,0,4,0,0,0,1,4,3,43289.3628752
20221,1129003420,2,1,1,0,0,0,1,0,1,0,0,0,0,0,1,0,0,0,1,0,0,5783.34671246
20221,1129003425,7,3,4,0,1,0,1,5,0,0,1,0,0,2,0,0,0,0,1,3,0,13173.9466361
20221,1129003430,9,5,4,0,1,1,0,4,3,0,0,0,0,2,3,0,1,1,0,2,0,11398.3199726
20221,1129003438,6,3,3,0,2,0,0,2,2,0,2,0,0,0,1,0,0,0,0,2,1,5201.4781763
20221,1129003439,7,3,4,0,1,0,0,3,3,0,1,0,0,1,1,0,0,0,0,2,2,3907.40446867
20221,1129003449,95,65,30,0,5,11,27,19,33,0,1,6,14,16,28,0,4,5,13,3,5,187810.655269
20221,1129003454,4,1,3,0,0,1,2,0,1,0,0,0,0,0,1,0,0,1,2,0,0,1635.74900217
20221,1129003458,5,2,3,0,0,0,0,2,3,0,0,0,0,1,1,0,0,0,0,1,2,3125.20783225
20221,1129003459,5,2,3,0,2,2,0,1,0,0,0,1,0,1,0,0,2,1,0,0,0,5154.16300387
20221,1129003461,9,2,7,0,0,4,2,3,0,0,0,0,1,1,0,0,0,4,1,2,0,895.469127812
20221,1129003462,6,5,1,0,2,1,3,0,0,0,2,1,2,0,0,0,0,0,1,0,0,2256.17247661
20221,1129003463,2,1,1,0,0,0,0,0,2,0,0,0,0,0,1,0,0,0,0,0,1,2883.31968909
20221,1129003464,2,1,1,0,0,0,0,2,0,0,0,0,0,1,0,0,0,0,0,1,0,6440.32625528
20221,1129003465,20,4,16,0,8,2,5,4,1,0,1,0,1,2,0,0,7,2,4,2,1,10892.0161003
20221,1129003466,5,3,2,0,0,1,1,2,1,0,0,1,0,1,1,0,0,0,1,1,0,1605.80721062
20221,1129003471,185,147,38,0,1,2,19,73,90,0,0,2,16,64,65,0,1,0,3,9,25,11444.966217
20221,1129003472,9,3,6,0,0,1,6,1,1,0,0,0,2,0,1,0,0,1,4,1,0,4741.68292349
20221,1129003473,6,4,2,0,1,0,1,3,1,0,1,0,1,2,0,0,0,0,0,1,1,7415.77253621
20221,1129003475,28,14,14,0,0,2,10,7,9,0,0,0,4,3,7,0,0,2,6,4,2,15399.1824614
20221,1129003478,9,8,1,0,0,0,2,3,4,0,0,0,1,3,4,0,0,0,1,0,0,2173.44061398
20221,1129003481,4,3,1,0,0,1,2,0,1,0,0,1,1,0,1,0,0,0,1,0,0,2720.8337914
20221,1129003488,12,10,2,0,0,2,5,3,2,0,0,2,3,3,2,0,0,0,2,0,0,2759.1334116
20221,1129003490,64,55,9,0,7,3,9,19,26,0,7,0,7,17,24,0,0,3,2,2,2,5127.06380089
20221,1129003491,5,5,0,0,0,0,1,3,1,0,0,0,1,3,1,0,0,0,0,0,0,3840.8570141
20221,1129003492,14,3,11,0,1,1,7,1,4,0,0,0,0,0,3,0,1,1,7,1,1,4444.62520214
20221,1129003494,54,43,11,0,1,4,13,25,11,0,0,4,10,20,9,0,1,0,3,5,2,10865.6456726
20221,1129003495,1,0,1,0,0,0,0,0,1,0,0,0,0,0,0,0,0,0,0,0,1,7080.28371426
20221,1129003497,43,24,19,0,5,12,12,7,7,0,3,7,4,6,4,0,2,5,8,1,3,12197.3477535
20221,1129003501,50,18,32,0,11,11,7,15,6,0,0,1,3,9,5,0,11,10,4,6,1,9558.81610453
20221,1129003502,3,1,2,0,0,1,1,1,0,0,0,0,0,1,0,0,0,1,1,0,0,2814.81008911
20221,1129003503,9,7,2,0,1,0,3,4,1,0,1,0,2,3,1,0,0,0,1,1,0,4808.585719
20221,1129003504,13,11,2,0,0,1,3,3,6,0,0,1,3,2,5,0,0,0,0,1,1,2850.58247671
20221,1129003505,1,0,1,0,0,0,1,0,0,0,0,0,0,0,0,0,0,0,1,0,0,5077.2057616
20221,1129003507,2,0,2,0,0,0,1,1,0,0,0,0,0,0,0,0,0,0,1,1,0,2091.02593302
20221,1129003512,9,7,2,0,1,0,4,2,2,0,1,0,3,1,2,0,0,0,1,1,0,8231.56905744
20221,1129003516,6,3,3,0,3,1,2,0,0,0,1,1,1,0,0,0,2,0,1,0,0,15508.1357462
20221,1129003518,15,1,14,0,6,2,3,4,0,0,0,0,1,0,0,0,6,2,2,4,0,3969.57837388
20221,1129003529,13,10,3,0,0,4,8,0,1,0,0,3,6,0,1,0,0,1,2,0,0,9025.84763106
20221,1129003532,285,130,155,0,41,53,67,68,56,0,10,24,34,28,34,0,31,29,33,40,22,918.580815296
20221,1129003535,15,13,2,0,0,1,3,7,4,0,0,1,3,6,3,0,0,0,0,1,1,7701.9239029
20221,1129003538,161,38,123,0,14,11,21,59,56,0,8,9,5,11,5,0,6,2,16,48,51,2352.87876807
20221,1129003552,154,119,35,0,15,10,38,66,25,0,0,6,33,57,23,0,15,4,5,9,2,7836.58501461
20221,1129003553,3,3,0,0,3,0,0,0,0,0,3,0,0,0,0,0,0,0,0,0,0,66923.920245
20221,1129003554,11,5,6,0,0,1,1,8,1,0,0,0,0,4,1,0,0,1,1,4,0,3190.56101361
20221,1129003556,32,12,20,0,5,8,9,8,2,0,2,2,4,2,2,0,3,6,5,6,0,5942.08922072
20221,1129003557,2,0,2,0,1,1,0,0,0,0,0,0,0,0,0,0,1,1,0,0,0,11496.5088845
20221,1129003558,6,3,3,0,0,0,0,1,5,0,0,0,0,0,3,0,0,0,0,1,2,3635.4763951
20221,1129003560,4,1,3,2,1,1,0,0,0,0,0,1,0,0,0,2,1,0,0,0,0,4382.42548896
20221,1129003561,4,1,3,0,0,1,2,1,0,0,0,0,0,1,0,0,0,1,2,0,0,10339.5582671
20221,1129003562,9,8,1,0,0,0,1,3,5,0,0,0,1,2,5,0,0,0,0,1,0,2384.24060202
20221,1129003566,2,1,1,0,0,1,0,1,0,0,0,1,0,0,0,0,0,0,0,1,0,4002.07989979
20221,1129003569,3,1,2,0,0,0,2,0,1,0,0,0,1,0,0,0,0,0,1,0,1,3362.24094154
20221,1129003570,7,4,3,0,0,0,2,4,1,0,0,0,0,3,1,0,0,0,2,1,0,4095.43017248
20221,1129003571,68,33,35,0,5,17,16,21,9,0,2,11,7,5,8,0,3,6,9,16,1,2099.64748224
20221,1129003572,7,2,5,0,0,0,2,4,1,0,0,0,1,0,1,0,0,0,1,4,0,11735.0325811
20221,1129003573,210,85,125,0,35,68,46,32,29,0,9,24,17,15,20,0,26,44,29,17,9,1383.15053281
20221,1129003583,2,2,0,0,0,0,0,1,1,0,0,0,0,1,1,0,0,0,0,0,0,9062.71641534
20221,1129003584,24,16,8,0,0,3,12,8,1,0,0,1,9,5,1,0,0,2,3,3,0,7500.91627999
20221,1129003591,5,0,5,0,2,1,1,1,0,0,0,0,0,0,0,0,2,1,1,1,0,35057.7791291
20221,1129003592,4,0,4,0,0,1,3,0,0,0,0,0,0,0,0,0,0,1,3,0,0,2108.21308021
20221,1129003595,6,2,4,0,0,1,1,2,2,0,0,0,1,0,1,0,0,1,0,2,1,10796.8229576
20221,1129003597,3,1,2,0,0,0,1,1,1,0,0,0,0,0,1,0,0,0,1,1,0,66883.6004134
20221,1129003605,21,12,9,0,2,5,5,4,5,0,1,1,2,4,4,0,1,4,3,0,1,14460.250442
20221,1129003609,510,474,36,0,3,51,162,213,81,0,3,47,150,199,75,0,0,4,12,14,6,23371.0695476
20221,1129003612,80,19,61,0,13,21,23,18,5,0,3,2,5,4,5,0,10,19,18,14,0,14747.2569598
20221,1129003617,21,7,14,0,3,12,1,4,1,0,1,4,0,1,1,0,2,8,1,3,0,91824.7350045
20221,1129003622,129,77,52,0,10,36,30,36,17,0,5,23,23,19,7,0,5,13,7,17,10,364030.393388
20221,1129003626,2,1,1,0,0,1,0,1,0,0,0,1,0,0,0,0,0,0,0,1,0,1229.95861833
20221,1129003631,15,12,3,0,1,2,4,5,3,0,0,2,3,5,2,0,1,0,1,0,1,3410.75305058
20221,1129003632,10,0,10,0,1,2,4,1,2,0,0,0,0,0,0,0,1,2,4,1,2,2647.76767072
20221,1129003635,24,12,12,0,0,4,6,10,4,0,0,1,3,6,2,0,0,3,3,4,2,4196.59967382
20221,1129003637,2,1,1,0,0,0,0,1,1,0,0,0,0,0,1,0,0,0,0,1,0,8049.11175236
20221,1129003638,17,12,5,0,0,5,7,4,1,0,0,4,4,4,0,0,0,1,3,0,1,15226.2434879
20221,1129003639,5,3,2,0,0,1,0,0,4,0,0,1,0,0,2,0,0,0,0,0,2,2934.13519498
20221,1129003642,4,4,0,0,0,0,2,1,1,0,0,0,2,1,1,0,0,0,0,0,0,5897.5778106
20221,1129003643,11,1,10,0,1,2,5,2,1,0,0,0,0,0,1,0,1,2,5,2,0,6837.4161208
20221,1129003644,25,19,6,0,4,6,10,5,0,0,2,4,10,3,0,0,2,2,0,2,0,5193.41238891
20221,1129003645,2,1,1,0,0,0,1,1,0,0,0,0,1,0,0,0,0,0,0,1,0,4580.15754293
20221,1129003646,5,1,4,0,0,0,0,2,3,0,0,0,0,0,1,0,0,0,0,2,2,3918.47960485
20221,1129003647,4,3,1,0,0,1,1,0,2,0,0,1,1,0,1,0,0,0,0,0,1,1771.93214574
20221,1129003648,10,3,7,0,0,3,1,2,4,0,0,1,0,1,1,0,0,2,1,1,3,8662.37507444
20221,1129003649,73,17,56,0,10,25,19,17,2,0,2,7,2,4,2,0,8,18,17,13,0,15138.197714
20221,1129003650,2,2,0,0,0,0,1,1,0,0,0,0,1,1,0,0,0,0,0,0,0,3109.9158624
20221,1129003652,16,12,4,0,3,4,5,2,2,0,3,4,3,1,1,0,0,0,2,1,1,3606.45113363
20221,1129003653,11,5,6,0,1,7,0,2,1,0,0,4,0,0,1,0,1,3,0,2,0,4437.25472213
20221,1129003654,299,135,164,0,16,91,127,63,2,0,3,29,57,46,0,0,13,62,70,17,2,4859.55705745
20221,1129003656,21,12,9,0,8,7,4,1,1,0,5,4,2,1,0,0,3,3,2,0,1,11004.0351229
20221,1129003661,1,1,0,0,0,0,0,1,0,0,0,0,0,1,0,0,0,0,0,0,0,70721.8136508
20221,1129003662,226,216,10,0,0,6,55,122,43,0,0,5,50,120,41,0,0,1,5,2,2,6772.06650861
20221,1129003664,23,12,11,0,1,5,4,10,3,0,0,2,2,7,1,0,1,3,2,3,2,7449.32944136
20221,1129003666,5,4,1,0,1,1,1,2,0,0,1,0,1,2,0,0,0,1,0,0,0,1856.63367865
20221,1129003668,3,1,2,0,0,1,0,2,0,0,0,0,0,1,0,0,0,1,0,1,0,3861.22013661
20221,1129003669,5,4,1,0,0,0,0,2,3,0,0,0,0,2,2,0,0,0,0,0,1,11254.8578306
20221,1129003675,7,3,4,0,0,1,3,3,0,0,0,0,2,1,0,0,0,1,1,2,0,8134.38017431
20221,1129003676,6,2,4,0,0,1,2,1,2,0,0,0,0,0,2,0,0,1,2,1,0,2757.3207121
20221,1129003683,43,34,9,0,1,4,18,10,10,0,1,3,11,9,10,0,0,1,7,1,0,32502.5464158
20221,1129003686,12,6,6,0,2,2,1,2,5,0,1,1,0,1,3,0,1,1,1,1,2,3100.33448527
20221,1129003688,2,0,2,0,0,0,0,2,0,0,0,0,0,0,0,0,0,0,0,2,0,2580.03319568
20221,1129003689,12,9,3,0,0,2,4,2,4,0,0,1,3,1,4,0,0,1,1,1,0,4895.55031041
20221,1129003690,28,16,12,0,7,4,9,7,1,0,2,1,7,5,1,0,5,3,2,2,0,7512.16445146
20221,1129003691,16,3,13,0,0,0,2,6,8,0,0,0,0,1,2,0,0,0,2,5,6,2512.19308667
20221,1129003692,93,44,49,0,10,18,35,18,12,0,2,11,16,10,5,0,8,7,19,8,7,1654.19259011
20221,1129003707,104,30,74,0,27,21,31,13,12,0,6,5,12,2,5,0,21,16,19,11,7,3578.19044182
20221,1129003708,3,2,1,0,1,1,1,0,0,0,0,1,1,0,0,0,1,0,0,0,0,4508.21204408
20221,1129003709,7,6,1,1,0,4,1,1,0,1,0,4,1,0,0,0,0,0,0,1,0,2703.26186374
20221,1129003713,2,1,1,0,0,1,0,1,0,0,0,1,0,0,0,0,0,0,0,1,0,3855.67425809
20221,1129003714,4,2,2,0,0,1,2,0,1,0,0,1,1,0,0,0,0,0,1,0,1,3992.61757975
20221,1129003715,7,0,7,0,0,2,5,0,0,0,0,0,0,0,0,0,0,2,5,0,0,2863.81754593
20221,1129003718,7,5,2,0,0,4,0,3,0,0,0,2,0,3,0,0,0,2,0,0,0,2765.49020333
20221,1129003722,14,11,3,0,1,2,5,6,0,0,1,2,4,4,0,0,0,0,1,2,0,6548.44868383
20221,1129003730,22,18,4,0,0,0,7,10,5,0,0,0,7,8,3,0,0,0,0,2,2,4859.02020555
20221,1129003733,1,1,0,0,0,0,1,0,0,0,0,0,1,0,0,0,0,0,0,0,0,1375.8279614
20221,1129003736,2,1,1,0,0,0,2,0,0,0,0,0,1,0,0,0,0,0,1,0,0,1815.04522933
20221,1129003738,1,1,0,0,0,0,1,0,0,0,0,0,1,0,0,0,0,0,0,0,0,972.19093857
20221,1129003741,4,1,3,0,0,2,2,0,0,0,0,0,1,0,0,0,0,2,1,0,0,4936.46713229
20221,1129003742,4,1,3,0,1,0,2,1,0,0,0,0,0,1,0,0,1,0,2,0,0,3731.55817055
20221,1129003743,10,4,6,0,2,3,1,4,0,0,1,2,0,1,0,0,1,1,1,3,0,9426.09054684
20221,1129003747,13,10,3,0,2,1,5,4,1,0,2,1,3,3,1,0,0,0,2,1,0,98983.2011773
20221,1129003749,7,6,1,0,0,1,1,2,3,0,0,1,1,2,2,0,0,0,0,0,1,6088.11954373
20221,1129003752,3,2,1,0,0,0,0,1,2,0,0,0,0,1,1,0,0,0,0,0,1,8476.50519957
20221,1129003753,18227,9407,8820,55,1380,4733,6768,5234,57,12,578,1554,2999,4214,50,43,802,3179,3769,1020,7,2722.10885391
20221,1129003755,51,15,36,0,11,10,19,9,2,0,2,6,4,1,2,0,9,4,15,8,0,5675.39728984
20221,1129003757,2,1,1,0,0,0,2,0,0,0,0,0,1,0,0,0,0,0,1,0,0,3853.97568297
20221,1129003758,37,16,21,0,13,13,7,3,1,0,4,10,1,1,0,0,9,3,6,2,1,7810.12637188
20221,1129003761,17,11,6,0,1,4,6,4,2,0,1,3,2,3,2,0,0,1,4,1,0,4804.4487743
20221,1129003763,2,1,1,0,0,0,0,0,2,0,0,0,0,0,1,0,0,0,0,0,1,2296.15955491
20221,1129003765,11,3,8,0,1,0,5,3,2,0,0,0,2,0,1,0,1,0,3,3,1,4923.71898931
20221,1129003769,5,4,1,0,0,0,0,4,1,0,0,0,0,3,1,0,0,0,0,1,0,1080.53169284
20221,1129003770,2,1,1,0,0,0,0,1,1,0,0,0,0,0,1,0,0,0,0,1,0,1966.90108742
20221,1129003773,66,30,36,0,6,10,11,15,24,0,3,8,5,8,6,0,3,2,6,7,18,13314.3166489
20221,1129003776,17,8,9,0,2,1,3,7,4,0,1,1,2,4,0,0,1,0,1,3,4,1237.35871907
20221,1129003782,2,1,1,0,0,1,1,0,0,0,0,1,0,0,0,0,0,0,1,0,0,1548.99743626
20221,1129003783,7,4,3,0,0,1,2,2,2,0,0,1,1,1,1,0,0,0,1,1,1,3051.7287323
20221,1129003789,4,2,2,0,0,1,0,1,2,0,0,0,0,0,2,0,0,1,0,1,0,5673.86036683
20221,1129003796,7,3,4,0,0,1,4,0,2,0,0,0,1,0,2,0,0,1,3,0,0,12054.9248195
20221,1129003798,95,20,75,0,13,29,33,18,2,0,5,6,2,6,1,0,8,23,31,12,1,4385.2380074
20221,1129003800,28,6,22,0,5,8,6,8,1,0,1,0,2,2,1,0,4,8,4,6,0,5733.59436
20221,1129003804,10,2,8,0,3,3,1,1,2,0,0,1,0,0,1,0,3,2,1,1,1,2957.85152396
20221,1129003805,78,18,60,0,16,15,25,16,6,0,3,3,5,2,5,0,13,12,20,14,1,10312.166553
20221,1129003807,28,3,25,0,8,4,4,8,4,0,1,1,0,0,1,0,7,3,4,8,3,4031.21743756
20221,1129003808,26,17,9,0,13,4,6,2,1,0,11,1,3,1,1,0,2,3,3,1,0,4077.87335975
20221,1129003818,12,6,6,0,1,3,1,2,5,0,0,2,0,1,3,0,1,1,1,1,2,406.991142185
20221,1129003819,3,2,1,0,1,1,1,0,0,0,0,1,1,0,0,0,1,0,0,0,0,2623.44244625
20221,1129003822,8,6,2,0,0,2,1,2,3,0,0,1,1,1,3,0,0,1,0,1,0,9233.31269517
20221,1129003831,213,3,210,0,14,8,35,87,69,0,0,0,1,0,2,0,14,8,34,87,67,8360.25277104
20221,1129003832,3,3,0,0,1,1,1,0,0,0,1,1,1,0,0,0,0,0,0,0,0,8841.87290226
20221,1129003836,4,4,0,0,0,0,1,3,0,0,0,0,1,3,0,0,0,0,0,0,0,3192.73090815
20221,1129003837,8,2,6,0,1,1,1,5,0,0,0,0,0,2,0,0,1,1,1,3,0,3653.93374724
20221,1129003841,16,9,7,0,0,3,5,7,1,0,0,1,3,5,0,0,0,2,2,2,1,5801.40639592
20221,1129003848,247,155,92,1,26,53,56,75,36,0,16,30,34,50,25,1,10,23,22,25,11,4439.32277955
20221,1129003850,8,7,1,0,0,1,2,5,0,0,0,1,1,5,0,0,0,0,1,0,0,3680.25513449
20221,1129003852,66,39,27,1,6,10,13,18,18,0,1,2,9,14,13,1,5,8,4,4,5,4897.45106624
20221,1129003853,18,2,16,0,1,2,11,0,4,0,0,0,0,0,2,0,1,2,11,0,2,51772.1790006
20221,1129003874,12,8,4,0,8,0,1,3,0,0,6,0,1,1,0,0,2,0,0,2,0,2742.85222461
20221,1129003878,477,304,173,2,79,108,113,136,39,0,45,65,68,95,31,2,34,43,45,41,8,2181.72728471
20221,1129003880,45,17,28,0,12,8,2,12,11,0,1,3,2,3,8,0,11,5,0,9,3,4487.40751104
20221,1129003883,16,9,7,0,2,4,5,5,0,0,0,2,5,2,0,0,2,2,0,3,0,2187.00235115
20221,1129003895,45,22,23,0,15,12,15,2,1,0,6,6,10,0,0,0,9,6,5,2,1,8573.68921877
20221,1129003898,444,373,71,0,49,136,113,140,6,0,30,110,93,134,6,0,19,26,20,6,0,6673.68426042
20221,1129003904,11,5,6,0,1,4,4,1,1,0,0,2,2,0,1,0,1,2,2,1,0,1802.43582599
20221,1129003906,257,232,25,0,32,90,55,79,1,0,29,80,48,74,1,0,3,10,7,5,0,3646.97607484
20221,1129003910,4,2,2,0,0,1,1,1,1,0,0,1,1,0,0,0,0,0,0,1,1,3654.51063992
20221,1129003911,187,135,52,2,37,45,51,29,23,0,22,34,40,22,17,2,15,11,11,7,6,1356.87277141
20221,1129003914,66,13,53,1,8,11,22,15,9,0,0,2,3,4,4,1,8,9,19,11,5,6337.81086175
20221,1129003915,2,1,1,0,0,1,0,1,0,0,0,1,0,0,0,0,0,0,0,1,0,3504.52930645
20221,1129003916,7,1,6,0,0,0,2,3,2,0,0,0,0,0,1,0,0,0,2,3,1,2544.18164403
20221,1129003918,2,1,1,0,0,0,0,0,2,0,0,0,0,0,1,0,0,0,0,0,1,3065.12168171
20222,1123000001,120,55,65,0,7,10,27,32,44,0,1,2,14,11,27,0,6,8,13,21,17,4017.03275138
20222,1123000002,6,3,3,0,0,1,0,3,2,0,0,0,0,1,2,0,0,1,0,2,0,4030.88106728
20222,1123000003,5,4,1,0,0,2,2,0,1,0,0,2,1,0,1,0,0,0,1,0,0,2781.85755149
20222,1123000004,764,299,465,2,92,103,227,194,146,0,51,55,53,59,81,2,41,48,174,135,65,3286.03019847
20222,1123000005,113,57,56,0,27,36,24,14,12,0,7,14,16,10,10,0,20,22,8,4,2,6411.81232975
20222,1123000006,8,3,5,0,1,1,2,3,1,0,0,1,0,1,1,0,1,0,2,2,0,1289.78300619
20222,1123000007,8,7,1,0,1,2,1,1,3,0,0,2,1,1,3,0,1,0,0,0,0,4301.33006743
20222,1123000008,24,9,15,0,5,0,6,5,8,0,0,0,2,3,4,0,5,0,4,2,4,3931.99356818
20222,1123000010,3,2,1,0,0,0,2,1,0,0,0,0,1,1,0,0,0,0,1,0,0,946.498084201
20222,1123000012,75,41,34,0,9,14,22,21,9,0,5,10,12,7,7,0,4,4,10,14,2,6062.06191538
20222,1123000013,2,2,0,0,0,1,0,0,1,0,0,1,0,0,1,0,0,0,0,0,0,1035.68562879
20222,1123000014,2,1,1,0,0,0,2,0,0,0,0,0,1,0,0,0,0,0,1,0,0,2203.81881846
20222,1123000015,8,5,3,0,0,1,4,2,1,0,0,0,3,1,1,0,0,1,1,1,0,2393.8773718
20222,1123000017,28,18,10,0,9,12,6,1,0,0,7,9,1,1,0,0,2,3,5,0,0,2824.91954045
20222,1123000018,14,9,5,0,0,0,1,1,12,0,0,0,0,0,9,0,0,0,1,1,3,6616.95583478
20222,1123000020,3,3,0,0,0,2,0,1,0,0,0,2,0,1,0,0,0,0,0,0,0,2175.39408638
20222,1123000021,11,9,2,0,0,0,1,5,5,0,0,0,1,5,3,0,0,0,0,0,2,5430.30601674
20222,1123000022,3058,1155,1903,1,468,643,945,966,35,1,373,482,237,55,7,0,95,161,708,911,28,5528.57732009
20222,1123000023,2,2,0,0,0,0,1,1,0,0,0,0,1,1,0,0,0,0,0,0,0,840.798748147
20222,1123000024,2,1,1,0,0,1,0,1,0,0,0,0,0,1,0,0,0,1,0,0,0,2048.15282661
20222,1123000025,7,1,6,0,0,2,0,4,1,0,0,1,0,0,0,0,0,1,0,4,1,1447.24906033
20222,1123000026,10,8,2,0,0,3,5,1,1,0,0,2,5,1,0,0,0,1,0,0,1,3915.09617768
20222,1123000027,24,19,5,0,0,5,6,7,6,0,0,3,4,6,6,0,0,2,2,1,0,2555.75910236
20222,1123000029,52,37,15,0,1,5,15,11,20,0,0,2,9,7,19,0,1,3,6,4,1,7199.08930214
20222,1123000031,4,3,1,0,0,0,0,1,3,0,0,0,0,1,2,0,0,0,0,0,1,1903.20900952
20222,1123000033,2,2,0,0,0,1,0,0,1,0,0,1,0,0,1,0,0,0,0,0,0,1491.58486878
20222,1123000034,21,18,3,0,5,9,3,3,1,0,4,9,2,3,0,0,1,0,1,0,1,6220.61213951
20222,1123000035,25,17,8,1,0,4,8,5,7,0,0,4,7,2,4,1,0,0,1,3,3,6605.30271984
20222,1123000037,178,111,67,0,5,12,14,13,134,0,0,9,6,5,91,0,5,3,8,8,43,8207.61627371
20222,1123000038,27,20,7,0,11,2,5,5,4,0,8,2,2,4,4,0,3,0,3,1,0,803.762450547
20222,1123000040,387,293,94,1,93,150,74,47,22,0,61,103,65,43,21,1,32,47,9,4,1,8138.33113334
20222,1123000044,1,0,1,0,0,0,1,0,0,0,0,0,0,0,0,0,0,0,1,0,0,2137.75890075
20222,1123000045,83,13,70,0,9,29,27,17,1,0,0,5,5,3,0,0,9,24,22,14,1,15648.5004924
20222,1123000046,5,5,0,0,0,0,0,4,1,0,0,0,0,4,1,0,0,0,0,0,0,1130.86507
20222,1123000048,10,7,3,0,0,1,3,3,3,0,0,1,2,2,2,0,0,0,1,1,1,1083.1532696
20222,1123000054,31,15,16,0,2,8,10,10,1,0,0,6,4,5,0,0,2,2,6,5,1,15357.967654
20222,1123000055,20,13,7,0,0,3,3,5,9,0,0,2,1,4,6,0,0,1,2,1,3,7092.9507577
20222,1123000056,3,2,1,0,0,1,1,0,1,0,0,1,0,0,1,0,0,0,1,0,0,577.232722192
20222,1123000057,42,28,14,1,5,20,4,8,4,0,2,13,2,7,4,1,3,7,2,1,0,3234.22420105
20222,1123000059,2,1,1,0,0,0,0,0,2,0,0,0,0,0,1,0,0,0,0,0,1,4698.91175408
20222,1123000060,42,30,12,0,2,5,6,14,15,0,1,3,4,10,12,0,1,2,2,4,3,5016.86744303
20222,1123000062,46,28,18,0,1,6,14,11,14,0,0,2,8,8,10,0,1,4,6,3,4,4520.76958669
20222,1123000064,11,8,3,0,6,3,2,0,0,0,5,2,1,0,0,0,1,1,1,0,0,2714.33596439
20222,1123000068,12,7,5,0,0,1,6,2,3,0,0,1,3,2,1,0,0,0,3,0,2,2571.36398479
20222,1123000074,9,7,2,0,0,1,5,2,1,0,0,1,4,1,1,0,0,0,1,1,0,5678.60586915
20222,1123000076,8,3,5,0,1,2,2,3,0,0,0,0,1,2,0,0,1,2,1,1,0,1888.01799067
20222,1123000080,12,11,1,0,1,1,5,3,2,0,1,1,4,3,2,0,0,0,1,0,0,4204.1555437
20222,1123000081,2,0,2,0,1,0,1,0,0,0,0,0,0,0,0,0,1,0,1,0,0,1220.34719234
20222,1123000086,35,29,6,0,8,2,13,7,5,0,8,1,10,5,5,0,0,1,3,2,0,6094.20213656
20222,1123000087,31,17,14,0,1,5,13,10,2,0,0,2,7,7,1,0,1,3,6,3,1,6170.24214404
20222,1123000095,97,76,21,0,15,15,13,39,15,0,12,13,10,30,11,0,3,2,3,9,4,6888.55564025
20222,1123000101,3,1,2,0,0,0,0,0,3,0,0,0,0,0,1,0,0,0,0,0,2,3102.44110675
20222,1123000110,4,4,0,0,1,0,0,1,2,0,1,0,0,1,2,0,0,0,0,0,0,5124.86166655
20222,1123000115,15,0,15,0,4,5,1,5,0,0,0,0,0,0,0,0,4,5,1,5,0,1516.72095658
20222,1123000118,2,2,0,0,0,2,0,0,0,0,0,2,0,0,0,0,0,0,0,0,0,3624.99097869
20222,1123000121,7,4,3,0,1,2,2,1,1,0,0,0,2,1,1,0,1,2,0,0,0,3406.21207151
20222,1123000125,10,8,2,0,0,1,1,7,1,0,0,1,1,5,1,0,0,0,0,2,0,6931.85762841
20222,1123000126,35,14,21,0,3,12,10,8,2,0,1,3,6,3,1,0,2,9,4,5,1,3836.44843671
20222,1123000133,38,24,14,0,0,5,15,10,8,0,0,0,9,8,7,0,0,5,6,2,1,2259.47066943
20222,1123000134,3,2,1,0,0,0,0,3,0,0,0,0,0,2,0,0,0,0,0,1,0,3499.19733522
20222,1123000136,2,2,0,0,0,0,1,0,1,0,0,0,1,0,1,0,0,0,0,0,0,1596.34807451
20222,1123000137,34,24,10,0,8,1,9,11,5,0,4,0,6,10,4,0,4,1,3,1,1,2979.24347907
20222,1123000142,8,5,3,0,2,2,2,2,0,0,1,2,1,1,0,0,1,0,1,1,0,5931.98452651
20222,1123000145,41,28,13,0,7,18,13,2,1,0,1,18,7,2,0,0,6,0,6,0,1,2671.59923204
20222,1123000148,15,12,3,0,0,2,7,3,3,0,0,2,6,1,3,0,0,0,1,2,0,4354.43292439
20222,1123000151,2,1,1,0,0,0,1,1,0,0,0,0,0,1,0,0,0,0,1,0,0,3625.53155849
20222,1123000153,2,2,0,0,0,0,0,0,2,0,0,0,0,0,2,0,0,0,0,0,0,4067.70923234
20222,1123000159,64,49,15,3,27,12,5,5,12,3,21,8,2,4,11,0,6,4,3,1,1,4181.10209351
20222,1123000160,8,5,3,0,0,1,2,4,1,0,0,1,1,3,0,0,0,0,1,1,1,4134.06663485
20222,1123000161,9,4,5,0,1,0,4,4,0,0,0,0,3,1,0,0,1,0,1,3,0,4211.32107547
20222,1123000162,50,32,18,0,3,10,9,15,13,0,2,2,4,12,12,0,1,8,5,3,1,3010.23207377
20222,1123000165,3,2,1,0,0,0,0,2,1,0,0,0,0,1,1,0,0,0,0,1,0,3316.38080846
20222,1123000167,13,6,7,0,1,1,4,3,4,0,0,0,0,3,3,0,1,1,4,0,1,4511.13210114
20222,1123000168,40,5,35,0,6,13,9,12,0,0,1,2,0,2,0,0,5,11,9,10,0,9387.61218208
20222,1123000171,3,2,1,0,0,0,3,0,0,0,0,0,2,0,0,0,0,0,1,0,0,6299.9018049
20222,1123000172,53,44,9,0,10,8,20,12,3,0,8,6,15,12,3,0,2,2,5,0,0,4813.26234244
20222,1123000180,23,20,3,0,1,4,14,4,0,0,1,4,11,4,0,0,0,0,3,0,0,2999.47522755
20222,1123000183,105,84,21,0,12,26,40,14,13,0,8,21,31,13,11,0,4,5,9,1,2,7375.44148827
20222,1123000188,128,82,46,0,33,28,19,35,13,0,26,18,10,22,6,0,7,10,9,13,7,10463.6082986
20222,1123000190,1,0,1,0,0,0,1,0,0,0,0,0,0,0,0,0,0,0,1,0,0,2329.28483175
20222,1123000192,34,12,22,0,4,7,11,6,6,0,2,2,3,1,4,0,2,5,8,5,2,13732.0907677
20222,1123000194,19,13,6,0,1,5,6,2,5,0,1,3,4,2,3,0,0,2,2,0,2,2892.15962561
20222,1123000197,10,0,10,0,4,4,1,1,0,0,0,0,0,0,0,0,4,4,1,1,0,1557.20047538
20222,1123000198,2,1,1,0,0,0,1,1,0,0,0,0,1,0,0,0,0,0,0,1,0,1248.0171003
20222,1123000203,2,0,2,0,0,0,2,0,0,0,0,0,0,0,0,0,0,0,2,0,0,2573.41998702
20222,1123000204,2,2,0,0,0,0,0,0,2,0,0,0,0,0,2,0,0,0,0,0,0,4623.78894414
20222,1123000206,48,21,27,0,9,3,10,19,7,0,2,1,1,13,4,0,7,2,9,6,3,10040.5122401
20222,1123000211,220,165,55,0,5,31,40,54,90,0,4,12,26,44,79,0,1,19,14,10,11,9339.31922521
20222,1123000212,8,5,3,0,1,0,2,3,2,0,1,0,1,2,1,0,0,0,1,1,1,1225.44547636
20222,1123000213,20,15,5,0,2,5,2,5,6,0,2,4,2,4,3,0,0,1,0,1,3,1361.05161365
20222,1123000214,75,52,23,1,2,8,22,21,21,0,1,5,16,17,13,1,1,3,6,4,8,9506.07577589
20222,1123000215,8,7,1,0,0,1,3,2,2,0,0,1,2,2,2,0,0,0,1,0,0,1592.80154171
20222,1123000216,28,21,7,0,2,6,9,7,4,0,2,6,7,4,2,0,0,0,2,3,2,4814.16819106
20222,1123000217,7,5,2,0,1,1,3,0,2,0,1,0,2,0,2,0,0,1,1,0,0,956.60642855
20222,1123000218,9,9,0,0,0,2,4,0,3,0,0,2,4,0,3,0,0,0,0,0,0,1529.83558997
20222,1123000219,5,3,2,0,1,2,1,1,0,0,0,2,1,0,0,0,1,0,0,1,0,1074.32345325
20222,1123000220,16,16,0,0,0,7,3,3,3,0,0,7,3,3,3,0,0,0,0,0,0,1245.18242562
20222,1123000221,1098,985,113,18,431,435,151,44,19,18,379,393,143,35,17,0,52,42,8,9,2,12392.3332501
20222,1123000222,26,17,9,0,2,10,4,5,5,0,2,10,2,1,2,0,0,0,2,4,3,3245.18033155
20222,1123000223,6,5,1,0,0,0,4,2,0,0,0,0,3,2,0,0,0,0,1,0,0,2695.61471883
20222,1123000224,17,12,5,0,3,1,7,5,1,0,1,1,6,3,1,0,2,0,1,2,0,2963.33981399
20222,1123000225,216,166,50,1,18,45,60,47,45,1,13,36,48,31,37,0,5,9,12,16,8,19707.8622913
20222,1123000228,351,324,27,1,8,57,154,111,20,1,5,53,138,107,20,0,3,4,16,4,0,9404.49919757
20222,1123000229,2,1,1,0,0,0,0,1,1,0,0,0,0,0,1,0,0,0,0,1,0,1641.22956229
20222,1123000232,3,3,0,0,0,0,0,0,3,0,0,0,0,0,3,0,0,0,0,0,0,2148.40184801
20222,1123000233,20,19,1,0,1,2,7,8,2,0,1,2,7,8,1,0,0,0,0,0,1,3411.02784581
20222,1123000234,17,14,3,0,4,3,2,6,2,0,3,3,1,5,2,0,1,0,1,1,0,2866.74679435
20222,1123000236,115,87,28,0,3,23,35,35,19,0,2,17,28,24,16,0,1,6,7,11,3,3607.98985246
20222,1123000237,13,12,1,0,0,1,4,5,3,0,0,1,4,4,3,0,0,0,0,1,0,1646.85913787
20222,1123000241,2,2,0,0,0,0,0,0,2,0,0,0,0,0,2,0,0,0,0,0,0,445.409192279
20222,1123000242,63,37,26,0,11,15,22,10,5,0,5,7,13,8,4,0,6,8,9,2,1,1345.95386629
20222,1123000245,6,5,1,0,0,0,1,2,3,0,0,0,1,2,2,0,0,0,0,0,1,715.106846907
20222,1123000247,25,14,11,0,3,11,2,4,5,0,1,6,1,1,5,0,2,5,1,3,0,6884.19895901
20222,1123000254,42,27,15,0,4,11,7,14,6,0,2,6,6,9,4,0,2,5,1,5,2,8772.93835973
20222,1123000255,3,2,1,0,0,1,0,0,2,0,0,0,0,0,2,0,0,1,0,0,0,865.097427369
20222,1123000258,7,2,5,0,0,2,5,0,0,0,0,1,1,0,0,0,0,1,4,0,0,3039.18561101
20222,1123000264,2,2,0,0,0,0,2,0,0,0,0,0,2,0,0,0,0,0,0,0,0,4542.37238945
20222,1123000268,4,2,2,0,0,0,1,1,2,0,0,0,0,1,1,0,0,0,1,0,1,3047.33205643
20222,1123000270,4,3,1,0,0,1,2,1,0,0,0,1,1,1,0,0,0,0,1,0,0,2018.08693897
20222,1123000273,3,1,2,0,0,0,1,2,0,0,0,0,1,0,0,0,0,0,0,2,0,1054.94377933
20222,1123000282,22,18,4,0,3,3,5,7,4,0,3,3,4,6,2,0,0,0,1,1,2,3938.34616373
20222,1123000288,2,1,1,0,0,0,0,0,2,0,0,0,0,0,1,0,0,0,0,0,1,1980.02887542
20222,1123000289,3,1,2,0,0,0,0,2,1,0,0,0,0,1,0,0,0,0,0,1,1,668.536327817
20222,1123000291,2,1,1,0,0,1,1,0,0,0,0,1,0,0,0,0,0,0,1,0,0,793.763677092
20222,1123000292,10,4,6,0,0,4,1,5,0,0,0,1,1,2,0,0,0,3,0,3,0,2326.45340104
20222,1123000294,8,1,7,0,0,1,6,0,1,0,0,0,0,0,1,0,0,1,6,0,0,3352.07177196
20222,1123000297,10,0,10,0,1,2,1,5,1,0,0,0,0,0,0,0,1,2,1,5,1,3062.31488374
20222,1123000304,3,1,2,0,0,1,0,2,0,0,0,1,0,0,0,0,0,0,0,2,0,1243.07871428
20222,1123000311,219,138,81,0,5,16,35,64,99,0,3,10,25,41,59,0,2,6,10,23,40,12826.3621649
20222,1123000313,21,7,14,0,5,3,4,8,1,0,1,1,3,1,1,0,4,2,1,7,0,12629.6218867
20222,1123000315,2,2,0,0,0,0,2,0,0,0,0,0,2,0,0,0,0,0,0,0,0,1196.27749514
20222,1123000317,4,4,0,0,0,1,2,1,0,0,0,1,2,1,0,0,0,0,0,0,0,3370.5653296
20222,1123000318,12,8,4,0,1,2,5,2,2,0,1,2,2,1,2,0,0,0,3,1,0,3924.42055462
20222,1123000321,232,135,97,0,28,37,48,66,53,0,18,21,25,36,35,0,10,16,23,30,18,3145.08825278
20222,1123000322,39,18,21,0,9,10,12,6,2,0,2,6,6,4,0,0,7,4,6,2,2,5494.435008
20222,1123000323,225,130,95,4,32,36,51,58,44,3,6,18,32,39,32,1,26,18,19,19,12,2897.72268167
20222,1123000329,18,16,2,0,1,0,8,9,0,0,1,0,6,9,0,0,0,0,2,0,0,1998.48206724
20222,1123000332,3,1,2,0,0,0,3,0,0,0,0,0,1,0,0,0,0,0,2,0,0,3759.87692997
20222,1123000334,1,0,1,0,0,0,0,0,1,0,0,0,0,0,0,0,0,0,0,0,1,6665.12189398
20222,1123000337,36,24,12,0,7,3,8,6,12,0,3,2,5,6,8,0,4,1,3,0,4,7347.94807207
20222,1123000339,6,4,2,0,0,1,2,2,1,0,0,1,1,2,0,0,0,0,1,0,1,5393.1096788
20222,1123000342,26,15,11,0,5,7,3,6,5,0,1,4,2,3,5,0,4,3,1,3,0,3548.83810834
20222,1123000343,5,5,0,0,0,1,0,2,2,0,0,1,0,2,2,0,0,0,0,0,0,2410.66251465
20222,1123000346,34,28,6,2,3,5,6,4,14,2,1,3,4,4,14,0,2,2,2,0,0,2914.34643421
20222,1123000351,24,13,11,0,4,4,7,9,0,0,2,3,3,5,0,0,2,1,4,4,0,6009.65176534
20222,1123000353,2,2,0,0,0,0,0,0,2,0,0,0,0,0,2,0,0,0,0,0,0,4416.74960542
20222,1123000354,11,9,2,0,0,3,4,1,3,0,0,3,2,1,3,0,0,0,2,0,0,7580.06307624
20222,1123000355,11,7,4,0,0,2,2,4,3,0,0,1,1,2,3,0,0,1,1,2,0,2469.91902325
20222,1123000358,3,2,1,0,0,0,2,1,0,0,0,0,2,0,0,0,0,0,0,1,0,1726.38569282
20222,1123000359,19,5,14,0,3,0,7,6,3,0,0,0,0,2,3,0,3,0,7,4,0,7190.05473792
20222,1123000360,73,5,68,0,1,2,4,23,43,0,0,0,0,2,3,0,1,2,4,21,40,4869.81765984
20222,1123000361,3,3,0,0,0,0,0,3,0,0,0,0,0,3,0,0,0,0,0,0,0,4014.57137912
20222,1123000364,136,68,68,0,14,19,27,27,49,0,3,8,5,16,36,0,11,11,22,11,13,6876.32152484
20222,1123000365,8,6,2,0,0,3,2,2,1,0,0,2,2,1,1,0,0,1,0,1,0,5372.32479558
20222,1123000366,23,15,8,0,2,3,5,11,2,0,0,2,2,9,2,0,2,1,3,2,0,4162.11914876
20222,1123000368,6,2,4,0,0,0,1,4,1,0,0,0,0,1,1,0,0,0,1,3,0,2351.50251293
20222,1123000369,10,3,7,0,1,5,2,2,0,0,1,1,0,1,0,0,0,4,2,1,0,4316.36084581
20222,1123000371,2,2,0,0,0,0,2,0,0,0,0,0,2,0,0,0,0,0,0,0,0,1550.74502717
20222,1123000372,6,4,2,0,0,2,0,3,1,0,0,1,0,2,1,0,0,1,0,1,0,1115.26464071
20222,1123000373,9,6,3,0,2,2,1,2,2,0,1,1,1,1,2,0,1,1,0,1,0,4975.55561046
20222,1123000375,41,26,15,0,5,12,18,4,2,0,4,8,10,3,1,0,1,4,8,1,1,2225.89671569
20222,1123000380,3,2,1,0,0,1,2,0,0,0,0,1,1,0,0,0,0,0,1,0,0,4071.00695357
20222,1123000381,18,8,10,0,2,7,1,5,3,0,1,3,1,2,1,0,1,4,0,3,2,7013.37792937
20222,1123000390,72,45,27,2,3,12,23,24,8,1,2,9,14,11,8,1,1,3,9,13,0,3143.25258799
20222,1123000394,82,32,50,2,19,22,19,8,12,2,4,7,8,4,7,0,15,15,11,4,5,6970.93472206
20222,1123000395,29,27,2,0,1,1,5,4,18,0,1,0,4,4,18,0,0,1,1,0,0,1955.64644102
20222,1123000404,2,1,1,0,0,0,1,0,1,0,0,0,1,0,0,0,0,0,0,0,1,1100.26549614
20222,1123000405,9,8,1,0,2,2,3,2,0,0,2,2,2,2,0,0,0,0,1,0,0,3238.00246143
20222,1123000407,167,127,40,0,18,25,42,39,43,0,15,20,34,29,29,0,3,5,8,10,14,5142.13964751
20222,1123000416,26,11,15,0,2,5,11,6,2,0,0,2,6,2,1,0,2,3,5,4,1,2358.77187609
20222,1123000419,1,0,1,0,0,0,1,0,0,0,0,0,0,0,0,0,0,0,1,0,0,5899.06983397
20222,1123000423,26,12,14,1,5,7,6,4,3,0,2,1,5,2,2,1,3,6,1,2,1,80846.9160056
20222,1123000427,5,4,1,0,0,0,0,2,3,0,0,0,0,2,2,0,0,0,0,0,1,4144.48299325
20222,1123000428,4,3,1,0,1,0,1,0,2,0,1,0,0,0,2,0,0,0,1,0,0,2514.57657256
20222,1123000432,66,44,22,1,6,20,14,19,6,1,2,10,8,17,6,0,4,10,6,2,0,8280.65284575
20222,1123000433,16,14,2,0,0,1,3,5,7,0,0,1,3,4,6,0,0,0,0,1,1,2436.63949994
20222,1123000434,5,2,3,0,1,1,0,1,2,0,0,0,0,1,1,0,1,1,0,0,1,2050.92057543
20222,1123000436,425,337,88,8,73,143,142,45,14,2,46,123,125,30,11,6,27,20,17,15,3,16972.1355696
20222,1123000437,203,171,32,1,27,41,36,77,21,1,21,36,29,66,18,0,6,5,7,11,3,7210.75269373
20222,1123000438,29,16,13,0,1,1,4,17,6,0,0,1,3,9,3,0,1,0,1,8,3,4989.62584016
20222,1123000439,4,4,0,0,0,1,1,2,0,0,0,1,1,2,0,0,0,0,0,0,0,2152.19965666
20222,1123000440,6,5,1,0,0,0,1,4,1,0,0,0,1,3,1,0,0,0,0,1,0,1731.8187245
20222,1123000443,5,4,1,0,1,1,0,3,0,0,1,0,0,3,0,0,0,1,0,0,0,2988.77858266
20222,1123000447,16,10,6,0,2,1,6,7,0,0,2,1,2,5,0,0,0,0,4,2,0,2908.54500871
20222,1123000448,7,4,3,0,0,2,3,1,1,0,0,1,2,0,1,0,0,1,1,1,0,853.51796658
20222,1123000450,2,1,1,0,0,0,0,1,1,0,0,0,0,0,1,0,0,0,0,1,0,1195.79720661
20222,1123000454,4,1,3,0,0,0,1,2,1,0,0,0,0,1,0,0,0,0,1,1,1,2146.1138515
20222,1123000457,118,67,51,0,21,22,19,20,36,0,7,13,10,10,27,0,14,9,9,10,9,11178.8074975
20222,1123000458,2,1,1,0,0,0,0,2,0,0,0,0,0,1,0,0,0,0,0,1,0,3221.82682212
20222,1123000459,2,2,0,0,1,0,1,0,0,0,1,0,1,0,0,0,0,0,0,0,0,799.119568551
20222,1123000460,3,1,2,0,0,0,0,1,2,0,0,0,0,0,1,0,0,0,0,1,1,9542.1815697
20222,1123000461,35,24,11,0,6,6,6,10,7,0,1,4,4,10,5,0,5,2,2,0,2,5926.29449319
20222,1123000462,21,17,4,0,0,2,3,9,7,0,0,2,2,7,6,0,0,0,1,2,1,2433.26987734
20222,1123000464,12,5,7,0,0,2,4,5,1,0,0,1,2,2,0,0,0,1,2,3,1,4303.51701822
20222,1123000465,8,7,1,0,1,0,5,0,2,0,1,0,4,0,2,0,0,0,1,0,0,1400.30853031
20222,1123000467,16,13,3,0,0,3,2,3,8,0,0,1,1,3,8,0,0,2,1,0,0,1320.06597028
20222,1123000468,77,58,19,0,6,19,15,22,15,0,4,13,14,14,13,0,2,6,1,8,2,7189.43543783
20222,1123000469,18,15,3,0,1,1,8,5,3,0,1,1,6,4,3,0,0,0,2,1,0,4414.45263074
20222,1123000470,1111,664,447,11,132,99,135,222,512,11,108,71,81,118,275,0,24,28,54,104,237,3949.34350749
20222,1123000472,9,6,3,0,1,4,3,1,0,0,1,3,1,1,0,0,0,1,2,0,0,2634.71533759
20222,1123000473,84,73,11,0,2,9,12,32,29,0,1,5,11,29,27,0,1,4,1,3,2,3108.66796867
20222,1123000474,12,9,3,0,0,1,2,8,1,0,0,1,1,7,0,0,0,0,1,1,1,4981.89738597
20222,1123000475,47,25,22,0,5,7,14,13,8,0,3,5,4,8,5,0,2,2,10,5,3,3133.02543881
20222,1123000480,26,10,16,0,1,2,6,10,7,0,0,1,3,3,3,0,1,1,3,7,4,1601.86981027
20222,1123000486,10,5,5,0,3,1,1,3,2,0,1,1,0,1,2,0,2,0,1,2,0,3329.54903351
20222,1123000487,3,2,1,0,0,0,1,0,2,0,0,0,1,0,1,0,0,0,0,0,1,2778.91643329
20222,1123000488,9,8,1,0,0,0,1,3,5,0,0,0,1,2,5,0,0,0,0,1,0,4935.64771254
20222,1123000489,1,0,1,0,0,1,0,0,0,0,0,0,0,0,0,0,0,1,0,0,0,10553.4898352
20222,1123000490,20,12,8,0,2,3,4,6,5,0,2,2,3,2,3,0,0,1,1,4,2,2577.10429151
20222,1123000492,25,20,5,0,0,3,12,6,4,0,0,2,10,4,4,0,0,1,2,2,0,9511.98057188
20222,1123000498,72,59,13,0,8,11,14,19,20,0,5,9,11,17,17,0,3,2,3,2,3,6570.05535661
20222,1123000501,22,12,10,0,1,5,6,5,5,0,0,1,5,2,4,0,1,4,1,3,1,4448.66788869
20222,1123000503,4,3,1,0,0,0,1,3,0,0,0,0,1,2,0,0,0,0,0,1,0,3128.38591877
20222,1123000504,7,6,1,0,0,0,2,3,2,0,0,0,1,3,2,0,0,0,1,0,0,2190.7864261
20222,1123000505,9,7,2,0,1,1,1,4,2,0,1,1,0,3,2,0,0,0,1,1,0,13294.2598484
20222,1123000507,5,4,1,0,0,0,1,2,2,0,0,0,0,2,2,0,0,0,1,0,0,952.686306164
20222,1123000512,64,38,26,0,13,23,16,8,4,0,3,14,13,5,3,0,10,9,3,3,1,3553.68808835
20222,1123000516,14,10,4,0,2,5,5,2,0,0,1,5,2,2,0,0,1,0,3,0,0,1917.43399775
20222,1123000517,62,48,14,0,0,2,11,23,26,0,0,0,6,18,24,0,0,2,5,5,2,2068.40407842
20222,1123000519,15,11,4,0,1,4,3,5,2,0,1,4,0,4,2,0,0,0,3,1,0,1913.52529964
20222,1123000520,8,7,1,0,0,0,2,4,2,0,0,0,2,3,2,0,0,0,0,1,0,6492.02410893
20222,1123000521,11,7,4,0,0,1,3,0,7,0,0,0,2,0,5,0,0,1,1,0,2,2853.66387992
20222,1123000524,7,0,7,0,2,1,0,2,2,0,0,0,0,0,0,0,2,1,0,2,2,3560.15397671
20222,1123000525,38,28,10,0,3,9,5,8,13,0,1,6,2,8,11,0,2,3,3,0,2,3848.48964201
20222,1123000526,166,99,67,0,18,64,42,24,18,0,3,23,36,21,16,0,15,41,6,3,2,5716.78029794
20222,1123000527,14,8,6,0,3,2,2,4,3,0,3,1,0,1,3,0,0,1,2,3,0,2035.00329444
20222,1123000529,3,3,0,0,0,0,0,2,1,0,0,0,0,2,1,0,0,0,0,0,0,2224.52256163
20222,1123000530,8,7,1,0,0,2,1,4,1,0,0,2,1,3,1,0,0,0,0,1,0,2197.52072203
20222,1123000531,53,44,9,0,5,3,19,16,10,0,5,2,13,15,9,0,0,1,6,1,1,1922.42265679
20222,1123000532,21,14,7,0,1,0,4,12,4,0,1,0,3,7,3,0,0,0,1,5,1,2005.12669396
20222,1123000533,34,17,17,0,1,6,8,14,5,0,1,3,7,3,3,0,0,3,1,11,2,6303.82036938
20222,1123000534,9,4,5,0,0,4,3,2,0,0,0,0,3,1,0,0,0,4,0,1,0,969.415456872
20222,1123000535,9,5,4,0,3,0,4,2,0,0,2,0,2,1,0,0,1,0,2,1,0,3600.84699736
20222,1123000539,16,13,3,0,2,6,2,2,4,0,0,6,2,2,3,0,2,0,0,0,1,1962.13418735
20222,1123000541,3,0,3,0,0,1,1,1,0,0,0,0,0,0,0,0,0,1,1,1,0,3446.23332823
20222,1123000542,6,5,1,1,0,0,3,0,2,1,0,0,2,0,2,0,0,0,1,0,0,21216.7836092
20222,1123000543,9,6,3,0,1,0,4,1,3,0,0,0,2,1,3,0,1,0,2,0,0,11651.5127601
20222,1123000544,6,3,3,0,0,1,3,1,1,0,0,1,1,0,1,0,0,0,2,1,0,1591.94412169
20222,1123000547,11,4,7,0,3,2,1,5,0,0,0,2,1,1,0,0,3,0,0,4,0,2448.82469674
20222,1123000548,15,7,8,0,2,4,3,5,1,0,0,2,1,3,1,0,2,2,2,2,0,2482.52158477
20222,1123000549,4,2,2,0,0,1,0,1,2,0,0,0,0,1,1,0,0,1,0,0,1,1777.54923764
20222,1123000551,4655,1984,2671,6,295,1163,1725,1337,129,1,151,742,691,371,28,5,144,421,1034,966,101,10360.0348741
20222,1123000552,2,1,1,0,0,0,0,2,0,0,0,0,0,1,0,0,0,0,0,1,0,2822.15133736
20222,1123000554,4,3,1,0,0,0,3,1,0,0,0,0,3,0,0,0,0,0,0,1,0,797.064897408
20222,1123000555,89,55,34,0,9,11,27,29,13,0,2,5,18,19,11,0,7,6,9,10,2,3369.23975255
20222,1123000556,40,26,14,0,5,6,14,8,7,0,2,3,9,7,5,0,3,3,5,1,2,9303.72420376
20222,1123000557,9,4,5,0,0,0,1,6,2,0,0,0,0,4,0,0,0,0,1,2,2,2772.82436557
20222,1123000558,27,19,8,0,2,2,12,6,5,0,1,1,7,5,5,0,1,1,5,1,0,2539.3125673
20222,1123000560,11,8,3,0,0,4,3,1,3,0,0,2,3,0,3,0,0,2,0,1,0,2934.61586342
20222,1123000561,6,5,1,0,1,1,2,1,1,0,1,1,2,0,1,0,0,0,0,1,0,1737.6047196
20222,1123000562,3,2,1,0,0,0,1,1,1,0,0,0,1,1,0,0,0,0,0,0,1,1811.24298432
20222,1123000563,2,1,1,0,0,0,0,1,1,0,0,0,0,0,1,0,0,0,0,1,0,2957.4947786
20222,1123000564,24,17,7,0,3,2,8,8,3,0,1,2,5,6,3,0,2,0,3,2,0,2121.6648195
20222,1123000565,56,29,27,0,6,12,13,17,8,0,1,8,6,9,5,0,5,4,7,8,3,4675.14201419
20222,1123000566,12,8,4,0,0,1,7,1,3,0,0,0,5,1,2,0,0,1,2,0,1,2470.47226513
20222,1123000567,18,14,4,0,0,2,5,6,5,0,0,2,3,5,4,0,0,0,2,1,1,2431.47574291
20222,1123000568,88,67,21,2,15,22,22,20,7,0,9,18,17,17,6,2,6,4,5,3,1,2209.02915775
20222,1123000569,20,10,10,0,0,0,4,11,5,0,0,0,1,7,2,0,0,0,3,4,3,4287.90569515
20222,1123000570,2,1,1,0,0,0,0,1,1,0,0,0,0,0,1,0,0,0,0,1,0,2939.5225765
20222,1123000571,4,4,0,0,0,2,2,0,0,0,0,2,2,0,0,0,0,0,0,0,0,1716.47034127
20222,1123000576,40,14,26,0,9,16,6,7,2,0,3,5,4,1,1,0,6,11,2,6,1,3058.24911753
20222,1123000577,21,15,6,0,0,3,4,8,6,0,0,1,4,6,4,0,0,2,0,2,2,1907.65500781
20222,1123000580,33,31,2,0,1,8,18,4,2,0,0,8,17,4,2,0,1,0,1,0,0,2259.46977601
20222,1123000581,48,31,17,0,9,5,13,6,15,0,4,2,7,6,12,0,5,3,6,0,3,10109.4401727
20222,1123000582,7,7,0,0,0,0,1,2,4,0,0,0,1,2,4,0,0,0,0,0,0,1138.96438792
20222,1123000583,26,13,13,0,2,8,4,7,5,0,2,2,1,5,3,0,0,6,3,2,2,6558.03722184
20222,1123000584,6,4,2,0,3,2,0,1,0,0,2,2,0,0,0,0,1,0,0,1,0,988.926394008
20222,1123000585,8,6,2,0,1,1,3,3,0,0,1,1,2,2,0,0,0,0,1,1,0,3607.9552115
20222,1123000587,33,20,13,0,1,10,9,6,7,0,0,5,3,6,6,0,1,5,6,0,1,1691.30119912
20222,1123000588,1951,944,1007,3,231,487,493,608,129,2,94,193,182,389,84,1,137,294,311,219,45,13586.4982094
20222,1123000589,479,159,320,1,97,137,104,56,84,0,11,27,31,29,61,1,86,110,73,27,23,9406.4401534
20222,1123000590,23,10,13,0,2,13,3,5,0,0,1,5,2,2,0,0,1,8,1,3,0,12965.2219511
20222,1123000592,40,22,18,0,2,1,12,17,8,0,2,0,6,11,3,0,0,1,6,6,5,2045.69248671
20222,1123000593,5,3,2,0,0,0,0,4,1,0,0,0,0,3,0,0,0,0,0,1,1,2224.96319264
20222,1123000594,10,8,2,0,3,1,1,1,4,0,2,1,1,1,3,0,1,0,0,0,1,1405.42039128
20222,1123000595,4,2,2,0,0,0,0,0,4,0,0,0,0,0,2,0,0,0,0,0,2,1885.58957413
20222,1123000596,35,11,24,0,2,9,11,8,5,0,1,1,2,5,2,0,1,8,9,3,3,2079.86290593
20222,1123000598,5,4,1,0,1,0,1,2,1,0,0,0,1,2,1,0,1,0,0,0,0,1951.17131422
20222,1123000599,12,9,3,0,0,2,3,2,5,0,0,1,3,2,3,0,0,1,0,0,2,1823.27345438
20222,1123000600,27,12,15,0,2,9,8,5,3,0,1,2,4,3,2,0,1,7,4,2,1,2162.62447898
20222,1123000602,3,1,2,0,0,2,0,0,1,0,0,1,0,0,0,0,0,1,0,0,1,2931.45358807
20222,1123000603,3,1,2,0,3,0,0,0,0,0,1,0,0,0,0,0,2,0,0,0,0,2358.07625861
20222,1123000605,1646,1312,334,1,135,280,466,403,361,1,92,225,408,329,257,0,43,55,58,74,104,4346.21841473
20222,1123000606,4,2,2,0,0,1,1,1,1,0,0,0,0,1,1,0,0,1,1,0,0,3125.15005907
20222,1123000607,2,2,0,0,0,2,0,0,0,0,0,2,0,0,0,0,0,0,0,0,0,3249.3479218
20222,1123000608,27,16,11,0,1,5,10,5,6,0,1,3,4,4,4,0,0,2,6,1,2,2625.83904468
20222,1123000613,16,10,6,0,3,5,2,2,4,0,0,3,2,2,3,0,3,2,0,0,1,1818.15010802
20222,1123000614,2,2,0,0,0,0,0,1,1,0,0,0,0,1,1,0,0,0,0,0,0,3246.01714871
20222,1123000615,11,8,3,1,3,2,0,5,0,1,1,2,0,4,0,0,2,0,0,1,0,1543.17841073
20222,1123000616,329,78,251,0,56,119,75,64,15,0,6,22,21,24,5,0,50,97,54,40,10,7002.64869002
20222,1123000621,3,3,0,0,0,0,0,1,2,0,0,0,0,1,2,0,0,0,0,0,0,1668.83691379
20222,1123000622,920,430,490,0,44,61,113,269,433,0,23,37,66,94,210,0,21,24,47,175,223,8139.28415819
20222,1123000623,1,1,0,0,0,0,0,0,1,0,0,0,0,0,1,0,0,0,0,0,0,3248.84264715
20222,1123000624,27,16,11,0,3,7,10,1,6,0,1,4,6,1,4,0,2,3,4,0,2,4937.56851411
20222,1123000626,26,17,9,0,2,3,5,4,12,0,2,1,3,2,9,0,0,2,2,2,3,3635.86047217
20222,1123000627,94,41,53,0,3,28,36,15,12,0,2,12,15,6,6,0,1,16,21,9,6,8179.49828885
20222,1123000628,15,9,6,0,0,3,4,4,4,0,0,3,0,3,3,0,0,0,4,1,1,3183.56836114
20222,1123000630,4,1,3,0,0,0,0,3,1,0,0,0,0,1,0,0,0,0,0,2,1,4726.51273309
20222,1123000634,19,16,3,0,3,4,5,6,1,0,2,4,3,6,1,0,1,0,2,0,0,2162.78508597
20222,1123000635,27,23,4,0,3,2,7,11,4,0,2,2,6,9,4,0,1,0,1,2,0,2254.37723106
20222,1123000636,9,5,4,0,1,2,2,2,2,0,1,1,1,2,0,0,0,1,1,0,2,2583.12862341
20222,1123000638,3,2,1,0,0,0,2,1,0,0,0,0,1,1,0,0,0,0,1,0,0,4376.3797947
20222,1123000639,37,14,23,0,5,6,13,6,7,0,1,4,3,2,4,0,4,2,10,4,3,5975.26547421
20222,1123000640,2,0,2,0,0,0,1,1,0,0,0,0,0,0,0,0,0,0,1,1,0,2418.28491108
20222,1123000642,539,192,347,1,37,55,61,156,229,0,16,11,21,40,104,1,21,44,40,116,125,9087.70959967
20222,1123000645,7,6,1,0,0,2,4,1,0,0,0,2,3,1,0,0,0,0,1,0,0,1601.23263639
20222,1123000646,5,4,1,0,0,1,4,0,0,0,0,1,3,0,0,0,0,0,1,0,0,1378.44414946
20222,1123000653,274,170,104,2,21,36,73,89,53,0,4,18,45,60,43,2,17,18,28,29,10,8637.43186113
20222,1123000654,39,25,14,0,10,7,6,9,7,0,6,3,3,8,5,0,4,4,3,1,2,6619.07270546
20222,1123000656,13,10,3,0,1,1,4,1,6,0,1,1,3,1,4,0,0,0,1,0,2,2449.27811575
20222,1123000657,14,13,1,0,0,0,4,7,3,0,0,0,4,7,2,0,0,0,0,0,1,1230.53015294
20222,1123000659,6,5,1,0,0,2,1,2,1,0,0,2,0,2,1,0,0,0,1,0,0,6366.2523986
20222,1123000660,1571,1415,156,12,367,530,409,231,22,6,334,479,375,207,14,6,33,51,34,24,8,2911.98424896
20222,1123000661,77,33,44,0,34,35,5,2,1,0,10,17,4,2,0,0,24,18,1,0,1,2518.69245769
20222,1123000662,26,14,12,0,3,7,7,5,4,0,1,4,3,3,3,0,2,3,4,2,1,5277.1018916
20222,1123000664,140,30,110,0,26,70,22,9,13,0,4,9,1,6,10,0,22,61,21,3,3,5699.66764004
20222,1123000665,15,3,12,0,1,4,8,1,1,0,0,2,1,0,0,0,1,2,7,1,1,2503.09760121
20222,1123000666,35,18,17,0,4,6,8,11,6,0,2,2,4,7,3,0,2,4,4,4,3,5564.95403295
20222,1123000667,143,90,53,0,13,20,37,33,40,0,6,6,22,18,38,0,7,14,15,15,2,4317.78726912
20222,1123000669,2,1,1,0,0,0,1,0,1,0,0,0,0,0,1,0,0,0,1,0,0,1884.05125028
20222,1123000670,56,44,12,0,4,15,12,13,12,0,2,12,9,11,10,0,2,3,3,2,2,4668.64406334
20222,1123000671,5,4,1,0,0,0,0,5,0,0,0,0,0,4,0,0,0,0,0,1,0,1747.18607916
20222,1123000672,13,7,6,0,0,0,1,7,5,0,0,0,1,4,2,0,0,0,0,3,3,2895.57394366
20222,1123000674,61,12,49,0,13,9,21,13,5,0,4,1,2,1,4,0,9,8,19,12,1,22176.719608
20222,1123000675,98,40,58,0,7,19,28,22,22,0,2,8,8,11,11,0,5,11,20,11,11,7731.02447436
20222,1123000678,29,18,11,0,0,4,4,15,6,0,0,0,3,10,5,0,0,4,1,5,1,1902.95409476
20222,1123000680,21,14,7,0,2,4,7,6,2,0,1,3,3,6,1,0,1,1,4,0,1,903.699622706
20222,1123000681,3,2,1,0,0,0,1,0,2,0,0,0,1,0,1,0,0,0,0,0,1,5436.58843236
20222,1123000682,11,8,3,0,0,3,3,3,2,0,0,2,2,2,2,0,0,1,1,1,0,5662.97446008
20222,1123000689,15,6,9,0,1,1,4,6,3,0,0,0,1,4,1,0,1,1,3,2,2,3315.67715596
20222,1123000692,2,0,2,0,0,0,2,0,0,0,0,0,0,0,0,0,0,0,2,0,0,4347.51199684
20222,1123000693,4,2,2,0,0,1,0,1,2,0,0,0,0,1,1,0,0,1,0,0,1,1490.47639101
20222,1123000697,11,6,5,0,1,3,1,3,3,0,0,1,0,2,3,0,1,2,1,1,0,3301.47939503
20222,1123000698,2,0,2,0,0,0,0,2,0,0,0,0,0,0,0,0,0,0,0,2,0,699.943944066
20222,1123000704,3,2,1,0,0,1,0,0,2,0,0,1,0,0,1,0,0,0,0,0,1,3082.5145774
20222,1123000707,18,11,7,0,3,5,7,2,1,0,1,2,6,1,1,0,2,3,1,1,0,11145.9383493
20222,1123000710,5,4,1,0,0,1,0,2,2,0,0,0,0,2,2,0,0,1,0,0,0,2036.58428895
20222,1123000715,6,0,6,0,1,1,2,2,0,0,0,0,0,0,0,0,1,1,2,2,0,1539.3655359
20222,1123000717,107,73,34,0,19,19,22,33,14,0,13,14,15,22,9,0,6,5,7,11,5,2914.74706095
20222,1123000718,2,2,0,0,0,0,0,1,1,0,0,0,0,1,1,0,0,0,0,0,0,1772.5989134
20222,1123000719,3,2,1,0,0,0,1,0,2,0,0,0,0,0,2,0,0,0,1,0,0,1984.39986253
20222,1123000720,170,89,81,0,29,64,53,17,7,0,8,34,29,12,6,0,21,30,24,5,1,8968.58069041
20222,1123000721,5,0,5,0,2,0,2,1,0,0,0,0,0,0,0,0,2,0,2,1,0,1360.06184532
20222,1123000725,4,3,1,0,0,1,1,2,0,0,0,1,0,2,0,0,0,0,1,0,0,770.437710314
20222,1123000727,70,57,13,0,4,2,9,8,47,0,4,0,3,4,46,0,0,2,6,4,1,5519.61595065
20222,1123000728,3133,562,2571,1,433,588,566,988,557,0,97,230,171,46,18,1,336,358,395,942,539,2847.02821333
20222,1123000732,13,8,5,0,0,6,5,1,1,0,0,3,5,0,0,0,0,3,0,1,1,2573.09926262
20222,1123000733,3,1,2,0,0,0,2,0,1,0,0,0,0,0,1,0,0,0,2,0,0,5735.67251126
20222,1123000736,93,49,44,0,15,26,22,17,13,0,6,16,14,10,3,0,9,10,8,7,10,9188.41281174
20222,1123000737,4,3,1,0,1,0,1,1,1,0,1,0,1,0,1,0,0,0,0,1,0,5914.93846871
20222,1123000738,129,88,41,0,4,1,6,12,106,0,2,1,3,5,77,0,2,0,3,7,29,3820.80092312
20222,1123000739,25,10,15,0,4,3,3,13,2,0,2,0,1,6,1,0,2,3,2,7,1,8825.02822343
20222,1123000740,9,4,5,0,0,0,2,3,4,0,0,0,1,1,2,0,0,0,1,2,2,3158.56877521
20222,1123000742,1,1,0,0,0,0,0,0,1,0,0,0,0,0,1,0,0,0,0,0,0,4244.76656106
20222,1123000746,40,11,29,0,19,9,5,4,3,0,4,4,1,2,0,0,15,5,4,2,3,3797.5155461
20222,1123000747,4,1,3,0,1,0,3,0,0,0,0,0,1,0,0,0,1,0,2,0,0,4229.15002906
20222,1123000748,1,1,0,0,0,0,0,0,1,0,0,0,0,0,1,0,0,0,0,0,0,6652.09689504
20222,1123000749,116,80,36,0,29,38,20,13,16,0,19,23,14,9,15,0,10,15,6,4,1,4240.11981196
20222,1123000751,198,127,71,0,25,90,22,18,43,0,8,56,17,10,36,0,17,34,5,8,7,4006.09273558
20222,1123000753,27,10,17,1,8,5,4,3,6,0,3,1,1,3,2,1,5,4,3,0,4,3640.99294239
20222,1123000754,6,5,1,0,1,2,1,2,0,0,1,2,0,2,0,0,0,0,1,0,0,3635.66513278
20222,1123000756,282,122,160,0,65,83,57,33,44,0,12,30,19,17,44,0,53,53,38,16,0,4338.63340236
20222,1123000758,108,60,48,0,6,10,16,18,58,0,5,9,12,10,24,0,1,1,4,8,34,4095.62700985
20222,1123000759,5,1,4,0,0,1,1,1,2,0,0,1,0,0,0,0,0,0,1,1,2,2448.02260624
20222,1123000761,554,268,286,3,210,201,94,35,11,1,78,100,48,31,10,2,132,101,46,4,1,6890.23982491
20222,1123000762,15,9,6,0,1,2,5,3,4,0,0,0,3,2,4,0,1,2,2,1,0,16004.2052743
20222,1123000764,9,7,2,0,0,3,2,0,4,0,0,1,2,0,4,0,0,2,0,0,0,4110.25781179
20222,1123000766,2,2,0,0,0,0,2,0,0,0,0,0,2,0,0,0,0,0,0,0,0,1247.24874098
20222,1123000767,20,11,9,0,0,10,8,1,1,0,0,3,6,1,1,0,0,7,2,0,0,1901.15458958
20222,1123000769,9,5,4,0,0,1,2,1,5,0,0,0,0,1,4,0,0,1,2,0,1,2206.66753405
20222,1123000770,55,34,21,0,6,7,21,12,9,0,1,4,14,8,7,0,5,3,7,4,2,11464.3050017
20222,1123000772,3,2,1,0,0,0,0,0,3,0,0,0,0,0,2,0,0,0,0,0,1,4132.53707003
20222,1123000774,16,6,10,0,1,4,6,3,2,0,0,1,2,1,2,0,1,3,4,2,0,2395.23824756
20222,1123000775,1,0,1,0,0,0,0,1,0,0,0,0,0,0,0,0,0,0,0,1,0,7559.6167189
20222,1123000776,14,10,4,0,0,1,5,7,1,0,0,0,3,6,1,0,0,1,2,1,0,4645.15896643
20222,1123000777,5,2,3,0,0,0,0,1,4,0,0,0,0,0,2,0,0,0,0,1,2,4637.37759361
20222,1123000779,6,6,0,0,1,2,2,0,1,0,1,2,2,0,1,0,0,0,0,0,0,3420.31595081
20222,1123000783,10,4,6,0,0,2,4,2,2,0,0,1,0,1,2,0,0,1,4,1,0,2849.07207398
20222,1123000784,24,22,2,0,3,2,10,5,4,0,3,2,9,4,4,0,0,0,1,1,0,9942.58958689
20222,1123000785,28,25,3,0,1,5,10,10,2,0,1,3,9,10,2,0,0,2,1,0,0,3943.49847808
20222,1123000787,8,6,2,0,2,2,0,2,2,0,0,2,0,2,2,0,2,0,0,0,0,2845.04936832
20222,1123000788,16,3,13,0,0,4,6,1,5,0,0,0,0,0,3,0,0,4,6,1,2,2837.51426934
20222,1123000790,7,3,4,0,3,3,0,1,0,0,1,1,0,1,0,0,2,2,0,0,0,7394.77884981
20222,1123000791,4,2,2,0,0,0,2,0,2,0,0,0,0,0,2,0,0,0,2,0,0,6190.17818905
20222,1123000792,210,134,76,0,35,92,39,24,20,0,10,61,26,22,15,0,25,31,13,2,5,3241.68558175
20222,1123000794,4,2,2,0,0,0,1,2,1,0,0,0,0,1,1,0,0,0,1,1,0,5526.98765954
20222,1123000796,3,0,3,0,0,0,2,1,0,0,0,0,0,0,0,0,0,0,2,1,0,2548.54200245
20222,1123000797,13,9,4,0,1,5,6,0,1,0,0,5,3,0,1,0,1,0,3,0,0,8036.97057082
20222,1123000799,90,50,40,0,6,32,22,24,6,0,3,13,14,14,6,0,3,19,8,10,0,35453.1704954
20222,1123000804,2,0,2,0,0,0,0,2,0,0,0,0,0,0,0,0,0,0,0,2,0,6529.5723876
20222,1123000805,1,0,1,0,0,0,0,1,0,0,0,0,0,0,0,0,0,0,0,1,0,8770.34867432
20222,1123000806,2,2,0,0,0,0,0,1,1,0,0,0,0,1,1,0,0,0,0,0,0,3574.87789573
20222,1123000809,5,4,1,0,0,0,2,1,2,0,0,0,1,1,2,0,0,0,1,0,0,4624.25370529
20222,1123000810,4,3,1,0,0,0,0,1,3,0,0,0,0,0,3,0,0,0,0,1,0,1262.72374307
20222,1123000811,4,2,2,0,1,0,1,1,1,0,0,0,1,0,1,0,1,0,0,1,0,1581.86584045
20222,1123000812,74,55,19,0,9,15,19,20,11,0,7,12,14,13,9,0,2,3,5,7,2,3035.88478622
20222,1123000814,13,6,7,0,2,2,4,1,4,0,0,1,3,0,2,0,2,1,1,1,2,6328.78202065
20222,1123000817,2,2,0,0,0,0,0,2,0,0,0,0,0,2,0,0,0,0,0,0,0,3092.94501325
20222,1123000818,7,6,1,0,0,1,0,2,4,0,0,1,0,2,3,0,0,0,0,0,1,11921.0973824
20222,1123000821,7,3,4,0,0,0,1,3,3,0,0,0,0,1,2,0,0,0,1,2,1,6999.5667647
20222,1123000822,24,12,12,0,0,4,10,3,7,0,0,2,3,2,5,0,0,2,7,1,2,6013.87445249
20222,1123000823,8,6,2,0,0,1,3,1,3,0,0,1,1,1,3,0,0,0,2,0,0,2165.13348129
20222,1123000824,1,0,1,0,0,0,1,0,0,0,0,0,0,0,0,0,0,0,1,0,0,2499.86282906
20222,1123000826,15,7,8,0,0,0,2,7,6,0,0,0,2,2,3,0,0,0,0,5,3,4934.16602867
20222,1123000828,4,2,2,0,2,0,1,1,0,0,1,0,0,1,0,0,1,0,1,0,0,2999.95610432
20222,1123000829,9,8,1,0,1,2,1,2,3,0,1,2,1,1,3,0,0,0,0,1,0,10360.8752738
20222,1123000830,22,19,3,0,3,3,8,3,5,0,3,3,6,2,5,0,0,0,2,1,0,7393.05431544
20222,1123000831,16,9,7,0,0,4,5,2,5,0,0,3,1,2,3,0,0,1,4,0,2,2969.82232353
20222,1123000832,13,10,3,0,1,2,1,5,4,0,1,2,1,3,3,0,0,0,0,2,1,595.572774367
20222,1123000833,39,16,23,0,9,7,13,5,5,0,1,7,5,1,2,0,8,0,8,4,3,11952.4452845
20222,1123000834,8,7,1,0,0,0,2,6,0,0,0,0,1,6,0,0,0,0,1,0,0,2598.71345033
20222,1123000835,5,5,0,0,0,0,3,2,0,0,0,0,3,2,0,0,0,0,0,0,0,1111.49576141
20222,1123000836,26,17,9,0,0,5,8,10,3,0,0,3,5,7,2,0,0,2,3,3,1,2788.69944117
20222,1123000837,2,1,1,0,0,0,0,0,2,0,0,0,0,0,1,0,0,0,0,0,1,2386.50490123
20222,1123000838,12,8,4,0,1,4,1,5,1,0,0,3,1,4,0,0,1,1,0,1,1,1206.35704805
20222,1123000840,12,10,2,0,0,1,3,3,5,0,0,1,3,2,4,0,0,0,0,1,1,3559.81870719
20222,1123000841,114,96,18,0,3,16,10,13,72,0,0,7,8,10,71,0,3,9,2,3,1,17054.004377
20222,1123000842,24,23,1,0,3,4,5,8,4,0,2,4,5,8,4,0,1,0,0,0,0,2172.34562805
20222,1123000843,5,3,2,0,1,2,0,0,2,0,0,1,0,0,2,0,1,1,0,0,0,2048.99462376
20222,1123000844,42,31,11,0,5,4,13,12,8,0,4,1,10,9,7,0,1,3,3,3,1,3432.34716877
20222,1123000845,7,3,4,0,2,0,1,3,1,0,0,0,0,2,1,0,2,0,1,1,0,2260.48510389
20222,1123000846,48,17,31,0,9,11,17,6,5,0,1,5,7,2,2,0,8,6,10,4,3,2268.05573689
20222,1123000847,29,23,6,0,2,7,6,4,10,0,2,6,4,2,9,0,0,1,2,2,1,2418.13496029
20222,1123000848,32,22,10,0,2,9,11,7,3,0,0,5,10,6,1,0,2,4,1,1,2,3474.14869826
20222,1123000849,1,1,0,0,0,0,0,1,0,0,0,0,0,1,0,0,0,0,0,0,0,2202.90659378
20222,1123000850,10,6,4,0,2,3,3,2,0,0,1,2,1,2,0,0,1,1,2,0,0,3219.71305901
20222,1123000851,6,1,5,0,0,2,2,1,1,0,0,0,0,1,0,0,0,2,2,0,1,5606.01333844
20222,1123000852,4,4,0,0,0,0,2,0,2,0,0,0,2,0,2,0,0,0,0,0,0,1578.57854434
20222,1123000854,4,1,3,0,1,1,2,0,0,0,0,0,1,0,0,0,1,1,1,0,0,865.51864328
20222,1123000856,4,1,3,0,1,0,0,3,0,0,0,0,0,1,0,0,1,0,0,2,0,2204.64945203
20222,1123000857,10,0,10,0,7,1,1,1,0,0,0,0,0,0,0,0,7,1,1,1,0,3051.58675781
20222,1123000858,120,86,34,1,17,26,35,26,15,0,11,17,23,23,12,1,6,9,12,3,3,2766.90389094
20222,1123000860,107,69,38,0,17,54,13,12,11,0,7,40,9,5,8,0,10,14,4,7,3,8391.36259807
20222,1123000871,6,3,3,0,2,1,1,0,2,0,0,0,1,0,2,0,2,1,0,0,0,6143.96655999
20222,1123000873,14,10,4,0,0,3,3,5,3,0,0,2,2,4,2,0,0,1,1,1,1,3531.93565764
20222,1123000875,1446,334,1112,0,497,549,301,93,6,0,69,150,90,20,5,0,428,399,211,73,1,3194.71731579
20222,1123000877,3,2,1,0,0,1,0,1,1,0,0,1,0,0,1,0,0,0,0,1,0,2928.75373941
20222,1123000878,4,4,0,0,0,0,3,0,1,0,0,0,3,0,1,0,0,0,0,0,0,2378.11521735
20222,1123000879,28,12,16,0,4,2,8,12,2,0,3,2,4,2,1,0,1,0,4,10,1,3399.64835843
20222,1123000880,8,1,7,0,0,2,4,0,2,0,0,0,0,0,1,0,0,2,4,0,1,3422.0005008
20222,1123000882,2,0,2,0,1,0,0,1,0,0,0,0,0,0,0,0,1,0,0,1,0,3512.74773724
20222,1123000883,8,6,2,0,0,1,2,2,3,0,0,1,2,2,1,0,0,0,0,0,2,2125.16655741
20222,1123000887,48,28,20,0,9,15,11,5,8,0,3,8,7,3,7,0,6,7,4,2,1,8606.23512171
20222,1123000889,2,1,1,0,0,0,1,0,1,0,0,0,0,0,1,0,0,0,1,0,0,2234.79247841
20222,1123000892,6,4,2,0,0,0,2,1,3,0,0,0,0,1,3,0,0,0,2,0,0,1482.01424451
20222,1123000896,4,2,2,0,0,0,2,1,1,0,0,0,1,0,1,0,0,0,1,1,0,3852.66229586
20222,1123000899,4,4,0,0,1,1,1,1,0,0,1,1,1,1,0,0,0,0,0,0,0,1424.06439015
20222,1123000900,9,2,7,0,0,3,4,1,1,0,0,1,0,0,1,0,0,2,4,1,0,8449.230904
20222,1123000903,4,2,2,0,0,0,0,2,2,0,0,0,0,1,1,0,0,0,0,1,1,4101.30733984
20222,1123000911,5,3,2,0,1,0,2,1,1,0,0,0,1,1,1,0,1,0,1,0,0,2662.73336807
20222,1123000916,16,13,3,0,5,3,6,1,1,0,3,3,5,1,1,0,2,0,1,0,0,926.997156386
20222,1123000920,37,23,14,0,2,8,19,7,1,0,2,6,11,3,1,0,0,2,8,4,0,1086.18995356
20222,1123000922,4,1,3,0,1,0,1,1,1,0,0,0,1,0,0,0,1,0,0,1,1,2397.62565878
20222,1123000924,7,2,5,0,0,3,2,2,0,0,0,0,0,2,0,0,0,3,2,0,0,3349.21343777
20222,1123000925,64,33,31,0,11,17,13,21,2,0,4,11,9,8,1,0,7,6,4,13,1,3732.67537
20222,1123000933,22,9,13,0,10,1,3,6,2,0,2,0,1,5,1,0,8,1,2,1,1,2075.67256411
20222,1123000934,12,8,4,0,1,1,5,2,3,0,0,0,4,2,2,0,1,1,1,0,1,5033.75205013
20222,1123000935,4,3,1,0,2,0,0,2,0,0,1,0,0,2,0,0,1,0,0,0,0,5658.86112854
20222,1123000938,21,7,14,0,4,5,7,5,0,0,0,1,3,3,0,0,4,4,4,2,0,1822.39100718
20222,1123000940,2,2,0,0,0,0,1,1,0,0,0,0,1,1,0,0,0,0,0,0,0,3083.36377762
20222,1123000942,47,43,4,0,1,7,19,15,5,0,1,5,18,15,4,0,0,2,1,0,1,2469.10378439
20222,1123000944,6,3,3,0,0,1,3,1,1,0,0,1,0,1,1,0,0,0,3,0,0,2541.94115157
20222,1123000949,18,10,8,0,3,10,2,1,2,0,1,4,2,1,2,0,2,6,0,0,0,1253.45301219
20222,1123000954,11,1,10,0,2,0,5,4,0,0,0,0,1,0,0,0,2,0,4,4,0,4708.06271298
20222,1123000957,8,7,1,0,0,0,1,4,3,0,0,0,1,3,3,0,0,0,0,1,0,2804.75312681
20222,1123000958,35,24,11,0,1,7,10,9,8,0,1,3,6,7,7,0,0,4,4,2,1,6868.69509997
20222,1123000960,3,3,0,0,0,0,2,1,0,0,0,0,2,1,0,0,0,0,0,0,0,1899.39653633
20222,1123000961,13,5,8,0,3,4,2,3,1,0,1,0,1,2,1,0,2,4,1,1,0,9874.45124892
20222,1123000969,50,22,28,1,0,5,25,16,3,1,0,3,8,7,3,0,0,2,17,9,0,3966.53727376
20222,1123000974,3,2,1,0,0,0,1,2,0,0,0,0,1,1,0,0,0,0,0,1,0,1212.71752248
20222,1123000975,2,2,0,0,0,0,2,0,0,0,0,0,2,0,0,0,0,0,0,0,0,4277.10327787
20222,1123000978,3,3,0,0,0,1,0,1,1,0,0,1,0,1,1,0,0,0,0,0,0,1836.00903797
20222,1123000979,3,1,2,0,0,0,0,2,1,0,0,0,0,1,0,0,0,0,0,1,1,9758.30407219
20222,1123000980,1,1,0,0,0,0,0,1,0,0,0,0,0,1,0,0,0,0,0,0,0,1117.58018808
20222,1123000983,7,3,4,0,2,2,1,1,1,0,2,1,0,0,0,0,0,1,1,1,1,2366.24545472
20222,1123000984,2,2,0,0,0,0,1,1,0,0,0,0,1,1,0,0,0,0,0,0,0,3077.86066463
20222,1123000990,2,1,1,0,0,0,0,0,2,0,0,0,0,0,1,0,0,0,0,0,1,1305.98708829
20222,1123000995,15,2,13,0,8,1,5,0,1,0,0,0,1,0,1,0,8,1,4,0,0,3073.87166788
20222,1123000999,4,4,0,0,0,1,0,1,2,0,0,1,0,1,2,0,0,0,0,0,0,4074.72198537
20222,1123001000,1,1,0,0,0,0,0,0,1,0,0,0,0,0,1,0,0,0,0,0,0,2394.42581509
20222,1123001002,5,1,4,0,0,0,2,1,2,0,0,0,1,0,0,0,0,0,1,1,2,4405.99332393
20222,1123001005,30,15,15,0,4,5,14,5,2,0,0,3,7,5,0,0,4,2,7,0,2,6633.87725523
20222,1123001006,4,3,1,0,0,1,0,1,2,0,0,1,0,0,2,0,0,0,0,1,0,830.165903969
20222,1123001008,8,7,1,0,0,0,0,5,3,0,0,0,0,4,3,0,0,0,0,1,0,4966.72047992
20222,1123001009,2,2,0,0,2,0,0,0,0,0,2,0,0,0,0,0,0,0,0,0,0,3491.88435607
20222,1123001010,4,2,2,0,0,2,0,2,0,0,0,1,0,1,0,0,0,1,0,1,0,2510.94937435
20222,1123001012,4,2,2,0,0,0,0,3,1,0,0,0,0,1,1,0,0,0,0,2,0,654.762584036
20222,1123001013,2,2,0,0,1,0,1,0,0,0,1,0,1,0,0,0,0,0,0,0,0,2311.56558557
20222,1123001015,17,6,11,0,6,8,1,1,1,0,2,2,0,1,1,0,4,6,1,0,0,1381.14508248
20222,1123001020,4,4,0,0,0,3,1,0,0,0,0,3,1,0,0,0,0,0,0,0,0,3282.08490934
20222,1123001021,7,4,3,0,0,2,3,1,1,0,0,2,2,0,0,0,0,0,1,1,1,2792.34741787
20222,1123001022,702,498,204,0,5,92,243,248,114,0,3,42,152,202,99,0,2,50,91,46,15,75357.7962421
20222,1123001024,2,2,0,0,0,1,1,0,0,0,0,1,1,0,0,0,0,0,0,0,0,1737.81831967
20222,1123001030,3,1,2,0,2,1,0,0,0,0,0,1,0,0,0,0,2,0,0,0,0,2631.50546448
20222,1123001031,15,7,8,0,6,3,6,0,0,0,3,2,2,0,0,0,3,1,4,0,0,2513.51861358
20222,1123001034,3,1,2,0,0,1,1,1,0,0,0,0,0,1,0,0,0,1,1,0,0,2937.58974716
20222,1123001035,6,1,5,0,1,0,3,1,1,0,0,0,1,0,0,0,1,0,2,1,1,2582.97069588
20222,1123001036,14,7,7,0,4,3,3,4,0,0,1,1,2,3,0,0,3,2,1,1,0,86181.752073
20222,1123001038,3,2,1,0,0,1,1,0,1,0,0,1,0,0,1,0,0,0,1,0,0,702.517798597
20222,1123001039,13,9,4,0,1,1,2,3,6,0,0,0,2,2,5,0,1,1,0,1,1,26947.7282141
20222,1123001040,5,3,2,0,0,1,1,3,0,0,0,0,0,3,0,0,0,1,1,0,0,2564.67134806
20222,1123001041,14,5,9,0,0,1,7,6,0,0,0,1,3,1,0,0,0,0,4,5,0,3891.79118463
20222,1123001043,14,8,6,0,0,3,5,3,3,0,0,2,4,1,1,0,0,1,1,2,2,2174.7425155
20222,1123001047,2,1,1,0,0,0,0,2,0,0,0,0,0,1,0,0,0,0,0,1,0,5773.03312329
20222,1123001048,19,13,6,0,1,1,10,4,3,0,0,1,7,3,2,0,1,0,3,1,1,5667.90612722
20222,1123001049,4,3,1,0,0,2,1,1,0,0,0,1,1,1,0,0,0,1,0,0,0,2908.9263683
20222,1123001051,128,40,88,0,7,10,27,30,54,0,0,4,13,5,18,0,7,6,14,25,36,12705.1673298
20222,1123001052,4,1,3,0,0,1,0,2,1,0,0,0,0,0,1,0,0,1,0,2,0,2913.25226694
20222,1123001057,11,5,6,0,1,2,3,3,2,0,0,1,2,1,1,0,1,1,1,2,1,3302.94712939
20222,1123001063,7,4,3,0,1,1,2,2,1,0,0,0,1,2,1,0,1,1,1,0,0,1036.60154414
20222,1123001070,7,6,1,0,4,0,1,2,0,0,3,0,1,2,0,0,1,0,0,0,0,5731.46337646
20222,1123001071,25,10,15,0,6,5,6,6,2,0,0,3,2,4,1,0,6,2,4,2,1,3146.20831367
20222,1123001077,4,2,2,0,0,1,1,1,1,0,0,0,1,1,0,0,0,1,0,0,1,1921.47218633
20222,1123001078,35,18,17,0,3,6,7,13,6,0,1,3,2,8,4,0,2,3,5,5,2,6464.12246345
20222,1123001082,4,4,0,0,0,0,2,1,1,0,0,0,2,1,1,0,0,0,0,0,0,1952.94323736
20222,1123001085,238,127,111,0,35,53,83,51,16,0,11,26,55,25,10,0,24,27,28,26,6,5762.89541679
20222,1123001088,3,3,0,0,0,0,0,0,3,0,0,0,0,0,3,0,0,0,0,0,0,8042.30153718
20222,1123001089,3,1,2,0,0,0,1,1,1,0,0,0,0,0,1,0,0,0,1,1,0,9030.19472157
20222,1123001091,2,1,1,0,0,0,0,1,1,0,0,0,0,0,1,0,0,0,0,1,0,2168.0241135
20222,1123001093,2,1,1,0,0,1,1,0,0,0,0,0,1,0,0,0,0,1,0,0,0,3166.72280181
20222,1123001102,4,3,1,0,1,0,0,2,1,0,1,0,0,1,1,0,0,0,0,1,0,2096.36169548
20222,1123001103,3,1,2,0,0,1,2,0,0,0,0,0,1,0,0,0,0,1,1,0,0,5580.69721502
20222,1123001115,72,36,36,1,28,11,15,4,13,1,14,6,8,2,5,0,14,5,7,2,8,38244.3507977
20222,1123001117,7,5,2,0,2,3,2,0,0,0,1,3,1,0,0,0,1,0,1,0,0,1137.74013892
20222,1123001118,4,3,1,0,1,0,0,3,0,0,0,0,0,3,0,0,1,0,0,0,0,1306.08891639
20222,1123001119,5,2,3,0,1,0,0,1,3,0,0,0,0,0,2,0,1,0,0,1,1,1619.08847219
20222,1123001121,2,2,0,0,0,0,0,0,2,0,0,0,0,0,2,0,0,0,0,0,0,1470.25396391
20222,1123001123,3,1,2,0,1,1,1,0,0,0,0,0,1,0,0,0,1,1,0,0,0,5027.21683106
20222,1123001125,219,69,150,0,41,56,60,47,15,0,8,15,14,20,12,0,33,41,46,27,3,4184.06575642
20222,1123001126,9,7,2,0,0,1,4,3,1,0,0,1,3,2,1,0,0,0,1,1,0,3173.32707008
20222,1123001131,7,3,4,0,0,3,1,2,1,0,0,1,1,1,0,0,0,2,0,1,1,5769.86987865
20222,1123001136,5,5,0,0,0,3,2,0,0,0,0,3,2,0,0,0,0,0,0,0,0,1115.19650562
20222,1123001138,4,4,0,0,0,1,3,0,0,0,0,1,3,0,0,0,0,0,0,0,0,995.522197245
20222,1123001140,2,1,1,0,0,1,0,1,0,0,0,0,0,1,0,0,0,1,0,0,0,2198.20008866
20222,1123001141,10,5,5,0,0,2,2,3,3,0,0,0,1,1,3,0,0,2,1,2,0,2710.43756067
20222,1123001147,4,3,1,0,0,1,0,2,1,0,0,1,0,1,1,0,0,0,0,1,0,2089.71271821
20222,1123001154,58,48,10,0,2,7,13,28,8,0,1,6,9,25,7,0,1,1,4,3,1,3163.5209142
20222,1123001159,9,5,4,0,0,5,1,2,1,0,0,1,1,2,1,0,0,4,0,0,0,615.770390618
20222,1123001164,1,1,0,0,0,0,0,0,1,0,0,0,0,0,1,0,0,0,0,0,0,845.324753447
20222,1123001169,5,4,1,0,1,1,2,1,0,0,0,1,2,1,0,0,1,0,0,0,0,1885.21017967
20222,1123001178,7,6,1,0,1,4,1,0,1,0,1,4,0,0,1,0,0,0,1,0,0,948.704945047
20222,1123001184,6,2,4,0,0,0,1,5,0,0,0,0,0,2,0,0,0,0,1,3,0,1621.91633535
20222,1123001188,3,3,0,0,0,0,0,3,0,0,0,0,0,3,0,0,0,0,0,0,0,4681.36199995
20222,1123001192,6,3,3,0,0,0,1,5,0,0,0,0,0,3,0,0,0,0,1,2,0,1363.00514833
20222,1123001196,6,2,4,0,0,1,0,1,4,0,0,0,0,1,1,0,0,1,0,0,3,2983.07530735
20222,1123001203,3,1,2,0,0,0,1,2,0,0,0,0,1,0,0,0,0,0,0,2,0,3334.59171495
20222,1123001204,25,9,16,0,3,3,8,8,3,0,1,1,1,4,2,0,2,2,7,4,1,5537.27314008
20222,1123001212,912,386,526,2,141,195,202,221,151,1,48,91,84,77,85,1,93,104,118,144,66,3424.08233721
20222,1123001225,4,3,1,0,0,0,3,0,1,0,0,0,3,0,0,0,0,0,0,0,1,1620.38956919
20222,1123001227,1,1,0,0,0,0,1,0,0,0,0,0,1,0,0,0,0,0,0,0,0,2568.4614047
20222,1123001229,9,7,2,0,0,1,2,4,2,0,0,1,2,2,2,0,0,0,0,2,0,2638.75401326
20222,1123001230,11,9,2,0,1,2,5,3,0,0,1,2,4,2,0,0,0,0,1,1,0,2574.61545223
20222,1123001232,2,2,0,0,0,1,0,0,1,0,0,1,0,0,1,0,0,0,0,0,0,4104.49026507
20222,1123001233,124,88,36,0,13,23,29,20,39,0,6,16,17,13,36,0,7,7,12,7,3,4361.97528672
20222,1123001234,4,0,4,0,0,1,2,1,0,0,0,0,0,0,0,0,0,1,2,1,0,2265.87993922
20222,1123001243,7,7,0,0,0,0,2,4,1,0,0,0,2,4,1,0,0,0,0,0,0,412.873694887
20222,1123001247,3,2,1,0,0,0,3,0,0,0,0,0,2,0,0,0,0,0,1,0,0,2593.29276002
20222,1123001251,1,1,0,0,0,0,0,1,0,0,0,0,0,1,0,0,0,0,0,0,0,1806.93515137
20222,1123001252,4,3,1,0,1,0,0,2,1,0,1,0,0,1,1,0,0,0,0,1,0,3972.39225777
20222,1123001262,3,1,2,0,0,0,1,2,0,0,0,0,1,0,0,0,0,0,0,2,0,1388.2020094
20222,1123001265,21,2,19,0,2,5,6,6,2,0,0,0,1,0,1,0,2,5,5,6,1,2131.82584228
20222,1123001266,99,19,80,0,11,27,27,24,10,0,0,3,7,2,7,0,11,24,20,22,3,17231.4819426
20222,1123001269,2,1,1,0,0,0,1,1,0,0,0,0,0,1,0,0,0,0,1,0,0,1705.87460823
20222,1123001271,12,7,5,0,0,3,4,3,2,0,0,2,1,2,2,0,0,1,3,1,0,3031.587709
20222,1123001272,30,18,12,0,5,5,9,9,2,0,5,2,3,6,2,0,0,3,6,3,0,3015.47768558
20222,1123001273,8,5,3,0,1,1,3,3,0,0,0,1,2,2,0,0,1,0,1,1,0,9357.04827425
20222,1123001280,4,2,2,0,0,0,1,2,1,0,0,0,0,2,0,0,0,0,1,0,1,3600.74066953
20222,1123001282,4,0,4,0,1,0,0,3,0,0,0,0,0,0,0,0,1,0,0,3,0,1476.08055255
20222,1123001284,5,1,4,0,3,0,0,2,0,0,0,0,0,1,0,0,3,0,0,1,0,4095.01648466
20222,1123001285,3,1,2,0,1,0,1,1,0,0,0,0,0,1,0,0,1,0,1,0,0,1094.09394927
20222,1123001286,7,2,5,0,0,1,6,0,0,0,0,0,2,0,0,0,0,1,4,0,0,2682.5819701
20222,1123001292,4,2,2,0,2,0,1,0,1,0,2,0,0,0,0,0,0,0,1,0,1,1340.74481648
20222,1123001295,7,4,3,0,0,0,1,4,2,0,0,0,1,1,2,0,0,0,0,3,0,3050.30695554
20222,1123001298,3,0,3,0,1,0,0,2,0,0,0,0,0,0,0,0,1,0,0,2,0,1490.37942704
20222,1123001299,160,94,66,0,20,53,32,39,16,0,5,20,23,34,12,0,15,33,9,5,4,3095.68658882
20222,1123001301,51,43,8,0,2,30,18,1,0,0,2,27,13,1,0,0,0,3,5,0,0,5649.15500544
20222,1123001306,33,11,22,0,7,9,9,4,4,0,1,5,2,1,2,0,6,4,7,3,2,6314.75504802
20222,1123001309,14,11,3,0,2,7,0,3,2,0,1,6,0,2,2,0,1,1,0,1,0,3176.70006711
20222,1123001317,5,4,1,0,0,0,0,1,4,0,0,0,0,1,3,0,0,0,0,0,1,7574.59307796
20222,1123001319,8,7,1,0,2,2,2,2,0,0,2,2,1,2,0,0,0,0,1,0,0,4983.2483172
20222,1123001326,399,226,173,0,43,89,100,103,64,0,17,41,45,74,49,0,26,48,55,29,15,5658.17166803
20222,1123001329,7,2,5,0,3,2,0,2,0,0,0,0,0,2,0,0,3,2,0,0,0,5200.27360612
20222,1123001330,134,129,5,0,1,1,11,56,65,0,0,1,10,53,65,0,1,0,1,3,0,4968.44184638
20222,1123001331,9,8,1,0,0,0,1,2,6,0,0,0,1,2,5,0,0,0,0,0,1,6572.33371418
20222,1123001333,25,23,2,0,0,2,0,2,21,0,0,1,0,1,21,0,0,1,0,1,0,142300.960354
20222,1123001335,71,48,23,0,9,15,19,14,14,0,5,10,13,11,9,0,4,5,6,3,5,14580.2287956
20222,1123001336,163,85,78,0,18,70,44,14,17,0,6,36,24,8,11,0,12,34,20,6,6,13518.2484709
20222,1123001338,72,42,30,1,8,15,13,17,18,1,4,5,7,10,15,0,4,10,6,7,3,14034.7598661
20222,1123001339,20,15,5,0,3,2,6,7,2,0,2,2,4,5,2,0,1,0,2,2,0,3086.2119734
20222,1123001341,135,72,63,3,11,26,38,38,19,3,7,14,20,15,13,0,4,12,18,23,6,14753.5555328
20222,1123001342,84,66,18,0,10,20,27,17,10,0,7,16,22,12,9,0,3,4,5,5,1,4890.27737582
20222,1123001344,111,107,4,0,0,5,17,32,57,0,0,4,15,31,57,0,0,1,2,1,0,10344.9087969
20222,1123001346,153,99,54,0,27,37,40,28,21,0,13,24,24,18,20,0,14,13,16,10,1,14228.9395352
20222,1123001348,18,7,11,0,5,5,3,4,1,0,1,1,2,2,1,0,4,4,1,2,0,1516.73077499
20222,1123001349,40,27,13,0,5,3,9,13,10,0,1,3,6,8,9,0,4,0,3,5,1,6100.05561612
20222,1123001350,524,310,214,0,51,45,36,91,301,0,44,40,32,48,146,0,7,5,4,43,155,7800.16063219
20222,1123001351,139,75,64,0,19,39,31,33,17,0,2,18,19,24,12,0,17,21,12,9,5,13334.0678012
20222,1123001352,48,35,13,0,11,8,11,10,8,0,8,5,8,7,7,0,3,3,3,3,1,5923.45945574
20222,1123001353,438,296,142,2,9,11,28,37,351,0,2,3,15,16,260,2,7,8,13,21,91,7192.62815346
20222,1123001354,12,8,4,0,1,1,3,6,1,0,1,1,1,4,1,0,0,0,2,2,0,1388.96975073
20222,1123001355,8,4,4,0,0,2,2,3,1,0,0,0,1,3,0,0,0,2,1,0,1,2977.99793061
20222,1123001356,69,64,5,0,1,3,8,14,43,0,1,2,6,13,42,0,0,1,2,1,1,3433.71335463
20222,1123001357,10,6,4,0,2,0,3,3,2,0,1,0,2,2,1,0,1,0,1,1,1,5898.85922386
20222,1123001358,52,33,19,0,10,12,18,9,3,0,5,7,12,7,2,0,5,5,6,2,1,8534.43284344
20222,1123001359,10,5,5,0,0,5,4,1,0,0,0,3,2,0,0,0,0,2,2,1,0,3743.21790007
20222,1123001360,4,2,2,0,2,0,0,2,0,0,1,0,0,1,0,0,1,0,0,1,0,1355.34837445
20222,1123001362,56,35,21,0,6,7,8,20,15,0,1,3,4,16,11,0,5,4,4,4,4,6518.33570488
20222,1123001365,516,416,100,0,145,141,122,55,53,0,119,123,94,35,45,0,26,18,28,20,8,14057.3660987
20222,1123001366,4,1,3,0,0,1,0,1,2,0,0,0,0,0,1,0,0,1,0,1,1,343.514960473
20222,1123001367,58,44,14,0,3,6,16,8,25,0,2,3,7,8,24,0,1,3,9,0,1,7875.80489619
20222,1123001368,38,18,20,0,3,5,10,15,5,0,0,2,5,10,1,0,3,3,5,5,4,7981.48969243
20222,1123001371,9,8,1,0,0,0,5,2,2,0,0,0,5,2,1,0,0,0,0,0,1,3789.31894149
20222,1123001372,83,45,38,0,10,26,26,15,6,0,7,10,16,11,1,0,3,16,10,4,5,7544.30183205
20222,1123001373,2,2,0,0,0,0,0,1,1,0,0,0,0,1,1,0,0,0,0,0,0,267.986559413
20222,1123001374,25,17,8,0,5,5,3,6,6,0,3,4,2,4,4,0,2,1,1,2,2,3448.47641737
20222,1123001375,416,298,118,6,31,74,106,78,121,5,11,44,71,62,105,1,20,30,35,16,16,14113.5126472
20222,1123001376,10,6,4,0,0,0,1,4,5,0,0,0,0,2,4,0,0,0,1,2,1,5273.24260925
20222,1123001377,6,6,0,0,0,2,0,1,3,0,0,2,0,1,3,0,0,0,0,0,0,2621.53512107
20222,1123001379,10,6,4,0,0,2,2,4,2,0,0,0,1,3,2,0,0,2,1,1,0,5566.7657525
20222,1123001381,18,14,4,0,0,1,8,4,5,0,0,1,6,3,4,0,0,0,2,1,1,4734.4584569
20222,1123001384,13,3,10,0,6,3,2,1,1,0,0,1,2,0,0,0,6,2,0,1,1,5199.24676573
20222,1123001385,139,75,64,0,14,30,44,33,18,0,4,15,25,18,13,0,10,15,19,15,5,8042.37328887
20222,1123001386,18,11,7,0,1,2,8,4,3,0,1,2,4,2,2,0,0,0,4,2,1,2931.89741529
20222,1123001388,25,13,12,0,3,2,4,15,1,0,2,1,0,9,1,0,1,1,4,6,0,6419.41771923
20222,1123001389,15,10,5,0,0,3,3,5,4,0,0,1,2,3,4,0,0,2,1,2,0,5354.60233294
20222,1123001391,271,249,22,0,22,94,72,80,3,0,18,87,67,76,1,0,4,7,5,4,2,5470.59872095
20222,1123001392,38,9,29,0,17,5,4,8,4,0,0,3,1,3,2,0,17,2,3,5,2,6654.32879763
20222,1123001393,44,32,12,0,12,6,11,8,7,0,9,4,8,5,6,0,3,2,3,3,1,6374.30314091
20222,1123001397,24,14,10,0,5,5,5,8,1,0,5,2,4,2,1,0,0,3,1,6,0,6525.81560154
20222,1123001398,7,3,4,0,1,3,0,2,1,0,0,2,0,0,1,0,1,1,0,2,0,4536.20935954
20222,1123001399,10,4,6,0,0,1,4,5,0,0,0,0,1,3,0,0,0,1,3,2,0,6474.82609417
20222,1123001400,6,5,1,0,0,1,1,2,2,0,0,1,0,2,2,0,0,0,1,0,0,11320.3183701
20222,1123001401,27,5,22,0,2,5,7,7,6,0,0,0,0,0,5,0,2,5,7,7,1,15122.9864546
20222,1123001402,3,2,1,0,0,1,1,0,1,0,0,1,0,0,1,0,0,0,1,0,0,3221.89739034
20222,1123001403,38,23,15,0,2,8,11,7,10,0,1,3,8,3,8,0,1,5,3,4,2,4867.70086789
20222,1123001404,18,16,2,0,2,5,5,5,1,0,2,5,5,3,1,0,0,0,0,2,0,1810.52620531
20222,1123001405,72,35,37,0,23,14,16,12,7,0,9,10,6,6,4,0,14,4,10,6,3,5917.4011449
20222,1123001406,10,9,1,0,0,0,1,7,2,0,0,0,1,6,2,0,0,0,0,1,0,6501.7530575
20222,1123001407,16,13,3,0,1,4,7,3,1,0,0,3,7,2,1,0,1,1,0,1,0,6368.72709123
20222,1123001408,25,12,13,0,6,5,7,4,3,0,2,2,3,2,3,0,4,3,4,2,0,1000.0890138
20222,1123001409,2,2,0,0,0,0,1,0,1,0,0,0,1,0,1,0,0,0,0,0,0,1020.5928757
20222,1123001411,7,7,0,0,1,0,1,1,4,0,1,0,1,1,4,0,0,0,0,0,0,2523.75545318
20222,1123001413,100,75,25,0,6,33,28,15,18,0,1,26,23,11,14,0,5,7,5,4,4,11519.4560242
20222,1123001414,2,2,0,0,0,0,0,0,2,0,0,0,0,0,2,0,0,0,0,0,0,1137.48089262
20222,1123001416,5,2,3,0,0,1,2,1,1,0,0,0,1,0,1,0,0,1,1,1,0,3778.67687162
20222,1123001417,181,143,38,1,56,42,37,31,14,0,43,32,32,26,10,1,13,10,5,5,4,7514.87708392
20222,1123001419,10,8,2,0,0,1,0,5,4,0,0,0,0,5,3,0,0,1,0,0,1,9775.13424425
20222,1123001421,14,4,10,0,3,3,2,5,1,0,1,1,1,0,1,0,2,2,1,5,0,6014.44502704
20222,1123001422,2,2,0,0,0,0,2,0,0,0,0,0,2,0,0,0,0,0,0,0,0,1880.3633536
20222,1123001424,101,99,2,0,1,0,8,42,50,0,1,0,8,40,50,0,0,0,0,2,0,4932.16320077
20222,1123001425,147,79,68,0,31,51,22,21,22,0,12,28,12,12,15,0,19,23,10,9,7,13280.7704614
20222,1123001426,13,10,3,0,0,3,5,4,1,0,0,3,4,2,1,0,0,0,1,2,0,5658.04577768
20222,1123001427,21,9,12,0,3,6,3,3,6,0,0,3,0,1,5,0,3,3,3,2,1,3280.33657303
20222,1123001429,15,11,4,0,0,6,3,3,3,0,0,4,2,2,3,0,0,2,1,1,0,5682.75460762
20222,1123001431,3,2,1,0,0,0,1,1,1,0,0,0,1,1,0,0,0,0,0,0,1,1921.24713238
20222,1123001433,5,5,0,0,0,1,2,2,0,0,0,1,2,2,0,0,0,0,0,0,0,5496.50228721
20222,1123001434,68,43,25,0,11,21,14,11,11,0,3,13,9,8,10,0,8,8,5,3,1,5145.44003317
20222,1123001437,8,6,2,0,1,0,1,2,4,0,0,0,1,2,3,0,1,0,0,0,1,2326.9723399
20222,1123001440,20,14,6,0,0,3,5,7,5,0,0,1,4,6,3,0,0,2,1,1,2,7213.35894654
20222,1123001441,3,1,2,0,0,1,0,1,1,0,0,0,0,0,1,0,0,1,0,1,0,1457.86495565
20222,1123001442,38,17,21,0,1,4,3,22,8,0,0,1,2,11,3,0,1,3,1,11,5,4977.86546705
20222,1123001443,24,6,18,0,2,7,7,3,5,0,0,1,1,1,3,0,2,6,6,2,2,4730.21808241
20222,1123001444,96,13,83,0,7,19,34,30,6,0,1,3,2,2,5,0,6,16,32,28,1,13746.4756124
20222,1123001445,5,4,1,0,0,0,2,3,0,0,0,0,2,2,0,0,0,0,0,1,0,2480.22846466
20222,1123001448,3,2,1,0,0,1,0,0,2,0,0,0,0,0,2,0,0,1,0,0,0,4354.47016014
20222,1123001450,4,4,0,0,0,2,0,2,0,0,0,2,0,2,0,0,0,0,0,0,0,3045.99398529
20222,1123001451,2,1,1,0,0,1,0,0,1,0,0,1,0,0,0,0,0,0,0,0,1,4503.51955396
20222,1123001452,103,52,51,0,22,31,23,16,11,0,9,14,12,7,10,0,13,17,11,9,1,5180.56802312
20222,1123001453,11,10,1,0,2,2,3,3,1,0,2,1,3,3,1,0,0,1,0,0,0,2969.74191804
20222,1123001454,2,2,0,0,0,1,0,1,0,0,0,1,0,1,0,0,0,0,0,0,0,1674.43272639
20222,1123001455,24,12,12,0,2,1,7,9,5,0,2,1,3,5,1,0,0,0,4,4,4,6837.64911032
20222,1123001456,164,148,16,0,26,35,45,37,21,0,19,31,44,34,20,0,7,4,1,3,1,5126.12306402
20222,1123001459,3,3,0,0,0,0,1,1,1,0,0,0,1,1,1,0,0,0,0,0,0,2630.20227803
20222,1123001460,9,6,3,0,0,1,7,0,1,0,0,1,4,0,1,0,0,0,3,0,0,1541.02592783
20222,1123001462,122,65,57,0,9,20,35,36,22,0,6,10,17,20,12,0,3,10,18,16,10,3894.32687889
20222,1123001464,5,4,1,0,2,0,1,1,1,0,2,0,1,1,0,0,0,0,0,0,1,8432.94970331
20222,1123001465,46,11,35,0,9,14,8,13,2,0,2,3,1,4,1,0,7,11,7,9,1,18246.4413529
20222,1123001467,21,9,12,0,0,0,4,10,7,0,0,0,2,5,2,0,0,0,2,5,5,4736.76092528
20222,1123001473,126,91,35,0,21,31,31,26,17,0,16,18,22,20,15,0,5,13,9,6,2,2709.17188854
20222,1123001474,59,30,29,0,3,12,28,10,6,0,3,9,14,1,3,0,0,3,14,9,3,8476.88203593
20222,1123001476,5,4,1,0,1,1,1,1,1,0,1,0,1,1,1,0,0,1,0,0,0,7063.28036857
20222,1123001477,13,9,4,0,2,1,4,4,2,0,1,0,4,2,2,0,1,1,0,2,0,6953.99217491
20222,1123001479,10,9,1,0,0,1,5,3,1,0,0,0,5,3,1,0,0,1,0,0,0,6990.62090556
20222,1123001480,23,11,12,0,0,3,4,11,5,0,0,1,2,6,2,0,0,2,2,5,3,7085.04358612
20222,1123001481,57,35,22,0,6,17,15,13,6,0,1,13,10,8,3,0,5,4,5,5,3,8895.96901651
20222,1123001482,60,33,27,0,5,11,14,23,7,0,3,8,6,10,6,0,2,3,8,13,1,6110.90501105
20222,1123001483,27,12,15,0,3,5,9,10,0,0,2,4,2,4,0,0,1,1,7,6,0,6160.22952037
20222,1123001484,47,31,16,2,10,14,10,9,2,2,7,5,7,8,2,0,3,9,3,1,0,3076.36896317
20222,1123001486,7,3,4,0,0,0,2,2,3,0,0,0,0,1,2,0,0,0,2,1,1,5359.76878647
20222,1123001487,11,10,1,0,1,1,3,3,3,0,1,1,2,3,3,0,0,0,1,0,0,3386.07192793
20222,1123001488,7,4,3,0,0,1,6,0,0,0,0,0,4,0,0,0,0,1,2,0,0,3019.7420794
20222,1123001489,15,11,4,0,4,5,4,1,1,0,3,3,3,1,1,0,1,2,1,0,0,3187.30133804
20222,1123001491,16,6,10,0,3,5,3,4,1,0,0,2,1,2,1,0,3,3,2,2,0,25154.3285933
20222,1123001493,2,2,0,0,1,0,0,1,0,0,1,0,0,1,0,0,0,0,0,0,0,3174.20676325
20222,1123001494,92,25,67,0,13,15,16,22,26,0,4,9,6,2,4,0,9,6,10,20,22,7379.14624136
20222,1123001497,6,6,0,0,0,0,3,2,1,0,0,0,3,2,1,0,0,0,0,0,0,2817.87552365
20222,1123001498,16,1,15,0,5,3,2,4,2,0,0,0,0,0,1,0,5,3,2,4,1,1808.47977986
20222,1123001499,6,4,2,0,2,1,1,2,0,0,2,1,0,1,0,0,0,0,1,1,0,1821.86097926
20222,1123001501,16,9,7,0,0,6,2,8,0,0,0,4,1,4,0,0,0,2,1,4,0,1697.95252412
20222,1123001505,8,4,4,0,0,4,1,2,1,0,0,2,1,1,0,0,0,2,0,1,1,7638.06405978
20222,1123001509,110,75,35,0,7,25,30,30,18,0,6,17,21,17,14,0,1,8,9,13,4,10862.3147481
20222,1123001514,724,301,423,0,14,16,59,178,457,0,11,9,33,67,181,0,3,7,26,111,276,3651.64655198
20222,1123001516,22,2,20,0,5,7,3,3,4,0,0,0,0,0,2,0,5,7,3,3,2,7303.2756489
20222,1123001518,41,21,20,0,8,7,4,17,5,0,5,3,2,7,4,0,3,4,2,10,1,6825.94748015
20222,1123001520,19,15,4,0,6,3,7,2,1,0,3,3,6,2,1,0,3,0,1,0,0,2442.67438422
20222,1123001526,13,9,4,0,0,2,7,3,1,0,0,1,5,2,1,0,0,1,2,1,0,3198.73780029
20222,1123001530,23,11,12,0,4,6,7,3,3,0,2,0,5,1,3,0,2,6,2,2,0,7635.80977453
20222,1123001534,44,25,19,1,8,11,16,5,3,1,3,6,11,4,0,0,5,5,5,1,3,9796.04396006
20222,1123001536,7,6,1,0,0,1,3,0,3,0,0,1,2,0,3,0,0,0,1,0,0,6330.7126506
20222,1123001537,3,3,0,0,0,2,0,1,0,0,0,2,0,1,0,0,0,0,0,0,0,770.712491337
20222,1123001540,5,3,2,0,0,1,0,2,2,0,0,0,0,1,2,0,0,1,0,1,0,365.90759133
20222,1123001541,27,13,14,0,1,4,6,7,9,0,0,2,3,3,5,0,1,2,3,4,4,2661.1772161
20222,1123001542,12,9,3,0,0,1,4,5,2,0,0,0,3,4,2,0,0,1,1,1,0,2955.87505828
20222,1123001543,3,3,0,0,0,0,2,1,0,0,0,0,2,1,0,0,0,0,0,0,0,8596.90806714
20222,1123001548,7,2,5,0,3,1,1,2,0,0,1,0,0,1,0,0,2,1,1,1,0,2383.501796
20222,1123001552,1,0,1,0,0,0,0,0,1,0,0,0,0,0,0,0,0,0,0,0,1,780.11637716
20222,1123001555,15,7,8,0,0,3,3,5,4,0,0,1,1,2,3,0,0,2,2,3,1,2318.38621465
20222,1123001557,9,4,5,0,1,2,4,1,1,0,0,1,2,0,1,0,1,1,2,1,0,2655.03621618
20222,1123001562,2,2,0,0,0,0,0,1,1,0,0,0,0,1,1,0,0,0,0,0,0,2385.05822121
20222,1123001563,1,1,0,0,0,0,0,0,1,0,0,0,0,0,1,0,0,0,0,0,0,1105.44703502
20222,1123001564,155,114,41,0,21,31,37,46,20,0,16,26,25,31,16,0,5,5,12,15,4,9502.44158873
20222,1123001567,2,0,2,0,1,1,0,0,0,0,0,0,0,0,0,0,1,1,0,0,0,5111.96050348
20222,1123001571,12,8,4,0,0,1,1,8,2,0,0,1,0,5,2,0,0,0,1,3,0,2768.6736512
20222,1123001572,4,3,1,0,0,0,0,2,2,0,0,0,0,1,2,0,0,0,0,1,0,1958.7063422
20222,1123001573,2115,1411,704,12,473,565,537,385,143,9,328,398,329,244,103,3,145,167,208,141,40,5441.91728221
20222,1123001578,14,10,4,0,2,3,4,2,3,0,0,3,3,2,2,0,2,0,1,0,1,1097.38995478
20222,1123001579,49,7,42,0,0,5,9,31,4,0,0,1,2,2,2,0,0,4,7,29,2,807.433710519
20222,1123001583,2,2,0,0,0,0,0,1,1,0,0,0,0,1,1,0,0,0,0,0,0,1005.17816963
20222,1123001584,280,107,173,1,43,63,76,67,30,0,3,22,33,33,16,1,40,41,43,34,14,7992.12693281
20222,1123001588,272,248,24,0,1,7,37,98,129,0,0,2,27,94,125,0,1,5,10,4,4,6658.18866416
20222,1123001589,16,9,7,0,1,2,2,7,4,0,0,0,1,5,3,0,1,2,1,2,1,6674.14783146
20222,1123001592,13,8,5,0,0,3,8,2,0,0,0,1,5,2,0,0,0,2,3,0,0,9422.71776574
20222,1123001593,49,21,28,0,1,10,10,14,14,0,0,1,3,8,9,0,1,9,7,6,5,4203.23962719
20222,1123001594,82,38,44,0,10,16,17,23,16,0,8,11,5,9,5,0,2,5,12,14,11,6043.8271992
20222,1123001595,285,155,130,5,58,72,66,66,18,5,35,46,36,21,12,0,23,26,30,45,6,8134.30016491
20222,1123001596,7,2,5,0,0,0,0,1,6,0,0,0,0,0,2,0,0,0,0,1,4,2177.99281376
20222,1123001597,7,2,5,0,0,0,2,3,2,0,0,0,0,1,1,0,0,0,2,2,1,4043.53997307
20222,1123001598,9,6,3,0,0,2,1,3,3,0,0,1,0,3,2,0,0,1,1,0,1,8201.99578759
20222,1123001599,18,7,11,0,5,2,3,8,0,0,2,1,0,4,0,0,3,1,3,4,0,4523.47937648
20222,1123001603,10,7,3,0,2,1,4,3,0,0,0,1,4,2,0,0,2,0,0,1,0,2900.42462842
20222,1123001604,24,21,3,0,3,2,8,8,3,0,3,2,6,8,2,0,0,0,2,0,1,5674.69976032
20222,1123001606,45,24,21,0,2,11,13,13,6,0,1,8,4,8,3,0,1,3,9,5,3,8286.57684344
20222,1123001608,11,9,2,0,0,2,8,1,0,0,0,2,7,0,0,0,0,0,1,1,0,2528.02648496
20222,1123001609,13,5,8,0,4,5,4,0,0,0,1,2,2,0,0,0,3,3,2,0,0,5641.27108116
20222,1123001610,2,1,1,0,0,1,1,0,0,0,0,0,1,0,0,0,0,1,0,0,0,5021.12982437
20222,1123001611,24,16,8,0,2,5,8,7,2,0,0,3,6,5,2,0,2,2,2,2,0,2432.27787358
20222,1123001612,18,16,2,0,1,4,5,4,4,0,1,4,3,4,4,0,0,0,2,0,0,1069.3195533
20222,1123001614,2,1,1,0,0,0,0,2,0,0,0,0,0,1,0,0,0,0,0,1,0,4159.12468628
20222,1123001615,7,6,1,0,1,0,2,3,1,0,1,0,2,2,1,0,0,0,0,1,0,3305.78195532
20222,1123001617,15,4,11,0,1,9,3,2,0,0,0,1,2,1,0,0,1,8,1,1,0,6957.9189275
20222,1123001618,3,1,2,0,0,0,0,2,1,0,0,0,0,0,1,0,0,0,0,2,0,5984.21590529
20222,1123001621,7,0,7,0,0,1,1,4,1,0,0,0,0,0,0,0,0,1,1,4,1,4874.31694985
20222,1123001623,2,0,2,0,1,0,0,1,0,0,0,0,0,0,0,0,1,0,0,1,0,7212.21447054
20222,1123001625,40,26,14,0,5,3,9,12,11,0,4,2,5,6,9,0,1,1,4,6,2,10200.3265225
20222,1123001627,56,44,12,0,5,11,15,13,12,0,3,9,13,8,11,0,2,2,2,5,1,1501.43628989
20222,1123001629,24,12,12,0,6,4,7,5,2,0,4,1,1,4,2,0,2,3,6,1,0,1240.72513743
20222,1123001630,36,29,7,0,2,3,3,3,25,0,0,2,2,3,22,0,2,1,1,0,3,9988.33228846
20222,1123001631,26,9,17,0,1,0,5,10,10,0,0,0,2,2,5,0,1,0,3,8,5,3305.8485222
20222,1123001632,84,61,23,0,22,38,15,7,2,0,15,28,13,4,1,0,7,10,2,3,1,6750.31116411
20222,1123001633,2,1,1,0,0,0,1,1,0,0,0,0,0,1,0,0,0,0,1,0,0,6884.56562242
20222,1123001634,30,22,8,0,1,2,11,13,3,0,1,1,7,10,3,0,0,1,4,3,0,10865.4088096
20222,1123001635,20,7,13,0,4,2,7,5,2,0,3,2,1,1,0,0,1,0,6,4,2,10148.5998149
20222,1123001636,14,11,3,0,0,7,4,2,1,0,0,5,4,1,1,0,0,2,0,1,0,16477.1155956
20222,1123001637,66,26,40,0,4,6,14,25,17,0,0,0,7,10,9,0,4,6,7,15,8,10103.7257895
20222,1123001638,46,13,33,0,4,10,11,13,8,0,1,1,1,5,5,0,3,9,10,8,3,6998.01461805
20222,1123001639,55,23,32,0,9,20,13,9,4,0,3,6,8,4,2,0,6,14,5,5,2,7302.31771112
20222,1123001640,502,68,434,0,105,138,196,60,3,0,7,32,19,8,2,0,98,106,177,52,1,7463.03189471
20222,1123001642,106,84,22,1,25,33,21,13,13,1,20,29,11,12,11,0,5,4,10,1,2,6188.93719982
20222,1123001646,10,6,4,0,1,2,2,4,1,0,0,1,2,2,1,0,1,1,0,2,0,6821.34012799
20222,1123001649,7,5,2,0,0,3,3,0,1,0,0,3,2,0,0,0,0,0,1,0,1,4254.85928562
20222,1123001653,3,1,2,0,0,1,1,1,0,0,0,0,0,1,0,0,0,1,1,0,0,3074.36091837
20222,1123001654,35,16,19,0,2,3,14,5,11,0,1,2,10,2,1,0,1,1,4,3,10,4366.01332506
20222,1123001655,4,4,0,0,0,1,0,1,2,0,0,1,0,1,2,0,0,0,0,0,0,2515.36345007
20222,1123001672,2,0,2,0,0,1,1,0,0,0,0,0,0,0,0,0,0,1,1,0,0,770.715518982
20222,1123001673,67,10,57,0,7,15,31,14,0,0,1,4,4,1,0,0,6,11,27,13,0,15586.8132153
20222,1123001674,100,49,51,0,12,16,21,34,17,0,2,6,12,19,10,0,10,10,9,15,7,9743.13897554
20222,1123001675,79,34,45,0,11,13,13,27,15,0,4,6,6,7,11,0,7,7,7,20,4,9263.09745605
20222,1123001681,15,11,4,0,1,4,6,3,1,0,1,4,3,2,1,0,0,0,3,1,0,6276.58377682
20222,1123001683,2,1,1,0,1,0,1,0,0,0,1,0,0,0,0,0,0,0,1,0,0,1870.34371462
20222,1123001686,5,4,1,0,0,0,0,1,4,0,0,0,0,1,3,0,0,0,0,0,1,6396.27500015
20222,1123001692,5,3,2,0,0,0,1,2,2,0,0,0,0,1,2,0,0,0,1,1,0,5573.72641073
20222,1123001695,1718,1041,677,39,1366,276,32,4,1,23,780,204,29,4,1,16,586,72,3,0,0,3319.13818758
20222,1123001699,8,6,2,1,2,0,1,4,0,1,1,0,0,4,0,0,1,0,1,0,0,1514.18148639
20222,1123001704,235,117,118,1,34,48,80,38,34,1,10,19,38,24,25,0,24,29,42,14,9,5036.11964138
20222,1123001705,6,5,1,0,1,0,0,4,1,0,1,0,0,3,1,0,0,0,0,1,0,6642.42426424
20222,1123001706,49,14,35,0,14,14,13,5,3,0,3,1,4,3,3,0,11,13,9,2,0,3728.42218296
20222,1123001707,330,155,175,1,43,47,73,98,68,0,17,24,31,43,40,1,26,23,42,55,28,8545.53019173
20222,1123001708,95,66,29,0,29,28,16,8,14,0,18,25,10,4,9,0,11,3,6,4,5,8154.01474872
20222,1123001717,6,2,4,0,0,0,1,3,2,0,0,0,0,1,1,0,0,0,1,2,1,2678.28882192
20222,1123001718,4,3,1,0,0,1,0,1,2,0,0,0,0,1,2,0,0,1,0,0,0,6806.22010542
20222,1123001719,10,2,8,0,0,2,4,4,0,0,0,0,2,0,0,0,0,2,2,4,0,5209.53403597
20222,1123001722,6,0,6,0,1,3,1,1,0,0,0,0,0,0,0,0,1,3,1,1,0,2305.30489082
20222,1123001723,18,8,10,0,0,3,3,5,7,0,0,0,3,3,2,0,0,3,0,2,5,2202.31947404
20222,1123001728,3,1,2,0,0,2,1,0,0,0,0,0,1,0,0,0,0,2,0,0,0,1362.15195814
20222,1123001729,11,7,4,0,0,3,3,1,4,0,0,2,2,0,3,0,0,1,1,1,1,6839.26936854
20222,1123001731,45,26,19,0,5,6,16,13,5,0,0,4,11,6,5,0,5,2,5,7,0,8658.17422558
20222,1123001733,29,5,24,0,0,1,2,16,10,0,0,0,0,2,3,0,0,1,2,14,7,8296.31010887
20222,1123001738,5,5,0,0,2,1,0,0,2,0,2,1,0,0,2,0,0,0,0,0,0,1801.07270536
20222,1123001740,4,3,1,0,0,1,1,2,0,0,0,0,1,2,0,0,0,1,0,0,0,980.194432809
20222,1123001742,3,1,2,0,0,0,0,2,1,0,0,0,0,0,1,0,0,0,0,2,0,6160.8449913
20222,1123001747,452,214,238,1,43,103,138,141,26,0,25,60,68,47,14,1,18,43,70,94,12,4357.42417553
20222,1123001748,4,3,1,0,0,0,3,1,0,0,0,0,3,0,0,0,0,0,0,1,0,1241.384888
20222,1123001751,5,3,2,0,0,0,0,3,2,0,0,0,0,1,2,0,0,0,0,2,0,1670.12238524
20222,1123001752,13,8,5,0,0,1,2,8,2,0,0,1,2,3,2,0,0,0,0,5,0,3872.14504388
20222,1123001753,62,28,34,0,18,19,13,11,1,0,7,11,6,3,1,0,11,8,7,8,0,8907.81809772
20222,1123001754,3,2,1,0,0,0,1,2,0,0,0,0,1,1,0,0,0,0,0,1,0,1928.37964443
20222,1123001756,11,1,10,0,2,1,3,4,1,0,0,0,0,1,0,0,2,1,3,3,1,1925.65316767
20222,1123001757,9,7,2,0,1,1,5,1,1,0,0,1,4,1,1,0,1,0,1,0,0,3068.65804359
20222,1123001760,18,10,8,0,5,3,2,6,2,0,3,3,0,3,1,0,2,0,2,3,1,3977.20013561
20222,1123001761,2,2,0,0,0,0,1,1,0,0,0,0,1,1,0,0,0,0,0,0,0,4276.03451425
20222,1123001762,56,40,16,0,1,11,17,19,8,0,0,10,14,11,5,0,1,1,3,8,3,9550.87826095
20222,1123001765,5,3,2,0,2,0,0,2,1,0,1,0,0,1,1,0,1,0,0,1,0,3834.09074247
20222,1123001766,167,54,113,0,8,20,64,70,5,0,6,10,20,14,4,0,2,10,44,56,1,9297.4510458
20222,1123001772,19,15,4,0,3,3,1,7,5,0,3,3,0,5,4,0,0,0,1,2,1,6309.01429743
20222,1123001774,26,9,17,0,3,9,7,4,3,0,1,3,2,0,3,0,2,6,5,4,0,1681.53295582
20222,1123001775,7,6,1,0,0,1,4,0,2,0,0,1,3,0,2,0,0,0,1,0,0,6648.50062046
20222,1123001776,15,9,6,0,3,1,4,2,5,0,3,1,1,2,2,0,0,0,3,0,3,6692.04152494
20222,1123001777,77,42,35,0,5,16,22,22,12,0,4,7,11,10,10,0,1,9,11,12,2,13677.9660346
20222,1123001779,6,3,3,0,0,1,2,2,1,0,0,1,0,1,1,0,0,0,2,1,0,2915.40789666
20222,1123001780,50,37,13,0,3,9,17,15,6,0,1,6,13,13,4,0,2,3,4,2,2,7472.38544568
20222,1123001782,35,24,11,0,3,3,4,17,8,0,1,1,3,13,6,0,2,2,1,4,2,7896.5910533
20222,1123001784,29,20,9,0,0,4,9,12,4,0,0,4,5,8,3,0,0,0,4,4,1,28284.9379399
20222,1123001785,21,15,6,0,3,1,4,8,5,0,2,1,3,4,5,0,1,0,1,4,0,8923.63552952
20222,1123001786,14,8,6,0,3,5,3,3,0,0,1,3,2,2,0,0,2,2,1,1,0,4933.04247039
20222,1123001788,3,1,2,0,0,0,0,1,2,0,0,0,0,0,1,0,0,0,0,1,1,3354.96691417
20222,1123001790,222,216,6,0,0,2,24,88,108,0,0,1,22,87,106,0,0,1,2,1,2,6949.65081213
20222,1123001791,4,2,2,0,0,0,3,1,0,0,0,0,2,0,0,0,0,0,1,1,0,2909.24675782
20222,1123001793,12,0,12,0,0,4,5,1,2,0,0,0,0,0,0,0,0,4,5,1,2,1359.01102341
20222,1123001794,35,9,26,0,1,1,2,7,24,0,0,0,1,1,7,0,1,1,1,6,17,8827.21551829
20222,1123001795,13,10,3,0,0,0,3,5,5,0,0,0,3,4,3,0,0,0,0,1,2,11121.5233736
20222,1123001796,13,9,4,0,2,4,2,2,3,0,1,3,2,1,2,0,1,1,0,1,1,1051.54566169
20222,1123001797,14,6,8,0,0,5,7,2,0,0,0,2,3,1,0,0,0,3,4,1,0,4748.95147149
20222,1123001799,113,56,57,0,24,49,19,10,11,0,9,29,6,5,7,0,15,20,13,5,4,6519.11709223
20222,1123001800,25,8,17,0,1,6,6,10,2,0,1,2,3,2,0,0,0,4,3,8,2,5864.04942963
20222,1123001802,43,33,10,0,4,9,7,11,12,0,2,5,6,8,12,0,2,4,1,3,0,4983.96641971
20222,1123001803,90,85,5,0,0,4,12,28,46,0,0,3,10,28,44,0,0,1,2,0,2,4187.58088906
20222,1123001804,7,5,2,0,1,2,3,1,0,0,1,2,2,0,0,0,0,0,1,1,0,6604.14337509
20222,1123001805,8,2,6,0,1,3,4,0,0,0,0,0,2,0,0,0,1,3,2,0,0,14862.3520205
20222,1123001808,3,2,1,0,0,0,1,1,1,0,0,0,0,1,1,0,0,0,1,0,0,2977.21670631
20222,1123001810,5,3,2,0,1,0,1,3,0,0,1,0,1,1,0,0,0,0,0,2,0,4445.49689001
20222,1123001812,184,120,64,1,29,55,40,40,19,0,13,44,28,19,16,1,16,11,12,21,3,5745.42206838
20222,1123001814,9,6,3,0,0,1,5,3,0,0,0,1,3,2,0,0,0,0,2,1,0,2557.57993975
20222,1123001816,1,0,1,0,0,1,0,0,0,0,0,0,0,0,0,0,0,1,0,0,0,9384.3475861
20222,1123001819,21,18,3,0,3,8,5,3,2,0,2,6,5,3,2,0,1,2,0,0,0,1904.36639678
20222,1123001822,9,6,3,0,0,1,3,4,1,0,0,1,2,3,0,0,0,0,1,1,1,5127.23001287
20222,1123001824,3,3,0,0,1,0,0,2,0,0,1,0,0,2,0,0,0,0,0,0,0,3710.02490604
20222,1123001827,2,2,0,0,0,0,0,1,1,0,0,0,0,1,1,0,0,0,0,0,0,2452.77132621
20222,1123001829,10,3,7,0,2,3,3,2,0,0,0,1,1,1,0,0,2,2,2,1,0,2538.48517068
20222,1123001831,140,51,89,1,18,35,45,34,7,1,6,23,14,5,2,0,12,12,31,29,5,13598.1602686
20222,1123001847,23,18,5,1,4,3,6,6,3,0,4,3,3,5,3,1,0,0,3,1,0,5390.73527039
20222,1123001849,35,26,9,0,3,6,9,12,5,0,3,5,6,8,4,0,0,1,3,4,1,15884.2258296
20222,1123001853,41,34,7,0,2,2,7,15,15,0,0,2,6,11,15,0,2,0,1,4,0,3521.82595606
20222,1123001857,121,94,27,0,25,27,35,22,12,0,22,20,25,17,10,0,3,7,10,5,2,6295.81292237
20222,1123001859,8,8,0,0,1,1,5,1,0,0,1,1,5,1,0,0,0,0,0,0,0,1491.61008874
20222,1123001864,47,27,20,0,8,15,6,9,9,0,5,8,5,3,6,0,3,7,1,6,3,19668.2728815
20222,1123001869,4,3,1,0,0,2,1,0,1,0,0,1,1,0,1,0,0,1,0,0,0,5910.88547042
20222,1123001876,21,7,14,0,2,1,7,6,5,0,1,0,1,2,3,0,1,1,6,4,2,12264.955188
20222,1123001878,3,2,1,0,0,0,2,1,0,0,0,0,1,1,0,0,0,0,1,0,0,4265.14826027
20222,1123001885,39,16,23,0,6,12,6,9,6,0,3,5,1,6,1,0,3,7,5,3,5,3511.67954615
20222,1123001894,6,4,2,0,0,0,2,4,0,0,0,0,2,2,0,0,0,0,0,2,0,10382.5596797
20222,1123001898,13,3,10,0,2,3,4,1,3,0,0,0,2,0,1,0,2,3,2,1,2,10202.9924044
20222,1123001904,7,5,2,0,0,2,1,2,2,0,0,2,1,1,1,0,0,0,0,1,1,5919.14861411
20222,1123001907,3,2,1,0,1,0,1,1,0,0,0,0,1,1,0,0,1,0,0,0,0,2825.53634447
20222,1123001908,18,15,3,0,0,1,7,6,4,0,0,0,5,6,4,0,0,1,2,0,0,1786.3873178
20222,1123001909,4,3,1,0,0,0,0,2,2,0,0,0,0,1,2,0,0,0,0,1,0,1326.48799967
20222,1123001918,47,32,15,0,8,20,13,6,0,0,6,12,9,5,0,0,2,8,4,1,0,3609.02175634
20222,1123001924,2,2,0,0,0,0,0,1,1,0,0,0,0,1,1,0,0,0,0,0,0,2746.53735723
20222,1123001930,19,15,4,0,0,3,12,2,2,0,0,2,11,1,1,0,0,1,1,1,1,1972.12600563
20222,1123001935,7,3,4,0,1,0,2,3,1,0,0,0,1,1,1,0,1,0,1,2,0,16835.9273328
20222,1123001939,2,1,1,0,0,1,1,0,0,0,0,1,0,0,0,0,0,0,1,0,0,2390.50075085
20222,1123001940,85,19,66,0,5,5,11,23,41,0,5,1,9,3,1,0,0,4,2,20,40,1322.5410897
20222,1123001941,10,7,3,0,3,5,1,1,0,0,2,3,1,1,0,0,1,2,0,0,0,1211.01319982
20222,1123001944,7,1,6,0,0,1,2,4,0,0,0,0,0,1,0,0,0,1,2,3,0,4627.34944165
20222,1123001947,8,7,1,0,0,1,4,2,1,0,0,1,4,1,1,0,0,0,0,1,0,2646.56892023
20222,1123001957,3,0,3,0,1,0,1,0,1,0,0,0,0,0,0,0,1,0,1,0,1,2612.62853264
20222,1123001958,3,0,3,0,0,0,0,2,1,0,0,0,0,0,0,0,0,0,0,2,1,5223.47490317
20222,1123001965,5,3,2,0,1,0,1,2,1,0,0,0,1,1,1,0,1,0,0,1,0,2944.25809345
20222,1123001966,11,5,6,0,2,4,2,1,2,0,1,2,0,1,1,0,1,2,2,0,1,2149.47353253
20222,1123001973,14,0,14,0,1,3,3,4,3,0,0,0,0,0,0,0,1,3,3,4,3,4827.13451998
20222,1123001984,32,17,15,0,15,4,7,3,3,0,6,3,4,1,3,0,9,1,3,2,0,6624.73440979
20222,1123001986,10,4,6,0,1,0,5,0,4,0,1,0,0,0,3,0,0,0,5,0,1,2525.93626494
20222,1123001987,2,2,0,0,0,1,0,0,1,0,0,1,0,0,1,0,0,0,0,0,0,3663.45874161
20222,1123001990,9,3,6,0,0,2,2,2,3,0,0,2,1,0,0,0,0,0,1,2,3,4991.96970388
20222,1123001991,4,3,1,0,0,0,2,2,0,0,0,0,2,1,0,0,0,0,0,1,0,2957.58181393
20222,1123001992,440,323,117,1,52,73,136,142,36,0,34,47,100,115,27,1,18,26,36,27,9,2659.19958978
20222,1123001993,4,3,1,0,1,1,1,0,1,0,1,1,1,0,0,0,0,0,0,0,1,732.657724252
20222,1123001994,31,11,20,0,6,7,3,10,5,0,0,3,0,3,5,0,6,4,3,7,0,9181.08458714
20222,1123001999,4,2,2,0,0,1,0,3,0,0,0,0,0,2,0,0,0,1,0,1,0,5188.80815538
20222,1123002000,2,1,1,0,0,0,0,2,0,0,0,0,0,1,0,0,0,0,0,1,0,2839.57107339
20222,1123002004,2,0,2,0,0,0,0,1,1,0,0,0,0,0,0,0,0,0,0,1,1,3090.53973316
20222,1123002006,3,2,1,0,0,1,1,1,0,0,0,1,1,0,0,0,0,0,0,1,0,5106.74938669
20222,1123002009,2,0,2,0,0,0,1,1,0,0,0,0,0,0,0,0,0,0,1,1,0,3389.01848664
20222,1123002011,11,8,3,0,3,0,2,1,5,0,2,0,1,1,4,0,1,0,1,0,1,5210.0495317
20222,1123002014,8,6,2,0,0,1,6,0,1,0,0,1,4,0,1,0,0,0,2,0,0,4830.5152482
20222,1123002018,140,91,49,0,8,18,22,41,51,0,7,18,19,22,25,0,1,0,3,19,26,970.851822096
20222,1123002019,3,3,0,0,1,0,1,1,0,0,1,0,1,1,0,0,0,0,0,0,0,1411.74946427
20222,1123002021,4,2,2,0,0,1,1,2,0,0,0,0,0,2,0,0,0,1,1,0,0,3880.10666176
20222,1123002023,4,2,2,0,0,0,0,3,1,0,0,0,0,2,0,0,0,0,0,1,1,2546.96203805
20222,1123002027,5,5,0,0,1,2,2,0,0,0,1,2,2,0,0,0,0,0,0,0,0,1900.110492
20222,1123002036,2,2,0,0,0,0,1,1,0,0,0,0,1,1,0,0,0,0,0,0,0,3863.14836129
20222,1123002037,12,3,9,0,0,4,5,1,2,0,0,2,0,1,0,0,0,2,5,0,2,2698.79656527
20222,1123002043,18,15,3,0,2,2,5,5,4,0,2,2,3,4,4,0,0,0,2,1,0,2092.60410656
20222,1123002048,4,0,4,0,0,0,2,2,0,0,0,0,0,0,0,0,0,0,2,2,0,3539.71342265
20222,1123002056,3,1,2,0,1,0,1,0,1,0,0,0,0,0,1,0,1,0,1,0,0,5004.34740564
20222,1123002061,6,5,1,0,0,1,2,2,1,0,0,0,2,2,1,0,0,1,0,0,0,2221.79576457
20222,1123002064,29,9,20,0,3,9,7,8,2,0,1,3,1,2,2,0,2,6,6,6,0,1401.43957703
20222,1123002066,2,0,2,0,0,0,1,0,1,0,0,0,0,0,0,0,0,0,1,0,1,3561.66451619
20222,1123002070,9,6,3,0,2,1,2,2,2,0,2,1,1,1,1,0,0,0,1,1,1,3039.62631581
20222,1123002072,14,10,4,0,0,5,2,3,4,0,0,3,1,2,4,0,0,2,1,1,0,2242.76260131
20222,1123002074,4,1,3,0,0,0,0,3,1,0,0,0,0,1,0,0,0,0,0,2,1,2312.74095862
20222,1123002076,6,4,2,0,2,3,1,0,0,0,0,3,1,0,0,0,2,0,0,0,0,2454.79125138
20222,1123002078,8,3,5,0,1,0,4,1,2,0,0,0,2,0,1,0,1,0,2,1,1,13384.042897
20222,1123002082,2,1,1,0,0,1,0,0,1,0,0,1,0,0,0,0,0,0,0,0,1,1643.38839658
20222,1123002091,27,14,13,0,1,4,10,6,6,0,0,2,7,1,4,0,1,2,3,5,2,189650.855414
20222,1123002092,18,12,6,0,1,3,5,6,3,0,1,2,3,5,1,0,0,1,2,1,2,2870.71374496
20222,1123002095,14,4,10,0,3,2,4,3,2,0,1,0,0,1,2,0,2,2,4,2,0,26205.3453911
20222,1123002099,2,1,1,0,0,0,0,1,1,0,0,0,0,0,1,0,0,0,0,1,0,2225.95049321
20222,1123002102,1,0,1,0,0,1,0,0,0,0,0,0,0,0,0,0,0,1,0,0,0,1058.83492936
20222,1123002106,2,1,1,0,0,0,2,0,0,0,0,0,1,0,0,0,0,0,1,0,0,1729.18324543
20222,1123002110,8,7,1,0,0,3,1,4,0,0,0,3,1,3,0,0,0,0,0,1,0,4444.17989109
20222,1123002112,10,7,3,0,0,1,2,6,1,0,0,0,2,4,1,0,0,1,0,2,0,15684.4861607
20222,1123002117,28,14,14,0,1,5,11,10,1,0,0,3,4,6,1,0,1,2,7,4,0,5186.12357986
20222,1123002121,14,4,10,0,2,7,3,2,0,0,0,2,0,2,0,0,2,5,3,0,0,2346.17358884
20222,1123002126,664,359,305,1,62,131,186,167,117,0,26,74,88,93,78,1,36,57,98,74,39,4292.3381603
20222,1123002137,6,3,3,0,0,0,3,1,2,0,0,0,2,0,1,0,0,0,1,1,1,7388.25522622
20222,1123002138,146,95,51,0,27,42,40,24,13,0,10,26,28,20,11,0,17,16,12,4,2,10821.3304508
20222,1123002140,599,420,179,0,51,130,176,140,102,0,34,88,128,97,73,0,17,42,48,43,29,1806.47154327
20222,1123002143,3,3,0,0,0,1,0,1,1,0,0,1,0,1,1,0,0,0,0,0,0,2788.7430648
20222,1123002147,13,10,3,0,4,0,5,3,1,0,3,0,4,2,1,0,1,0,1,1,0,2812.86100703
20222,1123002149,131,77,54,0,24,35,20,29,23,0,16,26,15,9,11,0,8,9,5,20,12,1077.17964895
20222,1123002154,23,17,6,0,6,10,3,3,1,0,4,9,3,1,0,0,2,1,0,2,1,1062.3166324
20222,1123002155,5,4,1,0,0,1,1,2,1,0,0,1,1,1,1,0,0,0,0,1,0,2775.26012818
20222,1123002156,49,8,41,0,0,9,14,17,9,0,0,3,1,0,4,0,0,6,13,17,5,5600.48497582
20222,1123002158,7,4,3,0,0,0,4,3,0,0,0,0,3,1,0,0,0,0,1,2,0,3268.57726876
20222,1123002159,10,3,7,0,1,1,2,2,4,0,0,0,1,1,1,0,1,1,1,1,3,8732.50187672
20222,1123002160,169,34,135,0,6,9,33,72,49,0,3,3,9,7,12,0,3,6,24,65,37,5820.05613738
20222,1123002162,18,5,13,0,1,2,5,5,5,0,0,0,1,2,2,0,1,2,4,3,3,4503.00374877
20222,1123002166,4,3,1,0,0,0,0,0,4,0,0,0,0,0,3,0,0,0,0,0,1,4374.58570695
20222,1123002171,3,0,3,0,0,1,2,0,0,0,0,0,0,0,0,0,0,1,2,0,0,4935.77759267
20222,1123002173,70,33,37,0,8,17,10,19,16,0,1,5,4,10,13,0,7,12,6,9,3,4747.74478704
20222,1123002174,26,3,23,0,4,7,7,7,1,0,1,2,0,0,0,0,3,5,7,7,1,2632.94803202
20222,1123002175,11,10,1,0,3,2,6,0,0,0,3,2,5,0,0,0,0,0,1,0,0,4021.82257158
20222,1123002178,2,1,1,0,0,0,2,0,0,0,0,0,1,0,0,0,0,0,1,0,0,2490.52703263
20222,1123002179,9,6,3,0,1,1,1,5,1,0,1,0,1,3,1,0,0,1,0,2,0,4191.7694339
20222,1123002180,19,7,12,0,0,6,9,3,1,0,0,2,4,0,1,0,0,4,5,3,0,5056.23016698
20222,1123002183,88,11,77,0,7,28,28,21,4,0,2,2,3,2,2,0,5,26,25,19,2,16977.1701846
20222,1123002186,2,1,1,0,0,0,0,2,0,0,0,0,0,1,0,0,0,0,0,1,0,637.874780302
20222,1123002190,150,55,95,1,26,38,48,33,4,1,10,12,16,14,2,0,16,26,32,19,2,6912.98431199
20222,1123002191,2,1,1,0,0,0,0,1,1,0,0,0,0,0,1,0,0,0,0,1,0,4523.1297816
20222,1123002198,9,4,5,0,0,0,5,2,2,0,0,0,1,1,2,0,0,0,4,1,0,3443.34547656
20222,1123002199,2,0,2,0,1,0,1,0,0,0,0,0,0,0,0,0,1,0,1,0,0,2459.30964445
20222,1123002201,3,2,1,0,0,0,1,2,0,0,0,0,1,1,0,0,0,0,0,1,0,2464.20029723
20222,1123002204,24,10,14,0,2,6,4,6,6,0,0,4,2,0,4,0,2,2,2,6,2,1491.48814953
20222,1123002207,66,11,55,0,8,8,21,25,4,0,2,0,3,4,2,0,6,8,18,21,2,20535.5716621
20222,1123002209,23,6,17,0,3,2,6,8,4,0,1,2,1,0,2,0,2,0,5,8,2,13140.2743558
20222,1123002210,2,2,0,0,0,0,1,0,1,0,0,0,1,0,1,0,0,0,0,0,0,3223.23791026
20222,1123002215,5,2,3,0,0,1,3,1,0,0,0,0,2,0,0,0,0,1,1,1,0,3490.69604892
20222,1123002218,2,2,0,0,0,0,0,0,2,0,0,0,0,0,2,0,0,0,0,0,0,6562.4026054
20222,1123002220,54,21,33,0,15,17,11,5,6,0,1,3,8,4,5,0,14,14,3,1,1,16768.3859252
20222,1123002222,132,83,49,0,22,16,24,48,22,0,14,8,15,30,16,0,8,8,9,18,6,5179.10626493
20222,1123002224,1,1,0,0,0,0,0,1,0,0,0,0,0,1,0,0,0,0,0,0,0,5155.47349608
20222,1123002227,55,31,24,0,0,3,21,25,6,0,0,1,9,17,4,0,0,2,12,8,2,4133.41379771
20222,1123002229,29,6,23,0,0,6,10,11,2,0,0,1,2,1,2,0,0,5,8,10,0,25744.5218007
20222,1123002232,56,13,43,0,7,19,15,14,1,0,1,5,3,3,1,0,6,14,12,11,0,20769.5395934
20222,1123002235,349,138,211,2,87,67,59,92,42,0,20,40,37,19,22,2,67,27,22,73,20,4026.98877548
20222,1123002239,13,8,5,0,0,1,4,3,5,0,0,0,2,3,3,0,0,1,2,0,2,2505.9275616
20222,1123002241,917,558,359,0,89,219,256,253,100,0,40,72,162,195,89,0,49,147,94,58,11,264120.405593
20222,1123002242,12,8,4,0,0,6,3,3,0,0,0,4,2,2,0,0,0,2,1,1,0,3622.2253219
20222,1123002243,27,20,7,0,2,3,5,7,10,0,2,2,5,5,6,0,0,1,0,2,4,6707.2140141
20222,1123002244,33,18,15,0,5,8,8,9,3,0,0,3,4,9,2,0,5,5,4,0,1,5366.84284805
20222,1123002246,14,13,1,0,0,0,2,6,6,0,0,0,2,6,5,0,0,0,0,0,1,3571.80590865
20222,1123002247,68,27,41,0,13,24,14,9,8,0,2,9,6,5,5,0,11,15,8,4,3,3412.74802572
20222,1123002248,220,83,137,0,10,12,52,97,49,0,6,5,21,34,17,0,4,7,31,63,32,4472.11898723
20222,1123002249,46,24,22,0,2,6,10,5,23,0,1,2,5,2,14,0,1,4,5,3,9,6566.48065377
20222,1123002250,45,28,17,0,4,1,9,13,18,0,2,0,4,11,11,0,2,1,5,2,7,3517.35178291
20222,1123002251,40,21,19,0,9,4,6,8,13,0,1,2,5,6,7,0,8,2,1,2,6,7174.54945447
20222,1123002253,38,30,8,0,3,8,12,7,8,0,2,6,9,7,6,0,1,2,3,0,2,4171.19225771
20222,1123002254,12,7,5,0,0,3,2,2,5,0,0,1,2,1,3,0,0,2,0,1,2,7304.62080241
20222,1123002257,583,464,119,0,23,75,116,111,258,0,17,64,107,92,184,0,6,11,9,19,74,4505.1525303
20222,1123002262,42,15,27,0,7,12,13,5,5,0,0,3,8,1,3,0,7,9,5,4,2,6922.57938222
20222,1123002263,23,12,11,0,0,3,6,2,12,0,0,0,3,2,7,0,0,3,3,0,5,6290.75318039
20222,1123002265,3,2,1,0,0,0,1,0,2,0,0,0,0,0,2,0,0,0,1,0,0,1874.69934541
20222,1123002266,3,2,1,0,0,0,0,2,1,0,0,0,0,2,0,0,0,0,0,0,1,1316.81873043
20222,1123002267,12,6,6,0,3,2,0,3,4,0,0,0,0,3,3,0,3,2,0,0,1,11343.4469245
20222,1123002270,5,4,1,0,0,0,2,2,1,0,0,0,2,1,1,0,0,0,0,1,0,680.022418855
20222,1123002272,5,3,2,0,0,0,1,2,2,0,0,0,1,0,2,0,0,0,0,2,0,2539.19443165
20222,1123002274,144,83,61,1,27,44,27,26,19,0,4,23,21,21,14,1,23,21,6,5,5,6450.61661385
20222,1123002276,22,11,11,0,1,6,7,3,5,0,0,3,5,1,2,0,1,3,2,2,3,6759.87866561
20222,1123002279,6,3,3,0,0,0,2,2,2,0,0,0,0,1,2,0,0,0,2,1,0,7141.81428832
20222,1123002281,7,6,1,0,1,2,1,3,0,0,1,1,1,3,0,0,0,1,0,0,0,1074.11712513
20222,1123002282,1,1,0,0,1,0,0,0,0,0,1,0,0,0,0,0,0,0,0,0,0,1740.97410592
20222,1123002283,4,3,1,0,0,1,1,2,0,0,0,1,1,1,0,0,0,0,0,1,0,1532.81553405
20222,1123002286,2,2,0,0,0,0,0,1,1,0,0,0,0,1,1,0,0,0,0,0,0,923.55901947
20222,1123002288,3,2,1,0,0,2,0,0,1,0,0,1,0,0,1,0,0,1,0,0,0,2666.28772958
20222,1123002290,8,5,3,0,0,0,1,5,2,0,0,0,0,3,2,0,0,0,1,2,0,5663.67935415
20222,1123002291,53,27,26,2,6,12,13,15,5,0,3,12,6,4,2,2,3,0,7,11,3,1857.36362904
20222,1123002292,6,6,0,0,0,1,2,0,3,0,0,1,2,0,3,0,0,0,0,0,0,5095.5741118
20222,1123002298,13,9,4,0,3,9,1,0,0,0,3,5,1,0,0,0,0,4,0,0,0,1788.32139912
20222,1123002300,24,13,11,0,0,4,4,7,9,0,0,2,2,3,6,0,0,2,2,4,3,5551.81187853
20222,1123002301,4,4,0,0,0,0,0,2,2,0,0,0,0,2,2,0,0,0,0,0,0,5556.88182803
20222,1123002303,3,1,2,0,0,1,0,1,1,0,0,0,0,0,1,0,0,1,0,1,0,1968.87547387
20222,1123002304,209,92,117,0,42,68,44,25,30,0,3,19,25,16,29,0,39,49,19,9,1,4136.59020888
20222,1123002311,7,6,1,0,0,0,1,4,2,0,0,0,1,3,2,0,0,0,0,1,0,2692.41951674
20222,1123002312,11,8,3,0,2,0,2,4,3,0,2,0,0,4,2,0,0,0,2,0,1,4527.89056143
20222,1123002313,3,2,1,0,0,0,0,1,2,0,0,0,0,1,1,0,0,0,0,0,1,6984.39564968
20222,1123002314,2,1,1,0,0,0,0,1,1,0,0,0,0,1,0,0,0,0,0,0,1,3617.12360981
20222,1123002315,30,3,27,0,0,3,2,19,6,0,0,1,0,1,1,0,0,2,2,18,5,3189.24692818
20222,1123002316,2,2,0,0,0,0,2,0,0,0,0,0,2,0,0,0,0,0,0,0,0,1090.98235375
20222,1123002321,6,1,5,0,1,1,1,2,1,0,0,0,0,0,1,0,1,1,1,2,0,3434.18195563
20222,1123002326,31,23,8,0,3,10,8,6,4,0,1,6,7,5,4,0,2,4,1,1,0,9551.84924255
20222,1123002327,4,2,2,0,0,0,0,1,3,0,0,0,0,1,1,0,0,0,0,0,2,3611.62367222
20222,1123002328,579,384,195,1,156,277,142,2,1,0,64,193,124,2,1,1,92,84,18,0,0,8105.10463962
20222,1123002330,7,6,1,0,0,1,3,1,2,0,0,1,3,1,1,0,0,0,0,0,1,4794.39141547
20222,1123002332,19,12,7,0,2,4,2,5,6,0,2,2,1,3,4,0,0,2,1,2,2,5008.30370071
20222,1123002333,2,1,1,0,1,0,0,1,0,0,1,0,0,0,0,0,0,0,0,1,0,1544.57627638
20222,1123002334,28,11,17,0,2,2,3,14,7,0,2,1,0,3,5,0,0,1,3,11,2,3360.12192372
20222,1123002335,3,2,1,0,0,0,1,1,1,0,0,0,0,1,1,0,0,0,1,0,0,2991.9522189
20222,1123002340,582,300,282,3,179,249,105,45,1,1,82,132,49,35,1,2,97,117,56,10,0,4844.07531438
20222,1123002341,55,14,41,0,8,15,17,11,4,0,3,3,3,1,4,0,5,12,14,10,0,16193.3263142
20222,1123002343,2,1,1,0,0,1,1,0,0,0,0,0,1,0,0,0,0,1,0,0,0,1511.35400755
20222,1123002345,104,75,29,0,13,31,37,11,12,0,7,26,29,8,5,0,6,5,8,3,7,3137.59640447
20222,1123002348,2,2,0,0,0,0,0,1,1,0,0,0,0,1,1,0,0,0,0,0,0,2043.68568529
20222,1123002351,52,17,35,0,1,0,14,30,7,0,0,0,6,6,5,0,1,0,8,24,2,2120.67131279
20222,1123002352,3,2,1,0,0,1,2,0,0,0,0,1,1,0,0,0,0,0,1,0,0,1209.85285074
20222,1123002353,9,6,3,0,0,0,0,5,4,0,0,0,0,3,3,0,0,0,0,2,1,4499.28234407
20222,1123002354,2,0,2,0,0,0,0,2,0,0,0,0,0,0,0,0,0,0,0,2,0,1737.93589134
20222,1123002358,18,11,7,0,1,3,6,6,2,0,1,1,4,3,2,0,0,2,2,3,0,2912.30757317
20222,1123002359,49,5,44,0,12,11,11,14,1,0,1,2,1,1,0,0,11,9,10,13,1,17341.5030527
20222,1123002360,120,70,50,0,15,27,24,39,15,0,11,20,18,16,5,0,4,7,6,23,10,4894.46703079
20222,1123002361,4,4,0,0,0,0,0,2,2,0,0,0,0,2,2,0,0,0,0,0,0,1614.26543567
20222,1123002362,13,8,5,0,4,1,4,3,1,0,2,1,2,2,1,0,2,0,2,1,0,4788.69494573
20222,1123002363,3,1,2,0,0,0,0,2,1,0,0,0,0,1,0,0,0,0,0,1,1,1850.30512168
20222,1123002365,25,19,6,0,6,3,9,5,2,0,4,3,7,3,2,0,2,0,2,2,0,4822.82214585
20222,1123002367,12,5,7,0,1,0,6,4,1,0,0,0,4,1,0,0,1,0,2,3,1,5047.00025452
20222,1123002368,2,2,0,0,0,0,1,1,0,0,0,0,1,1,0,0,0,0,0,0,0,3987.13698327
20222,1123002369,2,2,0,0,0,2,0,0,0,0,0,2,0,0,0,0,0,0,0,0,0,1163.20300487
20222,1123002372,4,4,0,0,0,1,1,1,1,0,0,1,1,1,1,0,0,0,0,0,0,1012.48171616
20222,1123002374,13,7,6,0,0,0,2,7,4,0,0,0,0,4,3,0,0,0,2,3,1,4366.4474611
20222,1123002379,36,31,5,0,2,4,2,9,19,0,0,4,1,8,18,0,2,0,1,1,1,11334.9830522
20222,1123002380,41,27,14,0,5,10,9,12,5,0,2,8,4,9,4,0,3,2,5,3,1,6193.59377387
20222,1123002382,29,15,14,0,1,8,10,6,4,0,0,5,6,3,1,0,1,3,4,3,3,4402.09264046
20222,1123002385,6,3,3,0,0,3,1,2,0,0,0,1,1,1,0,0,0,2,0,1,0,3269.75525522
20222,1123002386,3,3,0,0,0,1,0,2,0,0,0,1,0,2,0,0,0,0,0,0,0,1483.74198814
20222,1123002387,41,22,19,0,5,10,14,7,5,0,3,4,6,5,4,0,2,6,8,2,1,9483.39448294
20222,1123002388,9,6,3,0,0,0,2,4,3,0,0,0,1,3,2,0,0,0,1,1,1,3319.92875618
20222,1123002390,26,18,8,0,4,6,7,6,3,0,3,4,4,5,2,0,1,2,3,1,1,2716.47116399
20222,1123002392,8,7,1,0,0,0,2,4,2,0,0,0,2,3,2,0,0,0,0,1,0,6124.54651913
20222,1123002393,3,3,0,0,0,0,0,2,1,0,0,0,0,2,1,0,0,0,0,0,0,5701.47397597
20222,1123002394,4,3,1,0,0,0,1,3,0,0,0,0,1,2,0,0,0,0,0,1,0,2626.38319737
20222,1123002395,2,2,0,0,0,0,2,0,0,0,0,0,2,0,0,0,0,0,0,0,0,4594.25587329
20222,1123002401,2,1,1,0,0,0,0,1,1,0,0,0,0,0,1,0,0,0,0,1,0,1058.91228679
20222,1123002403,2,2,0,0,0,1,0,0,1,0,0,1,0,0,1,0,0,0,0,0,0,1549.284005
20222,1123002404,6,5,1,0,0,0,1,5,0,0,0,0,1,4,0,0,0,0,0,1,0,3479.13120395
20222,1123002405,2,2,0,1,0,0,0,1,0,1,0,0,0,1,0,0,0,0,0,0,0,2106.21908255
20222,1123002406,5,2,3,0,2,0,2,0,1,0,1,0,0,0,1,0,1,0,2,0,0,4386.64720564
20222,1123002407,17,12,5,0,3,3,7,4,0,0,2,2,6,2,0,0,1,1,1,2,0,2975.2159031
20222,1123002409,6,3,3,0,0,0,2,0,4,0,0,0,1,0,2,0,0,0,1,0,2,2822.09873085
20222,1123002410,2,1,1,0,0,0,1,0,1,0,0,0,1,0,0,0,0,0,0,0,1,6012.36030651
20222,1123002412,5,2,3,0,0,1,2,2,0,0,0,0,1,1,0,0,0,1,1,1,0,872.237863966
20222,1123002417,218,146,72,0,24,43,56,55,40,0,11,33,37,36,29,0,13,10,19,19,11,4639.88905157
20222,1123002418,5,0,5,0,0,0,1,3,1,0,0,0,0,0,0,0,0,0,1,3,1,1213.57278641
20222,1123002419,21,16,5,0,6,5,3,5,2,0,3,5,3,3,2,0,3,0,0,2,0,2466.30164489
20222,1123002422,29,21,8,0,9,9,1,9,1,0,8,5,1,6,1,0,1,4,0,3,0,5463.57178712
20222,1123002423,2,1,1,0,0,0,0,0,2,0,0,0,0,0,1,0,0,0,0,0,1,3874.95893226
20222,1123002424,15,7,8,0,1,9,3,0,2,0,1,3,2,0,1,0,0,6,1,0,1,1624.32393773
20222,1123002429,2,1,1,0,1,0,0,1,0,0,1,0,0,0,0,0,0,0,0,1,0,3171.77296686
20222,1123002430,7,5,2,0,0,1,2,4,0,0,0,1,1,3,0,0,0,0,1,1,0,1099.48313509
20222,1123002433,5,4,1,0,1,2,2,0,0,0,1,2,1,0,0,0,0,0,1,0,0,5130.40644399
20222,1123002434,24,17,7,0,0,0,12,7,5,0,0,0,9,5,3,0,0,0,3,2,2,5237.79948596
20222,1123002435,8,0,8,0,2,0,3,3,0,0,0,0,0,0,0,0,2,0,3,3,0,1498.45916254
20222,1123002440,4,2,2,0,1,0,1,1,1,0,0,0,1,0,1,0,1,0,0,1,0,1820.12008515
20222,1123002442,35,10,25,0,9,7,7,7,5,0,0,4,4,1,1,0,9,3,3,6,4,7620.53064753
20222,1123002445,32,9,23,0,2,10,5,5,10,0,0,1,5,1,2,0,2,9,0,4,8,3643.97908972
20222,1123002449,12,10,2,0,0,0,4,5,3,0,0,0,4,4,2,0,0,0,0,1,1,1637.41295732
20222,1123002450,93,46,47,1,9,15,26,31,11,0,5,7,8,16,10,1,4,8,18,15,1,8693.4001718
20222,1123002451,2,2,0,0,0,1,0,1,0,0,0,1,0,1,0,0,0,0,0,0,0,25580.1575984
20222,1123002452,17,13,4,0,1,4,1,8,3,0,1,2,1,7,2,0,0,2,0,1,1,2091.21336345
20222,1123002453,17,10,7,0,0,6,6,3,2,0,0,5,3,1,1,0,0,1,3,2,1,2457.9287146
20222,1123002454,38,33,5,0,1,14,12,10,1,0,1,11,10,10,1,0,0,3,2,0,0,2569.66618771
20222,1123002456,5,1,4,0,3,1,0,1,0,0,0,0,0,1,0,0,3,1,0,0,0,3951.77681175
20222,1123002457,48,29,19,0,1,3,7,6,31,0,0,3,2,2,22,0,1,0,5,4,9,5512.94256361
20222,1123002463,12,8,4,0,2,3,4,3,0,0,1,3,1,3,0,0,1,0,3,0,0,1523.82829576
20222,1123002464,7,5,2,0,0,1,4,2,0,0,0,1,3,1,0,0,0,0,1,1,0,5197.6500563
20222,1123002465,2,1,1,0,1,0,0,0,1,0,0,0,0,0,1,0,1,0,0,0,0,705.889362071
20222,1123002472,8,5,3,0,2,3,1,2,0,0,0,3,1,1,0,0,2,0,0,1,0,2905.04995382
20222,1123002475,10,7,3,0,0,1,1,3,5,0,0,1,1,1,4,0,0,0,0,2,1,5663.62654563
20222,1123002476,10,6,4,0,0,0,4,6,0,0,0,0,2,4,0,0,0,0,2,2,0,5499.72654896
20222,1123002478,12,9,3,0,0,1,2,7,2,0,0,0,1,6,2,0,0,1,1,1,0,1990.85372177
20222,1123002481,58,34,24,0,3,7,5,10,33,0,2,6,4,5,17,0,1,1,1,5,16,4628.88604209
20222,1123002485,14,8,6,0,8,0,2,4,0,0,6,0,0,2,0,0,2,0,2,2,0,4853.07922671
20222,1123002487,5,1,4,0,1,1,1,2,0,0,0,0,0,1,0,0,1,1,1,1,0,4611.10094684
20222,1123002489,2,1,1,0,0,0,0,0,2,0,0,0,0,0,1,0,0,0,0,0,1,7850.86244173
20222,1123002491,3,2,1,0,0,0,3,0,0,0,0,0,2,0,0,0,0,0,1,0,0,10097.4603887
20222,1123002494,15,12,3,0,2,4,4,1,4,0,2,4,2,1,3,0,0,0,2,0,1,4066.33760414
20222,1123002495,2,1,1,0,0,2,0,0,0,0,0,1,0,0,0,0,0,1,0,0,0,1145.19459214
20222,1123002498,53,21,32,0,0,2,11,36,4,0,0,1,6,11,3,0,0,1,5,25,1,6402.8538519
20222,1123002501,3,0,3,0,0,2,1,0,0,0,0,0,0,0,0,0,0,2,1,0,0,2280.57526831
20222,1123002502,2,1,1,0,0,0,0,2,0,0,0,0,0,1,0,0,0,0,0,1,0,3705.71252493
20222,1123002503,8,6,2,0,1,3,3,1,0,0,1,2,2,1,0,0,0,1,1,0,0,2292.53695395
20222,1123002509,2,2,0,0,0,0,1,1,0,0,0,0,1,1,0,0,0,0,0,0,0,6278.93086133
20222,1123002510,32,11,21,0,0,6,18,5,3,0,0,3,3,2,3,0,0,3,15,3,0,4955.8233255
20222,1123002513,66,12,54,0,8,19,21,14,4,0,1,2,2,3,4,0,7,17,19,11,0,13354.7864847
20222,1123002514,4,4,0,0,0,0,0,3,1,0,0,0,0,3,1,0,0,0,0,0,0,6745.76887548
20222,1123002515,4,4,0,0,0,1,0,0,3,0,0,1,0,0,3,0,0,0,0,0,0,3045.27256202
20222,1123002519,24,21,3,0,0,5,9,3,7,0,0,5,7,3,6,0,0,0,2,0,1,3643.99151507
20222,1123002520,2,1,1,0,0,0,1,1,0,0,0,0,1,0,0,0,0,0,0,1,0,4076.11845592
20222,1123002531,5,5,0,0,1,2,1,1,0,0,1,2,1,1,0,0,0,0,0,0,0,2836.64684626
20222,1123002536,4,3,1,0,0,0,4,0,0,0,0,0,3,0,0,0,0,0,1,0,0,3622.11421246
20222,1123002550,1,1,0,0,0,0,1,0,0,0,0,0,1,0,0,0,0,0,0,0,0,820.199193503
20222,1123002554,2,2,0,0,0,0,1,1,0,0,0,0,1,1,0,0,0,0,0,0,0,3691.36341801
20222,1123002565,8,6,2,0,0,3,2,1,2,0,0,2,1,1,2,0,0,1,1,0,0,1404.58152604
20222,1123002567,5,5,0,0,0,0,3,1,1,0,0,0,3,1,1,0,0,0,0,0,0,832.129823743
20222,1123002568,452,314,138,1,20,81,163,130,57,1,13,36,115,96,53,0,7,45,48,34,4,1831.48307665
20222,1123002578,6,6,0,0,1,1,0,3,1,0,1,1,0,3,1,0,0,0,0,0,0,4279.2552907
20222,1123002582,2,2,0,0,0,0,1,0,1,0,0,0,1,0,1,0,0,0,0,0,0,2176.99092134
20222,1123002589,2,1,1,0,0,1,1,0,0,0,0,0,1,0,0,0,0,1,0,0,0,1155.38552059
20222,1123002593,5,3,2,0,0,3,0,1,1,0,0,2,0,0,1,0,0,1,0,1,0,8385.24352629
20222,1123002601,49,33,16,0,8,17,22,2,0,0,4,13,15,1,0,0,4,4,7,1,0,1841.85327599
20222,1123002605,34,29,5,0,5,6,7,10,6,0,3,4,6,10,6,0,2,2,1,0,0,13237.1194942
20222,1123002606,4,2,2,0,0,1,1,0,2,0,0,0,1,0,1,0,0,1,0,0,1,4138.75667684
20222,1123002607,91,44,47,0,10,18,31,25,7,0,3,17,10,8,6,0,7,1,21,17,1,3940.03439716
20222,1123002608,5,2,3,0,0,3,0,0,2,0,0,1,0,0,1,0,0,2,0,0,1,7654.08675125
20222,1123002616,60,16,44,0,7,2,10,10,31,0,0,0,2,5,9,0,7,2,8,5,22,9243.73748842
20222,1123002618,11,5,6,0,2,2,1,0,6,0,0,1,0,0,4,0,2,1,1,0,2,6978.0957187
20222,1123002621,17,10,7,0,1,4,5,4,3,0,1,2,3,2,2,0,0,2,2,2,1,3854.78339284
20222,1123002622,207,117,90,3,56,37,45,44,22,2,26,23,30,23,13,1,30,14,15,21,9,2178.13917658
20222,1123002623,14,8,6,0,0,2,1,5,6,0,0,0,0,4,4,0,0,2,1,1,2,5821.58192479
20222,1123002627,4,3,1,0,1,2,1,0,0,0,1,1,1,0,0,0,0,1,0,0,0,3243.50498842
20222,1123002628,120,68,52,0,14,22,18,33,33,0,10,9,8,17,24,0,4,13,10,16,9,14535.9802083
20222,1123002629,80,28,52,0,5,14,17,27,17,0,3,5,8,6,6,0,2,9,9,21,11,3361.02961059
20222,1123002631,21,8,13,0,7,5,2,6,1,0,2,2,0,3,1,0,5,3,2,3,0,9423.44799531
20222,1123002633,237,141,96,0,12,26,41,58,100,0,7,17,19,35,63,0,5,9,22,23,37,10295.3038033
20222,1123002634,3,1,2,0,0,0,0,2,1,0,0,0,0,1,0,0,0,0,0,1,1,4481.7189554
20222,1123002635,14,3,11,0,0,1,5,4,4,0,0,0,2,0,1,0,0,1,3,4,3,2678.94766554
20222,1123002636,5,3,2,0,1,0,2,1,1,0,0,0,1,1,1,0,1,0,1,0,0,1044.62139714
20222,1123002638,8,3,5,0,0,1,2,2,3,0,0,0,1,0,2,0,0,1,1,2,1,3139.23114956
20222,1123002639,37,8,29,0,3,8,8,8,10,0,0,0,0,2,6,0,3,8,8,6,4,5673.18015791
20222,1123002640,216,125,91,0,22,19,29,58,88,0,11,14,13,27,60,0,11,5,16,31,28,7504.99769694
20222,1123002641,4,2,2,0,2,0,0,2,0,0,0,0,0,2,0,0,2,0,0,0,0,1893.06739058
20222,1123002643,15,3,12,0,4,3,1,3,4,0,0,0,0,0,3,0,4,3,1,3,1,5369.47236959
20222,1123002644,6,3,3,0,1,1,0,2,2,0,0,1,0,2,0,0,1,0,0,0,2,1270.4937998
20222,1123002645,10,3,7,0,1,3,2,3,1,0,0,0,0,2,1,0,1,3,2,1,0,5111.00326465
20222,1123002647,11,8,3,0,0,1,6,2,2,0,0,1,5,1,1,0,0,0,1,1,1,1792.53377292
20222,1123002650,54,35,19,0,3,15,6,12,18,0,1,11,3,6,14,0,2,4,3,6,4,3281.86765659
20222,1123002651,353,87,266,0,96,98,86,56,17,0,12,25,19,18,13,0,84,73,67,38,4,6172.00839944
20222,1123002654,3,2,1,0,1,0,2,0,0,0,0,0,2,0,0,0,1,0,0,0,0,3893.0683886
20222,1123002660,26,20,6,1,0,2,16,5,2,1,0,0,13,4,2,0,0,2,3,1,0,4042.42087228
20222,1123002662,8,4,4,0,0,0,3,4,1,0,0,0,2,1,1,0,0,0,1,3,0,1085.16450444
20222,1123002669,2,2,0,0,0,1,0,1,0,0,0,1,0,1,0,0,0,0,0,0,0,934.769917878
20222,1123002674,23,11,12,0,2,2,6,5,8,0,1,1,3,1,5,0,1,1,3,4,3,4746.99512161
20222,1123002677,6,4,2,0,1,2,1,1,1,0,0,2,1,0,1,0,1,0,0,1,0,719.96882156
20222,1123002683,22,18,4,0,0,5,8,9,0,0,0,2,7,9,0,0,0,3,1,0,0,781.21546642
20222,1123002684,3,1,2,0,1,0,0,2,0,0,0,0,0,1,0,0,1,0,0,1,0,1603.46469515
20222,1123002690,4,2,2,0,0,0,2,2,0,0,0,0,1,1,0,0,0,0,1,1,0,2896.75745726
20222,1123002692,10,0,10,0,0,3,3,4,0,0,0,0,0,0,0,0,0,3,3,4,0,1233.39585641
20222,1123002697,4,2,2,0,0,0,0,2,2,0,0,0,0,0,2,0,0,0,0,2,0,1989.42465704
20222,1123002699,10,9,1,0,1,5,2,1,1,0,1,4,2,1,1,0,0,1,0,0,0,926.081338484
20222,1123002701,5,4,1,0,0,0,5,0,0,0,0,0,4,0,0,0,0,0,1,0,0,778.779638929
20222,1123002706,2,0,2,0,0,0,1,1,0,0,0,0,0,0,0,0,0,0,1,1,0,1445.25842996
20222,1123002707,47,42,5,0,0,1,10,5,31,0,0,1,5,5,31,0,0,0,5,0,0,10946.0681679
20222,1123002708,6,2,4,0,0,2,3,0,1,0,0,0,2,0,0,0,0,2,1,0,1,4176.15077947
20222,1123002713,3,1,2,0,0,0,0,3,0,0,0,0,0,1,0,0,0,0,0,2,0,9693.84098584
20222,1123002714,43,27,16,0,8,8,15,5,7,0,5,3,8,4,7,0,3,5,7,1,0,4680.70346453
20222,1123002715,1,1,0,0,0,0,0,1,0,0,0,0,0,1,0,0,0,0,0,0,0,1253.9989814
20222,1123002717,2,2,0,0,0,0,1,1,0,0,0,0,1,1,0,0,0,0,0,0,0,2431.05873191
20222,1123002719,2,2,0,0,0,0,2,0,0,0,0,0,2,0,0,0,0,0,0,0,0,975.571989327
20222,1123002723,55,33,22,0,8,11,21,11,4,0,4,4,14,8,3,0,4,7,7,3,1,6040.37530546
20222,1123002725,2,2,0,0,0,0,1,0,1,0,0,0,1,0,1,0,0,0,0,0,0,3743.19124982
20222,1123002729,4,1,3,0,0,0,0,3,1,0,0,0,0,1,0,0,0,0,0,2,1,2279.12340816
20222,1123002733,16,13,3,0,1,4,5,6,0,0,0,4,4,5,0,0,1,0,1,1,0,5199.83648477
20222,1123002734,1,1,0,0,0,0,1,0,0,0,0,0,1,0,0,0,0,0,0,0,0,1502.51419786
20222,1123002736,6,5,1,0,1,0,3,2,0,0,0,0,3,2,0,0,1,0,0,0,0,2096.69549657
20222,1123002738,19,11,8,0,2,9,5,3,0,0,1,7,1,2,0,0,1,2,4,1,0,5995.60777454
20222,1123002742,6,5,1,0,0,1,1,3,1,0,0,0,1,3,1,0,0,1,0,0,0,5582.61413012
20222,1123002746,6,4,2,0,3,1,1,1,0,0,3,0,0,1,0,0,0,1,1,0,0,574.036106706
20222,1123002749,1,1,0,0,0,0,0,0,1,0,0,0,0,0,1,0,0,0,0,0,0,787.454644106
20222,1123002751,19,7,12,0,8,8,2,1,0,0,2,4,1,0,0,0,6,4,1,1,0,4083.93505586
20222,1123002755,249,59,190,1,30,20,16,43,139,1,6,10,9,5,28,0,24,10,7,38,111,7310.33141785
20222,1123002756,11,4,7,0,1,0,3,6,1,0,0,0,2,2,0,0,1,0,1,4,1,6327.95327245
20222,1123002757,1,1,0,0,0,0,0,1,0,0,0,0,0,1,0,0,0,0,0,0,0,5494.58312936
20222,1123002761,13,8,5,0,3,3,4,1,2,0,3,0,3,0,2,0,0,3,1,1,0,3105.93828489
20222,1123002766,18,3,15,0,5,5,3,3,2,0,0,1,2,0,0,0,5,4,1,3,2,7574.87214461
20222,1123002767,8,8,0,0,1,2,2,3,0,0,1,2,2,3,0,0,0,0,0,0,0,4733.72402152
20222,1123002769,2,2,0,0,0,0,0,0,2,0,0,0,0,0,2,0,0,0,0,0,0,2698.34449133
20222,1123002774,7,5,2,0,0,0,2,3,2,0,0,0,0,3,2,0,0,0,2,0,0,2959.69723667
20222,1123002776,802,598,204,0,138,382,114,113,55,0,87,323,78,80,30,0,51,59,36,33,25,5416.71290985
20222,1123002781,10,1,9,0,0,1,1,6,2,0,0,0,0,1,0,0,0,1,1,5,2,5162.70193978
20222,1123002784,19,8,11,0,1,6,7,4,1,0,1,4,2,1,0,0,0,2,5,3,1,2008.60643332
20222,1123002785,36,12,24,0,7,10,6,13,0,0,2,1,2,7,0,0,5,9,4,6,0,18019.1780333
20222,1123002786,6,2,4,0,1,0,2,3,0,0,0,0,1,1,0,0,1,0,1,2,0,4069.79125929
20222,1123002791,2,2,0,0,0,0,0,0,2,0,0,0,0,0,2,0,0,0,0,0,0,4494.47104337
20222,1123002792,9,4,5,0,1,3,1,4,0,0,0,0,1,3,0,0,1,3,0,1,0,2008.5003708
20222,1123002794,3,2,1,0,0,0,2,1,0,0,0,0,1,1,0,0,0,0,1,0,0,1972.92056067
20222,1123002797,114,27,87,0,21,25,25,23,20,0,9,8,3,3,4,0,12,17,22,20,16,13109.7705542
20222,1123002807,30,12,18,0,1,16,7,5,1,0,1,5,2,3,1,0,0,11,5,2,0,18763.0717535
20222,1123002811,5,4,1,0,1,1,1,2,0,0,1,1,0,2,0,0,0,0,1,0,0,823.418927319
20222,1123002814,14,6,8,0,1,4,2,3,4,0,0,3,0,0,3,0,1,1,2,3,1,6168.85521255
20222,1123002823,13,9,4,0,0,1,11,1,0,0,0,1,8,0,0,0,0,0,3,1,0,1481.26778293
20222,1123002827,5,4,1,0,0,1,1,1,2,0,0,1,1,1,1,0,0,0,0,0,1,1070.50199421
20222,1123002829,15,12,3,0,0,2,3,7,3,0,0,2,3,6,1,0,0,0,0,1,2,4181.02332029
20222,1123002831,3,1,2,0,0,0,1,0,2,0,0,0,1,0,0,0,0,0,0,0,2,5406.19270289
20222,1123002832,36,3,33,0,2,7,17,8,2,0,0,0,2,1,0,0,2,7,15,7,2,16011.9000326
20222,1123002833,2,1,1,0,0,0,1,1,0,0,0,0,0,1,0,0,0,0,1,0,0,4835.77166826
20222,1123002834,386,244,142,0,45,106,101,105,29,0,9,48,76,87,24,0,36,58,25,18,5,145231.340463
20222,1123002839,433,279,154,1,101,179,87,46,19,1,44,116,66,39,13,0,57,63,21,7,6,86929.4344295
20222,1123002840,783,366,417,1,238,302,113,86,43,0,79,128,68,55,36,1,159,174,45,31,7,204928.740361
20222,1123002845,1,0,1,0,0,0,0,1,0,0,0,0,0,0,0,0,0,0,0,1,0,1857.92952282
20222,1123002847,2,1,1,0,0,1,0,1,0,0,0,0,0,1,0,0,0,1,0,0,0,1332.09506987
20222,1123002848,4,0,4,0,0,2,0,2,0,0,0,0,0,0,0,0,0,2,0,2,0,2581.0345929
20222,1123002851,46,40,6,0,0,2,1,9,34,0,0,0,0,6,34,0,0,2,1,3,0,1452.37187066
20222,1123002865,4,1,3,0,2,0,0,2,0,0,0,0,0,1,0,0,2,0,0,1,0,5373.72049496
20222,1123002868,260,121,139,0,37,62,57,70,34,0,9,21,32,33,26,0,28,41,25,37,8,1510.91950751
20222,1123002876,47,26,21,1,5,18,15,6,2,1,3,10,9,3,0,0,2,8,6,3,2,15017.9680694
20222,1123002877,4,0,4,0,0,0,4,0,0,0,0,0,0,0,0,0,0,0,4,0,0,1607.11077524
20222,1123002880,4,4,0,0,0,3,1,0,0,0,0,3,1,0,0,0,0,0,0,0,0,6573.82251752
20222,1123002883,2,1,1,0,0,0,0,2,0,0,0,0,0,1,0,0,0,0,0,1,0,1318.55705442
20222,1123002886,2,1,1,0,0,0,1,1,0,0,0,0,0,1,0,0,0,0,1,0,0,2935.76638306
20222,1123002891,17,7,10,0,3,2,7,5,0,0,0,2,2,3,0,0,3,0,5,2,0,9962.6035372
20222,1123002895,14,7,7,0,0,2,3,4,5,0,0,2,1,1,3,0,0,0,2,3,2,4137.9390375
20222,1123002896,3,0,3,0,1,2,0,0,0,0,0,0,0,0,0,0,1,2,0,0,0,3959.52459558
20222,1123002898,28,6,22,0,6,10,5,5,2,0,2,1,1,1,1,0,4,9,4,4,1,6010.32442575
20222,1123002899,4,4,0,0,2,0,0,1,1,0,2,0,0,1,1,0,0,0,0,0,0,3200.76256493
20222,1123002900,25,18,7,0,0,6,9,7,3,0,0,5,5,6,2,0,0,1,4,1,1,13063.948137
20222,1123002901,13,9,4,0,1,0,1,5,6,0,0,0,0,5,4,0,1,0,1,0,2,3447.72831246
20222,1123002903,2,2,0,0,0,0,1,1,0,0,0,0,1,1,0,0,0,0,0,0,0,4492.04775526
20222,1123002905,10,9,1,0,5,2,0,0,3,0,4,2,0,0,3,0,1,0,0,0,0,5201.55250318
20222,1123002906,2,1,1,0,0,0,0,0,2,0,0,0,0,0,1,0,0,0,0,0,1,1563.78613036
20222,1123002907,5,2,3,0,0,0,2,1,2,0,0,0,1,0,1,0,0,0,1,1,1,4459.29513123
20222,1123002908,5,0,5,0,0,1,2,2,0,0,0,0,0,0,0,0,0,1,2,2,0,1661.85417865
20222,1123002911,6,0,6,0,0,0,4,1,1,0,0,0,0,0,0,0,0,0,4,1,1,3750.41693968
20222,1123002914,6,2,4,0,1,1,1,2,1,0,0,0,1,1,0,0,1,1,0,1,1,4604.29294001
20222,1123002915,13,5,8,0,1,2,4,1,5,0,0,2,2,0,1,0,1,0,2,1,4,4925.59184714
20222,1123002916,4,1,3,0,0,0,2,2,0,0,0,0,0,1,0,0,0,0,2,1,0,4142.42363309
20222,1123002917,4,3,1,0,0,1,0,2,1,0,0,1,0,1,1,0,0,0,0,1,0,603.027519223
20222,1123002918,9,0,9,0,3,3,1,0,2,0,0,0,0,0,0,0,3,3,1,0,2,1004.19322794
20222,1123002919,91,14,77,0,6,25,33,22,5,0,1,4,4,1,4,0,5,21,29,21,1,17689.5856703
20222,1123002920,5,4,1,0,0,0,0,2,3,0,0,0,0,2,2,0,0,0,0,0,1,2780.02974491
20222,1123002923,6,2,4,0,1,0,2,2,1,0,0,0,0,2,0,0,1,0,2,0,1,4296.91466037
20222,1123002924,15,6,9,0,2,8,2,0,3,0,0,4,1,0,1,0,2,4,1,0,2,3736.83245655
20222,1123002925,5,1,4,0,1,1,1,1,1,0,1,0,0,0,0,0,0,1,1,1,1,2422.05723758
20222,1123002926,22,9,13,0,4,6,4,3,5,0,4,1,1,1,2,0,0,5,3,2,3,1926.12998818
20222,1123002928,7,3,4,0,3,2,1,1,0,0,0,1,1,1,0,0,3,1,0,0,0,5427.73148192
20222,1123002929,17,11,6,0,0,6,5,2,4,0,0,4,5,1,1,0,0,2,0,1,3,6990.87268715
20222,1123002931,3,2,1,0,0,1,1,1,0,0,0,0,1,1,0,0,0,1,0,0,0,2471.75163454
20222,1123002937,52,42,10,0,1,9,20,11,11,0,1,7,16,8,10,0,0,2,4,3,1,34094.480476
20222,1123002938,15,6,9,0,8,2,5,0,0,0,1,1,4,0,0,0,7,1,1,0,0,68381.0030704
20222,1123002941,8,7,1,0,0,1,2,2,3,0,0,1,2,2,2,0,0,0,0,0,1,2186.89832288
20222,1123002942,16,9,7,1,1,5,2,3,4,0,0,3,1,2,3,1,1,2,1,1,1,8655.7840371
20222,1123002943,34,17,17,0,5,9,9,5,6,0,3,5,3,3,3,0,2,4,6,2,3,11806.3933984
20222,1123002946,1,1,0,0,1,0,0,0,0,0,1,0,0,0,0,0,0,0,0,0,0,2280.66381413
20222,1123002949,7,6,1,0,0,0,2,5,0,0,0,0,2,4,0,0,0,0,0,1,0,1173.42272159
20222,1123002951,15,9,6,0,1,1,4,3,6,0,1,1,3,0,4,0,0,0,1,3,2,3091.96541572
20222,1123002952,3,2,1,0,0,1,1,0,1,0,0,1,1,0,0,0,0,0,0,0,1,3942.64469453
20222,1123002953,5,3,2,1,1,0,1,1,1,1,0,0,1,1,0,0,1,0,0,0,1,4089.65904967
20222,1123002954,20,9,11,0,6,8,2,1,3,0,1,4,1,0,3,0,5,4,1,1,0,5493.46665185
20222,1123002956,4,4,0,0,0,0,0,1,3,0,0,0,0,1,3,0,0,0,0,0,0,22550.5034436
20222,1123002959,7,6,1,0,0,0,3,2,2,0,0,0,3,1,2,0,0,0,0,1,0,1461.94013885
20222,1123002960,3,1,2,0,0,1,1,1,0,0,0,0,0,1,0,0,0,1,1,0,0,2876.59289452
20222,1123002964,20,17,3,0,0,3,2,6,9,0,0,2,2,4,9,0,0,1,0,2,0,10333.6074492
20222,1123002965,2,1,1,0,0,1,0,0,1,0,0,0,0,0,1,0,0,1,0,0,0,1421.04892608
20222,1123002966,27,15,12,0,6,2,4,6,9,0,2,2,2,2,7,0,4,0,2,4,2,3956.03477432
20222,1123002967,84,54,30,0,14,8,28,25,9,0,8,6,15,17,8,0,6,2,13,8,1,13051.1044731
20222,1123002968,2,1,1,0,0,0,0,1,1,0,0,0,0,0,1,0,0,0,0,1,0,6251.95843482
20222,1123002974,319,252,67,0,20,58,110,115,16,0,10,50,85,96,11,0,10,8,25,19,5,4514.14451559
20222,1123002982,2,2,0,0,0,0,1,0,1,0,0,0,1,0,1,0,0,0,0,0,0,5860.91184551
20222,1123002985,230,126,104,0,26,57,60,49,38,0,11,36,41,30,8,0,15,21,19,19,30,1232.6863747
20222,1123002986,5,4,1,0,0,0,2,1,2,0,0,0,2,0,2,0,0,0,0,1,0,7121.21524291
20222,1123002990,47,33,14,0,7,4,12,14,10,0,5,4,6,9,9,0,2,0,6,5,1,12047.0287981
20222,1123002991,37,23,14,0,3,5,7,8,14,0,2,2,3,4,12,0,1,3,4,4,2,5781.13744145
20222,1123002993,4,4,0,0,0,0,2,0,2,0,0,0,2,0,2,0,0,0,0,0,0,6875.16128071
20222,1123002995,5,1,4,0,2,2,1,0,0,0,0,0,1,0,0,0,2,2,0,0,0,1339.17571596
20222,1123002996,92,27,65,0,10,15,14,5,48,0,3,6,3,2,13,0,7,9,11,3,35,7871.0655319
20222,1123002998,3,0,3,0,2,0,0,1,0,0,0,0,0,0,0,0,2,0,0,1,0,2231.43201635
20222,1123002999,2,2,0,0,0,0,1,1,0,0,0,0,1,1,0,0,0,0,0,0,0,1162.60106867
20222,1123003009,35,17,18,1,3,9,14,7,1,0,2,1,8,5,1,1,1,8,6,2,0,5556.41635339
20222,1123003012,8,5,3,0,1,2,2,2,1,0,0,0,2,2,1,0,1,2,0,0,0,1218.34512365
20222,1123003014,3,2,1,0,0,2,0,0,1,0,0,1,0,0,1,0,0,1,0,0,0,1182.30404241
20222,1123003018,12,11,1,0,0,2,1,5,4,0,0,2,0,5,4,0,0,0,1,0,0,8835.50062464
20222,1123003020,14,8,6,0,3,3,4,3,1,0,3,2,2,1,0,0,0,1,2,2,1,7216.11136233
20222,1123003022,2,1,1,0,0,0,2,0,0,0,0,0,1,0,0,0,0,0,1,0,0,1677.00612323
20222,1123003023,39,7,32,0,5,11,9,9,5,0,1,0,2,2,2,0,4,11,7,7,3,2959.45200321
20222,1123003024,17,2,15,0,0,5,5,4,3,0,0,0,0,0,2,0,0,5,5,4,1,1400.23542553
20222,1123003025,4,3,1,0,0,2,1,1,0,0,0,1,1,1,0,0,0,1,0,0,0,3303.94673515
20222,1123003029,5,4,1,0,0,0,0,5,0,0,0,0,0,4,0,0,0,0,0,1,0,4524.61911672
20222,1123003032,115,63,52,2,22,34,19,28,10,0,2,14,13,25,9,2,20,20,6,3,1,12058.3743236
20222,1123003034,5,1,4,0,0,0,1,4,0,0,0,0,0,1,0,0,0,0,1,3,0,2565.69065106
20222,1123003037,2,1,1,0,0,0,0,1,1,0,0,0,0,1,0,0,0,0,0,0,1,3638.95708217
20222,1123003038,9,4,5,0,0,1,1,3,4,0,0,1,0,2,1,0,0,0,1,1,3,3698.24780991
20222,1123003044,3,3,0,0,0,1,2,0,0,0,0,1,2,0,0,0,0,0,0,0,0,3574.12178366
20222,1123003046,3,2,1,0,0,0,1,1,1,0,0,0,1,0,1,0,0,0,0,1,0,3867.1605798
20222,1123003052,31,7,24,0,3,0,1,7,20,0,1,0,1,2,3,0,2,0,0,5,17,3927.52294582
20222,1123003057,10,6,4,0,1,0,2,3,4,0,1,0,1,1,3,0,0,0,1,2,1,3167.75738429
20222,1123003059,5,4,1,0,0,2,0,1,2,0,0,2,0,0,2,0,0,0,0,1,0,1313.90936941
20222,1123003060,16,12,4,0,1,1,4,8,2,0,0,1,3,6,2,0,1,0,1,2,0,3224.03133839
20222,1123003061,2,2,0,0,0,0,2,0,0,0,0,0,2,0,0,0,0,0,0,0,0,3218.04294109
20222,1123003063,13,6,7,0,5,2,2,1,3,0,1,1,1,1,2,0,4,1,1,0,1,9640.84880546
20222,1123003065,3,2,1,0,0,2,0,0,1,0,0,1,0,0,1,0,0,1,0,0,0,3022.13577466
20222,1123003066,17,3,14,0,0,7,3,6,1,0,0,1,0,2,0,0,0,6,3,4,1,1166.57534
20222,1123003067,18,1,17,0,3,5,3,4,3,0,0,0,0,0,1,0,3,5,3,4,2,1538.43611938
20222,1123003068,7,7,0,0,0,0,2,4,1,0,0,0,2,4,1,0,0,0,0,0,0,4541.00568846
20222,1123003069,3,2,1,0,1,0,0,2,0,0,0,0,0,2,0,0,1,0,0,0,0,1889.17113346
20222,1123003070,16,8,8,0,0,1,2,2,11,0,0,1,1,1,5,0,0,0,1,1,6,11129.0370473
20222,1123003078,2,2,0,0,0,0,1,1,0,0,0,0,1,1,0,0,0,0,0,0,0,1068.36855711
20222,1123003082,105,41,64,0,8,31,37,23,6,0,2,8,12,15,4,0,6,23,25,8,2,2342.93071185
20222,1123003094,186,107,79,0,22,45,48,46,25,0,10,21,23,29,24,0,12,24,25,17,1,5618.47306291
20222,1123003100,18,2,16,0,5,4,6,1,2,0,0,0,0,1,1,0,5,4,6,0,1,7604.23128972
20222,1123003105,39,18,21,0,9,10,9,9,2,0,3,3,5,5,2,0,6,7,4,4,0,3015.93063789
20222,1123003107,678,421,257,5,58,126,204,175,110,3,26,61,117,113,101,2,32,65,87,62,9,4626.95567548
20222,1123003118,4,3,1,0,0,0,2,2,0,0,0,0,2,1,0,0,0,0,0,1,0,4249.76234106
20222,1123003119,50,39,11,0,3,20,18,1,8,0,2,17,11,1,8,0,1,3,7,0,0,12868.6711485
20222,1123003120,25,15,10,0,1,2,7,13,2,0,1,2,6,6,0,0,0,0,1,7,2,11398.4598182
20222,1123003122,10,1,9,0,3,2,1,2,2,0,0,0,0,0,1,0,3,2,1,2,1,3272.18602586
20222,1123003124,185,82,103,0,26,43,43,59,14,0,13,15,9,35,10,0,13,28,34,24,4,19358.6191889
20222,1123003128,9,3,6,0,2,5,0,1,1,0,0,2,0,0,1,0,2,3,0,1,0,12928.1814159
20222,1123003129,22,17,5,0,2,5,8,6,1,0,2,3,7,4,1,0,0,2,1,2,0,4091.84871842
20222,1123003130,4,3,1,0,0,0,1,1,2,0,0,0,1,1,1,0,0,0,0,0,1,1471.64044485
20222,1123003131,4,2,2,0,0,0,1,2,1,0,0,0,0,1,1,0,0,0,1,1,0,3349.4808711
20222,1123003136,2,1,1,0,0,1,1,0,0,0,0,0,1,0,0,0,0,1,0,0,0,884.504306945
20222,1123003137,314,221,93,0,24,118,122,50,0,0,13,77,91,40,0,0,11,41,31,10,0,27614.2424638
20222,1123003138,18,7,11,0,0,0,6,9,3,0,0,0,3,2,2,0,0,0,3,7,1,8513.5283851
20222,1123003139,34,11,23,0,4,11,5,14,0,0,0,2,2,7,0,0,4,9,3,7,0,15038.7415062
20222,1123003144,5,3,2,0,0,0,0,3,2,0,0,0,0,1,2,0,0,0,0,2,0,1993.21277869
20222,1123003146,19,16,3,0,5,2,1,7,4,0,5,2,0,5,4,0,0,0,1,2,0,2252.1967799
20222,1123003147,67,10,57,0,8,15,18,22,4,0,1,2,0,3,4,0,7,13,18,19,0,17303.1775195
20222,1123003148,2,1,1,0,0,0,2,0,0,0,0,0,1,0,0,0,0,0,1,0,0,3128.59616429
20222,1123003150,297,225,72,1,6,12,9,21,248,1,2,7,1,12,202,0,4,5,8,9,46,5558.46557363
20222,1123003151,2,2,0,0,1,1,0,0,0,0,1,1,0,0,0,0,0,0,0,0,0,1743.12974971
20222,1123003153,19,3,16,0,0,6,4,7,2,0,0,1,1,0,1,0,0,5,3,7,1,2316.69666325
20222,1123003154,3,3,0,0,0,0,2,1,0,0,0,0,2,1,0,0,0,0,0,0,0,6281.24073051
20222,1123003155,20,11,9,0,1,0,3,11,5,0,1,0,2,4,4,0,0,0,1,7,1,3363.2077305
20222,1123003156,1,1,0,0,0,0,1,0,0,0,0,0,1,0,0,0,0,0,0,0,0,1373.31387675
20222,1123003158,18,16,2,0,0,3,5,4,6,0,0,3,4,4,5,0,0,0,1,0,1,8970.64619539
20222,1123003159,63,51,12,0,7,17,23,13,3,0,4,13,19,12,3,0,3,4,4,1,0,5480.83401
20222,1123003161,1,1,0,0,0,0,0,1,0,0,0,0,0,1,0,0,0,0,0,0,0,23579.4917903
20222,1123003166,3,1,2,0,0,1,0,1,1,0,0,0,0,0,1,0,0,1,0,1,0,3247.92058127
20222,1123003171,53,15,38,0,6,15,14,17,1,0,1,3,4,7,0,0,5,12,10,10,1,13633.9854419
20222,1123003175,8,7,1,0,0,1,2,2,3,0,0,1,2,2,2,0,0,0,0,0,1,9316.32131498
20222,1123003181,6,5,1,0,0,2,0,3,1,0,0,2,0,2,1,0,0,0,0,1,0,3407.7166487
20222,1123003182,3,2,1,0,0,1,1,1,0,0,0,0,1,1,0,0,0,1,0,0,0,2931.7594135
20222,1123003184,2,0,2,0,0,0,1,0,1,0,0,0,0,0,0,0,0,0,1,0,1,1837.34800783
20222,1123003186,55,37,18,0,3,14,19,19,0,0,1,7,11,18,0,0,2,7,8,1,0,1775.20415458
20222,1123003187,4,3,1,0,0,1,1,2,0,0,0,1,0,2,0,0,0,0,1,0,0,2689.88167951
20222,1123003192,4,4,0,0,0,0,1,3,0,0,0,0,1,3,0,0,0,0,0,0,0,3395.39822332
20222,1123003194,5,4,1,0,1,0,3,1,0,0,1,0,2,1,0,0,0,0,1,0,0,3940.78552013
20222,1123003195,7,4,3,0,0,0,1,5,1,0,0,0,1,3,0,0,0,0,0,2,1,2096.1240028
20222,1123003198,1,1,0,0,0,0,0,0,1,0,0,0,0,0,1,0,0,0,0,0,0,1773.35958788
20222,1123003199,13,8,5,0,1,5,3,3,1,0,1,2,1,3,1,0,0,3,2,0,0,11968.2079724
20222,1123003200,5,2,3,0,0,0,2,0,3,0,0,0,0,0,2,0,0,0,2,0,1,3125.45551703
20222,1123003201,126,50,76,0,22,34,37,19,14,0,2,11,15,10,12,0,20,23,22,9,2,3733.1613408
20222,1123003202,6,5,1,0,0,2,3,1,0,0,0,2,2,1,0,0,0,0,1,0,0,11987.7122254
20222,1123003204,4,4,0,0,0,0,1,1,2,0,0,0,1,1,2,0,0,0,0,0,0,3210.21328573
20222,1123003208,3,2,1,0,0,2,0,0,1,0,0,1,0,0,1,0,0,1,0,0,0,3851.541978
20222,1123003210,1,0,1,0,0,0,1,0,0,0,0,0,0,0,0,0,0,0,1,0,0,4020.53359944
20222,1123003211,62,45,17,0,12,16,17,12,5,0,8,13,12,8,4,0,4,3,5,4,1,8274.21403272
20222,1123003213,15,0,15,0,2,4,4,5,0,0,0,0,0,0,0,0,2,4,4,5,0,5956.24610527
20222,1123003214,7,0,7,0,0,0,4,2,1,0,0,0,0,0,0,0,0,0,4,2,1,1257.14468851
20222,1123003216,6,6,0,0,0,0,2,4,0,0,0,0,2,4,0,0,0,0,0,0,0,2667.28280985
20222,1123003217,6,2,4,1,0,2,2,1,0,0,0,1,0,1,0,1,0,1,2,0,0,3329.87581324
20222,1123003221,4,2,2,0,0,1,3,0,0,0,0,1,1,0,0,0,0,0,2,0,0,2101.70309045
20222,1123003222,7,2,5,0,0,1,4,1,1,0,0,1,0,1,0,0,0,0,4,0,1,2742.40524015
20222,1123003223,2,2,0,0,2,0,0,0,0,0,2,0,0,0,0,0,0,0,0,0,0,610.98000847
20222,1123003225,28,11,17,0,3,4,9,2,10,0,0,0,2,1,8,0,3,4,7,1,2,10602.3289047
20222,1123003227,5,3,2,0,0,1,1,1,2,0,0,0,0,1,2,0,0,1,1,0,0,3652.08823396
20222,1123003228,1,0,1,0,0,1,0,0,0,0,0,0,0,0,0,0,0,1,0,0,0,2456.07411552
20222,1123003230,163,52,111,0,15,17,34,42,55,0,7,8,17,11,9,0,8,9,17,31,46,141007.569639
20222,1123003231,1499,630,869,0,323,352,359,382,83,0,64,161,193,169,43,0,259,191,166,213,40,4303.94168553
20222,1123003242,4,2,2,0,0,0,0,1,3,0,0,0,0,1,1,0,0,0,0,0,2,6594.92086151
20222,1123003243,15,12,3,0,1,5,5,3,1,0,1,5,3,2,1,0,0,0,2,1,0,4674.05976834
20222,1123003244,5,3,2,0,1,0,0,2,2,0,0,0,0,1,2,0,1,0,0,1,0,2617.4533702
20222,1123003245,38,8,30,0,2,7,16,11,2,0,0,1,3,3,1,0,2,6,13,8,1,3968.17004883
20222,1129000001,19,1,18,0,4,6,4,3,2,0,0,0,0,0,1,0,4,6,4,3,1,3003.00535396
20222,1129000003,63,37,26,0,4,17,18,16,8,0,0,10,7,13,7,0,4,7,11,3,1,2810.55308507
20222,1129000008,88,19,69,0,36,24,10,8,10,0,2,5,3,2,7,0,34,19,7,6,3,7946.14242889
20222,1129000013,4,1,3,0,1,0,2,1,0,0,0,0,0,1,0,0,1,0,2,0,0,2883.14216599
20222,1129000016,2,0,2,0,0,0,1,0,1,0,0,0,0,0,0,0,0,0,1,0,1,1720.46424123
20222,1129000026,19,2,17,0,5,5,4,3,2,0,0,0,0,0,2,0,5,5,4,3,0,677.896615756
20222,1129000031,173,89,84,0,16,45,43,46,23,0,6,26,26,15,16,0,10,19,17,31,7,7682.32234575
20222,1129000032,8,4,4,0,0,2,1,2,3,0,0,2,0,0,2,0,0,0,1,2,1,3930.49844048
20222,1129000039,6,4,2,0,0,1,2,0,3,0,0,0,1,0,3,0,0,1,1,0,0,2677.49029149
20222,1129000042,5,0,5,0,0,0,2,0,3,0,0,0,0,0,0,0,0,0,2,0,3,17067.9713324
20222,1129000047,4,1,3,0,0,0,3,1,0,0,0,0,0,1,0,0,0,0,3,0,0,10290.4625534
20222,1129000049,42,9,33,0,12,7,11,8,4,0,0,0,5,2,2,0,12,7,6,6,2,8054.58226851
20222,1129000051,89,52,37,0,16,21,30,15,7,0,7,15,17,8,5,0,9,6,13,7,2,3961.21404433
20222,1129000062,218,74,144,1,29,62,65,38,23,0,13,20,16,14,11,1,16,42,49,24,12,2211.8899486
20222,1129000063,1,0,1,0,0,1,0,0,0,0,0,0,0,0,0,0,0,1,0,0,0,1984.38510667
20222,1129000070,358,154,204,0,45,52,105,117,39,0,22,25,42,40,25,0,23,27,63,77,14,27762.0060369
20222,1129000078,26,24,2,0,0,4,15,6,1,0,0,4,14,5,1,0,0,0,1,1,0,2532.94933053
20222,1129000086,104,47,57,0,28,16,25,17,18,0,10,7,10,7,13,0,18,9,15,10,5,2544.84774991
20222,1129000099,7,0,7,0,0,0,0,5,2,0,0,0,0,0,0,0,0,0,0,5,2,4588.45491458
20222,1129000104,29,12,17,0,0,7,10,5,7,0,0,3,4,2,3,0,0,4,6,3,4,7549.06429063
20222,1129000105,21,13,8,0,0,1,10,6,4,0,0,0,5,4,4,0,0,1,5,2,0,9426.87632765
20222,1129000115,120,68,52,1,33,41,24,16,5,0,16,27,10,10,5,1,17,14,14,6,0,1328.92312917
20222,1129000117,48,33,15,0,4,8,16,14,6,0,3,5,10,10,5,0,1,3,6,4,1,6622.64540695
20222,1129000118,20,3,17,0,1,6,8,4,1,0,0,0,1,1,1,0,1,6,7,3,0,5725.0525603
20222,1129000119,235,179,56,2,12,33,48,57,83,0,3,22,34,42,78,2,9,11,14,15,5,3283.84044582
20222,1129000131,35,9,26,0,10,12,6,4,3,0,0,3,3,2,1,0,10,9,3,2,2,4121.38126759
20222,1129000141,23,3,20,0,3,5,7,6,2,0,0,0,1,1,1,0,3,5,6,5,1,5649.8863137
20222,1129000149,272,135,137,0,32,45,106,66,23,0,12,21,50,42,10,0,20,24,56,24,13,3072.52310862
20222,1129000151,103,15,88,0,13,36,28,24,2,0,0,4,5,4,2,0,13,32,23,20,0,19784.0317989
20222,1129000154,4104,2068,2036,415,1905,1079,431,183,91,176,863,612,254,88,75,239,1042,467,177,95,16,2911.71914429
20222,1129000199,51,10,41,0,2,9,19,11,10,0,0,1,1,1,7,0,2,8,18,10,3,14872.3100721
20222,1129000200,32,29,3,0,0,1,3,8,20,0,0,1,3,5,20,0,0,0,0,3,0,4605.01613628
20222,1129000205,45,14,31,0,12,8,5,15,5,0,4,1,2,4,3,0,8,7,3,11,2,9684.75492897
20222,1129000216,15,9,6,0,1,1,5,4,4,0,0,0,3,3,3,0,1,1,2,1,1,7192.74839825
20222,1129000217,4,3,1,0,1,0,3,0,0,0,1,0,2,0,0,0,0,0,1,0,0,4529.78713502
20222,1129000218,6,3,3,0,0,0,3,2,1,0,0,0,1,2,0,0,0,0,2,0,1,2002.22047374
20222,1129000222,1,0,1,0,0,0,0,1,0,0,0,0,0,0,0,0,0,0,0,1,0,2355.9686265
20222,1129000226,25,18,7,0,0,5,11,4,5,0,0,2,10,2,4,0,0,3,1,2,1,5691.90574767
20222,1129000231,7,3,4,0,1,4,1,1,0,0,1,2,0,0,0,0,0,2,1,1,0,28476.078963
20222,1129000236,7,5,2,0,0,0,2,2,3,0,0,0,1,1,3,0,0,0,1,1,0,3825.23928098
20222,1129000238,18,13,5,0,0,5,2,7,4,0,0,2,2,7,2,0,0,3,0,0,2,10132.1033128
20222,1129000239,28,7,21,0,1,6,8,12,1,0,0,1,1,5,0,0,1,5,7,7,1,1974.53794165
20222,1129000240,19,12,7,0,2,4,4,5,4,0,1,2,2,3,4,0,1,2,2,2,0,5983.87898946
20222,1129000242,25,10,15,0,0,3,8,6,8,0,0,1,1,3,5,0,0,2,7,3,3,5381.7570772
20222,1129000243,10,7,3,1,0,3,6,0,0,0,0,3,4,0,0,1,0,0,2,0,0,5539.74042375
20222,1129000248,59,8,51,0,0,4,16,28,11,0,0,0,1,3,4,0,0,4,15,25,7,3053.45355792
20222,1129000249,93,19,74,0,12,17,19,26,19,0,2,5,5,1,6,0,10,12,14,25,13,11260.2036519
20222,1129000250,10,8,2,0,1,6,3,0,0,0,1,5,2,0,0,0,0,1,1,0,0,2917.0277682
20222,1129000252,25,16,9,0,1,9,7,6,2,0,1,6,4,4,1,0,0,3,3,2,1,2494.45260442
20222,1129000253,80,38,42,1,10,20,28,14,7,1,0,9,18,7,3,0,10,11,10,7,4,10863.379154
20222,1129000255,39,29,10,0,8,8,9,10,4,0,8,6,7,5,3,0,0,2,2,5,1,18553.8109315
20222,1129000259,2,1,1,0,0,0,1,1,0,0,0,0,1,0,0,0,0,0,0,1,0,3430.41905732
20222,1129000260,22,9,13,1,7,5,3,3,3,1,4,1,1,1,1,0,3,4,2,2,2,11322.6441677
20222,1129000262,38,10,28,0,11,7,9,9,2,0,5,1,1,2,1,0,6,6,8,7,1,3209.41082252
20222,1129000265,5,1,4,0,0,2,0,2,1,0,0,0,0,1,0,0,0,2,0,1,1,3424.79930994
20222,1129000273,12,7,5,0,1,2,5,3,1,0,1,2,2,2,0,0,0,0,3,1,1,4934.1020933
20222,1129000275,10,0,10,0,2,3,2,2,1,0,0,0,0,0,0,0,2,3,2,2,1,3805.91350446
20222,1129000280,12,7,5,0,1,1,3,3,4,0,1,1,1,1,3,0,0,0,2,2,1,2940.64197682
20222,1129000281,2,1,1,0,0,0,0,1,1,0,0,0,0,0,1,0,0,0,0,1,0,1873.3090004
20222,1129000284,50,25,25,0,3,10,14,14,9,0,2,5,9,6,3,0,1,5,5,8,6,17453.3113364
20222,1129000294,6,1,5,0,0,1,1,2,2,0,0,0,0,1,0,0,0,1,1,1,2,2356.93864494
20222,1129000303,5,3,2,0,0,0,2,3,0,0,0,0,1,2,0,0,0,0,1,1,0,5690.15376419
20222,1129000318,17,7,10,0,2,1,1,7,6,0,2,1,1,1,2,0,0,0,0,6,4,3832.52510983
20222,1129000321,23,12,11,0,3,3,7,5,5,0,1,2,3,3,3,0,2,1,4,2,2,18802.7956365
20222,1129000322,2,1,1,0,0,0,2,0,0,0,0,0,1,0,0,0,0,0,1,0,0,1228.72102
20222,1129000330,75,13,62,0,10,20,23,16,6,0,0,5,3,1,4,0,10,15,20,15,2,10218.1411501
20222,1129000335,92,60,32,0,3,16,25,21,27,0,2,9,12,13,24,0,1,7,13,8,3,6807.09646108
20222,1129000337,2,1,1,0,0,0,1,1,0,0,0,0,1,0,0,0,0,0,0,1,0,2139.15375133
20222,1129000341,50,14,36,0,4,14,15,17,0,0,0,2,8,4,0,0,4,12,7,13,0,22886.0896876
20222,1129000342,29,6,23,1,6,6,9,5,2,0,1,1,3,0,1,1,5,5,6,5,1,6058.26392649
20222,1129000343,3,0,3,0,0,0,0,2,1,0,0,0,0,0,0,0,0,0,0,2,1,66423.1669351
20222,1129000346,4,2,2,0,0,0,2,1,1,0,0,0,1,0,1,0,0,0,1,1,0,1669.7726758
20222,1129000350,2,1,1,0,0,0,0,1,1,0,0,0,0,0,1,0,0,0,0,1,0,2010.27400729
20222,1129000352,364,228,136,0,69,87,80,74,54,0,21,59,47,52,49,0,48,28,33,22,5,5464.41808822
20222,1129000354,1,1,0,0,0,0,0,1,0,0,0,0,0,1,0,0,0,0,0,0,0,1341.11667629
20222,1129000355,26,18,8,0,6,5,8,2,5,0,4,2,5,2,5,0,2,3,3,0,0,7105.56749095
20222,1129000360,4,0,4,0,0,1,2,1,0,0,0,0,0,0,0,0,0,1,2,1,0,7460.8954622
20222,1129000370,6,2,4,0,1,3,1,1,0,0,0,1,0,1,0,0,1,2,1,0,0,6500.29653181
20222,1129000387,7,3,4,0,0,0,2,5,0,0,0,0,1,2,0,0,0,0,1,3,0,876.585080906
20222,1129000393,23,14,9,0,7,6,4,5,1,0,4,4,2,3,1,0,3,2,2,2,0,6937.07027254
20222,1129000399,90,18,72,0,10,27,25,23,5,0,1,5,5,3,4,0,9,22,20,20,1,8017.20566594
20222,1129000404,8,7,1,0,0,4,0,3,1,0,0,3,0,3,1,0,0,1,0,0,0,4420.05960458
20222,1129000407,1103,298,805,8,497,361,132,79,26,0,75,125,37,39,22,8,422,236,95,40,4,5834.86487691
20222,1129000415,1,0,1,0,0,0,0,1,0,0,0,0,0,0,0,0,0,0,0,1,0,2012.5937853
20222,1129000417,14,3,11,0,1,2,7,4,0,0,0,1,1,1,0,0,1,1,6,3,0,8582.69223261
20222,1129000424,425,378,47,0,63,153,148,58,3,0,54,135,131,56,2,0,9,18,17,2,1,2187.70909293
20222,1129000438,10940,6783,4157,44,1682,2620,3536,1917,1141,13,807,1596,2417,1469,481,31,875,1024,1119,448,660,5266.54340769
20222,1129000448,95,43,52,0,13,39,21,14,8,0,3,21,4,9,6,0,10,18,17,5,2,3699.66282137
20222,1129000462,7,5,2,0,1,0,0,4,2,0,1,0,0,2,2,0,0,0,0,2,0,689.729106096
20222,1129000470,294,123,171,0,69,72,68,50,35,0,15,30,36,20,22,0,54,42,32,30,13,1437.52877038
20222,1129000482,49,40,9,0,3,9,9,14,14,0,3,6,7,12,12,0,0,3,2,2,2,3268.92247078
20222,1129000484,1,0,1,0,0,1,0,0,0,0,0,0,0,0,0,0,0,1,0,0,0,1194.0456133
20222,1129000486,1,1,0,0,0,0,0,0,1,0,0,0,0,0,1,0,0,0,0,0,0,3854.01878954
20222,1129000500,4,1,3,0,0,1,2,0,1,0,0,0,1,0,0,0,0,1,1,0,1,2258.24613742
20222,1129000514,15,11,4,0,0,2,4,3,6,0,0,1,2,2,6,0,0,1,2,1,0,5772.87533006
20222,1129000517,101,10,91,0,18,27,28,18,10,0,1,3,0,2,4,0,17,24,28,16,6,11352.5183472
20222,1129000518,7,5,2,0,1,2,2,1,1,0,1,1,1,1,1,0,0,1,1,0,0,2724.82460008
20222,1129000522,2,2,0,0,0,1,0,1,0,0,0,1,0,1,0,0,0,0,0,0,0,2964.98986681
20222,1129000532,192,57,135,0,12,36,46,61,37,0,1,12,11,17,16,0,11,24,35,44,21,4846.91070091
20222,1129000538,18,9,9,0,7,3,5,0,3,0,2,1,4,0,2,0,5,2,1,0,1,1874.16530021
20222,1129000540,20,11,9,0,5,1,8,6,0,0,4,0,3,4,0,0,1,1,5,2,0,3323.50657324
20222,1129000541,3,1,2,0,0,0,1,0,2,0,0,0,0,0,1,0,0,0,1,0,1,1485.44957098
20222,1129000543,18,6,12,0,1,2,2,3,10,0,1,2,1,0,2,0,0,0,1,3,8,1192.47309019
20222,1129000546,3,3,0,0,0,0,2,1,0,0,0,0,2,1,0,0,0,0,0,0,0,1322.72303375
20222,1129000548,4,3,1,0,1,3,0,0,0,0,1,2,0,0,0,0,0,1,0,0,0,1589.5683156
20222,1129000552,2,2,0,0,0,1,1,0,0,0,0,1,1,0,0,0,0,0,0,0,0,1015.37985709
20222,1129000556,3,1,2,0,0,1,0,0,2,0,0,0,0,0,1,0,0,1,0,0,1,4026.61390601
20222,1129000565,71,53,18,0,5,21,28,11,6,0,2,18,21,8,4,0,3,3,7,3,2,6219.92172054
20222,1129000568,56,7,49,0,2,4,9,31,10,0,1,2,1,1,2,0,1,2,8,30,8,10578.8997692
20222,1129000569,14,9,5,0,0,3,6,4,1,0,0,1,4,4,0,0,0,2,2,0,1,4116.63364968
20222,1129000570,4,2,2,0,0,0,0,2,2,0,0,0,0,1,1,0,0,0,0,1,1,2954.14405097
20222,1129000572,32,11,21,6,8,7,3,1,7,0,2,2,1,1,5,6,6,5,2,0,2,5876.21166167
20222,1129000573,2,2,0,0,0,0,1,0,1,0,0,0,1,0,1,0,0,0,0,0,0,3795.13387217
20222,1129000574,3,2,1,0,0,1,1,0,1,0,0,1,0,0,1,0,0,0,1,0,0,1854.58815205
20222,1129000577,145,53,92,0,15,45,46,30,9,0,3,12,15,17,6,0,12,33,31,13,3,5099.32249693
20222,1129000580,2,1,1,0,1,1,0,0,0,0,0,1,0,0,0,0,1,0,0,0,0,5278.8403183
20222,1129000581,5,4,1,0,2,1,2,0,0,0,2,1,1,0,0,0,0,0,1,0,0,728.809803529
20222,1129000582,5,5,0,0,0,0,0,1,4,0,0,0,0,1,4,0,0,0,0,0,0,4293.84573068
20222,1129000585,1,1,0,0,0,0,0,0,1,0,0,0,0,0,1,0,0,0,0,0,0,1119.84348948
20222,1129000586,4,3,1,0,0,0,3,1,0,0,0,0,2,1,0,0,0,0,1,0,0,676.027180238
20222,1129000588,10,5,5,0,0,6,0,2,2,0,0,3,0,1,1,0,0,3,0,1,1,745.10447959
20222,1129000590,15,8,7,0,3,4,7,1,0,0,0,2,5,1,0,0,3,2,2,0,0,5246.14530073
20222,1129000591,160,52,108,0,18,35,20,50,37,0,4,11,2,19,16,0,14,24,18,31,21,6663.82873504
20222,1129000592,14,6,8,0,1,2,1,3,7,0,0,1,1,1,3,0,1,1,0,2,4,3894.73715712
20222,1129000593,9,1,8,0,1,2,3,2,1,0,0,0,0,0,1,0,1,2,3,2,0,2662.32106892
20222,1129000595,30,20,10,1,9,10,4,5,1,0,5,7,4,3,1,1,4,3,0,2,0,5676.7046914
20222,1129000596,5,1,4,0,3,1,1,0,0,0,0,0,1,0,0,0,3,1,0,0,0,1686.97972103
20222,1129000597,16,15,1,0,0,1,5,8,2,0,0,1,4,8,2,0,0,0,1,0,0,7609.66171191
20222,1129000598,9,4,5,0,6,1,0,1,1,0,3,0,0,1,0,0,3,1,0,0,1,938.028927433
20222,1129000600,4,1,3,0,1,0,0,1,2,0,0,0,0,0,1,0,1,0,0,1,1,1907.89325531
20222,1129000601,6,6,0,0,0,2,2,2,0,0,0,2,2,2,0,0,0,0,0,0,0,4871.77079929
20222,1129000602,8,5,3,0,0,0,1,4,3,0,0,0,0,2,3,0,0,0,1,2,0,4921.87835847
20222,1129000603,12,5,7,0,0,5,3,2,2,0,0,1,2,1,1,0,0,4,1,1,1,5263.74067975
20222,1129000604,54,49,5,3,23,13,10,4,1,3,21,12,9,3,1,0,2,1,1,1,0,2010.8517074
20222,1129000605,47,12,35,0,20,11,9,3,4,0,0,1,6,1,4,0,20,10,3,2,0,4003.49988732
20222,1129000607,51,8,43,0,21,16,4,6,4,0,0,3,1,1,3,0,21,13,3,5,1,68994.1344654
20222,1129000608,11,3,8,0,1,2,2,3,3,0,0,0,0,1,2,0,1,2,2,2,1,3124.22075666
20222,1129000609,4,1,3,0,0,1,0,0,3,0,0,0,0,0,1,0,0,1,0,0,2,1166.11048829
20222,1129000610,13,2,11,0,4,2,4,2,1,0,0,0,1,1,0,0,4,2,3,1,1,4836.51376301
20222,1129000611,4,3,1,0,1,1,0,0,2,0,1,1,0,0,1,0,0,0,0,0,1,3119.89985555
20222,1129000612,59,29,30,8,1,9,17,17,7,8,1,4,2,8,6,0,0,5,15,9,1,6324.36993047
20222,1129000613,1,1,0,0,0,0,0,0,1,0,0,0,0,0,1,0,0,0,0,0,0,3121.35319166
20222,1129000614,1,1,0,0,0,0,0,0,1,0,0,0,0,0,1,0,0,0,0,0,0,16336.6769814
20222,1129000617,15,11,4,0,1,2,7,5,0,0,1,1,4,5,0,0,0,1,3,0,0,6965.76464849
20222,1129000618,6,5,1,0,0,2,4,0,0,0,0,2,3,0,0,0,0,0,1,0,0,1358.76041947
20222,1129000619,3,2,1,0,0,0,1,1,1,0,0,0,0,1,1,0,0,0,1,0,0,9165.84179353
20222,1129000620,8,6,2,0,0,1,1,5,1,0,0,1,1,4,0,0,0,0,0,1,1,5582.26139068
20222,1129000623,23,16,7,1,2,4,9,2,5,1,1,3,8,2,1,0,1,1,1,0,4,6312.11690292
20222,1129000624,1,1,0,0,0,0,0,0,1,0,0,0,0,0,1,0,0,0,0,0,0,4073.47087871
20222,1129000625,100,21,79,0,18,30,29,17,6,0,5,3,4,4,5,0,13,27,25,13,1,22975.5460365
20222,1129000626,14,10,4,0,0,4,3,3,4,0,0,2,1,3,4,0,0,2,2,0,0,2776.82359155
20222,1129000628,2,2,0,0,0,1,0,0,1,0,0,1,0,0,1,0,0,0,0,0,0,1896.74297675
20222,1129000629,13,3,10,0,2,5,5,1,0,0,0,0,3,0,0,0,2,5,2,1,0,4551.06674819
20222,1129000631,2,1,1,0,1,0,0,0,1,0,1,0,0,0,0,0,0,0,0,0,1,1112.3063394
20222,1129000632,21,16,5,0,2,3,5,8,3,0,1,2,3,7,3,0,1,1,2,1,0,6503.32882222
20222,1129000633,3,3,0,0,0,0,0,3,0,0,0,0,0,3,0,0,0,0,0,0,0,1283.48139986
20222,1129000634,4,4,0,0,0,0,2,1,1,0,0,0,2,1,1,0,0,0,0,0,0,2672.64788193
20222,1129000636,78,58,20,0,6,20,19,28,5,0,1,12,15,26,4,0,5,8,4,2,1,4855.63914073
20222,1129000639,2,0,2,0,0,0,1,0,1,0,0,0,0,0,0,0,0,0,1,0,1,3292.56368116
20222,1129000640,89,25,64,1,8,30,20,26,4,0,1,8,5,8,3,1,7,22,15,18,1,4755.49564657
20222,1129000643,5,2,3,0,1,1,2,0,1,0,1,0,1,0,0,0,0,1,1,0,1,808.10269634
20222,1129000645,4,4,0,0,0,0,2,1,1,0,0,0,2,1,1,0,0,0,0,0,0,940.508483314
20222,1129000646,5,1,4,0,1,1,0,1,2,0,0,0,0,0,1,0,1,1,0,1,1,4479.38114258
20222,1129000647,17,5,12,0,8,6,1,0,2,0,1,2,1,0,1,0,7,4,0,0,1,1143.15161662
20222,1129000648,9,7,2,0,0,4,4,0,1,0,0,3,3,0,1,0,0,1,1,0,0,4866.52521645
20222,1129000655,4,2,2,0,2,0,1,1,0,0,0,0,1,1,0,0,2,0,0,0,0,4900.26869254
20222,1129000659,3,1,2,0,0,0,2,0,1,0,0,0,1,0,0,0,0,0,1,0,1,4392.09165753
20222,1129000661,2,2,0,0,0,0,0,1,1,0,0,0,0,1,1,0,0,0,0,0,0,2164.75701438
20222,1129000662,28,17,11,0,0,4,5,7,12,0,0,1,3,3,10,0,0,3,2,4,2,6949.62737076
20222,1129000664,18,14,4,0,1,4,3,4,6,0,0,2,2,4,6,0,1,2,1,0,0,2356.89097495
20222,1129000665,130,116,14,0,0,5,21,41,63,0,0,3,18,33,62,0,0,2,3,8,1,7379.49035939
20222,1129000669,34,21,13,1,5,4,6,12,6,0,2,2,1,10,6,1,3,2,5,2,0,1685.18047767
20222,1129000670,2,1,1,0,0,0,2,0,0,0,0,0,1,0,0,0,0,0,1,0,0,1294.96423569
20222,1129000672,11,3,8,0,0,1,0,6,4,0,0,0,0,1,2,0,0,1,0,5,2,5713.46465004
20222,1129000673,9,1,8,0,5,3,1,0,0,0,0,0,1,0,0,0,5,3,0,0,0,2509.59399613
20222,1129000674,8,5,3,0,1,1,0,4,2,0,1,0,0,3,1,0,0,1,0,1,1,3918.578309
20222,1129000679,153,34,119,0,10,19,40,52,32,0,2,6,8,11,7,0,8,13,32,41,25,6096.61899836
20222,1129000680,20,12,8,1,0,6,6,4,3,0,0,3,4,3,2,1,0,3,2,1,1,4333.18084148
20222,1129000681,62,26,36,1,27,10,8,14,2,0,13,4,2,5,2,1,14,6,6,9,0,4869.75500874
20222,1129000683,9,8,1,0,1,1,2,3,2,0,1,1,1,3,2,0,0,0,1,0,0,1752.87978491
20222,1129000684,154,82,72,0,31,34,34,33,22,0,8,20,22,18,14,0,23,14,12,15,8,3738.99523684
20222,1129000685,12,9,3,0,0,3,3,4,2,0,0,2,2,4,1,0,0,1,1,0,1,4592.83741425
20222,1129000690,4,3,1,0,0,0,0,3,1,0,0,0,0,2,1,0,0,0,0,1,0,4005.13853828
20222,1129000692,15,2,13,0,3,2,5,3,2,0,0,0,1,1,0,0,3,2,4,2,2,6129.40076765
20222,1129000695,6,4,2,0,0,1,1,1,3,0,0,1,0,1,2,0,0,0,1,0,1,2472.25712337
20222,1129000696,13,5,8,0,0,2,5,2,4,0,0,0,1,2,2,0,0,2,4,0,2,6057.95367591
20222,1129000697,19,4,15,0,0,0,0,13,6,0,0,0,0,4,0,0,0,0,0,9,6,6087.19119562
20222,1129000698,2,1,1,0,0,0,0,2,0,0,0,0,0,1,0,0,0,0,0,1,0,1985.0563129
20222,1129000700,107,58,49,1,4,12,22,29,39,1,2,8,8,9,30,0,2,4,14,20,9,5151.86605373
20222,1129000701,3,1,2,0,0,1,1,1,0,0,0,0,0,1,0,0,0,1,1,0,0,1456.7712311
20222,1129000702,26,10,16,0,4,7,8,2,5,0,1,4,0,1,4,0,3,3,8,1,1,9990.66616499
20222,1129000703,38,33,5,0,1,4,12,13,8,0,1,3,11,10,8,0,0,1,1,3,0,4548.97385831
20222,1129000706,11,6,5,0,1,6,3,1,0,0,0,4,1,1,0,0,1,2,2,0,0,11643.727626
20222,1129000713,65,40,25,0,20,27,12,6,0,0,11,14,10,5,0,0,9,13,2,1,0,5438.45813851
20222,1129000714,15,10,5,0,1,2,2,8,2,0,1,0,0,7,2,0,0,2,2,1,0,6700.82958602
20222,1129000716,25,3,22,0,1,2,1,0,21,0,0,2,0,0,1,0,1,0,1,0,20,7504.20334069
20222,1129000717,20,18,2,0,1,2,5,11,1,0,1,1,5,10,1,0,0,1,0,1,0,923.785981563
20222,1129000720,11,7,4,0,1,1,6,3,0,0,1,1,3,2,0,0,0,0,3,1,0,6136.7999923
20222,1129000722,67,35,32,0,9,19,17,20,2,0,4,7,11,12,1,0,5,12,6,8,1,5894.81091272
20222,1129000723,8,5,3,0,0,2,3,1,2,0,0,2,1,1,1,0,0,0,2,0,1,1944.3136627
20222,1129000724,2,2,0,0,0,2,0,0,0,0,0,2,0,0,0,0,0,0,0,0,0,2235.58839446
20222,1129000726,31,24,7,3,2,4,8,10,4,3,1,1,6,9,4,0,1,3,2,1,0,3738.97601094
20222,1129000732,3,3,0,0,0,0,2,1,0,0,0,0,2,1,0,0,0,0,0,0,0,3050.11966354
20222,1129000739,37,30,7,0,4,7,11,8,7,0,3,5,9,7,6,0,1,2,2,1,1,8202.46308964
20222,1129000740,145,97,48,0,7,36,38,41,23,0,3,17,25,31,21,0,4,19,13,10,2,9541.93127465
20222,1129000741,56,20,36,0,3,16,17,14,6,0,0,6,6,4,4,0,3,10,11,10,2,4143.61013048
20222,1129000742,3,2,1,0,0,0,1,2,0,0,0,0,0,2,0,0,0,0,1,0,0,1431.23791778
20222,1129000743,61,42,19,0,1,11,14,23,12,0,0,7,8,16,11,0,1,4,6,7,1,7113.146768
20222,1129000744,757,537,220,0,2,7,21,54,673,0,2,6,9,25,495,0,0,1,12,29,178,904.36961389
20222,1129000745,15,13,2,0,1,3,4,6,1,0,0,2,4,6,1,0,1,1,0,0,0,3710.29729485
20222,1129000746,2,2,0,0,0,1,1,0,0,0,0,1,1,0,0,0,0,0,0,0,0,2143.21195944
20222,1129000748,10,7,3,0,1,1,6,0,2,0,0,1,5,0,1,0,1,0,1,0,1,1118.38182539
20222,1129000749,8,7,1,0,0,3,5,0,0,0,0,3,4,0,0,0,0,0,1,0,0,948.530638041
20222,1129000756,58,36,22,0,19,13,19,7,0,0,9,6,17,4,0,0,10,7,2,3,0,4848.63238981
20222,1129000758,87,21,66,0,12,11,27,27,10,0,3,3,8,2,5,0,9,8,19,25,5,4746.70127887
20222,1129000759,8,6,2,0,0,3,2,1,2,0,0,1,2,1,2,0,0,2,0,0,0,4198.54580256
20222,1129000763,40,22,18,0,2,7,17,8,6,0,1,6,10,3,2,0,1,1,7,5,4,4077.80120428
20222,1129000767,1,0,1,0,0,1,0,0,0,0,0,0,0,0,0,0,0,1,0,0,0,3633.36732999
20222,1129000770,9,6,3,0,0,0,6,2,1,0,0,0,3,2,1,0,0,0,3,0,0,4494.64404784
20222,1129000773,2,0,2,0,0,0,2,0,0,0,0,0,0,0,0,0,0,0,2,0,0,3472.2940408
20222,1129000774,7,3,4,0,1,2,4,0,0,0,0,0,3,0,0,0,1,2,1,0,0,4345.99394664
20222,1129000775,9,2,7,0,1,4,2,2,0,0,0,1,0,1,0,0,1,3,2,1,0,3136.78108163
20222,1129000776,14,11,3,0,1,5,4,4,0,0,0,4,4,3,0,0,1,1,0,1,0,3585.98635768
20222,1129000780,1,1,0,0,0,0,0,1,0,0,0,0,0,1,0,0,0,0,0,0,0,9422.77781434
20222,1129000781,28,19,9,0,6,4,10,6,2,0,2,3,7,5,2,0,4,1,3,1,0,2547.94772849
20222,1129000782,24,8,16,3,3,4,11,2,1,0,0,2,5,0,1,3,3,2,6,2,0,5348.99714237
20222,1129000784,15,5,10,0,1,7,4,2,1,0,0,1,2,1,1,0,1,6,2,1,0,5119.40646325
20222,1129000787,10,4,6,0,5,2,1,1,1,0,1,2,0,0,1,0,4,0,1,1,0,3394.73541103
20222,1129000794,24,19,5,0,0,0,7,6,11,0,0,0,5,5,9,0,0,0,2,1,2,4926.52656172
20222,1129000796,12,8,4,0,0,0,2,4,6,0,0,0,1,3,4,0,0,0,1,1,2,4710.51065289
20222,1129000798,13,11,2,0,0,1,3,7,2,0,0,1,2,6,2,0,0,0,1,1,0,4172.81334224
20222,1129000800,23,20,3,0,5,2,5,6,5,0,5,2,3,6,4,0,0,0,2,0,1,9189.49733779
20222,1129000801,9,2,7,0,0,0,2,4,3,0,0,0,0,0,2,0,0,0,2,4,1,3116.91508343
20222,1129000802,2843,2591,252,0,311,1334,571,583,44,0,227,1193,545,582,44,0,84,141,26,1,0,1396.42794887
20222,1129000805,10,10,0,0,0,1,5,1,3,0,0,1,5,1,3,0,0,0,0,0,0,2544.69833752
20222,1129000806,7,7,0,0,1,1,2,3,0,0,1,1,2,3,0,0,0,0,0,0,0,4868.1024665
20222,1129000810,3,1,2,0,0,2,0,1,0,0,0,1,0,0,0,0,0,1,0,1,0,2902.12756064
20222,1129000811,106,87,19,2,12,20,28,21,23,1,6,18,24,19,19,1,6,2,4,2,4,4712.19466275
20222,1129000812,716,470,246,0,18,67,86,152,393,0,16,61,81,83,229,0,2,6,5,69,164,2416.06728545
20222,1129000814,1,0,1,0,0,0,0,0,1,0,0,0,0,0,0,0,0,0,0,0,1,3535.76576188
20222,1129000815,21,4,17,0,7,4,4,5,1,0,0,0,1,2,1,0,7,4,3,3,0,2705.47322857
20222,1129000818,22,12,10,0,2,4,5,8,3,0,2,3,3,2,2,0,0,1,2,6,1,5225.811889
20222,1129000819,99,23,76,0,17,14,21,39,8,0,1,7,10,3,2,0,16,7,11,36,6,5554.98911301
20222,1129000823,42,25,17,0,7,6,8,9,12,0,2,4,3,7,9,0,5,2,5,2,3,5420.59526373
20222,1129000826,45,35,10,1,8,8,10,15,3,1,5,7,6,13,3,0,3,1,4,2,0,4070.9246453
20222,1129000827,2,1,1,0,0,0,0,2,0,0,0,0,0,1,0,0,0,0,0,1,0,8345.35970478
20222,1129000829,8,3,5,0,1,2,2,2,1,0,0,2,1,0,0,0,1,0,1,2,1,838.622725244
20222,1129000831,2,1,1,0,0,0,0,2,0,0,0,0,0,1,0,0,0,0,0,1,0,4537.91626988
20222,1129000832,9,2,7,0,0,0,4,3,2,0,0,0,0,1,1,0,0,0,4,2,1,2183.68107382
20222,1129000833,3,2,1,0,0,0,0,0,3,0,0,0,0,0,2,0,0,0,0,0,1,879.295476845
20222,1129000837,3,3,0,0,0,1,1,1,0,0,0,1,1,1,0,0,0,0,0,0,0,6468.44824669
20222,1129000840,1,0,1,0,0,0,1,0,0,0,0,0,0,0,0,0,0,0,1,0,0,3295.81688917
20222,1129000841,13,6,7,0,1,5,4,1,2,0,1,2,1,1,1,0,0,3,3,0,1,5206.56465917
20222,1129000842,27,8,19,0,6,7,7,4,3,0,1,2,2,1,2,0,5,5,5,3,1,41579.382174
20222,1129000848,4,4,0,0,0,0,2,2,0,0,0,0,2,2,0,0,0,0,0,0,0,3721.90256055
20222,1129000852,1324,924,400,0,185,375,407,339,18,0,68,233,313,295,15,0,117,142,94,44,3,2298.98810316
20222,1129000856,17,7,10,0,0,2,7,4,4,0,0,0,2,2,3,0,0,2,5,2,1,7003.62599755
20222,1129000858,6,2,4,0,1,0,1,0,4,0,0,0,0,0,2,0,1,0,1,0,2,6460.11439249
20222,1129000860,4,3,1,0,0,2,2,0,0,0,0,1,2,0,0,0,0,1,0,0,0,11302.0638409
20222,1129000865,11,2,9,0,0,1,6,4,0,0,0,0,2,0,0,0,0,1,4,4,0,5324.17018796
20222,1129000866,63,47,16,0,7,24,17,11,4,0,2,16,16,9,4,0,5,8,1,2,0,5136.25425065
20222,1129000867,23,6,17,0,4,3,8,7,1,0,1,0,1,4,0,0,3,3,7,3,1,5045.4005423
20222,1129000868,24,19,5,0,4,13,5,1,1,0,3,11,3,1,1,0,1,2,2,0,0,9852.24429658
20222,1129000874,2,2,0,0,0,0,1,1,0,0,0,0,1,1,0,0,0,0,0,0,0,1406.93640558
20222,1129000885,2,2,0,0,0,1,0,1,0,0,0,1,0,1,0,0,0,0,0,0,0,5231.8062761
20222,1129000893,241,226,15,0,10,91,87,39,14,0,9,87,84,33,13,0,1,4,3,6,1,2119.1117736
20222,1129000903,6,5,1,0,1,1,4,0,0,0,1,0,4,0,0,0,0,1,0,0,0,1007.05343671
20222,1129000907,3,2,1,0,0,0,2,1,0,0,0,0,1,1,0,0,0,0,1,0,0,48087.2623084
20222,1129000909,2,1,1,0,0,0,0,2,0,0,0,0,0,1,0,0,0,0,0,1,0,5166.2689427
20222,1129000918,16,0,16,0,5,2,5,4,0,0,0,0,0,0,0,0,5,2,5,4,0,14185.5072107
20222,1129000922,24,19,5,0,2,5,9,3,5,0,2,5,6,2,4,0,0,0,3,1,1,1524.11613458
20222,1129000928,185,109,76,0,23,27,34,38,63,0,7,15,22,23,42,0,16,12,12,15,21,1558.34090415
20222,1129000931,51,8,43,0,0,1,3,15,32,0,0,1,1,4,2,0,0,0,2,11,30,5185.99555115
20222,1129000932,4,3,1,0,0,1,1,2,0,0,0,1,1,1,0,0,0,0,0,1,0,2642.08715849
20222,1129000933,3,1,2,0,1,2,0,0,0,0,0,1,0,0,0,0,1,1,0,0,0,4002.61665704
20222,1129000936,2,1,1,0,0,0,0,2,0,0,0,0,0,1,0,0,0,0,0,1,0,1776.85046849
20222,1129000937,2,2,0,0,0,0,2,0,0,0,0,0,2,0,0,0,0,0,0,0,0,4500.351309
20222,1129000938,7,3,4,0,1,0,2,2,2,0,0,0,1,1,1,0,1,0,1,1,1,2365.00968403
20222,1129000943,3,0,3,0,0,0,0,2,1,0,0,0,0,0,0,0,0,0,0,2,1,11980.392721
20222,1129000945,2,1,1,0,0,0,1,1,0,0,0,0,1,0,0,0,0,0,0,1,0,1689.85260309
20222,1129000947,3,3,0,0,0,0,3,0,0,0,0,0,3,0,0,0,0,0,0,0,0,2011.29263515
20222,1129000948,11,3,8,0,1,0,0,7,3,0,0,0,0,3,0,0,1,0,0,4,3,4031.43145234
20222,1129000949,3,1,2,0,1,2,0,0,0,0,0,1,0,0,0,0,1,1,0,0,0,1465.83435404
20222,1129000950,2,1,1,0,0,0,2,0,0,0,0,0,1,0,0,0,0,0,1,0,0,4461.30782734
20222,1129000951,6,4,2,0,3,0,0,2,1,0,1,0,0,2,1,0,2,0,0,0,0,3920.70547856
20222,1129000953,3,1,2,0,0,0,2,1,0,0,0,0,1,0,0,0,0,0,1,1,0,2073.78218536
20222,1129000955,2,1,1,0,0,1,1,0,0,0,0,0,1,0,0,0,0,1,0,0,0,8279.33715161
20222,1129000961,8,0,8,0,0,1,5,2,0,0,0,0,0,0,0,0,0,1,5,2,0,1027.71170842
20222,1129000963,1,0,1,0,0,0,0,1,0,0,0,0,0,0,0,0,0,0,0,1,0,2936.63904732
20222,1129000966,5,3,2,0,1,1,2,1,0,0,0,1,1,1,0,0,1,0,1,0,0,3996.60147507
20222,1129000967,23,10,13,0,1,2,10,8,2,0,0,0,6,4,0,0,1,2,4,4,2,5835.11929548
20222,1129000968,21,16,5,0,3,5,1,6,6,0,3,4,1,5,3,0,0,1,0,1,3,5025.1413773
20222,1129000969,38,16,22,0,6,14,11,6,1,0,1,7,4,3,1,0,5,7,7,3,0,4441.18787613
20222,1129000975,23,4,19,0,5,4,7,6,1,0,0,2,0,1,1,0,5,2,7,5,0,2796.2155936
20222,1129000977,4,3,1,0,0,1,2,1,0,0,0,1,1,1,0,0,0,0,1,0,0,4341.64748414
20222,1129000978,5,2,3,0,0,0,1,4,0,0,0,0,0,2,0,0,0,0,1,2,0,1726.0931747
20222,1129000980,76,60,16,1,6,15,21,16,17,0,5,9,19,14,13,1,1,6,2,2,4,5095.56778035
20222,1129000981,1,1,0,0,0,0,0,1,0,0,0,0,0,1,0,0,0,0,0,0,0,1652.94656966
20222,1129000985,4,3,1,0,0,0,0,2,2,0,0,0,0,1,2,0,0,0,0,1,0,3395.58049285
20222,1129000986,4,1,3,0,0,2,1,0,1,0,0,0,0,0,1,0,0,2,1,0,0,4952.45455533
20222,1129000989,4,3,1,0,1,0,1,0,2,0,0,0,1,0,2,0,1,0,0,0,0,3070.24257225
20222,1129000991,3,2,1,0,0,0,0,1,2,0,0,0,0,1,1,0,0,0,0,0,1,2224.03921715
20222,1129000992,3,1,2,0,0,1,1,0,1,0,0,0,0,0,1,0,0,1,1,0,0,2179.81448763
20222,1129000993,77,10,67,0,12,23,28,12,2,0,3,2,4,1,0,0,9,21,24,11,2,23159.967845
20222,1129000994,70,32,38,0,12,11,14,29,4,0,12,6,7,4,3,0,0,5,7,25,1,6404.97706942
20222,1129000996,13,11,2,0,1,2,5,5,0,0,1,0,5,5,0,0,0,2,0,0,0,4348.20984225
20222,1129001000,20,5,15,0,3,1,10,4,2,0,1,0,1,2,1,0,2,1,9,2,1,2206.90975883
20222,1129001001,24,18,6,0,3,9,4,6,2,0,1,6,4,5,2,0,2,3,0,1,0,2175.0936737
20222,1129001004,3,2,1,0,0,0,0,3,0,0,0,0,0,2,0,0,0,0,0,1,0,841.776469571
20222,1129001005,6,4,2,0,0,0,0,2,4,0,0,0,0,2,2,0,0,0,0,0,2,5383.81920806
20222,1129001013,1,0,1,0,0,0,1,0,0,0,0,0,0,0,0,0,0,0,1,0,0,1362.66134975
20222,1129001014,2,0,2,0,1,0,1,0,0,0,0,0,0,0,0,0,1,0,1,0,0,2521.91071702
20222,1129001017,4,1,3,1,1,0,0,2,0,0,0,0,0,1,0,1,1,0,0,1,0,547.046863162
20222,1129001018,1,1,0,0,0,0,1,0,0,0,0,0,1,0,0,0,0,0,0,0,0,6064.97069654
20222,1129001023,3,2,1,0,0,2,0,0,1,0,0,1,0,0,1,0,0,1,0,0,0,3199.33517688
20222,1129001025,5,2,3,0,0,2,2,1,0,0,0,1,1,0,0,0,0,1,1,1,0,3103.11723382
20222,1129001028,12,11,1,0,2,3,2,5,0,0,2,3,2,4,0,0,0,0,0,1,0,9120.23713948
20222,1129001030,2,2,0,0,1,0,0,1,0,0,1,0,0,1,0,0,0,0,0,0,0,1108.05236748
20222,1129001032,3,2,1,0,0,1,1,1,0,0,0,0,1,1,0,0,0,1,0,0,0,4876.98694464
20222,1129001037,25,10,15,0,0,8,8,5,4,0,0,1,2,3,4,0,0,7,6,2,0,3751.77947069
20222,1129001038,13,11,2,0,2,2,2,5,2,0,2,1,2,4,2,0,0,1,0,1,0,3626.80682001
20222,1129001042,5,4,1,0,0,0,2,2,1,0,0,0,1,2,1,0,0,0,1,0,0,1140.02472102
20222,1129001043,82,49,33,0,13,18,23,13,15,0,5,11,13,6,14,0,8,7,10,7,1,5254.32926294
20222,1129001044,6,5,1,0,0,0,1,0,5,0,0,0,0,0,5,0,0,0,1,0,0,4353.42759836
20222,1129001045,2,0,2,0,0,2,0,0,0,0,0,0,0,0,0,0,0,2,0,0,0,1745.5788188
20222,1129001046,10,2,8,0,2,1,6,0,1,0,0,0,1,0,1,0,2,1,5,0,0,5524.71091009
20222,1129001047,10,6,4,0,0,1,1,5,3,0,0,0,1,3,2,0,0,1,0,2,1,1830.36775806
20222,1129001051,7,5,2,0,5,0,2,0,0,0,4,0,1,0,0,0,1,0,1,0,0,5735.56898147
20222,1129001052,8,3,5,0,1,3,2,1,1,0,0,1,1,0,1,0,1,2,1,1,0,2746.02079493
20222,1129001054,6,4,2,0,0,3,3,0,0,0,0,2,2,0,0,0,0,1,1,0,0,1503.74960553
20222,1129001055,101,58,43,0,6,18,20,23,34,0,4,17,11,12,14,0,2,1,9,11,20,6147.10025989
20222,1129001056,4,3,1,0,0,2,1,0,1,0,0,1,1,0,1,0,0,1,0,0,0,1075.18881478
20222,1129001057,7,2,5,0,0,2,1,2,2,0,0,0,1,0,1,0,0,2,0,2,1,6251.77217275
20222,1129001058,21,15,6,0,0,3,4,7,7,0,0,2,2,6,5,0,0,1,2,1,2,2296.71578448
20222,1129001059,83,35,48,0,11,16,22,21,13,0,3,5,12,6,9,0,8,11,10,15,4,4413.11239033
20222,1129001060,9,3,6,0,0,1,2,3,3,0,0,1,0,1,1,0,0,0,2,2,2,3498.04703902
20222,1129001061,11,4,7,0,1,4,2,1,3,0,0,0,2,1,1,0,1,4,0,0,2,7049.04775842
20222,1129001063,11,9,2,0,0,1,1,3,6,0,0,1,1,1,6,0,0,0,0,2,0,1505.11098439
20222,1129001066,3,1,2,0,1,1,0,0,1,0,0,0,0,0,1,0,1,1,0,0,0,4832.92958376
20222,1129001067,3,2,1,0,0,0,0,1,2,0,0,0,0,1,1,0,0,0,0,0,1,1016.29541208
20222,1129001068,107,32,75,0,20,23,17,28,19,0,5,12,5,5,5,0,15,11,12,23,14,5273.02720483
20222,1129001069,30,7,23,0,3,6,9,10,2,0,0,1,3,3,0,0,3,5,6,7,2,7790.76766504
20222,1129001070,43,22,21,0,7,8,10,9,9,0,0,2,9,4,7,0,7,6,1,5,2,7140.29290074
20222,1129001071,13,9,4,0,2,4,3,2,2,0,1,3,3,1,1,0,1,1,0,1,1,4726.6933964
20222,1129001074,73,26,47,0,4,6,9,26,28,0,4,4,4,11,3,0,0,2,5,15,25,5494.36833374
20222,1129001078,38,8,30,0,4,14,12,8,0,0,0,2,3,3,0,0,4,12,9,5,0,5059.85190985
20222,1129001079,5,5,0,0,0,1,1,0,3,0,0,1,1,0,3,0,0,0,0,0,0,4938.48442309
20222,1129001081,21,11,10,0,1,1,11,5,3,0,0,0,7,2,2,0,1,1,4,3,1,5816.87580394
20222,1129001084,3,2,1,0,0,0,1,1,1,0,0,0,1,1,0,0,0,0,0,0,1,1218.13032825
20222,1129001086,4,3,1,0,1,0,0,3,0,0,1,0,0,2,0,0,0,0,0,1,0,1258.83208564
20222,1129001087,1888,974,914,2,173,552,489,562,110,2,59,199,237,388,89,0,114,353,252,174,21,4652.20452983
20222,1129001089,36,11,25,1,9,3,9,12,2,1,2,1,3,2,2,0,7,2,6,10,0,6911.31536168
20222,1129001090,41,25,16,0,0,5,7,14,15,0,0,3,4,10,8,0,0,2,3,4,7,8753.21672797
20222,1129001091,72,38,34,0,14,13,24,13,8,0,8,9,8,8,5,0,6,4,16,5,3,4886.54686968
20222,1129001093,11,7,4,0,1,4,2,2,2,0,0,2,2,1,2,0,1,2,0,1,0,2522.29532956
20222,1129001094,23,11,12,0,2,4,9,3,5,0,0,1,6,2,2,0,2,3,3,1,3,4647.07777335
20222,1129001096,10,5,5,0,1,1,1,3,4,0,0,1,0,2,2,0,1,0,1,1,2,4122.46900647
20222,1129001097,3,2,1,0,0,0,1,0,2,0,0,0,1,0,1,0,0,0,0,0,1,2761.41092864
20222,1129001098,569,476,93,0,50,99,195,215,10,0,28,69,161,211,7,0,22,30,34,4,3,8358.05920776
20222,1129001101,7,3,4,0,1,1,4,0,1,0,1,0,1,0,1,0,0,1,3,0,0,4987.15848152
20222,1129001103,7,6,1,0,0,1,4,0,2,0,0,1,3,0,2,0,0,0,1,0,0,489.322619795
20222,1129001104,74,3,71,0,2,4,4,23,41,0,0,0,0,1,2,0,2,4,4,22,39,4061.42766531
20222,1129001105,13,5,8,0,1,5,2,5,0,0,0,2,1,2,0,0,1,3,1,3,0,4728.46195577
20222,1129001108,63,11,52,1,5,15,13,19,10,0,1,1,1,5,3,1,4,14,12,14,7,4633.23802407
20222,1129001111,1440,504,936,0,168,388,622,235,27,0,45,127,183,129,20,0,123,261,439,106,7,3581.21371223
20222,1129001115,10,5,5,0,2,2,5,1,0,0,0,1,3,1,0,0,2,1,2,0,0,1857.22107275
20222,1129001117,42,28,14,0,15,15,8,3,1,0,9,8,7,3,1,0,6,7,1,0,0,5669.0010691
20222,1129001120,4,2,2,0,0,0,1,1,2,0,0,0,0,1,1,0,0,0,1,0,1,4580.96899217
20222,1129001122,97,36,61,1,32,5,12,19,28,1,11,3,6,3,12,0,21,2,6,16,16,7421.26712276
20222,1129001123,2,1,1,0,0,0,0,0,2,0,0,0,0,0,1,0,0,0,0,0,1,1696.64153036
20222,1129001129,19,6,13,0,3,3,5,5,3,0,0,2,1,3,0,0,3,1,4,2,3,3607.41567548
20222,1129001130,6,0,6,0,0,0,1,1,4,0,0,0,0,0,0,0,0,0,1,1,4,2583.55293079
20222,1129001131,23,5,18,0,2,8,6,4,3,0,0,0,2,1,2,0,2,8,4,3,1,4133.48659791
20222,1129001133,95,66,29,0,8,14,24,15,34,0,4,10,20,7,25,0,4,4,4,8,9,3183.55152703
20222,1129001135,2,1,1,0,0,0,0,2,0,0,0,0,0,1,0,0,0,0,0,1,0,2058.40180891
20222,1129001136,10,8,2,0,1,4,3,2,0,0,0,4,2,2,0,0,1,0,1,0,0,3266.05569003
20222,1129001138,4,2,2,0,1,0,1,2,0,0,0,0,1,1,0,0,1,0,0,1,0,585.791870285
20222,1129001139,2,0,2,0,0,0,1,0,1,0,0,0,0,0,0,0,0,0,1,0,1,1302.75915144
20222,1129001140,28,5,23,0,6,8,7,7,0,0,0,0,2,3,0,0,6,8,5,4,0,3436.02822603
20222,1129001141,42,10,32,1,11,9,12,3,6,0,0,0,4,1,5,1,11,9,8,2,1,3221.74481827
20222,1129001142,66,57,9,0,5,9,27,20,5,0,4,8,22,18,5,0,1,1,5,2,0,5276.16119067
20222,1129001148,9,0,9,0,0,1,6,1,1,0,0,0,0,0,0,0,0,1,6,1,1,2789.06820654
20222,1129001160,26,23,3,0,2,0,6,10,8,0,1,0,6,8,8,0,1,0,0,2,0,2685.46833113
20222,1129001162,10,0,10,0,5,1,3,1,0,0,0,0,0,0,0,0,5,1,3,1,0,1353.70511579
20222,1129001177,2,1,1,0,0,0,1,1,0,0,0,0,0,1,0,0,0,0,1,0,0,2909.55795781
20222,1129001189,7,0,7,0,0,1,3,3,0,0,0,0,0,0,0,0,0,1,3,3,0,1309.27820178
20222,1129001193,5,5,0,0,0,0,0,0,5,0,0,0,0,0,5,0,0,0,0,0,0,1998.83080038
20222,1129001197,2,1,1,0,1,0,0,1,0,0,1,0,0,0,0,0,0,0,0,1,0,99605.7962169
20222,1129001209,3,1,2,0,1,1,1,0,0,0,0,1,0,0,0,0,1,0,1,0,0,1209.571331
20222,1129001212,63,40,23,0,4,6,14,14,25,0,3,3,8,9,17,0,1,3,6,5,8,3228.87013375
20222,1129001213,11,11,0,0,0,0,5,3,3,0,0,0,5,3,3,0,0,0,0,0,0,11869.6987014
20222,1129001216,2,2,0,0,0,0,1,0,1,0,0,0,1,0,1,0,0,0,0,0,0,1419.54481761
20222,1129001222,5,1,4,0,0,2,2,0,1,0,0,0,0,0,1,0,0,2,2,0,0,1470.5223192
20222,1129001224,12,9,3,0,1,1,3,4,3,0,0,1,2,3,3,0,1,0,1,1,0,4565.34861939
20222,1129001225,281,216,65,3,41,118,74,36,9,0,15,96,63,33,9,3,26,22,11,3,0,10829.4942014
20222,1129001229,23,12,11,0,1,5,7,7,3,0,1,2,3,4,2,0,0,3,4,3,1,5993.1940868
20222,1129001230,2,1,1,0,0,0,0,1,1,0,0,0,0,0,1,0,0,0,0,1,0,2293.41197725
20222,1129001231,3,2,1,0,0,1,2,0,0,0,0,0,2,0,0,0,0,1,0,0,0,936.311347998
20222,1129001233,2,1,1,0,0,0,1,0,1,0,0,0,0,0,1,0,0,0,1,0,0,1892.3058786
20222,1129001234,8,3,5,0,0,3,0,5,0,0,0,2,0,1,0,0,0,1,0,4,0,1664.17872038
20222,1129001236,3,1,2,0,0,0,3,0,0,0,0,0,1,0,0,0,0,0,2,0,0,2740.33162369
20222,1129001237,9,6,3,0,0,1,2,2,4,0,0,0,2,2,2,0,0,1,0,0,2,4341.85360475
20222,1129001244,2,0,2,0,0,0,1,0,1,0,0,0,0,0,0,0,0,0,1,0,1,1992.77634823
20222,1129001248,2,2,0,0,0,0,1,1,0,0,0,0,1,1,0,0,0,0,0,0,0,1114.64235579
20222,1129001249,15,13,2,0,1,2,4,3,5,0,1,2,3,3,4,0,0,0,1,0,1,2931.45226285
20222,1129001251,3,2,1,0,0,0,1,2,0,0,0,0,1,1,0,0,0,0,0,1,0,923.601009438
20222,1129001252,3,2,1,0,0,2,1,0,0,0,0,1,1,0,0,0,0,1,0,0,0,2599.71738132
20222,1129001254,6,5,1,0,1,1,3,0,1,0,1,1,2,0,1,0,0,0,1,0,0,5550.75628274
20222,1129001258,18,12,6,0,3,4,3,7,1,0,2,2,2,5,1,0,1,2,1,2,0,3363.37529125
20222,1129001282,1,0,1,0,0,0,1,0,0,0,0,0,0,0,0,0,0,0,1,0,0,754.959099717
20222,1129001285,51,41,10,0,4,7,10,15,15,0,3,4,7,13,14,0,1,3,3,2,1,658.550706345
20222,1129001289,5,1,4,0,1,0,1,2,1,0,0,0,0,1,0,0,1,0,1,1,1,3968.07642543
20222,1129001291,69,19,50,0,14,15,22,14,4,0,5,5,4,3,2,0,9,10,18,11,2,17632.6150367
20222,1129001292,20,15,5,0,0,4,1,3,12,0,0,1,1,2,11,0,0,3,0,1,1,4902.26588196
20222,1129001300,6,5,1,0,2,1,1,1,1,0,1,1,1,1,1,0,1,0,0,0,0,1001.19178283
20222,1129001301,13,10,3,0,0,5,2,6,0,0,0,4,1,5,0,0,0,1,1,1,0,1508.07996165
20222,1129001311,16,15,1,0,0,5,5,5,1,0,0,4,5,5,1,0,0,1,0,0,0,1419.37916464
20222,1129001315,13,8,5,0,1,4,2,5,1,0,0,3,1,3,1,0,1,1,1,2,0,7326.73988324
20222,1129001318,15,13,2,0,0,0,6,5,4,0,0,0,4,5,4,0,0,0,2,0,0,5437.55591509
20222,1129001320,4,1,3,0,0,2,0,1,1,0,0,1,0,0,0,0,0,1,0,1,1,1903.80143801
20222,1129001323,3,2,1,0,0,0,0,1,2,0,0,0,0,1,1,0,0,0,0,0,1,2120.45093986
20222,1129001326,2,1,1,0,1,0,0,1,0,0,1,0,0,0,0,0,0,0,0,1,0,918.664044957
20222,1129001327,22,19,3,0,0,8,6,7,1,0,0,7,5,6,1,0,0,1,1,1,0,4622.36804481
20222,1129001330,2,0,2,0,0,0,0,1,1,0,0,0,0,0,0,0,0,0,0,1,1,1084.26803368
20222,1129001334,4,4,0,0,0,4,0,0,0,0,0,4,0,0,0,0,0,0,0,0,0,5649.95803163
20222,1129001336,5,4,1,0,1,2,0,2,0,0,1,2,0,1,0,0,0,0,0,1,0,2715.72165908
20222,1129001346,4,2,2,0,0,0,2,1,1,0,0,0,1,1,0,0,0,0,1,0,1,2308.39439091
20222,1129001348,8,1,7,0,1,1,1,4,1,0,0,0,0,0,1,0,1,1,1,4,0,4790.86921001
20222,1129001350,95,50,45,0,14,19,24,17,21,0,1,9,13,10,17,0,13,10,11,7,4,3080.69931178
20222,1129001354,38,9,29,0,12,14,5,7,0,0,2,2,2,3,0,0,10,12,3,4,0,2816.14414283
20222,1129001360,92,77,15,0,22,21,14,30,5,0,22,17,8,25,5,0,0,4,6,5,0,2836.0672573
20222,1129001363,4,2,2,0,0,1,0,1,2,0,0,0,0,1,1,0,0,1,0,0,1,3231.17273356
20222,1129001364,18,17,1,0,1,3,4,6,4,0,1,3,4,5,4,0,0,0,0,1,0,2347.55049009
20222,1129001369,2,2,0,0,0,1,1,0,0,0,0,1,1,0,0,0,0,0,0,0,0,1727.63892008
20222,1129001371,5,1,4,0,2,0,0,2,1,0,0,0,0,1,0,0,2,0,0,1,1,3301.08702655
20222,1129001376,10,8,2,0,0,2,3,1,4,0,0,2,3,1,2,0,0,0,0,0,2,4852.52882864
20222,1129001379,6,4,2,0,1,0,1,4,0,0,1,0,0,3,0,0,0,0,1,1,0,2566.67596289
20222,1129001380,8,4,4,0,0,1,2,1,4,0,0,1,1,1,1,0,0,0,1,0,3,3835.571848
20222,1129001382,3,2,1,0,0,1,0,2,0,0,0,1,0,1,0,0,0,0,0,1,0,1341.3151994
20222,1129001384,11,7,4,0,0,5,2,3,1,0,0,3,2,1,1,0,0,2,0,2,0,2434.41465641
20222,1129001389,3,3,0,0,0,0,1,1,1,0,0,0,1,1,1,0,0,0,0,0,0,1455.30132018
20222,1129001391,3,2,1,0,0,0,1,2,0,0,0,0,1,1,0,0,0,0,0,1,0,4600.61349277
20222,1129001397,2,1,1,0,0,0,0,1,1,0,0,0,0,1,0,0,0,0,0,0,1,868.923957791
20222,1129001400,8,5,3,0,1,1,0,4,2,0,0,0,0,3,2,0,1,1,0,1,0,2443.09056824
20222,1129001402,8,6,2,0,0,2,2,3,1,0,0,1,2,2,1,0,0,1,0,1,0,1363.18684457
20222,1129001405,7,4,3,0,0,0,1,2,4,0,0,0,0,1,3,0,0,0,1,1,1,3773.12069376
20222,1129001409,7,4,3,0,3,2,1,1,0,0,2,1,1,0,0,0,1,1,0,1,0,3687.19811542
20222,1129001411,1,0,1,0,0,0,1,0,0,0,0,0,0,0,0,0,0,0,1,0,0,893.065313794
20222,1129001415,3,2,1,0,0,0,2,1,0,0,0,0,2,0,0,0,0,0,0,1,0,2578.26555068
20222,1129001416,16,8,8,0,2,3,6,4,1,0,0,1,4,2,1,0,2,2,2,2,0,2382.94063562
20222,1129001422,82,34,48,0,10,19,16,19,18,0,0,4,6,8,16,0,10,15,10,11,2,10522.4008775
20222,1129001424,71,57,14,0,4,10,20,34,3,0,3,5,14,32,3,0,1,5,6,2,0,5099.14970665
20222,1129001427,9,4,5,0,0,0,1,6,2,0,0,0,0,3,1,0,0,0,1,3,1,2764.31163355
20222,1129001428,58,25,33,0,6,15,15,17,5,0,3,4,5,9,4,0,3,11,10,8,1,24849.9049279
20222,1129001430,40,39,1,0,2,3,4,23,8,0,2,3,3,23,8,0,0,0,1,0,0,1719.2810491
20222,1129001433,1,0,1,0,0,1,0,0,0,0,0,0,0,0,0,0,0,1,0,0,0,4161.82129936
20222,1129001434,8,8,0,0,0,2,2,1,3,0,0,2,2,1,3,0,0,0,0,0,0,3140.00692645
20222,1129001436,3,3,0,0,0,0,1,0,2,0,0,0,1,0,2,0,0,0,0,0,0,1922.30098389
20222,1129001437,4,2,2,0,1,1,0,2,0,0,0,1,0,1,0,0,1,0,0,1,0,1054.98095312
20222,1129001440,37,8,29,0,2,7,11,12,5,0,2,1,1,0,4,0,0,6,10,12,1,12902.9829544
20222,1129001441,3,1,2,0,2,0,0,1,0,0,1,0,0,0,0,0,1,0,0,1,0,2441.66146192
20222,1129001442,10,10,0,0,0,3,5,2,0,0,0,3,5,2,0,0,0,0,0,0,0,2677.91136473
20222,1129001444,9,3,6,0,3,1,1,4,0,0,1,0,1,1,0,0,2,1,0,3,0,8911.19997696
20222,1129001445,1,0,1,0,0,0,0,1,0,0,0,0,0,0,0,0,0,0,0,1,0,2572.54803552
20222,1129001446,129,54,75,1,31,34,27,12,24,0,6,10,19,8,11,1,25,24,8,4,13,6222.99353583
20222,1129001449,10,8,2,0,4,1,1,3,1,0,3,1,1,2,1,0,1,0,0,1,0,1638.67995197
20222,1129001450,41,39,2,0,1,5,4,13,18,0,1,4,4,12,18,0,0,1,0,1,0,3137.43463678
20222,1129001451,3,2,1,0,0,0,1,1,1,0,0,0,1,1,0,0,0,0,0,0,1,1471.26951474
20222,1129001454,44,39,5,0,0,2,7,12,23,0,0,2,4,11,22,0,0,0,3,1,1,3278.69548523
20222,1129001457,4,3,1,0,0,1,0,2,1,0,0,1,0,1,1,0,0,0,0,1,0,2809.34675755
20222,1129001465,6,5,1,0,0,0,3,2,1,0,0,0,2,2,1,0,0,0,1,0,0,4592.43662789
20222,1129001468,6,2,4,0,0,2,1,2,1,0,0,1,0,1,0,0,0,1,1,1,1,5275.84700193
20222,1129001471,9,4,5,0,0,3,1,0,5,0,0,0,0,0,4,0,0,3,1,0,1,3885.02788991
20222,1129001473,6,5,1,0,0,0,4,2,0,0,0,0,3,2,0,0,0,0,1,0,0,1611.55927305
20222,1129001476,12,10,2,0,2,1,4,3,2,0,2,1,4,1,2,0,0,0,0,2,0,3534.0133398
20222,1129001489,907,703,204,0,4,10,19,44,830,0,0,7,6,26,664,0,4,3,13,18,166,3463.59476813
20222,1129001491,3,1,2,0,0,0,3,0,0,0,0,0,1,0,0,0,0,0,2,0,0,3906.08988199
20222,1129001498,19,12,7,0,0,2,6,5,6,0,0,1,4,2,5,0,0,1,2,3,1,1347.21113131
20222,1129001499,4,4,0,0,3,1,0,0,0,0,3,1,0,0,0,0,0,0,0,0,0,1754.1850392
20222,1129001500,4,1,3,0,0,1,3,0,0,0,0,0,1,0,0,0,0,1,2,0,0,863.468436994
20222,1129001503,37,34,3,0,4,7,7,9,10,0,3,6,6,9,10,0,1,1,1,0,0,6648.95313586
20222,1129001508,23,11,12,0,1,0,9,9,4,0,1,0,4,3,3,0,0,0,5,6,1,2775.16339585
20222,1129001511,6,2,4,0,0,1,3,2,0,0,0,0,0,2,0,0,0,1,3,0,0,2425.55832245
20222,1129001512,3,3,0,0,0,0,3,0,0,0,0,0,3,0,0,0,0,0,0,0,0,2482.12818792
20222,1129001516,3,1,2,0,0,0,1,2,0,0,0,0,0,1,0,0,0,0,1,1,0,10269.6729421
20222,1129001517,8,2,6,0,4,1,3,0,0,0,1,0,1,0,0,0,3,1,2,0,0,2946.1416121
20222,1129001520,24,19,5,0,0,0,3,4,17,0,0,0,2,3,14,0,0,0,1,1,3,112264.001808
20222,1129001527,21,3,18,1,3,7,6,3,1,0,1,0,1,0,1,1,2,7,5,3,0,1815.25704643
20222,1129001529,836,443,393,10,107,148,194,210,167,8,67,96,91,95,86,2,40,52,103,115,81,3244.91565666
20222,1129001533,12,6,6,0,1,2,5,3,1,0,1,2,0,2,1,0,0,0,5,1,0,7005.07258843
20222,1129001541,4,2,2,0,0,0,3,1,0,0,0,0,1,1,0,0,0,0,2,0,0,5582.10152217
20222,1129001542,35,21,14,0,6,12,6,9,2,0,0,8,5,7,1,0,6,4,1,2,1,10809.4800919
20222,1129001543,9,5,4,0,2,4,2,0,1,0,2,2,1,0,0,0,0,2,1,0,1,4252.23772058
20222,1129001544,13,7,6,0,2,2,3,3,3,0,1,1,3,0,2,0,1,1,0,3,1,2769.46438583
20222,1129001546,41,13,28,4,14,5,9,8,1,0,3,3,3,4,0,4,11,2,6,4,1,3700.23516321
20222,1129001547,8,4,4,0,0,1,1,2,4,0,0,0,0,1,3,0,0,1,1,1,1,2283.89334788
20222,1129001549,3,2,1,0,0,0,0,1,2,0,0,0,0,0,2,0,0,0,0,1,0,3082.87086879
20222,1129001550,17,7,10,0,4,4,0,5,4,0,0,0,0,5,2,0,4,4,0,0,2,3963.01710403
20222,1129001551,3,2,1,0,0,0,2,1,0,0,0,0,1,1,0,0,0,0,1,0,0,1255.51300215
20222,1129001552,11,4,7,0,3,4,0,4,0,0,0,2,0,2,0,0,3,2,0,2,0,2288.87004357
20222,1129001553,3,0,3,0,0,1,1,0,1,0,0,0,0,0,0,0,0,1,1,0,1,1312.89575304
20222,1129001554,20,13,7,0,0,3,4,10,3,0,0,1,1,9,2,0,0,2,3,1,1,4500.72589937
20222,1129001556,2,1,1,0,0,0,1,0,1,0,0,0,0,0,1,0,0,0,1,0,0,2130.03979263
20222,1129001557,22,10,12,0,3,2,5,4,8,0,2,0,2,2,4,0,1,2,3,2,4,1823.5022601
20222,1129001558,4,2,2,0,0,0,4,0,0,0,0,0,2,0,0,0,0,0,2,0,0,4102.41936634
20222,1129001561,2,1,1,0,0,0,1,0,1,0,0,0,0,0,1,0,0,0,1,0,0,1632.12625983
20222,1129001564,2,1,1,0,0,0,1,0,1,0,0,0,0,0,1,0,0,0,1,0,0,13747.5201953
20222,1129001566,8,5,3,0,1,0,2,3,2,0,0,0,2,2,1,0,1,0,0,1,1,2783.57534131
20222,1129001567,3,0,3,0,1,0,0,2,0,0,0,0,0,0,0,0,1,0,0,2,0,10023.0335707
20222,1129001568,24,14,10,0,2,6,2,7,7,0,0,2,2,5,5,0,2,4,0,2,2,4343.0355389
20222,1129001569,26,13,13,0,3,5,8,5,5,0,1,2,4,2,4,0,2,3,4,3,1,14381.065832
20222,1129001570,13,10,3,0,0,3,2,5,3,0,0,3,1,3,3,0,0,0,1,2,0,1730.01425553
20222,1129001571,432,90,342,1,41,96,188,103,3,0,11,40,30,7,2,1,30,56,158,96,1,3964.85927945
20222,1129001572,362,112,250,0,18,131,177,24,12,0,6,34,48,12,12,0,12,97,129,12,0,8056.7275957
20222,1129001573,5,4,1,0,0,3,0,1,1,0,0,2,0,1,1,0,0,1,0,0,0,3278.67060907
20222,1129001574,14,9,5,0,2,3,6,2,1,0,1,2,3,2,1,0,1,1,3,0,0,5029.25642128
20222,1129001575,45,16,29,0,8,7,8,14,8,0,3,3,0,6,4,0,5,4,8,8,4,8008.16925497
20222,1129001576,20,13,7,0,2,6,6,5,1,0,2,3,5,3,0,0,0,3,1,2,1,2056.06663506
20222,1129001577,59,11,48,0,11,11,6,29,2,0,2,4,5,0,0,0,9,7,1,29,2,4200.93537208
20222,1129001578,122,88,34,0,3,13,50,42,14,0,0,11,38,31,8,0,3,2,12,11,6,5359.15774984
20222,1129001580,12,1,11,0,1,2,2,3,4,0,0,0,0,0,1,0,1,2,2,3,3,2692.58656665
20222,1129001581,16,6,10,0,1,3,4,4,4,0,0,0,2,1,3,0,1,3,2,3,1,5943.67095631
20222,1129001582,5,1,4,0,2,0,1,1,1,0,1,0,0,0,0,0,1,0,1,1,1,3755.61358973
20222,1129001583,188,60,128,0,40,88,41,12,7,0,9,26,16,4,5,0,31,62,25,8,2,2705.58063208
20222,1129001584,682,558,124,3,110,218,218,92,41,3,79,184,190,69,33,0,31,34,28,23,8,12585.539396
20222,1129001585,62,15,47,0,4,22,21,13,2,0,0,7,3,4,1,0,4,15,18,9,1,18159.6794215
20222,1129001586,236,75,161,0,33,30,40,49,84,0,11,13,13,11,27,0,22,17,27,38,57,6965.9160308
20222,1129001588,23,9,14,0,4,5,5,6,3,0,2,0,2,2,3,0,2,5,3,4,0,28616.6529241
20222,1129001589,9,5,4,0,1,1,3,4,0,0,0,1,1,3,0,0,1,0,2,1,0,2947.70634045
20222,1129001590,27,17,10,1,2,9,7,6,2,0,2,6,4,4,1,1,0,3,3,2,1,4798.23307808
20222,1129001591,21,10,11,0,5,3,6,4,3,0,1,2,3,2,2,0,4,1,3,2,1,2138.14774143
20222,1129001595,16,12,4,0,0,7,1,6,2,0,0,5,0,5,2,0,0,2,1,1,0,1784.00920877
20222,1129001602,6,5,1,0,0,0,1,3,2,0,0,0,1,2,2,0,0,0,0,1,0,2389.19628428
20222,1129001604,7,2,5,0,2,0,3,2,0,0,1,0,0,1,0,0,1,0,3,1,0,13313.163929
20222,1129001607,60,51,9,0,1,11,10,24,14,0,1,5,9,23,13,0,0,6,1,1,1,7635.27289405
20222,1129001610,53,30,23,0,4,21,12,4,12,0,1,13,5,4,7,0,3,8,7,0,5,23111.2737032
20222,1129001611,19,18,1,0,6,5,2,3,3,0,6,5,2,3,2,0,0,0,0,0,1,9148.49375224
20222,1129001612,2,2,0,0,0,0,1,1,0,0,0,0,1,1,0,0,0,0,0,0,0,3095.44501609
20222,1129001616,124,24,100,0,14,20,35,50,5,0,7,4,7,5,1,0,7,16,28,45,4,8470.10363357
20222,1129001617,42,23,19,0,6,9,18,1,8,0,1,3,12,0,7,0,5,6,6,1,1,14624.148448
20222,1129001618,24,18,6,0,6,5,8,4,1,0,4,3,6,4,1,0,2,2,2,0,0,6027.49492595
20222,1129001619,3,1,2,0,0,2,0,0,1,0,0,0,0,0,1,0,0,2,0,0,0,1286.20306618
20222,1129001620,4,3,1,0,0,0,1,3,0,0,0,0,1,2,0,0,0,0,0,1,0,3699.48213505
20222,1129001624,1,1,0,0,0,0,1,0,0,0,0,0,1,0,0,0,0,0,0,0,0,1939.28228487
20222,1129001628,9,6,3,0,1,1,2,2,3,0,0,1,2,1,2,0,1,0,0,1,1,2708.79202984
20222,1129001629,8,8,0,0,2,0,4,1,1,0,2,0,4,1,1,0,0,0,0,0,0,3474.47241604
20222,1129001631,2,1,1,0,0,0,0,1,1,0,0,0,0,1,0,0,0,0,0,0,1,2526.9182402
20222,1129001640,2,2,0,0,0,0,0,2,0,0,0,0,0,2,0,0,0,0,0,0,0,6906.31589345
20222,1129001644,62,42,20,0,1,11,18,24,8,0,0,5,13,18,6,0,1,6,5,6,2,17096.9992394
20222,1129001645,6,2,4,0,0,1,1,0,4,0,0,0,1,0,1,0,0,1,0,0,3,1706.17310916
20222,1129001646,15,10,5,0,1,2,3,4,5,0,1,1,3,2,3,0,0,1,0,2,2,7776.28594244
20222,1129001649,6,3,3,0,1,1,0,2,2,0,1,0,0,1,1,0,0,1,0,1,1,3571.2929428
20222,1129001652,59,54,5,0,4,7,31,16,1,0,4,5,28,16,1,0,0,2,3,0,0,11076.9615897
20222,1129001653,1,1,0,0,0,0,0,0,1,0,0,0,0,0,1,0,0,0,0,0,0,531.4830948
20222,1129001657,20,12,8,0,3,1,4,6,6,0,1,1,1,4,5,0,2,0,3,2,1,7318.72766697
20222,1129001659,117,110,7,0,23,26,40,21,7,0,19,24,39,21,7,0,4,2,1,0,0,4489.0919205
20222,1129001660,2,0,2,0,0,0,0,1,1,0,0,0,0,0,0,0,0,0,0,1,1,1786.09024829
20222,1129001661,3,2,1,0,1,1,0,1,0,0,0,1,0,1,0,0,1,0,0,0,0,4540.41539848
20222,1129001663,3,1,2,0,1,0,0,2,0,0,0,0,0,1,0,0,1,0,0,1,0,2767.61504058
20222,1129001666,35,4,31,0,7,11,10,7,0,0,0,1,2,1,0,0,7,10,8,6,0,13506.0754743
20222,1129001668,20,11,9,0,1,4,5,2,8,0,0,2,4,1,4,0,1,2,1,1,4,8051.24339719
20222,1129001669,3,2,1,0,1,0,0,1,1,0,1,0,0,0,1,0,0,0,0,1,0,4217.65010909
20222,1129001670,2,1,1,0,0,0,1,1,0,0,0,0,0,1,0,0,0,0,1,0,0,4432.79953572
20222,1129001673,107,36,71,0,5,23,47,26,6,0,1,5,15,11,4,0,4,18,32,15,2,42048.6372977
20222,1129001674,6,5,1,0,0,1,0,5,0,0,0,1,0,4,0,0,0,0,0,1,0,5319.85616062
20222,1129001675,8,4,4,0,1,5,1,1,0,0,0,4,0,0,0,0,1,1,1,1,0,4405.43144491
20222,1129001677,5,3,2,0,0,1,2,1,1,0,0,1,1,1,0,0,0,0,1,0,1,18777.2333451
20222,1129001678,253,207,46,5,27,75,82,40,24,1,11,70,74,34,17,4,16,5,8,6,7,31709.101242
20222,1129001680,275,110,165,0,46,115,62,31,21,0,12,37,35,12,14,0,34,78,27,19,7,31423.9957706
20222,1129001681,159,124,35,6,42,59,35,11,6,6,36,54,23,5,0,0,6,5,12,6,6,4056.36903134
20222,1129001683,56,29,27,0,4,9,16,19,8,0,2,2,6,13,6,0,2,7,10,6,2,57347.5502962
20222,1129001685,31,17,14,0,6,10,9,4,2,0,4,8,4,0,1,0,2,2,5,4,1,9737.43556297
20222,1129001686,292,231,61,0,42,76,122,35,17,0,24,64,106,28,9,0,18,12,16,7,8,11872.4971689
20222,1129001687,15,3,12,0,6,3,2,3,1,0,0,0,0,2,1,0,6,3,2,1,0,6060.75766147
20222,1129001691,34,26,8,0,4,6,12,5,7,0,2,4,9,5,6,0,2,2,3,0,1,3565.23037215
20222,1129001695,29,10,19,0,3,2,7,8,9,0,2,2,4,1,1,0,1,0,3,7,8,9635.54196006
20222,1129001696,8,5,3,0,0,0,3,4,1,0,0,0,2,2,1,0,0,0,1,2,0,21940.0663842
20222,1129001697,287,166,121,3,123,71,40,34,16,0,56,46,29,24,11,3,67,25,11,10,5,3701.5317609
20222,1129001698,113,56,57,0,14,35,33,25,6,0,4,14,13,20,5,0,10,21,20,5,1,36366.1105139
20222,1129001699,203,155,48,0,19,62,53,60,9,0,13,46,43,45,8,0,6,16,10,15,1,18370.718007
20222,1129001701,55,33,22,0,9,10,11,13,12,0,5,7,7,7,7,0,4,3,4,6,5,14579.7433132
20222,1129001706,10,4,6,0,2,1,1,2,4,0,0,0,0,1,3,0,2,1,1,1,1,8823.65887523
20222,1129001707,100,41,59,0,17,42,34,5,2,0,5,12,20,2,2,0,12,30,14,3,0,2298.36418357
20222,1129001710,7,3,4,0,1,0,4,0,2,0,0,0,1,0,2,0,1,0,3,0,0,9280.69115543
20222,1129001711,1,1,0,0,0,0,0,0,1,0,0,0,0,0,1,0,0,0,0,0,0,3813.48944324
20222,1129001712,389,264,125,3,93,154,89,33,17,0,50,111,61,26,16,3,43,43,28,7,1,50964.5354988
20222,1129001713,7,6,1,0,0,0,3,2,2,0,0,0,2,2,2,0,0,0,1,0,0,15040.4546882
20222,1129001714,2,1,1,0,0,0,1,1,0,0,0,0,1,0,0,0,0,0,0,1,0,61113.2339719
20222,1129001717,5,3,2,0,0,0,3,1,1,0,0,0,2,0,1,0,0,0,1,1,0,2859.45799565
20222,1129001718,20,20,0,0,1,2,4,10,3,0,1,2,4,10,3,0,0,0,0,0,0,5182.60388761
20222,1129001720,113,81,32,0,9,24,27,35,18,0,3,17,20,25,16,0,6,7,7,10,2,14588.5181186
20222,1129001721,2,2,0,0,0,1,0,0,1,0,0,1,0,0,1,0,0,0,0,0,0,35726.6010143
20222,1129001722,115,50,65,3,39,21,21,23,8,1,20,10,12,6,1,2,19,11,9,17,7,208944.212216
20222,1129001723,1007,400,607,4,392,409,176,22,4,1,168,178,43,6,4,3,224,231,133,16,0,17351.2547931
20222,1129001725,115,105,10,0,14,26,36,30,9,0,11,24,33,29,8,0,3,2,3,1,1,3211.27340679
20222,1129001727,60,37,23,0,16,23,16,4,1,0,10,15,9,3,0,0,6,8,7,1,1,11404.1999449
20222,1129001728,122,113,9,0,0,3,13,52,54,0,0,1,11,49,52,0,0,2,2,3,2,10298.3745181
20222,1129001729,39,21,18,0,9,8,16,5,1,0,1,3,13,4,0,0,8,5,3,1,1,14429.3177552
20222,1129001731,352,338,14,0,36,100,101,105,10,0,32,96,96,105,9,0,4,4,5,0,1,15322.0620527
20222,1129001732,22,14,8,0,3,5,4,8,2,0,3,4,2,4,1,0,0,1,2,4,1,7008.62593422
20222,1129001733,507,385,122,1,154,156,83,102,11,0,74,127,72,102,10,1,80,29,11,0,1,14141.332928
20222,1129001734,11,5,6,0,4,1,2,2,2,0,1,1,1,1,1,0,3,0,1,1,1,16218.749889
20222,1129001735,2,1,1,0,1,0,1,0,0,0,0,0,1,0,0,0,1,0,0,0,0,3143.56685703
20222,1129001736,888,751,137,0,105,305,278,187,13,0,54,259,248,178,12,0,51,46,30,9,1,20885.5474179
20222,1129001737,4,4,0,0,0,1,2,0,1,0,0,1,2,0,1,0,0,0,0,0,0,6677.97298018
20222,1129001738,12087,11233,854,5,892,2435,3701,4847,207,0,725,2094,3516,4751,147,5,167,341,185,96,60,36702.3474634
20222,1129001739,61,36,25,0,1,19,25,12,4,0,0,11,11,10,4,0,1,8,14,2,0,3342.16520041
20222,1129001740,7,4,3,0,0,2,3,1,1,0,0,1,2,1,0,0,0,1,1,0,1,11136.2202808
20222,1129001741,19,8,11,1,5,1,7,3,2,0,4,0,3,0,1,1,1,1,4,3,1,14491.8325383
20222,1129001742,82,45,37,0,8,18,22,15,19,0,4,7,10,10,14,0,4,11,12,5,5,59407.2168511
20222,1129001743,35,22,13,0,7,11,9,6,2,0,5,7,6,3,1,0,2,4,3,3,1,45676.2336692
20222,1129001744,277,230,47,1,36,85,92,55,8,0,23,60,87,53,7,1,13,25,5,2,1,4252.37959544
20222,1129001747,554,197,357,0,114,176,203,59,2,0,31,48,81,35,2,0,83,128,122,24,0,62215.1849167
20222,1129001748,22,18,4,0,1,4,5,8,4,0,0,4,3,8,3,0,1,0,2,0,1,13250.2462508
20222,1129001750,62,55,7,1,3,5,11,21,21,1,2,4,10,19,19,0,1,1,1,2,2,4991.29551256
20222,1129001752,268,138,130,2,94,38,39,37,58,0,42,19,26,18,33,2,52,19,13,19,25,32129.1420407
20222,1129001754,37,21,16,0,4,9,13,5,6,0,3,6,4,2,6,0,1,3,9,3,0,56238.503021
20222,1129001755,8,5,3,0,0,3,1,1,3,0,0,2,1,1,1,0,0,1,0,0,2,15866.9890591
20222,1129001757,971,449,522,0,262,307,224,139,39,0,77,122,129,93,28,0,185,185,95,46,11,115183.835906
20222,1129001758,9,6,3,0,0,2,1,1,5,0,0,1,0,0,5,0,0,1,1,1,0,461704.104484
20222,1129001759,21,9,12,0,4,6,7,3,1,0,0,2,3,3,1,0,4,4,4,0,0,127972.990805
20222,1129001760,12,5,7,0,0,2,5,3,2,0,0,0,1,2,2,0,0,2,4,1,0,173578.137983
20222,1129001762,81,60,21,0,9,13,26,17,16,0,6,10,17,13,14,0,3,3,9,4,2,3792.49172069
20222,1129001763,38,19,19,0,7,9,11,9,2,0,2,5,5,6,1,0,5,4,6,3,1,3685.11917834
20222,1129001765,89,64,25,0,7,10,25,24,23,0,2,6,19,20,17,0,5,4,6,4,6,3195.51657621
20222,1129001766,84,69,15,0,11,13,23,28,9,0,7,10,20,23,9,0,4,3,3,5,0,2626.50736881
20222,1129001767,4,3,1,0,1,0,0,0,3,0,0,0,0,0,3,0,1,0,0,0,0,2362.44833114
20222,1129001769,7,5,2,0,0,0,1,4,2,0,0,0,0,3,2,0,0,0,1,1,0,7690.69074465
20222,1129001771,28,18,10,0,1,5,12,7,3,0,1,2,6,6,3,0,0,3,6,1,0,5002.07761172
20222,1129001772,2,2,0,0,0,0,0,1,1,0,0,0,0,1,1,0,0,0,0,0,0,5441.09988607
20222,1129001775,22,17,5,0,7,10,2,1,2,0,5,9,2,1,0,0,2,1,0,0,2,4574.31319467
20222,1129001777,676,506,170,3,121,184,150,147,71,3,79,140,120,117,47,0,42,44,30,30,24,5672.70743044
20222,1129001780,39,24,15,0,2,13,9,10,5,0,1,11,4,4,4,0,1,2,5,6,1,12966.6739742
20222,1129001781,49,27,22,1,13,11,10,11,3,0,5,6,9,4,3,1,8,5,1,7,0,679.953867576
20222,1129001782,301,249,52,1,33,90,111,66,0,0,26,81,91,51,0,1,7,9,20,15,0,5627.30439485
20222,1129001787,5,2,3,0,0,2,0,2,1,0,0,1,0,0,1,0,0,1,0,2,0,1932.05015884
20222,1129001790,2,2,0,0,0,0,2,0,0,0,0,0,2,0,0,0,0,0,0,0,0,953.419858708
20222,1129001791,23,13,10,0,12,9,1,1,0,0,6,6,1,0,0,0,6,3,0,1,0,5521.52808952
20222,1129001792,4,2,2,0,0,0,1,3,0,0,0,0,0,2,0,0,0,0,1,1,0,6575.87772822
20222,1129001793,8,4,4,0,0,1,0,3,4,0,0,1,0,0,3,0,0,0,0,3,1,1556.47288448
20222,1129001796,2,1,1,0,0,0,0,2,0,0,0,0,0,1,0,0,0,0,0,1,0,5927.95159607
20222,1129001797,3,3,0,0,0,0,0,3,0,0,0,0,0,3,0,0,0,0,0,0,0,3749.07707306
20222,1129001798,4,2,2,0,0,0,2,0,2,0,0,0,2,0,0,0,0,0,0,0,2,2491.22563213
20222,1129001799,7,1,6,0,3,3,0,0,1,0,1,0,0,0,0,0,2,3,0,0,1,3497.66272857
20222,1129001800,22,6,16,1,10,7,2,0,2,0,0,3,2,0,1,1,10,4,0,0,1,2929.06750307
20222,1129001802,5,4,1,0,0,1,2,2,0,0,0,1,1,2,0,0,0,0,1,0,0,1957.18080496
20222,1129001803,10,1,9,0,2,5,2,0,1,0,0,1,0,0,0,0,2,4,2,0,1,3701.79853524
20222,1129001805,173,162,11,0,3,13,17,56,84,0,2,10,15,54,81,0,1,3,2,2,3,7603.20550094
20222,1129001806,6,5,1,0,0,1,0,3,2,0,0,1,0,3,1,0,0,0,0,0,1,6103.56689588
20222,1129001809,393,366,27,0,18,51,87,144,93,0,15,49,81,132,89,0,3,2,6,12,4,4015.54869065
20222,1129001811,3,1,2,0,0,1,1,0,1,0,0,0,0,0,1,0,0,1,1,0,0,4013.3108732
20222,1129001813,1027,535,492,0,91,342,397,191,6,0,29,148,235,117,6,0,62,194,162,74,0,1236.84460347
20222,1129001817,15,9,6,0,0,4,3,1,7,0,0,1,2,0,6,0,0,3,1,1,1,4900.68402436
20222,1129001819,70,66,4,0,3,0,9,33,25,0,1,0,8,33,24,0,2,0,1,0,1,2866.42817973
20222,1129001821,437,335,102,1,126,198,91,17,4,0,86,158,76,13,2,1,40,40,15,4,2,6101.43159287
20222,1129001822,121,44,77,0,27,24,36,19,15,0,10,8,10,10,6,0,17,16,26,9,9,3977.64529884
20222,1129001823,12,7,5,0,0,0,1,3,8,0,0,0,1,0,6,0,0,0,0,3,2,9128.55318805
20222,1129001824,16,9,7,0,4,4,3,2,3,0,3,2,2,0,2,0,1,2,1,2,1,8815.50505784
20222,1129001826,7,6,1,0,3,3,1,0,0,0,2,3,1,0,0,0,1,0,0,0,0,1169.4131382
20222,1129001831,24,19,5,0,3,4,9,5,3,0,2,2,8,4,3,0,1,2,1,1,0,3705.6866103
20222,1129001834,2,1,1,0,0,1,1,0,0,0,0,0,1,0,0,0,0,1,0,0,0,1737.95598376
20222,1129001837,5,2,3,0,0,0,2,1,2,0,0,0,0,0,2,0,0,0,2,1,0,4200.31347075
20222,1129001838,20,0,20,0,9,2,4,5,0,0,0,0,0,0,0,0,9,2,4,5,0,1605.0396624
20222,1129001839,2,1,1,0,0,0,1,1,0,0,0,0,0,1,0,0,0,0,1,0,0,2216.78679614
20222,1129001843,16,5,11,1,3,4,2,4,2,0,0,1,2,1,1,1,3,3,0,3,1,6201.15364473
20222,1129001844,8,1,7,0,1,2,1,0,4,0,0,0,0,0,1,0,1,2,1,0,3,1180.56938563
20222,1129001845,6,2,4,0,2,1,1,0,2,0,0,1,0,0,1,0,2,0,1,0,1,1469.88884095
20222,1129001846,2,2,0,0,0,0,1,0,1,0,0,0,1,0,1,0,0,0,0,0,0,4253.98061194
20222,1129001847,10,9,1,0,2,5,3,0,0,0,2,4,3,0,0,0,0,1,0,0,0,3085.97983842
20222,1129001849,5,2,3,0,1,0,1,3,0,0,1,0,0,1,0,0,0,0,1,2,0,1774.29074096
20222,1129001852,14,2,12,0,1,3,7,2,1,0,0,0,1,1,0,0,1,3,6,1,1,5600.35205905
20222,1129001854,28,7,21,0,12,9,5,1,1,0,0,2,3,1,1,0,12,7,2,0,0,2237.60939737
20222,1129001855,3,1,2,0,1,1,0,1,0,0,0,0,0,1,0,0,1,1,0,0,0,2625.55521993
20222,1129001856,11,8,3,0,0,3,5,3,0,0,0,3,3,2,0,0,0,0,2,1,0,2524.69968364
20222,1129001857,12,6,6,0,0,6,3,2,1,0,0,2,1,2,1,0,0,4,2,0,0,1269.0379333
20222,1129001858,9,6,3,0,0,1,2,1,5,0,0,1,0,1,4,0,0,0,2,0,1,2440.06803089
20222,1129001859,4,2,2,0,0,1,1,2,0,0,0,1,0,1,0,0,0,0,1,1,0,1274.74125263
20222,1129001862,22,11,11,0,3,3,6,5,5,0,0,2,3,3,3,0,3,1,3,2,2,1344.83088156
20222,1129001864,15,7,8,0,5,2,0,2,6,0,1,1,0,1,4,0,4,1,0,1,2,4159.64299935
20222,1129001865,13,10,3,0,1,5,2,4,1,0,0,4,2,3,1,0,1,1,0,1,0,5431.32381959
20222,1129001866,9,5,4,0,0,1,5,3,0,0,0,1,1,3,0,0,0,0,4,0,0,1978.40387727
20222,1129001868,6,4,2,0,1,4,0,0,1,0,0,3,0,0,1,0,1,1,0,0,0,2023.40280659
20222,1129001869,17,11,6,0,0,2,7,5,3,0,0,1,3,4,3,0,0,1,4,1,0,1213.87136607
20222,1129001871,20,6,14,0,4,3,6,7,0,0,0,2,0,4,0,0,4,1,6,3,0,5937.41628291
20222,1129001872,81,44,37,0,6,10,25,30,10,0,4,7,12,16,5,0,2,3,13,14,5,4385.11483318
20222,1129001873,17,10,7,0,0,2,9,3,3,0,0,2,5,0,3,0,0,0,4,3,0,6423.12726131
20222,1129001874,3,1,2,0,0,0,3,0,0,0,0,0,1,0,0,0,0,0,2,0,0,3041.35607503
20222,1129001877,24,17,7,0,1,2,11,5,5,0,1,1,8,3,4,0,0,1,3,2,1,2379.96039316
20222,1129001880,88,32,56,0,11,17,22,17,21,0,6,5,2,8,11,0,5,12,20,9,10,11745.6973191
20222,1129001882,7,5,2,0,0,0,1,6,0,0,0,0,0,5,0,0,0,0,1,1,0,2567.74991221
20222,1129001885,15,9,6,0,5,5,2,3,0,0,4,1,2,2,0,0,1,4,0,1,0,4631.45059836
20222,1129001890,2,2,0,0,0,0,2,0,0,0,0,0,2,0,0,0,0,0,0,0,0,1215.75226458
20222,1129001892,5,1,4,0,0,0,0,4,1,0,0,0,0,1,0,0,0,0,0,3,1,4712.9194268
20222,1129001893,7,6,1,0,2,1,3,0,1,0,2,1,3,0,0,0,0,0,0,0,1,4072.76141789
20222,1129001894,11,5,6,0,5,3,2,0,1,0,0,2,2,0,1,0,5,1,0,0,0,5014.25878933
20222,1129001895,20,4,16,0,1,0,5,12,2,0,0,0,0,3,1,0,1,0,5,9,1,4594.51232741
20222,1129001900,2,2,0,0,0,0,1,0,1,0,0,0,1,0,1,0,0,0,0,0,0,1438.37091732
20222,1129001902,6,4,2,0,1,1,0,0,4,0,1,1,0,0,2,0,0,0,0,0,2,2446.56008202
20222,1129001905,73,25,48,0,14,19,20,12,8,0,5,4,6,5,5,0,9,15,14,7,3,76031.7400242
20222,1129001908,9,3,6,0,1,2,4,1,1,0,0,1,1,0,1,0,1,1,3,1,0,2639.12239581
20222,1129001910,10,5,5,0,0,5,3,2,0,0,0,2,1,2,0,0,0,3,2,0,0,3448.69916309
20222,1129001911,9,3,6,0,0,0,6,2,1,0,0,0,3,0,0,0,0,0,3,2,1,4654.39745712
20222,1129001912,5,4,1,0,0,1,0,2,2,0,0,1,0,2,1,0,0,0,0,0,1,1587.62560515
20222,1129001913,4,4,0,0,0,1,0,2,1,0,0,1,0,2,1,0,0,0,0,0,0,1322.62881485
20222,1129001919,3,1,2,0,0,3,0,0,0,0,0,1,0,0,0,0,0,2,0,0,0,1226.92166334
20222,1129001921,1,0,1,0,0,1,0,0,0,0,0,0,0,0,0,0,0,1,0,0,0,1330.40119407
20222,1129001923,128,38,90,0,10,24,53,30,11,0,4,5,15,9,5,0,6,19,38,21,6,3420.0104574
20222,1129001932,3,0,3,0,1,0,0,2,0,0,0,0,0,0,0,0,1,0,0,2,0,2467.5735448
20222,1129001936,3,2,1,0,0,0,0,3,0,0,0,0,0,2,0,0,0,0,0,1,0,9166.11253513
20222,1129001941,46,12,34,0,16,13,7,8,2,0,4,4,3,0,1,0,12,9,4,8,1,9370.09863927
20222,1129001942,26,12,14,0,18,3,3,2,0,0,7,2,1,2,0,0,11,1,2,0,0,437947.697653
20222,1129001945,2,2,0,0,0,0,0,1,1,0,0,0,0,1,1,0,0,0,0,0,0,1967.90878546
20222,1129001946,6,6,0,0,0,3,3,0,0,0,0,3,3,0,0,0,0,0,0,0,0,1541.27775852
20222,1129001947,2,1,1,0,0,1,0,0,1,0,0,0,0,0,1,0,0,1,0,0,0,7388.18419486
20222,1129001948,44,12,32,0,5,1,14,17,7,0,1,1,2,3,5,0,4,0,12,14,2,16156.7338016
20222,1129001950,7,5,2,0,0,4,2,1,0,0,0,2,2,1,0,0,0,2,0,0,0,3221.76775899
20222,1129001953,6,4,2,0,0,0,3,3,0,0,0,0,2,2,0,0,0,0,1,1,0,9974.66027638
20222,1129001954,17,4,13,0,4,3,7,2,1,0,0,1,2,0,1,0,4,2,5,2,0,6849.4671825
20222,1129001955,56,37,19,0,11,16,13,11,5,0,8,11,9,6,3,0,3,5,4,5,2,3092.29561786
20222,1129001959,5,4,1,0,0,0,2,3,0,0,0,0,1,3,0,0,0,0,1,0,0,3289.24841544
20222,1129001960,2,2,0,0,0,0,1,1,0,0,0,0,1,1,0,0,0,0,0,0,0,1295.03307299
20222,1129001962,6,5,1,0,1,1,2,0,2,0,1,1,1,0,2,0,0,0,1,0,0,1859.69998736
20222,1129001964,243,154,89,2,21,47,70,68,35,2,16,28,39,47,22,0,5,19,31,21,13,4677.16547515
20222,1129001967,40,38,2,0,0,3,7,26,4,0,0,3,6,26,3,0,0,0,1,0,1,2753.5521339
20222,1129001968,155,134,21,0,4,8,23,64,56,0,1,7,16,58,52,0,3,1,7,6,4,1484.80235144
20222,1129001970,989,763,226,0,20,25,102,137,705,0,17,19,68,110,549,0,3,6,34,27,156,10142.1060422
20222,1129001981,8,8,0,0,0,1,6,1,0,0,0,1,6,1,0,0,0,0,0,0,0,1991.0859651
20222,1129001983,2,2,0,0,0,0,1,0,1,0,0,0,1,0,1,0,0,0,0,0,0,3496.91527157
20222,1129001986,11,0,11,0,1,3,4,1,2,0,0,0,0,0,0,0,1,3,4,1,2,1822.66614489
20222,1129001997,48,37,11,0,9,3,4,23,9,0,5,2,2,21,7,0,4,1,2,2,2,6168.94218231
20222,1129002002,1,1,0,0,0,0,0,1,0,0,0,0,0,1,0,0,0,0,0,0,0,3881.52250267
20222,1129002003,4,2,2,0,0,0,1,2,1,0,0,0,0,1,1,0,0,0,1,1,0,1632.91902632
20222,1129002007,9,2,7,0,2,1,5,1,0,0,0,0,1,1,0,0,2,1,4,0,0,4233.0347951
20222,1129002009,3,2,1,0,0,0,2,1,0,0,0,0,1,1,0,0,0,0,1,0,0,2124.45724996
20222,1129002012,15,4,11,0,0,0,3,11,1,0,0,0,1,2,1,0,0,0,2,9,0,1507.14214812
20222,1129002016,24,11,13,0,5,5,7,4,3,0,0,3,5,2,1,0,5,2,2,2,2,3779.15199954
20222,1129002021,8,6,2,0,0,4,2,2,0,0,0,4,0,2,0,0,0,0,2,0,0,1576.48788212
20222,1129002022,4,2,2,0,1,0,2,0,1,0,0,0,1,0,1,0,1,0,1,0,0,4191.55035887
20222,1129002023,116,57,59,0,21,31,27,22,15,0,8,13,11,14,11,0,13,18,16,8,4,11480.5519753
20222,1129002039,2,2,0,0,1,0,0,1,0,0,1,0,0,1,0,0,0,0,0,0,0,1334.84037769
20222,1129002043,3,3,0,0,0,0,0,1,2,0,0,0,0,1,2,0,0,0,0,0,0,1435.64434277
20222,1129002046,58,14,44,0,0,4,13,18,23,0,0,4,4,4,2,0,0,0,9,14,21,8749.50762102
20222,1129002047,2,1,1,0,0,0,1,1,0,0,0,0,1,0,0,0,0,0,0,1,0,3870.47638498
20222,1129002048,5,3,2,0,0,1,1,2,1,0,0,0,1,2,0,0,0,1,0,0,1,1443.41986327
20222,1129002049,11,10,1,0,0,2,3,4,2,0,0,2,2,4,2,0,0,0,1,0,0,1672.3509793
20222,1129002053,21,5,16,0,2,10,4,5,0,0,0,5,0,0,0,0,2,5,4,5,0,1894.38440958
20222,1129002059,84,61,23,1,11,22,35,11,4,1,6,19,30,5,0,0,5,3,5,6,4,4709.91195331
20222,1129002060,13,6,7,0,6,3,2,2,0,0,2,1,1,2,0,0,4,2,1,0,0,1810.84668155
20222,1129002068,3,1,2,0,0,0,3,0,0,0,0,0,1,0,0,0,0,0,2,0,0,2267.13034229
20222,1129002072,3,3,0,0,0,0,0,2,1,0,0,0,0,2,1,0,0,0,0,0,0,1338.37583629
20222,1129002077,13,4,9,0,7,2,2,1,1,0,0,1,2,0,1,0,7,1,0,1,0,1355.91522144
20222,1129002080,10,0,10,0,1,3,3,2,1,0,0,0,0,0,0,0,1,3,3,2,1,2501.95897082
20222,1129002083,3,0,3,0,1,2,0,0,0,0,0,0,0,0,0,0,1,2,0,0,0,2980.77335471
20222,1129002084,179,29,150,0,34,58,48,38,1,0,3,8,9,9,0,0,31,50,39,29,1,13593.4671353
20222,1129002086,5,4,1,0,0,0,1,3,1,0,0,0,1,2,1,0,0,0,0,1,0,5751.88011396
20222,1129002087,10,0,10,0,1,3,4,2,0,0,0,0,0,0,0,0,1,3,4,2,0,1676.80587636
20222,1129002090,6,5,1,0,0,2,1,3,0,0,0,2,1,2,0,0,0,0,0,1,0,1737.84172402
20222,1129002091,4,3,1,0,0,0,0,3,1,0,0,0,0,2,1,0,0,0,0,1,0,3879.23639159
20222,1129002093,7,5,2,0,1,1,3,2,0,0,1,1,2,1,0,0,0,0,1,1,0,1683.362008
20222,1129002094,2,1,1,0,0,1,1,0,0,0,0,1,0,0,0,0,0,0,1,0,0,2410.06826046
20222,1129002105,3,2,1,0,0,1,2,0,0,0,0,1,1,0,0,0,0,0,1,0,0,2036.80540496
20222,1129002107,11,4,7,0,0,4,4,2,1,0,0,0,2,1,1,0,0,4,2,1,0,4800.9954326
20222,1129002118,2,1,1,0,0,2,0,0,0,0,0,1,0,0,0,0,0,1,0,0,0,2098.21971208
20222,1129002124,5,2,3,0,0,1,0,2,2,0,0,1,0,0,1,0,0,0,0,2,1,2433.43492417
20222,1129002126,173,72,101,0,14,29,53,27,50,0,4,10,28,12,18,0,10,19,25,15,32,2709.43073191
20222,1129002128,10,1,9,0,1,0,2,6,1,0,0,0,0,0,1,0,1,0,2,6,0,3326.39011218
20222,1129002138,1,1,0,0,0,0,1,0,0,0,0,0,1,0,0,0,0,0,0,0,0,533.733970255
20222,1129002154,54,15,39,1,10,21,16,3,3,1,2,5,6,1,0,0,8,16,10,2,3,5325.53662008
20222,1129002156,35,9,26,0,3,5,4,5,18,0,0,2,3,1,3,0,3,3,1,4,15,4538.77153372
20222,1129002163,23,5,18,0,6,1,10,6,0,0,0,0,1,4,0,0,6,1,9,2,0,6501.85395217
20222,1129002168,30,13,17,0,3,6,11,4,6,0,0,1,7,0,5,0,3,5,4,4,1,5826.40881998
20222,1129002171,2,0,2,0,0,2,0,0,0,0,0,0,0,0,0,0,0,2,0,0,0,10329.6850449
20222,1129002181,3,3,0,0,0,1,1,0,1,0,0,1,1,0,1,0,0,0,0,0,0,5679.50517494
20222,1129002182,224,140,84,1,30,64,82,29,18,0,17,43,44,21,15,1,13,21,38,8,3,3129.97681504
20222,1129002184,4,2,2,0,0,3,1,0,0,0,0,2,0,0,0,0,0,1,1,0,0,1770.72861873
20222,1129002185,3,2,1,0,1,0,1,1,0,0,1,0,1,0,0,0,0,0,0,1,0,1834.70040303
20222,1129002186,2,1,1,0,0,0,2,0,0,0,0,0,1,0,0,0,0,0,1,0,0,3832.37423793
20222,1129002188,3,2,1,0,0,0,1,2,0,0,0,0,0,2,0,0,0,0,1,0,0,3403.37784519
20222,1129002190,2,2,0,0,0,1,0,1,0,0,0,1,0,1,0,0,0,0,0,0,0,3530.87557737
20222,1129002192,2,2,0,0,0,0,0,2,0,0,0,0,0,2,0,0,0,0,0,0,0,3566.39001961
20222,1129002193,3,2,1,0,0,0,0,2,1,0,0,0,0,1,1,0,0,0,0,1,0,3217.46525943
20222,1129002195,101,69,32,0,11,24,31,13,22,0,6,18,22,10,13,0,5,6,9,3,9,22349.1448746
20222,1129002196,4,2,2,0,1,2,0,1,0,0,0,1,0,1,0,0,1,1,0,0,0,1252.91435252
20222,1129002198,35,22,13,0,1,7,8,9,10,0,1,3,3,7,8,0,0,4,5,2,2,7752.24972337
20222,1129002199,2,1,1,0,0,1,0,1,0,0,0,0,0,1,0,0,0,1,0,0,0,3624.71100486
20222,1129002201,2,1,1,0,0,0,0,0,2,0,0,0,0,0,1,0,0,0,0,0,1,2906.53584558
20222,1129002203,36,32,4,0,4,3,11,12,6,0,4,2,9,11,6,0,0,1,2,1,0,4622.10989553
20222,1129002204,7,4,3,0,1,3,2,0,1,0,0,1,2,0,1,0,1,2,0,0,0,8681.19333025
20222,1129002205,6,0,6,0,1,2,0,3,0,0,0,0,0,0,0,0,1,2,0,3,0,8030.38680177
20222,1129002207,23,12,11,0,1,6,3,6,7,0,0,3,1,2,6,0,1,3,2,4,1,4035.81071771
20222,1129002208,332,173,159,0,32,101,104,63,32,0,12,50,64,28,19,0,20,51,40,35,13,10145.1995628
20222,1129002209,5,0,5,0,0,2,1,1,1,0,0,0,0,0,0,0,0,2,1,1,1,1273.98623352
20222,1129002210,38,15,23,0,7,8,9,7,7,0,2,3,2,3,5,0,5,5,7,4,2,8120.09588535
20222,1129002211,21,9,12,0,0,1,5,8,7,0,0,1,1,3,4,0,0,0,4,5,3,4500.74404008
20222,1129002212,65,35,30,0,5,14,13,16,17,0,2,9,6,11,7,0,3,5,7,5,10,8957.09524743
20222,1129002213,45,22,23,0,2,7,16,16,4,0,1,3,7,9,2,0,1,4,9,7,2,14995.2650451
20222,1129002214,7,6,1,0,0,1,2,1,3,0,0,1,2,0,3,0,0,0,0,1,0,1731.99791452
20222,1129002215,6,2,4,0,1,0,2,2,1,0,0,0,1,0,1,0,1,0,1,2,0,3440.34008297
20222,1129002218,52,34,18,1,10,13,16,8,4,0,5,9,12,6,2,1,5,4,4,2,2,14864.3252315
20222,1129002219,7,5,2,0,2,1,2,2,0,0,1,1,1,2,0,0,1,0,1,0,0,5857.28448504
20222,1129002221,22,10,12,0,4,6,2,5,5,0,1,1,0,4,4,0,3,5,2,1,1,12600.4196396
20222,1129002223,6,2,4,0,0,0,2,4,0,0,0,0,0,2,0,0,0,0,2,2,0,3021.59637702
20222,1129002225,16,6,10,0,1,4,6,3,2,0,0,1,4,0,1,0,1,3,2,3,1,3273.96716563
20222,1129002229,1627,1166,461,0,310,658,319,221,119,0,169,480,226,177,114,0,141,178,93,44,5,441421.287997
20222,1129002231,26,12,14,0,0,5,13,3,5,0,0,1,6,1,4,0,0,4,7,2,1,5168.98395907
20222,1129002233,3,1,2,0,0,0,1,0,2,0,0,0,0,0,1,0,0,0,1,0,1,3429.18856967
20222,1129002236,9,2,7,0,2,5,2,0,0,0,0,2,0,0,0,0,2,3,2,0,0,5999.12956369
20222,1129002238,5,4,1,0,1,2,2,0,0,0,1,2,1,0,0,0,0,0,1,0,0,8420.20371284
20222,1129002243,17,1,16,0,3,7,4,2,1,0,0,0,0,0,1,0,3,7,4,2,0,169635.383512
20222,1129002244,14,2,12,0,4,2,4,3,1,0,0,0,0,2,0,0,4,2,4,1,1,5380.12712583
20222,1129002245,6,3,3,0,2,1,1,0,2,0,1,1,1,0,0,0,1,0,0,0,2,2074.48980596
20222,1129002248,3,2,1,0,1,0,0,2,0,0,1,0,0,1,0,0,0,0,0,1,0,956.49386295
20222,1129002249,282,263,19,0,7,10,13,15,237,0,6,7,4,12,234,0,1,3,9,3,3,19442.8273689
20222,1129002250,55,19,36,0,26,15,8,4,2,0,5,7,4,1,2,0,21,8,4,3,0,14181.1653138
20222,1129002252,2,2,0,0,0,0,2,0,0,0,0,0,2,0,0,0,0,0,0,0,0,3337.16519792
20222,1129002253,2,2,0,0,0,0,0,2,0,0,0,0,0,2,0,0,0,0,0,0,0,2807.55795774
20222,1129002254,132,97,35,0,5,46,53,24,4,0,1,32,41,20,3,0,4,14,12,4,1,5285.01129929
20222,1129002259,2,1,1,0,0,0,0,1,1,0,0,0,0,0,1,0,0,0,0,1,0,2217.39757024
20222,1129002262,10,1,9,0,0,3,1,2,4,0,0,0,0,0,1,0,0,3,1,2,3,2223.12867025
20222,1129002263,6,4,2,0,0,0,1,4,1,0,0,0,0,4,0,0,0,0,1,0,1,3466.09500634
20222,1129002264,2,0,2,0,0,0,1,0,1,0,0,0,0,0,0,0,0,0,1,0,1,4824.49219195
20222,1129002265,6,1,5,0,0,1,4,1,0,0,0,0,1,0,0,0,0,1,3,1,0,1242.80683928
20222,1129002267,20,5,15,2,12,1,4,0,1,0,2,0,2,0,1,2,10,1,2,0,0,2775.1633575
20222,1129002268,168,57,111,0,37,23,26,55,27,0,13,15,12,11,6,0,24,8,14,44,21,36458.9526739
20222,1129002270,17,10,7,0,4,5,1,5,2,0,4,4,1,0,1,0,0,1,0,5,1,1475.42593303
20222,1129002274,16,1,15,0,5,6,1,1,3,0,0,0,0,0,1,0,5,6,1,1,2,4669.56432472
20222,1129002279,92,31,61,0,9,28,25,27,3,0,5,4,10,9,3,0,4,24,15,18,0,10094.5325662
20222,1129002282,158,116,42,1,28,64,40,15,10,1,22,53,22,9,9,0,6,11,18,6,1,4021.73304909
20222,1129002289,19,5,14,0,4,2,5,8,0,0,1,0,1,3,0,0,3,2,4,5,0,9705.0365792
20222,1129002290,250,137,113,0,7,22,88,97,36,0,0,8,52,54,23,0,7,14,36,43,13,42011.6324016
20222,1129002291,2,1,1,0,0,0,0,2,0,0,0,0,0,1,0,0,0,0,0,1,0,929.497139492
20222,1129002292,9,7,2,0,0,1,3,4,1,0,0,1,2,3,1,0,0,0,1,1,0,3039.09428775
20222,1129002293,6,5,1,0,1,1,3,1,0,0,0,1,3,1,0,0,1,0,0,0,0,2077.61239976
20222,1129002294,7,6,1,0,1,0,4,2,0,0,1,0,4,1,0,0,0,0,0,1,0,8727.81815393
20222,1129002301,2,1,1,0,0,0,0,0,2,0,0,0,0,0,1,0,0,0,0,0,1,1077.75832975
20222,1129002303,19,14,5,0,1,4,8,4,2,0,1,2,6,3,2,0,0,2,2,1,0,1920.66345941
20222,1129002307,26,15,11,0,1,3,8,10,4,0,1,3,5,4,2,0,0,0,3,6,2,13700.153053
20222,1129002313,2,1,1,0,0,1,1,0,0,0,0,0,1,0,0,0,0,1,0,0,0,826.490001464
20222,1129002318,666,429,237,1,166,159,181,111,48,0,91,118,113,64,43,1,75,41,68,47,5,3428.74690881
20222,1129002319,2,0,2,0,0,0,0,0,2,0,0,0,0,0,0,0,0,0,0,0,2,4658.41670517
20222,1129002323,2,1,1,0,0,0,0,2,0,0,0,0,0,1,0,0,0,0,0,1,0,475.323322453
20222,1129002326,1,1,0,0,0,0,0,1,0,0,0,0,0,1,0,0,0,0,0,0,0,2359.65263058
20222,1129002327,6,2,4,0,1,0,3,1,1,0,1,0,1,0,0,0,0,0,2,1,1,2827.66203477
20222,1129002328,10,0,10,0,1,5,2,2,0,0,0,0,0,0,0,0,1,5,2,2,0,80656.4532543
20222,1129002333,14,3,11,0,3,3,5,2,1,0,0,1,2,0,0,0,3,2,3,2,1,3902.50395142
20222,1129002335,19,10,9,0,2,3,4,5,5,0,1,1,3,2,3,0,1,2,1,3,2,4812.48497944
20222,1129002336,69,15,54,0,14,15,20,16,4,0,4,3,2,4,2,0,10,12,18,12,2,11972.4676867
20222,1129002339,3,2,1,0,0,0,0,3,0,0,0,0,0,2,0,0,0,0,0,1,0,2735.23796963
20222,1129002341,13,6,7,0,7,3,2,1,0,0,3,2,1,0,0,0,4,1,1,1,0,1288.63460844
20222,1129002342,13,8,5,0,4,3,5,0,1,0,3,2,2,0,1,0,1,1,3,0,0,1763.56480908
20222,1129002343,1,1,0,0,0,0,1,0,0,0,0,0,1,0,0,0,0,0,0,0,0,760.370671509
20222,1129002345,2,2,0,0,0,2,0,0,0,0,0,2,0,0,0,0,0,0,0,0,0,2031.83967628
20222,1129002347,2,1,1,0,0,1,1,0,0,0,0,0,1,0,0,0,0,1,0,0,0,2901.35365091
20222,1129002355,2,2,0,0,0,0,0,0,2,0,0,0,0,0,2,0,0,0,0,0,0,5650.48804124
20222,1129002357,28,2,26,0,1,2,2,6,17,0,0,1,0,0,1,0,1,1,2,6,16,3529.63067203
20222,1129002361,70,41,29,0,19,16,17,14,4,0,13,11,11,4,2,0,6,5,6,10,2,1643.30826449
20222,1129002362,2,2,0,0,0,0,0,2,0,0,0,0,0,2,0,0,0,0,0,0,0,2039.82799501
20222,1129002369,20,6,14,0,0,2,6,5,7,0,0,1,4,0,1,0,0,1,2,5,6,4270.19633829
20222,1129002370,98,39,59,0,58,26,8,4,2,0,20,11,3,3,2,0,38,15,5,1,0,1985.52759671
20222,1129002375,12,8,4,0,1,0,3,0,8,0,0,0,1,0,7,0,1,0,2,0,1,2627.26094901
20222,1129002376,10,9,1,0,1,4,3,1,1,0,1,4,2,1,1,0,0,0,1,0,0,2230.4637765
20222,1129002379,4,1,3,0,1,2,0,1,0,0,0,0,0,1,0,0,1,2,0,0,0,6381.68159416
20222,1129002380,1,0,1,0,0,0,0,0,1,0,0,0,0,0,0,0,0,0,0,0,1,1272.59744782
20222,1129002382,1,0,1,0,0,0,1,0,0,0,0,0,0,0,0,0,0,0,1,0,0,1731.38142829
20222,1129002386,7,2,5,0,0,0,4,3,0,0,0,0,0,2,0,0,0,0,4,1,0,7508.23601006
20222,1129002390,1,1,0,0,0,0,0,1,0,0,0,0,0,1,0,0,0,0,0,0,0,2112.76016803
20222,1129002391,7,2,5,0,0,0,4,1,2,0,0,0,0,1,1,0,0,0,4,0,1,5430.82202861
20222,1129002392,1,1,0,0,0,0,0,0,1,0,0,0,0,0,1,0,0,0,0,0,0,1825.03622874
20222,1129002395,5,4,1,0,1,0,2,0,2,0,1,0,1,0,2,0,0,0,1,0,0,2343.15160373
20222,1129002397,2,2,0,0,0,0,0,1,1,0,0,0,0,1,1,0,0,0,0,0,0,2736.41121504
20222,1129002398,3,1,2,0,0,0,2,1,0,0,0,0,0,1,0,0,0,0,2,0,0,4258.27755876
20222,1129002403,3,2,1,0,0,1,0,1,1,0,0,1,0,0,1,0,0,0,0,1,0,2180.53800508
20222,1129002404,13,6,7,0,1,3,2,5,2,0,1,0,0,4,1,0,0,3,2,1,1,5544.70553907
20222,1129002405,12,7,5,0,4,4,2,1,1,0,1,2,2,1,1,0,3,2,0,0,0,2490.9383013
20222,1129002406,14,3,11,0,1,3,4,4,2,0,0,0,1,0,2,0,1,3,3,4,0,3280.74419166
20222,1129002409,8,3,5,0,0,1,1,2,4,0,0,1,0,0,2,0,0,0,1,2,2,3821.27002589
20222,1129002412,8,6,2,0,0,1,2,0,5,0,0,0,1,0,5,0,0,1,1,0,0,2119.41136724
20222,1129002413,37,22,15,0,8,11,10,5,3,0,1,9,8,2,2,0,7,2,2,3,1,2392.79185618
20222,1129002415,10,3,7,0,0,3,6,1,0,0,0,1,2,0,0,0,0,2,4,1,0,5882.43759393
20222,1129002416,9,2,7,0,3,0,4,1,1,0,0,0,1,0,1,0,3,0,3,1,0,4144.25181428
20222,1129002420,4,3,1,0,0,1,0,0,3,0,0,1,0,0,2,0,0,0,0,0,1,1918.4246657
20222,1129002421,3,2,1,0,0,1,0,1,1,0,0,1,0,1,0,0,0,0,0,0,1,2282.14404754
20222,1129002423,10,9,1,0,0,4,5,0,1,0,0,4,4,0,1,0,0,0,1,0,0,1426.14195618
20222,1129002426,14,12,2,1,3,2,2,3,3,1,3,2,1,2,3,0,0,0,1,1,0,1877.15047981
20222,1129002428,18,12,6,0,7,9,2,0,0,0,4,6,2,0,0,0,3,3,0,0,0,3078.12933764
20222,1129002429,2,2,0,0,0,0,1,0,1,0,0,0,1,0,1,0,0,0,0,0,0,2232.8242843
20222,1129002430,8,6,2,0,0,0,1,5,2,0,0,0,0,4,2,0,0,0,1,1,0,13886.5299447
20222,1129002433,3,1,2,0,0,0,1,2,0,0,0,0,0,1,0,0,0,0,1,1,0,1679.41447793
20222,1129002437,3,2,1,0,0,3,0,0,0,0,0,2,0,0,0,0,0,1,0,0,0,2518.39681814
20222,1129002439,11,7,4,0,2,5,4,0,0,0,0,3,4,0,0,0,2,2,0,0,0,2025.83551952
20222,1129002444,7,3,4,0,1,0,0,2,4,0,0,0,0,1,2,0,1,0,0,1,2,2545.97590097
20222,1129002449,2,2,0,0,0,0,0,0,2,0,0,0,0,0,2,0,0,0,0,0,0,2169.3399566
20222,1129002451,9,5,4,0,0,0,0,2,7,0,0,0,0,0,5,0,0,0,0,2,2,2290.52617839
20222,1129002453,5,3,2,0,0,4,0,0,1,0,0,2,0,0,1,0,0,2,0,0,0,1245.12249191
20222,1129002454,2,1,1,0,0,0,1,0,1,0,0,0,1,0,0,0,0,0,0,0,1,3108.32565961
20222,1129002457,2,1,1,0,0,0,1,1,0,0,0,0,1,0,0,0,0,0,0,1,0,3014.48060882
20222,1129002462,2,1,1,0,0,0,0,2,0,0,0,0,0,1,0,0,0,0,0,1,0,3213.42681059
20222,1129002463,46,6,40,0,0,3,1,13,29,0,0,1,1,2,2,0,0,2,0,11,27,14562.7530353
20222,1129002464,1,1,0,0,0,0,0,0,1,0,0,0,0,0,1,0,0,0,0,0,0,3533.36701361
20222,1129002467,2,2,0,0,0,1,1,0,0,0,0,1,1,0,0,0,0,0,0,0,0,2186.23762408
20222,1129002470,69,61,8,0,2,2,7,24,34,0,1,2,4,22,32,0,1,0,3,2,2,2916.52868226
20222,1129002474,6,0,6,0,0,1,3,2,0,0,0,0,0,0,0,0,0,1,3,2,0,9060.60967438
20222,1129002482,5,2,3,0,0,1,2,2,0,0,0,1,1,0,0,0,0,0,1,2,0,1741.45926861
20222,1129002484,3,0,3,0,0,1,1,1,0,0,0,0,0,0,0,0,0,1,1,1,0,1774.65046696
20222,1129002487,1,1,0,0,0,0,0,0,1,0,0,0,0,0,1,0,0,0,0,0,0,2343.96339767
20222,1129002488,3,1,2,0,0,2,1,0,0,0,0,0,1,0,0,0,0,2,0,0,0,2971.3173049
20222,1129002491,36,14,22,0,12,10,7,6,1,0,1,4,3,5,1,0,11,6,4,1,0,2242.56079871
20222,1129002492,16,10,6,0,2,3,2,7,2,0,0,3,1,5,1,0,2,0,1,2,1,2698.26202527
20222,1129002493,91,72,19,1,24,22,19,23,2,0,19,20,16,15,2,1,5,2,3,8,0,22204.6778074
20222,1129002498,3,1,2,0,0,0,0,2,1,0,0,0,0,1,0,0,0,0,0,1,1,2956.82137497
20222,1129002500,3,1,2,0,0,0,0,2,1,0,0,0,0,0,1,0,0,0,0,2,0,2674.87043327
20222,1129002508,2,2,0,0,0,0,2,0,0,0,0,0,2,0,0,0,0,0,0,0,0,640.758253747
20222,1129002509,9,6,3,0,0,3,3,0,3,0,0,1,3,0,2,0,0,2,0,0,1,2180.93167491
20222,1129002512,71,8,63,0,11,18,24,13,5,0,0,1,2,2,3,0,11,17,22,11,2,7718.56578093
20222,1129002514,81,66,15,0,5,7,28,24,17,0,5,5,21,21,14,0,0,2,7,3,3,6885.78435703
20222,1129002517,20,11,9,0,3,1,5,7,4,0,3,0,3,3,2,0,0,1,2,4,2,6198.49964574
20222,1129002518,2,1,1,0,0,0,1,1,0,0,0,0,1,0,0,0,0,0,0,1,0,1750.54834621
20222,1129002519,1,0,1,0,0,0,1,0,0,0,0,0,0,0,0,0,0,0,1,0,0,1924.32225221
20222,1129002522,26,3,23,0,0,11,6,8,1,0,0,2,0,0,1,0,0,9,6,8,0,1422.1478076
20222,1129002523,2,1,1,0,0,0,1,1,0,0,0,0,0,1,0,0,0,0,1,0,0,1923.59277048
20222,1129002528,62,28,34,0,14,11,18,14,5,0,6,2,10,6,4,0,8,9,8,8,1,6990.71006168
20222,1129002531,28,5,23,0,2,7,9,8,2,0,2,2,0,0,1,0,0,5,9,8,1,2532.3398918
20222,1129002532,5,2,3,0,0,1,3,1,0,0,0,0,1,1,0,0,0,1,2,0,0,2521.78054879
20222,1129002533,5,3,2,0,0,1,0,1,3,0,0,1,0,0,2,0,0,0,0,1,1,2229.75860671
20222,1129002534,1,1,0,0,0,0,0,1,0,0,0,0,0,1,0,0,0,0,0,0,0,8743.6121695
20222,1129002535,85,75,10,0,20,34,21,7,3,0,16,34,18,5,2,0,4,0,3,2,1,4971.15181774
20222,1129002537,6,5,1,0,1,0,1,4,0,0,1,0,1,3,0,0,0,0,0,1,0,11342.1650667
20222,1129002539,4,4,0,0,0,0,3,0,1,0,0,0,3,0,1,0,0,0,0,0,0,3522.04385972
20222,1129002542,1,1,0,0,0,0,1,0,0,0,0,0,1,0,0,0,0,0,0,0,0,1660.90262781
20222,1129002543,4,1,3,0,1,1,0,2,0,0,0,0,0,1,0,0,1,1,0,1,0,3896.95655528
20222,1129002545,10,7,3,0,0,3,5,2,0,0,0,2,4,1,0,0,0,1,1,1,0,15484.5253364
20222,1129002546,11,8,3,0,1,2,4,3,1,0,1,1,3,2,1,0,0,1,1,1,0,7008.05892493
20222,1129002548,2,1,1,0,0,0,1,0,1,0,0,0,0,0,1,0,0,0,1,0,0,5635.99295671
20222,1129002550,7,5,2,0,0,0,5,1,1,0,0,0,4,1,0,0,0,0,1,0,1,7405.71073134
20222,1129002552,9,4,5,0,1,0,3,1,4,0,0,0,1,0,3,0,1,0,2,1,1,3098.04765708
20222,1129002553,15,3,12,0,1,4,5,3,2,0,0,1,0,0,2,0,1,3,5,3,0,2702.38072329
20222,1129002556,5,3,2,0,1,1,1,2,0,0,1,1,1,0,0,0,0,0,0,2,0,7467.18653729
20222,1129002557,5,4,1,0,0,0,2,1,2,0,0,0,1,1,2,0,0,0,1,0,0,4019.66509373
20222,1129002561,5,4,1,0,0,2,2,1,0,0,0,1,2,1,0,0,0,1,0,0,0,3554.67848052
20222,1129002564,5,5,0,0,0,4,1,0,0,0,0,4,1,0,0,0,0,0,0,0,0,1731.86539079
20222,1129002565,10,3,7,0,1,2,3,2,2,0,0,0,1,1,1,0,1,2,2,1,1,2994.35731247
20222,1129002567,5,4,1,0,2,0,1,0,2,0,2,0,1,0,1,0,0,0,0,0,1,3720.18244896
20222,1129002568,81,42,39,0,10,23,17,21,10,0,1,8,9,16,8,0,9,15,8,5,2,8196.50899983
20222,1129002573,1,1,0,0,0,0,1,0,0,0,0,0,1,0,0,0,0,0,0,0,0,3339.90812729
20222,1129002576,63,46,17,1,18,17,10,10,7,0,13,11,10,7,5,1,5,6,0,3,2,5967.04350769
20222,1129002579,34,21,13,0,6,7,9,10,2,0,1,6,7,6,1,0,5,1,2,4,1,17053.0103439
20222,1129002581,18,2,16,0,1,4,5,6,2,0,0,0,0,0,2,0,1,4,5,6,0,17905.3775233
20222,1129002584,2,2,0,0,0,0,2,0,0,0,0,0,2,0,0,0,0,0,0,0,0,1879.20285652
20222,1129002585,6,5,1,0,0,0,1,4,1,0,0,0,1,3,1,0,0,0,0,1,0,3239.42151105
20222,1129002587,8,6,2,0,1,3,0,3,1,0,0,2,0,3,1,0,1,1,0,0,0,4051.08703834
20222,1129002589,14,11,3,0,0,3,4,3,4,0,0,2,4,3,2,0,0,1,0,0,2,2754.49652676
20222,1129002592,9,7,2,0,2,0,2,3,2,0,1,0,1,3,2,0,1,0,1,0,0,2916.68001354
20222,1129002593,2,1,1,0,1,0,1,0,0,0,1,0,0,0,0,0,0,0,1,0,0,3089.87851531
20222,1129002595,3,2,1,0,0,1,0,0,2,0,0,1,0,0,1,0,0,0,0,0,1,2743.62446279
20222,1129002596,30,21,9,0,8,4,7,9,2,0,5,4,4,7,1,0,3,0,3,2,1,5096.81294101
20222,1129002598,6,2,4,0,0,1,2,3,0,0,0,0,0,2,0,0,0,1,2,1,0,2954.52081688
20222,1129002599,2,1,1,0,0,0,0,0,2,0,0,0,0,0,1,0,0,0,0,0,1,3322.787428
20222,1129002601,4,0,4,0,1,2,0,0,1,0,0,0,0,0,0,0,1,2,0,0,1,2887.5691553
20222,1129002604,5,2,3,0,0,4,0,0,1,0,0,1,0,0,1,0,0,3,0,0,0,2945.37651993
20222,1129002605,16,11,5,0,3,5,6,0,2,0,0,5,4,0,2,0,3,0,2,0,0,5030.79771549
20222,1129002606,5,0,5,0,2,1,1,1,0,0,0,0,0,0,0,0,2,1,1,1,0,3406.6579324
20222,1129002607,7,6,1,0,0,0,2,2,3,0,0,0,2,1,3,0,0,0,0,1,0,2853.63565329
20222,1129002608,5,5,0,0,1,0,0,4,0,0,1,0,0,4,0,0,0,0,0,0,0,1764.44399597
20222,1129002609,1,1,0,0,0,0,0,0,1,0,0,0,0,0,1,0,0,0,0,0,0,3407.97190945
20222,1129002611,7,3,4,0,1,2,1,2,1,0,1,0,1,1,0,0,0,2,0,1,1,4435.69379108
20222,1129002615,4,2,2,0,1,0,1,2,0,0,1,0,0,1,0,0,0,0,1,1,0,4732.48136469
20222,1129002617,4,4,0,0,0,1,2,1,0,0,0,1,2,1,0,0,0,0,0,0,0,5978.98811612
20222,1129002625,8,5,3,0,0,4,2,1,1,0,0,2,2,0,1,0,0,2,0,1,0,2978.60877262
20222,1129002627,16,10,6,0,3,3,6,4,0,0,1,3,3,3,0,0,2,0,3,1,0,2139.47305022
20222,1129002628,3,0,3,0,1,0,0,1,1,0,0,0,0,0,0,0,1,0,0,1,1,4128.76653444
20222,1129002629,5,1,4,0,0,0,2,1,2,0,0,0,1,0,0,0,0,0,1,1,2,6003.37456971
20222,1129002630,4,1,3,0,0,0,2,0,2,0,0,0,1,0,0,0,0,0,1,0,2,2510.37714457
20222,1129002631,148,126,22,0,3,6,15,12,112,0,1,3,8,10,104,0,2,3,7,2,8,8749.39789924
20222,1129002632,27,19,8,0,0,0,2,0,25,0,0,0,1,0,18,0,0,0,1,0,7,5589.46694678
20222,1129002633,114,29,85,0,20,18,28,34,14,0,3,10,9,5,2,0,17,8,19,29,12,4306.09884985
20222,1129002635,3,1,2,0,0,0,1,2,0,0,0,0,0,1,0,0,0,0,1,1,0,5819.94689896
20222,1129002636,4,4,0,0,0,0,2,2,0,0,0,0,2,2,0,0,0,0,0,0,0,4374.28950998
20222,1129002639,7,1,6,0,0,0,2,2,3,0,0,0,0,0,1,0,0,0,2,2,2,2129.56325532
20222,1129002640,6,4,2,0,1,2,1,0,2,0,0,1,1,0,2,0,1,1,0,0,0,2527.55636928
20222,1129002642,10,7,3,0,1,1,3,4,1,0,1,1,3,1,1,0,0,0,0,3,0,4197.10978617
20222,1129002643,2,2,0,0,0,0,1,0,1,0,0,0,1,0,1,0,0,0,0,0,0,2360.88167132
20222,1129002648,2,2,0,0,0,0,0,1,1,0,0,0,0,1,1,0,0,0,0,0,0,1571.21259162
20222,1129002649,87,12,75,0,11,25,31,14,6,0,1,3,3,2,3,0,10,22,28,12,3,16350.8188163
20222,1129002654,1,0,1,0,0,0,0,1,0,0,0,0,0,0,0,0,0,0,0,1,0,1823.49051811
20222,1129002655,1,1,0,0,0,0,1,0,0,0,0,0,1,0,0,0,0,0,0,0,0,1060.44170941
20222,1129002658,11,7,4,0,0,1,1,8,1,0,0,0,1,5,1,0,0,1,0,3,0,4985.03332929
20222,1129002662,25,9,16,0,1,4,10,9,1,0,0,2,3,4,0,0,1,2,7,5,1,6278.119058
20222,1129002663,11,3,8,0,0,0,2,5,4,0,0,0,0,1,2,0,0,0,2,4,2,1731.77395699
20222,1129002664,3,1,2,0,1,0,1,1,0,0,0,0,0,1,0,0,1,0,1,0,0,1453.55747439
20222,1129002665,10,4,6,0,0,2,3,3,2,0,0,1,0,2,1,0,0,1,3,1,1,5747.70521949
20222,1129002666,12,5,7,0,2,2,0,1,7,0,0,0,0,1,4,0,2,2,0,0,3,5995.61155262
20222,1129002668,10,3,7,0,1,2,3,2,2,0,0,0,1,1,1,0,1,2,2,1,1,5851.72137031
20222,1129002670,2,2,0,0,0,0,0,2,0,0,0,0,0,2,0,0,0,0,0,0,0,2788.75526557
20222,1129002673,27,21,6,0,0,2,1,3,21,0,0,1,1,2,17,0,0,1,0,1,4,4862.8791621
20222,1129002674,4,0,4,0,1,0,2,1,0,0,0,0,0,0,0,0,1,0,2,1,0,2498.35934028
20222,1129002677,12,4,8,0,4,1,4,2,1,0,0,0,2,1,1,0,4,1,2,1,0,1904.20590089
20222,1129002679,3,2,1,0,0,0,0,0,3,0,0,0,0,0,2,0,0,0,0,0,1,4924.09713631
20222,1129002682,9,1,8,0,0,0,1,3,5,0,0,0,0,0,1,0,0,0,1,3,4,2644.42795867
20222,1129002683,6,6,0,0,0,2,0,2,2,0,0,2,0,2,2,0,0,0,0,0,0,3570.53634428
20222,1129002684,7,1,6,0,0,0,4,2,1,0,0,0,0,0,1,0,0,0,4,2,0,3253.26233681
20222,1129002685,3,1,2,0,0,0,1,2,0,0,0,0,1,0,0,0,0,0,0,2,0,2742.11007194
20222,1129002687,10,7,3,0,0,5,1,2,2,0,0,5,1,0,1,0,0,0,0,2,1,7938.3393892
20222,1129002690,18,8,10,0,2,6,3,4,3,0,0,3,1,2,2,0,2,3,2,2,1,3714.12072191
20222,1129002695,4,3,1,0,0,1,2,1,0,0,0,0,2,1,0,0,0,1,0,0,0,4085.75902319
20222,1129002702,5,3,2,0,0,1,0,1,3,0,0,1,0,0,2,0,0,0,0,1,1,3769.06679114
20222,1129002704,7,6,1,0,0,1,4,2,0,0,0,1,3,2,0,0,0,0,1,0,0,4457.02163493
20222,1129002707,9,6,3,0,1,0,2,2,4,0,0,0,1,2,3,0,1,0,1,0,1,5398.11540919
20222,1129002715,12,5,7,0,0,5,2,2,3,0,0,1,0,1,3,0,0,4,2,1,0,3266.53012563
20222,1129002716,3,0,3,0,0,1,0,1,1,0,0,0,0,0,0,0,0,1,0,1,1,1931.37648281
20222,1129002717,36,29,7,0,0,1,1,4,30,0,0,1,1,2,25,0,0,0,0,2,5,3688.56911079
20222,1129002719,2,2,0,0,1,0,0,0,1,0,1,0,0,0,1,0,0,0,0,0,0,3254.93154777
20222,1129002720,565,404,161,2,38,93,150,164,118,2,20,49,104,131,98,0,18,44,46,33,20,2077.2126593
20222,1129002725,2,1,1,0,0,0,0,1,1,0,0,0,0,0,1,0,0,0,0,1,0,3499.02911257
20222,1129002726,2,1,1,0,0,0,0,1,1,0,0,0,0,0,1,0,0,0,0,1,0,1933.88301606
20222,1129002730,2,2,0,0,0,0,0,2,0,0,0,0,0,2,0,0,0,0,0,0,0,3282.77444721
20222,1129002734,5,4,1,0,0,1,2,1,1,0,0,0,2,1,1,0,0,1,0,0,0,847.865646984
20222,1129002736,4,3,1,0,0,0,1,0,3,0,0,0,1,0,2,0,0,0,0,0,1,5694.24589366
20222,1129002737,4,2,2,0,0,1,2,0,1,0,0,0,1,0,1,0,0,1,1,0,0,2754.77750146
20222,1129002741,2,1,1,0,0,0,1,0,1,0,0,0,0,0,1,0,0,0,1,0,0,2562.34874275
20222,1129002745,9,7,2,0,0,2,2,3,2,0,0,2,2,2,1,0,0,0,0,1,1,5084.56377248
20222,1129002750,3,2,1,0,0,1,0,0,2,0,0,1,0,0,1,0,0,0,0,0,1,1751.86419898
20222,1129002758,4,1,3,0,0,1,2,0,1,0,0,0,1,0,0,0,0,1,1,0,1,2032.30119427
20222,1129002761,2,0,2,0,1,0,0,1,0,0,0,0,0,0,0,0,1,0,0,1,0,1916.7802284
20222,1129002766,2,1,1,0,1,0,0,1,0,0,0,0,0,1,0,0,1,0,0,0,0,1371.74301888
20222,1129002767,7,3,4,0,4,2,1,0,0,0,1,1,1,0,0,0,3,1,0,0,0,6720.94929957
20222,1129002773,7,7,0,0,0,1,1,2,3,0,0,1,1,2,3,0,0,0,0,0,0,2500.34206656
20222,1129002774,16,5,11,0,9,6,1,0,0,0,2,2,1,0,0,0,7,4,0,0,0,3943.36895136
20222,1129002775,2,2,0,0,1,0,0,1,0,0,1,0,0,1,0,0,0,0,0,0,0,3814.52448146
20222,1129002776,10,7,3,0,0,4,3,3,0,0,0,2,2,3,0,0,0,2,1,0,0,1532.19359293
20222,1129002778,23,18,5,0,2,6,5,7,3,0,2,4,4,5,3,0,0,2,1,2,0,12590.4931161
20222,1129002779,3,1,2,0,1,0,1,1,0,0,0,0,1,0,0,0,1,0,0,1,0,1372.59984558
20222,1129002781,2,2,0,0,0,0,0,1,1,0,0,0,0,1,1,0,0,0,0,0,0,2261.09676806
20222,1129002784,125,123,2,0,2,0,11,40,72,0,1,0,11,39,72,0,1,0,0,1,0,3693.64751755
20222,1129002785,4,2,2,0,0,0,2,2,0,0,0,0,1,1,0,0,0,0,1,1,0,3498.06829637
20222,1129002786,4,1,3,0,0,2,2,0,0,0,0,0,1,0,0,0,0,2,1,0,0,655.826889159
20222,1129002787,2,1,1,0,0,0,0,2,0,0,0,0,0,1,0,0,0,0,0,1,0,2345.73109473
20222,1129002790,3,2,1,0,0,0,2,1,0,0,0,0,1,1,0,0,0,0,1,0,0,1652.94996883
20222,1129002791,8,6,2,0,0,0,3,2,3,0,0,0,2,1,3,0,0,0,1,1,0,2938.08656253
20222,1129002792,126,122,4,0,0,2,16,52,56,0,0,1,14,52,55,0,0,1,2,0,1,6214.95408465
20222,1129002793,41,17,24,0,15,11,4,9,2,0,7,3,2,3,2,0,8,8,2,6,0,6260.91425155
20222,1129002796,5,4,1,0,0,0,2,1,2,0,0,0,2,1,1,0,0,0,0,0,1,2930.33158532
20222,1129002797,2,2,0,0,0,0,0,2,0,0,0,0,0,2,0,0,0,0,0,0,0,1334.1946941
20222,1129002800,120,42,78,0,21,28,28,34,9,0,4,14,13,8,3,0,17,14,15,26,6,12145.2760122
20222,1129002801,6,4,2,0,0,0,2,3,1,0,0,0,1,2,1,0,0,0,1,1,0,5325.02844834
20222,1129002805,46,21,25,0,13,11,12,7,3,0,5,6,6,3,1,0,8,5,6,4,2,2487.99968821
20222,1129002807,4,2,2,0,0,2,0,2,0,0,0,1,0,1,0,0,0,1,0,1,0,1227.61801799
20222,1129002816,12,9,3,0,1,3,3,5,0,0,0,3,2,4,0,0,1,0,1,1,0,1079.26453681
20222,1129002817,2,2,0,0,0,0,2,0,0,0,0,0,2,0,0,0,0,0,0,0,0,726.300693196
20222,1129002819,55,30,25,5,18,10,14,5,3,1,11,7,8,2,1,4,7,3,6,3,2,4943.48173046
20222,1129002823,5,4,1,0,0,1,2,2,0,0,0,0,2,2,0,0,0,1,0,0,0,1760.40886155
20222,1129002832,3,2,1,0,0,0,2,1,0,0,0,0,1,1,0,0,0,0,1,0,0,4964.84332294
20222,1129002834,2,2,0,0,0,0,0,0,2,0,0,0,0,0,2,0,0,0,0,0,0,2475.34126798
20222,1129002837,5,3,2,0,1,0,1,3,0,0,0,0,0,3,0,0,1,0,1,0,0,5796.65856921
20222,1129002840,5,4,1,0,0,1,2,1,1,0,0,1,1,1,1,0,0,0,1,0,0,1827.81869652
20222,1129002842,7,2,5,0,1,3,1,2,0,0,0,1,0,1,0,0,1,2,1,1,0,6284.94124142
20222,1129002851,15,4,11,0,3,0,1,7,4,0,2,0,0,1,1,0,1,0,1,6,3,8720.90612591
20222,1129002852,12,5,7,0,0,2,3,4,3,0,0,2,0,1,2,0,0,0,3,3,1,1698.31759891
20222,1129002853,7,6,1,0,0,1,1,2,3,0,0,1,1,1,3,0,0,0,0,1,0,5516.51261701
20222,1129002854,4,4,0,0,0,1,2,1,0,0,0,1,2,1,0,0,0,0,0,0,0,2710.35363206
20222,1129002858,7,6,1,1,0,2,1,2,1,1,0,2,1,1,1,0,0,0,0,1,0,3073.05659004
20222,1129002859,2,2,0,0,0,0,0,2,0,0,0,0,0,2,0,0,0,0,0,0,0,912.377375488
20222,1129002864,19,0,19,0,6,4,6,3,0,0,0,0,0,0,0,0,6,4,6,3,0,5241.47265617
20222,1129002868,87,36,51,0,32,49,4,0,2,0,4,30,1,0,1,0,28,19,3,0,1,4778.24848515
20222,1129002869,26,19,7,0,1,4,9,12,0,0,1,1,7,10,0,0,0,3,2,2,0,4862.19712695
20222,1129002886,61,26,35,0,6,26,16,10,3,0,3,13,5,2,3,0,3,13,11,8,0,12937.086627
20222,1129002910,3,2,1,0,0,0,2,0,1,0,0,0,1,0,1,0,0,0,1,0,0,2748.40653281
20222,1129002919,4,1,3,0,1,0,1,0,2,0,0,0,0,0,1,0,1,0,1,0,1,5346.90475408
20222,1129002927,2,1,1,0,0,0,0,0,2,0,0,0,0,0,1,0,0,0,0,0,1,2031.61796756
20222,1129002930,11,7,4,0,1,4,4,1,1,0,0,2,3,1,1,0,1,2,1,0,0,2917.91822692
20222,1129002931,99,57,42,0,20,18,34,13,14,0,12,12,16,6,11,0,8,6,18,7,3,5917.60132611
20222,1129002935,5,3,2,0,0,2,0,2,1,0,0,2,0,0,1,0,0,0,0,2,0,2788.91613672
20222,1129002936,8,6,2,0,0,1,0,4,3,0,0,1,0,2,3,0,0,0,0,2,0,4209.43661227
20222,1129002937,9,5,4,0,1,2,2,3,1,0,1,1,2,1,0,0,0,1,0,2,1,3205.47302214
20222,1129002941,27,3,24,0,0,7,7,10,3,0,0,1,0,0,2,0,0,6,7,10,1,9462.01415392
20222,1129002944,8,5,3,0,0,1,2,2,3,0,0,0,1,1,3,0,0,1,1,1,0,2238.99396323
20222,1129002948,67,51,16,0,2,4,23,19,19,0,2,3,19,10,17,0,0,1,4,9,2,2873.86745986
20222,1129002949,10,7,3,0,0,0,3,1,6,0,0,0,1,1,5,0,0,0,2,0,1,3938.87154449
20222,1129002951,40,20,20,0,13,7,8,8,4,0,6,2,3,6,3,0,7,5,5,2,1,5828.0541768
20222,1129002972,2,1,1,0,0,0,0,0,2,0,0,0,0,0,1,0,0,0,0,0,1,2621.12324854
20222,1129002974,155,88,67,0,18,40,27,50,20,0,7,17,14,33,17,0,11,23,13,17,3,3755.62725514
20222,1129002975,33,20,13,0,5,11,12,2,3,0,1,6,10,2,1,0,4,5,2,0,2,5364.05410242
20222,1129002983,1,0,1,0,0,1,0,0,0,0,0,0,0,0,0,0,0,1,0,0,0,3203.53912984
20222,1129002986,7,7,0,0,1,0,3,2,1,0,1,0,3,2,1,0,0,0,0,0,0,1964.76823561
20222,1129002992,2,1,1,0,1,0,1,0,0,0,0,0,1,0,0,0,1,0,0,0,0,3620.09909732
20222,1129003001,2,1,1,0,0,0,2,0,0,0,0,0,1,0,0,0,0,0,1,0,0,1209.95623379
20222,1129003002,28,18,10,0,0,3,8,11,6,0,0,1,2,10,5,0,0,2,6,1,1,3486.72686105
20222,1129003004,4,2,2,0,1,0,1,1,1,0,0,0,1,0,1,0,1,0,0,1,0,3460.20011502
20222,1129003006,1,1,0,0,0,0,0,0,1,0,0,0,0,0,1,0,0,0,0,0,0,1059.83553501
20222,1129003009,6,6,0,0,1,0,3,1,1,0,1,0,3,1,1,0,0,0,0,0,0,1450.63182255
20222,1129003011,16,4,12,0,2,2,7,3,2,0,0,0,3,0,1,0,2,2,4,3,1,3668.58276496
20222,1129003012,2,0,2,0,0,0,0,1,1,0,0,0,0,0,0,0,0,0,0,1,1,3522.87732936
20222,1129003015,3,2,1,0,1,0,1,1,0,0,1,0,1,0,0,0,0,0,0,1,0,9087.93614223
20222,1129003017,28,8,20,0,2,8,8,7,3,0,0,0,1,4,3,0,2,8,7,3,0,1183.50498078
20222,1129003018,136,133,3,0,1,1,12,38,84,0,1,0,10,38,84,0,0,1,2,0,0,2062.31053703
20222,1129003019,10,7,3,0,1,1,6,1,1,0,1,0,4,1,1,0,0,1,2,0,0,4045.47881746
20222,1129003020,2,1,1,0,0,0,2,0,0,0,0,0,1,0,0,0,0,0,1,0,0,1942.32683499
20222,1129003027,20,7,13,0,5,3,3,5,4,0,0,0,1,3,3,0,5,3,2,2,1,8796.2157041
20222,1129003034,8,5,3,0,0,6,2,0,0,0,0,4,1,0,0,0,0,2,1,0,0,2252.69009991
20222,1129003035,10,5,5,0,0,2,5,2,1,0,0,0,2,2,1,0,0,2,3,0,0,3717.01820287
20222,1129003037,24,10,14,0,2,5,9,7,1,0,0,1,3,5,1,0,2,4,6,2,0,3592.73380512
20222,1129003040,7,2,5,0,0,3,2,2,0,0,0,0,0,2,0,0,0,3,2,0,0,1806.45537376
20222,1129003041,32,14,18,0,0,3,8,13,8,0,0,1,4,6,3,0,0,2,4,7,5,1171.40095398
20222,1129003042,38,15,23,2,8,11,8,6,3,0,1,4,2,5,3,2,7,7,6,1,0,3380.26247304
20222,1129003044,33,7,26,1,8,9,4,8,3,0,0,2,0,3,2,1,8,7,4,5,1,4444.42123654
20222,1129003048,3,1,2,0,0,0,1,2,0,0,0,0,0,1,0,0,0,0,1,1,0,2832.81298506
20222,1129003053,13,8,5,0,2,3,3,1,4,0,2,3,1,0,2,0,0,0,2,1,2,4899.77519327
20222,1129003056,55,19,36,0,16,7,16,9,7,0,1,2,6,4,6,0,15,5,10,5,1,9543.35996833
20222,1129003057,266,130,136,2,34,33,57,86,54,1,11,14,27,40,37,1,23,19,30,46,17,3459.89958581
20222,1129003065,1,1,0,0,0,0,0,1,0,0,0,0,0,1,0,0,0,0,0,0,0,3031.1257573
20222,1129003067,116,53,63,1,31,45,23,11,5,0,9,19,15,6,4,1,22,26,8,5,1,1960.73629351
20222,1129003070,6,0,6,0,0,1,4,0,1,0,0,0,0,0,0,0,0,1,4,0,1,5567.76679718
20222,1129003072,65,31,34,0,9,5,17,23,11,0,4,0,9,11,7,0,5,5,8,12,4,4084.44073694
20222,1129003076,3,1,2,0,0,1,0,1,1,0,0,0,0,0,1,0,0,1,0,1,0,3919.40052077
20222,1129003086,14,12,2,0,0,2,3,3,6,0,0,0,3,3,6,0,0,2,0,0,0,3887.31598407
20222,1129003093,25,1,24,0,4,12,6,3,0,0,0,0,1,0,0,0,4,12,5,3,0,3041.20758308
20222,1129003094,3,2,1,0,0,0,3,0,0,0,0,0,2,0,0,0,0,0,1,0,0,8172.03536645
20222,1129003095,7,4,3,0,1,0,3,2,1,0,1,0,1,1,1,0,0,0,2,1,0,3287.98730611
20222,1129003097,23,13,10,0,0,3,5,9,6,0,0,3,3,3,4,0,0,0,2,6,2,3464.49313751
20222,1129003099,3,1,2,0,0,1,2,0,0,0,0,0,1,0,0,0,0,1,1,0,0,2437.33057751
20222,1129003101,6,2,4,0,0,2,2,2,0,0,0,0,1,1,0,0,0,2,1,1,0,2336.92079312
20222,1129003107,6,4,2,0,0,2,2,0,2,0,0,0,2,0,2,0,0,2,0,0,0,7505.19828178
20222,1129003109,12,6,6,0,0,3,3,2,4,0,0,2,0,2,2,0,0,1,3,0,2,18992.0131998
20222,1129003111,2,1,1,0,0,2,0,0,0,0,0,1,0,0,0,0,0,1,0,0,0,4060.99282654
20222,1129003113,18,12,6,0,0,4,10,2,2,0,0,3,7,0,2,0,0,1,3,2,0,2851.67362311
20222,1129003114,3,2,1,0,0,0,1,2,0,0,0,0,1,1,0,0,0,0,0,1,0,4542.76132568
20222,1129003115,41,17,24,0,13,14,12,2,0,0,2,5,8,2,0,0,11,9,4,0,0,2321.60310198
20222,1129003118,2,1,1,0,0,0,0,1,1,0,0,0,0,0,1,0,0,0,0,1,0,8901.25138938
20222,1129003120,8,4,4,0,0,4,4,0,0,0,0,1,3,0,0,0,0,3,1,0,0,2976.72600347
20222,1129003121,27,11,16,0,2,7,8,7,3,0,1,3,3,1,3,0,1,4,5,6,0,7438.25700464
20222,1129003124,21,17,4,0,3,7,4,4,3,0,3,7,2,3,2,0,0,0,2,1,1,3758.3609374
20222,1129003126,20,4,16,0,4,9,1,4,2,0,0,3,0,0,1,0,4,6,1,4,1,10382.2676633
20222,1129003127,12,7,5,0,4,6,1,1,0,0,0,5,1,1,0,0,4,1,0,0,0,8359.50708252
20222,1129003138,7,3,4,0,1,3,3,0,0,0,0,2,1,0,0,0,1,1,2,0,0,3398.92620896
20222,1129003145,22,9,13,0,0,6,7,8,1,0,0,1,1,6,1,0,0,5,6,2,0,18146.0066388
20222,1129003166,14,5,9,0,3,5,3,2,1,0,0,2,1,2,0,0,3,3,2,0,1,1747.5660384
20222,1129003168,3,2,1,0,0,1,0,0,2,0,0,1,0,0,1,0,0,0,0,0,1,3334.32217404
20222,1129003174,171,86,85,0,29,43,52,38,9,0,15,28,26,12,5,0,14,15,26,26,4,4851.09342493
20222,1129003176,6,2,4,0,0,0,1,3,2,0,0,0,0,2,0,0,0,0,1,1,2,181549.710325
20222,1129003179,11,1,10,0,1,1,7,2,0,0,1,0,0,0,0,0,0,1,7,2,0,3261.56125899
20222,1129003182,4,2,2,0,0,1,0,1,2,0,0,0,0,1,1,0,0,1,0,0,1,1980.18975681
20222,1129003189,55,13,42,0,5,15,16,12,7,0,0,2,2,3,6,0,5,13,14,9,1,12230.9123414
20222,1129003190,16,7,9,0,0,2,6,3,5,0,0,1,2,2,2,0,0,1,4,1,3,3942.95807901
20222,1129003193,22,10,12,0,0,3,3,12,4,0,0,0,1,6,3,0,0,3,2,6,1,1670.69693616
20222,1129003196,121,20,101,0,13,36,43,22,7,0,0,6,4,6,4,0,13,30,39,16,3,24379.2435096
20222,1129003197,10,3,7,0,1,2,5,1,1,0,0,2,1,0,0,0,1,0,4,1,1,2403.76775529
20222,1129003198,1,0,1,0,0,0,0,1,0,0,0,0,0,0,0,0,0,0,0,1,0,769.525965648
20222,1129003200,6,6,0,0,0,2,3,1,0,0,0,2,3,1,0,0,0,0,0,0,0,4424.47588641
20222,1129003202,2,1,1,0,0,0,2,0,0,0,0,0,1,0,0,0,0,0,1,0,0,7898.64081648
20222,1129003205,4,4,0,0,0,2,2,0,0,0,0,2,2,0,0,0,0,0,0,0,0,1771.36682709
20222,1129003206,3,2,1,0,0,1,0,2,0,0,0,1,0,1,0,0,0,0,0,1,0,5373.71201391
20222,1129003208,1,1,0,0,0,0,0,0,1,0,0,0,0,0,1,0,0,0,0,0,0,1465.64428187
20222,1129003209,6,5,1,0,0,0,3,3,0,0,0,0,2,3,0,0,0,0,1,0,0,1361.52460671
20222,1129003212,17,8,9,0,0,0,8,6,3,0,0,0,4,2,2,0,0,0,4,4,1,9885.7222336
20222,1129003222,31,19,12,0,5,7,11,4,4,0,3,6,7,2,1,0,2,1,4,2,3,3405.47119231
20222,1129003226,86,43,43,0,14,15,21,22,14,0,5,9,10,12,7,0,9,6,11,10,7,4535.9669593
20222,1129003227,533,183,350,0,153,150,124,77,29,0,34,55,33,33,28,0,119,95,91,44,1,8808.63119494
20222,1129003232,5,2,3,0,1,1,0,1,2,0,1,0,0,0,1,0,0,1,0,1,1,856.310424617
20222,1129003239,33,16,17,0,5,7,10,6,5,0,0,5,4,3,4,0,5,2,6,3,1,23681.685196
20222,1129003245,4,3,1,0,1,0,2,1,0,0,1,0,1,1,0,0,0,0,1,0,0,2856.74893881
20222,1129003249,12,9,3,0,1,3,3,2,3,0,1,1,2,2,3,0,0,2,1,0,0,1993.59907756
20222,1129003251,59,31,28,0,2,10,17,22,8,0,1,5,11,10,4,0,1,5,6,12,4,16240.7449186
20222,1129003252,12,5,7,0,1,3,5,2,1,0,0,1,3,1,0,0,1,2,2,1,1,5033.99382824
20222,1129003253,12,7,5,0,0,0,1,3,8,0,0,0,0,1,6,0,0,0,1,2,2,2129.75096584
20222,1129003256,19,9,10,0,6,6,4,2,1,0,0,5,2,2,0,0,6,1,2,0,1,3204.65340618
20222,1129003259,2,1,1,0,0,0,0,1,1,0,0,0,0,1,0,0,0,0,0,0,1,2732.20612794
20222,1129003260,29,18,11,0,5,1,7,15,1,0,2,1,7,7,1,0,3,0,0,8,0,1707.01936264
20222,1129003263,24,7,17,0,2,9,6,4,3,0,0,3,1,0,3,0,2,6,5,4,0,9576.02661646
20222,1129003264,4,4,0,0,0,0,2,2,0,0,0,0,2,2,0,0,0,0,0,0,0,1866.95626467
20222,1129003266,10,5,5,0,1,1,3,4,1,0,0,1,1,2,1,0,1,0,2,2,0,15326.443464
20222,1129003268,2,1,1,0,0,0,1,0,1,0,0,0,0,0,1,0,0,0,1,0,0,1968.88106601
20222,1129003269,18,3,15,0,2,1,5,9,1,0,1,1,0,1,0,0,1,0,5,8,1,7699.40582463
20222,1129003272,10,6,4,0,2,3,2,1,2,0,1,2,2,0,1,0,1,1,0,1,1,2717.33802711
20222,1129003274,8,3,5,0,0,2,4,2,0,0,0,1,0,2,0,0,0,1,4,0,0,8069.38302156
20222,1129003276,2,1,1,0,0,0,0,0,2,0,0,0,0,0,1,0,0,0,0,0,1,2821.19217976
20222,1129003277,101,98,3,0,1,0,14,42,44,0,1,0,13,41,43,0,0,0,1,1,1,1796.42265556
20222,1129003286,14,10,4,0,0,1,3,6,4,0,0,1,1,4,4,0,0,0,2,2,0,2803.45377912
20222,1129003291,62,14,48,0,16,15,11,16,4,0,6,0,3,1,4,0,10,15,8,15,0,9791.84305715
20222,1129003295,10,7,3,0,0,3,5,1,1,0,0,1,4,1,1,0,0,2,1,0,0,150658.194233
20222,1129003297,23,8,15,0,2,5,6,7,3,0,2,2,2,1,1,0,0,3,4,6,2,9142.43887075
20222,1129003298,25,13,12,0,3,9,3,7,3,0,2,3,1,4,3,0,1,6,2,3,0,153132.017996
20222,1129003301,20,14,6,0,3,1,6,6,4,0,2,0,5,4,3,0,1,1,1,2,1,1986.76351246
20222,1129003304,3,3,0,0,0,2,1,0,0,0,0,2,1,0,0,0,0,0,0,0,0,1672.5735129
20222,1129003306,666,585,81,0,148,331,158,26,3,0,103,307,146,26,3,0,45,24,12,0,0,1713.6508946
20222,1129003307,370,339,31,0,8,32,123,158,49,0,3,30,113,151,42,0,5,2,10,7,7,19495.1816125
20222,1129003308,120,56,64,0,0,6,11,6,97,0,0,3,6,2,45,0,0,3,5,4,52,10581.0911798
20222,1129003310,102,47,55,0,5,39,36,19,3,0,1,12,17,14,3,0,4,27,19,5,0,2770.65655474
20222,1129003312,141,122,19,13,33,39,25,25,6,12,27,34,22,21,6,1,6,5,3,4,0,7673.80725909
20222,1129003313,3,3,0,0,0,0,0,0,3,0,0,0,0,0,3,0,0,0,0,0,0,3708.91559748
20222,1129003315,28,17,11,0,2,6,6,10,4,0,2,3,3,6,3,0,0,3,3,4,1,2017.5094654
20222,1129003316,3,3,0,0,0,1,0,2,0,0,0,1,0,2,0,0,0,0,0,0,0,7841.78248881
20222,1129003318,3,3,0,0,0,1,2,0,0,0,0,1,2,0,0,0,0,0,0,0,0,3548.22422424
20222,1129003322,12,10,2,0,0,1,4,5,2,0,0,1,3,4,2,0,0,0,1,1,0,10755.1635351
20222,1129003324,16,11,5,0,1,2,5,4,4,0,1,2,2,3,3,0,0,0,3,1,1,1769.06303048
20222,1129003327,7,4,3,0,0,0,1,0,6,0,0,0,0,0,4,0,0,0,1,0,2,5166.20165654
20222,1129003328,3,2,1,0,0,1,2,0,0,0,0,0,2,0,0,0,0,1,0,0,0,3729.29810905
20222,1129003329,4,2,2,0,0,0,2,1,1,0,0,0,1,0,1,0,0,0,1,1,0,1848.52853895
20222,1129003331,22,19,3,0,3,4,4,6,5,0,2,3,4,5,5,0,1,1,0,1,0,7748.36793471
20222,1129003332,55,37,18,2,20,10,13,6,4,2,14,8,6,4,3,0,6,2,7,2,1,215719.067956
20222,1129003335,28,12,16,0,1,3,9,12,3,0,0,1,6,4,1,0,1,2,3,8,2,2418.6848547
20222,1129003342,3,1,2,0,0,0,3,0,0,0,0,0,1,0,0,0,0,0,2,0,0,2311.70677967
20222,1129003344,45,37,8,0,4,18,17,3,3,0,4,15,12,3,3,0,0,3,5,0,0,5244.6227638
20222,1129003345,2,1,1,0,0,1,0,1,0,0,0,0,0,1,0,0,0,1,0,0,0,28853.8807185
20222,1129003346,11,6,5,0,0,0,6,4,1,0,0,0,3,2,1,0,0,0,3,2,0,2029.67296716
20222,1129003350,4,1,3,0,1,0,1,0,2,0,0,0,0,0,1,0,1,0,1,0,1,10586.870596
20222,1129003353,3,2,1,0,0,0,0,2,1,0,0,0,0,2,0,0,0,0,0,0,1,461.241539054
20222,1129003354,10,1,9,0,3,1,2,4,0,0,0,0,0,1,0,0,3,1,2,3,0,2251.90633398
20222,1129003359,2,1,1,0,0,0,0,0,2,0,0,0,0,0,1,0,0,0,0,0,1,1821.31091352
20222,1129003364,9,5,4,0,1,2,2,2,2,0,0,2,1,1,1,0,1,0,1,1,1,11256.0176298
20222,1129003367,20,14,6,0,3,2,6,9,0,0,2,2,6,4,0,0,1,0,0,5,0,8646.12487479
20222,1129003374,23,4,19,0,6,5,7,3,2,0,2,1,0,0,1,0,4,4,7,3,1,2200.62430712
20222,1129003382,16,14,2,0,6,4,3,3,0,0,5,4,3,2,0,0,1,0,0,1,0,3529.9245972
20222,1129003383,6,4,2,0,1,1,1,1,2,0,0,1,0,1,2,0,1,0,1,0,0,3301.58478418
20222,1129003386,1,0,1,0,0,0,1,0,0,0,0,0,0,0,0,0,0,0,1,0,0,9178.45469356
20222,1129003387,46,1,45,0,3,5,2,12,24,0,0,0,0,0,1,0,3,5,2,12,23,14015.5105883
20222,1129003389,39,6,33,0,9,7,12,7,4,0,1,2,1,1,1,0,8,5,11,6,3,4351.27532063
20222,1129003396,6,3,3,0,1,2,0,3,0,0,0,1,0,2,0,0,1,1,0,1,0,3011.66059464
20222,1129003398,10,10,0,0,0,3,1,3,3,0,0,3,1,3,3,0,0,0,0,0,0,5080.71253135
20222,1129003399,16,9,7,0,2,3,7,3,1,0,1,2,2,3,1,0,1,1,5,0,0,3711.03540675
20222,1129003402,19,10,9,0,2,3,7,2,5,0,0,2,2,2,4,0,2,1,5,0,1,12604.4376944
20222,1129003403,42,9,33,0,7,18,10,7,0,0,0,7,1,1,0,0,7,11,9,6,0,18062.061525
20222,1129003404,7,1,6,0,2,4,1,0,0,0,0,0,1,0,0,0,2,4,0,0,0,5851.29808174
20222,1129003405,3,2,1,0,0,0,0,2,1,0,0,0,0,1,1,0,0,0,0,1,0,4626.82329492
20222,1129003407,4,2,2,0,1,2,1,0,0,0,0,1,1,0,0,0,1,1,0,0,0,5369.19492692
20222,1129003413,215,79,136,0,76,90,36,9,4,0,22,30,18,6,3,0,54,60,18,3,1,176517.546399
20222,1129003416,13,5,8,0,0,0,2,4,7,0,0,0,1,0,4,0,0,0,1,4,3,43289.3628752
20222,1129003420,2,1,1,0,0,0,1,0,1,0,0,0,0,0,1,0,0,0,1,0,0,5783.34671246
20222,1129003425,7,3,4,0,1,0,1,5,0,0,1,0,0,2,0,0,0,0,1,3,0,13173.9466361
20222,1129003430,9,5,4,0,1,1,0,4,3,0,0,0,0,2,3,0,1,1,0,2,0,11398.3199726
20222,1129003438,6,3,3,0,2,0,0,2,2,0,2,0,0,0,1,0,0,0,0,2,1,5201.4781763
20222,1129003439,7,3,4,0,1,0,0,3,3,0,1,0,0,1,1,0,0,0,0,2,2,3907.40446867
20222,1129003449,95,65,30,0,5,11,27,19,33,0,1,6,14,16,28,0,4,5,13,3,5,187810.655269
20222,1129003454,4,1,3,0,0,1,2,0,1,0,0,0,0,0,1,0,0,1,2,0,0,1635.74900217
20222,1129003458,5,2,3,0,0,0,0,2,3,0,0,0,0,1,1,0,0,0,0,1,2,3125.20783225
20222,1129003459,5,2,3,0,2,2,0,1,0,0,0,1,0,1,0,0,2,1,0,0,0,5154.16300387
20222,1129003461,9,2,7,0,0,4,2,3,0,0,0,0,1,1,0,0,0,4,1,2,0,895.469127812
20222,1129003462,6,5,1,0,2,1,3,0,0,0,2,1,2,0,0,0,0,0,1,0,0,2256.17247661
20222,1129003463,2,1,1,0,0,0,0,0,2,0,0,0,0,0,1,0,0,0,0,0,1,2883.31968909
20222,1129003464,2,1,1,0,0,0,0,2,0,0,0,0,0,1,0,0,0,0,0,1,0,6440.32625528
20222,1129003465,20,4,16,0,8,2,5,4,1,0,1,0,1,2,0,0,7,2,4,2,1,10892.0161003
20222,1129003466,5,3,2,0,0,1,1,2,1,0,0,1,0,1,1,0,0,0,1,1,0,1605.80721062
20222,1129003471,185,147,38,0,1,2,19,73,90,0,0,2,16,64,65,0,1,0,3,9,25,11444.966217
20222,1129003472,9,3,6,0,0,1,6,1,1,0,0,0,2,0,1,0,0,1,4,1,0,4741.68292349
20222,1129003473,6,4,2,0,1,0,1,3,1,0,1,0,1,2,0,0,0,0,0,1,1,7415.77253621
20222,1129003475,28,14,14,0,0,2,10,7,9,0,0,0,4,3,7,0,0,2,6,4,2,15399.1824614
20222,1129003478,9,8,1,0,0,0,2,3,4,0,0,0,1,3,4,0,0,0,1,0,0,2173.44061398
20222,1129003481,4,3,1,0,0,1,2,0,1,0,0,1,1,0,1,0,0,0,1,0,0,2720.8337914
20222,1129003488,12,10,2,0,0,2,5,3,2,0,0,2,3,3,2,0,0,0,2,0,0,2759.1334116
20222,1129003490,64,55,9,0,7,3,9,19,26,0,7,0,7,17,24,0,0,3,2,2,2,5127.06380089
20222,1129003491,5,5,0,0,0,0,1,3,1,0,0,0,1,3,1,0,0,0,0,0,0,3840.8570141
20222,1129003492,14,3,11,0,1,1,7,1,4,0,0,0,0,0,3,0,1,1,7,1,1,4444.62520214
20222,1129003494,54,43,11,0,1,4,13,25,11,0,0,4,10,20,9,0,1,0,3,5,2,10865.6456726
20222,1129003495,1,0,1,0,0,0,0,0,1,0,0,0,0,0,0,0,0,0,0,0,1,7080.28371426
20222,1129003497,43,24,19,0,5,12,12,7,7,0,3,7,4,6,4,0,2,5,8,1,3,12197.3477535
20222,1129003501,50,18,32,0,11,11,7,15,6,0,0,1,3,9,5,0,11,10,4,6,1,9558.81610453
20222,1129003502,3,1,2,0,0,1,1,1,0,0,0,0,0,1,0,0,0,1,1,0,0,2814.81008911
20222,1129003503,9,7,2,0,1,0,3,4,1,0,1,0,2,3,1,0,0,0,1,1,0,4808.585719
20222,1129003504,13,11,2,0,0,1,3,3,6,0,0,1,3,2,5,0,0,0,0,1,1,2850.58247671
20222,1129003505,1,0,1,0,0,0,1,0,0,0,0,0,0,0,0,0,0,0,1,0,0,5077.2057616
20222,1129003507,2,0,2,0,0,0,1,1,0,0,0,0,0,0,0,0,0,0,1,1,0,2091.02593302
20222,1129003512,9,7,2,0,1,0,4,2,2,0,1,0,3,1,2,0,0,0,1,1,0,8231.56905744
20222,1129003516,6,3,3,0,3,1,2,0,0,0,1,1,1,0,0,0,2,0,1,0,0,15508.1357462
20222,1129003518,15,1,14,0,6,2,3,4,0,0,0,0,1,0,0,0,6,2,2,4,0,3969.57837388
20222,1129003529,13,10,3,0,0,4,8,0,1,0,0,3,6,0,1,0,0,1,2,0,0,9025.84763106
20222,1129003532,285,130,155,0,41,53,67,68,56,0,10,24,34,28,34,0,31,29,33,40,22,918.580815296
20222,1129003535,15,13,2,0,0,1,3,7,4,0,0,1,3,6,3,0,0,0,0,1,1,7701.9239029
20222,1129003538,161,38,123,0,14,11,21,59,56,0,8,9,5,11,5,0,6,2,16,48,51,2352.87876807
20222,1129003552,154,119,35,0,15,10,38,66,25,0,0,6,33,57,23,0,15,4,5,9,2,7836.58501461
20222,1129003553,3,3,0,0,3,0,0,0,0,0,3,0,0,0,0,0,0,0,0,0,0,66923.920245
20222,1129003554,11,5,6,0,0,1,1,8,1,0,0,0,0,4,1,0,0,1,1,4,0,3190.56101361
20222,1129003556,32,12,20,0,5,8,9,8,2,0,2,2,4,2,2,0,3,6,5,6,0,5942.08922072
20222,1129003557,2,0,2,0,1,1,0,0,0,0,0,0,0,0,0,0,1,1,0,0,0,11496.5088845
20222,1129003558,6,3,3,0,0,0,0,1,5,0,0,0,0,0,3,0,0,0,0,1,2,3635.4763951
20222,1129003560,4,1,3,2,1,1,0,0,0,0,0,1,0,0,0,2,1,0,0,0,0,4382.42548896
20222,1129003561,4,1,3,0,0,1,2,1,0,0,0,0,0,1,0,0,0,1,2,0,0,10339.5582671
20222,1129003562,9,8,1,0,0,0,1,3,5,0,0,0,1,2,5,0,0,0,0,1,0,2384.24060202
20222,1129003566,2,1,1,0,0,1,0,1,0,0,0,1,0,0,0,0,0,0,0,1,0,4002.07989979
20222,1129003569,3,1,2,0,0,0,2,0,1,0,0,0,1,0,0,0,0,0,1,0,1,3362.24094154
20222,1129003570,7,4,3,0,0,0,2,4,1,0,0,0,0,3,1,0,0,0,2,1,0,4095.43017248
20222,1129003571,68,33,35,0,5,17,16,21,9,0,2,11,7,5,8,0,3,6,9,16,1,2099.64748224
20222,1129003572,7,2,5,0,0,0,2,4,1,0,0,0,1,0,1,0,0,0,1,4,0,11735.0325811
20222,1129003573,210,85,125,0,35,68,46,32,29,0,9,24,17,15,20,0,26,44,29,17,9,1383.15053281
20222,1129003583,2,2,0,0,0,0,0,1,1,0,0,0,0,1,1,0,0,0,0,0,0,9062.71641534
20222,1129003584,24,16,8,0,0,3,12,8,1,0,0,1,9,5,1,0,0,2,3,3,0,7500.91627999
20222,1129003591,5,0,5,0,2,1,1,1,0,0,0,0,0,0,0,0,2,1,1,1,0,35057.7791291
20222,1129003592,4,0,4,0,0,1,3,0,0,0,0,0,0,0,0,0,0,1,3,0,0,2108.21308021
20222,1129003595,6,2,4,0,0,1,1,2,2,0,0,0,1,0,1,0,0,1,0,2,1,10796.8229576
20222,1129003597,3,1,2,0,0,0,1,1,1,0,0,0,0,0,1,0,0,0,1,1,0,66883.6004134
20222,1129003605,21,12,9,0,2,5,5,4,5,0,1,1,2,4,4,0,1,4,3,0,1,14460.250442
20222,1129003609,510,474,36,0,3,51,162,213,81,0,3,47,150,199,75,0,0,4,12,14,6,23371.0695476
20222,1129003612,80,19,61,0,13,21,23,18,5,0,3,2,5,4,5,0,10,19,18,14,0,14747.2569598
20222,1129003617,21,7,14,0,3,12,1,4,1,0,1,4,0,1,1,0,2,8,1,3,0,91824.7350045
20222,1129003622,129,77,52,0,10,36,30,36,17,0,5,23,23,19,7,0,5,13,7,17,10,364030.393388
20222,1129003626,2,1,1,0,0,1,0,1,0,0,0,1,0,0,0,0,0,0,0,1,0,1229.95861833
20222,1129003631,15,12,3,0,1,2,4,5,3,0,0,2,3,5,2,0,1,0,1,0,1,3410.75305058
20222,1129003632,10,0,10,0,1,2,4,1,2,0,0,0,0,0,0,0,1,2,4,1,2,2647.76767072
20222,1129003635,24,12,12,0,0,4,6,10,4,0,0,1,3,6,2,0,0,3,3,4,2,4196.59967382
20222,1129003637,2,1,1,0,0,0,0,1,1,0,0,0,0,0,1,0,0,0,0,1,0,8049.11175236
20222,1129003638,17,12,5,0,0,5,7,4,1,0,0,4,4,4,0,0,0,1,3,0,1,15226.2434879
20222,1129003639,5,3,2,0,0,1,0,0,4,0,0,1,0,0,2,0,0,0,0,0,2,2934.13519498
20222,1129003642,4,4,0,0,0,0,2,1,1,0,0,0,2,1,1,0,0,0,0,0,0,5897.5778106
20222,1129003643,11,1,10,0,1,2,5,2,1,0,0,0,0,0,1,0,1,2,5,2,0,6837.4161208
20222,1129003644,25,19,6,0,4,6,10,5,0,0,2,4,10,3,0,0,2,2,0,2,0,5193.41238891
20222,1129003645,2,1,1,0,0,0,1,1,0,0,0,0,1,0,0,0,0,0,0,1,0,4580.15754293
20222,1129003646,5,1,4,0,0,0,0,2,3,0,0,0,0,0,1,0,0,0,0,2,2,3918.47960485
20222,1129003647,4,3,1,0,0,1,1,0,2,0,0,1,1,0,1,0,0,0,0,0,1,1771.93214574
20222,1129003648,10,3,7,0,0,3,1,2,4,0,0,1,0,1,1,0,0,2,1,1,3,8662.37507444
20222,1129003649,73,17,56,0,10,25,19,17,2,0,2,7,2,4,2,0,8,18,17,13,0,15138.197714
20222,1129003650,2,2,0,0,0,0,1,1,0,0,0,0,1,1,0,0,0,0,0,0,0,3109.9158624
20222,1129003652,16,12,4,0,3,4,5,2,2,0,3,4,3,1,1,0,0,0,2,1,1,3606.45113363
20222,1129003653,11,5,6,0,1,7,0,2,1,0,0,4,0,0,1,0,1,3,0,2,0,4437.25472213
20222,1129003654,299,135,164,0,16,91,127,63,2,0,3,29,57,46,0,0,13,62,70,17,2,4859.55705745
20222,1129003656,21,12,9,0,8,7,4,1,1,0,5,4,2,1,0,0,3,3,2,0,1,11004.0351229
20222,1129003661,1,1,0,0,0,0,0,1,0,0,0,0,0,1,0,0,0,0,0,0,0,70721.8136508
20222,1129003662,226,216,10,0,0,6,55,122,43,0,0,5,50,120,41,0,0,1,5,2,2,6772.06650861
20222,1129003664,23,12,11,0,1,5,4,10,3,0,0,2,2,7,1,0,1,3,2,3,2,7449.32944136
20222,1129003666,5,4,1,0,1,1,1,2,0,0,1,0,1,2,0,0,0,1,0,0,0,1856.63367865
20222,1129003668,3,1,2,0,0,1,0,2,0,0,0,0,0,1,0,0,0,1,0,1,0,3861.22013661
20222,1129003669,5,4,1,0,0,0,0,2,3,0,0,0,0,2,2,0,0,0,0,0,1,11254.8578306
20222,1129003675,7,3,4,0,0,1,3,3,0,0,0,0,2,1,0,0,0,1,1,2,0,8134.38017431
20222,1129003676,6,2,4,0,0,1,2,1,2,0,0,0,0,0,2,0,0,1,2,1,0,2757.3207121
20222,1129003683,43,34,9,0,1,4,18,10,10,0,1,3,11,9,10,0,0,1,7,1,0,32502.5464158
20222,1129003686,12,6,6,0,2,2,1,2,5,0,1,1,0,1,3,0,1,1,1,1,2,3100.33448527
20222,1129003688,2,0,2,0,0,0,0,2,0,0,0,0,0,0,0,0,0,0,0,2,0,2580.03319568
20222,1129003689,12,9,3,0,0,2,4,2,4,0,0,1,3,1,4,0,0,1,1,1,0,4895.55031041
20222,1129003690,28,16,12,0,7,4,9,7,1,0,2,1,7,5,1,0,5,3,2,2,0,7512.16445146
20222,1129003691,16,3,13,0,0,0,2,6,8,0,0,0,0,1,2,0,0,0,2,5,6,2512.19308667
20222,1129003692,93,44,49,0,10,18,35,18,12,0,2,11,16,10,5,0,8,7,19,8,7,1654.19259011
20222,1129003707,104,30,74,0,27,21,31,13,12,0,6,5,12,2,5,0,21,16,19,11,7,3578.19044182
20222,1129003708,3,2,1,0,1,1,1,0,0,0,0,1,1,0,0,0,1,0,0,0,0,4508.21204408
20222,1129003709,7,6,1,1,0,4,1,1,0,1,0,4,1,0,0,0,0,0,0,1,0,2703.26186374
20222,1129003713,2,1,1,0,0,1,0,1,0,0,0,1,0,0,0,0,0,0,0,1,0,3855.67425809
20222,1129003714,4,2,2,0,0,1,2,0,1,0,0,1,1,0,0,0,0,0,1,0,1,3992.61757975
20222,1129003715,7,0,7,0,0,2,5,0,0,0,0,0,0,0,0,0,0,2,5,0,0,2863.81754593
20222,1129003718,7,5,2,0,0,4,0,3,0,0,0,2,0,3,0,0,0,2,0,0,0,2765.49020333
20222,1129003722,14,11,3,0,1,2,5,6,0,0,1,2,4,4,0,0,0,0,1,2,0,6548.44868383
20222,1129003730,22,18,4,0,0,0,7,10,5,0,0,0,7,8,3,0,0,0,0,2,2,4859.02020555
20222,1129003733,1,1,0,0,0,0,1,0,0,0,0,0,1,0,0,0,0,0,0,0,0,1375.8279614
20222,1129003736,2,1,1,0,0,0,2,0,0,0,0,0,1,0,0,0,0,0,1,0,0,1815.04522933
20222,1129003738,1,1,0,0,0,0,1,0,0,0,0,0,1,0,0,0,0,0,0,0,0,972.19093857
20222,1129003741,4,1,3,0,0,2,2,0,0,0,0,0,1,0,0,0,0,2,1,0,0,4936.46713229
20222,1129003742,4,1,3,0,1,0,2,1,0,0,0,0,0,1,0,0,1,0,2,0,0,3731.55817055
20222,1129003743,10,4,6,0,2,3,1,4,0,0,1,2,0,1,0,0,1,1,1,3,0,9426.09054684
20222,1129003747,13,10,3,0,2,1,5,4,1,0,2,1,3,3,1,0,0,0,2,1,0,98983.2011773
20222,1129003749,7,6,1,0,0,1,1,2,3,0,0,1,1,2,2,0,0,0,0,0,1,6088.11954373
20222,1129003752,3,2,1,0,0,0,0,1,2,0,0,0,0,1,1,0,0,0,0,0,1,8476.50519957
20222,1129003753,18227,9407,8820,55,1380,4733,6768,5234,57,12,578,1554,2999,4214,50,43,802,3179,3769,1020,7,2722.10885391
20222,1129003755,51,15,36,0,11,10,19,9,2,0,2,6,4,1,2,0,9,4,15,8,0,5675.39728984
20222,1129003757,2,1,1,0,0,0,2,0,0,0,0,0,1,0,0,0,0,0,1,0,0,3853.97568297
20222,1129003758,37,16,21,0,13,13,7,3,1,0,4,10,1,1,0,0,9,3,6,2,1,7810.12637188
20222,1129003761,17,11,6,0,1,4,6,4,2,0,1,3,2,3,2,0,0,1,4,1,0,4804.4487743
20222,1129003763,2,1,1,0,0,0,0,0,2,0,0,0,0,0,1,0,0,0,0,0,1,2296.15955491
20222,1129003765,11,3,8,0,1,0,5,3,2,0,0,0,2,0,1,0,1,0,3,3,1,4923.71898931
20222,1129003769,5,4,1,0,0,0,0,4,1,0,0,0,0,3,1,0,0,0,0,1,0,1080.53169284
20222,1129003770,2,1,1,0,0,0,0,1,1,0,0,0,0,0,1,0,0,0,0,1,0,1966.90108742
20222,1129003773,66,30,36,0,6,10,11,15,24,0,3,8,5,8,6,0,3,2,6,7,18,13314.3166489
20222,1129003776,17,8,9,0,2,1,3,7,4,0,1,1,2,4,0,0,1,0,1,3,4,1237.35871907
20222,1129003782,2,1,1,0,0,1,1,0,0,0,0,1,0,0,0,0,0,0,1,0,0,1548.99743626
20222,1129003783,7,4,3,0,0,1,2,2,2,0,0,1,1,1,1,0,0,0,1,1,1,3051.7287323
20222,1129003789,4,2,2,0,0,1,0,1,2,0,0,0,0,0,2,0,0,1,0,1,0,5673.86036683
20222,1129003796,7,3,4,0,0,1,4,0,2,0,0,0,1,0,2,0,0,1,3,0,0,12054.9248195
20222,1129003798,95,20,75,0,13,29,33,18,2,0,5,6,2,6,1,0,8,23,31,12,1,4385.2380074
20222,1129003800,28,6,22,0,5,8,6,8,1,0,1,0,2,2,1,0,4,8,4,6,0,5733.59436
20222,1129003804,10,2,8,0,3,3,1,1,2,0,0,1,0,0,1,0,3,2,1,1,1,2957.85152396
20222,1129003805,78,18,60,0,16,15,25,16,6,0,3,3,5,2,5,0,13,12,20,14,1,10312.166553
20222,1129003807,28,3,25,0,8,4,4,8,4,0,1,1,0,0,1,0,7,3,4,8,3,4031.21743756
20222,1129003808,26,17,9,0,13,4,6,2,1,0,11,1,3,1,1,0,2,3,3,1,0,4077.87335975
20222,1129003818,12,6,6,0,1,3,1,2,5,0,0,2,0,1,3,0,1,1,1,1,2,406.991142185
20222,1129003819,3,2,1,0,1,1,1,0,0,0,0,1,1,0,0,0,1,0,0,0,0,2623.44244625
20222,1129003822,8,6,2,0,0,2,1,2,3,0,0,1,1,1,3,0,0,1,0,1,0,9233.31269517
20222,1129003831,213,3,210,0,14,8,35,87,69,0,0,0,1,0,2,0,14,8,34,87,67,8360.25277104
20222,1129003832,3,3,0,0,1,1,1,0,0,0,1,1,1,0,0,0,0,0,0,0,0,8841.87290226
20222,1129003836,4,4,0,0,0,0,1,3,0,0,0,0,1,3,0,0,0,0,0,0,0,3192.73090815
20222,1129003837,8,2,6,0,1,1,1,5,0,0,0,0,0,2,0,0,1,1,1,3,0,3653.93374724
20222,1129003841,16,9,7,0,0,3,5,7,1,0,0,1,3,5,0,0,0,2,2,2,1,5801.40639592
20222,1129003848,247,155,92,1,26,53,56,75,36,0,16,30,34,50,25,1,10,23,22,25,11,4439.32277955
20222,1129003850,8,7,1,0,0,1,2,5,0,0,0,1,1,5,0,0,0,0,1,0,0,3680.25513449
20222,1129003852,66,39,27,1,6,10,13,18,18,0,1,2,9,14,13,1,5,8,4,4,5,4897.45106624
20222,1129003853,18,2,16,0,1,2,11,0,4,0,0,0,0,0,2,0,1,2,11,0,2,51772.1790006
20222,1129003874,12,8,4,0,8,0,1,3,0,0,6,0,1,1,0,0,2,0,0,2,0,2742.85222461
20222,1129003878,477,304,173,2,79,108,113,136,39,0,45,65,68,95,31,2,34,43,45,41,8,2181.72728471
20222,1129003880,45,17,28,0,12,8,2,12,11,0,1,3,2,3,8,0,11,5,0,9,3,4487.40751104
20222,1129003883,16,9,7,0,2,4,5,5,0,0,0,2,5,2,0,0,2,2,0,3,0,2187.00235115
20222,1129003895,45,22,23,0,15,12,15,2,1,0,6,6,10,0,0,0,9,6,5,2,1,8573.68921877
20222,1129003898,444,373,71,0,49,136,113,140,6,0,30,110,93,134,6,0,19,26,20,6,0,6673.68426042
20222,1129003904,11,5,6,0,1,4,4,1,1,0,0,2,2,0,1,0,1,2,2,1,0,1802.43582599
20222,1129003906,257,232,25,0,32,90,55,79,1,0,29,80,48,74,1,0,3,10,7,5,0,3646.97607484
20222,1129003910,4,2,2,0,0,1,1,1,1,0,0,1,1,0,0,0,0,0,0,1,1,3654.51063992
20222,1129003911,187,135,52,2,37,45,51,29,23,0,22,34,40,22,17,2,15,11,11,7,6,1356.87277141
20222,1129003914,66,13,53,1,8,11,22,15,9,0,0,2,3,4,4,1,8,9,19,11,5,6337.81086175
20222,1129003915,2,1,1,0,0,1,0,1,0,0,0,1,0,0,0,0,0,0,0,1,0,3504.52930645
20222,1129003916,7,1,6,0,0,0,2,3,2,0,0,0,0,0,1,0,0,0,2,3,1,2544.18164403
20222,1129003918,2,1,1,0,0,0,0,0,2,0,0,0,0,0,1,0,0,0,0,0,1,3065.12168171
20223,1123000001,120,55,65,0,7,10,27,32,44,0,1,2,14,11,27,0,6,8,13,21,17,4017.03275138
20223,1123000002,6,3,3,0,0,1,0,3,2,0,0,0,0,1,2,0,0,1,0,2,0,4030.88106728
20223,1123000003,5,4,1,0,0,2,2,0,1,0,0,2,1,0,1,0,0,0,1,0,0,2781.85755149
20223,1123000004,764,299,465,2,92,103,227,194,146,0,51,55,53,59,81,2,41,48,174,135,65,3286.03019847
20223,1123000005,113,57,56,0,27,36,24,14,12,0,7,14,16,10,10,0,20,22,8,4,2,6411.81232975
20223,1123000006,8,3,5,0,1,1,2,3,1,0,0,1,0,1,1,0,1,0,2,2,0,1289.78300619
20223,1123000007,8,7,1,0,1,2,1,1,3,0,0,2,1,1,3,0,1,0,0,0,0,4301.33006743
20223,1123000008,24,9,15,0,5,0,6,5,8,0,0,0,2,3,4,0,5,0,4,2,4,3931.99356818
20223,1123000010,3,2,1,0,0,0,2,1,0,0,0,0,1,1,0,0,0,0,1,0,0,946.498084201
20223,1123000012,75,41,34,0,9,14,22,21,9,0,5,10,12,7,7,0,4,4,10,14,2,6062.06191538
20223,1123000013,2,2,0,0,0,1,0,0,1,0,0,1,0,0,1,0,0,0,0,0,0,1035.68562879
20223,1123000014,2,1,1,0,0,0,2,0,0,0,0,0,1,0,0,0,0,0,1,0,0,2203.81881846
20223,1123000015,8,5,3,0,0,1,4,2,1,0,0,0,3,1,1,0,0,1,1,1,0,2393.8773718
20223,1123000017,28,18,10,0,9,12,6,1,0,0,7,9,1,1,0,0,2,3,5,0,0,2824.91954045
20223,1123000018,14,9,5,0,0,0,1,1,12,0,0,0,0,0,9,0,0,0,1,1,3,6616.95583478
20223,1123000020,3,3,0,0,0,2,0,1,0,0,0,2,0,1,0,0,0,0,0,0,0,2175.39408638
20223,1123000021,11,9,2,0,0,0,1,5,5,0,0,0,1,5,3,0,0,0,0,0,2,5430.30601674
20223,1123000022,3058,1155,1903,1,468,643,945,966,35,1,373,482,237,55,7,0,95,161,708,911,28,5528.57732009
20223,1123000023,2,2,0,0,0,0,1,1,0,0,0,0,1,1,0,0,0,0,0,0,0,840.798748147
20223,1123000024,2,1,1,0,0,1,0,1,0,0,0,0,0,1,0,0,0,1,0,0,0,2048.15282661
20223,1123000025,7,1,6,0,0,2,0,4,1,0,0,1,0,0,0,0,0,1,0,4,1,1447.24906033
20223,1123000026,10,8,2,0,0,3,5,1,1,0,0,2,5,1,0,0,0,1,0,0,1,3915.09617768
20223,1123000027,24,19,5,0,0,5,6,7,6,0,0,3,4,6,6,0,0,2,2,1,0,2555.75910236
20223,1123000029,52,37,15,0,1,5,15,11,20,0,0,2,9,7,19,0,1,3,6,4,1,7199.08930214
20223,1123000031,4,3,1,0,0,0,0,1,3,0,0,0,0,1,2,0,0,0,0,0,1,1903.20900952
20223,1123000033,2,2,0,0,0,1,0,0,1,0,0,1,0,0,1,0,0,0,0,0,0,1491.58486878
20223,1123000034,21,18,3,0,5,9,3,3,1,0,4,9,2,3,0,0,1,0,1,0,1,6220.61213951
20223,1123000035,25,17,8,1,0,4,8,5,7,0,0,4,7,2,4,1,0,0,1,3,3,6605.30271984
20223,1123000037,178,111,67,0,5,12,14,13,134,0,0,9,6,5,91,0,5,3,8,8,43,8207.61627371
20223,1123000038,27,20,7,0,11,2,5,5,4,0,8,2,2,4,4,0,3,0,3,1,0,803.762450547
20223,1123000040,387,293,94,1,93,150,74,47,22,0,61,103,65,43,21,1,32,47,9,4,1,8138.33113334
20223,1123000044,1,0,1,0,0,0,1,0,0,0,0,0,0,0,0,0,0,0,1,0,0,2137.75890075
20223,1123000045,83,13,70,0,9,29,27,17,1,0,0,5,5,3,0,0,9,24,22,14,1,15648.5004924
20223,1123000046,5,5,0,0,0,0,0,4,1,0,0,0,0,4,1,0,0,0,0,0,0,1130.86507
20223,1123000048,10,7,3,0,0,1,3,3,3,0,0,1,2,2,2,0,0,0,1,1,1,1083.1532696
20223,1123000054,31,15,16,0,2,8,10,10,1,0,0,6,4,5,0,0,2,2,6,5,1,15357.967654
20223,1123000055,20,13,7,0,0,3,3,5,9,0,0,2,1,4,6,0,0,1,2,1,3,7092.9507577
20223,1123000056,3,2,1,0,0,1,1,0,1,0,0,1,0,0,1,0,0,0,1,0,0,577.232722192
20223,1123000057,42,28,14,1,5,20,4,8,4,0,2,13,2,7,4,1,3,7,2,1,0,3234.22420105
20223,1123000059,2,1,1,0,0,0,0,0,2,0,0,0,0,0,1,0,0,0,0,0,1,4698.91175408
20223,1123000060,42,30,12,0,2,5,6,14,15,0,1,3,4,10,12,0,1,2,2,4,3,5016.86744303
20223,1123000062,46,28,18,0,1,6,14,11,14,0,0,2,8,8,10,0,1,4,6,3,4,4520.76958669
20223,1123000064,11,8,3,0,6,3,2,0,0,0,5,2,1,0,0,0,1,1,1,0,0,2714.33596439
20223,1123000068,12,7,5,0,0,1,6,2,3,0,0,1,3,2,1,0,0,0,3,0,2,2571.36398479
20223,1123000074,9,7,2,0,0,1,5,2,1,0,0,1,4,1,1,0,0,0,1,1,0,5678.60586915
20223,1123000076,8,3,5,0,1,2,2,3,0,0,0,0,1,2,0,0,1,2,1,1,0,1888.01799067
20223,1123000080,12,11,1,0,1,1,5,3,2,0,1,1,4,3,2,0,0,0,1,0,0,4204.1555437
20223,1123000081,2,0,2,0,1,0,1,0,0,0,0,0,0,0,0,0,1,0,1,0,0,1220.34719234
20223,1123000086,35,29,6,0,8,2,13,7,5,0,8,1,10,5,5,0,0,1,3,2,0,6094.20213656
20223,1123000087,31,17,14,0,1,5,13,10,2,0,0,2,7,7,1,0,1,3,6,3,1,6170.24214404
20223,1123000095,97,76,21,0,15,15,13,39,15,0,12,13,10,30,11,0,3,2,3,9,4,6888.55564025
20223,1123000101,3,1,2,0,0,0,0,0,3,0,0,0,0,0,1,0,0,0,0,0,2,3102.44110675
20223,1123000110,4,4,0,0,1,0,0,1,2,0,1,0,0,1,2,0,0,0,0,0,0,5124.86166655
20223,1123000115,15,0,15,0,4,5,1,5,0,0,0,0,0,0,0,0,4,5,1,5,0,1516.72095658
20223,1123000118,2,2,0,0,0,2,0,0,0,0,0,2,0,0,0,0,0,0,0,0,0,3624.99097869
20223,1123000121,7,4,3,0,1,2,2,1,1,0,0,0,2,1,1,0,1,2,0,0,0,3406.21207151
20223,1123000125,10,8,2,0,0,1,1,7,1,0,0,1,1,5,1,0,0,0,0,2,0,6931.85762841
20223,1123000126,35,14,21,0,3,12,10,8,2,0,1,3,6,3,1,0,2,9,4,5,1,3836.44843671
20223,1123000133,38,24,14,0,0,5,15,10,8,0,0,0,9,8,7,0,0,5,6,2,1,2259.47066943
20223,1123000134,3,2,1,0,0,0,0,3,0,0,0,0,0,2,0,0,0,0,0,1,0,3499.19733522
20223,1123000136,2,2,0,0,0,0,1,0,1,0,0,0,1,0,1,0,0,0,0,0,0,1596.34807451
20223,1123000137,34,24,10,0,8,1,9,11,5,0,4,0,6,10,4,0,4,1,3,1,1,2979.24347907
20223,1123000142,8,5,3,0,2,2,2,2,0,0,1,2,1,1,0,0,1,0,1,1,0,5931.98452651
20223,1123000145,41,28,13,0,7,18,13,2,1,0,1,18,7,2,0,0,6,0,6,0,1,2671.59923204
20223,1123000148,15,12,3,0,0,2,7,3,3,0,0,2,6,1,3,0,0,0,1,2,0,4354.43292439
20223,1123000151,2,1,1,0,0,0,1,1,0,0,0,0,0,1,0,0,0,0,1,0,0,3625.53155849
20223,1123000153,2,2,0,0,0,0,0,0,2,0,0,0,0,0,2,0,0,0,0,0,0,4067.70923234
20223,1123000159,64,49,15,3,27,12,5,5,12,3,21,8,2,4,11,0,6,4,3,1,1,4181.10209351
20223,1123000160,8,5,3,0,0,1,2,4,1,0,0,1,1,3,0,0,0,0,1,1,1,4134.06663485
20223,1123000161,9,4,5,0,1,0,4,4,0,0,0,0,3,1,0,0,1,0,1,3,0,4211.32107547
20223,1123000162,50,32,18,0,3,10,9,15,13,0,2,2,4,12,12,0,1,8,5,3,1,3010.23207377
20223,1123000165,3,2,1,0,0,0,0,2,1,0,0,0,0,1,1,0,0,0,0,1,0,3316.38080846
20223,1123000167,13,6,7,0,1,1,4,3,4,0,0,0,0,3,3,0,1,1,4,0,1,4511.13210114
20223,1123000168,40,5,35,0,6,13,9,12,0,0,1,2,0,2,0,0,5,11,9,10,0,9387.61218208
20223,1123000171,3,2,1,0,0,0,3,0,0,0,0,0,2,0,0,0,0,0,1,0,0,6299.9018049
20223,1123000172,53,44,9,0,10,8,20,12,3,0,8,6,15,12,3,0,2,2,5,0,0,4813.26234244
20223,1123000180,23,20,3,0,1,4,14,4,0,0,1,4,11,4,0,0,0,0,3,0,0,2999.47522755
20223,1123000183,105,84,21,0,12,26,40,14,13,0,8,21,31,13,11,0,4,5,9,1,2,7375.44148827
20223,1123000188,128,82,46,0,33,28,19,35,13,0,26,18,10,22,6,0,7,10,9,13,7,10463.6082986
20223,1123000190,1,0,1,0,0,0,1,0,0,0,0,0,0,0,0,0,0,0,1,0,0,2329.28483175
20223,1123000192,34,12,22,0,4,7,11,6,6,0,2,2,3,1,4,0,2,5,8,5,2,13732.0907677
20223,1123000194,19,13,6,0,1,5,6,2,5,0,1,3,4,2,3,0,0,2,2,0,2,2892.15962561
20223,1123000197,10,0,10,0,4,4,1,1,0,0,0,0,0,0,0,0,4,4,1,1,0,1557.20047538
20223,1123000198,2,1,1,0,0,0,1,1,0,0,0,0,1,0,0,0,0,0,0,1,0,1248.0171003
20223,1123000203,2,0,2,0,0,0,2,0,0,0,0,0,0,0,0,0,0,0,2,0,0,2573.41998702
20223,1123000204,2,2,0,0,0,0,0,0,2,0,0,0,0,0,2,0,0,0,0,0,0,4623.78894414
20223,1123000206,48,21,27,0,9,3,10,19,7,0,2,1,1,13,4,0,7,2,9,6,3,10040.5122401
20223,1123000211,220,165,55,0,5,31,40,54,90,0,4,12,26,44,79,0,1,19,14,10,11,9339.31922521
20223,1123000212,8,5,3,0,1,0,2,3,2,0,1,0,1,2,1,0,0,0,1,1,1,1225.44547636
20223,1123000213,20,15,5,0,2,5,2,5,6,0,2,4,2,4,3,0,0,1,0,1,3,1361.05161365
20223,1123000214,75,52,23,1,2,8,22,21,21,0,1,5,16,17,13,1,1,3,6,4,8,9506.07577589
20223,1123000215,8,7,1,0,0,1,3,2,2,0,0,1,2,2,2,0,0,0,1,0,0,1592.80154171
20223,1123000216,28,21,7,0,2,6,9,7,4,0,2,6,7,4,2,0,0,0,2,3,2,4814.16819106
20223,1123000217,7,5,2,0,1,1,3,0,2,0,1,0,2,0,2,0,0,1,1,0,0,956.60642855
20223,1123000218,9,9,0,0,0,2,4,0,3,0,0,2,4,0,3,0,0,0,0,0,0,1529.83558997
20223,1123000219,5,3,2,0,1,2,1,1,0,0,0,2,1,0,0,0,1,0,0,1,0,1074.32345325
20223,1123000220,16,16,0,0,0,7,3,3,3,0,0,7,3,3,3,0,0,0,0,0,0,1245.18242562
20223,1123000221,1098,985,113,18,431,435,151,44,19,18,379,393,143,35,17,0,52,42,8,9,2,12392.3332501
20223,1123000222,26,17,9,0,2,10,4,5,5,0,2,10,2,1,2,0,0,0,2,4,3,3245.18033155
20223,1123000223,6,5,1,0,0,0,4,2,0,0,0,0,3,2,0,0,0,0,1,0,0,2695.61471883
20223,1123000224,17,12,5,0,3,1,7,5,1,0,1,1,6,3,1,0,2,0,1,2,0,2963.33981399
20223,1123000225,216,166,50,1,18,45,60,47,45,1,13,36,48,31,37,0,5,9,12,16,8,19707.8622913
20223,1123000228,351,324,27,1,8,57,154,111,20,1,5,53,138,107,20,0,3,4,16,4,0,9404.49919757
20223,1123000229,2,1,1,0,0,0,0,1,1,0,0,0,0,0,1,0,0,0,0,1,0,1641.22956229
20223,1123000232,3,3,0,0,0,0,0,0,3,0,0,0,0,0,3,0,0,0,0,0,0,2148.40184801
20223,1123000233,20,19,1,0,1,2,7,8,2,0,1,2,7,8,1,0,0,0,0,0,1,3411.02784581
20223,1123000234,17,14,3,0,4,3,2,6,2,0,3,3,1,5,2,0,1,0,1,1,0,2866.74679435
20223,1123000236,115,87,28,0,3,23,35,35,19,0,2,17,28,24,16,0,1,6,7,11,3,3607.98985246
20223,1123000237,13,12,1,0,0,1,4,5,3,0,0,1,4,4,3,0,0,0,0,1,0,1646.85913787
20223,1123000241,2,2,0,0,0,0,0,0,2,0,0,0,0,0,2,0,0,0,0,0,0,445.409192279
20223,1123000242,63,37,26,0,11,15,22,10,5,0,5,7,13,8,4,0,6,8,9,2,1,1345.95386629
20223,1123000245,6,5,1,0,0,0,1,2,3,0,0,0,1,2,2,0,0,0,0,0,1,715.106846907
20223,1123000247,25,14,11,0,3,11,2,4,5,0,1,6,1,1,5,0,2,5,1,3,0,6884.19895901
20223,1123000254,42,27,15,0,4,11,7,14,6,0,2,6,6,9,4,0,2,5,1,5,2,8772.93835973
20223,1123000255,3,2,1,0,0,1,0,0,2,0,0,0,0,0,2,0,0,1,0,0,0,865.097427369
20223,1123000258,7,2,5,0,0,2,5,0,0,0,0,1,1,0,0,0,0,1,4,0,0,3039.18561101
20223,1123000264,2,2,0,0,0,0,2,0,0,0,0,0,2,0,0,0,0,0,0,0,0,4542.37238945
20223,1123000268,4,2,2,0,0,0,1,1,2,0,0,0,0,1,1,0,0,0,1,0,1,3047.33205643
20223,1123000270,4,3,1,0,0,1,2,1,0,0,0,1,1,1,0,0,0,0,1,0,0,2018.08693897
20223,1123000273,3,1,2,0,0,0,1,2,0,0,0,0,1,0,0,0,0,0,0,2,0,1054.94377933
20223,1123000282,22,18,4,0,3,3,5,7,4,0,3,3,4,6,2,0,0,0,1,1,2,3938.34616373
20223,1123000288,2,1,1,0,0,0,0,0,2,0,0,0,0,0,1,0,0,0,0,0,1,1980.02887542
20223,1123000289,3,1,2,0,0,0,0,2,1,0,0,0,0,1,0,0,0,0,0,1,1,668.536327817
20223,1123000291,2,1,1,0,0,1,1,0,0,0,0,1,0,0,0,0,0,0,1,0,0,793.763677092
20223,1123000292,10,4,6,0,0,4,1,5,0,0,0,1,1,2,0,0,0,3,0,3,0,2326.45340104
20223,1123000294,8,1,7,0,0,1,6,0,1,0,0,0,0,0,1,0,0,1,6,0,0,3352.07177196
20223,1123000297,10,0,10,0,1,2,1,5,1,0,0,0,0,0,0,0,1,2,1,5,1,3062.31488374
20223,1123000304,3,1,2,0,0,1,0,2,0,0,0,1,0,0,0,0,0,0,0,2,0,1243.07871428
20223,1123000311,219,138,81,0,5,16,35,64,99,0,3,10,25,41,59,0,2,6,10,23,40,12826.3621649
20223,1123000313,21,7,14,0,5,3,4,8,1,0,1,1,3,1,1,0,4,2,1,7,0,12629.6218867
20223,1123000315,2,2,0,0,0,0,2,0,0,0,0,0,2,0,0,0,0,0,0,0,0,1196.27749514
20223,1123000317,4,4,0,0,0,1,2,1,0,0,0,1,2,1,0,0,0,0,0,0,0,3370.5653296
20223,1123000318,12,8,4,0,1,2,5,2,2,0,1,2,2,1,2,0,0,0,3,1,0,3924.42055462
20223,1123000321,232,135,97,0,28,37,48,66,53,0,18,21,25,36,35,0,10,16,23,30,18,3145.08825278
20223,1123000322,39,18,21,0,9,10,12,6,2,0,2,6,6,4,0,0,7,4,6,2,2,5494.435008
20223,1123000323,225,130,95,4,32,36,51,58,44,3,6,18,32,39,32,1,26,18,19,19,12,2897.72268167
20223,1123000329,18,16,2,0,1,0,8,9,0,0,1,0,6,9,0,0,0,0,2,0,0,1998.48206724
20223,1123000332,3,1,2,0,0,0,3,0,0,0,0,0,1,0,0,0,0,0,2,0,0,3759.87692997
20223,1123000334,1,0,1,0,0,0,0,0,1,0,0,0,0,0,0,0,0,0,0,0,1,6665.12189398
20223,1123000337,36,24,12,0,7,3,8,6,12,0,3,2,5,6,8,0,4,1,3,0,4,7347.94807207
20223,1123000339,6,4,2,0,0,1,2,2,1,0,0,1,1,2,0,0,0,0,1,0,1,5393.1096788
20223,1123000342,26,15,11,0,5,7,3,6,5,0,1,4,2,3,5,0,4,3,1,3,0,3548.83810834
20223,1123000343,5,5,0,0,0,1,0,2,2,0,0,1,0,2,2,0,0,0,0,0,0,2410.66251465
20223,1123000346,34,28,6,2,3,5,6,4,14,2,1,3,4,4,14,0,2,2,2,0,0,2914.34643421
20223,1123000351,24,13,11,0,4,4,7,9,0,0,2,3,3,5,0,0,2,1,4,4,0,6009.65176534
20223,1123000353,2,2,0,0,0,0,0,0,2,0,0,0,0,0,2,0,0,0,0,0,0,4416.74960542
20223,1123000354,11,9,2,0,0,3,4,1,3,0,0,3,2,1,3,0,0,0,2,0,0,7580.06307624
20223,1123000355,11,7,4,0,0,2,2,4,3,0,0,1,1,2,3,0,0,1,1,2,0,2469.91902325
20223,1123000358,3,2,1,0,0,0,2,1,0,0,0,0,2,0,0,0,0,0,0,1,0,1726.38569282
20223,1123000359,19,5,14,0,3,0,7,6,3,0,0,0,0,2,3,0,3,0,7,4,0,7190.05473792
20223,1123000360,73,5,68,0,1,2,4,23,43,0,0,0,0,2,3,0,1,2,4,21,40,4869.81765984
20223,1123000361,3,3,0,0,0,0,0,3,0,0,0,0,0,3,0,0,0,0,0,0,0,4014.57137912
20223,1123000364,136,68,68,0,14,19,27,27,49,0,3,8,5,16,36,0,11,11,22,11,13,6876.32152484
20223,1123000365,8,6,2,0,0,3,2,2,1,0,0,2,2,1,1,0,0,1,0,1,0,5372.32479558
20223,1123000366,23,15,8,0,2,3,5,11,2,0,0,2,2,9,2,0,2,1,3,2,0,4162.11914876
20223,1123000368,6,2,4,0,0,0,1,4,1,0,0,0,0,1,1,0,0,0,1,3,0,2351.50251293
20223,1123000369,10,3,7,0,1,5,2,2,0,0,1,1,0,1,0,0,0,4,2,1,0,4316.36084581
20223,1123000371,2,2,0,0,0,0,2,0,0,0,0,0,2,0,0,0,0,0,0,0,0,1550.74502717
20223,1123000372,6,4,2,0,0,2,0,3,1,0,0,1,0,2,1,0,0,1,0,1,0,1115.26464071
20223,1123000373,9,6,3,0,2,2,1,2,2,0,1,1,1,1,2,0,1,1,0,1,0,4975.55561046
20223,1123000375,41,26,15,0,5,12,18,4,2,0,4,8,10,3,1,0,1,4,8,1,1,2225.89671569
20223,1123000380,3,2,1,0,0,1,2,0,0,0,0,1,1,0,0,0,0,0,1,0,0,4071.00695357
20223,1123000381,18,8,10,0,2,7,1,5,3,0,1,3,1,2,1,0,1,4,0,3,2,7013.37792937
20223,1123000390,72,45,27,2,3,12,23,24,8,1,2,9,14,11,8,1,1,3,9,13,0,3143.25258799
20223,1123000394,82,32,50,2,19,22,19,8,12,2,4,7,8,4,7,0,15,15,11,4,5,6970.93472206
20223,1123000395,29,27,2,0,1,1,5,4,18,0,1,0,4,4,18,0,0,1,1,0,0,1955.64644102
20223,1123000404,2,1,1,0,0,0,1,0,1,0,0,0,1,0,0,0,0,0,0,0,1,1100.26549614
20223,1123000405,9,8,1,0,2,2,3,2,0,0,2,2,2,2,0,0,0,0,1,0,0,3238.00246143
20223,1123000407,167,127,40,0,18,25,42,39,43,0,15,20,34,29,29,0,3,5,8,10,14,5142.13964751
20223,1123000416,26,11,15,0,2,5,11,6,2,0,0,2,6,2,1,0,2,3,5,4,1,2358.77187609
20223,1123000419,1,0,1,0,0,0,1,0,0,0,0,0,0,0,0,0,0,0,1,0,0,5899.06983397
20223,1123000423,26,12,14,1,5,7,6,4,3,0,2,1,5,2,2,1,3,6,1,2,1,80846.9160056
20223,1123000427,5,4,1,0,0,0,0,2,3,0,0,0,0,2,2,0,0,0,0,0,1,4144.48299325
20223,1123000428,4,3,1,0,1,0,1,0,2,0,1,0,0,0,2,0,0,0,1,0,0,2514.57657256
20223,1123000432,66,44,22,1,6,20,14,19,6,1,2,10,8,17,6,0,4,10,6,2,0,8280.65284575
20223,1123000433,16,14,2,0,0,1,3,5,7,0,0,1,3,4,6,0,0,0,0,1,1,2436.63949994
20223,1123000434,5,2,3,0,1,1,0,1,2,0,0,0,0,1,1,0,1,1,0,0,1,2050.92057543
20223,1123000436,425,337,88,8,73,143,142,45,14,2,46,123,125,30,11,6,27,20,17,15,3,16972.1355696
20223,1123000437,203,171,32,1,27,41,36,77,21,1,21,36,29,66,18,0,6,5,7,11,3,7210.75269373
20223,1123000438,29,16,13,0,1,1,4,17,6,0,0,1,3,9,3,0,1,0,1,8,3,4989.62584016
20223,1123000439,4,4,0,0,0,1,1,2,0,0,0,1,1,2,0,0,0,0,0,0,0,2152.19965666
20223,1123000440,6,5,1,0,0,0,1,4,1,0,0,0,1,3,1,0,0,0,0,1,0,1731.8187245
20223,1123000443,5,4,1,0,1,1,0,3,0,0,1,0,0,3,0,0,0,1,0,0,0,2988.77858266
20223,1123000447,16,10,6,0,2,1,6,7,0,0,2,1,2,5,0,0,0,0,4,2,0,2908.54500871
20223,1123000448,7,4,3,0,0,2,3,1,1,0,0,1,2,0,1,0,0,1,1,1,0,853.51796658
20223,1123000450,2,1,1,0,0,0,0,1,1,0,0,0,0,0,1,0,0,0,0,1,0,1195.79720661
20223,1123000454,4,1,3,0,0,0,1,2,1,0,0,0,0,1,0,0,0,0,1,1,1,2146.1138515
20223,1123000457,118,67,51,0,21,22,19,20,36,0,7,13,10,10,27,0,14,9,9,10,9,11178.8074975
20223,1123000458,2,1,1,0,0,0,0,2,0,0,0,0,0,1,0,0,0,0,0,1,0,3221.82682212
20223,1123000459,2,2,0,0,1,0,1,0,0,0,1,0,1,0,0,0,0,0,0,0,0,799.119568551
20223,1123000460,3,1,2,0,0,0,0,1,2,0,0,0,0,0,1,0,0,0,0,1,1,9542.1815697
20223,1123000461,35,24,11,0,6,6,6,10,7,0,1,4,4,10,5,0,5,2,2,0,2,5926.29449319
20223,1123000462,21,17,4,0,0,2,3,9,7,0,0,2,2,7,6,0,0,0,1,2,1,2433.26987734
20223,1123000464,12,5,7,0,0,2,4,5,1,0,0,1,2,2,0,0,0,1,2,3,1,4303.51701822
20223,1123000465,8,7,1,0,1,0,5,0,2,0,1,0,4,0,2,0,0,0,1,0,0,1400.30853031
20223,1123000467,16,13,3,0,0,3,2,3,8,0,0,1,1,3,8,0,0,2,1,0,0,1320.06597028
20223,1123000468,77,58,19,0,6,19,15,22,15,0,4,13,14,14,13,0,2,6,1,8,2,7189.43543783
20223,1123000469,18,15,3,0,1,1,8,5,3,0,1,1,6,4,3,0,0,0,2,1,0,4414.45263074
20223,1123000470,1111,664,447,11,132,99,135,222,512,11,108,71,81,118,275,0,24,28,54,104,237,3949.34350749
20223,1123000472,9,6,3,0,1,4,3,1,0,0,1,3,1,1,0,0,0,1,2,0,0,2634.71533759
20223,1123000473,84,73,11,0,2,9,12,32,29,0,1,5,11,29,27,0,1,4,1,3,2,3108.66796867
20223,1123000474,12,9,3,0,0,1,2,8,1,0,0,1,1,7,0,0,0,0,1,1,1,4981.89738597
20223,1123000475,47,25,22,0,5,7,14,13,8,0,3,5,4,8,5,0,2,2,10,5,3,3133.02543881
20223,1123000480,26,10,16,0,1,2,6,10,7,0,0,1,3,3,3,0,1,1,3,7,4,1601.86981027
20223,1123000486,10,5,5,0,3,1,1,3,2,0,1,1,0,1,2,0,2,0,1,2,0,3329.54903351
20223,1123000487,3,2,1,0,0,0,1,0,2,0,0,0,1,0,1,0,0,0,0,0,1,2778.91643329
20223,1123000488,9,8,1,0,0,0,1,3,5,0,0,0,1,2,5,0,0,0,0,1,0,4935.64771254
20223,1123000489,1,0,1,0,0,1,0,0,0,0,0,0,0,0,0,0,0,1,0,0,0,10553.4898352
20223,1123000490,20,12,8,0,2,3,4,6,5,0,2,2,3,2,3,0,0,1,1,4,2,2577.10429151
20223,1123000492,25,20,5,0,0,3,12,6,4,0,0,2,10,4,4,0,0,1,2,2,0,9511.98057188
20223,1123000498,72,59,13,0,8,11,14,19,20,0,5,9,11,17,17,0,3,2,3,2,3,6570.05535661
20223,1123000501,22,12,10,0,1,5,6,5,5,0,0,1,5,2,4,0,1,4,1,3,1,4448.66788869
20223,1123000503,4,3,1,0,0,0,1,3,0,0,0,0,1,2,0,0,0,0,0,1,0,3128.38591877
20223,1123000504,7,6,1,0,0,0,2,3,2,0,0,0,1,3,2,0,0,0,1,0,0,2190.7864261
20223,1123000505,9,7,2,0,1,1,1,4,2,0,1,1,0,3,2,0,0,0,1,1,0,13294.2598484
20223,1123000507,5,4,1,0,0,0,1,2,2,0,0,0,0,2,2,0,0,0,1,0,0,952.686306164
20223,1123000512,64,38,26,0,13,23,16,8,4,0,3,14,13,5,3,0,10,9,3,3,1,3553.68808835
20223,1123000516,14,10,4,0,2,5,5,2,0,0,1,5,2,2,0,0,1,0,3,0,0,1917.43399775
20223,1123000517,62,48,14,0,0,2,11,23,26,0,0,0,6,18,24,0,0,2,5,5,2,2068.40407842
20223,1123000519,15,11,4,0,1,4,3,5,2,0,1,4,0,4,2,0,0,0,3,1,0,1913.52529964
20223,1123000520,8,7,1,0,0,0,2,4,2,0,0,0,2,3,2,0,0,0,0,1,0,6492.02410893
20223,1123000521,11,7,4,0,0,1,3,0,7,0,0,0,2,0,5,0,0,1,1,0,2,2853.66387992
20223,1123000524,7,0,7,0,2,1,0,2,2,0,0,0,0,0,0,0,2,1,0,2,2,3560.15397671
20223,1123000525,38,28,10,0,3,9,5,8,13,0,1,6,2,8,11,0,2,3,3,0,2,3848.48964201
20223,1123000526,166,99,67,0,18,64,42,24,18,0,3,23,36,21,16,0,15,41,6,3,2,5716.78029794
20223,1123000527,14,8,6,0,3,2,2,4,3,0,3,1,0,1,3,0,0,1,2,3,0,2035.00329444
20223,1123000529,3,3,0,0,0,0,0,2,1,0,0,0,0,2,1,0,0,0,0,0,0,2224.52256163
20223,1123000530,8,7,1,0,0,2,1,4,1,0,0,2,1,3,1,0,0,0,0,1,0,2197.52072203
20223,1123000531,53,44,9,0,5,3,19,16,10,0,5,2,13,15,9,0,0,1,6,1,1,1922.42265679
20223,1123000532,21,14,7,0,1,0,4,12,4,0,1,0,3,7,3,0,0,0,1,5,1,2005.12669396
20223,1123000533,34,17,17,0,1,6,8,14,5,0,1,3,7,3,3,0,0,3,1,11,2,6303.82036938
20223,1123000534,9,4,5,0,0,4,3,2,0,0,0,0,3,1,0,0,0,4,0,1,0,969.415456872
20223,1123000535,9,5,4,0,3,0,4,2,0,0,2,0,2,1,0,0,1,0,2,1,0,3600.84699736
20223,1123000539,16,13,3,0,2,6,2,2,4,0,0,6,2,2,3,0,2,0,0,0,1,1962.13418735
20223,1123000541,3,0,3,0,0,1,1,1,0,0,0,0,0,0,0,0,0,1,1,1,0,3446.23332823
20223,1123000542,6,5,1,1,0,0,3,0,2,1,0,0,2,0,2,0,0,0,1,0,0,21216.7836092
20223,1123000543,9,6,3,0,1,0,4,1,3,0,0,0,2,1,3,0,1,0,2,0,0,11651.5127601
20223,1123000544,6,3,3,0,0,1,3,1,1,0,0,1,1,0,1,0,0,0,2,1,0,1591.94412169
20223,1123000547,11,4,7,0,3,2,1,5,0,0,0,2,1,1,0,0,3,0,0,4,0,2448.82469674
20223,1123000548,15,7,8,0,2,4,3,5,1,0,0,2,1,3,1,0,2,2,2,2,0,2482.52158477
20223,1123000549,4,2,2,0,0,1,0,1,2,0,0,0,0,1,1,0,0,1,0,0,1,1777.54923764
20223,1123000551,4655,1984,2671,6,295,1163,1725,1337,129,1,151,742,691,371,28,5,144,421,1034,966,101,10360.0348741
20223,1123000552,2,1,1,0,0,0,0,2,0,0,0,0,0,1,0,0,0,0,0,1,0,2822.15133736
20223,1123000554,4,3,1,0,0,0,3,1,0,0,0,0,3,0,0,0,0,0,0,1,0,797.064897408
20223,1123000555,89,55,34,0,9,11,27,29,13,0,2,5,18,19,11,0,7,6,9,10,2,3369.23975255
20223,1123000556,40,26,14,0,5,6,14,8,7,0,2,3,9,7,5,0,3,3,5,1,2,9303.72420376
20223,1123000557,9,4,5,0,0,0,1,6,2,0,0,0,0,4,0,0,0,0,1,2,2,2772.82436557
20223,1123000558,27,19,8,0,2,2,12,6,5,0,1,1,7,5,5,0,1,1,5,1,0,2539.3125673
20223,1123000560,11,8,3,0,0,4,3,1,3,0,0,2,3,0,3,0,0,2,0,1,0,2934.61586342
20223,1123000561,6,5,1,0,1,1,2,1,1,0,1,1,2,0,1,0,0,0,0,1,0,1737.6047196
20223,1123000562,3,2,1,0,0,0,1,1,1,0,0,0,1,1,0,0,0,0,0,0,1,1811.24298432
20223,1123000563,2,1,1,0,0,0,0,1,1,0,0,0,0,0,1,0,0,0,0,1,0,2957.4947786
20223,1123000564,24,17,7,0,3,2,8,8,3,0,1,2,5,6,3,0,2,0,3,2,0,2121.6648195
20223,1123000565,56,29,27,0,6,12,13,17,8,0,1,8,6,9,5,0,5,4,7,8,3,4675.14201419
20223,1123000566,12,8,4,0,0,1,7,1,3,0,0,0,5,1,2,0,0,1,2,0,1,2470.47226513
20223,1123000567,18,14,4,0,0,2,5,6,5,0,0,2,3,5,4,0,0,0,2,1,1,2431.47574291
20223,1123000568,88,67,21,2,15,22,22,20,7,0,9,18,17,17,6,2,6,4,5,3,1,2209.02915775
20223,1123000569,20,10,10,0,0,0,4,11,5,0,0,0,1,7,2,0,0,0,3,4,3,4287.90569515
20223,1123000570,2,1,1,0,0,0,0,1,1,0,0,0,0,0,1,0,0,0,0,1,0,2939.5225765
20223,1123000571,4,4,0,0,0,2,2,0,0,0,0,2,2,0,0,0,0,0,0,0,0,1716.47034127
20223,1123000576,40,14,26,0,9,16,6,7,2,0,3,5,4,1,1,0,6,11,2,6,1,3058.24911753
20223,1123000577,21,15,6,0,0,3,4,8,6,0,0,1,4,6,4,0,0,2,0,2,2,1907.65500781
20223,1123000580,33,31,2,0,1,8,18,4,2,0,0,8,17,4,2,0,1,0,1,0,0,2259.46977601
20223,1123000581,48,31,17,0,9,5,13,6,15,0,4,2,7,6,12,0,5,3,6,0,3,10109.4401727
20223,1123000582,7,7,0,0,0,0,1,2,4,0,0,0,1,2,4,0,0,0,0,0,0,1138.96438792
20223,1123000583,26,13,13,0,2,8,4,7,5,0,2,2,1,5,3,0,0,6,3,2,2,6558.03722184
20223,1123000584,6,4,2,0,3,2,0,1,0,0,2,2,0,0,0,0,1,0,0,1,0,988.926394008
20223,1123000585,8,6,2,0,1,1,3,3,0,0,1,1,2,2,0,0,0,0,1,1,0,3607.9552115
20223,1123000587,33,20,13,0,1,10,9,6,7,0,0,5,3,6,6,0,1,5,6,0,1,1691.30119912
20223,1123000588,1951,944,1007,3,231,487,493,608,129,2,94,193,182,389,84,1,137,294,311,219,45,13586.4982094
20223,1123000589,479,159,320,1,97,137,104,56,84,0,11,27,31,29,61,1,86,110,73,27,23,9406.4401534
20223,1123000590,23,10,13,0,2,13,3,5,0,0,1,5,2,2,0,0,1,8,1,3,0,12965.2219511
20223,1123000592,40,22,18,0,2,1,12,17,8,0,2,0,6,11,3,0,0,1,6,6,5,2045.69248671
20223,1123000593,5,3,2,0,0,0,0,4,1,0,0,0,0,3,0,0,0,0,0,1,1,2224.96319264
20223,1123000594,10,8,2,0,3,1,1,1,4,0,2,1,1,1,3,0,1,0,0,0,1,1405.42039128
20223,1123000595,4,2,2,0,0,0,0,0,4,0,0,0,0,0,2,0,0,0,0,0,2,1885.58957413
20223,1123000596,35,11,24,0,2,9,11,8,5,0,1,1,2,5,2,0,1,8,9,3,3,2079.86290593
20223,1123000598,5,4,1,0,1,0,1,2,1,0,0,0,1,2,1,0,1,0,0,0,0,1951.17131422
20223,1123000599,12,9,3,0,0,2,3,2,5,0,0,1,3,2,3,0,0,1,0,0,2,1823.27345438
20223,1123000600,27,12,15,0,2,9,8,5,3,0,1,2,4,3,2,0,1,7,4,2,1,2162.62447898
20223,1123000602,3,1,2,0,0,2,0,0,1,0,0,1,0,0,0,0,0,1,0,0,1,2931.45358807
20223,1123000603,3,1,2,0,3,0,0,0,0,0,1,0,0,0,0,0,2,0,0,0,0,2358.07625861
20223,1123000605,1646,1312,334,1,135,280,466,403,361,1,92,225,408,329,257,0,43,55,58,74,104,4346.21841473
20223,1123000606,4,2,2,0,0,1,1,1,1,0,0,0,0,1,1,0,0,1,1,0,0,3125.15005907
20223,1123000607,2,2,0,0,0,2,0,0,0,0,0,2,0,0,0,0,0,0,0,0,0,3249.3479218
20223,1123000608,27,16,11,0,1,5,10,5,6,0,1,3,4,4,4,0,0,2,6,1,2,2625.83904468
20223,1123000613,16,10,6,0,3,5,2,2,4,0,0,3,2,2,3,0,3,2,0,0,1,1818.15010802
20223,1123000614,2,2,0,0,0,0,0,1,1,0,0,0,0,1,1,0,0,0,0,0,0,3246.01714871
20223,1123000615,11,8,3,1,3,2,0,5,0,1,1,2,0,4,0,0,2,0,0,1,0,1543.17841073
20223,1123000616,329,78,251,0,56,119,75,64,15,0,6,22,21,24,5,0,50,97,54,40,10,7002.64869002
20223,1123000621,3,3,0,0,0,0,0,1,2,0,0,0,0,1,2,0,0,0,0,0,0,1668.83691379
20223,1123000622,920,430,490,0,44,61,113,269,433,0,23,37,66,94,210,0,21,24,47,175,223,8139.28415819
20223,1123000623,1,1,0,0,0,0,0,0,1,0,0,0,0,0,1,0,0,0,0,0,0,3248.84264715
20223,1123000624,27,16,11,0,3,7,10,1,6,0,1,4,6,1,4,0,2,3,4,0,2,4937.56851411
20223,1123000626,26,17,9,0,2,3,5,4,12,0,2,1,3,2,9,0,0,2,2,2,3,3635.86047217
20223,1123000627,94,41,53,0,3,28,36,15,12,0,2,12,15,6,6,0,1,16,21,9,6,8179.49828885
20223,1123000628,15,9,6,0,0,3,4,4,4,0,0,3,0,3,3,0,0,0,4,1,1,3183.56836114
20223,1123000630,4,1,3,0,0,0,0,3,1,0,0,0,0,1,0,0,0,0,0,2,1,4726.51273309
20223,1123000634,19,16,3,0,3,4,5,6,1,0,2,4,3,6,1,0,1,0,2,0,0,2162.78508597
20223,1123000635,27,23,4,0,3,2,7,11,4,0,2,2,6,9,4,0,1,0,1,2,0,2254.37723106
20223,1123000636,9,5,4,0,1,2,2,2,2,0,1,1,1,2,0,0,0,1,1,0,2,2583.12862341
20223,1123000638,3,2,1,0,0,0,2,1,0,0,0,0,1,1,0,0,0,0,1,0,0,4376.3797947
20223,1123000639,37,14,23,0,5,6,13,6,7,0,1,4,3,2,4,0,4,2,10,4,3,5975.26547421
20223,1123000640,2,0,2,0,0,0,1,1,0,0,0,0,0,0,0,0,0,0,1,1,0,2418.28491108
20223,1123000642,539,192,347,1,37,55,61,156,229,0,16,11,21,40,104,1,21,44,40,116,125,9087.70959967
20223,1123000645,7,6,1,0,0,2,4,1,0,0,0,2,3,1,0,0,0,0,1,0,0,1601.23263639
20223,1123000646,5,4,1,0,0,1,4,0,0,0,0,1,3,0,0,0,0,0,1,0,0,1378.44414946
20223,1123000653,274,170,104,2,21,36,73,89,53,0,4,18,45,60,43,2,17,18,28,29,10,8637.43186113
20223,1123000654,39,25,14,0,10,7,6,9,7,0,6,3,3,8,5,0,4,4,3,1,2,6619.07270546
20223,1123000656,13,10,3,0,1,1,4,1,6,0,1,1,3,1,4,0,0,0,1,0,2,2449.27811575
20223,1123000657,14,13,1,0,0,0,4,7,3,0,0,0,4,7,2,0,0,0,0,0,1,1230.53015294
20223,1123000659,6,5,1,0,0,2,1,2,1,0,0,2,0,2,1,0,0,0,1,0,0,6366.2523986
20223,1123000660,1571,1415,156,12,367,530,409,231,22,6,334,479,375,207,14,6,33,51,34,24,8,2911.98424896
20223,1123000661,77,33,44,0,34,35,5,2,1,0,10,17,4,2,0,0,24,18,1,0,1,2518.69245769
20223,1123000662,26,14,12,0,3,7,7,5,4,0,1,4,3,3,3,0,2,3,4,2,1,5277.1018916
20223,1123000664,140,30,110,0,26,70,22,9,13,0,4,9,1,6,10,0,22,61,21,3,3,5699.66764004
20223,1123000665,15,3,12,0,1,4,8,1,1,0,0,2,1,0,0,0,1,2,7,1,1,2503.09760121
20223,1123000666,35,18,17,0,4,6,8,11,6,0,2,2,4,7,3,0,2,4,4,4,3,5564.95403295
20223,1123000667,143,90,53,0,13,20,37,33,40,0,6,6,22,18,38,0,7,14,15,15,2,4317.78726912
20223,1123000669,2,1,1,0,0,0,1,0,1,0,0,0,0,0,1,0,0,0,1,0,0,1884.05125028
20223,1123000670,56,44,12,0,4,15,12,13,12,0,2,12,9,11,10,0,2,3,3,2,2,4668.64406334
20223,1123000671,5,4,1,0,0,0,0,5,0,0,0,0,0,4,0,0,0,0,0,1,0,1747.18607916
20223,1123000672,13,7,6,0,0,0,1,7,5,0,0,0,1,4,2,0,0,0,0,3,3,2895.57394366
20223,1123000674,61,12,49,0,13,9,21,13,5,0,4,1,2,1,4,0,9,8,19,12,1,22176.719608
20223,1123000675,98,40,58,0,7,19,28,22,22,0,2,8,8,11,11,0,5,11,20,11,11,7731.02447436
20223,1123000678,29,18,11,0,0,4,4,15,6,0,0,0,3,10,5,0,0,4,1,5,1,1902.95409476
20223,1123000680,21,14,7,0,2,4,7,6,2,0,1,3,3,6,1,0,1,1,4,0,1,903.699622706
20223,1123000681,3,2,1,0,0,0,1,0,2,0,0,0,1,0,1,0,0,0,0,0,1,5436.58843236
20223,1123000682,11,8,3,0,0,3,3,3,2,0,0,2,2,2,2,0,0,1,1,1,0,5662.97446008
20223,1123000689,15,6,9,0,1,1,4,6,3,0,0,0,1,4,1,0,1,1,3,2,2,3315.67715596
20223,1123000692,2,0,2,0,0,0,2,0,0,0,0,0,0,0,0,0,0,0,2,0,0,4347.51199684
20223,1123000693,4,2,2,0,0,1,0,1,2,0,0,0,0,1,1,0,0,1,0,0,1,1490.47639101
20223,1123000697,11,6,5,0,1,3,1,3,3,0,0,1,0,2,3,0,1,2,1,1,0,3301.47939503
20223,1123000698,2,0,2,0,0,0,0,2,0,0,0,0,0,0,0,0,0,0,0,2,0,699.943944066
20223,1123000704,3,2,1,0,0,1,0,0,2,0,0,1,0,0,1,0,0,0,0,0,1,3082.5145774
20223,1123000707,18,11,7,0,3,5,7,2,1,0,1,2,6,1,1,0,2,3,1,1,0,11145.9383493
20223,1123000710,5,4,1,0,0,1,0,2,2,0,0,0,0,2,2,0,0,1,0,0,0,2036.58428895
20223,1123000715,6,0,6,0,1,1,2,2,0,0,0,0,0,0,0,0,1,1,2,2,0,1539.3655359
20223,1123000717,107,73,34,0,19,19,22,33,14,0,13,14,15,22,9,0,6,5,7,11,5,2914.74706095
20223,1123000718,2,2,0,0,0,0,0,1,1,0,0,0,0,1,1,0,0,0,0,0,0,1772.5989134
20223,1123000719,3,2,1,0,0,0,1,0,2,0,0,0,0,0,2,0,0,0,1,0,0,1984.39986253
20223,1123000720,170,89,81,0,29,64,53,17,7,0,8,34,29,12,6,0,21,30,24,5,1,8968.58069041
20223,1123000721,5,0,5,0,2,0,2,1,0,0,0,0,0,0,0,0,2,0,2,1,0,1360.06184532
20223,1123000725,4,3,1,0,0,1,1,2,0,0,0,1,0,2,0,0,0,0,1,0,0,770.437710314
20223,1123000727,70,57,13,0,4,2,9,8,47,0,4,0,3,4,46,0,0,2,6,4,1,5519.61595065
20223,1123000728,3133,562,2571,1,433,588,566,988,557,0,97,230,171,46,18,1,336,358,395,942,539,2847.02821333
20223,1123000732,13,8,5,0,0,6,5,1,1,0,0,3,5,0,0,0,0,3,0,1,1,2573.09926262
20223,1123000733,3,1,2,0,0,0,2,0,1,0,0,0,0,0,1,0,0,0,2,0,0,5735.67251126
20223,1123000736,93,49,44,0,15,26,22,17,13,0,6,16,14,10,3,0,9,10,8,7,10,9188.41281174
20223,1123000737,4,3,1,0,1,0,1,1,1,0,1,0,1,0,1,0,0,0,0,1,0,5914.93846871
20223,1123000738,129,88,41,0,4,1,6,12,106,0,2,1,3,5,77,0,2,0,3,7,29,3820.80092312
20223,1123000739,25,10,15,0,4,3,3,13,2,0,2,0,1,6,1,0,2,3,2,7,1,8825.02822343
20223,1123000740,9,4,5,0,0,0,2,3,4,0,0,0,1,1,2,0,0,0,1,2,2,3158.56877521
20223,1123000742,1,1,0,0,0,0,0,0,1,0,0,0,0,0,1,0,0,0,0,0,0,4244.76656106
20223,1123000746,40,11,29,0,19,9,5,4,3,0,4,4,1,2,0,0,15,5,4,2,3,3797.5155461
20223,1123000747,4,1,3,0,1,0,3,0,0,0,0,0,1,0,0,0,1,0,2,0,0,4229.15002906
20223,1123000748,1,1,0,0,0,0,0,0,1,0,0,0,0,0,1,0,0,0,0,0,0,6652.09689504
20223,1123000749,116,80,36,0,29,38,20,13,16,0,19,23,14,9,15,0,10,15,6,4,1,4240.11981196
20223,1123000751,198,127,71,0,25,90,22,18,43,0,8,56,17,10,36,0,17,34,5,8,7,4006.09273558
20223,1123000753,27,10,17,1,8,5,4,3,6,0,3,1,1,3,2,1,5,4,3,0,4,3640.99294239
20223,1123000754,6,5,1,0,1,2,1,2,0,0,1,2,0,2,0,0,0,0,1,0,0,3635.66513278
20223,1123000756,282,122,160,0,65,83,57,33,44,0,12,30,19,17,44,0,53,53,38,16,0,4338.63340236
20223,1123000758,108,60,48,0,6,10,16,18,58,0,5,9,12,10,24,0,1,1,4,8,34,4095.62700985
20223,1123000759,5,1,4,0,0,1,1,1,2,0,0,1,0,0,0,0,0,0,1,1,2,2448.02260624
20223,1123000761,554,268,286,3,210,201,94,35,11,1,78,100,48,31,10,2,132,101,46,4,1,6890.23982491
20223,1123000762,15,9,6,0,1,2,5,3,4,0,0,0,3,2,4,0,1,2,2,1,0,16004.2052743
20223,1123000764,9,7,2,0,0,3,2,0,4,0,0,1,2,0,4,0,0,2,0,0,0,4110.25781179
20223,1123000766,2,2,0,0,0,0,2,0,0,0,0,0,2,0,0,0,0,0,0,0,0,1247.24874098
20223,1123000767,20,11,9,0,0,10,8,1,1,0,0,3,6,1,1,0,0,7,2,0,0,1901.15458958
20223,1123000769,9,5,4,0,0,1,2,1,5,0,0,0,0,1,4,0,0,1,2,0,1,2206.66753405
20223,1123000770,55,34,21,0,6,7,21,12,9,0,1,4,14,8,7,0,5,3,7,4,2,11464.3050017
20223,1123000772,3,2,1,0,0,0,0,0,3,0,0,0,0,0,2,0,0,0,0,0,1,4132.53707003
20223,1123000774,16,6,10,0,1,4,6,3,2,0,0,1,2,1,2,0,1,3,4,2,0,2395.23824756
20223,1123000775,1,0,1,0,0,0,0,1,0,0,0,0,0,0,0,0,0,0,0,1,0,7559.6167189
20223,1123000776,14,10,4,0,0,1,5,7,1,0,0,0,3,6,1,0,0,1,2,1,0,4645.15896643
20223,1123000777,5,2,3,0,0,0,0,1,4,0,0,0,0,0,2,0,0,0,0,1,2,4637.37759361
20223,1123000779,6,6,0,0,1,2,2,0,1,0,1,2,2,0,1,0,0,0,0,0,0,3420.31595081
20223,1123000783,10,4,6,0,0,2,4,2,2,0,0,1,0,1,2,0,0,1,4,1,0,2849.07207398
20223,1123000784,24,22,2,0,3,2,10,5,4,0,3,2,9,4,4,0,0,0,1,1,0,9942.58958689
20223,1123000785,28,25,3,0,1,5,10,10,2,0,1,3,9,10,2,0,0,2,1,0,0,3943.49847808
20223,1123000787,8,6,2,0,2,2,0,2,2,0,0,2,0,2,2,0,2,0,0,0,0,2845.04936832
20223,1123000788,16,3,13,0,0,4,6,1,5,0,0,0,0,0,3,0,0,4,6,1,2,2837.51426934
20223,1123000790,7,3,4,0,3,3,0,1,0,0,1,1,0,1,0,0,2,2,0,0,0,7394.77884981
20223,1123000791,4,2,2,0,0,0,2,0,2,0,0,0,0,0,2,0,0,0,2,0,0,6190.17818905
20223,1123000792,210,134,76,0,35,92,39,24,20,0,10,61,26,22,15,0,25,31,13,2,5,3241.68558175
20223,1123000794,4,2,2,0,0,0,1,2,1,0,0,0,0,1,1,0,0,0,1,1,0,5526.98765954
20223,1123000796,3,0,3,0,0,0,2,1,0,0,0,0,0,0,0,0,0,0,2,1,0,2548.54200245
20223,1123000797,13,9,4,0,1,5,6,0,1,0,0,5,3,0,1,0,1,0,3,0,0,8036.97057082
20223,1123000799,90,50,40,0,6,32,22,24,6,0,3,13,14,14,6,0,3,19,8,10,0,35453.1704954
20223,1123000804,2,0,2,0,0,0,0,2,0,0,0,0,0,0,0,0,0,0,0,2,0,6529.5723876
20223,1123000805,1,0,1,0,0,0,0,1,0,0,0,0,0,0,0,0,0,0,0,1,0,8770.34867432
20223,1123000806,2,2,0,0,0,0,0,1,1,0,0,0,0,1,1,0,0,0,0,0,0,3574.87789573
20223,1123000809,5,4,1,0,0,0,2,1,2,0,0,0,1,1,2,0,0,0,1,0,0,4624.25370529
20223,1123000810,4,3,1,0,0,0,0,1,3,0,0,0,0,0,3,0,0,0,0,1,0,1262.72374307
20223,1123000811,4,2,2,0,1,0,1,1,1,0,0,0,1,0,1,0,1,0,0,1,0,1581.86584045
20223,1123000812,74,55,19,0,9,15,19,20,11,0,7,12,14,13,9,0,2,3,5,7,2,3035.88478622
20223,1123000814,13,6,7,0,2,2,4,1,4,0,0,1,3,0,2,0,2,1,1,1,2,6328.78202065
20223,1123000817,2,2,0,0,0,0,0,2,0,0,0,0,0,2,0,0,0,0,0,0,0,3092.94501325
20223,1123000818,7,6,1,0,0,1,0,2,4,0,0,1,0,2,3,0,0,0,0,0,1,11921.0973824
20223,1123000821,7,3,4,0,0,0,1,3,3,0,0,0,0,1,2,0,0,0,1,2,1,6999.5667647
20223,1123000822,24,12,12,0,0,4,10,3,7,0,0,2,3,2,5,0,0,2,7,1,2,6013.87445249
20223,1123000823,8,6,2,0,0,1,3,1,3,0,0,1,1,1,3,0,0,0,2,0,0,2165.13348129
20223,1123000824,1,0,1,0,0,0,1,0,0,0,0,0,0,0,0,0,0,0,1,0,0,2499.86282906
20223,1123000826,15,7,8,0,0,0,2,7,6,0,0,0,2,2,3,0,0,0,0,5,3,4934.16602867
20223,1123000828,4,2,2,0,2,0,1,1,0,0,1,0,0,1,0,0,1,0,1,0,0,2999.95610432
20223,1123000829,9,8,1,0,1,2,1,2,3,0,1,2,1,1,3,0,0,0,0,1,0,10360.8752738
20223,1123000830,22,19,3,0,3,3,8,3,5,0,3,3,6,2,5,0,0,0,2,1,0,7393.05431544
20223,1123000831,16,9,7,0,0,4,5,2,5,0,0,3,1,2,3,0,0,1,4,0,2,2969.82232353
20223,1123000832,13,10,3,0,1,2,1,5,4,0,1,2,1,3,3,0,0,0,0,2,1,595.572774367
20223,1123000833,39,16,23,0,9,7,13,5,5,0,1,7,5,1,2,0,8,0,8,4,3,11952.4452845
20223,1123000834,8,7,1,0,0,0,2,6,0,0,0,0,1,6,0,0,0,0,1,0,0,2598.71345033
20223,1123000835,5,5,0,0,0,0,3,2,0,0,0,0,3,2,0,0,0,0,0,0,0,1111.49576141
20223,1123000836,26,17,9,0,0,5,8,10,3,0,0,3,5,7,2,0,0,2,3,3,1,2788.69944117
20223,1123000837,2,1,1,0,0,0,0,0,2,0,0,0,0,0,1,0,0,0,0,0,1,2386.50490123
20223,1123000838,12,8,4,0,1,4,1,5,1,0,0,3,1,4,0,0,1,1,0,1,1,1206.35704805
20223,1123000840,12,10,2,0,0,1,3,3,5,0,0,1,3,2,4,0,0,0,0,1,1,3559.81870719
20223,1123000841,114,96,18,0,3,16,10,13,72,0,0,7,8,10,71,0,3,9,2,3,1,17054.004377
20223,1123000842,24,23,1,0,3,4,5,8,4,0,2,4,5,8,4,0,1,0,0,0,0,2172.34562805
20223,1123000843,5,3,2,0,1,2,0,0,2,0,0,1,0,0,2,0,1,1,0,0,0,2048.99462376
20223,1123000844,42,31,11,0,5,4,13,12,8,0,4,1,10,9,7,0,1,3,3,3,1,3432.34716877
20223,1123000845,7,3,4,0,2,0,1,3,1,0,0,0,0,2,1,0,2,0,1,1,0,2260.48510389
20223,1123000846,48,17,31,0,9,11,17,6,5,0,1,5,7,2,2,0,8,6,10,4,3,2268.05573689
20223,1123000847,29,23,6,0,2,7,6,4,10,0,2,6,4,2,9,0,0,1,2,2,1,2418.13496029
20223,1123000848,32,22,10,0,2,9,11,7,3,0,0,5,10,6,1,0,2,4,1,1,2,3474.14869826
20223,1123000849,1,1,0,0,0,0,0,1,0,0,0,0,0,1,0,0,0,0,0,0,0,2202.90659378
20223,1123000850,10,6,4,0,2,3,3,2,0,0,1,2,1,2,0,0,1,1,2,0,0,3219.71305901
20223,1123000851,6,1,5,0,0,2,2,1,1,0,0,0,0,1,0,0,0,2,2,0,1,5606.01333844
20223,1123000852,4,4,0,0,0,0,2,0,2,0,0,0,2,0,2,0,0,0,0,0,0,1578.57854434
20223,1123000854,4,1,3,0,1,1,2,0,0,0,0,0,1,0,0,0,1,1,1,0,0,865.51864328
20223,1123000856,4,1,3,0,1,0,0,3,0,0,0,0,0,1,0,0,1,0,0,2,0,2204.64945203
20223,1123000857,10,0,10,0,7,1,1,1,0,0,0,0,0,0,0,0,7,1,1,1,0,3051.58675781
20223,1123000858,120,86,34,1,17,26,35,26,15,0,11,17,23,23,12,1,6,9,12,3,3,2766.90389094
20223,1123000860,107,69,38,0,17,54,13,12,11,0,7,40,9,5,8,0,10,14,4,7,3,8391.36259807
20223,1123000871,6,3,3,0,2,1,1,0,2,0,0,0,1,0,2,0,2,1,0,0,0,6143.96655999
20223,1123000873,14,10,4,0,0,3,3,5,3,0,0,2,2,4,2,0,0,1,1,1,1,3531.93565764
20223,1123000875,1446,334,1112,0,497,549,301,93,6,0,69,150,90,20,5,0,428,399,211,73,1,3194.71731579
20223,1123000877,3,2,1,0,0,1,0,1,1,0,0,1,0,0,1,0,0,0,0,1,0,2928.75373941
20223,1123000878,4,4,0,0,0,0,3,0,1,0,0,0,3,0,1,0,0,0,0,0,0,2378.11521735
20223,1123000879,28,12,16,0,4,2,8,12,2,0,3,2,4,2,1,0,1,0,4,10,1,3399.64835843
20223,1123000880,8,1,7,0,0,2,4,0,2,0,0,0,0,0,1,0,0,2,4,0,1,3422.0005008
20223,1123000882,2,0,2,0,1,0,0,1,0,0,0,0,0,0,0,0,1,0,0,1,0,3512.74773724
20223,1123000883,8,6,2,0,0,1,2,2,3,0,0,1,2,2,1,0,0,0,0,0,2,2125.16655741
20223,1123000887,48,28,20,0,9,15,11,5,8,0,3,8,7,3,7,0,6,7,4,2,1,8606.23512171
20223,1123000889,2,1,1,0,0,0,1,0,1,0,0,0,0,0,1,0,0,0,1,0,0,2234.79247841
20223,1123000892,6,4,2,0,0,0,2,1,3,0,0,0,0,1,3,0,0,0,2,0,0,1482.01424451
20223,1123000896,4,2,2,0,0,0,2,1,1,0,0,0,1,0,1,0,0,0,1,1,0,3852.66229586
20223,1123000899,4,4,0,0,1,1,1,1,0,0,1,1,1,1,0,0,0,0,0,0,0,1424.06439015
20223,1123000900,9,2,7,0,0,3,4,1,1,0,0,1,0,0,1,0,0,2,4,1,0,8449.230904
20223,1123000903,4,2,2,0,0,0,0,2,2,0,0,0,0,1,1,0,0,0,0,1,1,4101.30733984
20223,1123000911,5,3,2,0,1,0,2,1,1,0,0,0,1,1,1,0,1,0,1,0,0,2662.73336807
20223,1123000916,16,13,3,0,5,3,6,1,1,0,3,3,5,1,1,0,2,0,1,0,0,926.997156386
20223,1123000920,37,23,14,0,2,8,19,7,1,0,2,6,11,3,1,0,0,2,8,4,0,1086.18995356
20223,1123000922,4,1,3,0,1,0,1,1,1,0,0,0,1,0,0,0,1,0,0,1,1,2397.62565878
20223,1123000924,7,2,5,0,0,3,2,2,0,0,0,0,0,2,0,0,0,3,2,0,0,3349.21343777
20223,1123000925,64,33,31,0,11,17,13,21,2,0,4,11,9,8,1,0,7,6,4,13,1,3732.67537
20223,1123000933,22,9,13,0,10,1,3,6,2,0,2,0,1,5,1,0,8,1,2,1,1,2075.67256411
20223,1123000934,12,8,4,0,1,1,5,2,3,0,0,0,4,2,2,0,1,1,1,0,1,5033.75205013
20223,1123000935,4,3,1,0,2,0,0,2,0,0,1,0,0,2,0,0,1,0,0,0,0,5658.86112854
20223,1123000938,21,7,14,0,4,5,7,5,0,0,0,1,3,3,0,0,4,4,4,2,0,1822.39100718
20223,1123000940,2,2,0,0,0,0,1,1,0,0,0,0,1,1,0,0,0,0,0,0,0,3083.36377762
20223,1123000942,47,43,4,0,1,7,19,15,5,0,1,5,18,15,4,0,0,2,1,0,1,2469.10378439
20223,1123000944,6,3,3,0,0,1,3,1,1,0,0,1,0,1,1,0,0,0,3,0,0,2541.94115157
20223,1123000949,18,10,8,0,3,10,2,1,2,0,1,4,2,1,2,0,2,6,0,0,0,1253.45301219
20223,1123000954,11,1,10,0,2,0,5,4,0,0,0,0,1,0,0,0,2,0,4,4,0,4708.06271298
20223,1123000957,8,7,1,0,0,0,1,4,3,0,0,0,1,3,3,0,0,0,0,1,0,2804.75312681
20223,1123000958,35,24,11,0,1,7,10,9,8,0,1,3,6,7,7,0,0,4,4,2,1,6868.69509997
20223,1123000960,3,3,0,0,0,0,2,1,0,0,0,0,2,1,0,0,0,0,0,0,0,1899.39653633
20223,1123000961,13,5,8,0,3,4,2,3,1,0,1,0,1,2,1,0,2,4,1,1,0,9874.45124892
20223,1123000969,50,22,28,1,0,5,25,16,3,1,0,3,8,7,3,0,0,2,17,9,0,3966.53727376
20223,1123000974,3,2,1,0,0,0,1,2,0,0,0,0,1,1,0,0,0,0,0,1,0,1212.71752248
20223,1123000975,2,2,0,0,0,0,2,0,0,0,0,0,2,0,0,0,0,0,0,0,0,4277.10327787
20223,1123000978,3,3,0,0,0,1,0,1,1,0,0,1,0,1,1,0,0,0,0,0,0,1836.00903797
20223,1123000979,3,1,2,0,0,0,0,2,1,0,0,0,0,1,0,0,0,0,0,1,1,9758.30407219
20223,1123000980,1,1,0,0,0,0,0,1,0,0,0,0,0,1,0,0,0,0,0,0,0,1117.58018808
20223,1123000983,7,3,4,0,2,2,1,1,1,0,2,1,0,0,0,0,0,1,1,1,1,2366.24545472
20223,1123000984,2,2,0,0,0,0,1,1,0,0,0,0,1,1,0,0,0,0,0,0,0,3077.86066463
20223,1123000990,2,1,1,0,0,0,0,0,2,0,0,0,0,0,1,0,0,0,0,0,1,1305.98708829
20223,1123000995,15,2,13,0,8,1,5,0,1,0,0,0,1,0,1,0,8,1,4,0,0,3073.87166788
20223,1123000999,4,4,0,0,0,1,0,1,2,0,0,1,0,1,2,0,0,0,0,0,0,4074.72198537
20223,1123001000,1,1,0,0,0,0,0,0,1,0,0,0,0,0,1,0,0,0,0,0,0,2394.42581509
20223,1123001002,5,1,4,0,0,0,2,1,2,0,0,0,1,0,0,0,0,0,1,1,2,4405.99332393
20223,1123001005,30,15,15,0,4,5,14,5,2,0,0,3,7,5,0,0,4,2,7,0,2,6633.87725523
20223,1123001006,4,3,1,0,0,1,0,1,2,0,0,1,0,0,2,0,0,0,0,1,0,830.165903969
20223,1123001008,8,7,1,0,0,0,0,5,3,0,0,0,0,4,3,0,0,0,0,1,0,4966.72047992
20223,1123001009,2,2,0,0,2,0,0,0,0,0,2,0,0,0,0,0,0,0,0,0,0,3491.88435607
20223,1123001010,4,2,2,0,0,2,0,2,0,0,0,1,0,1,0,0,0,1,0,1,0,2510.94937435
20223,1123001012,4,2,2,0,0,0,0,3,1,0,0,0,0,1,1,0,0,0,0,2,0,654.762584036
20223,1123001013,2,2,0,0,1,0,1,0,0,0,1,0,1,0,0,0,0,0,0,0,0,2311.56558557
20223,1123001015,17,6,11,0,6,8,1,1,1,0,2,2,0,1,1,0,4,6,1,0,0,1381.14508248
20223,1123001020,4,4,0,0,0,3,1,0,0,0,0,3,1,0,0,0,0,0,0,0,0,3282.08490934
20223,1123001021,7,4,3,0,0,2,3,1,1,0,0,2,2,0,0,0,0,0,1,1,1,2792.34741787
20223,1123001022,702,498,204,0,5,92,243,248,114,0,3,42,152,202,99,0,2,50,91,46,15,75357.7962421
20223,1123001024,2,2,0,0,0,1,1,0,0,0,0,1,1,0,0,0,0,0,0,0,0,1737.81831967
20223,1123001030,3,1,2,0,2,1,0,0,0,0,0,1,0,0,0,0,2,0,0,0,0,2631.50546448
20223,1123001031,15,7,8,0,6,3,6,0,0,0,3,2,2,0,0,0,3,1,4,0,0,2513.51861358
20223,1123001034,3,1,2,0,0,1,1,1,0,0,0,0,0,1,0,0,0,1,1,0,0,2937.58974716
20223,1123001035,6,1,5,0,1,0,3,1,1,0,0,0,1,0,0,0,1,0,2,1,1,2582.97069588
20223,1123001036,14,7,7,0,4,3,3,4,0,0,1,1,2,3,0,0,3,2,1,1,0,86181.752073
20223,1123001038,3,2,1,0,0,1,1,0,1,0,0,1,0,0,1,0,0,0,1,0,0,702.517798597
20223,1123001039,13,9,4,0,1,1,2,3,6,0,0,0,2,2,5,0,1,1,0,1,1,26947.7282141
20223,1123001040,5,3,2,0,0,1,1,3,0,0,0,0,0,3,0,0,0,1,1,0,0,2564.67134806
20223,1123001041,14,5,9,0,0,1,7,6,0,0,0,1,3,1,0,0,0,0,4,5,0,3891.79118463
20223,1123001043,14,8,6,0,0,3,5,3,3,0,0,2,4,1,1,0,0,1,1,2,2,2174.7425155
20223,1123001047,2,1,1,0,0,0,0,2,0,0,0,0,0,1,0,0,0,0,0,1,0,5773.03312329
20223,1123001048,19,13,6,0,1,1,10,4,3,0,0,1,7,3,2,0,1,0,3,1,1,5667.90612722
20223,1123001049,4,3,1,0,0,2,1,1,0,0,0,1,1,1,0,0,0,1,0,0,0,2908.9263683
20223,1123001051,128,40,88,0,7,10,27,30,54,0,0,4,13,5,18,0,7,6,14,25,36,12705.1673298
20223,1123001052,4,1,3,0,0,1,0,2,1,0,0,0,0,0,1,0,0,1,0,2,0,2913.25226694
20223,1123001057,11,5,6,0,1,2,3,3,2,0,0,1,2,1,1,0,1,1,1,2,1,3302.94712939
20223,1123001063,7,4,3,0,1,1,2,2,1,0,0,0,1,2,1,0,1,1,1,0,0,1036.60154414
20223,1123001070,7,6,1,0,4,0,1,2,0,0,3,0,1,2,0,0,1,0,0,0,0,5731.46337646
20223,1123001071,25,10,15,0,6,5,6,6,2,0,0,3,2,4,1,0,6,2,4,2,1,3146.20831367
20223,1123001077,4,2,2,0,0,1,1,1,1,0,0,0,1,1,0,0,0,1,0,0,1,1921.47218633
20223,1123001078,35,18,17,0,3,6,7,13,6,0,1,3,2,8,4,0,2,3,5,5,2,6464.12246345
20223,1123001082,4,4,0,0,0,0,2,1,1,0,0,0,2,1,1,0,0,0,0,0,0,1952.94323736
20223,1123001085,238,127,111,0,35,53,83,51,16,0,11,26,55,25,10,0,24,27,28,26,6,5762.89541679
20223,1123001088,3,3,0,0,0,0,0,0,3,0,0,0,0,0,3,0,0,0,0,0,0,8042.30153718
20223,1123001089,3,1,2,0,0,0,1,1,1,0,0,0,0,0,1,0,0,0,1,1,0,9030.19472157
20223,1123001091,2,1,1,0,0,0,0,1,1,0,0,0,0,0,1,0,0,0,0,1,0,2168.0241135
20223,1123001093,2,1,1,0,0,1,1,0,0,0,0,0,1,0,0,0,0,1,0,0,0,3166.72280181
20223,1123001102,4,3,1,0,1,0,0,2,1,0,1,0,0,1,1,0,0,0,0,1,0,2096.36169548
20223,1123001103,3,1,2,0,0,1,2,0,0,0,0,0,1,0,0,0,0,1,1,0,0,5580.69721502
20223,1123001115,72,36,36,1,28,11,15,4,13,1,14,6,8,2,5,0,14,5,7,2,8,38244.3507977
20223,1123001117,7,5,2,0,2,3,2,0,0,0,1,3,1,0,0,0,1,0,1,0,0,1137.74013892
20223,1123001118,4,3,1,0,1,0,0,3,0,0,0,0,0,3,0,0,1,0,0,0,0,1306.08891639
20223,1123001119,5,2,3,0,1,0,0,1,3,0,0,0,0,0,2,0,1,0,0,1,1,1619.08847219
20223,1123001121,2,2,0,0,0,0,0,0,2,0,0,0,0,0,2,0,0,0,0,0,0,1470.25396391
20223,1123001123,3,1,2,0,1,1,1,0,0,0,0,0,1,0,0,0,1,1,0,0,0,5027.21683106
20223,1123001125,219,69,150,0,41,56,60,47,15,0,8,15,14,20,12,0,33,41,46,27,3,4184.06575642
20223,1123001126,9,7,2,0,0,1,4,3,1,0,0,1,3,2,1,0,0,0,1,1,0,3173.32707008
20223,1123001131,7,3,4,0,0,3,1,2,1,0,0,1,1,1,0,0,0,2,0,1,1,5769.86987865
20223,1123001136,5,5,0,0,0,3,2,0,0,0,0,3,2,0,0,0,0,0,0,0,0,1115.19650562
20223,1123001138,4,4,0,0,0,1,3,0,0,0,0,1,3,0,0,0,0,0,0,0,0,995.522197245
20223,1123001140,2,1,1,0,0,1,0,1,0,0,0,0,0,1,0,0,0,1,0,0,0,2198.20008866
20223,1123001141,10,5,5,0,0,2,2,3,3,0,0,0,1,1,3,0,0,2,1,2,0,2710.43756067
20223,1123001147,4,3,1,0,0,1,0,2,1,0,0,1,0,1,1,0,0,0,0,1,0,2089.71271821
20223,1123001154,58,48,10,0,2,7,13,28,8,0,1,6,9,25,7,0,1,1,4,3,1,3163.5209142
20223,1123001159,9,5,4,0,0,5,1,2,1,0,0,1,1,2,1,0,0,4,0,0,0,615.770390618
20223,1123001164,1,1,0,0,0,0,0,0,1,0,0,0,0,0,1,0,0,0,0,0,0,845.324753447
20223,1123001169,5,4,1,0,1,1,2,1,0,0,0,1,2,1,0,0,1,0,0,0,0,1885.21017967
20223,1123001178,7,6,1,0,1,4,1,0,1,0,1,4,0,0,1,0,0,0,1,0,0,948.704945047
20223,1123001184,6,2,4,0,0,0,1,5,0,0,0,0,0,2,0,0,0,0,1,3,0,1621.91633535
20223,1123001188,3,3,0,0,0,0,0,3,0,0,0,0,0,3,0,0,0,0,0,0,0,4681.36199995
20223,1123001192,6,3,3,0,0,0,1,5,0,0,0,0,0,3,0,0,0,0,1,2,0,1363.00514833
20223,1123001196,6,2,4,0,0,1,0,1,4,0,0,0,0,1,1,0,0,1,0,0,3,2983.07530735
20223,1123001203,3,1,2,0,0,0,1,2,0,0,0,0,1,0,0,0,0,0,0,2,0,3334.59171495
20223,1123001204,25,9,16,0,3,3,8,8,3,0,1,1,1,4,2,0,2,2,7,4,1,5537.27314008
20223,1123001212,912,386,526,2,141,195,202,221,151,1,48,91,84,77,85,1,93,104,118,144,66,3424.08233721
20223,1123001225,4,3,1,0,0,0,3,0,1,0,0,0,3,0,0,0,0,0,0,0,1,1620.38956919
20223,1123001227,1,1,0,0,0,0,1,0,0,0,0,0,1,0,0,0,0,0,0,0,0,2568.4614047
20223,1123001229,9,7,2,0,0,1,2,4,2,0,0,1,2,2,2,0,0,0,0,2,0,2638.75401326
20223,1123001230,11,9,2,0,1,2,5,3,0,0,1,2,4,2,0,0,0,0,1,1,0,2574.61545223
20223,1123001232,2,2,0,0,0,1,0,0,1,0,0,1,0,0,1,0,0,0,0,0,0,4104.49026507
20223,1123001233,124,88,36,0,13,23,29,20,39,0,6,16,17,13,36,0,7,7,12,7,3,4361.97528672
20223,1123001234,4,0,4,0,0,1,2,1,0,0,0,0,0,0,0,0,0,1,2,1,0,2265.87993922
20223,1123001243,7,7,0,0,0,0,2,4,1,0,0,0,2,4,1,0,0,0,0,0,0,412.873694887
20223,1123001247,3,2,1,0,0,0,3,0,0,0,0,0,2,0,0,0,0,0,1,0,0,2593.29276002
20223,1123001251,1,1,0,0,0,0,0,1,0,0,0,0,0,1,0,0,0,0,0,0,0,1806.93515137
20223,1123001252,4,3,1,0,1,0,0,2,1,0,1,0,0,1,1,0,0,0,0,1,0,3972.39225777
20223,1123001262,3,1,2,0,0,0,1,2,0,0,0,0,1,0,0,0,0,0,0,2,0,1388.2020094
20223,1123001265,21,2,19,0,2,5,6,6,2,0,0,0,1,0,1,0,2,5,5,6,1,2131.82584228
20223,1123001266,99,19,80,0,11,27,27,24,10,0,0,3,7,2,7,0,11,24,20,22,3,17231.4819426
20223,1123001269,2,1,1,0,0,0,1,1,0,0,0,0,0,1,0,0,0,0,1,0,0,1705.87460823
20223,1123001271,12,7,5,0,0,3,4,3,2,0,0,2,1,2,2,0,0,1,3,1,0,3031.587709
20223,1123001272,30,18,12,0,5,5,9,9,2,0,5,2,3,6,2,0,0,3,6,3,0,3015.47768558
20223,1123001273,8,5,3,0,1,1,3,3,0,0,0,1,2,2,0,0,1,0,1,1,0,9357.04827425
20223,1123001280,4,2,2,0,0,0,1,2,1,0,0,0,0,2,0,0,0,0,1,0,1,3600.74066953
20223,1123001282,4,0,4,0,1,0,0,3,0,0,0,0,0,0,0,0,1,0,0,3,0,1476.08055255
20223,1123001284,5,1,4,0,3,0,0,2,0,0,0,0,0,1,0,0,3,0,0,1,0,4095.01648466
20223,1123001285,3,1,2,0,1,0,1,1,0,0,0,0,0,1,0,0,1,0,1,0,0,1094.09394927
20223,1123001286,7,2,5,0,0,1,6,0,0,0,0,0,2,0,0,0,0,1,4,0,0,2682.5819701
20223,1123001292,4,2,2,0,2,0,1,0,1,0,2,0,0,0,0,0,0,0,1,0,1,1340.74481648
20223,1123001295,7,4,3,0,0,0,1,4,2,0,0,0,1,1,2,0,0,0,0,3,0,3050.30695554
20223,1123001298,3,0,3,0,1,0,0,2,0,0,0,0,0,0,0,0,1,0,0,2,0,1490.37942704
20223,1123001299,160,94,66,0,20,53,32,39,16,0,5,20,23,34,12,0,15,33,9,5,4,3095.68658882
20223,1123001301,51,43,8,0,2,30,18,1,0,0,2,27,13,1,0,0,0,3,5,0,0,5649.15500544
20223,1123001306,33,11,22,0,7,9,9,4,4,0,1,5,2,1,2,0,6,4,7,3,2,6314.75504802
20223,1123001309,14,11,3,0,2,7,0,3,2,0,1,6,0,2,2,0,1,1,0,1,0,3176.70006711
20223,1123001317,5,4,1,0,0,0,0,1,4,0,0,0,0,1,3,0,0,0,0,0,1,7574.59307796
20223,1123001319,8,7,1,0,2,2,2,2,0,0,2,2,1,2,0,0,0,0,1,0,0,4983.2483172
20223,1123001326,399,226,173,0,43,89,100,103,64,0,17,41,45,74,49,0,26,48,55,29,15,5658.17166803
20223,1123001329,7,2,5,0,3,2,0,2,0,0,0,0,0,2,0,0,3,2,0,0,0,5200.27360612
20223,1123001330,134,129,5,0,1,1,11,56,65,0,0,1,10,53,65,0,1,0,1,3,0,4968.44184638
20223,1123001331,9,8,1,0,0,0,1,2,6,0,0,0,1,2,5,0,0,0,0,0,1,6572.33371418
20223,1123001333,25,23,2,0,0,2,0,2,21,0,0,1,0,1,21,0,0,1,0,1,0,142300.960354
20223,1123001335,71,48,23,0,9,15,19,14,14,0,5,10,13,11,9,0,4,5,6,3,5,14580.2287956
20223,1123001336,163,85,78,0,18,70,44,14,17,0,6,36,24,8,11,0,12,34,20,6,6,13518.2484709
20223,1123001338,72,42,30,1,8,15,13,17,18,1,4,5,7,10,15,0,4,10,6,7,3,14034.7598661
20223,1123001339,20,15,5,0,3,2,6,7,2,0,2,2,4,5,2,0,1,0,2,2,0,3086.2119734
20223,1123001341,135,72,63,3,11,26,38,38,19,3,7,14,20,15,13,0,4,12,18,23,6,14753.5555328
20223,1123001342,84,66,18,0,10,20,27,17,10,0,7,16,22,12,9,0,3,4,5,5,1,4890.27737582
20223,1123001344,111,107,4,0,0,5,17,32,57,0,0,4,15,31,57,0,0,1,2,1,0,10344.9087969
20223,1123001346,153,99,54,0,27,37,40,28,21,0,13,24,24,18,20,0,14,13,16,10,1,14228.9395352
20223,1123001348,18,7,11,0,5,5,3,4,1,0,1,1,2,2,1,0,4,4,1,2,0,1516.73077499
20223,1123001349,40,27,13,0,5,3,9,13,10,0,1,3,6,8,9,0,4,0,3,5,1,6100.05561612
20223,1123001350,524,310,214,0,51,45,36,91,301,0,44,40,32,48,146,0,7,5,4,43,155,7800.16063219
20223,1123001351,139,75,64,0,19,39,31,33,17,0,2,18,19,24,12,0,17,21,12,9,5,13334.0678012
20223,1123001352,48,35,13,0,11,8,11,10,8,0,8,5,8,7,7,0,3,3,3,3,1,5923.45945574
20223,1123001353,438,296,142,2,9,11,28,37,351,0,2,3,15,16,260,2,7,8,13,21,91,7192.62815346
20223,1123001354,12,8,4,0,1,1,3,6,1,0,1,1,1,4,1,0,0,0,2,2,0,1388.96975073
20223,1123001355,8,4,4,0,0,2,2,3,1,0,0,0,1,3,0,0,0,2,1,0,1,2977.99793061
20223,1123001356,69,64,5,0,1,3,8,14,43,0,1,2,6,13,42,0,0,1,2,1,1,3433.71335463
20223,1123001357,10,6,4,0,2,0,3,3,2,0,1,0,2,2,1,0,1,0,1,1,1,5898.85922386
20223,1123001358,52,33,19,0,10,12,18,9,3,0,5,7,12,7,2,0,5,5,6,2,1,8534.43284344
20223,1123001359,10,5,5,0,0,5,4,1,0,0,0,3,2,0,0,0,0,2,2,1,0,3743.21790007
20223,1123001360,4,2,2,0,2,0,0,2,0,0,1,0,0,1,0,0,1,0,0,1,0,1355.34837445
20223,1123001362,56,35,21,0,6,7,8,20,15,0,1,3,4,16,11,0,5,4,4,4,4,6518.33570488
20223,1123001365,516,416,100,0,145,141,122,55,53,0,119,123,94,35,45,0,26,18,28,20,8,14057.3660987
20223,1123001366,4,1,3,0,0,1,0,1,2,0,0,0,0,0,1,0,0,1,0,1,1,343.514960473
20223,1123001367,58,44,14,0,3,6,16,8,25,0,2,3,7,8,24,0,1,3,9,0,1,7875.80489619
20223,1123001368,38,18,20,0,3,5,10,15,5,0,0,2,5,10,1,0,3,3,5,5,4,7981.48969243
20223,1123001371,9,8,1,0,0,0,5,2,2,0,0,0,5,2,1,0,0,0,0,0,1,3789.31894149
20223,1123001372,83,45,38,0,10,26,26,15,6,0,7,10,16,11,1,0,3,16,10,4,5,7544.30183205
20223,1123001373,2,2,0,0,0,0,0,1,1,0,0,0,0,1,1,0,0,0,0,0,0,267.986559413
20223,1123001374,25,17,8,0,5,5,3,6,6,0,3,4,2,4,4,0,2,1,1,2,2,3448.47641737
20223,1123001375,416,298,118,6,31,74,106,78,121,5,11,44,71,62,105,1,20,30,35,16,16,14113.5126472
20223,1123001376,10,6,4,0,0,0,1,4,5,0,0,0,0,2,4,0,0,0,1,2,1,5273.24260925
20223,1123001377,6,6,0,0,0,2,0,1,3,0,0,2,0,1,3,0,0,0,0,0,0,2621.53512107
20223,1123001379,10,6,4,0,0,2,2,4,2,0,0,0,1,3,2,0,0,2,1,1,0,5566.7657525
20223,1123001381,18,14,4,0,0,1,8,4,5,0,0,1,6,3,4,0,0,0,2,1,1,4734.4584569
20223,1123001384,13,3,10,0,6,3,2,1,1,0,0,1,2,0,0,0,6,2,0,1,1,5199.24676573
20223,1123001385,139,75,64,0,14,30,44,33,18,0,4,15,25,18,13,0,10,15,19,15,5,8042.37328887
20223,1123001386,18,11,7,0,1,2,8,4,3,0,1,2,4,2,2,0,0,0,4,2,1,2931.89741529
20223,1123001388,25,13,12,0,3,2,4,15,1,0,2,1,0,9,1,0,1,1,4,6,0,6419.41771923
20223,1123001389,15,10,5,0,0,3,3,5,4,0,0,1,2,3,4,0,0,2,1,2,0,5354.60233294
20223,1123001391,271,249,22,0,22,94,72,80,3,0,18,87,67,76,1,0,4,7,5,4,2,5470.59872095
20223,1123001392,38,9,29,0,17,5,4,8,4,0,0,3,1,3,2,0,17,2,3,5,2,6654.32879763
20223,1123001393,44,32,12,0,12,6,11,8,7,0,9,4,8,5,6,0,3,2,3,3,1,6374.30314091
20223,1123001397,24,14,10,0,5,5,5,8,1,0,5,2,4,2,1,0,0,3,1,6,0,6525.81560154
20223,1123001398,7,3,4,0,1,3,0,2,1,0,0,2,0,0,1,0,1,1,0,2,0,4536.20935954
20223,1123001399,10,4,6,0,0,1,4,5,0,0,0,0,1,3,0,0,0,1,3,2,0,6474.82609417
20223,1123001400,6,5,1,0,0,1,1,2,2,0,0,1,0,2,2,0,0,0,1,0,0,11320.3183701
20223,1123001401,27,5,22,0,2,5,7,7,6,0,0,0,0,0,5,0,2,5,7,7,1,15122.9864546
20223,1123001402,3,2,1,0,0,1,1,0,1,0,0,1,0,0,1,0,0,0,1,0,0,3221.89739034
20223,1123001403,38,23,15,0,2,8,11,7,10,0,1,3,8,3,8,0,1,5,3,4,2,4867.70086789
20223,1123001404,18,16,2,0,2,5,5,5,1,0,2,5,5,3,1,0,0,0,0,2,0,1810.52620531
20223,1123001405,72,35,37,0,23,14,16,12,7,0,9,10,6,6,4,0,14,4,10,6,3,5917.4011449
20223,1123001406,10,9,1,0,0,0,1,7,2,0,0,0,1,6,2,0,0,0,0,1,0,6501.7530575
20223,1123001407,16,13,3,0,1,4,7,3,1,0,0,3,7,2,1,0,1,1,0,1,0,6368.72709123
20223,1123001408,25,12,13,0,6,5,7,4,3,0,2,2,3,2,3,0,4,3,4,2,0,1000.0890138
20223,1123001409,2,2,0,0,0,0,1,0,1,0,0,0,1,0,1,0,0,0,0,0,0,1020.5928757
20223,1123001411,7,7,0,0,1,0,1,1,4,0,1,0,1,1,4,0,0,0,0,0,0,2523.75545318
20223,1123001413,100,75,25,0,6,33,28,15,18,0,1,26,23,11,14,0,5,7,5,4,4,11519.4560242
20223,1123001414,2,2,0,0,0,0,0,0,2,0,0,0,0,0,2,0,0,0,0,0,0,1137.48089262
20223,1123001416,5,2,3,0,0,1,2,1,1,0,0,0,1,0,1,0,0,1,1,1,0,3778.67687162
20223,1123001417,181,143,38,1,56,42,37,31,14,0,43,32,32,26,10,1,13,10,5,5,4,7514.87708392
20223,1123001419,10,8,2,0,0,1,0,5,4,0,0,0,0,5,3,0,0,1,0,0,1,9775.13424425
20223,1123001421,14,4,10,0,3,3,2,5,1,0,1,1,1,0,1,0,2,2,1,5,0,6014.44502704
20223,1123001422,2,2,0,0,0,0,2,0,0,0,0,0,2,0,0,0,0,0,0,0,0,1880.3633536
20223,1123001424,101,99,2,0,1,0,8,42,50,0,1,0,8,40,50,0,0,0,0,2,0,4932.16320077
20223,1123001425,147,79,68,0,31,51,22,21,22,0,12,28,12,12,15,0,19,23,10,9,7,13280.7704614
20223,1123001426,13,10,3,0,0,3,5,4,1,0,0,3,4,2,1,0,0,0,1,2,0,5658.04577768
20223,1123001427,21,9,12,0,3,6,3,3,6,0,0,3,0,1,5,0,3,3,3,2,1,3280.33657303
20223,1123001429,15,11,4,0,0,6,3,3,3,0,0,4,2,2,3,0,0,2,1,1,0,5682.75460762
20223,1123001431,3,2,1,0,0,0,1,1,1,0,0,0,1,1,0,0,0,0,0,0,1,1921.24713238
20223,1123001433,5,5,0,0,0,1,2,2,0,0,0,1,2,2,0,0,0,0,0,0,0,5496.50228721
20223,1123001434,68,43,25,0,11,21,14,11,11,0,3,13,9,8,10,0,8,8,5,3,1,5145.44003317
20223,1123001437,8,6,2,0,1,0,1,2,4,0,0,0,1,2,3,0,1,0,0,0,1,2326.9723399
20223,1123001440,20,14,6,0,0,3,5,7,5,0,0,1,4,6,3,0,0,2,1,1,2,7213.35894654
20223,1123001441,3,1,2,0,0,1,0,1,1,0,0,0,0,0,1,0,0,1,0,1,0,1457.86495565
20223,1123001442,38,17,21,0,1,4,3,22,8,0,0,1,2,11,3,0,1,3,1,11,5,4977.86546705
20223,1123001443,24,6,18,0,2,7,7,3,5,0,0,1,1,1,3,0,2,6,6,2,2,4730.21808241
20223,1123001444,96,13,83,0,7,19,34,30,6,0,1,3,2,2,5,0,6,16,32,28,1,13746.4756124
20223,1123001445,5,4,1,0,0,0,2,3,0,0,0,0,2,2,0,0,0,0,0,1,0,2480.22846466
20223,1123001448,3,2,1,0,0,1,0,0,2,0,0,0,0,0,2,0,0,1,0,0,0,4354.47016014
20223,1123001450,4,4,0,0,0,2,0,2,0,0,0,2,0,2,0,0,0,0,0,0,0,3045.99398529
20223,1123001451,2,1,1,0,0,1,0,0,1,0,0,1,0,0,0,0,0,0,0,0,1,4503.51955396
20223,1123001452,103,52,51,0,22,31,23,16,11,0,9,14,12,7,10,0,13,17,11,9,1,5180.56802312
20223,1123001453,11,10,1,0,2,2,3,3,1,0,2,1,3,3,1,0,0,1,0,0,0,2969.74191804
20223,1123001454,2,2,0,0,0,1,0,1,0,0,0,1,0,1,0,0,0,0,0,0,0,1674.43272639
20223,1123001455,24,12,12,0,2,1,7,9,5,0,2,1,3,5,1,0,0,0,4,4,4,6837.64911032
20223,1123001456,164,148,16,0,26,35,45,37,21,0,19,31,44,34,20,0,7,4,1,3,1,5126.12306402
20223,1123001459,3,3,0,0,0,0,1,1,1,0,0,0,1,1,1,0,0,0,0,0,0,2630.20227803
20223,1123001460,9,6,3,0,0,1,7,0,1,0,0,1,4,0,1,0,0,0,3,0,0,1541.02592783
20223,1123001462,122,65,57,0,9,20,35,36,22,0,6,10,17,20,12,0,3,10,18,16,10,3894.32687889
20223,1123001464,5,4,1,0,2,0,1,1,1,0,2,0,1,1,0,0,0,0,0,0,1,8432.94970331
20223,1123001465,46,11,35,0,9,14,8,13,2,0,2,3,1,4,1,0,7,11,7,9,1,18246.4413529
20223,1123001467,21,9,12,0,0,0,4,10,7,0,0,0,2,5,2,0,0,0,2,5,5,4736.76092528
20223,1123001473,126,91,35,0,21,31,31,26,17,0,16,18,22,20,15,0,5,13,9,6,2,2709.17188854
20223,1123001474,59,30,29,0,3,12,28,10,6,0,3,9,14,1,3,0,0,3,14,9,3,8476.88203593
20223,1123001476,5,4,1,0,1,1,1,1,1,0,1,0,1,1,1,0,0,1,0,0,0,7063.28036857
20223,1123001477,13,9,4,0,2,1,4,4,2,0,1,0,4,2,2,0,1,1,0,2,0,6953.99217491
20223,1123001479,10,9,1,0,0,1,5,3,1,0,0,0,5,3,1,0,0,1,0,0,0,6990.62090556
20223,1123001480,23,11,12,0,0,3,4,11,5,0,0,1,2,6,2,0,0,2,2,5,3,7085.04358612
20223,1123001481,57,35,22,0,6,17,15,13,6,0,1,13,10,8,3,0,5,4,5,5,3,8895.96901651
20223,1123001482,60,33,27,0,5,11,14,23,7,0,3,8,6,10,6,0,2,3,8,13,1,6110.90501105
20223,1123001483,27,12,15,0,3,5,9,10,0,0,2,4,2,4,0,0,1,1,7,6,0,6160.22952037
20223,1123001484,47,31,16,2,10,14,10,9,2,2,7,5,7,8,2,0,3,9,3,1,0,3076.36896317
20223,1123001486,7,3,4,0,0,0,2,2,3,0,0,0,0,1,2,0,0,0,2,1,1,5359.76878647
20223,1123001487,11,10,1,0,1,1,3,3,3,0,1,1,2,3,3,0,0,0,1,0,0,3386.07192793
20223,1123001488,7,4,3,0,0,1,6,0,0,0,0,0,4,0,0,0,0,1,2,0,0,3019.7420794
20223,1123001489,15,11,4,0,4,5,4,1,1,0,3,3,3,1,1,0,1,2,1,0,0,3187.30133804
20223,1123001491,16,6,10,0,3,5,3,4,1,0,0,2,1,2,1,0,3,3,2,2,0,25154.3285933
20223,1123001493,2,2,0,0,1,0,0,1,0,0,1,0,0,1,0,0,0,0,0,0,0,3174.20676325
20223,1123001494,92,25,67,0,13,15,16,22,26,0,4,9,6,2,4,0,9,6,10,20,22,7379.14624136
20223,1123001497,6,6,0,0,0,0,3,2,1,0,0,0,3,2,1,0,0,0,0,0,0,2817.87552365
20223,1123001498,16,1,15,0,5,3,2,4,2,0,0,0,0,0,1,0,5,3,2,4,1,1808.47977986
20223,1123001499,6,4,2,0,2,1,1,2,0,0,2,1,0,1,0,0,0,0,1,1,0,1821.86097926
20223,1123001501,16,9,7,0,0,6,2,8,0,0,0,4,1,4,0,0,0,2,1,4,0,1697.95252412
20223,1123001505,8,4,4,0,0,4,1,2,1,0,0,2,1,1,0,0,0,2,0,1,1,7638.06405978
20223,1123001509,110,75,35,0,7,25,30,30,18,0,6,17,21,17,14,0,1,8,9,13,4,10862.3147481
20223,1123001514,724,301,423,0,14,16,59,178,457,0,11,9,33,67,181,0,3,7,26,111,276,3651.64655198
20223,1123001516,22,2,20,0,5,7,3,3,4,0,0,0,0,0,2,0,5,7,3,3,2,7303.2756489
20223,1123001518,41,21,20,0,8,7,4,17,5,0,5,3,2,7,4,0,3,4,2,10,1,6825.94748015
20223,1123001520,19,15,4,0,6,3,7,2,1,0,3,3,6,2,1,0,3,0,1,0,0,2442.67438422
20223,1123001526,13,9,4,0,0,2,7,3,1,0,0,1,5,2,1,0,0,1,2,1,0,3198.73780029
20223,1123001530,23,11,12,0,4,6,7,3,3,0,2,0,5,1,3,0,2,6,2,2,0,7635.80977453
20223,1123001534,44,25,19,1,8,11,16,5,3,1,3,6,11,4,0,0,5,5,5,1,3,9796.04396006
20223,1123001536,7,6,1,0,0,1,3,0,3,0,0,1,2,0,3,0,0,0,1,0,0,6330.7126506
20223,1123001537,3,3,0,0,0,2,0,1,0,0,0,2,0,1,0,0,0,0,0,0,0,770.712491337
20223,1123001540,5,3,2,0,0,1,0,2,2,0,0,0,0,1,2,0,0,1,0,1,0,365.90759133
20223,1123001541,27,13,14,0,1,4,6,7,9,0,0,2,3,3,5,0,1,2,3,4,4,2661.1772161
20223,1123001542,12,9,3,0,0,1,4,5,2,0,0,0,3,4,2,0,0,1,1,1,0,2955.87505828
20223,1123001543,3,3,0,0,0,0,2,1,0,0,0,0,2,1,0,0,0,0,0,0,0,8596.90806714
20223,1123001548,7,2,5,0,3,1,1,2,0,0,1,0,0,1,0,0,2,1,1,1,0,2383.501796
20223,1123001552,1,0,1,0,0,0,0,0,1,0,0,0,0,0,0,0,0,0,0,0,1,780.11637716
20223,1123001555,15,7,8,0,0,3,3,5,4,0,0,1,1,2,3,0,0,2,2,3,1,2318.38621465
20223,1123001557,9,4,5,0,1,2,4,1,1,0,0,1,2,0,1,0,1,1,2,1,0,2655.03621618
20223,1123001562,2,2,0,0,0,0,0,1,1,0,0,0,0,1,1,0,0,0,0,0,0,2385.05822121
20223,1123001563,1,1,0,0,0,0,0,0,1,0,0,0,0,0,1,0,0,0,0,0,0,1105.44703502
20223,1123001564,155,114,41,0,21,31,37,46,20,0,16,26,25,31,16,0,5,5,12,15,4,9502.44158873
20223,1123001567,2,0,2,0,1,1,0,0,0,0,0,0,0,0,0,0,1,1,0,0,0,5111.96050348
20223,1123001571,12,8,4,0,0,1,1,8,2,0,0,1,0,5,2,0,0,0,1,3,0,2768.6736512
20223,1123001572,4,3,1,0,0,0,0,2,2,0,0,0,0,1,2,0,0,0,0,1,0,1958.7063422
20223,1123001573,2115,1411,704,12,473,565,537,385,143,9,328,398,329,244,103,3,145,167,208,141,40,5441.91728221
20223,1123001578,14,10,4,0,2,3,4,2,3,0,0,3,3,2,2,0,2,0,1,0,1,1097.38995478
20223,1123001579,49,7,42,0,0,5,9,31,4,0,0,1,2,2,2,0,0,4,7,29,2,807.433710519
20223,1123001583,2,2,0,0,0,0,0,1,1,0,0,0,0,1,1,0,0,0,0,0,0,1005.17816963
20223,1123001584,280,107,173,1,43,63,76,67,30,0,3,22,33,33,16,1,40,41,43,34,14,7992.12693281
20223,1123001588,272,248,24,0,1,7,37,98,129,0,0,2,27,94,125,0,1,5,10,4,4,6658.18866416
20223,1123001589,16,9,7,0,1,2,2,7,4,0,0,0,1,5,3,0,1,2,1,2,1,6674.14783146
20223,1123001592,13,8,5,0,0,3,8,2,0,0,0,1,5,2,0,0,0,2,3,0,0,9422.71776574
20223,1123001593,49,21,28,0,1,10,10,14,14,0,0,1,3,8,9,0,1,9,7,6,5,4203.23962719
20223,1123001594,82,38,44,0,10,16,17,23,16,0,8,11,5,9,5,0,2,5,12,14,11,6043.8271992
20223,1123001595,285,155,130,5,58,72,66,66,18,5,35,46,36,21,12,0,23,26,30,45,6,8134.30016491
20223,1123001596,7,2,5,0,0,0,0,1,6,0,0,0,0,0,2,0,0,0,0,1,4,2177.99281376
20223,1123001597,7,2,5,0,0,0,2,3,2,0,0,0,0,1,1,0,0,0,2,2,1,4043.53997307
20223,1123001598,9,6,3,0,0,2,1,3,3,0,0,1,0,3,2,0,0,1,1,0,1,8201.99578759
20223,1123001599,18,7,11,0,5,2,3,8,0,0,2,1,0,4,0,0,3,1,3,4,0,4523.47937648
20223,1123001603,10,7,3,0,2,1,4,3,0,0,0,1,4,2,0,0,2,0,0,1,0,2900.42462842
20223,1123001604,24,21,3,0,3,2,8,8,3,0,3,2,6,8,2,0,0,0,2,0,1,5674.69976032
20223,1123001606,45,24,21,0,2,11,13,13,6,0,1,8,4,8,3,0,1,3,9,5,3,8286.57684344
20223,1123001608,11,9,2,0,0,2,8,1,0,0,0,2,7,0,0,0,0,0,1,1,0,2528.02648496
20223,1123001609,13,5,8,0,4,5,4,0,0,0,1,2,2,0,0,0,3,3,2,0,0,5641.27108116
20223,1123001610,2,1,1,0,0,1,1,0,0,0,0,0,1,0,0,0,0,1,0,0,0,5021.12982437
20223,1123001611,24,16,8,0,2,5,8,7,2,0,0,3,6,5,2,0,2,2,2,2,0,2432.27787358
20223,1123001612,18,16,2,0,1,4,5,4,4,0,1,4,3,4,4,0,0,0,2,0,0,1069.3195533
20223,1123001614,2,1,1,0,0,0,0,2,0,0,0,0,0,1,0,0,0,0,0,1,0,4159.12468628
20223,1123001615,7,6,1,0,1,0,2,3,1,0,1,0,2,2,1,0,0,0,0,1,0,3305.78195532
20223,1123001617,15,4,11,0,1,9,3,2,0,0,0,1,2,1,0,0,1,8,1,1,0,6957.9189275
20223,1123001618,3,1,2,0,0,0,0,2,1,0,0,0,0,0,1,0,0,0,0,2,0,5984.21590529
20223,1123001621,7,0,7,0,0,1,1,4,1,0,0,0,0,0,0,0,0,1,1,4,1,4874.31694985
20223,1123001623,2,0,2,0,1,0,0,1,0,0,0,0,0,0,0,0,1,0,0,1,0,7212.21447054
20223,1123001625,40,26,14,0,5,3,9,12,11,0,4,2,5,6,9,0,1,1,4,6,2,10200.3265225
20223,1123001627,56,44,12,0,5,11,15,13,12,0,3,9,13,8,11,0,2,2,2,5,1,1501.43628989
20223,1123001629,24,12,12,0,6,4,7,5,2,0,4,1,1,4,2,0,2,3,6,1,0,1240.72513743
20223,1123001630,36,29,7,0,2,3,3,3,25,0,0,2,2,3,22,0,2,1,1,0,3,9988.33228846
20223,1123001631,26,9,17,0,1,0,5,10,10,0,0,0,2,2,5,0,1,0,3,8,5,3305.8485222
20223,1123001632,84,61,23,0,22,38,15,7,2,0,15,28,13,4,1,0,7,10,2,3,1,6750.31116411
20223,1123001633,2,1,1,0,0,0,1,1,0,0,0,0,0,1,0,0,0,0,1,0,0,6884.56562242
20223,1123001634,30,22,8,0,1,2,11,13,3,0,1,1,7,10,3,0,0,1,4,3,0,10865.4088096
20223,1123001635,20,7,13,0,4,2,7,5,2,0,3,2,1,1,0,0,1,0,6,4,2,10148.5998149
20223,1123001636,14,11,3,0,0,7,4,2,1,0,0,5,4,1,1,0,0,2,0,1,0,16477.1155956
20223,1123001637,66,26,40,0,4,6,14,25,17,0,0,0,7,10,9,0,4,6,7,15,8,10103.7257895
20223,1123001638,46,13,33,0,4,10,11,13,8,0,1,1,1,5,5,0,3,9,10,8,3,6998.01461805
20223,1123001639,55,23,32,0,9,20,13,9,4,0,3,6,8,4,2,0,6,14,5,5,2,7302.31771112
20223,1123001640,502,68,434,0,105,138,196,60,3,0,7,32,19,8,2,0,98,106,177,52,1,7463.03189471
20223,1123001642,106,84,22,1,25,33,21,13,13,1,20,29,11,12,11,0,5,4,10,1,2,6188.93719982
20223,1123001646,10,6,4,0,1,2,2,4,1,0,0,1,2,2,1,0,1,1,0,2,0,6821.34012799
20223,1123001649,7,5,2,0,0,3,3,0,1,0,0,3,2,0,0,0,0,0,1,0,1,4254.85928562
20223,1123001653,3,1,2,0,0,1,1,1,0,0,0,0,0,1,0,0,0,1,1,0,0,3074.36091837
20223,1123001654,35,16,19,0,2,3,14,5,11,0,1,2,10,2,1,0,1,1,4,3,10,4366.01332506
20223,1123001655,4,4,0,0,0,1,0,1,2,0,0,1,0,1,2,0,0,0,0,0,0,2515.36345007
20223,1123001672,2,0,2,0,0,1,1,0,0,0,0,0,0,0,0,0,0,1,1,0,0,770.715518982
20223,1123001673,67,10,57,0,7,15,31,14,0,0,1,4,4,1,0,0,6,11,27,13,0,15586.8132153
20223,1123001674,100,49,51,0,12,16,21,34,17,0,2,6,12,19,10,0,10,10,9,15,7,9743.13897554
20223,1123001675,79,34,45,0,11,13,13,27,15,0,4,6,6,7,11,0,7,7,7,20,4,9263.09745605
20223,1123001681,15,11,4,0,1,4,6,3,1,0,1,4,3,2,1,0,0,0,3,1,0,6276.58377682
20223,1123001683,2,1,1,0,1,0,1,0,0,0,1,0,0,0,0,0,0,0,1,0,0,1870.34371462
20223,1123001686,5,4,1,0,0,0,0,1,4,0,0,0,0,1,3,0,0,0,0,0,1,6396.27500015
20223,1123001692,5,3,2,0,0,0,1,2,2,0,0,0,0,1,2,0,0,0,1,1,0,5573.72641073
20223,1123001695,1718,1041,677,39,1366,276,32,4,1,23,780,204,29,4,1,16,586,72,3,0,0,3319.13818758
20223,1123001699,8,6,2,1,2,0,1,4,0,1,1,0,0,4,0,0,1,0,1,0,0,1514.18148639
20223,1123001704,235,117,118,1,34,48,80,38,34,1,10,19,38,24,25,0,24,29,42,14,9,5036.11964138
20223,1123001705,6,5,1,0,1,0,0,4,1,0,1,0,0,3,1,0,0,0,0,1,0,6642.42426424
20223,1123001706,49,14,35,0,14,14,13,5,3,0,3,1,4,3,3,0,11,13,9,2,0,3728.42218296
20223,1123001707,330,155,175,1,43,47,73,98,68,0,17,24,31,43,40,1,26,23,42,55,28,8545.53019173
20223,1123001708,95,66,29,0,29,28,16,8,14,0,18,25,10,4,9,0,11,3,6,4,5,8154.01474872
20223,1123001717,6,2,4,0,0,0,1,3,2,0,0,0,0,1,1,0,0,0,1,2,1,2678.28882192
20223,1123001718,4,3,1,0,0,1,0,1,2,0,0,0,0,1,2,0,0,1,0,0,0,6806.22010542
20223,1123001719,10,2,8,0,0,2,4,4,0,0,0,0,2,0,0,0,0,2,2,4,0,5209.53403597
20223,1123001722,6,0,6,0,1,3,1,1,0,0,0,0,0,0,0,0,1,3,1,1,0,2305.30489082
20223,1123001723,18,8,10,0,0,3,3,5,7,0,0,0,3,3,2,0,0,3,0,2,5,2202.31947404
20223,1123001728,3,1,2,0,0,2,1,0,0,0,0,0,1,0,0,0,0,2,0,0,0,1362.15195814
20223,1123001729,11,7,4,0,0,3,3,1,4,0,0,2,2,0,3,0,0,1,1,1,1,6839.26936854
20223,1123001731,45,26,19,0,5,6,16,13,5,0,0,4,11,6,5,0,5,2,5,7,0,8658.17422558
20223,1123001733,29,5,24,0,0,1,2,16,10,0,0,0,0,2,3,0,0,1,2,14,7,8296.31010887
20223,1123001738,5,5,0,0,2,1,0,0,2,0,2,1,0,0,2,0,0,0,0,0,0,1801.07270536
20223,1123001740,4,3,1,0,0,1,1,2,0,0,0,0,1,2,0,0,0,1,0,0,0,980.194432809
20223,1123001742,3,1,2,0,0,0,0,2,1,0,0,0,0,0,1,0,0,0,0,2,0,6160.8449913
20223,1123001747,452,214,238,1,43,103,138,141,26,0,25,60,68,47,14,1,18,43,70,94,12,4357.42417553
20223,1123001748,4,3,1,0,0,0,3,1,0,0,0,0,3,0,0,0,0,0,0,1,0,1241.384888
20223,1123001751,5,3,2,0,0,0,0,3,2,0,0,0,0,1,2,0,0,0,0,2,0,1670.12238524
20223,1123001752,13,8,5,0,0,1,2,8,2,0,0,1,2,3,2,0,0,0,0,5,0,3872.14504388
20223,1123001753,62,28,34,0,18,19,13,11,1,0,7,11,6,3,1,0,11,8,7,8,0,8907.81809772
20223,1123001754,3,2,1,0,0,0,1,2,0,0,0,0,1,1,0,0,0,0,0,1,0,1928.37964443
20223,1123001756,11,1,10,0,2,1,3,4,1,0,0,0,0,1,0,0,2,1,3,3,1,1925.65316767
20223,1123001757,9,7,2,0,1,1,5,1,1,0,0,1,4,1,1,0,1,0,1,0,0,3068.65804359
20223,1123001760,18,10,8,0,5,3,2,6,2,0,3,3,0,3,1,0,2,0,2,3,1,3977.20013561
20223,1123001761,2,2,0,0,0,0,1,1,0,0,0,0,1,1,0,0,0,0,0,0,0,4276.03451425
20223,1123001762,56,40,16,0,1,11,17,19,8,0,0,10,14,11,5,0,1,1,3,8,3,9550.87826095
20223,1123001765,5,3,2,0,2,0,0,2,1,0,1,0,0,1,1,0,1,0,0,1,0,3834.09074247
20223,1123001766,167,54,113,0,8,20,64,70,5,0,6,10,20,14,4,0,2,10,44,56,1,9297.4510458
20223,1123001772,19,15,4,0,3,3,1,7,5,0,3,3,0,5,4,0,0,0,1,2,1,6309.01429743
20223,1123001774,26,9,17,0,3,9,7,4,3,0,1,3,2,0,3,0,2,6,5,4,0,1681.53295582
20223,1123001775,7,6,1,0,0,1,4,0,2,0,0,1,3,0,2,0,0,0,1,0,0,6648.50062046
20223,1123001776,15,9,6,0,3,1,4,2,5,0,3,1,1,2,2,0,0,0,3,0,3,6692.04152494
20223,1123001777,77,42,35,0,5,16,22,22,12,0,4,7,11,10,10,0,1,9,11,12,2,13677.9660346
20223,1123001779,6,3,3,0,0,1,2,2,1,0,0,1,0,1,1,0,0,0,2,1,0,2915.40789666
20223,1123001780,50,37,13,0,3,9,17,15,6,0,1,6,13,13,4,0,2,3,4,2,2,7472.38544568
20223,1123001782,35,24,11,0,3,3,4,17,8,0,1,1,3,13,6,0,2,2,1,4,2,7896.5910533
20223,1123001784,29,20,9,0,0,4,9,12,4,0,0,4,5,8,3,0,0,0,4,4,1,28284.9379399
20223,1123001785,21,15,6,0,3,1,4,8,5,0,2,1,3,4,5,0,1,0,1,4,0,8923.63552952
20223,1123001786,14,8,6,0,3,5,3,3,0,0,1,3,2,2,0,0,2,2,1,1,0,4933.04247039
20223,1123001788,3,1,2,0,0,0,0,1,2,0,0,0,0,0,1,0,0,0,0,1,1,3354.96691417
20223,1123001790,222,216,6,0,0,2,24,88,108,0,0,1,22,87,106,0,0,1,2,1,2,6949.65081213
20223,1123001791,4,2,2,0,0,0,3,1,0,0,0,0,2,0,0,0,0,0,1,1,0,2909.24675782
20223,1123001793,12,0,12,0,0,4,5,1,2,0,0,0,0,0,0,0,0,4,5,1,2,1359.01102341
20223,1123001794,35,9,26,0,1,1,2,7,24,0,0,0,1,1,7,0,1,1,1,6,17,8827.21551829
20223,1123001795,13,10,3,0,0,0,3,5,5,0,0,0,3,4,3,0,0,0,0,1,2,11121.5233736
20223,1123001796,13,9,4,0,2,4,2,2,3,0,1,3,2,1,2,0,1,1,0,1,1,1051.54566169
20223,1123001797,14,6,8,0,0,5,7,2,0,0,0,2,3,1,0,0,0,3,4,1,0,4748.95147149
20223,1123001799,113,56,57,0,24,49,19,10,11,0,9,29,6,5,7,0,15,20,13,5,4,6519.11709223
20223,1123001800,25,8,17,0,1,6,6,10,2,0,1,2,3,2,0,0,0,4,3,8,2,5864.04942963
20223,1123001802,43,33,10,0,4,9,7,11,12,0,2,5,6,8,12,0,2,4,1,3,0,4983.96641971
20223,1123001803,90,85,5,0,0,4,12,28,46,0,0,3,10,28,44,0,0,1,2,0,2,4187.58088906
20223,1123001804,7,5,2,0,1,2,3,1,0,0,1,2,2,0,0,0,0,0,1,1,0,6604.14337509
20223,1123001805,8,2,6,0,1,3,4,0,0,0,0,0,2,0,0,0,1,3,2,0,0,14862.3520205
20223,1123001808,3,2,1,0,0,0,1,1,1,0,0,0,0,1,1,0,0,0,1,0,0,2977.21670631
20223,1123001810,5,3,2,0,1,0,1,3,0,0,1,0,1,1,0,0,0,0,0,2,0,4445.49689001
20223,1123001812,184,120,64,1,29,55,40,40,19,0,13,44,28,19,16,1,16,11,12,21,3,5745.42206838
20223,1123001814,9,6,3,0,0,1,5,3,0,0,0,1,3,2,0,0,0,0,2,1,0,2557.57993975
20223,1123001816,1,0,1,0,0,1,0,0,0,0,0,0,0,0,0,0,0,1,0,0,0,9384.3475861
20223,1123001819,21,18,3,0,3,8,5,3,2,0,2,6,5,3,2,0,1,2,0,0,0,1904.36639678
20223,1123001822,9,6,3,0,0,1,3,4,1,0,0,1,2,3,0,0,0,0,1,1,1,5127.23001287
20223,1123001824,3,3,0,0,1,0,0,2,0,0,1,0,0,2,0,0,0,0,0,0,0,3710.02490604
20223,1123001827,2,2,0,0,0,0,0,1,1,0,0,0,0,1,1,0,0,0,0,0,0,2452.77132621
20223,1123001829,10,3,7,0,2,3,3,2,0,0,0,1,1,1,0,0,2,2,2,1,0,2538.48517068
20223,1123001831,140,51,89,1,18,35,45,34,7,1,6,23,14,5,2,0,12,12,31,29,5,13598.1602686
20223,1123001847,23,18,5,1,4,3,6,6,3,0,4,3,3,5,3,1,0,0,3,1,0,5390.73527039
20223,1123001849,35,26,9,0,3,6,9,12,5,0,3,5,6,8,4,0,0,1,3,4,1,15884.2258296
20223,1123001853,41,34,7,0,2,2,7,15,15,0,0,2,6,11,15,0,2,0,1,4,0,3521.82595606
20223,1123001857,121,94,27,0,25,27,35,22,12,0,22,20,25,17,10,0,3,7,10,5,2,6295.81292237
20223,1123001859,8,8,0,0,1,1,5,1,0,0,1,1,5,1,0,0,0,0,0,0,0,1491.61008874
20223,1123001864,47,27,20,0,8,15,6,9,9,0,5,8,5,3,6,0,3,7,1,6,3,19668.2728815
20223,1123001869,4,3,1,0,0,2,1,0,1,0,0,1,1,0,1,0,0,1,0,0,0,5910.88547042
20223,1123001876,21,7,14,0,2,1,7,6,5,0,1,0,1,2,3,0,1,1,6,4,2,12264.955188
20223,1123001878,3,2,1,0,0,0,2,1,0,0,0,0,1,1,0,0,0,0,1,0,0,4265.14826027
20223,1123001885,39,16,23,0,6,12,6,9,6,0,3,5,1,6,1,0,3,7,5,3,5,3511.67954615
20223,1123001894,6,4,2,0,0,0,2,4,0,0,0,0,2,2,0,0,0,0,0,2,0,10382.5596797
20223,1123001898,13,3,10,0,2,3,4,1,3,0,0,0,2,0,1,0,2,3,2,1,2,10202.9924044
20223,1123001904,7,5,2,0,0,2,1,2,2,0,0,2,1,1,1,0,0,0,0,1,1,5919.14861411
20223,1123001907,3,2,1,0,1,0,1,1,0,0,0,0,1,1,0,0,1,0,0,0,0,2825.53634447
20223,1123001908,18,15,3,0,0,1,7,6,4,0,0,0,5,6,4,0,0,1,2,0,0,1786.3873178
20223,1123001909,4,3,1,0,0,0,0,2,2,0,0,0,0,1,2,0,0,0,0,1,0,1326.48799967
20223,1123001918,47,32,15,0,8,20,13,6,0,0,6,12,9,5,0,0,2,8,4,1,0,3609.02175634
20223,1123001924,2,2,0,0,0,0,0,1,1,0,0,0,0,1,1,0,0,0,0,0,0,2746.53735723
20223,1123001930,19,15,4,0,0,3,12,2,2,0,0,2,11,1,1,0,0,1,1,1,1,1972.12600563
20223,1123001935,7,3,4,0,1,0,2,3,1,0,0,0,1,1,1,0,1,0,1,2,0,16835.9273328
20223,1123001939,2,1,1,0,0,1,1,0,0,0,0,1,0,0,0,0,0,0,1,0,0,2390.50075085
20223,1123001940,85,19,66,0,5,5,11,23,41,0,5,1,9,3,1,0,0,4,2,20,40,1322.5410897
20223,1123001941,10,7,3,0,3,5,1,1,0,0,2,3,1,1,0,0,1,2,0,0,0,1211.01319982
20223,1123001944,7,1,6,0,0,1,2,4,0,0,0,0,0,1,0,0,0,1,2,3,0,4627.34944165
20223,1123001947,8,7,1,0,0,1,4,2,1,0,0,1,4,1,1,0,0,0,0,1,0,2646.56892023
20223,1123001957,3,0,3,0,1,0,1,0,1,0,0,0,0,0,0,0,1,0,1,0,1,2612.62853264
20223,1123001958,3,0,3,0,0,0,0,2,1,0,0,0,0,0,0,0,0,0,0,2,1,5223.47490317
20223,1123001965,5,3,2,0,1,0,1,2,1,0,0,0,1,1,1,0,1,0,0,1,0,2944.25809345
20223,1123001966,11,5,6,0,2,4,2,1,2,0,1,2,0,1,1,0,1,2,2,0,1,2149.47353253
20223,1123001973,14,0,14,0,1,3,3,4,3,0,0,0,0,0,0,0,1,3,3,4,3,4827.13451998
20223,1123001984,32,17,15,0,15,4,7,3,3,0,6,3,4,1,3,0,9,1,3,2,0,6624.73440979
20223,1123001986,10,4,6,0,1,0,5,0,4,0,1,0,0,0,3,0,0,0,5,0,1,2525.93626494
20223,1123001987,2,2,0,0,0,1,0,0,1,0,0,1,0,0,1,0,0,0,0,0,0,3663.45874161
20223,1123001990,9,3,6,0,0,2,2,2,3,0,0,2,1,0,0,0,0,0,1,2,3,4991.96970388
20223,1123001991,4,3,1,0,0,0,2,2,0,0,0,0,2,1,0,0,0,0,0,1,0,2957.58181393
20223,1123001992,440,323,117,1,52,73,136,142,36,0,34,47,100,115,27,1,18,26,36,27,9,2659.19958978
20223,1123001993,4,3,1,0,1,1,1,0,1,0,1,1,1,0,0,0,0,0,0,0,1,732.657724252
20223,1123001994,31,11,20,0,6,7,3,10,5,0,0,3,0,3,5,0,6,4,3,7,0,9181.08458714
20223,1123001999,4,2,2,0,0,1,0,3,0,0,0,0,0,2,0,0,0,1,0,1,0,5188.80815538
20223,1123002000,2,1,1,0,0,0,0,2,0,0,0,0,0,1,0,0,0,0,0,1,0,2839.57107339
20223,1123002004,2,0,2,0,0,0,0,1,1,0,0,0,0,0,0,0,0,0,0,1,1,3090.53973316
20223,1123002006,3,2,1,0,0,1,1,1,0,0,0,1,1,0,0,0,0,0,0,1,0,5106.74938669
20223,1123002009,2,0,2,0,0,0,1,1,0,0,0,0,0,0,0,0,0,0,1,1,0,3389.01848664
20223,1123002011,11,8,3,0,3,0,2,1,5,0,2,0,1,1,4,0,1,0,1,0,1,5210.0495317
20223,1123002014,8,6,2,0,0,1,6,0,1,0,0,1,4,0,1,0,0,0,2,0,0,4830.5152482
20223,1123002018,140,91,49,0,8,18,22,41,51,0,7,18,19,22,25,0,1,0,3,19,26,970.851822096
20223,1123002019,3,3,0,0,1,0,1,1,0,0,1,0,1,1,0,0,0,0,0,0,0,1411.74946427
20223,1123002021,4,2,2,0,0,1,1,2,0,0,0,0,0,2,0,0,0,1,1,0,0,3880.10666176
20223,1123002023,4,2,2,0,0,0,0,3,1,0,0,0,0,2,0,0,0,0,0,1,1,2546.96203805
20223,1123002027,5,5,0,0,1,2,2,0,0,0,1,2,2,0,0,0,0,0,0,0,0,1900.110492
20223,1123002036,2,2,0,0,0,0,1,1,0,0,0,0,1,1,0,0,0,0,0,0,0,3863.14836129
20223,1123002037,12,3,9,0,0,4,5,1,2,0,0,2,0,1,0,0,0,2,5,0,2,2698.79656527
20223,1123002043,18,15,3,0,2,2,5,5,4,0,2,2,3,4,4,0,0,0,2,1,0,2092.60410656
20223,1123002048,4,0,4,0,0,0,2,2,0,0,0,0,0,0,0,0,0,0,2,2,0,3539.71342265
20223,1123002056,3,1,2,0,1,0,1,0,1,0,0,0,0,0,1,0,1,0,1,0,0,5004.34740564
20223,1123002061,6,5,1,0,0,1,2,2,1,0,0,0,2,2,1,0,0,1,0,0,0,2221.79576457
20223,1123002064,29,9,20,0,3,9,7,8,2,0,1,3,1,2,2,0,2,6,6,6,0,1401.43957703
20223,1123002066,2,0,2,0,0,0,1,0,1,0,0,0,0,0,0,0,0,0,1,0,1,3561.66451619
20223,1123002070,9,6,3,0,2,1,2,2,2,0,2,1,1,1,1,0,0,0,1,1,1,3039.62631581
20223,1123002072,14,10,4,0,0,5,2,3,4,0,0,3,1,2,4,0,0,2,1,1,0,2242.76260131
20223,1123002074,4,1,3,0,0,0,0,3,1,0,0,0,0,1,0,0,0,0,0,2,1,2312.74095862
20223,1123002076,6,4,2,0,2,3,1,0,0,0,0,3,1,0,0,0,2,0,0,0,0,2454.79125138
20223,1123002078,8,3,5,0,1,0,4,1,2,0,0,0,2,0,1,0,1,0,2,1,1,13384.042897
20223,1123002082,2,1,1,0,0,1,0,0,1,0,0,1,0,0,0,0,0,0,0,0,1,1643.38839658
20223,1123002091,27,14,13,0,1,4,10,6,6,0,0,2,7,1,4,0,1,2,3,5,2,189650.855414
20223,1123002092,18,12,6,0,1,3,5,6,3,0,1,2,3,5,1,0,0,1,2,1,2,2870.71374496
20223,1123002095,14,4,10,0,3,2,4,3,2,0,1,0,0,1,2,0,2,2,4,2,0,26205.3453911
20223,1123002099,2,1,1,0,0,0,0,1,1,0,0,0,0,0,1,0,0,0,0,1,0,2225.95049321
20223,1123002102,1,0,1,0,0,1,0,0,0,0,0,0,0,0,0,0,0,1,0,0,0,1058.83492936
20223,1123002106,2,1,1,0,0,0,2,0,0,0,0,0,1,0,0,0,0,0,1,0,0,1729.18324543
20223,1123002110,8,7,1,0,0,3,1,4,0,0,0,3,1,3,0,0,0,0,0,1,0,4444.17989109
20223,1123002112,10,7,3,0,0,1,2,6,1,0,0,0,2,4,1,0,0,1,0,2,0,15684.4861607
20223,1123002117,28,14,14,0,1,5,11,10,1,0,0,3,4,6,1,0,1,2,7,4,0,5186.12357986
20223,1123002121,14,4,10,0,2,7,3,2,0,0,0,2,0,2,0,0,2,5,3,0,0,2346.17358884
20223,1123002126,664,359,305,1,62,131,186,167,117,0,26,74,88,93,78,1,36,57,98,74,39,4292.3381603
20223,1123002137,6,3,3,0,0,0,3,1,2,0,0,0,2,0,1,0,0,0,1,1,1,7388.25522622
20223,1123002138,146,95,51,0,27,42,40,24,13,0,10,26,28,20,11,0,17,16,12,4,2,10821.3304508
20223,1123002140,599,420,179,0,51,130,176,140,102,0,34,88,128,97,73,0,17,42,48,43,29,1806.47154327
20223,1123002143,3,3,0,0,0,1,0,1,1,0,0,1,0,1,1,0,0,0,0,0,0,2788.7430648
20223,1123002147,13,10,3,0,4,0,5,3,1,0,3,0,4,2,1,0,1,0,1,1,0,2812.86100703
20223,1123002149,131,77,54,0,24,35,20,29,23,0,16,26,15,9,11,0,8,9,5,20,12,1077.17964895
20223,1123002154,23,17,6,0,6,10,3,3,1,0,4,9,3,1,0,0,2,1,0,2,1,1062.3166324
20223,1123002155,5,4,1,0,0,1,1,2,1,0,0,1,1,1,1,0,0,0,0,1,0,2775.26012818
20223,1123002156,49,8,41,0,0,9,14,17,9,0,0,3,1,0,4,0,0,6,13,17,5,5600.48497582
20223,1123002158,7,4,3,0,0,0,4,3,0,0,0,0,3,1,0,0,0,0,1,2,0,3268.57726876
20223,1123002159,10,3,7,0,1,1,2,2,4,0,0,0,1,1,1,0,1,1,1,1,3,8732.50187672
20223,1123002160,169,34,135,0,6,9,33,72,49,0,3,3,9,7,12,0,3,6,24,65,37,5820.05613738
20223,1123002162,18,5,13,0,1,2,5,5,5,0,0,0,1,2,2,0,1,2,4,3,3,4503.00374877
20223,1123002166,4,3,1,0,0,0,0,0,4,0,0,0,0,0,3,0,0,0,0,0,1,4374.58570695
20223,1123002171,3,0,3,0,0,1,2,0,0,0,0,0,0,0,0,0,0,1,2,0,0,4935.77759267
20223,1123002173,70,33,37,0,8,17,10,19,16,0,1,5,4,10,13,0,7,12,6,9,3,4747.74478704
20223,1123002174,26,3,23,0,4,7,7,7,1,0,1,2,0,0,0,0,3,5,7,7,1,2632.94803202
20223,1123002175,11,10,1,0,3,2,6,0,0,0,3,2,5,0,0,0,0,0,1,0,0,4021.82257158
20223,1123002178,2,1,1,0,0,0,2,0,0,0,0,0,1,0,0,0,0,0,1,0,0,2490.52703263
20223,1123002179,9,6,3,0,1,1,1,5,1,0,1,0,1,3,1,0,0,1,0,2,0,4191.7694339
20223,1123002180,19,7,12,0,0,6,9,3,1,0,0,2,4,0,1,0,0,4,5,3,0,5056.23016698
20223,1123002183,88,11,77,0,7,28,28,21,4,0,2,2,3,2,2,0,5,26,25,19,2,16977.1701846
20223,1123002186,2,1,1,0,0,0,0,2,0,0,0,0,0,1,0,0,0,0,0,1,0,637.874780302
20223,1123002190,150,55,95,1,26,38,48,33,4,1,10,12,16,14,2,0,16,26,32,19,2,6912.98431199
20223,1123002191,2,1,1,0,0,0,0,1,1,0,0,0,0,0,1,0,0,0,0,1,0,4523.1297816
20223,1123002198,9,4,5,0,0,0,5,2,2,0,0,0,1,1,2,0,0,0,4,1,0,3443.34547656
20223,1123002199,2,0,2,0,1,0,1,0,0,0,0,0,0,0,0,0,1,0,1,0,0,2459.30964445
20223,1123002201,3,2,1,0,0,0,1,2,0,0,0,0,1,1,0,0,0,0,0,1,0,2464.20029723
20223,1123002204,24,10,14,0,2,6,4,6,6,0,0,4,2,0,4,0,2,2,2,6,2,1491.48814953
20223,1123002207,66,11,55,0,8,8,21,25,4,0,2,0,3,4,2,0,6,8,18,21,2,20535.5716621
20223,1123002209,23,6,17,0,3,2,6,8,4,0,1,2,1,0,2,0,2,0,5,8,2,13140.2743558
20223,1123002210,2,2,0,0,0,0,1,0,1,0,0,0,1,0,1,0,0,0,0,0,0,3223.23791026
20223,1123002215,5,2,3,0,0,1,3,1,0,0,0,0,2,0,0,0,0,1,1,1,0,3490.69604892
20223,1123002218,2,2,0,0,0,0,0,0,2,0,0,0,0,0,2,0,0,0,0,0,0,6562.4026054
20223,1123002220,54,21,33,0,15,17,11,5,6,0,1,3,8,4,5,0,14,14,3,1,1,16768.3859252
20223,1123002222,132,83,49,0,22,16,24,48,22,0,14,8,15,30,16,0,8,8,9,18,6,5179.10626493
20223,1123002224,1,1,0,0,0,0,0,1,0,0,0,0,0,1,0,0,0,0,0,0,0,5155.47349608
20223,1123002227,55,31,24,0,0,3,21,25,6,0,0,1,9,17,4,0,0,2,12,8,2,4133.41379771
20223,1123002229,29,6,23,0,0,6,10,11,2,0,0,1,2,1,2,0,0,5,8,10,0,25744.5218007
20223,1123002232,56,13,43,0,7,19,15,14,1,0,1,5,3,3,1,0,6,14,12,11,0,20769.5395934
20223,1123002235,349,138,211,2,87,67,59,92,42,0,20,40,37,19,22,2,67,27,22,73,20,4026.98877548
20223,1123002239,13,8,5,0,0,1,4,3,5,0,0,0,2,3,3,0,0,1,2,0,2,2505.9275616
20223,1123002241,917,558,359,0,89,219,256,253,100,0,40,72,162,195,89,0,49,147,94,58,11,264120.405593
20223,1123002242,12,8,4,0,0,6,3,3,0,0,0,4,2,2,0,0,0,2,1,1,0,3622.2253219
20223,1123002243,27,20,7,0,2,3,5,7,10,0,2,2,5,5,6,0,0,1,0,2,4,6707.2140141
20223,1123002244,33,18,15,0,5,8,8,9,3,0,0,3,4,9,2,0,5,5,4,0,1,5366.84284805
20223,1123002246,14,13,1,0,0,0,2,6,6,0,0,0,2,6,5,0,0,0,0,0,1,3571.80590865
20223,1123002247,68,27,41,0,13,24,14,9,8,0,2,9,6,5,5,0,11,15,8,4,3,3412.74802572
20223,1123002248,220,83,137,0,10,12,52,97,49,0,6,5,21,34,17,0,4,7,31,63,32,4472.11898723
20223,1123002249,46,24,22,0,2,6,10,5,23,0,1,2,5,2,14,0,1,4,5,3,9,6566.48065377
20223,1123002250,45,28,17,0,4,1,9,13,18,0,2,0,4,11,11,0,2,1,5,2,7,3517.35178291
20223,1123002251,40,21,19,0,9,4,6,8,13,0,1,2,5,6,7,0,8,2,1,2,6,7174.54945447
20223,1123002253,38,30,8,0,3,8,12,7,8,0,2,6,9,7,6,0,1,2,3,0,2,4171.19225771
20223,1123002254,12,7,5,0,0,3,2,2,5,0,0,1,2,1,3,0,0,2,0,1,2,7304.62080241
20223,1123002257,583,464,119,0,23,75,116,111,258,0,17,64,107,92,184,0,6,11,9,19,74,4505.1525303
20223,1123002262,42,15,27,0,7,12,13,5,5,0,0,3,8,1,3,0,7,9,5,4,2,6922.57938222
20223,1123002263,23,12,11,0,0,3,6,2,12,0,0,0,3,2,7,0,0,3,3,0,5,6290.75318039
20223,1123002265,3,2,1,0,0,0,1,0,2,0,0,0,0,0,2,0,0,0,1,0,0,1874.69934541
20223,1123002266,3,2,1,0,0,0,0,2,1,0,0,0,0,2,0,0,0,0,0,0,1,1316.81873043
20223,1123002267,12,6,6,0,3,2,0,3,4,0,0,0,0,3,3,0,3,2,0,0,1,11343.4469245
20223,1123002270,5,4,1,0,0,0,2,2,1,0,0,0,2,1,1,0,0,0,0,1,0,680.022418855
20223,1123002272,5,3,2,0,0,0,1,2,2,0,0,0,1,0,2,0,0,0,0,2,0,2539.19443165
20223,1123002274,144,83,61,1,27,44,27,26,19,0,4,23,21,21,14,1,23,21,6,5,5,6450.61661385
20223,1123002276,22,11,11,0,1,6,7,3,5,0,0,3,5,1,2,0,1,3,2,2,3,6759.87866561
20223,1123002279,6,3,3,0,0,0,2,2,2,0,0,0,0,1,2,0,0,0,2,1,0,7141.81428832
20223,1123002281,7,6,1,0,1,2,1,3,0,0,1,1,1,3,0,0,0,1,0,0,0,1074.11712513
20223,1123002282,1,1,0,0,1,0,0,0,0,0,1,0,0,0,0,0,0,0,0,0,0,1740.97410592
20223,1123002283,4,3,1,0,0,1,1,2,0,0,0,1,1,1,0,0,0,0,0,1,0,1532.81553405
20223,1123002286,2,2,0,0,0,0,0,1,1,0,0,0,0,1,1,0,0,0,0,0,0,923.55901947
20223,1123002288,3,2,1,0,0,2,0,0,1,0,0,1,0,0,1,0,0,1,0,0,0,2666.28772958
20223,1123002290,8,5,3,0,0,0,1,5,2,0,0,0,0,3,2,0,0,0,1,2,0,5663.67935415
20223,1123002291,53,27,26,2,6,12,13,15,5,0,3,12,6,4,2,2,3,0,7,11,3,1857.36362904
20223,1123002292,6,6,0,0,0,1,2,0,3,0,0,1,2,0,3,0,0,0,0,0,0,5095.5741118
20223,1123002298,13,9,4,0,3,9,1,0,0,0,3,5,1,0,0,0,0,4,0,0,0,1788.32139912
20223,1123002300,24,13,11,0,0,4,4,7,9,0,0,2,2,3,6,0,0,2,2,4,3,5551.81187853
20223,1123002301,4,4,0,0,0,0,0,2,2,0,0,0,0,2,2,0,0,0,0,0,0,5556.88182803
20223,1123002303,3,1,2,0,0,1,0,1,1,0,0,0,0,0,1,0,0,1,0,1,0,1968.87547387
20223,1123002304,209,92,117,0,42,68,44,25,30,0,3,19,25,16,29,0,39,49,19,9,1,4136.59020888
20223,1123002311,7,6,1,0,0,0,1,4,2,0,0,0,1,3,2,0,0,0,0,1,0,2692.41951674
20223,1123002312,11,8,3,0,2,0,2,4,3,0,2,0,0,4,2,0,0,0,2,0,1,4527.89056143
20223,1123002313,3,2,1,0,0,0,0,1,2,0,0,0,0,1,1,0,0,0,0,0,1,6984.39564968
20223,1123002314,2,1,1,0,0,0,0,1,1,0,0,0,0,1,0,0,0,0,0,0,1,3617.12360981
20223,1123002315,30,3,27,0,0,3,2,19,6,0,0,1,0,1,1,0,0,2,2,18,5,3189.24692818
20223,1123002316,2,2,0,0,0,0,2,0,0,0,0,0,2,0,0,0,0,0,0,0,0,1090.98235375
20223,1123002321,6,1,5,0,1,1,1,2,1,0,0,0,0,0,1,0,1,1,1,2,0,3434.18195563
20223,1123002326,31,23,8,0,3,10,8,6,4,0,1,6,7,5,4,0,2,4,1,1,0,9551.84924255
20223,1123002327,4,2,2,0,0,0,0,1,3,0,0,0,0,1,1,0,0,0,0,0,2,3611.62367222
20223,1123002328,579,384,195,1,156,277,142,2,1,0,64,193,124,2,1,1,92,84,18,0,0,8105.10463962
20223,1123002330,7,6,1,0,0,1,3,1,2,0,0,1,3,1,1,0,0,0,0,0,1,4794.39141547
20223,1123002332,19,12,7,0,2,4,2,5,6,0,2,2,1,3,4,0,0,2,1,2,2,5008.30370071
20223,1123002333,2,1,1,0,1,0,0,1,0,0,1,0,0,0,0,0,0,0,0,1,0,1544.57627638
20223,1123002334,28,11,17,0,2,2,3,14,7,0,2,1,0,3,5,0,0,1,3,11,2,3360.12192372
20223,1123002335,3,2,1,0,0,0,1,1,1,0,0,0,0,1,1,0,0,0,1,0,0,2991.9522189
20223,1123002340,582,300,282,3,179,249,105,45,1,1,82,132,49,35,1,2,97,117,56,10,0,4844.07531438
20223,1123002341,55,14,41,0,8,15,17,11,4,0,3,3,3,1,4,0,5,12,14,10,0,16193.3263142
20223,1123002343,2,1,1,0,0,1,1,0,0,0,0,0,1,0,0,0,0,1,0,0,0,1511.35400755
20223,1123002345,104,75,29,0,13,31,37,11,12,0,7,26,29,8,5,0,6,5,8,3,7,3137.59640447
20223,1123002348,2,2,0,0,0,0,0,1,1,0,0,0,0,1,1,0,0,0,0,0,0,2043.68568529
20223,1123002351,52,17,35,0,1,0,14,30,7,0,0,0,6,6,5,0,1,0,8,24,2,2120.67131279
20223,1123002352,3,2,1,0,0,1,2,0,0,0,0,1,1,0,0,0,0,0,1,0,0,1209.85285074
20223,1123002353,9,6,3,0,0,0,0,5,4,0,0,0,0,3,3,0,0,0,0,2,1,4499.28234407
20223,1123002354,2,0,2,0,0,0,0,2,0,0,0,0,0,0,0,0,0,0,0,2,0,1737.93589134
20223,1123002358,18,11,7,0,1,3,6,6,2,0,1,1,4,3,2,0,0,2,2,3,0,2912.30757317
20223,1123002359,49,5,44,0,12,11,11,14,1,0,1,2,1,1,0,0,11,9,10,13,1,17341.5030527
20223,1123002360,120,70,50,0,15,27,24,39,15,0,11,20,18,16,5,0,4,7,6,23,10,4894.46703079
20223,1123002361,4,4,0,0,0,0,0,2,2,0,0,0,0,2,2,0,0,0,0,0,0,1614.26543567
20223,1123002362,13,8,5,0,4,1,4,3,1,0,2,1,2,2,1,0,2,0,2,1,0,4788.69494573
20223,1123002363,3,1,2,0,0,0,0,2,1,0,0,0,0,1,0,0,0,0,0,1,1,1850.30512168
20223,1123002365,25,19,6,0,6,3,9,5,2,0,4,3,7,3,2,0,2,0,2,2,0,4822.82214585
20223,1123002367,12,5,7,0,1,0,6,4,1,0,0,0,4,1,0,0,1,0,2,3,1,5047.00025452
20223,1123002368,2,2,0,0,0,0,1,1,0,0,0,0,1,1,0,0,0,0,0,0,0,3987.13698327
20223,1123002369,2,2,0,0,0,2,0,0,0,0,0,2,0,0,0,0,0,0,0,0,0,1163.20300487
20223,1123002372,4,4,0,0,0,1,1,1,1,0,0,1,1,1,1,0,0,0,0,0,0,1012.48171616
20223,1123002374,13,7,6,0,0,0,2,7,4,0,0,0,0,4,3,0,0,0,2,3,1,4366.4474611
20223,1123002379,36,31,5,0,2,4,2,9,19,0,0,4,1,8,18,0,2,0,1,1,1,11334.9830522
20223,1123002380,41,27,14,0,5,10,9,12,5,0,2,8,4,9,4,0,3,2,5,3,1,6193.59377387
20223,1123002382,29,15,14,0,1,8,10,6,4,0,0,5,6,3,1,0,1,3,4,3,3,4402.09264046
20223,1123002385,6,3,3,0,0,3,1,2,0,0,0,1,1,1,0,0,0,2,0,1,0,3269.75525522
20223,1123002386,3,3,0,0,0,1,0,2,0,0,0,1,0,2,0,0,0,0,0,0,0,1483.74198814
20223,1123002387,41,22,19,0,5,10,14,7,5,0,3,4,6,5,4,0,2,6,8,2,1,9483.39448294
20223,1123002388,9,6,3,0,0,0,2,4,3,0,0,0,1,3,2,0,0,0,1,1,1,3319.92875618
20223,1123002390,26,18,8,0,4,6,7,6,3,0,3,4,4,5,2,0,1,2,3,1,1,2716.47116399
20223,1123002392,8,7,1,0,0,0,2,4,2,0,0,0,2,3,2,0,0,0,0,1,0,6124.54651913
20223,1123002393,3,3,0,0,0,0,0,2,1,0,0,0,0,2,1,0,0,0,0,0,0,5701.47397597
20223,1123002394,4,3,1,0,0,0,1,3,0,0,0,0,1,2,0,0,0,0,0,1,0,2626.38319737
20223,1123002395,2,2,0,0,0,0,2,0,0,0,0,0,2,0,0,0,0,0,0,0,0,4594.25587329
20223,1123002401,2,1,1,0,0,0,0,1,1,0,0,0,0,0,1,0,0,0,0,1,0,1058.91228679
20223,1123002403,2,2,0,0,0,1,0,0,1,0,0,1,0,0,1,0,0,0,0,0,0,1549.284005
20223,1123002404,6,5,1,0,0,0,1,5,0,0,0,0,1,4,0,0,0,0,0,1,0,3479.13120395
20223,1123002405,2,2,0,1,0,0,0,1,0,1,0,0,0,1,0,0,0,0,0,0,0,2106.21908255
20223,1123002406,5,2,3,0,2,0,2,0,1,0,1,0,0,0,1,0,1,0,2,0,0,4386.64720564
20223,1123002407,17,12,5,0,3,3,7,4,0,0,2,2,6,2,0,0,1,1,1,2,0,2975.2159031
20223,1123002409,6,3,3,0,0,0,2,0,4,0,0,0,1,0,2,0,0,0,1,0,2,2822.09873085
20223,1123002410,2,1,1,0,0,0,1,0,1,0,0,0,1,0,0,0,0,0,0,0,1,6012.36030651
20223,1123002412,5,2,3,0,0,1,2,2,0,0,0,0,1,1,0,0,0,1,1,1,0,872.237863966
20223,1123002417,218,146,72,0,24,43,56,55,40,0,11,33,37,36,29,0,13,10,19,19,11,4639.88905157
20223,1123002418,5,0,5,0,0,0,1,3,1,0,0,0,0,0,0,0,0,0,1,3,1,1213.57278641
20223,1123002419,21,16,5,0,6,5,3,5,2,0,3,5,3,3,2,0,3,0,0,2,0,2466.30164489
20223,1123002422,29,21,8,0,9,9,1,9,1,0,8,5,1,6,1,0,1,4,0,3,0,5463.57178712
20223,1123002423,2,1,1,0,0,0,0,0,2,0,0,0,0,0,1,0,0,0,0,0,1,3874.95893226
20223,1123002424,15,7,8,0,1,9,3,0,2,0,1,3,2,0,1,0,0,6,1,0,1,1624.32393773
20223,1123002429,2,1,1,0,1,0,0,1,0,0,1,0,0,0,0,0,0,0,0,1,0,3171.77296686
20223,1123002430,7,5,2,0,0,1,2,4,0,0,0,1,1,3,0,0,0,0,1,1,0,1099.48313509
20223,1123002433,5,4,1,0,1,2,2,0,0,0,1,2,1,0,0,0,0,0,1,0,0,5130.40644399
20223,1123002434,24,17,7,0,0,0,12,7,5,0,0,0,9,5,3,0,0,0,3,2,2,5237.79948596
20223,1123002435,8,0,8,0,2,0,3,3,0,0,0,0,0,0,0,0,2,0,3,3,0,1498.45916254
20223,1123002440,4,2,2,0,1,0,1,1,1,0,0,0,1,0,1,0,1,0,0,1,0,1820.12008515
20223,1123002442,35,10,25,0,9,7,7,7,5,0,0,4,4,1,1,0,9,3,3,6,4,7620.53064753
20223,1123002445,32,9,23,0,2,10,5,5,10,0,0,1,5,1,2,0,2,9,0,4,8,3643.97908972
20223,1123002449,12,10,2,0,0,0,4,5,3,0,0,0,4,4,2,0,0,0,0,1,1,1637.41295732
20223,1123002450,93,46,47,1,9,15,26,31,11,0,5,7,8,16,10,1,4,8,18,15,1,8693.4001718
20223,1123002451,2,2,0,0,0,1,0,1,0,0,0,1,0,1,0,0,0,0,0,0,0,25580.1575984
20223,1123002452,17,13,4,0,1,4,1,8,3,0,1,2,1,7,2,0,0,2,0,1,1,2091.21336345
20223,1123002453,17,10,7,0,0,6,6,3,2,0,0,5,3,1,1,0,0,1,3,2,1,2457.9287146
20223,1123002454,38,33,5,0,1,14,12,10,1,0,1,11,10,10,1,0,0,3,2,0,0,2569.66618771
20223,1123002456,5,1,4,0,3,1,0,1,0,0,0,0,0,1,0,0,3,1,0,0,0,3951.77681175
20223,1123002457,48,29,19,0,1,3,7,6,31,0,0,3,2,2,22,0,1,0,5,4,9,5512.94256361
20223,1123002463,12,8,4,0,2,3,4,3,0,0,1,3,1,3,0,0,1,0,3,0,0,1523.82829576
20223,1123002464,7,5,2,0,0,1,4,2,0,0,0,1,3,1,0,0,0,0,1,1,0,5197.6500563
20223,1123002465,2,1,1,0,1,0,0,0,1,0,0,0,0,0,1,0,1,0,0,0,0,705.889362071
20223,1123002472,8,5,3,0,2,3,1,2,0,0,0,3,1,1,0,0,2,0,0,1,0,2905.04995382
20223,1123002475,10,7,3,0,0,1,1,3,5,0,0,1,1,1,4,0,0,0,0,2,1,5663.62654563
20223,1123002476,10,6,4,0,0,0,4,6,0,0,0,0,2,4,0,0,0,0,2,2,0,5499.72654896
20223,1123002478,12,9,3,0,0,1,2,7,2,0,0,0,1,6,2,0,0,1,1,1,0,1990.85372177
20223,1123002481,58,34,24,0,3,7,5,10,33,0,2,6,4,5,17,0,1,1,1,5,16,4628.88604209
20223,1123002485,14,8,6,0,8,0,2,4,0,0,6,0,0,2,0,0,2,0,2,2,0,4853.07922671
20223,1123002487,5,1,4,0,1,1,1,2,0,0,0,0,0,1,0,0,1,1,1,1,0,4611.10094684
20223,1123002489,2,1,1,0,0,0,0,0,2,0,0,0,0,0,1,0,0,0,0,0,1,7850.86244173
20223,1123002491,3,2,1,0,0,0,3,0,0,0,0,0,2,0,0,0,0,0,1,0,0,10097.4603887
20223,1123002494,15,12,3,0,2,4,4,1,4,0,2,4,2,1,3,0,0,0,2,0,1,4066.33760414
20223,1123002495,2,1,1,0,0,2,0,0,0,0,0,1,0,0,0,0,0,1,0,0,0,1145.19459214
20223,1123002498,53,21,32,0,0,2,11,36,4,0,0,1,6,11,3,0,0,1,5,25,1,6402.8538519
20223,1123002501,3,0,3,0,0,2,1,0,0,0,0,0,0,0,0,0,0,2,1,0,0,2280.57526831
20223,1123002502,2,1,1,0,0,0,0,2,0,0,0,0,0,1,0,0,0,0,0,1,0,3705.71252493
20223,1123002503,8,6,2,0,1,3,3,1,0,0,1,2,2,1,0,0,0,1,1,0,0,2292.53695395
20223,1123002509,2,2,0,0,0,0,1,1,0,0,0,0,1,1,0,0,0,0,0,0,0,6278.93086133
20223,1123002510,32,11,21,0,0,6,18,5,3,0,0,3,3,2,3,0,0,3,15,3,0,4955.8233255
20223,1123002513,66,12,54,0,8,19,21,14,4,0,1,2,2,3,4,0,7,17,19,11,0,13354.7864847
20223,1123002514,4,4,0,0,0,0,0,3,1,0,0,0,0,3,1,0,0,0,0,0,0,6745.76887548
20223,1123002515,4,4,0,0,0,1,0,0,3,0,0,1,0,0,3,0,0,0,0,0,0,3045.27256202
20223,1123002519,24,21,3,0,0,5,9,3,7,0,0,5,7,3,6,0,0,0,2,0,1,3643.99151507
20223,1123002520,2,1,1,0,0,0,1,1,0,0,0,0,1,0,0,0,0,0,0,1,0,4076.11845592
20223,1123002531,5,5,0,0,1,2,1,1,0,0,1,2,1,1,0,0,0,0,0,0,0,2836.64684626
20223,1123002536,4,3,1,0,0,0,4,0,0,0,0,0,3,0,0,0,0,0,1,0,0,3622.11421246
20223,1123002550,1,1,0,0,0,0,1,0,0,0,0,0,1,0,0,0,0,0,0,0,0,820.199193503
20223,1123002554,2,2,0,0,0,0,1,1,0,0,0,0,1,1,0,0,0,0,0,0,0,3691.36341801
20223,1123002565,8,6,2,0,0,3,2,1,2,0,0,2,1,1,2,0,0,1,1,0,0,1404.58152604
20223,1123002567,5,5,0,0,0,0,3,1,1,0,0,0,3,1,1,0,0,0,0,0,0,832.129823743
20223,1123002568,452,314,138,1,20,81,163,130,57,1,13,36,115,96,53,0,7,45,48,34,4,1831.48307665
20223,1123002578,6,6,0,0,1,1,0,3,1,0,1,1,0,3,1,0,0,0,0,0,0,4279.2552907
20223,1123002582,2,2,0,0,0,0,1,0,1,0,0,0,1,0,1,0,0,0,0,0,0,2176.99092134
20223,1123002589,2,1,1,0,0,1,1,0,0,0,0,0,1,0,0,0,0,1,0,0,0,1155.38552059
20223,1123002593,5,3,2,0,0,3,0,1,1,0,0,2,0,0,1,0,0,1,0,1,0,8385.24352629
20223,1123002601,49,33,16,0,8,17,22,2,0,0,4,13,15,1,0,0,4,4,7,1,0,1841.85327599
20223,1123002605,34,29,5,0,5,6,7,10,6,0,3,4,6,10,6,0,2,2,1,0,0,13237.1194942
20223,1123002606,4,2,2,0,0,1,1,0,2,0,0,0,1,0,1,0,0,1,0,0,1,4138.75667684
20223,1123002607,91,44,47,0,10,18,31,25,7,0,3,17,10,8,6,0,7,1,21,17,1,3940.03439716
20223,1123002608,5,2,3,0,0,3,0,0,2,0,0,1,0,0,1,0,0,2,0,0,1,7654.08675125
20223,1123002616,60,16,44,0,7,2,10,10,31,0,0,0,2,5,9,0,7,2,8,5,22,9243.73748842
20223,1123002618,11,5,6,0,2,2,1,0,6,0,0,1,0,0,4,0,2,1,1,0,2,6978.0957187
20223,1123002621,17,10,7,0,1,4,5,4,3,0,1,2,3,2,2,0,0,2,2,2,1,3854.78339284
20223,1123002622,207,117,90,3,56,37,45,44,22,2,26,23,30,23,13,1,30,14,15,21,9,2178.13917658
20223,1123002623,14,8,6,0,0,2,1,5,6,0,0,0,0,4,4,0,0,2,1,1,2,5821.58192479
20223,1123002627,4,3,1,0,1,2,1,0,0,0,1,1,1,0,0,0,0,1,0,0,0,3243.50498842
20223,1123002628,120,68,52,0,14,22,18,33,33,0,10,9,8,17,24,0,4,13,10,16,9,14535.9802083
20223,1123002629,80,28,52,0,5,14,17,27,17,0,3,5,8,6,6,0,2,9,9,21,11,3361.02961059
20223,1123002631,21,8,13,0,7,5,2,6,1,0,2,2,0,3,1,0,5,3,2,3,0,9423.44799531
20223,1123002633,237,141,96,0,12,26,41,58,100,0,7,17,19,35,63,0,5,9,22,23,37,10295.3038033
20223,1123002634,3,1,2,0,0,0,0,2,1,0,0,0,0,1,0,0,0,0,0,1,1,4481.7189554
20223,1123002635,14,3,11,0,0,1,5,4,4,0,0,0,2,0,1,0,0,1,3,4,3,2678.94766554
20223,1123002636,5,3,2,0,1,0,2,1,1,0,0,0,1,1,1,0,1,0,1,0,0,1044.62139714
20223,1123002638,8,3,5,0,0,1,2,2,3,0,0,0,1,0,2,0,0,1,1,2,1,3139.23114956
20223,1123002639,37,8,29,0,3,8,8,8,10,0,0,0,0,2,6,0,3,8,8,6,4,5673.18015791
20223,1123002640,216,125,91,0,22,19,29,58,88,0,11,14,13,27,60,0,11,5,16,31,28,7504.99769694
20223,1123002641,4,2,2,0,2,0,0,2,0,0,0,0,0,2,0,0,2,0,0,0,0,1893.06739058
20223,1123002643,15,3,12,0,4,3,1,3,4,0,0,0,0,0,3,0,4,3,1,3,1,5369.47236959
20223,1123002644,6,3,3,0,1,1,0,2,2,0,0,1,0,2,0,0,1,0,0,0,2,1270.4937998
20223,1123002645,10,3,7,0,1,3,2,3,1,0,0,0,0,2,1,0,1,3,2,1,0,5111.00326465
20223,1123002647,11,8,3,0,0,1,6,2,2,0,0,1,5,1,1,0,0,0,1,1,1,1792.53377292
20223,1123002650,54,35,19,0,3,15,6,12,18,0,1,11,3,6,14,0,2,4,3,6,4,3281.86765659
20223,1123002651,353,87,266,0,96,98,86,56,17,0,12,25,19,18,13,0,84,73,67,38,4,6172.00839944
20223,1123002654,3,2,1,0,1,0,2,0,0,0,0,0,2,0,0,0,1,0,0,0,0,3893.0683886
20223,1123002660,26,20,6,1,0,2,16,5,2,1,0,0,13,4,2,0,0,2,3,1,0,4042.42087228
20223,1123002662,8,4,4,0,0,0,3,4,1,0,0,0,2,1,1,0,0,0,1,3,0,1085.16450444
20223,1123002669,2,2,0,0,0,1,0,1,0,0,0,1,0,1,0,0,0,0,0,0,0,934.769917878
20223,1123002674,23,11,12,0,2,2,6,5,8,0,1,1,3,1,5,0,1,1,3,4,3,4746.99512161
20223,1123002677,6,4,2,0,1,2,1,1,1,0,0,2,1,0,1,0,1,0,0,1,0,719.96882156
20223,1123002683,22,18,4,0,0,5,8,9,0,0,0,2,7,9,0,0,0,3,1,0,0,781.21546642
20223,1123002684,3,1,2,0,1,0,0,2,0,0,0,0,0,1,0,0,1,0,0,1,0,1603.46469515
20223,1123002690,4,2,2,0,0,0,2,2,0,0,0,0,1,1,0,0,0,0,1,1,0,2896.75745726
20223,1123002692,10,0,10,0,0,3,3,4,0,0,0,0,0,0,0,0,0,3,3,4,0,1233.39585641
20223,1123002697,4,2,2,0,0,0,0,2,2,0,0,0,0,0,2,0,0,0,0,2,0,1989.42465704
20223,1123002699,10,9,1,0,1,5,2,1,1,0,1,4,2,1,1,0,0,1,0,0,0,926.081338484
20223,1123002701,5,4,1,0,0,0,5,0,0,0,0,0,4,0,0,0,0,0,1,0,0,778.779638929
20223,1123002706,2,0,2,0,0,0,1,1,0,0,0,0,0,0,0,0,0,0,1,1,0,1445.25842996
20223,1123002707,47,42,5,0,0,1,10,5,31,0,0,1,5,5,31,0,0,0,5,0,0,10946.0681679
20223,1123002708,6,2,4,0,0,2,3,0,1,0,0,0,2,0,0,0,0,2,1,0,1,4176.15077947
20223,1123002713,3,1,2,0,0,0,0,3,0,0,0,0,0,1,0,0,0,0,0,2,0,9693.84098584
20223,1123002714,43,27,16,0,8,8,15,5,7,0,5,3,8,4,7,0,3,5,7,1,0,4680.70346453
20223,1123002715,1,1,0,0,0,0,0,1,0,0,0,0,0,1,0,0,0,0,0,0,0,1253.9989814
20223,1123002717,2,2,0,0,0,0,1,1,0,0,0,0,1,1,0,0,0,0,0,0,0,2431.05873191
20223,1123002719,2,2,0,0,0,0,2,0,0,0,0,0,2,0,0,0,0,0,0,0,0,975.571989327
20223,1123002723,55,33,22,0,8,11,21,11,4,0,4,4,14,8,3,0,4,7,7,3,1,6040.37530546
20223,1123002725,2,2,0,0,0,0,1,0,1,0,0,0,1,0,1,0,0,0,0,0,0,3743.19124982
20223,1123002729,4,1,3,0,0,0,0,3,1,0,0,0,0,1,0,0,0,0,0,2,1,2279.12340816
20223,1123002733,16,13,3,0,1,4,5,6,0,0,0,4,4,5,0,0,1,0,1,1,0,5199.83648477
20223,1123002734,1,1,0,0,0,0,1,0,0,0,0,0,1,0,0,0,0,0,0,0,0,1502.51419786
20223,1123002736,6,5,1,0,1,0,3,2,0,0,0,0,3,2,0,0,1,0,0,0,0,2096.69549657
20223,1123002738,19,11,8,0,2,9,5,3,0,0,1,7,1,2,0,0,1,2,4,1,0,5995.60777454
20223,1123002742,6,5,1,0,0,1,1,3,1,0,0,0,1,3,1,0,0,1,0,0,0,5582.61413012
20223,1123002746,6,4,2,0,3,1,1,1,0,0,3,0,0,1,0,0,0,1,1,0,0,574.036106706
20223,1123002749,1,1,0,0,0,0,0,0,1,0,0,0,0,0,1,0,0,0,0,0,0,787.454644106
20223,1123002751,19,7,12,0,8,8,2,1,0,0,2,4,1,0,0,0,6,4,1,1,0,4083.93505586
20223,1123002755,249,59,190,1,30,20,16,43,139,1,6,10,9,5,28,0,24,10,7,38,111,7310.33141785
20223,1123002756,11,4,7,0,1,0,3,6,1,0,0,0,2,2,0,0,1,0,1,4,1,6327.95327245
20223,1123002757,1,1,0,0,0,0,0,1,0,0,0,0,0,1,0,0,0,0,0,0,0,5494.58312936
20223,1123002761,13,8,5,0,3,3,4,1,2,0,3,0,3,0,2,0,0,3,1,1,0,3105.93828489
20223,1123002766,18,3,15,0,5,5,3,3,2,0,0,1,2,0,0,0,5,4,1,3,2,7574.87214461
20223,1123002767,8,8,0,0,1,2,2,3,0,0,1,2,2,3,0,0,0,0,0,0,0,4733.72402152
20223,1123002769,2,2,0,0,0,0,0,0,2,0,0,0,0,0,2,0,0,0,0,0,0,2698.34449133
20223,1123002774,7,5,2,0,0,0,2,3,2,0,0,0,0,3,2,0,0,0,2,0,0,2959.69723667
20223,1123002776,802,598,204,0,138,382,114,113,55,0,87,323,78,80,30,0,51,59,36,33,25,5416.71290985
20223,1123002781,10,1,9,0,0,1,1,6,2,0,0,0,0,1,0,0,0,1,1,5,2,5162.70193978
20223,1123002784,19,8,11,0,1,6,7,4,1,0,1,4,2,1,0,0,0,2,5,3,1,2008.60643332
20223,1123002785,36,12,24,0,7,10,6,13,0,0,2,1,2,7,0,0,5,9,4,6,0,18019.1780333
20223,1123002786,6,2,4,0,1,0,2,3,0,0,0,0,1,1,0,0,1,0,1,2,0,4069.79125929
20223,1123002791,2,2,0,0,0,0,0,0,2,0,0,0,0,0,2,0,0,0,0,0,0,4494.47104337
20223,1123002792,9,4,5,0,1,3,1,4,0,0,0,0,1,3,0,0,1,3,0,1,0,2008.5003708
20223,1123002794,3,2,1,0,0,0,2,1,0,0,0,0,1,1,0,0,0,0,1,0,0,1972.92056067
20223,1123002797,114,27,87,0,21,25,25,23,20,0,9,8,3,3,4,0,12,17,22,20,16,13109.7705542
20223,1123002807,30,12,18,0,1,16,7,5,1,0,1,5,2,3,1,0,0,11,5,2,0,18763.0717535
20223,1123002811,5,4,1,0,1,1,1,2,0,0,1,1,0,2,0,0,0,0,1,0,0,823.418927319
20223,1123002814,14,6,8,0,1,4,2,3,4,0,0,3,0,0,3,0,1,1,2,3,1,6168.85521255
20223,1123002823,13,9,4,0,0,1,11,1,0,0,0,1,8,0,0,0,0,0,3,1,0,1481.26778293
20223,1123002827,5,4,1,0,0,1,1,1,2,0,0,1,1,1,1,0,0,0,0,0,1,1070.50199421
20223,1123002829,15,12,3,0,0,2,3,7,3,0,0,2,3,6,1,0,0,0,0,1,2,4181.02332029
20223,1123002831,3,1,2,0,0,0,1,0,2,0,0,0,1,0,0,0,0,0,0,0,2,5406.19270289
20223,1123002832,36,3,33,0,2,7,17,8,2,0,0,0,2,1,0,0,2,7,15,7,2,16011.9000326
20223,1123002833,2,1,1,0,0,0,1,1,0,0,0,0,0,1,0,0,0,0,1,0,0,4835.77166826
20223,1123002834,386,244,142,0,45,106,101,105,29,0,9,48,76,87,24,0,36,58,25,18,5,145231.340463
20223,1123002839,433,279,154,1,101,179,87,46,19,1,44,116,66,39,13,0,57,63,21,7,6,86929.4344295
20223,1123002840,783,366,417,1,238,302,113,86,43,0,79,128,68,55,36,1,159,174,45,31,7,204928.740361
20223,1123002845,1,0,1,0,0,0,0,1,0,0,0,0,0,0,0,0,0,0,0,1,0,1857.92952282
20223,1123002847,2,1,1,0,0,1,0,1,0,0,0,0,0,1,0,0,0,1,0,0,0,1332.09506987
20223,1123002848,4,0,4,0,0,2,0,2,0,0,0,0,0,0,0,0,0,2,0,2,0,2581.0345929
20223,1123002851,46,40,6,0,0,2,1,9,34,0,0,0,0,6,34,0,0,2,1,3,0,1452.37187066
20223,1123002865,4,1,3,0,2,0,0,2,0,0,0,0,0,1,0,0,2,0,0,1,0,5373.72049496
20223,1123002868,260,121,139,0,37,62,57,70,34,0,9,21,32,33,26,0,28,41,25,37,8,1510.91950751
20223,1123002876,47,26,21,1,5,18,15,6,2,1,3,10,9,3,0,0,2,8,6,3,2,15017.9680694
20223,1123002877,4,0,4,0,0,0,4,0,0,0,0,0,0,0,0,0,0,0,4,0,0,1607.11077524
20223,1123002880,4,4,0,0,0,3,1,0,0,0,0,3,1,0,0,0,0,0,0,0,0,6573.82251752
20223,1123002883,2,1,1,0,0,0,0,2,0,0,0,0,0,1,0,0,0,0,0,1,0,1318.55705442
20223,1123002886,2,1,1,0,0,0,1,1,0,0,0,0,0,1,0,0,0,0,1,0,0,2935.76638306
20223,1123002891,17,7,10,0,3,2,7,5,0,0,0,2,2,3,0,0,3,0,5,2,0,9962.6035372
20223,1123002895,14,7,7,0,0,2,3,4,5,0,0,2,1,1,3,0,0,0,2,3,2,4137.9390375
20223,1123002896,3,0,3,0,1,2,0,0,0,0,0,0,0,0,0,0,1,2,0,0,0,3959.52459558
20223,1123002898,28,6,22,0,6,10,5,5,2,0,2,1,1,1,1,0,4,9,4,4,1,6010.32442575
20223,1123002899,4,4,0,0,2,0,0,1,1,0,2,0,0,1,1,0,0,0,0,0,0,3200.76256493
20223,1123002900,25,18,7,0,0,6,9,7,3,0,0,5,5,6,2,0,0,1,4,1,1,13063.948137
20223,1123002901,13,9,4,0,1,0,1,5,6,0,0,0,0,5,4,0,1,0,1,0,2,3447.72831246
20223,1123002903,2,2,0,0,0,0,1,1,0,0,0,0,1,1,0,0,0,0,0,0,0,4492.04775526
20223,1123002905,10,9,1,0,5,2,0,0,3,0,4,2,0,0,3,0,1,0,0,0,0,5201.55250318
20223,1123002906,2,1,1,0,0,0,0,0,2,0,0,0,0,0,1,0,0,0,0,0,1,1563.78613036
20223,1123002907,5,2,3,0,0,0,2,1,2,0,0,0,1,0,1,0,0,0,1,1,1,4459.29513123
20223,1123002908,5,0,5,0,0,1,2,2,0,0,0,0,0,0,0,0,0,1,2,2,0,1661.85417865
20223,1123002911,6,0,6,0,0,0,4,1,1,0,0,0,0,0,0,0,0,0,4,1,1,3750.41693968
20223,1123002914,6,2,4,0,1,1,1,2,1,0,0,0,1,1,0,0,1,1,0,1,1,4604.29294001
20223,1123002915,13,5,8,0,1,2,4,1,5,0,0,2,2,0,1,0,1,0,2,1,4,4925.59184714
20223,1123002916,4,1,3,0,0,0,2,2,0,0,0,0,0,1,0,0,0,0,2,1,0,4142.42363309
20223,1123002917,4,3,1,0,0,1,0,2,1,0,0,1,0,1,1,0,0,0,0,1,0,603.027519223
20223,1123002918,9,0,9,0,3,3,1,0,2,0,0,0,0,0,0,0,3,3,1,0,2,1004.19322794
20223,1123002919,91,14,77,0,6,25,33,22,5,0,1,4,4,1,4,0,5,21,29,21,1,17689.5856703
20223,1123002920,5,4,1,0,0,0,0,2,3,0,0,0,0,2,2,0,0,0,0,0,1,2780.02974491
20223,1123002923,6,2,4,0,1,0,2,2,1,0,0,0,0,2,0,0,1,0,2,0,1,4296.91466037
20223,1123002924,15,6,9,0,2,8,2,0,3,0,0,4,1,0,1,0,2,4,1,0,2,3736.83245655
20223,1123002925,5,1,4,0,1,1,1,1,1,0,1,0,0,0,0,0,0,1,1,1,1,2422.05723758
20223,1123002926,22,9,13,0,4,6,4,3,5,0,4,1,1,1,2,0,0,5,3,2,3,1926.12998818
20223,1123002928,7,3,4,0,3,2,1,1,0,0,0,1,1,1,0,0,3,1,0,0,0,5427.73148192
20223,1123002929,17,11,6,0,0,6,5,2,4,0,0,4,5,1,1,0,0,2,0,1,3,6990.87268715
20223,1123002931,3,2,1,0,0,1,1,1,0,0,0,0,1,1,0,0,0,1,0,0,0,2471.75163454
20223,1123002937,52,42,10,0,1,9,20,11,11,0,1,7,16,8,10,0,0,2,4,3,1,34094.480476
20223,1123002938,15,6,9,0,8,2,5,0,0,0,1,1,4,0,0,0,7,1,1,0,0,68381.0030704
20223,1123002941,8,7,1,0,0,1,2,2,3,0,0,1,2,2,2,0,0,0,0,0,1,2186.89832288
20223,1123002942,16,9,7,1,1,5,2,3,4,0,0,3,1,2,3,1,1,2,1,1,1,8655.7840371
20223,1123002943,34,17,17,0,5,9,9,5,6,0,3,5,3,3,3,0,2,4,6,2,3,11806.3933984
20223,1123002946,1,1,0,0,1,0,0,0,0,0,1,0,0,0,0,0,0,0,0,0,0,2280.66381413
20223,1123002949,7,6,1,0,0,0,2,5,0,0,0,0,2,4,0,0,0,0,0,1,0,1173.42272159
20223,1123002951,15,9,6,0,1,1,4,3,6,0,1,1,3,0,4,0,0,0,1,3,2,3091.96541572
20223,1123002952,3,2,1,0,0,1,1,0,1,0,0,1,1,0,0,0,0,0,0,0,1,3942.64469453
20223,1123002953,5,3,2,1,1,0,1,1,1,1,0,0,1,1,0,0,1,0,0,0,1,4089.65904967
20223,1123002954,20,9,11,0,6,8,2,1,3,0,1,4,1,0,3,0,5,4,1,1,0,5493.46665185
20223,1123002956,4,4,0,0,0,0,0,1,3,0,0,0,0,1,3,0,0,0,0,0,0,22550.5034436
20223,1123002959,7,6,1,0,0,0,3,2,2,0,0,0,3,1,2,0,0,0,0,1,0,1461.94013885
20223,1123002960,3,1,2,0,0,1,1,1,0,0,0,0,0,1,0,0,0,1,1,0,0,2876.59289452
20223,1123002964,20,17,3,0,0,3,2,6,9,0,0,2,2,4,9,0,0,1,0,2,0,10333.6074492
20223,1123002965,2,1,1,0,0,1,0,0,1,0,0,0,0,0,1,0,0,1,0,0,0,1421.04892608
20223,1123002966,27,15,12,0,6,2,4,6,9,0,2,2,2,2,7,0,4,0,2,4,2,3956.03477432
20223,1123002967,84,54,30,0,14,8,28,25,9,0,8,6,15,17,8,0,6,2,13,8,1,13051.1044731
20223,1123002968,2,1,1,0,0,0,0,1,1,0,0,0,0,0,1,0,0,0,0,1,0,6251.95843482
20223,1123002974,319,252,67,0,20,58,110,115,16,0,10,50,85,96,11,0,10,8,25,19,5,4514.14451559
20223,1123002982,2,2,0,0,0,0,1,0,1,0,0,0,1,0,1,0,0,0,0,0,0,5860.91184551
20223,1123002985,230,126,104,0,26,57,60,49,38,0,11,36,41,30,8,0,15,21,19,19,30,1232.6863747
20223,1123002986,5,4,1,0,0,0,2,1,2,0,0,0,2,0,2,0,0,0,0,1,0,7121.21524291
20223,1123002990,47,33,14,0,7,4,12,14,10,0,5,4,6,9,9,0,2,0,6,5,1,12047.0287981
20223,1123002991,37,23,14,0,3,5,7,8,14,0,2,2,3,4,12,0,1,3,4,4,2,5781.13744145
20223,1123002993,4,4,0,0,0,0,2,0,2,0,0,0,2,0,2,0,0,0,0,0,0,6875.16128071
20223,1123002995,5,1,4,0,2,2,1,0,0,0,0,0,1,0,0,0,2,2,0,0,0,1339.17571596
20223,1123002996,92,27,65,0,10,15,14,5,48,0,3,6,3,2,13,0,7,9,11,3,35,7871.0655319
20223,1123002998,3,0,3,0,2,0,0,1,0,0,0,0,0,0,0,0,2,0,0,1,0,2231.43201635
20223,1123002999,2,2,0,0,0,0,1,1,0,0,0,0,1,1,0,0,0,0,0,0,0,1162.60106867
20223,1123003009,35,17,18,1,3,9,14,7,1,0,2,1,8,5,1,1,1,8,6,2,0,5556.41635339
20223,1123003012,8,5,3,0,1,2,2,2,1,0,0,0,2,2,1,0,1,2,0,0,0,1218.34512365
20223,1123003014,3,2,1,0,0,2,0,0,1,0,0,1,0,0,1,0,0,1,0,0,0,1182.30404241
20223,1123003018,12,11,1,0,0,2,1,5,4,0,0,2,0,5,4,0,0,0,1,0,0,8835.50062464
20223,1123003020,14,8,6,0,3,3,4,3,1,0,3,2,2,1,0,0,0,1,2,2,1,7216.11136233
20223,1123003022,2,1,1,0,0,0,2,0,0,0,0,0,1,0,0,0,0,0,1,0,0,1677.00612323
20223,1123003023,39,7,32,0,5,11,9,9,5,0,1,0,2,2,2,0,4,11,7,7,3,2959.45200321
20223,1123003024,17,2,15,0,0,5,5,4,3,0,0,0,0,0,2,0,0,5,5,4,1,1400.23542553
20223,1123003025,4,3,1,0,0,2,1,1,0,0,0,1,1,1,0,0,0,1,0,0,0,3303.94673515
20223,1123003029,5,4,1,0,0,0,0,5,0,0,0,0,0,4,0,0,0,0,0,1,0,4524.61911672
20223,1123003032,115,63,52,2,22,34,19,28,10,0,2,14,13,25,9,2,20,20,6,3,1,12058.3743236
20223,1123003034,5,1,4,0,0,0,1,4,0,0,0,0,0,1,0,0,0,0,1,3,0,2565.69065106
20223,1123003037,2,1,1,0,0,0,0,1,1,0,0,0,0,1,0,0,0,0,0,0,1,3638.95708217
20223,1123003038,9,4,5,0,0,1,1,3,4,0,0,1,0,2,1,0,0,0,1,1,3,3698.24780991
20223,1123003044,3,3,0,0,0,1,2,0,0,0,0,1,2,0,0,0,0,0,0,0,0,3574.12178366
20223,1123003046,3,2,1,0,0,0,1,1,1,0,0,0,1,0,1,0,0,0,0,1,0,3867.1605798
20223,1123003052,31,7,24,0,3,0,1,7,20,0,1,0,1,2,3,0,2,0,0,5,17,3927.52294582
20223,1123003057,10,6,4,0,1,0,2,3,4,0,1,0,1,1,3,0,0,0,1,2,1,3167.75738429
20223,1123003059,5,4,1,0,0,2,0,1,2,0,0,2,0,0,2,0,0,0,0,1,0,1313.90936941
20223,1123003060,16,12,4,0,1,1,4,8,2,0,0,1,3,6,2,0,1,0,1,2,0,3224.03133839
20223,1123003061,2,2,0,0,0,0,2,0,0,0,0,0,2,0,0,0,0,0,0,0,0,3218.04294109
20223,1123003063,13,6,7,0,5,2,2,1,3,0,1,1,1,1,2,0,4,1,1,0,1,9640.84880546
20223,1123003065,3,2,1,0,0,2,0,0,1,0,0,1,0,0,1,0,0,1,0,0,0,3022.13577466
20223,1123003066,17,3,14,0,0,7,3,6,1,0,0,1,0,2,0,0,0,6,3,4,1,1166.57534
20223,1123003067,18,1,17,0,3,5,3,4,3,0,0,0,0,0,1,0,3,5,3,4,2,1538.43611938
20223,1123003068,7,7,0,0,0,0,2,4,1,0,0,0,2,4,1,0,0,0,0,0,0,4541.00568846
20223,1123003069,3,2,1,0,1,0,0,2,0,0,0,0,0,2,0,0,1,0,0,0,0,1889.17113346
20223,1123003070,16,8,8,0,0,1,2,2,11,0,0,1,1,1,5,0,0,0,1,1,6,11129.0370473
20223,1123003078,2,2,0,0,0,0,1,1,0,0,0,0,1,1,0,0,0,0,0,0,0,1068.36855711
20223,1123003082,105,41,64,0,8,31,37,23,6,0,2,8,12,15,4,0,6,23,25,8,2,2342.93071185
20223,1123003094,186,107,79,0,22,45,48,46,25,0,10,21,23,29,24,0,12,24,25,17,1,5618.47306291
20223,1123003100,18,2,16,0,5,4,6,1,2,0,0,0,0,1,1,0,5,4,6,0,1,7604.23128972
20223,1123003105,39,18,21,0,9,10,9,9,2,0,3,3,5,5,2,0,6,7,4,4,0,3015.93063789
20223,1123003107,678,421,257,5,58,126,204,175,110,3,26,61,117,113,101,2,32,65,87,62,9,4626.95567548
20223,1123003118,4,3,1,0,0,0,2,2,0,0,0,0,2,1,0,0,0,0,0,1,0,4249.76234106
20223,1123003119,50,39,11,0,3,20,18,1,8,0,2,17,11,1,8,0,1,3,7,0,0,12868.6711485
20223,1123003120,25,15,10,0,1,2,7,13,2,0,1,2,6,6,0,0,0,0,1,7,2,11398.4598182
20223,1123003122,10,1,9,0,3,2,1,2,2,0,0,0,0,0,1,0,3,2,1,2,1,3272.18602586
20223,1123003124,185,82,103,0,26,43,43,59,14,0,13,15,9,35,10,0,13,28,34,24,4,19358.6191889
20223,1123003128,9,3,6,0,2,5,0,1,1,0,0,2,0,0,1,0,2,3,0,1,0,12928.1814159
20223,1123003129,22,17,5,0,2,5,8,6,1,0,2,3,7,4,1,0,0,2,1,2,0,4091.84871842
20223,1123003130,4,3,1,0,0,0,1,1,2,0,0,0,1,1,1,0,0,0,0,0,1,1471.64044485
20223,1123003131,4,2,2,0,0,0,1,2,1,0,0,0,0,1,1,0,0,0,1,1,0,3349.4808711
20223,1123003136,2,1,1,0,0,1,1,0,0,0,0,0,1,0,0,0,0,1,0,0,0,884.504306945
20223,1123003137,314,221,93,0,24,118,122,50,0,0,13,77,91,40,0,0,11,41,31,10,0,27614.2424638
20223,1123003138,18,7,11,0,0,0,6,9,3,0,0,0,3,2,2,0,0,0,3,7,1,8513.5283851
20223,1123003139,34,11,23,0,4,11,5,14,0,0,0,2,2,7,0,0,4,9,3,7,0,15038.7415062
20223,1123003144,5,3,2,0,0,0,0,3,2,0,0,0,0,1,2,0,0,0,0,2,0,1993.21277869
20223,1123003146,19,16,3,0,5,2,1,7,4,0,5,2,0,5,4,0,0,0,1,2,0,2252.1967799
20223,1123003147,67,10,57,0,8,15,18,22,4,0,1,2,0,3,4,0,7,13,18,19,0,17303.1775195
20223,1123003148,2,1,1,0,0,0,2,0,0,0,0,0,1,0,0,0,0,0,1,0,0,3128.59616429
20223,1123003150,297,225,72,1,6,12,9,21,248,1,2,7,1,12,202,0,4,5,8,9,46,5558.46557363
20223,1123003151,2,2,0,0,1,1,0,0,0,0,1,1,0,0,0,0,0,0,0,0,0,1743.12974971
20223,1123003153,19,3,16,0,0,6,4,7,2,0,0,1,1,0,1,0,0,5,3,7,1,2316.69666325
20223,1123003154,3,3,0,0,0,0,2,1,0,0,0,0,2,1,0,0,0,0,0,0,0,6281.24073051
20223,1123003155,20,11,9,0,1,0,3,11,5,0,1,0,2,4,4,0,0,0,1,7,1,3363.2077305
20223,1123003156,1,1,0,0,0,0,1,0,0,0,0,0,1,0,0,0,0,0,0,0,0,1373.31387675
20223,1123003158,18,16,2,0,0,3,5,4,6,0,0,3,4,4,5,0,0,0,1,0,1,8970.64619539
20223,1123003159,63,51,12,0,7,17,23,13,3,0,4,13,19,12,3,0,3,4,4,1,0,5480.83401
20223,1123003161,1,1,0,0,0,0,0,1,0,0,0,0,0,1,0,0,0,0,0,0,0,23579.4917903
20223,1123003166,3,1,2,0,0,1,0,1,1,0,0,0,0,0,1,0,0,1,0,1,0,3247.92058127
20223,1123003171,53,15,38,0,6,15,14,17,1,0,1,3,4,7,0,0,5,12,10,10,1,13633.9854419
20223,1123003175,8,7,1,0,0,1,2,2,3,0,0,1,2,2,2,0,0,0,0,0,1,9316.32131498
20223,1123003181,6,5,1,0,0,2,0,3,1,0,0,2,0,2,1,0,0,0,0,1,0,3407.7166487
20223,1123003182,3,2,1,0,0,1,1,1,0,0,0,0,1,1,0,0,0,1,0,0,0,2931.7594135
20223,1123003184,2,0,2,0,0,0,1,0,1,0,0,0,0,0,0,0,0,0,1,0,1,1837.34800783
20223,1123003186,55,37,18,0,3,14,19,19,0,0,1,7,11,18,0,0,2,7,8,1,0,1775.20415458
20223,1123003187,4,3,1,0,0,1,1,2,0,0,0,1,0,2,0,0,0,0,1,0,0,2689.88167951
20223,1123003192,4,4,0,0,0,0,1,3,0,0,0,0,1,3,0,0,0,0,0,0,0,3395.39822332
20223,1123003194,5,4,1,0,1,0,3,1,0,0,1,0,2,1,0,0,0,0,1,0,0,3940.78552013
20223,1123003195,7,4,3,0,0,0,1,5,1,0,0,0,1,3,0,0,0,0,0,2,1,2096.1240028
20223,1123003198,1,1,0,0,0,0,0,0,1,0,0,0,0,0,1,0,0,0,0,0,0,1773.35958788
20223,1123003199,13,8,5,0,1,5,3,3,1,0,1,2,1,3,1,0,0,3,2,0,0,11968.2079724
20223,1123003200,5,2,3,0,0,0,2,0,3,0,0,0,0,0,2,0,0,0,2,0,1,3125.45551703
20223,1123003201,126,50,76,0,22,34,37,19,14,0,2,11,15,10,12,0,20,23,22,9,2,3733.1613408
20223,1123003202,6,5,1,0,0,2,3,1,0,0,0,2,2,1,0,0,0,0,1,0,0,11987.7122254
20223,1123003204,4,4,0,0,0,0,1,1,2,0,0,0,1,1,2,0,0,0,0,0,0,3210.21328573
20223,1123003208,3,2,1,0,0,2,0,0,1,0,0,1,0,0,1,0,0,1,0,0,0,3851.541978
20223,1123003210,1,0,1,0,0,0,1,0,0,0,0,0,0,0,0,0,0,0,1,0,0,4020.53359944
20223,1123003211,62,45,17,0,12,16,17,12,5,0,8,13,12,8,4,0,4,3,5,4,1,8274.21403272
20223,1123003213,15,0,15,0,2,4,4,5,0,0,0,0,0,0,0,0,2,4,4,5,0,5956.24610527
20223,1123003214,7,0,7,0,0,0,4,2,1,0,0,0,0,0,0,0,0,0,4,2,1,1257.14468851
20223,1123003216,6,6,0,0,0,0,2,4,0,0,0,0,2,4,0,0,0,0,0,0,0,2667.28280985
20223,1123003217,6,2,4,1,0,2,2,1,0,0,0,1,0,1,0,1,0,1,2,0,0,3329.87581324
20223,1123003221,4,2,2,0,0,1,3,0,0,0,0,1,1,0,0,0,0,0,2,0,0,2101.70309045
20223,1123003222,7,2,5,0,0,1,4,1,1,0,0,1,0,1,0,0,0,0,4,0,1,2742.40524015
20223,1123003223,2,2,0,0,2,0,0,0,0,0,2,0,0,0,0,0,0,0,0,0,0,610.98000847
20223,1123003225,28,11,17,0,3,4,9,2,10,0,0,0,2,1,8,0,3,4,7,1,2,10602.3289047
20223,1123003227,5,3,2,0,0,1,1,1,2,0,0,0,0,1,2,0,0,1,1,0,0,3652.08823396
20223,1123003228,1,0,1,0,0,1,0,0,0,0,0,0,0,0,0,0,0,1,0,0,0,2456.07411552
20223,1123003230,163,52,111,0,15,17,34,42,55,0,7,8,17,11,9,0,8,9,17,31,46,141007.569639
20223,1123003231,1499,630,869,0,323,352,359,382,83,0,64,161,193,169,43,0,259,191,166,213,40,4303.94168553
20223,1123003242,4,2,2,0,0,0,0,1,3,0,0,0,0,1,1,0,0,0,0,0,2,6594.92086151
20223,1123003243,15,12,3,0,1,5,5,3,1,0,1,5,3,2,1,0,0,0,2,1,0,4674.05976834
20223,1123003244,5,3,2,0,1,0,0,2,2,0,0,0,0,1,2,0,1,0,0,1,0,2617.4533702
20223,1123003245,38,8,30,0,2,7,16,11,2,0,0,1,3,3,1,0,2,6,13,8,1,3968.17004883
20223,1129000001,19,1,18,0,4,6,4,3,2,0,0,0,0,0,1,0,4,6,4,3,1,3003.00535396
20223,1129000003,63,37,26,0,4,17,18,16,8,0,0,10,7,13,7,0,4,7,11,3,1,2810.55308507
20223,1129000008,88,19,69,0,36,24,10,8,10,0,2,5,3,2,7,0,34,19,7,6,3,7946.14242889
20223,1129000013,4,1,3,0,1,0,2,1,0,0,0,0,0,1,0,0,1,0,2,0,0,2883.14216599
20223,1129000016,2,0,2,0,0,0,1,0,1,0,0,0,0,0,0,0,0,0,1,0,1,1720.46424123
20223,1129000026,19,2,17,0,5,5,4,3,2,0,0,0,0,0,2,0,5,5,4,3,0,677.896615756
20223,1129000031,173,89,84,0,16,45,43,46,23,0,6,26,26,15,16,0,10,19,17,31,7,7682.32234575
20223,1129000032,8,4,4,0,0,2,1,2,3,0,0,2,0,0,2,0,0,0,1,2,1,3930.49844048
20223,1129000039,6,4,2,0,0,1,2,0,3,0,0,0,1,0,3,0,0,1,1,0,0,2677.49029149
20223,1129000042,5,0,5,0,0,0,2,0,3,0,0,0,0,0,0,0,0,0,2,0,3,17067.9713324
20223,1129000047,4,1,3,0,0,0,3,1,0,0,0,0,0,1,0,0,0,0,3,0,0,10290.4625534
20223,1129000049,42,9,33,0,12,7,11,8,4,0,0,0,5,2,2,0,12,7,6,6,2,8054.58226851
20223,1129000051,89,52,37,0,16,21,30,15,7,0,7,15,17,8,5,0,9,6,13,7,2,3961.21404433
20223,1129000062,218,74,144,1,29,62,65,38,23,0,13,20,16,14,11,1,16,42,49,24,12,2211.8899486
20223,1129000063,1,0,1,0,0,1,0,0,0,0,0,0,0,0,0,0,0,1,0,0,0,1984.38510667
20223,1129000070,358,154,204,0,45,52,105,117,39,0,22,25,42,40,25,0,23,27,63,77,14,27762.0060369
20223,1129000078,26,24,2,0,0,4,15,6,1,0,0,4,14,5,1,0,0,0,1,1,0,2532.94933053
20223,1129000086,104,47,57,0,28,16,25,17,18,0,10,7,10,7,13,0,18,9,15,10,5,2544.84774991
20223,1129000099,7,0,7,0,0,0,0,5,2,0,0,0,0,0,0,0,0,0,0,5,2,4588.45491458
20223,1129000104,29,12,17,0,0,7,10,5,7,0,0,3,4,2,3,0,0,4,6,3,4,7549.06429063
20223,1129000105,21,13,8,0,0,1,10,6,4,0,0,0,5,4,4,0,0,1,5,2,0,9426.87632765
20223,1129000115,120,68,52,1,33,41,24,16,5,0,16,27,10,10,5,1,17,14,14,6,0,1328.92312917
20223,1129000117,48,33,15,0,4,8,16,14,6,0,3,5,10,10,5,0,1,3,6,4,1,6622.64540695
20223,1129000118,20,3,17,0,1,6,8,4,1,0,0,0,1,1,1,0,1,6,7,3,0,5725.0525603
20223,1129000119,235,179,56,2,12,33,48,57,83,0,3,22,34,42,78,2,9,11,14,15,5,3283.84044582
20223,1129000131,35,9,26,0,10,12,6,4,3,0,0,3,3,2,1,0,10,9,3,2,2,4121.38126759
20223,1129000141,23,3,20,0,3,5,7,6,2,0,0,0,1,1,1,0,3,5,6,5,1,5649.8863137
20223,1129000149,272,135,137,0,32,45,106,66,23,0,12,21,50,42,10,0,20,24,56,24,13,3072.52310862
20223,1129000151,103,15,88,0,13,36,28,24,2,0,0,4,5,4,2,0,13,32,23,20,0,19784.0317989
20223,1129000154,4104,2068,2036,415,1905,1079,431,183,91,176,863,612,254,88,75,239,1042,467,177,95,16,2911.71914429
20223,1129000199,51,10,41,0,2,9,19,11,10,0,0,1,1,1,7,0,2,8,18,10,3,14872.3100721
20223,1129000200,32,29,3,0,0,1,3,8,20,0,0,1,3,5,20,0,0,0,0,3,0,4605.01613628
20223,1129000205,45,14,31,0,12,8,5,15,5,0,4,1,2,4,3,0,8,7,3,11,2,9684.75492897
20223,1129000216,15,9,6,0,1,1,5,4,4,0,0,0,3,3,3,0,1,1,2,1,1,7192.74839825
20223,1129000217,4,3,1,0,1,0,3,0,0,0,1,0,2,0,0,0,0,0,1,0,0,4529.78713502
20223,1129000218,6,3,3,0,0,0,3,2,1,0,0,0,1,2,0,0,0,0,2,0,1,2002.22047374
20223,1129000222,1,0,1,0,0,0,0,1,0,0,0,0,0,0,0,0,0,0,0,1,0,2355.9686265
20223,1129000226,25,18,7,0,0,5,11,4,5,0,0,2,10,2,4,0,0,3,1,2,1,5691.90574767
20223,1129000231,7,3,4,0,1,4,1,1,0,0,1,2,0,0,0,0,0,2,1,1,0,28476.078963
20223,1129000236,7,5,2,0,0,0,2,2,3,0,0,0,1,1,3,0,0,0,1,1,0,3825.23928098
20223,1129000238,18,13,5,0,0,5,2,7,4,0,0,2,2,7,2,0,0,3,0,0,2,10132.1033128
20223,1129000239,28,7,21,0,1,6,8,12,1,0,0,1,1,5,0,0,1,5,7,7,1,1974.53794165
20223,1129000240,19,12,7,0,2,4,4,5,4,0,1,2,2,3,4,0,1,2,2,2,0,5983.87898946
20223,1129000242,25,10,15,0,0,3,8,6,8,0,0,1,1,3,5,0,0,2,7,3,3,5381.7570772
20223,1129000243,10,7,3,1,0,3,6,0,0,0,0,3,4,0,0,1,0,0,2,0,0,5539.74042375
20223,1129000248,59,8,51,0,0,4,16,28,11,0,0,0,1,3,4,0,0,4,15,25,7,3053.45355792
20223,1129000249,93,19,74,0,12,17,19,26,19,0,2,5,5,1,6,0,10,12,14,25,13,11260.2036519
20223,1129000250,10,8,2,0,1,6,3,0,0,0,1,5,2,0,0,0,0,1,1,0,0,2917.0277682
20223,1129000252,25,16,9,0,1,9,7,6,2,0,1,6,4,4,1,0,0,3,3,2,1,2494.45260442
20223,1129000253,80,38,42,1,10,20,28,14,7,1,0,9,18,7,3,0,10,11,10,7,4,10863.379154
20223,1129000255,39,29,10,0,8,8,9,10,4,0,8,6,7,5,3,0,0,2,2,5,1,18553.8109315
20223,1129000259,2,1,1,0,0,0,1,1,0,0,0,0,1,0,0,0,0,0,0,1,0,3430.41905732
20223,1129000260,22,9,13,1,7,5,3,3,3,1,4,1,1,1,1,0,3,4,2,2,2,11322.6441677
20223,1129000262,38,10,28,0,11,7,9,9,2,0,5,1,1,2,1,0,6,6,8,7,1,3209.41082252
20223,1129000265,5,1,4,0,0,2,0,2,1,0,0,0,0,1,0,0,0,2,0,1,1,3424.79930994
20223,1129000273,12,7,5,0,1,2,5,3,1,0,1,2,2,2,0,0,0,0,3,1,1,4934.1020933
20223,1129000275,10,0,10,0,2,3,2,2,1,0,0,0,0,0,0,0,2,3,2,2,1,3805.91350446
20223,1129000280,12,7,5,0,1,1,3,3,4,0,1,1,1,1,3,0,0,0,2,2,1,2940.64197682
20223,1129000281,2,1,1,0,0,0,0,1,1,0,0,0,0,0,1,0,0,0,0,1,0,1873.3090004
20223,1129000284,50,25,25,0,3,10,14,14,9,0,2,5,9,6,3,0,1,5,5,8,6,17453.3113364
20223,1129000294,6,1,5,0,0,1,1,2,2,0,0,0,0,1,0,0,0,1,1,1,2,2356.93864494
20223,1129000303,5,3,2,0,0,0,2,3,0,0,0,0,1,2,0,0,0,0,1,1,0,5690.15376419
20223,1129000318,17,7,10,0,2,1,1,7,6,0,2,1,1,1,2,0,0,0,0,6,4,3832.52510983
20223,1129000321,23,12,11,0,3,3,7,5,5,0,1,2,3,3,3,0,2,1,4,2,2,18802.7956365
20223,1129000322,2,1,1,0,0,0,2,0,0,0,0,0,1,0,0,0,0,0,1,0,0,1228.72102
20223,1129000330,75,13,62,0,10,20,23,16,6,0,0,5,3,1,4,0,10,15,20,15,2,10218.1411501
20223,1129000335,92,60,32,0,3,16,25,21,27,0,2,9,12,13,24,0,1,7,13,8,3,6807.09646108
20223,1129000337,2,1,1,0,0,0,1,1,0,0,0,0,1,0,0,0,0,0,0,1,0,2139.15375133
20223,1129000341,50,14,36,0,4,14,15,17,0,0,0,2,8,4,0,0,4,12,7,13,0,22886.0896876
20223,1129000342,29,6,23,1,6,6,9,5,2,0,1,1,3,0,1,1,5,5,6,5,1,6058.26392649
20223,1129000343,3,0,3,0,0,0,0,2,1,0,0,0,0,0,0,0,0,0,0,2,1,66423.1669351
20223,1129000346,4,2,2,0,0,0,2,1,1,0,0,0,1,0,1,0,0,0,1,1,0,1669.7726758
20223,1129000350,2,1,1,0,0,0,0,1,1,0,0,0,0,0,1,0,0,0,0,1,0,2010.27400729
20223,1129000352,364,228,136,0,69,87,80,74,54,0,21,59,47,52,49,0,48,28,33,22,5,5464.41808822
20223,1129000354,1,1,0,0,0,0,0,1,0,0,0,0,0,1,0,0,0,0,0,0,0,1341.11667629
20223,1129000355,26,18,8,0,6,5,8,2,5,0,4,2,5,2,5,0,2,3,3,0,0,7105.56749095
20223,1129000360,4,0,4,0,0,1,2,1,0,0,0,0,0,0,0,0,0,1,2,1,0,7460.8954622
20223,1129000370,6,2,4,0,1,3,1,1,0,0,0,1,0,1,0,0,1,2,1,0,0,6500.29653181
20223,1129000387,7,3,4,0,0,0,2,5,0,0,0,0,1,2,0,0,0,0,1,3,0,876.585080906
20223,1129000393,23,14,9,0,7,6,4,5,1,0,4,4,2,3,1,0,3,2,2,2,0,6937.07027254
20223,1129000399,90,18,72,0,10,27,25,23,5,0,1,5,5,3,4,0,9,22,20,20,1,8017.20566594
20223,1129000404,8,7,1,0,0,4,0,3,1,0,0,3,0,3,1,0,0,1,0,0,0,4420.05960458
20223,1129000407,1103,298,805,8,497,361,132,79,26,0,75,125,37,39,22,8,422,236,95,40,4,5834.86487691
20223,1129000415,1,0,1,0,0,0,0,1,0,0,0,0,0,0,0,0,0,0,0,1,0,2012.5937853
20223,1129000417,14,3,11,0,1,2,7,4,0,0,0,1,1,1,0,0,1,1,6,3,0,8582.69223261
20223,1129000424,425,378,47,0,63,153,148,58,3,0,54,135,131,56,2,0,9,18,17,2,1,2187.70909293
20223,1129000438,10940,6783,4157,44,1682,2620,3536,1917,1141,13,807,1596,2417,1469,481,31,875,1024,1119,448,660,5266.54340769
20223,1129000448,95,43,52,0,13,39,21,14,8,0,3,21,4,9,6,0,10,18,17,5,2,3699.66282137
20223,1129000462,7,5,2,0,1,0,0,4,2,0,1,0,0,2,2,0,0,0,0,2,0,689.729106096
20223,1129000470,294,123,171,0,69,72,68,50,35,0,15,30,36,20,22,0,54,42,32,30,13,1437.52877038
20223,1129000482,49,40,9,0,3,9,9,14,14,0,3,6,7,12,12,0,0,3,2,2,2,3268.92247078
20223,1129000484,1,0,1,0,0,1,0,0,0,0,0,0,0,0,0,0,0,1,0,0,0,1194.0456133
20223,1129000486,1,1,0,0,0,0,0,0,1,0,0,0,0,0,1,0,0,0,0,0,0,3854.01878954
20223,1129000500,4,1,3,0,0,1,2,0,1,0,0,0,1,0,0,0,0,1,1,0,1,2258.24613742
20223,1129000514,15,11,4,0,0,2,4,3,6,0,0,1,2,2,6,0,0,1,2,1,0,5772.87533006
20223,1129000517,101,10,91,0,18,27,28,18,10,0,1,3,0,2,4,0,17,24,28,16,6,11352.5183472
20223,1129000518,7,5,2,0,1,2,2,1,1,0,1,1,1,1,1,0,0,1,1,0,0,2724.82460008
20223,1129000522,2,2,0,0,0,1,0,1,0,0,0,1,0,1,0,0,0,0,0,0,0,2964.98986681
20223,1129000532,192,57,135,0,12,36,46,61,37,0,1,12,11,17,16,0,11,24,35,44,21,4846.91070091
20223,1129000538,18,9,9,0,7,3,5,0,3,0,2,1,4,0,2,0,5,2,1,0,1,1874.16530021
20223,1129000540,20,11,9,0,5,1,8,6,0,0,4,0,3,4,0,0,1,1,5,2,0,3323.50657324
20223,1129000541,3,1,2,0,0,0,1,0,2,0,0,0,0,0,1,0,0,0,1,0,1,1485.44957098
20223,1129000543,18,6,12,0,1,2,2,3,10,0,1,2,1,0,2,0,0,0,1,3,8,1192.47309019
20223,1129000546,3,3,0,0,0,0,2,1,0,0,0,0,2,1,0,0,0,0,0,0,0,1322.72303375
20223,1129000548,4,3,1,0,1,3,0,0,0,0,1,2,0,0,0,0,0,1,0,0,0,1589.5683156
20223,1129000552,2,2,0,0,0,1,1,0,0,0,0,1,1,0,0,0,0,0,0,0,0,1015.37985709
20223,1129000556,3,1,2,0,0,1,0,0,2,0,0,0,0,0,1,0,0,1,0,0,1,4026.61390601
20223,1129000565,71,53,18,0,5,21,28,11,6,0,2,18,21,8,4,0,3,3,7,3,2,6219.92172054
20223,1129000568,56,7,49,0,2,4,9,31,10,0,1,2,1,1,2,0,1,2,8,30,8,10578.8997692
20223,1129000569,14,9,5,0,0,3,6,4,1,0,0,1,4,4,0,0,0,2,2,0,1,4116.63364968
20223,1129000570,4,2,2,0,0,0,0,2,2,0,0,0,0,1,1,0,0,0,0,1,1,2954.14405097
20223,1129000572,32,11,21,6,8,7,3,1,7,0,2,2,1,1,5,6,6,5,2,0,2,5876.21166167
20223,1129000573,2,2,0,0,0,0,1,0,1,0,0,0,1,0,1,0,0,0,0,0,0,3795.13387217
20223,1129000574,3,2,1,0,0,1,1,0,1,0,0,1,0,0,1,0,0,0,1,0,0,1854.58815205
20223,1129000577,145,53,92,0,15,45,46,30,9,0,3,12,15,17,6,0,12,33,31,13,3,5099.32249693
20223,1129000580,2,1,1,0,1,1,0,0,0,0,0,1,0,0,0,0,1,0,0,0,0,5278.8403183
20223,1129000581,5,4,1,0,2,1,2,0,0,0,2,1,1,0,0,0,0,0,1,0,0,728.809803529
20223,1129000582,5,5,0,0,0,0,0,1,4,0,0,0,0,1,4,0,0,0,0,0,0,4293.84573068
20223,1129000585,1,1,0,0,0,0,0,0,1,0,0,0,0,0,1,0,0,0,0,0,0,1119.84348948
20223,1129000586,4,3,1,0,0,0,3,1,0,0,0,0,2,1,0,0,0,0,1,0,0,676.027180238
20223,1129000588,10,5,5,0,0,6,0,2,2,0,0,3,0,1,1,0,0,3,0,1,1,745.10447959
20223,1129000590,15,8,7,0,3,4,7,1,0,0,0,2,5,1,0,0,3,2,2,0,0,5246.14530073
20223,1129000591,160,52,108,0,18,35,20,50,37,0,4,11,2,19,16,0,14,24,18,31,21,6663.82873504
20223,1129000592,14,6,8,0,1,2,1,3,7,0,0,1,1,1,3,0,1,1,0,2,4,3894.73715712
20223,1129000593,9,1,8,0,1,2,3,2,1,0,0,0,0,0,1,0,1,2,3,2,0,2662.32106892
20223,1129000595,30,20,10,1,9,10,4,5,1,0,5,7,4,3,1,1,4,3,0,2,0,5676.7046914
20223,1129000596,5,1,4,0,3,1,1,0,0,0,0,0,1,0,0,0,3,1,0,0,0,1686.97972103
20223,1129000597,16,15,1,0,0,1,5,8,2,0,0,1,4,8,2,0,0,0,1,0,0,7609.66171191
20223,1129000598,9,4,5,0,6,1,0,1,1,0,3,0,0,1,0,0,3,1,0,0,1,938.028927433
20223,1129000600,4,1,3,0,1,0,0,1,2,0,0,0,0,0,1,0,1,0,0,1,1,1907.89325531
20223,1129000601,6,6,0,0,0,2,2,2,0,0,0,2,2,2,0,0,0,0,0,0,0,4871.77079929
20223,1129000602,8,5,3,0,0,0,1,4,3,0,0,0,0,2,3,0,0,0,1,2,0,4921.87835847
20223,1129000603,12,5,7,0,0,5,3,2,2,0,0,1,2,1,1,0,0,4,1,1,1,5263.74067975
20223,1129000604,54,49,5,3,23,13,10,4,1,3,21,12,9,3,1,0,2,1,1,1,0,2010.8517074
20223,1129000605,47,12,35,0,20,11,9,3,4,0,0,1,6,1,4,0,20,10,3,2,0,4003.49988732
20223,1129000607,51,8,43,0,21,16,4,6,4,0,0,3,1,1,3,0,21,13,3,5,1,68994.1344654
20223,1129000608,11,3,8,0,1,2,2,3,3,0,0,0,0,1,2,0,1,2,2,2,1,3124.22075666
20223,1129000609,4,1,3,0,0,1,0,0,3,0,0,0,0,0,1,0,0,1,0,0,2,1166.11048829
20223,1129000610,13,2,11,0,4,2,4,2,1,0,0,0,1,1,0,0,4,2,3,1,1,4836.51376301
20223,1129000611,4,3,1,0,1,1,0,0,2,0,1,1,0,0,1,0,0,0,0,0,1,3119.89985555
20223,1129000612,59,29,30,8,1,9,17,17,7,8,1,4,2,8,6,0,0,5,15,9,1,6324.36993047
20223,1129000613,1,1,0,0,0,0,0,0,1,0,0,0,0,0,1,0,0,0,0,0,0,3121.35319166
20223,1129000614,1,1,0,0,0,0,0,0,1,0,0,0,0,0,1,0,0,0,0,0,0,16336.6769814
20223,1129000617,15,11,4,0,1,2,7,5,0,0,1,1,4,5,0,0,0,1,3,0,0,6965.76464849
20223,1129000618,6,5,1,0,0,2,4,0,0,0,0,2,3,0,0,0,0,0,1,0,0,1358.76041947
20223,1129000619,3,2,1,0,0,0,1,1,1,0,0,0,0,1,1,0,0,0,1,0,0,9165.84179353
20223,1129000620,8,6,2,0,0,1,1,5,1,0,0,1,1,4,0,0,0,0,0,1,1,5582.26139068
20223,1129000623,23,16,7,1,2,4,9,2,5,1,1,3,8,2,1,0,1,1,1,0,4,6312.11690292
20223,1129000624,1,1,0,0,0,0,0,0,1,0,0,0,0,0,1,0,0,0,0,0,0,4073.47087871
20223,1129000625,100,21,79,0,18,30,29,17,6,0,5,3,4,4,5,0,13,27,25,13,1,22975.5460365
20223,1129000626,14,10,4,0,0,4,3,3,4,0,0,2,1,3,4,0,0,2,2,0,0,2776.82359155
20223,1129000628,2,2,0,0,0,1,0,0,1,0,0,1,0,0,1,0,0,0,0,0,0,1896.74297675
20223,1129000629,13,3,10,0,2,5,5,1,0,0,0,0,3,0,0,0,2,5,2,1,0,4551.06674819
20223,1129000631,2,1,1,0,1,0,0,0,1,0,1,0,0,0,0,0,0,0,0,0,1,1112.3063394
20223,1129000632,21,16,5,0,2,3,5,8,3,0,1,2,3,7,3,0,1,1,2,1,0,6503.32882222
20223,1129000633,3,3,0,0,0,0,0,3,0,0,0,0,0,3,0,0,0,0,0,0,0,1283.48139986
20223,1129000634,4,4,0,0,0,0,2,1,1,0,0,0,2,1,1,0,0,0,0,0,0,2672.64788193
20223,1129000636,78,58,20,0,6,20,19,28,5,0,1,12,15,26,4,0,5,8,4,2,1,4855.63914073
20223,1129000639,2,0,2,0,0,0,1,0,1,0,0,0,0,0,0,0,0,0,1,0,1,3292.56368116
20223,1129000640,89,25,64,1,8,30,20,26,4,0,1,8,5,8,3,1,7,22,15,18,1,4755.49564657
20223,1129000643,5,2,3,0,1,1,2,0,1,0,1,0,1,0,0,0,0,1,1,0,1,808.10269634
20223,1129000645,4,4,0,0,0,0,2,1,1,0,0,0,2,1,1,0,0,0,0,0,0,940.508483314
20223,1129000646,5,1,4,0,1,1,0,1,2,0,0,0,0,0,1,0,1,1,0,1,1,4479.38114258
20223,1129000647,17,5,12,0,8,6,1,0,2,0,1,2,1,0,1,0,7,4,0,0,1,1143.15161662
20223,1129000648,9,7,2,0,0,4,4,0,1,0,0,3,3,0,1,0,0,1,1,0,0,4866.52521645
20223,1129000655,4,2,2,0,2,0,1,1,0,0,0,0,1,1,0,0,2,0,0,0,0,4900.26869254
20223,1129000659,3,1,2,0,0,0,2,0,1,0,0,0,1,0,0,0,0,0,1,0,1,4392.09165753
20223,1129000661,2,2,0,0,0,0,0,1,1,0,0,0,0,1,1,0,0,0,0,0,0,2164.75701438
20223,1129000662,28,17,11,0,0,4,5,7,12,0,0,1,3,3,10,0,0,3,2,4,2,6949.62737076
20223,1129000664,18,14,4,0,1,4,3,4,6,0,0,2,2,4,6,0,1,2,1,0,0,2356.89097495
20223,1129000665,130,116,14,0,0,5,21,41,63,0,0,3,18,33,62,0,0,2,3,8,1,7379.49035939
20223,1129000669,34,21,13,1,5,4,6,12,6,0,2,2,1,10,6,1,3,2,5,2,0,1685.18047767
20223,1129000670,2,1,1,0,0,0,2,0,0,0,0,0,1,0,0,0,0,0,1,0,0,1294.96423569
20223,1129000672,11,3,8,0,0,1,0,6,4,0,0,0,0,1,2,0,0,1,0,5,2,5713.46465004
20223,1129000673,9,1,8,0,5,3,1,0,0,0,0,0,1,0,0,0,5,3,0,0,0,2509.59399613
20223,1129000674,8,5,3,0,1,1,0,4,2,0,1,0,0,3,1,0,0,1,0,1,1,3918.578309
20223,1129000679,153,34,119,0,10,19,40,52,32,0,2,6,8,11,7,0,8,13,32,41,25,6096.61899836
20223,1129000680,20,12,8,1,0,6,6,4,3,0,0,3,4,3,2,1,0,3,2,1,1,4333.18084148
20223,1129000681,62,26,36,1,27,10,8,14,2,0,13,4,2,5,2,1,14,6,6,9,0,4869.75500874
20223,1129000683,9,8,1,0,1,1,2,3,2,0,1,1,1,3,2,0,0,0,1,0,0,1752.87978491
20223,1129000684,154,82,72,0,31,34,34,33,22,0,8,20,22,18,14,0,23,14,12,15,8,3738.99523684
20223,1129000685,12,9,3,0,0,3,3,4,2,0,0,2,2,4,1,0,0,1,1,0,1,4592.83741425
20223,1129000690,4,3,1,0,0,0,0,3,1,0,0,0,0,2,1,0,0,0,0,1,0,4005.13853828
20223,1129000692,15,2,13,0,3,2,5,3,2,0,0,0,1,1,0,0,3,2,4,2,2,6129.40076765
20223,1129000695,6,4,2,0,0,1,1,1,3,0,0,1,0,1,2,0,0,0,1,0,1,2472.25712337
20223,1129000696,13,5,8,0,0,2,5,2,4,0,0,0,1,2,2,0,0,2,4,0,2,6057.95367591
20223,1129000697,19,4,15,0,0,0,0,13,6,0,0,0,0,4,0,0,0,0,0,9,6,6087.19119562
20223,1129000698,2,1,1,0,0,0,0,2,0,0,0,0,0,1,0,0,0,0,0,1,0,1985.0563129
20223,1129000700,107,58,49,1,4,12,22,29,39,1,2,8,8,9,30,0,2,4,14,20,9,5151.86605373
20223,1129000701,3,1,2,0,0,1,1,1,0,0,0,0,0,1,0,0,0,1,1,0,0,1456.7712311
20223,1129000702,26,10,16,0,4,7,8,2,5,0,1,4,0,1,4,0,3,3,8,1,1,9990.66616499
20223,1129000703,38,33,5,0,1,4,12,13,8,0,1,3,11,10,8,0,0,1,1,3,0,4548.97385831
20223,1129000706,11,6,5,0,1,6,3,1,0,0,0,4,1,1,0,0,1,2,2,0,0,11643.727626
20223,1129000713,65,40,25,0,20,27,12,6,0,0,11,14,10,5,0,0,9,13,2,1,0,5438.45813851
20223,1129000714,15,10,5,0,1,2,2,8,2,0,1,0,0,7,2,0,0,2,2,1,0,6700.82958602
20223,1129000716,25,3,22,0,1,2,1,0,21,0,0,2,0,0,1,0,1,0,1,0,20,7504.20334069
20223,1129000717,20,18,2,0,1,2,5,11,1,0,1,1,5,10,1,0,0,1,0,1,0,923.785981563
20223,1129000720,11,7,4,0,1,1,6,3,0,0,1,1,3,2,0,0,0,0,3,1,0,6136.7999923
20223,1129000722,67,35,32,0,9,19,17,20,2,0,4,7,11,12,1,0,5,12,6,8,1,5894.81091272
20223,1129000723,8,5,3,0,0,2,3,1,2,0,0,2,1,1,1,0,0,0,2,0,1,1944.3136627
20223,1129000724,2,2,0,0,0,2,0,0,0,0,0,2,0,0,0,0,0,0,0,0,0,2235.58839446
20223,1129000726,31,24,7,3,2,4,8,10,4,3,1,1,6,9,4,0,1,3,2,1,0,3738.97601094
20223,1129000732,3,3,0,0,0,0,2,1,0,0,0,0,2,1,0,0,0,0,0,0,0,3050.11966354
20223,1129000739,37,30,7,0,4,7,11,8,7,0,3,5,9,7,6,0,1,2,2,1,1,8202.46308964
20223,1129000740,145,97,48,0,7,36,38,41,23,0,3,17,25,31,21,0,4,19,13,10,2,9541.93127465
20223,1129000741,56,20,36,0,3,16,17,14,6,0,0,6,6,4,4,0,3,10,11,10,2,4143.61013048
20223,1129000742,3,2,1,0,0,0,1,2,0,0,0,0,0,2,0,0,0,0,1,0,0,1431.23791778
20223,1129000743,61,42,19,0,1,11,14,23,12,0,0,7,8,16,11,0,1,4,6,7,1,7113.146768
20223,1129000744,757,537,220,0,2,7,21,54,673,0,2,6,9,25,495,0,0,1,12,29,178,904.36961389
20223,1129000745,15,13,2,0,1,3,4,6,1,0,0,2,4,6,1,0,1,1,0,0,0,3710.29729485
20223,1129000746,2,2,0,0,0,1,1,0,0,0,0,1,1,0,0,0,0,0,0,0,0,2143.21195944
20223,1129000748,10,7,3,0,1,1,6,0,2,0,0,1,5,0,1,0,1,0,1,0,1,1118.38182539
20223,1129000749,8,7,1,0,0,3,5,0,0,0,0,3,4,0,0,0,0,0,1,0,0,948.530638041
20223,1129000756,58,36,22,0,19,13,19,7,0,0,9,6,17,4,0,0,10,7,2,3,0,4848.63238981
20223,1129000758,87,21,66,0,12,11,27,27,10,0,3,3,8,2,5,0,9,8,19,25,5,4746.70127887
20223,1129000759,8,6,2,0,0,3,2,1,2,0,0,1,2,1,2,0,0,2,0,0,0,4198.54580256
20223,1129000763,40,22,18,0,2,7,17,8,6,0,1,6,10,3,2,0,1,1,7,5,4,4077.80120428
20223,1129000767,1,0,1,0,0,1,0,0,0,0,0,0,0,0,0,0,0,1,0,0,0,3633.36732999
20223,1129000770,9,6,3,0,0,0,6,2,1,0,0,0,3,2,1,0,0,0,3,0,0,4494.64404784
20223,1129000773,2,0,2,0,0,0,2,0,0,0,0,0,0,0,0,0,0,0,2,0,0,3472.2940408
20223,1129000774,7,3,4,0,1,2,4,0,0,0,0,0,3,0,0,0,1,2,1,0,0,4345.99394664
20223,1129000775,9,2,7,0,1,4,2,2,0,0,0,1,0,1,0,0,1,3,2,1,0,3136.78108163
20223,1129000776,14,11,3,0,1,5,4,4,0,0,0,4,4,3,0,0,1,1,0,1,0,3585.98635768
20223,1129000780,1,1,0,0,0,0,0,1,0,0,0,0,0,1,0,0,0,0,0,0,0,9422.77781434
20223,1129000781,28,19,9,0,6,4,10,6,2,0,2,3,7,5,2,0,4,1,3,1,0,2547.94772849
20223,1129000782,24,8,16,3,3,4,11,2,1,0,0,2,5,0,1,3,3,2,6,2,0,5348.99714237
20223,1129000784,15,5,10,0,1,7,4,2,1,0,0,1,2,1,1,0,1,6,2,1,0,5119.40646325
20223,1129000787,10,4,6,0,5,2,1,1,1,0,1,2,0,0,1,0,4,0,1,1,0,3394.73541103
20223,1129000794,24,19,5,0,0,0,7,6,11,0,0,0,5,5,9,0,0,0,2,1,2,4926.52656172
20223,1129000796,12,8,4,0,0,0,2,4,6,0,0,0,1,3,4,0,0,0,1,1,2,4710.51065289
20223,1129000798,13,11,2,0,0,1,3,7,2,0,0,1,2,6,2,0,0,0,1,1,0,4172.81334224
20223,1129000800,23,20,3,0,5,2,5,6,5,0,5,2,3,6,4,0,0,0,2,0,1,9189.49733779
20223,1129000801,9,2,7,0,0,0,2,4,3,0,0,0,0,0,2,0,0,0,2,4,1,3116.91508343
20223,1129000802,2843,2591,252,0,311,1334,571,583,44,0,227,1193,545,582,44,0,84,141,26,1,0,1396.42794887
20223,1129000805,10,10,0,0,0,1,5,1,3,0,0,1,5,1,3,0,0,0,0,0,0,2544.69833752
20223,1129000806,7,7,0,0,1,1,2,3,0,0,1,1,2,3,0,0,0,0,0,0,0,4868.1024665
20223,1129000810,3,1,2,0,0,2,0,1,0,0,0,1,0,0,0,0,0,1,0,1,0,2902.12756064
20223,1129000811,106,87,19,2,12,20,28,21,23,1,6,18,24,19,19,1,6,2,4,2,4,4712.19466275
20223,1129000812,716,470,246,0,18,67,86,152,393,0,16,61,81,83,229,0,2,6,5,69,164,2416.06728545
20223,1129000814,1,0,1,0,0,0,0,0,1,0,0,0,0,0,0,0,0,0,0,0,1,3535.76576188
20223,1129000815,21,4,17,0,7,4,4,5,1,0,0,0,1,2,1,0,7,4,3,3,0,2705.47322857
20223,1129000818,22,12,10,0,2,4,5,8,3,0,2,3,3,2,2,0,0,1,2,6,1,5225.811889
20223,1129000819,99,23,76,0,17,14,21,39,8,0,1,7,10,3,2,0,16,7,11,36,6,5554.98911301
20223,1129000823,42,25,17,0,7,6,8,9,12,0,2,4,3,7,9,0,5,2,5,2,3,5420.59526373
20223,1129000826,45,35,10,1,8,8,10,15,3,1,5,7,6,13,3,0,3,1,4,2,0,4070.9246453
20223,1129000827,2,1,1,0,0,0,0,2,0,0,0,0,0,1,0,0,0,0,0,1,0,8345.35970478
20223,1129000829,8,3,5,0,1,2,2,2,1,0,0,2,1,0,0,0,1,0,1,2,1,838.622725244
20223,1129000831,2,1,1,0,0,0,0,2,0,0,0,0,0,1,0,0,0,0,0,1,0,4537.91626988
20223,1129000832,9,2,7,0,0,0,4,3,2,0,0,0,0,1,1,0,0,0,4,2,1,2183.68107382
20223,1129000833,3,2,1,0,0,0,0,0,3,0,0,0,0,0,2,0,0,0,0,0,1,879.295476845
20223,1129000837,3,3,0,0,0,1,1,1,0,0,0,1,1,1,0,0,0,0,0,0,0,6468.44824669
20223,1129000840,1,0,1,0,0,0,1,0,0,0,0,0,0,0,0,0,0,0,1,0,0,3295.81688917
20223,1129000841,13,6,7,0,1,5,4,1,2,0,1,2,1,1,1,0,0,3,3,0,1,5206.56465917
20223,1129000842,27,8,19,0,6,7,7,4,3,0,1,2,2,1,2,0,5,5,5,3,1,41579.382174
20223,1129000848,4,4,0,0,0,0,2,2,0,0,0,0,2,2,0,0,0,0,0,0,0,3721.90256055
20223,1129000852,1324,924,400,0,185,375,407,339,18,0,68,233,313,295,15,0,117,142,94,44,3,2298.98810316
20223,1129000856,17,7,10,0,0,2,7,4,4,0,0,0,2,2,3,0,0,2,5,2,1,7003.62599755
20223,1129000858,6,2,4,0,1,0,1,0,4,0,0,0,0,0,2,0,1,0,1,0,2,6460.11439249
20223,1129000860,4,3,1,0,0,2,2,0,0,0,0,1,2,0,0,0,0,1,0,0,0,11302.0638409
20223,1129000865,11,2,9,0,0,1,6,4,0,0,0,0,2,0,0,0,0,1,4,4,0,5324.17018796
20223,1129000866,63,47,16,0,7,24,17,11,4,0,2,16,16,9,4,0,5,8,1,2,0,5136.25425065
20223,1129000867,23,6,17,0,4,3,8,7,1,0,1,0,1,4,0,0,3,3,7,3,1,5045.4005423
20223,1129000868,24,19,5,0,4,13,5,1,1,0,3,11,3,1,1,0,1,2,2,0,0,9852.24429658
20223,1129000874,2,2,0,0,0,0,1,1,0,0,0,0,1,1,0,0,0,0,0,0,0,1406.93640558
20223,1129000885,2,2,0,0,0,1,0,1,0,0,0,1,0,1,0,0,0,0,0,0,0,5231.8062761
20223,1129000893,241,226,15,0,10,91,87,39,14,0,9,87,84,33,13,0,1,4,3,6,1,2119.1117736
20223,1129000903,6,5,1,0,1,1,4,0,0,0,1,0,4,0,0,0,0,1,0,0,0,1007.05343671
20223,1129000907,3,2,1,0,0,0,2,1,0,0,0,0,1,1,0,0,0,0,1,0,0,48087.2623084
20223,1129000909,2,1,1,0,0,0,0,2,0,0,0,0,0,1,0,0,0,0,0,1,0,5166.2689427
20223,1129000918,16,0,16,0,5,2,5,4,0,0,0,0,0,0,0,0,5,2,5,4,0,14185.5072107
20223,1129000922,24,19,5,0,2,5,9,3,5,0,2,5,6,2,4,0,0,0,3,1,1,1524.11613458
20223,1129000928,185,109,76,0,23,27,34,38,63,0,7,15,22,23,42,0,16,12,12,15,21,1558.34090415
20223,1129000931,51,8,43,0,0,1,3,15,32,0,0,1,1,4,2,0,0,0,2,11,30,5185.99555115
20223,1129000932,4,3,1,0,0,1,1,2,0,0,0,1,1,1,0,0,0,0,0,1,0,2642.08715849
20223,1129000933,3,1,2,0,1,2,0,0,0,0,0,1,0,0,0,0,1,1,0,0,0,4002.61665704
20223,1129000936,2,1,1,0,0,0,0,2,0,0,0,0,0,1,0,0,0,0,0,1,0,1776.85046849
20223,1129000937,2,2,0,0,0,0,2,0,0,0,0,0,2,0,0,0,0,0,0,0,0,4500.351309
20223,1129000938,7,3,4,0,1,0,2,2,2,0,0,0,1,1,1,0,1,0,1,1,1,2365.00968403
20223,1129000943,3,0,3,0,0,0,0,2,1,0,0,0,0,0,0,0,0,0,0,2,1,11980.392721
20223,1129000945,2,1,1,0,0,0,1,1,0,0,0,0,1,0,0,0,0,0,0,1,0,1689.85260309
20223,1129000947,3,3,0,0,0,0,3,0,0,0,0,0,3,0,0,0,0,0,0,0,0,2011.29263515
20223,1129000948,11,3,8,0,1,0,0,7,3,0,0,0,0,3,0,0,1,0,0,4,3,4031.43145234
20223,1129000949,3,1,2,0,1,2,0,0,0,0,0,1,0,0,0,0,1,1,0,0,0,1465.83435404
20223,1129000950,2,1,1,0,0,0,2,0,0,0,0,0,1,0,0,0,0,0,1,0,0,4461.30782734
20223,1129000951,6,4,2,0,3,0,0,2,1,0,1,0,0,2,1,0,2,0,0,0,0,3920.70547856
20223,1129000953,3,1,2,0,0,0,2,1,0,0,0,0,1,0,0,0,0,0,1,1,0,2073.78218536
20223,1129000955,2,1,1,0,0,1,1,0,0,0,0,0,1,0,0,0,0,1,0,0,0,8279.33715161
20223,1129000961,8,0,8,0,0,1,5,2,0,0,0,0,0,0,0,0,0,1,5,2,0,1027.71170842
20223,1129000963,1,0,1,0,0,0,0,1,0,0,0,0,0,0,0,0,0,0,0,1,0,2936.63904732
20223,1129000966,5,3,2,0,1,1,2,1,0,0,0,1,1,1,0,0,1,0,1,0,0,3996.60147507
20223,1129000967,23,10,13,0,1,2,10,8,2,0,0,0,6,4,0,0,1,2,4,4,2,5835.11929548
20223,1129000968,21,16,5,0,3,5,1,6,6,0,3,4,1,5,3,0,0,1,0,1,3,5025.1413773
20223,1129000969,38,16,22,0,6,14,11,6,1,0,1,7,4,3,1,0,5,7,7,3,0,4441.18787613
20223,1129000975,23,4,19,0,5,4,7,6,1,0,0,2,0,1,1,0,5,2,7,5,0,2796.2155936
20223,1129000977,4,3,1,0,0,1,2,1,0,0,0,1,1,1,0,0,0,0,1,0,0,4341.64748414
20223,1129000978,5,2,3,0,0,0,1,4,0,0,0,0,0,2,0,0,0,0,1,2,0,1726.0931747
20223,1129000980,76,60,16,1,6,15,21,16,17,0,5,9,19,14,13,1,1,6,2,2,4,5095.56778035
20223,1129000981,1,1,0,0,0,0,0,1,0,0,0,0,0,1,0,0,0,0,0,0,0,1652.94656966
20223,1129000985,4,3,1,0,0,0,0,2,2,0,0,0,0,1,2,0,0,0,0,1,0,3395.58049285
20223,1129000986,4,1,3,0,0,2,1,0,1,0,0,0,0,0,1,0,0,2,1,0,0,4952.45455533
20223,1129000989,4,3,1,0,1,0,1,0,2,0,0,0,1,0,2,0,1,0,0,0,0,3070.24257225
20223,1129000991,3,2,1,0,0,0,0,1,2,0,0,0,0,1,1,0,0,0,0,0,1,2224.03921715
20223,1129000992,3,1,2,0,0,1,1,0,1,0,0,0,0,0,1,0,0,1,1,0,0,2179.81448763
20223,1129000993,77,10,67,0,12,23,28,12,2,0,3,2,4,1,0,0,9,21,24,11,2,23159.967845
20223,1129000994,70,32,38,0,12,11,14,29,4,0,12,6,7,4,3,0,0,5,7,25,1,6404.97706942
20223,1129000996,13,11,2,0,1,2,5,5,0,0,1,0,5,5,0,0,0,2,0,0,0,4348.20984225
20223,1129001000,20,5,15,0,3,1,10,4,2,0,1,0,1,2,1,0,2,1,9,2,1,2206.90975883
20223,1129001001,24,18,6,0,3,9,4,6,2,0,1,6,4,5,2,0,2,3,0,1,0,2175.0936737
20223,1129001004,3,2,1,0,0,0,0,3,0,0,0,0,0,2,0,0,0,0,0,1,0,841.776469571
20223,1129001005,6,4,2,0,0,0,0,2,4,0,0,0,0,2,2,0,0,0,0,0,2,5383.81920806
20223,1129001013,1,0,1,0,0,0,1,0,0,0,0,0,0,0,0,0,0,0,1,0,0,1362.66134975
20223,1129001014,2,0,2,0,1,0,1,0,0,0,0,0,0,0,0,0,1,0,1,0,0,2521.91071702
20223,1129001017,4,1,3,1,1,0,0,2,0,0,0,0,0,1,0,1,1,0,0,1,0,547.046863162
20223,1129001018,1,1,0,0,0,0,1,0,0,0,0,0,1,0,0,0,0,0,0,0,0,6064.97069654
20223,1129001023,3,2,1,0,0,2,0,0,1,0,0,1,0,0,1,0,0,1,0,0,0,3199.33517688
20223,1129001025,5,2,3,0,0,2,2,1,0,0,0,1,1,0,0,0,0,1,1,1,0,3103.11723382
20223,1129001028,12,11,1,0,2,3,2,5,0,0,2,3,2,4,0,0,0,0,0,1,0,9120.23713948
20223,1129001030,2,2,0,0,1,0,0,1,0,0,1,0,0,1,0,0,0,0,0,0,0,1108.05236748
20223,1129001032,3,2,1,0,0,1,1,1,0,0,0,0,1,1,0,0,0,1,0,0,0,4876.98694464
20223,1129001037,25,10,15,0,0,8,8,5,4,0,0,1,2,3,4,0,0,7,6,2,0,3751.77947069
20223,1129001038,13,11,2,0,2,2,2,5,2,0,2,1,2,4,2,0,0,1,0,1,0,3626.80682001
20223,1129001042,5,4,1,0,0,0,2,2,1,0,0,0,1,2,1,0,0,0,1,0,0,1140.02472102
20223,1129001043,82,49,33,0,13,18,23,13,15,0,5,11,13,6,14,0,8,7,10,7,1,5254.32926294
20223,1129001044,6,5,1,0,0,0,1,0,5,0,0,0,0,0,5,0,0,0,1,0,0,4353.42759836
20223,1129001045,2,0,2,0,0,2,0,0,0,0,0,0,0,0,0,0,0,2,0,0,0,1745.5788188
20223,1129001046,10,2,8,0,2,1,6,0,1,0,0,0,1,0,1,0,2,1,5,0,0,5524.71091009
20223,1129001047,10,6,4,0,0,1,1,5,3,0,0,0,1,3,2,0,0,1,0,2,1,1830.36775806
20223,1129001051,7,5,2,0,5,0,2,0,0,0,4,0,1,0,0,0,1,0,1,0,0,5735.56898147
20223,1129001052,8,3,5,0,1,3,2,1,1,0,0,1,1,0,1,0,1,2,1,1,0,2746.02079493
20223,1129001054,6,4,2,0,0,3,3,0,0,0,0,2,2,0,0,0,0,1,1,0,0,1503.74960553
20223,1129001055,101,58,43,0,6,18,20,23,34,0,4,17,11,12,14,0,2,1,9,11,20,6147.10025989
20223,1129001056,4,3,1,0,0,2,1,0,1,0,0,1,1,0,1,0,0,1,0,0,0,1075.18881478
20223,1129001057,7,2,5,0,0,2,1,2,2,0,0,0,1,0,1,0,0,2,0,2,1,6251.77217275
20223,1129001058,21,15,6,0,0,3,4,7,7,0,0,2,2,6,5,0,0,1,2,1,2,2296.71578448
20223,1129001059,83,35,48,0,11,16,22,21,13,0,3,5,12,6,9,0,8,11,10,15,4,4413.11239033
20223,1129001060,9,3,6,0,0,1,2,3,3,0,0,1,0,1,1,0,0,0,2,2,2,3498.04703902
20223,1129001061,11,4,7,0,1,4,2,1,3,0,0,0,2,1,1,0,1,4,0,0,2,7049.04775842
20223,1129001063,11,9,2,0,0,1,1,3,6,0,0,1,1,1,6,0,0,0,0,2,0,1505.11098439
20223,1129001066,3,1,2,0,1,1,0,0,1,0,0,0,0,0,1,0,1,1,0,0,0,4832.92958376
20223,1129001067,3,2,1,0,0,0,0,1,2,0,0,0,0,1,1,0,0,0,0,0,1,1016.29541208
20223,1129001068,107,32,75,0,20,23,17,28,19,0,5,12,5,5,5,0,15,11,12,23,14,5273.02720483
20223,1129001069,30,7,23,0,3,6,9,10,2,0,0,1,3,3,0,0,3,5,6,7,2,7790.76766504
20223,1129001070,43,22,21,0,7,8,10,9,9,0,0,2,9,4,7,0,7,6,1,5,2,7140.29290074
20223,1129001071,13,9,4,0,2,4,3,2,2,0,1,3,3,1,1,0,1,1,0,1,1,4726.6933964
20223,1129001074,73,26,47,0,4,6,9,26,28,0,4,4,4,11,3,0,0,2,5,15,25,5494.36833374
20223,1129001078,38,8,30,0,4,14,12,8,0,0,0,2,3,3,0,0,4,12,9,5,0,5059.85190985
20223,1129001079,5,5,0,0,0,1,1,0,3,0,0,1,1,0,3,0,0,0,0,0,0,4938.48442309
20223,1129001081,21,11,10,0,1,1,11,5,3,0,0,0,7,2,2,0,1,1,4,3,1,5816.87580394
20223,1129001084,3,2,1,0,0,0,1,1,1,0,0,0,1,1,0,0,0,0,0,0,1,1218.13032825
20223,1129001086,4,3,1,0,1,0,0,3,0,0,1,0,0,2,0,0,0,0,0,1,0,1258.83208564
20223,1129001087,1888,974,914,2,173,552,489,562,110,2,59,199,237,388,89,0,114,353,252,174,21,4652.20452983
20223,1129001089,36,11,25,1,9,3,9,12,2,1,2,1,3,2,2,0,7,2,6,10,0,6911.31536168
20223,1129001090,41,25,16,0,0,5,7,14,15,0,0,3,4,10,8,0,0,2,3,4,7,8753.21672797
20223,1129001091,72,38,34,0,14,13,24,13,8,0,8,9,8,8,5,0,6,4,16,5,3,4886.54686968
20223,1129001093,11,7,4,0,1,4,2,2,2,0,0,2,2,1,2,0,1,2,0,1,0,2522.29532956
20223,1129001094,23,11,12,0,2,4,9,3,5,0,0,1,6,2,2,0,2,3,3,1,3,4647.07777335
20223,1129001096,10,5,5,0,1,1,1,3,4,0,0,1,0,2,2,0,1,0,1,1,2,4122.46900647
20223,1129001097,3,2,1,0,0,0,1,0,2,0,0,0,1,0,1,0,0,0,0,0,1,2761.41092864
20223,1129001098,569,476,93,0,50,99,195,215,10,0,28,69,161,211,7,0,22,30,34,4,3,8358.05920776
20223,1129001101,7,3,4,0,1,1,4,0,1,0,1,0,1,0,1,0,0,1,3,0,0,4987.15848152
20223,1129001103,7,6,1,0,0,1,4,0,2,0,0,1,3,0,2,0,0,0,1,0,0,489.322619795
20223,1129001104,74,3,71,0,2,4,4,23,41,0,0,0,0,1,2,0,2,4,4,22,39,4061.42766531
20223,1129001105,13,5,8,0,1,5,2,5,0,0,0,2,1,2,0,0,1,3,1,3,0,4728.46195577
20223,1129001108,63,11,52,1,5,15,13,19,10,0,1,1,1,5,3,1,4,14,12,14,7,4633.23802407
20223,1129001111,1440,504,936,0,168,388,622,235,27,0,45,127,183,129,20,0,123,261,439,106,7,3581.21371223
20223,1129001115,10,5,5,0,2,2,5,1,0,0,0,1,3,1,0,0,2,1,2,0,0,1857.22107275
20223,1129001117,42,28,14,0,15,15,8,3,1,0,9,8,7,3,1,0,6,7,1,0,0,5669.0010691
20223,1129001120,4,2,2,0,0,0,1,1,2,0,0,0,0,1,1,0,0,0,1,0,1,4580.96899217
20223,1129001122,97,36,61,1,32,5,12,19,28,1,11,3,6,3,12,0,21,2,6,16,16,7421.26712276
20223,1129001123,2,1,1,0,0,0,0,0,2,0,0,0,0,0,1,0,0,0,0,0,1,1696.64153036
20223,1129001129,19,6,13,0,3,3,5,5,3,0,0,2,1,3,0,0,3,1,4,2,3,3607.41567548
20223,1129001130,6,0,6,0,0,0,1,1,4,0,0,0,0,0,0,0,0,0,1,1,4,2583.55293079
20223,1129001131,23,5,18,0,2,8,6,4,3,0,0,0,2,1,2,0,2,8,4,3,1,4133.48659791
20223,1129001133,95,66,29,0,8,14,24,15,34,0,4,10,20,7,25,0,4,4,4,8,9,3183.55152703
20223,1129001135,2,1,1,0,0,0,0,2,0,0,0,0,0,1,0,0,0,0,0,1,0,2058.40180891
20223,1129001136,10,8,2,0,1,4,3,2,0,0,0,4,2,2,0,0,1,0,1,0,0,3266.05569003
20223,1129001138,4,2,2,0,1,0,1,2,0,0,0,0,1,1,0,0,1,0,0,1,0,585.791870285
20223,1129001139,2,0,2,0,0,0,1,0,1,0,0,0,0,0,0,0,0,0,1,0,1,1302.75915144
20223,1129001140,28,5,23,0,6,8,7,7,0,0,0,0,2,3,0,0,6,8,5,4,0,3436.02822603
20223,1129001141,42,10,32,1,11,9,12,3,6,0,0,0,4,1,5,1,11,9,8,2,1,3221.74481827
20223,1129001142,66,57,9,0,5,9,27,20,5,0,4,8,22,18,5,0,1,1,5,2,0,5276.16119067
20223,1129001148,9,0,9,0,0,1,6,1,1,0,0,0,0,0,0,0,0,1,6,1,1,2789.06820654
20223,1129001160,26,23,3,0,2,0,6,10,8,0,1,0,6,8,8,0,1,0,0,2,0,2685.46833113
20223,1129001162,10,0,10,0,5,1,3,1,0,0,0,0,0,0,0,0,5,1,3,1,0,1353.70511579
20223,1129001177,2,1,1,0,0,0,1,1,0,0,0,0,0,1,0,0,0,0,1,0,0,2909.55795781
20223,1129001189,7,0,7,0,0,1,3,3,0,0,0,0,0,0,0,0,0,1,3,3,0,1309.27820178
20223,1129001193,5,5,0,0,0,0,0,0,5,0,0,0,0,0,5,0,0,0,0,0,0,1998.83080038
20223,1129001197,2,1,1,0,1,0,0,1,0,0,1,0,0,0,0,0,0,0,0,1,0,99605.7962169
20223,1129001209,3,1,2,0,1,1,1,0,0,0,0,1,0,0,0,0,1,0,1,0,0,1209.571331
20223,1129001212,63,40,23,0,4,6,14,14,25,0,3,3,8,9,17,0,1,3,6,5,8,3228.87013375
20223,1129001213,11,11,0,0,0,0,5,3,3,0,0,0,5,3,3,0,0,0,0,0,0,11869.6987014
20223,1129001216,2,2,0,0,0,0,1,0,1,0,0,0,1,0,1,0,0,0,0,0,0,1419.54481761
20223,1129001222,5,1,4,0,0,2,2,0,1,0,0,0,0,0,1,0,0,2,2,0,0,1470.5223192
20223,1129001224,12,9,3,0,1,1,3,4,3,0,0,1,2,3,3,0,1,0,1,1,0,4565.34861939
20223,1129001225,281,216,65,3,41,118,74,36,9,0,15,96,63,33,9,3,26,22,11,3,0,10829.4942014
20223,1129001229,23,12,11,0,1,5,7,7,3,0,1,2,3,4,2,0,0,3,4,3,1,5993.1940868
20223,1129001230,2,1,1,0,0,0,0,1,1,0,0,0,0,0,1,0,0,0,0,1,0,2293.41197725
20223,1129001231,3,2,1,0,0,1,2,0,0,0,0,0,2,0,0,0,0,1,0,0,0,936.311347998
20223,1129001233,2,1,1,0,0,0,1,0,1,0,0,0,0,0,1,0,0,0,1,0,0,1892.3058786
20223,1129001234,8,3,5,0,0,3,0,5,0,0,0,2,0,1,0,0,0,1,0,4,0,1664.17872038
20223,1129001236,3,1,2,0,0,0,3,0,0,0,0,0,1,0,0,0,0,0,2,0,0,2740.33162369
20223,1129001237,9,6,3,0,0,1,2,2,4,0,0,0,2,2,2,0,0,1,0,0,2,4341.85360475
20223,1129001244,2,0,2,0,0,0,1,0,1,0,0,0,0,0,0,0,0,0,1,0,1,1992.77634823
20223,1129001248,2,2,0,0,0,0,1,1,0,0,0,0,1,1,0,0,0,0,0,0,0,1114.64235579
20223,1129001249,15,13,2,0,1,2,4,3,5,0,1,2,3,3,4,0,0,0,1,0,1,2931.45226285
20223,1129001251,3,2,1,0,0,0,1,2,0,0,0,0,1,1,0,0,0,0,0,1,0,923.601009438
20223,1129001252,3,2,1,0,0,2,1,0,0,0,0,1,1,0,0,0,0,1,0,0,0,2599.71738132
20223,1129001254,6,5,1,0,1,1,3,0,1,0,1,1,2,0,1,0,0,0,1,0,0,5550.75628274
20223,1129001258,18,12,6,0,3,4,3,7,1,0,2,2,2,5,1,0,1,2,1,2,0,3363.37529125
20223,1129001282,1,0,1,0,0,0,1,0,0,0,0,0,0,0,0,0,0,0,1,0,0,754.959099717
20223,1129001285,51,41,10,0,4,7,10,15,15,0,3,4,7,13,14,0,1,3,3,2,1,658.550706345
20223,1129001289,5,1,4,0,1,0,1,2,1,0,0,0,0,1,0,0,1,0,1,1,1,3968.07642543
20223,1129001291,69,19,50,0,14,15,22,14,4,0,5,5,4,3,2,0,9,10,18,11,2,17632.6150367
20223,1129001292,20,15,5,0,0,4,1,3,12,0,0,1,1,2,11,0,0,3,0,1,1,4902.26588196
20223,1129001300,6,5,1,0,2,1,1,1,1,0,1,1,1,1,1,0,1,0,0,0,0,1001.19178283
20223,1129001301,13,10,3,0,0,5,2,6,0,0,0,4,1,5,0,0,0,1,1,1,0,1508.07996165
20223,1129001311,16,15,1,0,0,5,5,5,1,0,0,4,5,5,1,0,0,1,0,0,0,1419.37916464
20223,1129001315,13,8,5,0,1,4,2,5,1,0,0,3,1,3,1,0,1,1,1,2,0,7326.73988324
20223,1129001318,15,13,2,0,0,0,6,5,4,0,0,0,4,5,4,0,0,0,2,0,0,5437.55591509
20223,1129001320,4,1,3,0,0,2,0,1,1,0,0,1,0,0,0,0,0,1,0,1,1,1903.80143801
20223,1129001323,3,2,1,0,0,0,0,1,2,0,0,0,0,1,1,0,0,0,0,0,1,2120.45093986
20223,1129001326,2,1,1,0,1,0,0,1,0,0,1,0,0,0,0,0,0,0,0,1,0,918.664044957
20223,1129001327,22,19,3,0,0,8,6,7,1,0,0,7,5,6,1,0,0,1,1,1,0,4622.36804481
20223,1129001330,2,0,2,0,0,0,0,1,1,0,0,0,0,0,0,0,0,0,0,1,1,1084.26803368
20223,1129001334,4,4,0,0,0,4,0,0,0,0,0,4,0,0,0,0,0,0,0,0,0,5649.95803163
20223,1129001336,5,4,1,0,1,2,0,2,0,0,1,2,0,1,0,0,0,0,0,1,0,2715.72165908
20223,1129001346,4,2,2,0,0,0,2,1,1,0,0,0,1,1,0,0,0,0,1,0,1,2308.39439091
20223,1129001348,8,1,7,0,1,1,1,4,1,0,0,0,0,0,1,0,1,1,1,4,0,4790.86921001
20223,1129001350,95,50,45,0,14,19,24,17,21,0,1,9,13,10,17,0,13,10,11,7,4,3080.69931178
20223,1129001354,38,9,29,0,12,14,5,7,0,0,2,2,2,3,0,0,10,12,3,4,0,2816.14414283
20223,1129001360,92,77,15,0,22,21,14,30,5,0,22,17,8,25,5,0,0,4,6,5,0,2836.0672573
20223,1129001363,4,2,2,0,0,1,0,1,2,0,0,0,0,1,1,0,0,1,0,0,1,3231.17273356
20223,1129001364,18,17,1,0,1,3,4,6,4,0,1,3,4,5,4,0,0,0,0,1,0,2347.55049009
20223,1129001369,2,2,0,0,0,1,1,0,0,0,0,1,1,0,0,0,0,0,0,0,0,1727.63892008
20223,1129001371,5,1,4,0,2,0,0,2,1,0,0,0,0,1,0,0,2,0,0,1,1,3301.08702655
20223,1129001376,10,8,2,0,0,2,3,1,4,0,0,2,3,1,2,0,0,0,0,0,2,4852.52882864
20223,1129001379,6,4,2,0,1,0,1,4,0,0,1,0,0,3,0,0,0,0,1,1,0,2566.67596289
20223,1129001380,8,4,4,0,0,1,2,1,4,0,0,1,1,1,1,0,0,0,1,0,3,3835.571848
20223,1129001382,3,2,1,0,0,1,0,2,0,0,0,1,0,1,0,0,0,0,0,1,0,1341.3151994
20223,1129001384,11,7,4,0,0,5,2,3,1,0,0,3,2,1,1,0,0,2,0,2,0,2434.41465641
20223,1129001389,3,3,0,0,0,0,1,1,1,0,0,0,1,1,1,0,0,0,0,0,0,1455.30132018
20223,1129001391,3,2,1,0,0,0,1,2,0,0,0,0,1,1,0,0,0,0,0,1,0,4600.61349277
20223,1129001397,2,1,1,0,0,0,0,1,1,0,0,0,0,1,0,0,0,0,0,0,1,868.923957791
20223,1129001400,8,5,3,0,1,1,0,4,2,0,0,0,0,3,2,0,1,1,0,1,0,2443.09056824
20223,1129001402,8,6,2,0,0,2,2,3,1,0,0,1,2,2,1,0,0,1,0,1,0,1363.18684457
20223,1129001405,7,4,3,0,0,0,1,2,4,0,0,0,0,1,3,0,0,0,1,1,1,3773.12069376
20223,1129001409,7,4,3,0,3,2,1,1,0,0,2,1,1,0,0,0,1,1,0,1,0,3687.19811542
20223,1129001411,1,0,1,0,0,0,1,0,0,0,0,0,0,0,0,0,0,0,1,0,0,893.065313794
20223,1129001415,3,2,1,0,0,0,2,1,0,0,0,0,2,0,0,0,0,0,0,1,0,2578.26555068
20223,1129001416,16,8,8,0,2,3,6,4,1,0,0,1,4,2,1,0,2,2,2,2,0,2382.94063562
20223,1129001422,82,34,48,0,10,19,16,19,18,0,0,4,6,8,16,0,10,15,10,11,2,10522.4008775
20223,1129001424,71,57,14,0,4,10,20,34,3,0,3,5,14,32,3,0,1,5,6,2,0,5099.14970665
20223,1129001427,9,4,5,0,0,0,1,6,2,0,0,0,0,3,1,0,0,0,1,3,1,2764.31163355
20223,1129001428,58,25,33,0,6,15,15,17,5,0,3,4,5,9,4,0,3,11,10,8,1,24849.9049279
20223,1129001430,40,39,1,0,2,3,4,23,8,0,2,3,3,23,8,0,0,0,1,0,0,1719.2810491
20223,1129001433,1,0,1,0,0,1,0,0,0,0,0,0,0,0,0,0,0,1,0,0,0,4161.82129936
20223,1129001434,8,8,0,0,0,2,2,1,3,0,0,2,2,1,3,0,0,0,0,0,0,3140.00692645
20223,1129001436,3,3,0,0,0,0,1,0,2,0,0,0,1,0,2,0,0,0,0,0,0,1922.30098389
20223,1129001437,4,2,2,0,1,1,0,2,0,0,0,1,0,1,0,0,1,0,0,1,0,1054.98095312
20223,1129001440,37,8,29,0,2,7,11,12,5,0,2,1,1,0,4,0,0,6,10,12,1,12902.9829544
20223,1129001441,3,1,2,0,2,0,0,1,0,0,1,0,0,0,0,0,1,0,0,1,0,2441.66146192
20223,1129001442,10,10,0,0,0,3,5,2,0,0,0,3,5,2,0,0,0,0,0,0,0,2677.91136473
20223,1129001444,9,3,6,0,3,1,1,4,0,0,1,0,1,1,0,0,2,1,0,3,0,8911.19997696
20223,1129001445,1,0,1,0,0,0,0,1,0,0,0,0,0,0,0,0,0,0,0,1,0,2572.54803552
20223,1129001446,129,54,75,1,31,34,27,12,24,0,6,10,19,8,11,1,25,24,8,4,13,6222.99353583
20223,1129001449,10,8,2,0,4,1,1,3,1,0,3,1,1,2,1,0,1,0,0,1,0,1638.67995197
20223,1129001450,41,39,2,0,1,5,4,13,18,0,1,4,4,12,18,0,0,1,0,1,0,3137.43463678
20223,1129001451,3,2,1,0,0,0,1,1,1,0,0,0,1,1,0,0,0,0,0,0,1,1471.26951474
20223,1129001454,44,39,5,0,0,2,7,12,23,0,0,2,4,11,22,0,0,0,3,1,1,3278.69548523
20223,1129001457,4,3,1,0,0,1,0,2,1,0,0,1,0,1,1,0,0,0,0,1,0,2809.34675755
20223,1129001465,6,5,1,0,0,0,3,2,1,0,0,0,2,2,1,0,0,0,1,0,0,4592.43662789
20223,1129001468,6,2,4,0,0,2,1,2,1,0,0,1,0,1,0,0,0,1,1,1,1,5275.84700193
20223,1129001471,9,4,5,0,0,3,1,0,5,0,0,0,0,0,4,0,0,3,1,0,1,3885.02788991
20223,1129001473,6,5,1,0,0,0,4,2,0,0,0,0,3,2,0,0,0,0,1,0,0,1611.55927305
20223,1129001476,12,10,2,0,2,1,4,3,2,0,2,1,4,1,2,0,0,0,0,2,0,3534.0133398
20223,1129001489,907,703,204,0,4,10,19,44,830,0,0,7,6,26,664,0,4,3,13,18,166,3463.59476813
20223,1129001491,3,1,2,0,0,0,3,0,0,0,0,0,1,0,0,0,0,0,2,0,0,3906.08988199
20223,1129001498,19,12,7,0,0,2,6,5,6,0,0,1,4,2,5,0,0,1,2,3,1,1347.21113131
20223,1129001499,4,4,0,0,3,1,0,0,0,0,3,1,0,0,0,0,0,0,0,0,0,1754.1850392
20223,1129001500,4,1,3,0,0,1,3,0,0,0,0,0,1,0,0,0,0,1,2,0,0,863.468436994
20223,1129001503,37,34,3,0,4,7,7,9,10,0,3,6,6,9,10,0,1,1,1,0,0,6648.95313586
20223,1129001508,23,11,12,0,1,0,9,9,4,0,1,0,4,3,3,0,0,0,5,6,1,2775.16339585
20223,1129001511,6,2,4,0,0,1,3,2,0,0,0,0,0,2,0,0,0,1,3,0,0,2425.55832245
20223,1129001512,3,3,0,0,0,0,3,0,0,0,0,0,3,0,0,0,0,0,0,0,0,2482.12818792
20223,1129001516,3,1,2,0,0,0,1,2,0,0,0,0,0,1,0,0,0,0,1,1,0,10269.6729421
20223,1129001517,8,2,6,0,4,1,3,0,0,0,1,0,1,0,0,0,3,1,2,0,0,2946.1416121
20223,1129001520,24,19,5,0,0,0,3,4,17,0,0,0,2,3,14,0,0,0,1,1,3,112264.001808
20223,1129001527,21,3,18,1,3,7,6,3,1,0,1,0,1,0,1,1,2,7,5,3,0,1815.25704643
20223,1129001529,836,443,393,10,107,148,194,210,167,8,67,96,91,95,86,2,40,52,103,115,81,3244.91565666
20223,1129001533,12,6,6,0,1,2,5,3,1,0,1,2,0,2,1,0,0,0,5,1,0,7005.07258843
20223,1129001541,4,2,2,0,0,0,3,1,0,0,0,0,1,1,0,0,0,0,2,0,0,5582.10152217
20223,1129001542,35,21,14,0,6,12,6,9,2,0,0,8,5,7,1,0,6,4,1,2,1,10809.4800919
20223,1129001543,9,5,4,0,2,4,2,0,1,0,2,2,1,0,0,0,0,2,1,0,1,4252.23772058
20223,1129001544,13,7,6,0,2,2,3,3,3,0,1,1,3,0,2,0,1,1,0,3,1,2769.46438583
20223,1129001546,41,13,28,4,14,5,9,8,1,0,3,3,3,4,0,4,11,2,6,4,1,3700.23516321
20223,1129001547,8,4,4,0,0,1,1,2,4,0,0,0,0,1,3,0,0,1,1,1,1,2283.89334788
20223,1129001549,3,2,1,0,0,0,0,1,2,0,0,0,0,0,2,0,0,0,0,1,0,3082.87086879
20223,1129001550,17,7,10,0,4,4,0,5,4,0,0,0,0,5,2,0,4,4,0,0,2,3963.01710403
20223,1129001551,3,2,1,0,0,0,2,1,0,0,0,0,1,1,0,0,0,0,1,0,0,1255.51300215
20223,1129001552,11,4,7,0,3,4,0,4,0,0,0,2,0,2,0,0,3,2,0,2,0,2288.87004357
20223,1129001553,3,0,3,0,0,1,1,0,1,0,0,0,0,0,0,0,0,1,1,0,1,1312.89575304
20223,1129001554,20,13,7,0,0,3,4,10,3,0,0,1,1,9,2,0,0,2,3,1,1,4500.72589937
20223,1129001556,2,1,1,0,0,0,1,0,1,0,0,0,0,0,1,0,0,0,1,0,0,2130.03979263
20223,1129001557,22,10,12,0,3,2,5,4,8,0,2,0,2,2,4,0,1,2,3,2,4,1823.5022601
20223,1129001558,4,2,2,0,0,0,4,0,0,0,0,0,2,0,0,0,0,0,2,0,0,4102.41936634
20223,1129001561,2,1,1,0,0,0,1,0,1,0,0,0,0,0,1,0,0,0,1,0,0,1632.12625983
20223,1129001564,2,1,1,0,0,0,1,0,1,0,0,0,0,0,1,0,0,0,1,0,0,13747.5201953
20223,1129001566,8,5,3,0,1,0,2,3,2,0,0,0,2,2,1,0,1,0,0,1,1,2783.57534131
20223,1129001567,3,0,3,0,1,0,0,2,0,0,0,0,0,0,0,0,1,0,0,2,0,10023.0335707
20223,1129001568,24,14,10,0,2,6,2,7,7,0,0,2,2,5,5,0,2,4,0,2,2,4343.0355389
20223,1129001569,26,13,13,0,3,5,8,5,5,0,1,2,4,2,4,0,2,3,4,3,1,14381.065832
20223,1129001570,13,10,3,0,0,3,2,5,3,0,0,3,1,3,3,0,0,0,1,2,0,1730.01425553
20223,1129001571,432,90,342,1,41,96,188,103,3,0,11,40,30,7,2,1,30,56,158,96,1,3964.85927945
20223,1129001572,362,112,250,0,18,131,177,24,12,0,6,34,48,12,12,0,12,97,129,12,0,8056.7275957
20223,1129001573,5,4,1,0,0,3,0,1,1,0,0,2,0,1,1,0,0,1,0,0,0,3278.67060907
20223,1129001574,14,9,5,0,2,3,6,2,1,0,1,2,3,2,1,0,1,1,3,0,0,5029.25642128
20223,1129001575,45,16,29,0,8,7,8,14,8,0,3,3,0,6,4,0,5,4,8,8,4,8008.16925497
20223,1129001576,20,13,7,0,2,6,6,5,1,0,2,3,5,3,0,0,0,3,1,2,1,2056.06663506
20223,1129001577,59,11,48,0,11,11,6,29,2,0,2,4,5,0,0,0,9,7,1,29,2,4200.93537208
20223,1129001578,122,88,34,0,3,13,50,42,14,0,0,11,38,31,8,0,3,2,12,11,6,5359.15774984
20223,1129001580,12,1,11,0,1,2,2,3,4,0,0,0,0,0,1,0,1,2,2,3,3,2692.58656665
20223,1129001581,16,6,10,0,1,3,4,4,4,0,0,0,2,1,3,0,1,3,2,3,1,5943.67095631
20223,1129001582,5,1,4,0,2,0,1,1,1,0,1,0,0,0,0,0,1,0,1,1,1,3755.61358973
20223,1129001583,188,60,128,0,40,88,41,12,7,0,9,26,16,4,5,0,31,62,25,8,2,2705.58063208
20223,1129001584,682,558,124,3,110,218,218,92,41,3,79,184,190,69,33,0,31,34,28,23,8,12585.539396
20223,1129001585,62,15,47,0,4,22,21,13,2,0,0,7,3,4,1,0,4,15,18,9,1,18159.6794215
20223,1129001586,236,75,161,0,33,30,40,49,84,0,11,13,13,11,27,0,22,17,27,38,57,6965.9160308
20223,1129001588,23,9,14,0,4,5,5,6,3,0,2,0,2,2,3,0,2,5,3,4,0,28616.6529241
20223,1129001589,9,5,4,0,1,1,3,4,0,0,0,1,1,3,0,0,1,0,2,1,0,2947.70634045
20223,1129001590,27,17,10,1,2,9,7,6,2,0,2,6,4,4,1,1,0,3,3,2,1,4798.23307808
20223,1129001591,21,10,11,0,5,3,6,4,3,0,1,2,3,2,2,0,4,1,3,2,1,2138.14774143
20223,1129001595,16,12,4,0,0,7,1,6,2,0,0,5,0,5,2,0,0,2,1,1,0,1784.00920877
20223,1129001602,6,5,1,0,0,0,1,3,2,0,0,0,1,2,2,0,0,0,0,1,0,2389.19628428
20223,1129001604,7,2,5,0,2,0,3,2,0,0,1,0,0,1,0,0,1,0,3,1,0,13313.163929
20223,1129001607,60,51,9,0,1,11,10,24,14,0,1,5,9,23,13,0,0,6,1,1,1,7635.27289405
20223,1129001610,53,30,23,0,4,21,12,4,12,0,1,13,5,4,7,0,3,8,7,0,5,23111.2737032
20223,1129001611,19,18,1,0,6,5,2,3,3,0,6,5,2,3,2,0,0,0,0,0,1,9148.49375224
20223,1129001612,2,2,0,0,0,0,1,1,0,0,0,0,1,1,0,0,0,0,0,0,0,3095.44501609
20223,1129001616,124,24,100,0,14,20,35,50,5,0,7,4,7,5,1,0,7,16,28,45,4,8470.10363357
20223,1129001617,42,23,19,0,6,9,18,1,8,0,1,3,12,0,7,0,5,6,6,1,1,14624.148448
20223,1129001618,24,18,6,0,6,5,8,4,1,0,4,3,6,4,1,0,2,2,2,0,0,6027.49492595
20223,1129001619,3,1,2,0,0,2,0,0,1,0,0,0,0,0,1,0,0,2,0,0,0,1286.20306618
20223,1129001620,4,3,1,0,0,0,1,3,0,0,0,0,1,2,0,0,0,0,0,1,0,3699.48213505
20223,1129001624,1,1,0,0,0,0,1,0,0,0,0,0,1,0,0,0,0,0,0,0,0,1939.28228487
20223,1129001628,9,6,3,0,1,1,2,2,3,0,0,1,2,1,2,0,1,0,0,1,1,2708.79202984
20223,1129001629,8,8,0,0,2,0,4,1,1,0,2,0,4,1,1,0,0,0,0,0,0,3474.47241604
20223,1129001631,2,1,1,0,0,0,0,1,1,0,0,0,0,1,0,0,0,0,0,0,1,2526.9182402
20223,1129001640,2,2,0,0,0,0,0,2,0,0,0,0,0,2,0,0,0,0,0,0,0,6906.31589345
20223,1129001644,62,42,20,0,1,11,18,24,8,0,0,5,13,18,6,0,1,6,5,6,2,17096.9992394
20223,1129001645,6,2,4,0,0,1,1,0,4,0,0,0,1,0,1,0,0,1,0,0,3,1706.17310916
20223,1129001646,15,10,5,0,1,2,3,4,5,0,1,1,3,2,3,0,0,1,0,2,2,7776.28594244
20223,1129001649,6,3,3,0,1,1,0,2,2,0,1,0,0,1,1,0,0,1,0,1,1,3571.2929428
20223,1129001652,59,54,5,0,4,7,31,16,1,0,4,5,28,16,1,0,0,2,3,0,0,11076.9615897
20223,1129001653,1,1,0,0,0,0,0,0,1,0,0,0,0,0,1,0,0,0,0,0,0,531.4830948
20223,1129001657,20,12,8,0,3,1,4,6,6,0,1,1,1,4,5,0,2,0,3,2,1,7318.72766697
20223,1129001659,117,110,7,0,23,26,40,21,7,0,19,24,39,21,7,0,4,2,1,0,0,4489.0919205
20223,1129001660,2,0,2,0,0,0,0,1,1,0,0,0,0,0,0,0,0,0,0,1,1,1786.09024829
20223,1129001661,3,2,1,0,1,1,0,1,0,0,0,1,0,1,0,0,1,0,0,0,0,4540.41539848
20223,1129001663,3,1,2,0,1,0,0,2,0,0,0,0,0,1,0,0,1,0,0,1,0,2767.61504058
20223,1129001666,35,4,31,0,7,11,10,7,0,0,0,1,2,1,0,0,7,10,8,6,0,13506.0754743
20223,1129001668,20,11,9,0,1,4,5,2,8,0,0,2,4,1,4,0,1,2,1,1,4,8051.24339719
20223,1129001669,3,2,1,0,1,0,0,1,1,0,1,0,0,0,1,0,0,0,0,1,0,4217.65010909
20223,1129001670,2,1,1,0,0,0,1,1,0,0,0,0,0,1,0,0,0,0,1,0,0,4432.79953572
20223,1129001673,107,36,71,0,5,23,47,26,6,0,1,5,15,11,4,0,4,18,32,15,2,42048.6372977
20223,1129001674,6,5,1,0,0,1,0,5,0,0,0,1,0,4,0,0,0,0,0,1,0,5319.85616062
20223,1129001675,8,4,4,0,1,5,1,1,0,0,0,4,0,0,0,0,1,1,1,1,0,4405.43144491
20223,1129001677,5,3,2,0,0,1,2,1,1,0,0,1,1,1,0,0,0,0,1,0,1,18777.2333451
20223,1129001678,253,207,46,5,27,75,82,40,24,1,11,70,74,34,17,4,16,5,8,6,7,31709.101242
20223,1129001680,275,110,165,0,46,115,62,31,21,0,12,37,35,12,14,0,34,78,27,19,7,31423.9957706
20223,1129001681,159,124,35,6,42,59,35,11,6,6,36,54,23,5,0,0,6,5,12,6,6,4056.36903134
20223,1129001683,56,29,27,0,4,9,16,19,8,0,2,2,6,13,6,0,2,7,10,6,2,57347.5502962
20223,1129001685,31,17,14,0,6,10,9,4,2,0,4,8,4,0,1,0,2,2,5,4,1,9737.43556297
20223,1129001686,292,231,61,0,42,76,122,35,17,0,24,64,106,28,9,0,18,12,16,7,8,11872.4971689
20223,1129001687,15,3,12,0,6,3,2,3,1,0,0,0,0,2,1,0,6,3,2,1,0,6060.75766147
20223,1129001691,34,26,8,0,4,6,12,5,7,0,2,4,9,5,6,0,2,2,3,0,1,3565.23037215
20223,1129001695,29,10,19,0,3,2,7,8,9,0,2,2,4,1,1,0,1,0,3,7,8,9635.54196006
20223,1129001696,8,5,3,0,0,0,3,4,1,0,0,0,2,2,1,0,0,0,1,2,0,21940.0663842
20223,1129001697,287,166,121,3,123,71,40,34,16,0,56,46,29,24,11,3,67,25,11,10,5,3701.5317609
20223,1129001698,113,56,57,0,14,35,33,25,6,0,4,14,13,20,5,0,10,21,20,5,1,36366.1105139
20223,1129001699,203,155,48,0,19,62,53,60,9,0,13,46,43,45,8,0,6,16,10,15,1,18370.718007
20223,1129001701,55,33,22,0,9,10,11,13,12,0,5,7,7,7,7,0,4,3,4,6,5,14579.7433132
20223,1129001706,10,4,6,0,2,1,1,2,4,0,0,0,0,1,3,0,2,1,1,1,1,8823.65887523
20223,1129001707,100,41,59,0,17,42,34,5,2,0,5,12,20,2,2,0,12,30,14,3,0,2298.36418357
20223,1129001710,7,3,4,0,1,0,4,0,2,0,0,0,1,0,2,0,1,0,3,0,0,9280.69115543
20223,1129001711,1,1,0,0,0,0,0,0,1,0,0,0,0,0,1,0,0,0,0,0,0,3813.48944324
20223,1129001712,389,264,125,3,93,154,89,33,17,0,50,111,61,26,16,3,43,43,28,7,1,50964.5354988
20223,1129001713,7,6,1,0,0,0,3,2,2,0,0,0,2,2,2,0,0,0,1,0,0,15040.4546882
20223,1129001714,2,1,1,0,0,0,1,1,0,0,0,0,1,0,0,0,0,0,0,1,0,61113.2339719
20223,1129001717,5,3,2,0,0,0,3,1,1,0,0,0,2,0,1,0,0,0,1,1,0,2859.45799565
20223,1129001718,20,20,0,0,1,2,4,10,3,0,1,2,4,10,3,0,0,0,0,0,0,5182.60388761
20223,1129001720,113,81,32,0,9,24,27,35,18,0,3,17,20,25,16,0,6,7,7,10,2,14588.5181186
20223,1129001721,2,2,0,0,0,1,0,0,1,0,0,1,0,0,1,0,0,0,0,0,0,35726.6010143
20223,1129001722,115,50,65,3,39,21,21,23,8,1,20,10,12,6,1,2,19,11,9,17,7,208944.212216
20223,1129001723,1007,400,607,4,392,409,176,22,4,1,168,178,43,6,4,3,224,231,133,16,0,17351.2547931
20223,1129001725,115,105,10,0,14,26,36,30,9,0,11,24,33,29,8,0,3,2,3,1,1,3211.27340679
20223,1129001727,60,37,23,0,16,23,16,4,1,0,10,15,9,3,0,0,6,8,7,1,1,11404.1999449
20223,1129001728,122,113,9,0,0,3,13,52,54,0,0,1,11,49,52,0,0,2,2,3,2,10298.3745181
20223,1129001729,39,21,18,0,9,8,16,5,1,0,1,3,13,4,0,0,8,5,3,1,1,14429.3177552
20223,1129001731,352,338,14,0,36,100,101,105,10,0,32,96,96,105,9,0,4,4,5,0,1,15322.0620527
20223,1129001732,22,14,8,0,3,5,4,8,2,0,3,4,2,4,1,0,0,1,2,4,1,7008.62593422
20223,1129001733,507,385,122,1,154,156,83,102,11,0,74,127,72,102,10,1,80,29,11,0,1,14141.332928
20223,1129001734,11,5,6,0,4,1,2,2,2,0,1,1,1,1,1,0,3,0,1,1,1,16218.749889
20223,1129001735,2,1,1,0,1,0,1,0,0,0,0,0,1,0,0,0,1,0,0,0,0,3143.56685703
20223,1129001736,888,751,137,0,105,305,278,187,13,0,54,259,248,178,12,0,51,46,30,9,1,20885.5474179
20223,1129001737,4,4,0,0,0,1,2,0,1,0,0,1,2,0,1,0,0,0,0,0,0,6677.97298018
20223,1129001738,12087,11233,854,5,892,2435,3701,4847,207,0,725,2094,3516,4751,147,5,167,341,185,96,60,36702.3474634
20223,1129001739,61,36,25,0,1,19,25,12,4,0,0,11,11,10,4,0,1,8,14,2,0,3342.16520041
20223,1129001740,7,4,3,0,0,2,3,1,1,0,0,1,2,1,0,0,0,1,1,0,1,11136.2202808
20223,1129001741,19,8,11,1,5,1,7,3,2,0,4,0,3,0,1,1,1,1,4,3,1,14491.8325383
20223,1129001742,82,45,37,0,8,18,22,15,19,0,4,7,10,10,14,0,4,11,12,5,5,59407.2168511
20223,1129001743,35,22,13,0,7,11,9,6,2,0,5,7,6,3,1,0,2,4,3,3,1,45676.2336692
20223,1129001744,277,230,47,1,36,85,92,55,8,0,23,60,87,53,7,1,13,25,5,2,1,4252.37959544
20223,1129001747,554,197,357,0,114,176,203,59,2,0,31,48,81,35,2,0,83,128,122,24,0,62215.1849167
20223,1129001748,22,18,4,0,1,4,5,8,4,0,0,4,3,8,3,0,1,0,2,0,1,13250.2462508
20223,1129001750,62,55,7,1,3,5,11,21,21,1,2,4,10,19,19,0,1,1,1,2,2,4991.29551256
20223,1129001752,268,138,130,2,94,38,39,37,58,0,42,19,26,18,33,2,52,19,13,19,25,32129.1420407
20223,1129001754,37,21,16,0,4,9,13,5,6,0,3,6,4,2,6,0,1,3,9,3,0,56238.503021
20223,1129001755,8,5,3,0,0,3,1,1,3,0,0,2,1,1,1,0,0,1,0,0,2,15866.9890591
20223,1129001757,971,449,522,0,262,307,224,139,39,0,77,122,129,93,28,0,185,185,95,46,11,115183.835906
20223,1129001758,9,6,3,0,0,2,1,1,5,0,0,1,0,0,5,0,0,1,1,1,0,461704.104484
20223,1129001759,21,9,12,0,4,6,7,3,1,0,0,2,3,3,1,0,4,4,4,0,0,127972.990805
20223,1129001760,12,5,7,0,0,2,5,3,2,0,0,0,1,2,2,0,0,2,4,1,0,173578.137983
20223,1129001762,81,60,21,0,9,13,26,17,16,0,6,10,17,13,14,0,3,3,9,4,2,3792.49172069
20223,1129001763,38,19,19,0,7,9,11,9,2,0,2,5,5,6,1,0,5,4,6,3,1,3685.11917834
20223,1129001765,89,64,25,0,7,10,25,24,23,0,2,6,19,20,17,0,5,4,6,4,6,3195.51657621
20223,1129001766,84,69,15,0,11,13,23,28,9,0,7,10,20,23,9,0,4,3,3,5,0,2626.50736881
20223,1129001767,4,3,1,0,1,0,0,0,3,0,0,0,0,0,3,0,1,0,0,0,0,2362.44833114
20223,1129001769,7,5,2,0,0,0,1,4,2,0,0,0,0,3,2,0,0,0,1,1,0,7690.69074465
20223,1129001771,28,18,10,0,1,5,12,7,3,0,1,2,6,6,3,0,0,3,6,1,0,5002.07761172
20223,1129001772,2,2,0,0,0,0,0,1,1,0,0,0,0,1,1,0,0,0,0,0,0,5441.09988607
20223,1129001775,22,17,5,0,7,10,2,1,2,0,5,9,2,1,0,0,2,1,0,0,2,4574.31319467
20223,1129001777,676,506,170,3,121,184,150,147,71,3,79,140,120,117,47,0,42,44,30,30,24,5672.70743044
20223,1129001780,39,24,15,0,2,13,9,10,5,0,1,11,4,4,4,0,1,2,5,6,1,12966.6739742
20223,1129001781,49,27,22,1,13,11,10,11,3,0,5,6,9,4,3,1,8,5,1,7,0,679.953867576
20223,1129001782,301,249,52,1,33,90,111,66,0,0,26,81,91,51,0,1,7,9,20,15,0,5627.30439485
20223,1129001787,5,2,3,0,0,2,0,2,1,0,0,1,0,0,1,0,0,1,0,2,0,1932.05015884
20223,1129001790,2,2,0,0,0,0,2,0,0,0,0,0,2,0,0,0,0,0,0,0,0,953.419858708
20223,1129001791,23,13,10,0,12,9,1,1,0,0,6,6,1,0,0,0,6,3,0,1,0,5521.52808952
20223,1129001792,4,2,2,0,0,0,1,3,0,0,0,0,0,2,0,0,0,0,1,1,0,6575.87772822
20223,1129001793,8,4,4,0,0,1,0,3,4,0,0,1,0,0,3,0,0,0,0,3,1,1556.47288448
20223,1129001796,2,1,1,0,0,0,0,2,0,0,0,0,0,1,0,0,0,0,0,1,0,5927.95159607
20223,1129001797,3,3,0,0,0,0,0,3,0,0,0,0,0,3,0,0,0,0,0,0,0,3749.07707306
20223,1129001798,4,2,2,0,0,0,2,0,2,0,0,0,2,0,0,0,0,0,0,0,2,2491.22563213
20223,1129001799,7,1,6,0,3,3,0,0,1,0,1,0,0,0,0,0,2,3,0,0,1,3497.66272857
20223,1129001800,22,6,16,1,10,7,2,0,2,0,0,3,2,0,1,1,10,4,0,0,1,2929.06750307
20223,1129001802,5,4,1,0,0,1,2,2,0,0,0,1,1,2,0,0,0,0,1,0,0,1957.18080496
20223,1129001803,10,1,9,0,2,5,2,0,1,0,0,1,0,0,0,0,2,4,2,0,1,3701.79853524
20223,1129001805,173,162,11,0,3,13,17,56,84,0,2,10,15,54,81,0,1,3,2,2,3,7603.20550094
20223,1129001806,6,5,1,0,0,1,0,3,2,0,0,1,0,3,1,0,0,0,0,0,1,6103.56689588
20223,1129001809,393,366,27,0,18,51,87,144,93,0,15,49,81,132,89,0,3,2,6,12,4,4015.54869065
20223,1129001811,3,1,2,0,0,1,1,0,1,0,0,0,0,0,1,0,0,1,1,0,0,4013.3108732
20223,1129001813,1027,535,492,0,91,342,397,191,6,0,29,148,235,117,6,0,62,194,162,74,0,1236.84460347
20223,1129001817,15,9,6,0,0,4,3,1,7,0,0,1,2,0,6,0,0,3,1,1,1,4900.68402436
20223,1129001819,70,66,4,0,3,0,9,33,25,0,1,0,8,33,24,0,2,0,1,0,1,2866.42817973
20223,1129001821,437,335,102,1,126,198,91,17,4,0,86,158,76,13,2,1,40,40,15,4,2,6101.43159287
20223,1129001822,121,44,77,0,27,24,36,19,15,0,10,8,10,10,6,0,17,16,26,9,9,3977.64529884
20223,1129001823,12,7,5,0,0,0,1,3,8,0,0,0,1,0,6,0,0,0,0,3,2,9128.55318805
20223,1129001824,16,9,7,0,4,4,3,2,3,0,3,2,2,0,2,0,1,2,1,2,1,8815.50505784
20223,1129001826,7,6,1,0,3,3,1,0,0,0,2,3,1,0,0,0,1,0,0,0,0,1169.4131382
20223,1129001831,24,19,5,0,3,4,9,5,3,0,2,2,8,4,3,0,1,2,1,1,0,3705.6866103
20223,1129001834,2,1,1,0,0,1,1,0,0,0,0,0,1,0,0,0,0,1,0,0,0,1737.95598376
20223,1129001837,5,2,3,0,0,0,2,1,2,0,0,0,0,0,2,0,0,0,2,1,0,4200.31347075
20223,1129001838,20,0,20,0,9,2,4,5,0,0,0,0,0,0,0,0,9,2,4,5,0,1605.0396624
20223,1129001839,2,1,1,0,0,0,1,1,0,0,0,0,0,1,0,0,0,0,1,0,0,2216.78679614
20223,1129001843,16,5,11,1,3,4,2,4,2,0,0,1,2,1,1,1,3,3,0,3,1,6201.15364473
20223,1129001844,8,1,7,0,1,2,1,0,4,0,0,0,0,0,1,0,1,2,1,0,3,1180.56938563
20223,1129001845,6,2,4,0,2,1,1,0,2,0,0,1,0,0,1,0,2,0,1,0,1,1469.88884095
20223,1129001846,2,2,0,0,0,0,1,0,1,0,0,0,1,0,1,0,0,0,0,0,0,4253.98061194
20223,1129001847,10,9,1,0,2,5,3,0,0,0,2,4,3,0,0,0,0,1,0,0,0,3085.97983842
20223,1129001849,5,2,3,0,1,0,1,3,0,0,1,0,0,1,0,0,0,0,1,2,0,1774.29074096
20223,1129001852,14,2,12,0,1,3,7,2,1,0,0,0,1,1,0,0,1,3,6,1,1,5600.35205905
20223,1129001854,28,7,21,0,12,9,5,1,1,0,0,2,3,1,1,0,12,7,2,0,0,2237.60939737
20223,1129001855,3,1,2,0,1,1,0,1,0,0,0,0,0,1,0,0,1,1,0,0,0,2625.55521993
20223,1129001856,11,8,3,0,0,3,5,3,0,0,0,3,3,2,0,0,0,0,2,1,0,2524.69968364
20223,1129001857,12,6,6,0,0,6,3,2,1,0,0,2,1,2,1,0,0,4,2,0,0,1269.0379333
20223,1129001858,9,6,3,0,0,1,2,1,5,0,0,1,0,1,4,0,0,0,2,0,1,2440.06803089
20223,1129001859,4,2,2,0,0,1,1,2,0,0,0,1,0,1,0,0,0,0,1,1,0,1274.74125263
20223,1129001862,22,11,11,0,3,3,6,5,5,0,0,2,3,3,3,0,3,1,3,2,2,1344.83088156
20223,1129001864,15,7,8,0,5,2,0,2,6,0,1,1,0,1,4,0,4,1,0,1,2,4159.64299935
20223,1129001865,13,10,3,0,1,5,2,4,1,0,0,4,2,3,1,0,1,1,0,1,0,5431.32381959
20223,1129001866,9,5,4,0,0,1,5,3,0,0,0,1,1,3,0,0,0,0,4,0,0,1978.40387727
20223,1129001868,6,4,2,0,1,4,0,0,1,0,0,3,0,0,1,0,1,1,0,0,0,2023.40280659
20223,1129001869,17,11,6,0,0,2,7,5,3,0,0,1,3,4,3,0,0,1,4,1,0,1213.87136607
20223,1129001871,20,6,14,0,4,3,6,7,0,0,0,2,0,4,0,0,4,1,6,3,0,5937.41628291
20223,1129001872,81,44,37,0,6,10,25,30,10,0,4,7,12,16,5,0,2,3,13,14,5,4385.11483318
20223,1129001873,17,10,7,0,0,2,9,3,3,0,0,2,5,0,3,0,0,0,4,3,0,6423.12726131
20223,1129001874,3,1,2,0,0,0,3,0,0,0,0,0,1,0,0,0,0,0,2,0,0,3041.35607503
20223,1129001877,24,17,7,0,1,2,11,5,5,0,1,1,8,3,4,0,0,1,3,2,1,2379.96039316
20223,1129001880,88,32,56,0,11,17,22,17,21,0,6,5,2,8,11,0,5,12,20,9,10,11745.6973191
20223,1129001882,7,5,2,0,0,0,1,6,0,0,0,0,0,5,0,0,0,0,1,1,0,2567.74991221
20223,1129001885,15,9,6,0,5,5,2,3,0,0,4,1,2,2,0,0,1,4,0,1,0,4631.45059836
20223,1129001890,2,2,0,0,0,0,2,0,0,0,0,0,2,0,0,0,0,0,0,0,0,1215.75226458
20223,1129001892,5,1,4,0,0,0,0,4,1,0,0,0,0,1,0,0,0,0,0,3,1,4712.9194268
20223,1129001893,7,6,1,0,2,1,3,0,1,0,2,1,3,0,0,0,0,0,0,0,1,4072.76141789
20223,1129001894,11,5,6,0,5,3,2,0,1,0,0,2,2,0,1,0,5,1,0,0,0,5014.25878933
20223,1129001895,20,4,16,0,1,0,5,12,2,0,0,0,0,3,1,0,1,0,5,9,1,4594.51232741
20223,1129001900,2,2,0,0,0,0,1,0,1,0,0,0,1,0,1,0,0,0,0,0,0,1438.37091732
20223,1129001902,6,4,2,0,1,1,0,0,4,0,1,1,0,0,2,0,0,0,0,0,2,2446.56008202
20223,1129001905,73,25,48,0,14,19,20,12,8,0,5,4,6,5,5,0,9,15,14,7,3,76031.7400242
20223,1129001908,9,3,6,0,1,2,4,1,1,0,0,1,1,0,1,0,1,1,3,1,0,2639.12239581
20223,1129001910,10,5,5,0,0,5,3,2,0,0,0,2,1,2,0,0,0,3,2,0,0,3448.69916309
20223,1129001911,9,3,6,0,0,0,6,2,1,0,0,0,3,0,0,0,0,0,3,2,1,4654.39745712
20223,1129001912,5,4,1,0,0,1,0,2,2,0,0,1,0,2,1,0,0,0,0,0,1,1587.62560515
20223,1129001913,4,4,0,0,0,1,0,2,1,0,0,1,0,2,1,0,0,0,0,0,0,1322.62881485
20223,1129001919,3,1,2,0,0,3,0,0,0,0,0,1,0,0,0,0,0,2,0,0,0,1226.92166334
20223,1129001921,1,0,1,0,0,1,0,0,0,0,0,0,0,0,0,0,0,1,0,0,0,1330.40119407
20223,1129001923,128,38,90,0,10,24,53,30,11,0,4,5,15,9,5,0,6,19,38,21,6,3420.0104574
20223,1129001932,3,0,3,0,1,0,0,2,0,0,0,0,0,0,0,0,1,0,0,2,0,2467.5735448
20223,1129001936,3,2,1,0,0,0,0,3,0,0,0,0,0,2,0,0,0,0,0,1,0,9166.11253513
20223,1129001941,46,12,34,0,16,13,7,8,2,0,4,4,3,0,1,0,12,9,4,8,1,9370.09863927
20223,1129001942,26,12,14,0,18,3,3,2,0,0,7,2,1,2,0,0,11,1,2,0,0,437947.697653
20223,1129001945,2,2,0,0,0,0,0,1,1,0,0,0,0,1,1,0,0,0,0,0,0,1967.90878546
20223,1129001946,6,6,0,0,0,3,3,0,0,0,0,3,3,0,0,0,0,0,0,0,0,1541.27775852
20223,1129001947,2,1,1,0,0,1,0,0,1,0,0,0,0,0,1,0,0,1,0,0,0,7388.18419486
20223,1129001948,44,12,32,0,5,1,14,17,7,0,1,1,2,3,5,0,4,0,12,14,2,16156.7338016
20223,1129001950,7,5,2,0,0,4,2,1,0,0,0,2,2,1,0,0,0,2,0,0,0,3221.76775899
20223,1129001953,6,4,2,0,0,0,3,3,0,0,0,0,2,2,0,0,0,0,1,1,0,9974.66027638
20223,1129001954,17,4,13,0,4,3,7,2,1,0,0,1,2,0,1,0,4,2,5,2,0,6849.4671825
20223,1129001955,56,37,19,0,11,16,13,11,5,0,8,11,9,6,3,0,3,5,4,5,2,3092.29561786
20223,1129001959,5,4,1,0,0,0,2,3,0,0,0,0,1,3,0,0,0,0,1,0,0,3289.24841544
20223,1129001960,2,2,0,0,0,0,1,1,0,0,0,0,1,1,0,0,0,0,0,0,0,1295.03307299
20223,1129001962,6,5,1,0,1,1,2,0,2,0,1,1,1,0,2,0,0,0,1,0,0,1859.69998736
20223,1129001964,243,154,89,2,21,47,70,68,35,2,16,28,39,47,22,0,5,19,31,21,13,4677.16547515
20223,1129001967,40,38,2,0,0,3,7,26,4,0,0,3,6,26,3,0,0,0,1,0,1,2753.5521339
20223,1129001968,155,134,21,0,4,8,23,64,56,0,1,7,16,58,52,0,3,1,7,6,4,1484.80235144
20223,1129001970,989,763,226,0,20,25,102,137,705,0,17,19,68,110,549,0,3,6,34,27,156,10142.1060422
20223,1129001981,8,8,0,0,0,1,6,1,0,0,0,1,6,1,0,0,0,0,0,0,0,1991.0859651
20223,1129001983,2,2,0,0,0,0,1,0,1,0,0,0,1,0,1,0,0,0,0,0,0,3496.91527157
20223,1129001986,11,0,11,0,1,3,4,1,2,0,0,0,0,0,0,0,1,3,4,1,2,1822.66614489
20223,1129001997,48,37,11,0,9,3,4,23,9,0,5,2,2,21,7,0,4,1,2,2,2,6168.94218231
20223,1129002002,1,1,0,0,0,0,0,1,0,0,0,0,0,1,0,0,0,0,0,0,0,3881.52250267
20223,1129002003,4,2,2,0,0,0,1,2,1,0,0,0,0,1,1,0,0,0,1,1,0,1632.91902632
20223,1129002007,9,2,7,0,2,1,5,1,0,0,0,0,1,1,0,0,2,1,4,0,0,4233.0347951
20223,1129002009,3,2,1,0,0,0,2,1,0,0,0,0,1,1,0,0,0,0,1,0,0,2124.45724996
20223,1129002012,15,4,11,0,0,0,3,11,1,0,0,0,1,2,1,0,0,0,2,9,0,1507.14214812
20223,1129002016,24,11,13,0,5,5,7,4,3,0,0,3,5,2,1,0,5,2,2,2,2,3779.15199954
20223,1129002021,8,6,2,0,0,4,2,2,0,0,0,4,0,2,0,0,0,0,2,0,0,1576.48788212
20223,1129002022,4,2,2,0,1,0,2,0,1,0,0,0,1,0,1,0,1,0,1,0,0,4191.55035887
20223,1129002023,116,57,59,0,21,31,27,22,15,0,8,13,11,14,11,0,13,18,16,8,4,11480.5519753
20223,1129002039,2,2,0,0,1,0,0,1,0,0,1,0,0,1,0,0,0,0,0,0,0,1334.84037769
20223,1129002043,3,3,0,0,0,0,0,1,2,0,0,0,0,1,2,0,0,0,0,0,0,1435.64434277
20223,1129002046,58,14,44,0,0,4,13,18,23,0,0,4,4,4,2,0,0,0,9,14,21,8749.50762102
20223,1129002047,2,1,1,0,0,0,1,1,0,0,0,0,1,0,0,0,0,0,0,1,0,3870.47638498
20223,1129002048,5,3,2,0,0,1,1,2,1,0,0,0,1,2,0,0,0,1,0,0,1,1443.41986327
20223,1129002049,11,10,1,0,0,2,3,4,2,0,0,2,2,4,2,0,0,0,1,0,0,1672.3509793
20223,1129002053,21,5,16,0,2,10,4,5,0,0,0,5,0,0,0,0,2,5,4,5,0,1894.38440958
20223,1129002059,84,61,23,1,11,22,35,11,4,1,6,19,30,5,0,0,5,3,5,6,4,4709.91195331
20223,1129002060,13,6,7,0,6,3,2,2,0,0,2,1,1,2,0,0,4,2,1,0,0,1810.84668155
20223,1129002068,3,1,2,0,0,0,3,0,0,0,0,0,1,0,0,0,0,0,2,0,0,2267.13034229
20223,1129002072,3,3,0,0,0,0,0,2,1,0,0,0,0,2,1,0,0,0,0,0,0,1338.37583629
20223,1129002077,13,4,9,0,7,2,2,1,1,0,0,1,2,0,1,0,7,1,0,1,0,1355.91522144
20223,1129002080,10,0,10,0,1,3,3,2,1,0,0,0,0,0,0,0,1,3,3,2,1,2501.95897082
20223,1129002083,3,0,3,0,1,2,0,0,0,0,0,0,0,0,0,0,1,2,0,0,0,2980.77335471
20223,1129002084,179,29,150,0,34,58,48,38,1,0,3,8,9,9,0,0,31,50,39,29,1,13593.4671353
20223,1129002086,5,4,1,0,0,0,1,3,1,0,0,0,1,2,1,0,0,0,0,1,0,5751.88011396
20223,1129002087,10,0,10,0,1,3,4,2,0,0,0,0,0,0,0,0,1,3,4,2,0,1676.80587636
20223,1129002090,6,5,1,0,0,2,1,3,0,0,0,2,1,2,0,0,0,0,0,1,0,1737.84172402
20223,1129002091,4,3,1,0,0,0,0,3,1,0,0,0,0,2,1,0,0,0,0,1,0,3879.23639159
20223,1129002093,7,5,2,0,1,1,3,2,0,0,1,1,2,1,0,0,0,0,1,1,0,1683.362008
20223,1129002094,2,1,1,0,0,1,1,0,0,0,0,1,0,0,0,0,0,0,1,0,0,2410.06826046
20223,1129002105,3,2,1,0,0,1,2,0,0,0,0,1,1,0,0,0,0,0,1,0,0,2036.80540496
20223,1129002107,11,4,7,0,0,4,4,2,1,0,0,0,2,1,1,0,0,4,2,1,0,4800.9954326
20223,1129002118,2,1,1,0,0,2,0,0,0,0,0,1,0,0,0,0,0,1,0,0,0,2098.21971208
20223,1129002124,5,2,3,0,0,1,0,2,2,0,0,1,0,0,1,0,0,0,0,2,1,2433.43492417
20223,1129002126,173,72,101,0,14,29,53,27,50,0,4,10,28,12,18,0,10,19,25,15,32,2709.43073191
20223,1129002128,10,1,9,0,1,0,2,6,1,0,0,0,0,0,1,0,1,0,2,6,0,3326.39011218
20223,1129002138,1,1,0,0,0,0,1,0,0,0,0,0,1,0,0,0,0,0,0,0,0,533.733970255
20223,1129002154,54,15,39,1,10,21,16,3,3,1,2,5,6,1,0,0,8,16,10,2,3,5325.53662008
20223,1129002156,35,9,26,0,3,5,4,5,18,0,0,2,3,1,3,0,3,3,1,4,15,4538.77153372
20223,1129002163,23,5,18,0,6,1,10,6,0,0,0,0,1,4,0,0,6,1,9,2,0,6501.85395217
20223,1129002168,30,13,17,0,3,6,11,4,6,0,0,1,7,0,5,0,3,5,4,4,1,5826.40881998
20223,1129002171,2,0,2,0,0,2,0,0,0,0,0,0,0,0,0,0,0,2,0,0,0,10329.6850449
20223,1129002181,3,3,0,0,0,1,1,0,1,0,0,1,1,0,1,0,0,0,0,0,0,5679.50517494
20223,1129002182,224,140,84,1,30,64,82,29,18,0,17,43,44,21,15,1,13,21,38,8,3,3129.97681504
20223,1129002184,4,2,2,0,0,3,1,0,0,0,0,2,0,0,0,0,0,1,1,0,0,1770.72861873
20223,1129002185,3,2,1,0,1,0,1,1,0,0,1,0,1,0,0,0,0,0,0,1,0,1834.70040303
20223,1129002186,2,1,1,0,0,0,2,0,0,0,0,0,1,0,0,0,0,0,1,0,0,3832.37423793
20223,1129002188,3,2,1,0,0,0,1,2,0,0,0,0,0,2,0,0,0,0,1,0,0,3403.37784519
20223,1129002190,2,2,0,0,0,1,0,1,0,0,0,1,0,1,0,0,0,0,0,0,0,3530.87557737
20223,1129002192,2,2,0,0,0,0,0,2,0,0,0,0,0,2,0,0,0,0,0,0,0,3566.39001961
20223,1129002193,3,2,1,0,0,0,0,2,1,0,0,0,0,1,1,0,0,0,0,1,0,3217.46525943
20223,1129002195,101,69,32,0,11,24,31,13,22,0,6,18,22,10,13,0,5,6,9,3,9,22349.1448746
20223,1129002196,4,2,2,0,1,2,0,1,0,0,0,1,0,1,0,0,1,1,0,0,0,1252.91435252
20223,1129002198,35,22,13,0,1,7,8,9,10,0,1,3,3,7,8,0,0,4,5,2,2,7752.24972337
20223,1129002199,2,1,1,0,0,1,0,1,0,0,0,0,0,1,0,0,0,1,0,0,0,3624.71100486
20223,1129002201,2,1,1,0,0,0,0,0,2,0,0,0,0,0,1,0,0,0,0,0,1,2906.53584558
20223,1129002203,36,32,4,0,4,3,11,12,6,0,4,2,9,11,6,0,0,1,2,1,0,4622.10989553
20223,1129002204,7,4,3,0,1,3,2,0,1,0,0,1,2,0,1,0,1,2,0,0,0,8681.19333025
20223,1129002205,6,0,6,0,1,2,0,3,0,0,0,0,0,0,0,0,1,2,0,3,0,8030.38680177
20223,1129002207,23,12,11,0,1,6,3,6,7,0,0,3,1,2,6,0,1,3,2,4,1,4035.81071771
20223,1129002208,332,173,159,0,32,101,104,63,32,0,12,50,64,28,19,0,20,51,40,35,13,10145.1995628
20223,1129002209,5,0,5,0,0,2,1,1,1,0,0,0,0,0,0,0,0,2,1,1,1,1273.98623352
20223,1129002210,38,15,23,0,7,8,9,7,7,0,2,3,2,3,5,0,5,5,7,4,2,8120.09588535
20223,1129002211,21,9,12,0,0,1,5,8,7,0,0,1,1,3,4,0,0,0,4,5,3,4500.74404008
20223,1129002212,65,35,30,0,5,14,13,16,17,0,2,9,6,11,7,0,3,5,7,5,10,8957.09524743
20223,1129002213,45,22,23,0,2,7,16,16,4,0,1,3,7,9,2,0,1,4,9,7,2,14995.2650451
20223,1129002214,7,6,1,0,0,1,2,1,3,0,0,1,2,0,3,0,0,0,0,1,0,1731.99791452
20223,1129002215,6,2,4,0,1,0,2,2,1,0,0,0,1,0,1,0,1,0,1,2,0,3440.34008297
20223,1129002218,52,34,18,1,10,13,16,8,4,0,5,9,12,6,2,1,5,4,4,2,2,14864.3252315
20223,1129002219,7,5,2,0,2,1,2,2,0,0,1,1,1,2,0,0,1,0,1,0,0,5857.28448504
20223,1129002221,22,10,12,0,4,6,2,5,5,0,1,1,0,4,4,0,3,5,2,1,1,12600.4196396
20223,1129002223,6,2,4,0,0,0,2,4,0,0,0,0,0,2,0,0,0,0,2,2,0,3021.59637702
20223,1129002225,16,6,10,0,1,4,6,3,2,0,0,1,4,0,1,0,1,3,2,3,1,3273.96716563
20223,1129002229,1627,1166,461,0,310,658,319,221,119,0,169,480,226,177,114,0,141,178,93,44,5,441421.287997
20223,1129002231,26,12,14,0,0,5,13,3,5,0,0,1,6,1,4,0,0,4,7,2,1,5168.98395907
20223,1129002233,3,1,2,0,0,0,1,0,2,0,0,0,0,0,1,0,0,0,1,0,1,3429.18856967
20223,1129002236,9,2,7,0,2,5,2,0,0,0,0,2,0,0,0,0,2,3,2,0,0,5999.12956369
20223,1129002238,5,4,1,0,1,2,2,0,0,0,1,2,1,0,0,0,0,0,1,0,0,8420.20371284
20223,1129002243,17,1,16,0,3,7,4,2,1,0,0,0,0,0,1,0,3,7,4,2,0,169635.383512
20223,1129002244,14,2,12,0,4,2,4,3,1,0,0,0,0,2,0,0,4,2,4,1,1,5380.12712583
20223,1129002245,6,3,3,0,2,1,1,0,2,0,1,1,1,0,0,0,1,0,0,0,2,2074.48980596
20223,1129002248,3,2,1,0,1,0,0,2,0,0,1,0,0,1,0,0,0,0,0,1,0,956.49386295
20223,1129002249,282,263,19,0,7,10,13,15,237,0,6,7,4,12,234,0,1,3,9,3,3,19442.8273689
20223,1129002250,55,19,36,0,26,15,8,4,2,0,5,7,4,1,2,0,21,8,4,3,0,14181.1653138
20223,1129002252,2,2,0,0,0,0,2,0,0,0,0,0,2,0,0,0,0,0,0,0,0,3337.16519792
20223,1129002253,2,2,0,0,0,0,0,2,0,0,0,0,0,2,0,0,0,0,0,0,0,2807.55795774
20223,1129002254,132,97,35,0,5,46,53,24,4,0,1,32,41,20,3,0,4,14,12,4,1,5285.01129929
20223,1129002259,2,1,1,0,0,0,0,1,1,0,0,0,0,0,1,0,0,0,0,1,0,2217.39757024
20223,1129002262,10,1,9,0,0,3,1,2,4,0,0,0,0,0,1,0,0,3,1,2,3,2223.12867025
20223,1129002263,6,4,2,0,0,0,1,4,1,0,0,0,0,4,0,0,0,0,1,0,1,3466.09500634
20223,1129002264,2,0,2,0,0,0,1,0,1,0,0,0,0,0,0,0,0,0,1,0,1,4824.49219195
20223,1129002265,6,1,5,0,0,1,4,1,0,0,0,0,1,0,0,0,0,1,3,1,0,1242.80683928
20223,1129002267,20,5,15,2,12,1,4,0,1,0,2,0,2,0,1,2,10,1,2,0,0,2775.1633575
20223,1129002268,168,57,111,0,37,23,26,55,27,0,13,15,12,11,6,0,24,8,14,44,21,36458.9526739
20223,1129002270,17,10,7,0,4,5,1,5,2,0,4,4,1,0,1,0,0,1,0,5,1,1475.42593303
20223,1129002274,16,1,15,0,5,6,1,1,3,0,0,0,0,0,1,0,5,6,1,1,2,4669.56432472
20223,1129002279,92,31,61,0,9,28,25,27,3,0,5,4,10,9,3,0,4,24,15,18,0,10094.5325662
20223,1129002282,158,116,42,1,28,64,40,15,10,1,22,53,22,9,9,0,6,11,18,6,1,4021.73304909
20223,1129002289,19,5,14,0,4,2,5,8,0,0,1,0,1,3,0,0,3,2,4,5,0,9705.0365792
20223,1129002290,250,137,113,0,7,22,88,97,36,0,0,8,52,54,23,0,7,14,36,43,13,42011.6324016
20223,1129002291,2,1,1,0,0,0,0,2,0,0,0,0,0,1,0,0,0,0,0,1,0,929.497139492
20223,1129002292,9,7,2,0,0,1,3,4,1,0,0,1,2,3,1,0,0,0,1,1,0,3039.09428775
20223,1129002293,6,5,1,0,1,1,3,1,0,0,0,1,3,1,0,0,1,0,0,0,0,2077.61239976
20223,1129002294,7,6,1,0,1,0,4,2,0,0,1,0,4,1,0,0,0,0,0,1,0,8727.81815393
20223,1129002301,2,1,1,0,0,0,0,0,2,0,0,0,0,0,1,0,0,0,0,0,1,1077.75832975
20223,1129002303,19,14,5,0,1,4,8,4,2,0,1,2,6,3,2,0,0,2,2,1,0,1920.66345941
20223,1129002307,26,15,11,0,1,3,8,10,4,0,1,3,5,4,2,0,0,0,3,6,2,13700.153053
20223,1129002313,2,1,1,0,0,1,1,0,0,0,0,0,1,0,0,0,0,1,0,0,0,826.490001464
20223,1129002318,666,429,237,1,166,159,181,111,48,0,91,118,113,64,43,1,75,41,68,47,5,3428.74690881
20223,1129002319,2,0,2,0,0,0,0,0,2,0,0,0,0,0,0,0,0,0,0,0,2,4658.41670517
20223,1129002323,2,1,1,0,0,0,0,2,0,0,0,0,0,1,0,0,0,0,0,1,0,475.323322453
20223,1129002326,1,1,0,0,0,0,0,1,0,0,0,0,0,1,0,0,0,0,0,0,0,2359.65263058
20223,1129002327,6,2,4,0,1,0,3,1,1,0,1,0,1,0,0,0,0,0,2,1,1,2827.66203477
20223,1129002328,10,0,10,0,1,5,2,2,0,0,0,0,0,0,0,0,1,5,2,2,0,80656.4532543
20223,1129002333,14,3,11,0,3,3,5,2,1,0,0,1,2,0,0,0,3,2,3,2,1,3902.50395142
20223,1129002335,19,10,9,0,2,3,4,5,5,0,1,1,3,2,3,0,1,2,1,3,2,4812.48497944
20223,1129002336,69,15,54,0,14,15,20,16,4,0,4,3,2,4,2,0,10,12,18,12,2,11972.4676867
20223,1129002339,3,2,1,0,0,0,0,3,0,0,0,0,0,2,0,0,0,0,0,1,0,2735.23796963
20223,1129002341,13,6,7,0,7,3,2,1,0,0,3,2,1,0,0,0,4,1,1,1,0,1288.63460844
20223,1129002342,13,8,5,0,4,3,5,0,1,0,3,2,2,0,1,0,1,1,3,0,0,1763.56480908
20223,1129002343,1,1,0,0,0,0,1,0,0,0,0,0,1,0,0,0,0,0,0,0,0,760.370671509
20223,1129002345,2,2,0,0,0,2,0,0,0,0,0,2,0,0,0,0,0,0,0,0,0,2031.83967628
20223,1129002347,2,1,1,0,0,1,1,0,0,0,0,0,1,0,0,0,0,1,0,0,0,2901.35365091
20223,1129002355,2,2,0,0,0,0,0,0,2,0,0,0,0,0,2,0,0,0,0,0,0,5650.48804124
20223,1129002357,28,2,26,0,1,2,2,6,17,0,0,1,0,0,1,0,1,1,2,6,16,3529.63067203
20223,1129002361,70,41,29,0,19,16,17,14,4,0,13,11,11,4,2,0,6,5,6,10,2,1643.30826449
20223,1129002362,2,2,0,0,0,0,0,2,0,0,0,0,0,2,0,0,0,0,0,0,0,2039.82799501
20223,1129002369,20,6,14,0,0,2,6,5,7,0,0,1,4,0,1,0,0,1,2,5,6,4270.19633829
20223,1129002370,98,39,59,0,58,26,8,4,2,0,20,11,3,3,2,0,38,15,5,1,0,1985.52759671
20223,1129002375,12,8,4,0,1,0,3,0,8,0,0,0,1,0,7,0,1,0,2,0,1,2627.26094901
20223,1129002376,10,9,1,0,1,4,3,1,1,0,1,4,2,1,1,0,0,0,1,0,0,2230.4637765
20223,1129002379,4,1,3,0,1,2,0,1,0,0,0,0,0,1,0,0,1,2,0,0,0,6381.68159416
20223,1129002380,1,0,1,0,0,0,0,0,1,0,0,0,0,0,0,0,0,0,0,0,1,1272.59744782
20223,1129002382,1,0,1,0,0,0,1,0,0,0,0,0,0,0,0,0,0,0,1,0,0,1731.38142829
20223,1129002386,7,2,5,0,0,0,4,3,0,0,0,0,0,2,0,0,0,0,4,1,0,7508.23601006
20223,1129002390,1,1,0,0,0,0,0,1,0,0,0,0,0,1,0,0,0,0,0,0,0,2112.76016803
20223,1129002391,7,2,5,0,0,0,4,1,2,0,0,0,0,1,1,0,0,0,4,0,1,5430.82202861
20223,1129002392,1,1,0,0,0,0,0,0,1,0,0,0,0,0,1,0,0,0,0,0,0,1825.03622874
20223,1129002395,5,4,1,0,1,0,2,0,2,0,1,0,1,0,2,0,0,0,1,0,0,2343.15160373
20223,1129002397,2,2,0,0,0,0,0,1,1,0,0,0,0,1,1,0,0,0,0,0,0,2736.41121504
20223,1129002398,3,1,2,0,0,0,2,1,0,0,0,0,0,1,0,0,0,0,2,0,0,4258.27755876
20223,1129002403,3,2,1,0,0,1,0,1,1,0,0,1,0,0,1,0,0,0,0,1,0,2180.53800508
20223,1129002404,13,6,7,0,1,3,2,5,2,0,1,0,0,4,1,0,0,3,2,1,1,5544.70553907
20223,1129002405,12,7,5,0,4,4,2,1,1,0,1,2,2,1,1,0,3,2,0,0,0,2490.9383013
20223,1129002406,14,3,11,0,1,3,4,4,2,0,0,0,1,0,2,0,1,3,3,4,0,3280.74419166
20223,1129002409,8,3,5,0,0,1,1,2,4,0,0,1,0,0,2,0,0,0,1,2,2,3821.27002589
20223,1129002412,8,6,2,0,0,1,2,0,5,0,0,0,1,0,5,0,0,1,1,0,0,2119.41136724
20223,1129002413,37,22,15,0,8,11,10,5,3,0,1,9,8,2,2,0,7,2,2,3,1,2392.79185618
20223,1129002415,10,3,7,0,0,3,6,1,0,0,0,1,2,0,0,0,0,2,4,1,0,5882.43759393
20223,1129002416,9,2,7,0,3,0,4,1,1,0,0,0,1,0,1,0,3,0,3,1,0,4144.25181428
20223,1129002420,4,3,1,0,0,1,0,0,3,0,0,1,0,0,2,0,0,0,0,0,1,1918.4246657
20223,1129002421,3,2,1,0,0,1,0,1,1,0,0,1,0,1,0,0,0,0,0,0,1,2282.14404754
20223,1129002423,10,9,1,0,0,4,5,0,1,0,0,4,4,0,1,0,0,0,1,0,0,1426.14195618
20223,1129002426,14,12,2,1,3,2,2,3,3,1,3,2,1,2,3,0,0,0,1,1,0,1877.15047981
20223,1129002428,18,12,6,0,7,9,2,0,0,0,4,6,2,0,0,0,3,3,0,0,0,3078.12933764
20223,1129002429,2,2,0,0,0,0,1,0,1,0,0,0,1,0,1,0,0,0,0,0,0,2232.8242843
20223,1129002430,8,6,2,0,0,0,1,5,2,0,0,0,0,4,2,0,0,0,1,1,0,13886.5299447
20223,1129002433,3,1,2,0,0,0,1,2,0,0,0,0,0,1,0,0,0,0,1,1,0,1679.41447793
20223,1129002437,3,2,1,0,0,3,0,0,0,0,0,2,0,0,0,0,0,1,0,0,0,2518.39681814
20223,1129002439,11,7,4,0,2,5,4,0,0,0,0,3,4,0,0,0,2,2,0,0,0,2025.83551952
20223,1129002444,7,3,4,0,1,0,0,2,4,0,0,0,0,1,2,0,1,0,0,1,2,2545.97590097
20223,1129002449,2,2,0,0,0,0,0,0,2,0,0,0,0,0,2,0,0,0,0,0,0,2169.3399566
20223,1129002451,9,5,4,0,0,0,0,2,7,0,0,0,0,0,5,0,0,0,0,2,2,2290.52617839
20223,1129002453,5,3,2,0,0,4,0,0,1,0,0,2,0,0,1,0,0,2,0,0,0,1245.12249191
20223,1129002454,2,1,1,0,0,0,1,0,1,0,0,0,1,0,0,0,0,0,0,0,1,3108.32565961
20223,1129002457,2,1,1,0,0,0,1,1,0,0,0,0,1,0,0,0,0,0,0,1,0,3014.48060882
20223,1129002462,2,1,1,0,0,0,0,2,0,0,0,0,0,1,0,0,0,0,0,1,0,3213.42681059
20223,1129002463,46,6,40,0,0,3,1,13,29,0,0,1,1,2,2,0,0,2,0,11,27,14562.7530353
20223,1129002464,1,1,0,0,0,0,0,0,1,0,0,0,0,0,1,0,0,0,0,0,0,3533.36701361
20223,1129002467,2,2,0,0,0,1,1,0,0,0,0,1,1,0,0,0,0,0,0,0,0,2186.23762408
20223,1129002470,69,61,8,0,2,2,7,24,34,0,1,2,4,22,32,0,1,0,3,2,2,2916.52868226
20223,1129002474,6,0,6,0,0,1,3,2,0,0,0,0,0,0,0,0,0,1,3,2,0,9060.60967438
20223,1129002482,5,2,3,0,0,1,2,2,0,0,0,1,1,0,0,0,0,0,1,2,0,1741.45926861
20223,1129002484,3,0,3,0,0,1,1,1,0,0,0,0,0,0,0,0,0,1,1,1,0,1774.65046696
20223,1129002487,1,1,0,0,0,0,0,0,1,0,0,0,0,0,1,0,0,0,0,0,0,2343.96339767
20223,1129002488,3,1,2,0,0,2,1,0,0,0,0,0,1,0,0,0,0,2,0,0,0,2971.3173049
20223,1129002491,36,14,22,0,12,10,7,6,1,0,1,4,3,5,1,0,11,6,4,1,0,2242.56079871
20223,1129002492,16,10,6,0,2,3,2,7,2,0,0,3,1,5,1,0,2,0,1,2,1,2698.26202527
20223,1129002493,91,72,19,1,24,22,19,23,2,0,19,20,16,15,2,1,5,2,3,8,0,22204.6778074
20223,1129002498,3,1,2,0,0,0,0,2,1,0,0,0,0,1,0,0,0,0,0,1,1,2956.82137497
20223,1129002500,3,1,2,0,0,0,0,2,1,0,0,0,0,0,1,0,0,0,0,2,0,2674.87043327
20223,1129002508,2,2,0,0,0,0,2,0,0,0,0,0,2,0,0,0,0,0,0,0,0,640.758253747
20223,1129002509,9,6,3,0,0,3,3,0,3,0,0,1,3,0,2,0,0,2,0,0,1,2180.93167491
20223,1129002512,71,8,63,0,11,18,24,13,5,0,0,1,2,2,3,0,11,17,22,11,2,7718.56578093
20223,1129002514,81,66,15,0,5,7,28,24,17,0,5,5,21,21,14,0,0,2,7,3,3,6885.78435703
20223,1129002517,20,11,9,0,3,1,5,7,4,0,3,0,3,3,2,0,0,1,2,4,2,6198.49964574
20223,1129002518,2,1,1,0,0,0,1,1,0,0,0,0,1,0,0,0,0,0,0,1,0,1750.54834621
20223,1129002519,1,0,1,0,0,0,1,0,0,0,0,0,0,0,0,0,0,0,1,0,0,1924.32225221
20223,1129002522,26,3,23,0,0,11,6,8,1,0,0,2,0,0,1,0,0,9,6,8,0,1422.1478076
20223,1129002523,2,1,1,0,0,0,1,1,0,0,0,0,0,1,0,0,0,0,1,0,0,1923.59277048
20223,1129002528,62,28,34,0,14,11,18,14,5,0,6,2,10,6,4,0,8,9,8,8,1,6990.71006168
20223,1129002531,28,5,23,0,2,7,9,8,2,0,2,2,0,0,1,0,0,5,9,8,1,2532.3398918
20223,1129002532,5,2,3,0,0,1,3,1,0,0,0,0,1,1,0,0,0,1,2,0,0,2521.78054879
20223,1129002533,5,3,2,0,0,1,0,1,3,0,0,1,0,0,2,0,0,0,0,1,1,2229.75860671
20223,1129002534,1,1,0,0,0,0,0,1,0,0,0,0,0,1,0,0,0,0,0,0,0,8743.6121695
20223,1129002535,85,75,10,0,20,34,21,7,3,0,16,34,18,5,2,0,4,0,3,2,1,4971.15181774
20223,1129002537,6,5,1,0,1,0,1,4,0,0,1,0,1,3,0,0,0,0,0,1,0,11342.1650667
20223,1129002539,4,4,0,0,0,0,3,0,1,0,0,0,3,0,1,0,0,0,0,0,0,3522.04385972
20223,1129002542,1,1,0,0,0,0,1,0,0,0,0,0,1,0,0,0,0,0,0,0,0,1660.90262781
20223,1129002543,4,1,3,0,1,1,0,2,0,0,0,0,0,1,0,0,1,1,0,1,0,3896.95655528
20223,1129002545,10,7,3,0,0,3,5,2,0,0,0,2,4,1,0,0,0,1,1,1,0,15484.5253364
20223,1129002546,11,8,3,0,1,2,4,3,1,0,1,1,3,2,1,0,0,1,1,1,0,7008.05892493
20223,1129002548,2,1,1,0,0,0,1,0,1,0,0,0,0,0,1,0,0,0,1,0,0,5635.99295671
20223,1129002550,7,5,2,0,0,0,5,1,1,0,0,0,4,1,0,0,0,0,1,0,1,7405.71073134
20223,1129002552,9,4,5,0,1,0,3,1,4,0,0,0,1,0,3,0,1,0,2,1,1,3098.04765708
20223,1129002553,15,3,12,0,1,4,5,3,2,0,0,1,0,0,2,0,1,3,5,3,0,2702.38072329
20223,1129002556,5,3,2,0,1,1,1,2,0,0,1,1,1,0,0,0,0,0,0,2,0,7467.18653729
20223,1129002557,5,4,1,0,0,0,2,1,2,0,0,0,1,1,2,0,0,0,1,0,0,4019.66509373
20223,1129002561,5,4,1,0,0,2,2,1,0,0,0,1,2,1,0,0,0,1,0,0,0,3554.67848052
20223,1129002564,5,5,0,0,0,4,1,0,0,0,0,4,1,0,0,0,0,0,0,0,0,1731.86539079
20223,1129002565,10,3,7,0,1,2,3,2,2,0,0,0,1,1,1,0,1,2,2,1,1,2994.35731247
20223,1129002567,5,4,1,0,2,0,1,0,2,0,2,0,1,0,1,0,0,0,0,0,1,3720.18244896
20223,1129002568,81,42,39,0,10,23,17,21,10,0,1,8,9,16,8,0,9,15,8,5,2,8196.50899983
20223,1129002573,1,1,0,0,0,0,1,0,0,0,0,0,1,0,0,0,0,0,0,0,0,3339.90812729
20223,1129002576,63,46,17,1,18,17,10,10,7,0,13,11,10,7,5,1,5,6,0,3,2,5967.04350769
20223,1129002579,34,21,13,0,6,7,9,10,2,0,1,6,7,6,1,0,5,1,2,4,1,17053.0103439
20223,1129002581,18,2,16,0,1,4,5,6,2,0,0,0,0,0,2,0,1,4,5,6,0,17905.3775233
20223,1129002584,2,2,0,0,0,0,2,0,0,0,0,0,2,0,0,0,0,0,0,0,0,1879.20285652
20223,1129002585,6,5,1,0,0,0,1,4,1,0,0,0,1,3,1,0,0,0,0,1,0,3239.42151105
20223,1129002587,8,6,2,0,1,3,0,3,1,0,0,2,0,3,1,0,1,1,0,0,0,4051.08703834
20223,1129002589,14,11,3,0,0,3,4,3,4,0,0,2,4,3,2,0,0,1,0,0,2,2754.49652676
20223,1129002592,9,7,2,0,2,0,2,3,2,0,1,0,1,3,2,0,1,0,1,0,0,2916.68001354
20223,1129002593,2,1,1,0,1,0,1,0,0,0,1,0,0,0,0,0,0,0,1,0,0,3089.87851531
20223,1129002595,3,2,1,0,0,1,0,0,2,0,0,1,0,0,1,0,0,0,0,0,1,2743.62446279
20223,1129002596,30,21,9,0,8,4,7,9,2,0,5,4,4,7,1,0,3,0,3,2,1,5096.81294101
20223,1129002598,6,2,4,0,0,1,2,3,0,0,0,0,0,2,0,0,0,1,2,1,0,2954.52081688
20223,1129002599,2,1,1,0,0,0,0,0,2,0,0,0,0,0,1,0,0,0,0,0,1,3322.787428
20223,1129002601,4,0,4,0,1,2,0,0,1,0,0,0,0,0,0,0,1,2,0,0,1,2887.5691553
20223,1129002604,5,2,3,0,0,4,0,0,1,0,0,1,0,0,1,0,0,3,0,0,0,2945.37651993
20223,1129002605,16,11,5,0,3,5,6,0,2,0,0,5,4,0,2,0,3,0,2,0,0,5030.79771549
20223,1129002606,5,0,5,0,2,1,1,1,0,0,0,0,0,0,0,0,2,1,1,1,0,3406.6579324
20223,1129002607,7,6,1,0,0,0,2,2,3,0,0,0,2,1,3,0,0,0,0,1,0,2853.63565329
20223,1129002608,5,5,0,0,1,0,0,4,0,0,1,0,0,4,0,0,0,0,0,0,0,1764.44399597
20223,1129002609,1,1,0,0,0,0,0,0,1,0,0,0,0,0,1,0,0,0,0,0,0,3407.97190945
20223,1129002611,7,3,4,0,1,2,1,2,1,0,1,0,1,1,0,0,0,2,0,1,1,4435.69379108
20223,1129002615,4,2,2,0,1,0,1,2,0,0,1,0,0,1,0,0,0,0,1,1,0,4732.48136469
20223,1129002617,4,4,0,0,0,1,2,1,0,0,0,1,2,1,0,0,0,0,0,0,0,5978.98811612
20223,1129002625,8,5,3,0,0,4,2,1,1,0,0,2,2,0,1,0,0,2,0,1,0,2978.60877262
20223,1129002627,16,10,6,0,3,3,6,4,0,0,1,3,3,3,0,0,2,0,3,1,0,2139.47305022
20223,1129002628,3,0,3,0,1,0,0,1,1,0,0,0,0,0,0,0,1,0,0,1,1,4128.76653444
20223,1129002629,5,1,4,0,0,0,2,1,2,0,0,0,1,0,0,0,0,0,1,1,2,6003.37456971
20223,1129002630,4,1,3,0,0,0,2,0,2,0,0,0,1,0,0,0,0,0,1,0,2,2510.37714457
20223,1129002631,148,126,22,0,3,6,15,12,112,0,1,3,8,10,104,0,2,3,7,2,8,8749.39789924
20223,1129002632,27,19,8,0,0,0,2,0,25,0,0,0,1,0,18,0,0,0,1,0,7,5589.46694678
20223,1129002633,114,29,85,0,20,18,28,34,14,0,3,10,9,5,2,0,17,8,19,29,12,4306.09884985
20223,1129002635,3,1,2,0,0,0,1,2,0,0,0,0,0,1,0,0,0,0,1,1,0,5819.94689896
20223,1129002636,4,4,0,0,0,0,2,2,0,0,0,0,2,2,0,0,0,0,0,0,0,4374.28950998
20223,1129002639,7,1,6,0,0,0,2,2,3,0,0,0,0,0,1,0,0,0,2,2,2,2129.56325532
20223,1129002640,6,4,2,0,1,2,1,0,2,0,0,1,1,0,2,0,1,1,0,0,0,2527.55636928
20223,1129002642,10,7,3,0,1,1,3,4,1,0,1,1,3,1,1,0,0,0,0,3,0,4197.10978617
20223,1129002643,2,2,0,0,0,0,1,0,1,0,0,0,1,0,1,0,0,0,0,0,0,2360.88167132
20223,1129002648,2,2,0,0,0,0,0,1,1,0,0,0,0,1,1,0,0,0,0,0,0,1571.21259162
20223,1129002649,87,12,75,0,11,25,31,14,6,0,1,3,3,2,3,0,10,22,28,12,3,16350.8188163
20223,1129002654,1,0,1,0,0,0,0,1,0,0,0,0,0,0,0,0,0,0,0,1,0,1823.49051811
20223,1129002655,1,1,0,0,0,0,1,0,0,0,0,0,1,0,0,0,0,0,0,0,0,1060.44170941
20223,1129002658,11,7,4,0,0,1,1,8,1,0,0,0,1,5,1,0,0,1,0,3,0,4985.03332929
20223,1129002662,25,9,16,0,1,4,10,9,1,0,0,2,3,4,0,0,1,2,7,5,1,6278.119058
20223,1129002663,11,3,8,0,0,0,2,5,4,0,0,0,0,1,2,0,0,0,2,4,2,1731.77395699
20223,1129002664,3,1,2,0,1,0,1,1,0,0,0,0,0,1,0,0,1,0,1,0,0,1453.55747439
20223,1129002665,10,4,6,0,0,2,3,3,2,0,0,1,0,2,1,0,0,1,3,1,1,5747.70521949
20223,1129002666,12,5,7,0,2,2,0,1,7,0,0,0,0,1,4,0,2,2,0,0,3,5995.61155262
20223,1129002668,10,3,7,0,1,2,3,2,2,0,0,0,1,1,1,0,1,2,2,1,1,5851.72137031
20223,1129002670,2,2,0,0,0,0,0,2,0,0,0,0,0,2,0,0,0,0,0,0,0,2788.75526557
20223,1129002673,27,21,6,0,0,2,1,3,21,0,0,1,1,2,17,0,0,1,0,1,4,4862.8791621
20223,1129002674,4,0,4,0,1,0,2,1,0,0,0,0,0,0,0,0,1,0,2,1,0,2498.35934028
20223,1129002677,12,4,8,0,4,1,4,2,1,0,0,0,2,1,1,0,4,1,2,1,0,1904.20590089
20223,1129002679,3,2,1,0,0,0,0,0,3,0,0,0,0,0,2,0,0,0,0,0,1,4924.09713631
20223,1129002682,9,1,8,0,0,0,1,3,5,0,0,0,0,0,1,0,0,0,1,3,4,2644.42795867
20223,1129002683,6,6,0,0,0,2,0,2,2,0,0,2,0,2,2,0,0,0,0,0,0,3570.53634428
20223,1129002684,7,1,6,0,0,0,4,2,1,0,0,0,0,0,1,0,0,0,4,2,0,3253.26233681
20223,1129002685,3,1,2,0,0,0,1,2,0,0,0,0,1,0,0,0,0,0,0,2,0,2742.11007194
20223,1129002687,10,7,3,0,0,5,1,2,2,0,0,5,1,0,1,0,0,0,0,2,1,7938.3393892
20223,1129002690,18,8,10,0,2,6,3,4,3,0,0,3,1,2,2,0,2,3,2,2,1,3714.12072191
20223,1129002695,4,3,1,0,0,1,2,1,0,0,0,0,2,1,0,0,0,1,0,0,0,4085.75902319
20223,1129002702,5,3,2,0,0,1,0,1,3,0,0,1,0,0,2,0,0,0,0,1,1,3769.06679114
20223,1129002704,7,6,1,0,0,1,4,2,0,0,0,1,3,2,0,0,0,0,1,0,0,4457.02163493
20223,1129002707,9,6,3,0,1,0,2,2,4,0,0,0,1,2,3,0,1,0,1,0,1,5398.11540919
20223,1129002715,12,5,7,0,0,5,2,2,3,0,0,1,0,1,3,0,0,4,2,1,0,3266.53012563
20223,1129002716,3,0,3,0,0,1,0,1,1,0,0,0,0,0,0,0,0,1,0,1,1,1931.37648281
20223,1129002717,36,29,7,0,0,1,1,4,30,0,0,1,1,2,25,0,0,0,0,2,5,3688.56911079
20223,1129002719,2,2,0,0,1,0,0,0,1,0,1,0,0,0,1,0,0,0,0,0,0,3254.93154777
20223,1129002720,565,404,161,2,38,93,150,164,118,2,20,49,104,131,98,0,18,44,46,33,20,2077.2126593
20223,1129002725,2,1,1,0,0,0,0,1,1,0,0,0,0,0,1,0,0,0,0,1,0,3499.02911257
20223,1129002726,2,1,1,0,0,0,0,1,1,0,0,0,0,0,1,0,0,0,0,1,0,1933.88301606
20223,1129002730,2,2,0,0,0,0,0,2,0,0,0,0,0,2,0,0,0,0,0,0,0,3282.77444721
20223,1129002734,5,4,1,0,0,1,2,1,1,0,0,0,2,1,1,0,0,1,0,0,0,847.865646984
20223,1129002736,4,3,1,0,0,0,1,0,3,0,0,0,1,0,2,0,0,0,0,0,1,5694.24589366
20223,1129002737,4,2,2,0,0,1,2,0,1,0,0,0,1,0,1,0,0,1,1,0,0,2754.77750146
20223,1129002741,2,1,1,0,0,0,1,0,1,0,0,0,0,0,1,0,0,0,1,0,0,2562.34874275
20223,1129002745,9,7,2,0,0,2,2,3,2,0,0,2,2,2,1,0,0,0,0,1,1,5084.56377248
20223,1129002750,3,2,1,0,0,1,0,0,2,0,0,1,0,0,1,0,0,0,0,0,1,1751.86419898
20223,1129002758,4,1,3,0,0,1,2,0,1,0,0,0,1,0,0,0,0,1,1,0,1,2032.30119427
20223,1129002761,2,0,2,0,1,0,0,1,0,0,0,0,0,0,0,0,1,0,0,1,0,1916.7802284
20223,1129002766,2,1,1,0,1,0,0,1,0,0,0,0,0,1,0,0,1,0,0,0,0,1371.74301888
20223,1129002767,7,3,4,0,4,2,1,0,0,0,1,1,1,0,0,0,3,1,0,0,0,6720.94929957
20223,1129002773,7,7,0,0,0,1,1,2,3,0,0,1,1,2,3,0,0,0,0,0,0,2500.34206656
20223,1129002774,16,5,11,0,9,6,1,0,0,0,2,2,1,0,0,0,7,4,0,0,0,3943.36895136
20223,1129002775,2,2,0,0,1,0,0,1,0,0,1,0,0,1,0,0,0,0,0,0,0,3814.52448146
20223,1129002776,10,7,3,0,0,4,3,3,0,0,0,2,2,3,0,0,0,2,1,0,0,1532.19359293
20223,1129002778,23,18,5,0,2,6,5,7,3,0,2,4,4,5,3,0,0,2,1,2,0,12590.4931161
20223,1129002779,3,1,2,0,1,0,1,1,0,0,0,0,1,0,0,0,1,0,0,1,0,1372.59984558
20223,1129002781,2,2,0,0,0,0,0,1,1,0,0,0,0,1,1,0,0,0,0,0,0,2261.09676806
20223,1129002784,125,123,2,0,2,0,11,40,72,0,1,0,11,39,72,0,1,0,0,1,0,3693.64751755
20223,1129002785,4,2,2,0,0,0,2,2,0,0,0,0,1,1,0,0,0,0,1,1,0,3498.06829637
20223,1129002786,4,1,3,0,0,2,2,0,0,0,0,0,1,0,0,0,0,2,1,0,0,655.826889159
20223,1129002787,2,1,1,0,0,0,0,2,0,0,0,0,0,1,0,0,0,0,0,1,0,2345.73109473
20223,1129002790,3,2,1,0,0,0,2,1,0,0,0,0,1,1,0,0,0,0,1,0,0,1652.94996883
20223,1129002791,8,6,2,0,0,0,3,2,3,0,0,0,2,1,3,0,0,0,1,1,0,2938.08656253
20223,1129002792,126,122,4,0,0,2,16,52,56,0,0,1,14,52,55,0,0,1,2,0,1,6214.95408465
20223,1129002793,41,17,24,0,15,11,4,9,2,0,7,3,2,3,2,0,8,8,2,6,0,6260.91425155
20223,1129002796,5,4,1,0,0,0,2,1,2,0,0,0,2,1,1,0,0,0,0,0,1,2930.33158532
20223,1129002797,2,2,0,0,0,0,0,2,0,0,0,0,0,2,0,0,0,0,0,0,0,1334.1946941
20223,1129002800,120,42,78,0,21,28,28,34,9,0,4,14,13,8,3,0,17,14,15,26,6,12145.2760122
20223,1129002801,6,4,2,0,0,0,2,3,1,0,0,0,1,2,1,0,0,0,1,1,0,5325.02844834
20223,1129002805,46,21,25,0,13,11,12,7,3,0,5,6,6,3,1,0,8,5,6,4,2,2487.99968821
20223,1129002807,4,2,2,0,0,2,0,2,0,0,0,1,0,1,0,0,0,1,0,1,0,1227.61801799
20223,1129002816,12,9,3,0,1,3,3,5,0,0,0,3,2,4,0,0,1,0,1,1,0,1079.26453681
20223,1129002817,2,2,0,0,0,0,2,0,0,0,0,0,2,0,0,0,0,0,0,0,0,726.300693196
20223,1129002819,55,30,25,5,18,10,14,5,3,1,11,7,8,2,1,4,7,3,6,3,2,4943.48173046
20223,1129002823,5,4,1,0,0,1,2,2,0,0,0,0,2,2,0,0,0,1,0,0,0,1760.40886155
20223,1129002832,3,2,1,0,0,0,2,1,0,0,0,0,1,1,0,0,0,0,1,0,0,4964.84332294
20223,1129002834,2,2,0,0,0,0,0,0,2,0,0,0,0,0,2,0,0,0,0,0,0,2475.34126798
20223,1129002837,5,3,2,0,1,0,1,3,0,0,0,0,0,3,0,0,1,0,1,0,0,5796.65856921
20223,1129002840,5,4,1,0,0,1,2,1,1,0,0,1,1,1,1,0,0,0,1,0,0,1827.81869652
20223,1129002842,7,2,5,0,1,3,1,2,0,0,0,1,0,1,0,0,1,2,1,1,0,6284.94124142
20223,1129002851,15,4,11,0,3,0,1,7,4,0,2,0,0,1,1,0,1,0,1,6,3,8720.90612591
20223,1129002852,12,5,7,0,0,2,3,4,3,0,0,2,0,1,2,0,0,0,3,3,1,1698.31759891
20223,1129002853,7,6,1,0,0,1,1,2,3,0,0,1,1,1,3,0,0,0,0,1,0,5516.51261701
20223,1129002854,4,4,0,0,0,1,2,1,0,0,0,1,2,1,0,0,0,0,0,0,0,2710.35363206
20223,1129002858,7,6,1,1,0,2,1,2,1,1,0,2,1,1,1,0,0,0,0,1,0,3073.05659004
20223,1129002859,2,2,0,0,0,0,0,2,0,0,0,0,0,2,0,0,0,0,0,0,0,912.377375488
20223,1129002864,19,0,19,0,6,4,6,3,0,0,0,0,0,0,0,0,6,4,6,3,0,5241.47265617
20223,1129002868,87,36,51,0,32,49,4,0,2,0,4,30,1,0,1,0,28,19,3,0,1,4778.24848515
20223,1129002869,26,19,7,0,1,4,9,12,0,0,1,1,7,10,0,0,0,3,2,2,0,4862.19712695
20223,1129002886,61,26,35,0,6,26,16,10,3,0,3,13,5,2,3,0,3,13,11,8,0,12937.086627
20223,1129002910,3,2,1,0,0,0,2,0,1,0,0,0,1,0,1,0,0,0,1,0,0,2748.40653281
20223,1129002919,4,1,3,0,1,0,1,0,2,0,0,0,0,0,1,0,1,0,1,0,1,5346.90475408
20223,1129002927,2,1,1,0,0,0,0,0,2,0,0,0,0,0,1,0,0,0,0,0,1,2031.61796756
20223,1129002930,11,7,4,0,1,4,4,1,1,0,0,2,3,1,1,0,1,2,1,0,0,2917.91822692
20223,1129002931,99,57,42,0,20,18,34,13,14,0,12,12,16,6,11,0,8,6,18,7,3,5917.60132611
20223,1129002935,5,3,2,0,0,2,0,2,1,0,0,2,0,0,1,0,0,0,0,2,0,2788.91613672
20223,1129002936,8,6,2,0,0,1,0,4,3,0,0,1,0,2,3,0,0,0,0,2,0,4209.43661227
20223,1129002937,9,5,4,0,1,2,2,3,1,0,1,1,2,1,0,0,0,1,0,2,1,3205.47302214
20223,1129002941,27,3,24,0,0,7,7,10,3,0,0,1,0,0,2,0,0,6,7,10,1,9462.01415392
20223,1129002944,8,5,3,0,0,1,2,2,3,0,0,0,1,1,3,0,0,1,1,1,0,2238.99396323
20223,1129002948,67,51,16,0,2,4,23,19,19,0,2,3,19,10,17,0,0,1,4,9,2,2873.86745986
20223,1129002949,10,7,3,0,0,0,3,1,6,0,0,0,1,1,5,0,0,0,2,0,1,3938.87154449
20223,1129002951,40,20,20,0,13,7,8,8,4,0,6,2,3,6,3,0,7,5,5,2,1,5828.0541768
20223,1129002972,2,1,1,0,0,0,0,0,2,0,0,0,0,0,1,0,0,0,0,0,1,2621.12324854
20223,1129002974,155,88,67,0,18,40,27,50,20,0,7,17,14,33,17,0,11,23,13,17,3,3755.62725514
20223,1129002975,33,20,13,0,5,11,12,2,3,0,1,6,10,2,1,0,4,5,2,0,2,5364.05410242
20223,1129002983,1,0,1,0,0,1,0,0,0,0,0,0,0,0,0,0,0,1,0,0,0,3203.53912984
20223,1129002986,7,7,0,0,1,0,3,2,1,0,1,0,3,2,1,0,0,0,0,0,0,1964.76823561
20223,1129002992,2,1,1,0,1,0,1,0,0,0,0,0,1,0,0,0,1,0,0,0,0,3620.09909732
20223,1129003001,2,1,1,0,0,0,2,0,0,0,0,0,1,0,0,0,0,0,1,0,0,1209.95623379
20223,1129003002,28,18,10,0,0,3,8,11,6,0,0,1,2,10,5,0,0,2,6,1,1,3486.72686105
20223,1129003004,4,2,2,0,1,0,1,1,1,0,0,0,1,0,1,0,1,0,0,1,0,3460.20011502
20223,1129003006,1,1,0,0,0,0,0,0,1,0,0,0,0,0,1,0,0,0,0,0,0,1059.83553501
20223,1129003009,6,6,0,0,1,0,3,1,1,0,1,0,3,1,1,0,0,0,0,0,0,1450.63182255
20223,1129003011,16,4,12,0,2,2,7,3,2,0,0,0,3,0,1,0,2,2,4,3,1,3668.58276496
20223,1129003012,2,0,2,0,0,0,0,1,1,0,0,0,0,0,0,0,0,0,0,1,1,3522.87732936
20223,1129003015,3,2,1,0,1,0,1,1,0,0,1,0,1,0,0,0,0,0,0,1,0,9087.93614223
20223,1129003017,28,8,20,0,2,8,8,7,3,0,0,0,1,4,3,0,2,8,7,3,0,1183.50498078
20223,1129003018,136,133,3,0,1,1,12,38,84,0,1,0,10,38,84,0,0,1,2,0,0,2062.31053703
20223,1129003019,10,7,3,0,1,1,6,1,1,0,1,0,4,1,1,0,0,1,2,0,0,4045.47881746
20223,1129003020,2,1,1,0,0,0,2,0,0,0,0,0,1,0,0,0,0,0,1,0,0,1942.32683499
20223,1129003027,20,7,13,0,5,3,3,5,4,0,0,0,1,3,3,0,5,3,2,2,1,8796.2157041
20223,1129003034,8,5,3,0,0,6,2,0,0,0,0,4,1,0,0,0,0,2,1,0,0,2252.69009991
20223,1129003035,10,5,5,0,0,2,5,2,1,0,0,0,2,2,1,0,0,2,3,0,0,3717.01820287
20223,1129003037,24,10,14,0,2,5,9,7,1,0,0,1,3,5,1,0,2,4,6,2,0,3592.73380512
20223,1129003040,7,2,5,0,0,3,2,2,0,0,0,0,0,2,0,0,0,3,2,0,0,1806.45537376
20223,1129003041,32,14,18,0,0,3,8,13,8,0,0,1,4,6,3,0,0,2,4,7,5,1171.40095398
20223,1129003042,38,15,23,2,8,11,8,6,3,0,1,4,2,5,3,2,7,7,6,1,0,3380.26247304
20223,1129003044,33,7,26,1,8,9,4,8,3,0,0,2,0,3,2,1,8,7,4,5,1,4444.42123654
20223,1129003048,3,1,2,0,0,0,1,2,0,0,0,0,0,1,0,0,0,0,1,1,0,2832.81298506
20223,1129003053,13,8,5,0,2,3,3,1,4,0,2,3,1,0,2,0,0,0,2,1,2,4899.77519327
20223,1129003056,55,19,36,0,16,7,16,9,7,0,1,2,6,4,6,0,15,5,10,5,1,9543.35996833
20223,1129003057,266,130,136,2,34,33,57,86,54,1,11,14,27,40,37,1,23,19,30,46,17,3459.89958581
20223,1129003065,1,1,0,0,0,0,0,1,0,0,0,0,0,1,0,0,0,0,0,0,0,3031.1257573
20223,1129003067,116,53,63,1,31,45,23,11,5,0,9,19,15,6,4,1,22,26,8,5,1,1960.73629351
20223,1129003070,6,0,6,0,0,1,4,0,1,0,0,0,0,0,0,0,0,1,4,0,1,5567.76679718
20223,1129003072,65,31,34,0,9,5,17,23,11,0,4,0,9,11,7,0,5,5,8,12,4,4084.44073694
20223,1129003076,3,1,2,0,0,1,0,1,1,0,0,0,0,0,1,0,0,1,0,1,0,3919.40052077
20223,1129003086,14,12,2,0,0,2,3,3,6,0,0,0,3,3,6,0,0,2,0,0,0,3887.31598407
20223,1129003093,25,1,24,0,4,12,6,3,0,0,0,0,1,0,0,0,4,12,5,3,0,3041.20758308
20223,1129003094,3,2,1,0,0,0,3,0,0,0,0,0,2,0,0,0,0,0,1,0,0,8172.03536645
20223,1129003095,7,4,3,0,1,0,3,2,1,0,1,0,1,1,1,0,0,0,2,1,0,3287.98730611
20223,1129003097,23,13,10,0,0,3,5,9,6,0,0,3,3,3,4,0,0,0,2,6,2,3464.49313751
20223,1129003099,3,1,2,0,0,1,2,0,0,0,0,0,1,0,0,0,0,1,1,0,0,2437.33057751
20223,1129003101,6,2,4,0,0,2,2,2,0,0,0,0,1,1,0,0,0,2,1,1,0,2336.92079312
20223,1129003107,6,4,2,0,0,2,2,0,2,0,0,0,2,0,2,0,0,2,0,0,0,7505.19828178
20223,1129003109,12,6,6,0,0,3,3,2,4,0,0,2,0,2,2,0,0,1,3,0,2,18992.0131998
20223,1129003111,2,1,1,0,0,2,0,0,0,0,0,1,0,0,0,0,0,1,0,0,0,4060.99282654
20223,1129003113,18,12,6,0,0,4,10,2,2,0,0,3,7,0,2,0,0,1,3,2,0,2851.67362311
20223,1129003114,3,2,1,0,0,0,1,2,0,0,0,0,1,1,0,0,0,0,0,1,0,4542.76132568
20223,1129003115,41,17,24,0,13,14,12,2,0,0,2,5,8,2,0,0,11,9,4,0,0,2321.60310198
20223,1129003118,2,1,1,0,0,0,0,1,1,0,0,0,0,0,1,0,0,0,0,1,0,8901.25138938
20223,1129003120,8,4,4,0,0,4,4,0,0,0,0,1,3,0,0,0,0,3,1,0,0,2976.72600347
20223,1129003121,27,11,16,0,2,7,8,7,3,0,1,3,3,1,3,0,1,4,5,6,0,7438.25700464
20223,1129003124,21,17,4,0,3,7,4,4,3,0,3,7,2,3,2,0,0,0,2,1,1,3758.3609374
20223,1129003126,20,4,16,0,4,9,1,4,2,0,0,3,0,0,1,0,4,6,1,4,1,10382.2676633
20223,1129003127,12,7,5,0,4,6,1,1,0,0,0,5,1,1,0,0,4,1,0,0,0,8359.50708252
20223,1129003138,7,3,4,0,1,3,3,0,0,0,0,2,1,0,0,0,1,1,2,0,0,3398.92620896
20223,1129003145,22,9,13,0,0,6,7,8,1,0,0,1,1,6,1,0,0,5,6,2,0,18146.0066388
20223,1129003166,14,5,9,0,3,5,3,2,1,0,0,2,1,2,0,0,3,3,2,0,1,1747.5660384
20223,1129003168,3,2,1,0,0,1,0,0,2,0,0,1,0,0,1,0,0,0,0,0,1,3334.32217404
20223,1129003174,171,86,85,0,29,43,52,38,9,0,15,28,26,12,5,0,14,15,26,26,4,4851.09342493
20223,1129003176,6,2,4,0,0,0,1,3,2,0,0,0,0,2,0,0,0,0,1,1,2,181549.710325
20223,1129003179,11,1,10,0,1,1,7,2,0,0,1,0,0,0,0,0,0,1,7,2,0,3261.56125899
20223,1129003182,4,2,2,0,0,1,0,1,2,0,0,0,0,1,1,0,0,1,0,0,1,1980.18975681
20223,1129003189,55,13,42,0,5,15,16,12,7,0,0,2,2,3,6,0,5,13,14,9,1,12230.9123414
20223,1129003190,16,7,9,0,0,2,6,3,5,0,0,1,2,2,2,0,0,1,4,1,3,3942.95807901
20223,1129003193,22,10,12,0,0,3,3,12,4,0,0,0,1,6,3,0,0,3,2,6,1,1670.69693616
20223,1129003196,121,20,101,0,13,36,43,22,7,0,0,6,4,6,4,0,13,30,39,16,3,24379.2435096
20223,1129003197,10,3,7,0,1,2,5,1,1,0,0,2,1,0,0,0,1,0,4,1,1,2403.76775529
20223,1129003198,1,0,1,0,0,0,0,1,0,0,0,0,0,0,0,0,0,0,0,1,0,769.525965648
20223,1129003200,6,6,0,0,0,2,3,1,0,0,0,2,3,1,0,0,0,0,0,0,0,4424.47588641
20223,1129003202,2,1,1,0,0,0,2,0,0,0,0,0,1,0,0,0,0,0,1,0,0,7898.64081648
20223,1129003205,4,4,0,0,0,2,2,0,0,0,0,2,2,0,0,0,0,0,0,0,0,1771.36682709
20223,1129003206,3,2,1,0,0,1,0,2,0,0,0,1,0,1,0,0,0,0,0,1,0,5373.71201391
20223,1129003208,1,1,0,0,0,0,0,0,1,0,0,0,0,0,1,0,0,0,0,0,0,1465.64428187
20223,1129003209,6,5,1,0,0,0,3,3,0,0,0,0,2,3,0,0,0,0,1,0,0,1361.52460671
20223,1129003212,17,8,9,0,0,0,8,6,3,0,0,0,4,2,2,0,0,0,4,4,1,9885.7222336
20223,1129003222,31,19,12,0,5,7,11,4,4,0,3,6,7,2,1,0,2,1,4,2,3,3405.47119231
20223,1129003226,86,43,43,0,14,15,21,22,14,0,5,9,10,12,7,0,9,6,11,10,7,4535.9669593
20223,1129003227,533,183,350,0,153,150,124,77,29,0,34,55,33,33,28,0,119,95,91,44,1,8808.63119494
20223,1129003232,5,2,3,0,1,1,0,1,2,0,1,0,0,0,1,0,0,1,0,1,1,856.310424617
20223,1129003239,33,16,17,0,5,7,10,6,5,0,0,5,4,3,4,0,5,2,6,3,1,23681.685196
20223,1129003245,4,3,1,0,1,0,2,1,0,0,1,0,1,1,0,0,0,0,1,0,0,2856.74893881
20223,1129003249,12,9,3,0,1,3,3,2,3,0,1,1,2,2,3,0,0,2,1,0,0,1993.59907756
20223,1129003251,59,31,28,0,2,10,17,22,8,0,1,5,11,10,4,0,1,5,6,12,4,16240.7449186
20223,1129003252,12,5,7,0,1,3,5,2,1,0,0,1,3,1,0,0,1,2,2,1,1,5033.99382824
20223,1129003253,12,7,5,0,0,0,1,3,8,0,0,0,0,1,6,0,0,0,1,2,2,2129.75096584
20223,1129003256,19,9,10,0,6,6,4,2,1,0,0,5,2,2,0,0,6,1,2,0,1,3204.65340618
20223,1129003259,2,1,1,0,0,0,0,1,1,0,0,0,0,1,0,0,0,0,0,0,1,2732.20612794
20223,1129003260,29,18,11,0,5,1,7,15,1,0,2,1,7,7,1,0,3,0,0,8,0,1707.01936264
20223,1129003263,24,7,17,0,2,9,6,4,3,0,0,3,1,0,3,0,2,6,5,4,0,9576.02661646
20223,1129003264,4,4,0,0,0,0,2,2,0,0,0,0,2,2,0,0,0,0,0,0,0,1866.95626467
20223,1129003266,10,5,5,0,1,1,3,4,1,0,0,1,1,2,1,0,1,0,2,2,0,15326.443464
20223,1129003268,2,1,1,0,0,0,1,0,1,0,0,0,0,0,1,0,0,0,1,0,0,1968.88106601
20223,1129003269,18,3,15,0,2,1,5,9,1,0,1,1,0,1,0,0,1,0,5,8,1,7699.40582463
20223,1129003272,10,6,4,0,2,3,2,1,2,0,1,2,2,0,1,0,1,1,0,1,1,2717.33802711
20223,1129003274,8,3,5,0,0,2,4,2,0,0,0,1,0,2,0,0,0,1,4,0,0,8069.38302156
20223,1129003276,2,1,1,0,0,0,0,0,2,0,0,0,0,0,1,0,0,0,0,0,1,2821.19217976
20223,1129003277,101,98,3,0,1,0,14,42,44,0,1,0,13,41,43,0,0,0,1,1,1,1796.42265556
20223,1129003286,14,10,4,0,0,1,3,6,4,0,0,1,1,4,4,0,0,0,2,2,0,2803.45377912
20223,1129003291,62,14,48,0,16,15,11,16,4,0,6,0,3,1,4,0,10,15,8,15,0,9791.84305715
20223,1129003295,10,7,3,0,0,3,5,1,1,0,0,1,4,1,1,0,0,2,1,0,0,150658.194233
20223,1129003297,23,8,15,0,2,5,6,7,3,0,2,2,2,1,1,0,0,3,4,6,2,9142.43887075
20223,1129003298,25,13,12,0,3,9,3,7,3,0,2,3,1,4,3,0,1,6,2,3,0,153132.017996
20223,1129003301,20,14,6,0,3,1,6,6,4,0,2,0,5,4,3,0,1,1,1,2,1,1986.76351246
20223,1129003304,3,3,0,0,0,2,1,0,0,0,0,2,1,0,0,0,0,0,0,0,0,1672.5735129
20223,1129003306,666,585,81,0,148,331,158,26,3,0,103,307,146,26,3,0,45,24,12,0,0,1713.6508946
20223,1129003307,370,339,31,0,8,32,123,158,49,0,3,30,113,151,42,0,5,2,10,7,7,19495.1816125
20223,1129003308,120,56,64,0,0,6,11,6,97,0,0,3,6,2,45,0,0,3,5,4,52,10581.0911798
20223,1129003310,102,47,55,0,5,39,36,19,3,0,1,12,17,14,3,0,4,27,19,5,0,2770.65655474
20223,1129003312,141,122,19,13,33,39,25,25,6,12,27,34,22,21,6,1,6,5,3,4,0,7673.80725909
20223,1129003313,3,3,0,0,0,0,0,0,3,0,0,0,0,0,3,0,0,0,0,0,0,3708.91559748
20223,1129003315,28,17,11,0,2,6,6,10,4,0,2,3,3,6,3,0,0,3,3,4,1,2017.5094654
20223,1129003316,3,3,0,0,0,1,0,2,0,0,0,1,0,2,0,0,0,0,0,0,0,7841.78248881
20223,1129003318,3,3,0,0,0,1,2,0,0,0,0,1,2,0,0,0,0,0,0,0,0,3548.22422424
20223,1129003322,12,10,2,0,0,1,4,5,2,0,0,1,3,4,2,0,0,0,1,1,0,10755.1635351
20223,1129003324,16,11,5,0,1,2,5,4,4,0,1,2,2,3,3,0,0,0,3,1,1,1769.06303048
20223,1129003327,7,4,3,0,0,0,1,0,6,0,0,0,0,0,4,0,0,0,1,0,2,5166.20165654
20223,1129003328,3,2,1,0,0,1,2,0,0,0,0,0,2,0,0,0,0,1,0,0,0,3729.29810905
20223,1129003329,4,2,2,0,0,0,2,1,1,0,0,0,1,0,1,0,0,0,1,1,0,1848.52853895
20223,1129003331,22,19,3,0,3,4,4,6,5,0,2,3,4,5,5,0,1,1,0,1,0,7748.36793471
20223,1129003332,55,37,18,2,20,10,13,6,4,2,14,8,6,4,3,0,6,2,7,2,1,215719.067956
20223,1129003335,28,12,16,0,1,3,9,12,3,0,0,1,6,4,1,0,1,2,3,8,2,2418.6848547
20223,1129003342,3,1,2,0,0,0,3,0,0,0,0,0,1,0,0,0,0,0,2,0,0,2311.70677967
20223,1129003344,45,37,8,0,4,18,17,3,3,0,4,15,12,3,3,0,0,3,5,0,0,5244.6227638
20223,1129003345,2,1,1,0,0,1,0,1,0,0,0,0,0,1,0,0,0,1,0,0,0,28853.8807185
20223,1129003346,11,6,5,0,0,0,6,4,1,0,0,0,3,2,1,0,0,0,3,2,0,2029.67296716
20223,1129003350,4,1,3,0,1,0,1,0,2,0,0,0,0,0,1,0,1,0,1,0,1,10586.870596
20223,1129003353,3,2,1,0,0,0,0,2,1,0,0,0,0,2,0,0,0,0,0,0,1,461.241539054
20223,1129003354,10,1,9,0,3,1,2,4,0,0,0,0,0,1,0,0,3,1,2,3,0,2251.90633398
20223,1129003359,2,1,1,0,0,0,0,0,2,0,0,0,0,0,1,0,0,0,0,0,1,1821.31091352
20223,1129003364,9,5,4,0,1,2,2,2,2,0,0,2,1,1,1,0,1,0,1,1,1,11256.0176298
20223,1129003367,20,14,6,0,3,2,6,9,0,0,2,2,6,4,0,0,1,0,0,5,0,8646.12487479
20223,1129003374,23,4,19,0,6,5,7,3,2,0,2,1,0,0,1,0,4,4,7,3,1,2200.62430712
20223,1129003382,16,14,2,0,6,4,3,3,0,0,5,4,3,2,0,0,1,0,0,1,0,3529.9245972
20223,1129003383,6,4,2,0,1,1,1,1,2,0,0,1,0,1,2,0,1,0,1,0,0,3301.58478418
20223,1129003386,1,0,1,0,0,0,1,0,0,0,0,0,0,0,0,0,0,0,1,0,0,9178.45469356
20223,1129003387,46,1,45,0,3,5,2,12,24,0,0,0,0,0,1,0,3,5,2,12,23,14015.5105883
20223,1129003389,39,6,33,0,9,7,12,7,4,0,1,2,1,1,1,0,8,5,11,6,3,4351.27532063
20223,1129003396,6,3,3,0,1,2,0,3,0,0,0,1,0,2,0,0,1,1,0,1,0,3011.66059464
20223,1129003398,10,10,0,0,0,3,1,3,3,0,0,3,1,3,3,0,0,0,0,0,0,5080.71253135
20223,1129003399,16,9,7,0,2,3,7,3,1,0,1,2,2,3,1,0,1,1,5,0,0,3711.03540675
20223,1129003402,19,10,9,0,2,3,7,2,5,0,0,2,2,2,4,0,2,1,5,0,1,12604.4376944
20223,1129003403,42,9,33,0,7,18,10,7,0,0,0,7,1,1,0,0,7,11,9,6,0,18062.061525
20223,1129003404,7,1,6,0,2,4,1,0,0,0,0,0,1,0,0,0,2,4,0,0,0,5851.29808174
20223,1129003405,3,2,1,0,0,0,0,2,1,0,0,0,0,1,1,0,0,0,0,1,0,4626.82329492
20223,1129003407,4,2,2,0,1,2,1,0,0,0,0,1,1,0,0,0,1,1,0,0,0,5369.19492692
20223,1129003413,215,79,136,0,76,90,36,9,4,0,22,30,18,6,3,0,54,60,18,3,1,176517.546399
20223,1129003416,13,5,8,0,0,0,2,4,7,0,0,0,1,0,4,0,0,0,1,4,3,43289.3628752
20223,1129003420,2,1,1,0,0,0,1,0,1,0,0,0,0,0,1,0,0,0,1,0,0,5783.34671246
20223,1129003425,7,3,4,0,1,0,1,5,0,0,1,0,0,2,0,0,0,0,1,3,0,13173.9466361
20223,1129003430,9,5,4,0,1,1,0,4,3,0,0,0,0,2,3,0,1,1,0,2,0,11398.3199726
20223,1129003438,6,3,3,0,2,0,0,2,2,0,2,0,0,0,1,0,0,0,0,2,1,5201.4781763
20223,1129003439,7,3,4,0,1,0,0,3,3,0,1,0,0,1,1,0,0,0,0,2,2,3907.40446867
20223,1129003449,95,65,30,0,5,11,27,19,33,0,1,6,14,16,28,0,4,5,13,3,5,187810.655269
20223,1129003454,4,1,3,0,0,1,2,0,1,0,0,0,0,0,1,0,0,1,2,0,0,1635.74900217
20223,1129003458,5,2,3,0,0,0,0,2,3,0,0,0,0,1,1,0,0,0,0,1,2,3125.20783225
20223,1129003459,5,2,3,0,2,2,0,1,0,0,0,1,0,1,0,0,2,1,0,0,0,5154.16300387
20223,1129003461,9,2,7,0,0,4,2,3,0,0,0,0,1,1,0,0,0,4,1,2,0,895.469127812
20223,1129003462,6,5,1,0,2,1,3,0,0,0,2,1,2,0,0,0,0,0,1,0,0,2256.17247661
20223,1129003463,2,1,1,0,0,0,0,0,2,0,0,0,0,0,1,0,0,0,0,0,1,2883.31968909
20223,1129003464,2,1,1,0,0,0,0,2,0,0,0,0,0,1,0,0,0,0,0,1,0,6440.32625528
20223,1129003465,20,4,16,0,8,2,5,4,1,0,1,0,1,2,0,0,7,2,4,2,1,10892.0161003
20223,1129003466,5,3,2,0,0,1,1,2,1,0,0,1,0,1,1,0,0,0,1,1,0,1605.80721062
20223,1129003471,185,147,38,0,1,2,19,73,90,0,0,2,16,64,65,0,1,0,3,9,25,11444.966217
20223,1129003472,9,3,6,0,0,1,6,1,1,0,0,0,2,0,1,0,0,1,4,1,0,4741.68292349
20223,1129003473,6,4,2,0,1,0,1,3,1,0,1,0,1,2,0,0,0,0,0,1,1,7415.77253621
20223,1129003475,28,14,14,0,0,2,10,7,9,0,0,0,4,3,7,0,0,2,6,4,2,15399.1824614
20223,1129003478,9,8,1,0,0,0,2,3,4,0,0,0,1,3,4,0,0,0,1,0,0,2173.44061398
20223,1129003481,4,3,1,0,0,1,2,0,1,0,0,1,1,0,1,0,0,0,1,0,0,2720.8337914
20223,1129003488,12,10,2,0,0,2,5,3,2,0,0,2,3,3,2,0,0,0,2,0,0,2759.1334116
20223,1129003490,64,55,9,0,7,3,9,19,26,0,7,0,7,17,24,0,0,3,2,2,2,5127.06380089
20223,1129003491,5,5,0,0,0,0,1,3,1,0,0,0,1,3,1,0,0,0,0,0,0,3840.8570141
20223,1129003492,14,3,11,0,1,1,7,1,4,0,0,0,0,0,3,0,1,1,7,1,1,4444.62520214
20223,1129003494,54,43,11,0,1,4,13,25,11,0,0,4,10,20,9,0,1,0,3,5,2,10865.6456726
20223,1129003495,1,0,1,0,0,0,0,0,1,0,0,0,0,0,0,0,0,0,0,0,1,7080.28371426
20223,1129003497,43,24,19,0,5,12,12,7,7,0,3,7,4,6,4,0,2,5,8,1,3,12197.3477535
20223,1129003501,50,18,32,0,11,11,7,15,6,0,0,1,3,9,5,0,11,10,4,6,1,9558.81610453
20223,1129003502,3,1,2,0,0,1,1,1,0,0,0,0,0,1,0,0,0,1,1,0,0,2814.81008911
20223,1129003503,9,7,2,0,1,0,3,4,1,0,1,0,2,3,1,0,0,0,1,1,0,4808.585719
20223,1129003504,13,11,2,0,0,1,3,3,6,0,0,1,3,2,5,0,0,0,0,1,1,2850.58247671
20223,1129003505,1,0,1,0,0,0,1,0,0,0,0,0,0,0,0,0,0,0,1,0,0,5077.2057616
20223,1129003507,2,0,2,0,0,0,1,1,0,0,0,0,0,0,0,0,0,0,1,1,0,2091.02593302
20223,1129003512,9,7,2,0,1,0,4,2,2,0,1,0,3,1,2,0,0,0,1,1,0,8231.56905744
20223,1129003516,6,3,3,0,3,1,2,0,0,0,1,1,1,0,0,0,2,0,1,0,0,15508.1357462
20223,1129003518,15,1,14,0,6,2,3,4,0,0,0,0,1,0,0,0,6,2,2,4,0,3969.57837388
20223,1129003529,13,10,3,0,0,4,8,0,1,0,0,3,6,0,1,0,0,1,2,0,0,9025.84763106
20223,1129003532,285,130,155,0,41,53,67,68,56,0,10,24,34,28,34,0,31,29,33,40,22,918.580815296
20223,1129003535,15,13,2,0,0,1,3,7,4,0,0,1,3,6,3,0,0,0,0,1,1,7701.9239029
20223,1129003538,161,38,123,0,14,11,21,59,56,0,8,9,5,11,5,0,6,2,16,48,51,2352.87876807
20223,1129003552,154,119,35,0,15,10,38,66,25,0,0,6,33,57,23,0,15,4,5,9,2,7836.58501461
20223,1129003553,3,3,0,0,3,0,0,0,0,0,3,0,0,0,0,0,0,0,0,0,0,66923.920245
20223,1129003554,11,5,6,0,0,1,1,8,1,0,0,0,0,4,1,0,0,1,1,4,0,3190.56101361
20223,1129003556,32,12,20,0,5,8,9,8,2,0,2,2,4,2,2,0,3,6,5,6,0,5942.08922072
20223,1129003557,2,0,2,0,1,1,0,0,0,0,0,0,0,0,0,0,1,1,0,0,0,11496.5088845
20223,1129003558,6,3,3,0,0,0,0,1,5,0,0,0,0,0,3,0,0,0,0,1,2,3635.4763951
20223,1129003560,4,1,3,2,1,1,0,0,0,0,0,1,0,0,0,2,1,0,0,0,0,4382.42548896
20223,1129003561,4,1,3,0,0,1,2,1,0,0,0,0,0,1,0,0,0,1,2,0,0,10339.5582671
20223,1129003562,9,8,1,0,0,0,1,3,5,0,0,0,1,2,5,0,0,0,0,1,0,2384.24060202
20223,1129003566,2,1,1,0,0,1,0,1,0,0,0,1,0,0,0,0,0,0,0,1,0,4002.07989979
20223,1129003569,3,1,2,0,0,0,2,0,1,0,0,0,1,0,0,0,0,0,1,0,1,3362.24094154
20223,1129003570,7,4,3,0,0,0,2,4,1,0,0,0,0,3,1,0,0,0,2,1,0,4095.43017248
20223,1129003571,68,33,35,0,5,17,16,21,9,0,2,11,7,5,8,0,3,6,9,16,1,2099.64748224
20223,1129003572,7,2,5,0,0,0,2,4,1,0,0,0,1,0,1,0,0,0,1,4,0,11735.0325811
20223,1129003573,210,85,125,0,35,68,46,32,29,0,9,24,17,15,20,0,26,44,29,17,9,1383.15053281
20223,1129003583,2,2,0,0,0,0,0,1,1,0,0,0,0,1,1,0,0,0,0,0,0,9062.71641534
20223,1129003584,24,16,8,0,0,3,12,8,1,0,0,1,9,5,1,0,0,2,3,3,0,7500.91627999
20223,1129003591,5,0,5,0,2,1,1,1,0,0,0,0,0,0,0,0,2,1,1,1,0,35057.7791291
20223,1129003592,4,0,4,0,0,1,3,0,0,0,0,0,0,0,0,0,0,1,3,0,0,2108.21308021
20223,1129003595,6,2,4,0,0,1,1,2,2,0,0,0,1,0,1,0,0,1,0,2,1,10796.8229576
20223,1129003597,3,1,2,0,0,0,1,1,1,0,0,0,0,0,1,0,0,0,1,1,0,66883.6004134
20223,1129003605,21,12,9,0,2,5,5,4,5,0,1,1,2,4,4,0,1,4,3,0,1,14460.250442
20223,1129003609,510,474,36,0,3,51,162,213,81,0,3,47,150,199,75,0,0,4,12,14,6,23371.0695476
20223,1129003612,80,19,61,0,13,21,23,18,5,0,3,2,5,4,5,0,10,19,18,14,0,14747.2569598
20223,1129003617,21,7,14,0,3,12,1,4,1,0,1,4,0,1,1,0,2,8,1,3,0,91824.7350045
20223,1129003622,129,77,52,0,10,36,30,36,17,0,5,23,23,19,7,0,5,13,7,17,10,364030.393388
20223,1129003626,2,1,1,0,0,1,0,1,0,0,0,1,0,0,0,0,0,0,0,1,0,1229.95861833
20223,1129003631,15,12,3,0,1,2,4,5,3,0,0,2,3,5,2,0,1,0,1,0,1,3410.75305058
20223,1129003632,10,0,10,0,1,2,4,1,2,0,0,0,0,0,0,0,1,2,4,1,2,2647.76767072
20223,1129003635,24,12,12,0,0,4,6,10,4,0,0,1,3,6,2,0,0,3,3,4,2,4196.59967382
20223,1129003637,2,1,1,0,0,0,0,1,1,0,0,0,0,0,1,0,0,0,0,1,0,8049.11175236
20223,1129003638,17,12,5,0,0,5,7,4,1,0,0,4,4,4,0,0,0,1,3,0,1,15226.2434879
20223,1129003639,5,3,2,0,0,1,0,0,4,0,0,1,0,0,2,0,0,0,0,0,2,2934.13519498
20223,1129003642,4,4,0,0,0,0,2,1,1,0,0,0,2,1,1,0,0,0,0,0,0,5897.5778106
20223,1129003643,11,1,10,0,1,2,5,2,1,0,0,0,0,0,1,0,1,2,5,2,0,6837.4161208
20223,1129003644,25,19,6,0,4,6,10,5,0,0,2,4,10,3,0,0,2,2,0,2,0,5193.41238891
20223,1129003645,2,1,1,0,0,0,1,1,0,0,0,0,1,0,0,0,0,0,0,1,0,4580.15754293
20223,1129003646,5,1,4,0,0,0,0,2,3,0,0,0,0,0,1,0,0,0,0,2,2,3918.47960485
20223,1129003647,4,3,1,0,0,1,1,0,2,0,0,1,1,0,1,0,0,0,0,0,1,1771.93214574
20223,1129003648,10,3,7,0,0,3,1,2,4,0,0,1,0,1,1,0,0,2,1,1,3,8662.37507444
20223,1129003649,73,17,56,0,10,25,19,17,2,0,2,7,2,4,2,0,8,18,17,13,0,15138.197714
20223,1129003650,2,2,0,0,0,0,1,1,0,0,0,0,1,1,0,0,0,0,0,0,0,3109.9158624
20223,1129003652,16,12,4,0,3,4,5,2,2,0,3,4,3,1,1,0,0,0,2,1,1,3606.45113363
20223,1129003653,11,5,6,0,1,7,0,2,1,0,0,4,0,0,1,0,1,3,0,2,0,4437.25472213
20223,1129003654,299,135,164,0,16,91,127,63,2,0,3,29,57,46,0,0,13,62,70,17,2,4859.55705745
20223,1129003656,21,12,9,0,8,7,4,1,1,0,5,4,2,1,0,0,3,3,2,0,1,11004.0351229
20223,1129003661,1,1,0,0,0,0,0,1,0,0,0,0,0,1,0,0,0,0,0,0,0,70721.8136508
20223,1129003662,226,216,10,0,0,6,55,122,43,0,0,5,50,120,41,0,0,1,5,2,2,6772.06650861
20223,1129003664,23,12,11,0,1,5,4,10,3,0,0,2,2,7,1,0,1,3,2,3,2,7449.32944136
20223,1129003666,5,4,1,0,1,1,1,2,0,0,1,0,1,2,0,0,0,1,0,0,0,1856.63367865
20223,1129003668,3,1,2,0,0,1,0,2,0,0,0,0,0,1,0,0,0,1,0,1,0,3861.22013661
20223,1129003669,5,4,1,0,0,0,0,2,3,0,0,0,0,2,2,0,0,0,0,0,1,11254.8578306
20223,1129003675,7,3,4,0,0,1,3,3,0,0,0,0,2,1,0,0,0,1,1,2,0,8134.38017431
20223,1129003676,6,2,4,0,0,1,2,1,2,0,0,0,0,0,2,0,0,1,2,1,0,2757.3207121
20223,1129003683,43,34,9,0,1,4,18,10,10,0,1,3,11,9,10,0,0,1,7,1,0,32502.5464158
20223,1129003686,12,6,6,0,2,2,1,2,5,0,1,1,0,1,3,0,1,1,1,1,2,3100.33448527
20223,1129003688,2,0,2,0,0,0,0,2,0,0,0,0,0,0,0,0,0,0,0,2,0,2580.03319568
20223,1129003689,12,9,3,0,0,2,4,2,4,0,0,1,3,1,4,0,0,1,1,1,0,4895.55031041
20223,1129003690,28,16,12,0,7,4,9,7,1,0,2,1,7,5,1,0,5,3,2,2,0,7512.16445146
20223,1129003691,16,3,13,0,0,0,2,6,8,0,0,0,0,1,2,0,0,0,2,5,6,2512.19308667
20223,1129003692,93,44,49,0,10,18,35,18,12,0,2,11,16,10,5,0,8,7,19,8,7,1654.19259011
20223,1129003707,104,30,74,0,27,21,31,13,12,0,6,5,12,2,5,0,21,16,19,11,7,3578.19044182
20223,1129003708,3,2,1,0,1,1,1,0,0,0,0,1,1,0,0,0,1,0,0,0,0,4508.21204408
20223,1129003709,7,6,1,1,0,4,1,1,0,1,0,4,1,0,0,0,0,0,0,1,0,2703.26186374
20223,1129003713,2,1,1,0,0,1,0,1,0,0,0,1,0,0,0,0,0,0,0,1,0,3855.67425809
20223,1129003714,4,2,2,0,0,1,2,0,1,0,0,1,1,0,0,0,0,0,1,0,1,3992.61757975
20223,1129003715,7,0,7,0,0,2,5,0,0,0,0,0,0,0,0,0,0,2,5,0,0,2863.81754593
20223,1129003718,7,5,2,0,0,4,0,3,0,0,0,2,0,3,0,0,0,2,0,0,0,2765.49020333
20223,1129003722,14,11,3,0,1,2,5,6,0,0,1,2,4,4,0,0,0,0,1,2,0,6548.44868383
20223,1129003730,22,18,4,0,0,0,7,10,5,0,0,0,7,8,3,0,0,0,0,2,2,4859.02020555
20223,1129003733,1,1,0,0,0,0,1,0,0,0,0,0,1,0,0,0,0,0,0,0,0,1375.8279614
20223,1129003736,2,1,1,0,0,0,2,0,0,0,0,0,1,0,0,0,0,0,1,0,0,1815.04522933
20223,1129003738,1,1,0,0,0,0,1,0,0,0,0,0,1,0,0,0,0,0,0,0,0,972.19093857
20223,1129003741,4,1,3,0,0,2,2,0,0,0,0,0,1,0,0,0,0,2,1,0,0,4936.46713229
20223,1129003742,4,1,3,0,1,0,2,1,0,0,0,0,0,1,0,0,1,0,2,0,0,3731.55817055
20223,1129003743,10,4,6,0,2,3,1,4,0,0,1,2,0,1,0,0,1,1,1,3,0,9426.09054684
20223,1129003747,13,10,3,0,2,1,5,4,1,0,2,1,3,3,1,0,0,0,2,1,0,98983.2011773
20223,1129003749,7,6,1,0,0,1,1,2,3,0,0,1,1,2,2,0,0,0,0,0,1,6088.11954373
20223,1129003752,3,2,1,0,0,0,0,1,2,0,0,0,0,1,1,0,0,0,0,0,1,8476.50519957
20223,1129003753,18227,9407,8820,55,1380,4733,6768,5234,57,12,578,1554,2999,4214,50,43,802,3179,3769,1020,7,2722.10885391
20223,1129003755,51,15,36,0,11,10,19,9,2,0,2,6,4,1,2,0,9,4,15,8,0,5675.39728984
20223,1129003757,2,1,1,0,0,0,2,0,0,0,0,0,1,0,0,0,0,0,1,0,0,3853.97568297
20223,1129003758,37,16,21,0,13,13,7,3,1,0,4,10,1,1,0,0,9,3,6,2,1,7810.12637188
20223,1129003761,17,11,6,0,1,4,6,4,2,0,1,3,2,3,2,0,0,1,4,1,0,4804.4487743
20223,1129003763,2,1,1,0,0,0,0,0,2,0,0,0,0,0,1,0,0,0,0,0,1,2296.15955491
20223,1129003765,11,3,8,0,1,0,5,3,2,0,0,0,2,0,1,0,1,0,3,3,1,4923.71898931
20223,1129003769,5,4,1,0,0,0,0,4,1,0,0,0,0,3,1,0,0,0,0,1,0,1080.53169284
20223,1129003770,2,1,1,0,0,0,0,1,1,0,0,0,0,0,1,0,0,0,0,1,0,1966.90108742
20223,1129003773,66,30,36,0,6,10,11,15,24,0,3,8,5,8,6,0,3,2,6,7,18,13314.3166489
20223,1129003776,17,8,9,0,2,1,3,7,4,0,1,1,2,4,0,0,1,0,1,3,4,1237.35871907
20223,1129003782,2,1,1,0,0,1,1,0,0,0,0,1,0,0,0,0,0,0,1,0,0,1548.99743626
20223,1129003783,7,4,3,0,0,1,2,2,2,0,0,1,1,1,1,0,0,0,1,1,1,3051.7287323
20223,1129003789,4,2,2,0,0,1,0,1,2,0,0,0,0,0,2,0,0,1,0,1,0,5673.86036683
20223,1129003796,7,3,4,0,0,1,4,0,2,0,0,0,1,0,2,0,0,1,3,0,0,12054.9248195
20223,1129003798,95,20,75,0,13,29,33,18,2,0,5,6,2,6,1,0,8,23,31,12,1,4385.2380074
20223,1129003800,28,6,22,0,5,8,6,8,1,0,1,0,2,2,1,0,4,8,4,6,0,5733.59436
20223,1129003804,10,2,8,0,3,3,1,1,2,0,0,1,0,0,1,0,3,2,1,1,1,2957.85152396
20223,1129003805,78,18,60,0,16,15,25,16,6,0,3,3,5,2,5,0,13,12,20,14,1,10312.166553
20223,1129003807,28,3,25,0,8,4,4,8,4,0,1,1,0,0,1,0,7,3,4,8,3,4031.21743756
20223,1129003808,26,17,9,0,13,4,6,2,1,0,11,1,3,1,1,0,2,3,3,1,0,4077.87335975
20223,1129003818,12,6,6,0,1,3,1,2,5,0,0,2,0,1,3,0,1,1,1,1,2,406.991142185
20223,1129003819,3,2,1,0,1,1,1,0,0,0,0,1,1,0,0,0,1,0,0,0,0,2623.44244625
20223,1129003822,8,6,2,0,0,2,1,2,3,0,0,1,1,1,3,0,0,1,0,1,0,9233.31269517
20223,1129003831,213,3,210,0,14,8,35,87,69,0,0,0,1,0,2,0,14,8,34,87,67,8360.25277104
20223,1129003832,3,3,0,0,1,1,1,0,0,0,1,1,1,0,0,0,0,0,0,0,0,8841.87290226
20223,1129003836,4,4,0,0,0,0,1,3,0,0,0,0,1,3,0,0,0,0,0,0,0,3192.73090815
20223,1129003837,8,2,6,0,1,1,1,5,0,0,0,0,0,2,0,0,1,1,1,3,0,3653.93374724
20223,1129003841,16,9,7,0,0,3,5,7,1,0,0,1,3,5,0,0,0,2,2,2,1,5801.40639592
20223,1129003848,247,155,92,1,26,53,56,75,36,0,16,30,34,50,25,1,10,23,22,25,11,4439.32277955
20223,1129003850,8,7,1,0,0,1,2,5,0,0,0,1,1,5,0,0,0,0,1,0,0,3680.25513449
20223,1129003852,66,39,27,1,6,10,13,18,18,0,1,2,9,14,13,1,5,8,4,4,5,4897.45106624
20223,1129003853,18,2,16,0,1,2,11,0,4,0,0,0,0,0,2,0,1,2,11,0,2,51772.1790006
20223,1129003874,12,8,4,0,8,0,1,3,0,0,6,0,1,1,0,0,2,0,0,2,0,2742.85222461
20223,1129003878,477,304,173,2,79,108,113,136,39,0,45,65,68,95,31,2,34,43,45,41,8,2181.72728471
20223,1129003880,45,17,28,0,12,8,2,12,11,0,1,3,2,3,8,0,11,5,0,9,3,4487.40751104
20223,1129003883,16,9,7,0,2,4,5,5,0,0,0,2,5,2,0,0,2,2,0,3,0,2187.00235115
20223,1129003895,45,22,23,0,15,12,15,2,1,0,6,6,10,0,0,0,9,6,5,2,1,8573.68921877
20223,1129003898,444,373,71,0,49,136,113,140,6,0,30,110,93,134,6,0,19,26,20,6,0,6673.68426042
20223,1129003904,11,5,6,0,1,4,4,1,1,0,0,2,2,0,1,0,1,2,2,1,0,1802.43582599
20223,1129003906,257,232,25,0,32,90,55,79,1,0,29,80,48,74,1,0,3,10,7,5,0,3646.97607484
20223,1129003910,4,2,2,0,0,1,1,1,1,0,0,1,1,0,0,0,0,0,0,1,1,3654.51063992
20223,1129003911,187,135,52,2,37,45,51,29,23,0,22,34,40,22,17,2,15,11,11,7,6,1356.87277141
20223,1129003914,66,13,53,1,8,11,22,15,9,0,0,2,3,4,4,1,8,9,19,11,5,6337.81086175
20223,1129003915,2,1,1,0,0,1,0,1,0,0,0,1,0,0,0,0,0,0,0,1,0,3504.52930645
20223,1129003916,7,1,6,0,0,0,2,3,2,0,0,0,0,0,1,0,0,0,2,3,1,2544.18164403
20223,1129003918,2,1,1,0,0,0,0,0,2,0,0,0,0,0,1,0,0,0,0,0,1,3065.12168171
20224,1123000001,120,55,65,0,7,10,27,32,44,0,1,2,14,11,27,0,6,8,13,21,17,4017.03275138
20224,1123000002,6,3,3,0,0,1,0,3,2,0,0,0,0,1,2,0,0,1,0,2,0,4030.88106728
20224,1123000003,5,4,1,0,0,2,2,0,1,0,0,2,1,0,1,0,0,0,1,0,0,2781.85755149
20224,1123000004,764,299,465,2,92,103,227,194,146,0,51,55,53,59,81,2,41,48,174,135,65,3286.03019847
20224,1123000005,113,57,56,0,27,36,24,14,12,0,7,14,16,10,10,0,20,22,8,4,2,6411.81232975
20224,1123000006,8,3,5,0,1,1,2,3,1,0,0,1,0,1,1,0,1,0,2,2,0,1289.78300619
20224,1123000007,8,7,1,0,1,2,1,1,3,0,0,2,1,1,3,0,1,0,0,0,0,4301.33006743
20224,1123000008,24,9,15,0,5,0,6,5,8,0,0,0,2,3,4,0,5,0,4,2,4,3931.99356818
20224,1123000010,3,2,1,0,0,0,2,1,0,0,0,0,1,1,0,0,0,0,1,0,0,946.498084201
20224,1123000012,75,41,34,0,9,14,22,21,9,0,5,10,12,7,7,0,4,4,10,14,2,6062.06191538
20224,1123000013,2,2,0,0,0,1,0,0,1,0,0,1,0,0,1,0,0,0,0,0,0,1035.68562879
20224,1123000014,2,1,1,0,0,0,2,0,0,0,0,0,1,0,0,0,0,0,1,0,0,2203.81881846
20224,1123000015,8,5,3,0,0,1,4,2,1,0,0,0,3,1,1,0,0,1,1,1,0,2393.8773718
20224,1123000017,28,18,10,0,9,12,6,1,0,0,7,9,1,1,0,0,2,3,5,0,0,2824.91954045
20224,1123000018,14,9,5,0,0,0,1,1,12,0,0,0,0,0,9,0,0,0,1,1,3,6616.95583478
20224,1123000020,3,3,0,0,0,2,0,1,0,0,0,2,0,1,0,0,0,0,0,0,0,2175.39408638
20224,1123000021,11,9,2,0,0,0,1,5,5,0,0,0,1,5,3,0,0,0,0,0,2,5430.30601674
20224,1123000022,3058,1155,1903,1,468,643,945,966,35,1,373,482,237,55,7,0,95,161,708,911,28,5528.57732009
20224,1123000023,2,2,0,0,0,0,1,1,0,0,0,0,1,1,0,0,0,0,0,0,0,840.798748147
20224,1123000024,2,1,1,0,0,1,0,1,0,0,0,0,0,1,0,0,0,1,0,0,0,2048.15282661
20224,1123000025,7,1,6,0,0,2,0,4,1,0,0,1,0,0,0,0,0,1,0,4,1,1447.24906033
20224,1123000026,10,8,2,0,0,3,5,1,1,0,0,2,5,1,0,0,0,1,0,0,1,3915.09617768
20224,1123000027,24,19,5,0,0,5,6,7,6,0,0,3,4,6,6,0,0,2,2,1,0,2555.75910236
20224,1123000029,52,37,15,0,1,5,15,11,20,0,0,2,9,7,19,0,1,3,6,4,1,7199.08930214
20224,1123000031,4,3,1,0,0,0,0,1,3,0,0,0,0,1,2,0,0,0,0,0,1,1903.20900952
20224,1123000033,2,2,0,0,0,1,0,0,1,0,0,1,0,0,1,0,0,0,0,0,0,1491.58486878
20224,1123000034,21,18,3,0,5,9,3,3,1,0,4,9,2,3,0,0,1,0,1,0,1,6220.61213951
20224,1123000035,25,17,8,1,0,4,8,5,7,0,0,4,7,2,4,1,0,0,1,3,3,6605.30271984
20224,1123000037,178,111,67,0,5,12,14,13,134,0,0,9,6,5,91,0,5,3,8,8,43,8207.61627371
20224,1123000038,27,20,7,0,11,2,5,5,4,0,8,2,2,4,4,0,3,0,3,1,0,803.762450547
20224,1123000040,387,293,94,1,93,150,74,47,22,0,61,103,65,43,21,1,32,47,9,4,1,8138.33113334
20224,1123000044,1,0,1,0,0,0,1,0,0,0,0,0,0,0,0,0,0,0,1,0,0,2137.75890075
20224,1123000045,83,13,70,0,9,29,27,17,1,0,0,5,5,3,0,0,9,24,22,14,1,15648.5004924
20224,1123000046,5,5,0,0,0,0,0,4,1,0,0,0,0,4,1,0,0,0,0,0,0,1130.86507
20224,1123000048,10,7,3,0,0,1,3,3,3,0,0,1,2,2,2,0,0,0,1,1,1,1083.1532696
20224,1123000054,31,15,16,0,2,8,10,10,1,0,0,6,4,5,0,0,2,2,6,5,1,15357.967654
20224,1123000055,20,13,7,0,0,3,3,5,9,0,0,2,1,4,6,0,0,1,2,1,3,7092.9507577
20224,1123000056,3,2,1,0,0,1,1,0,1,0,0,1,0,0,1,0,0,0,1,0,0,577.232722192
20224,1123000057,42,28,14,1,5,20,4,8,4,0,2,13,2,7,4,1,3,7,2,1,0,3234.22420105
20224,1123000059,2,1,1,0,0,0,0,0,2,0,0,0,0,0,1,0,0,0,0,0,1,4698.91175408
20224,1123000060,42,30,12,0,2,5,6,14,15,0,1,3,4,10,12,0,1,2,2,4,3,5016.86744303
20224,1123000062,46,28,18,0,1,6,14,11,14,0,0,2,8,8,10,0,1,4,6,3,4,4520.76958669
20224,1123000064,11,8,3,0,6,3,2,0,0,0,5,2,1,0,0,0,1,1,1,0,0,2714.33596439
20224,1123000068,12,7,5,0,0,1,6,2,3,0,0,1,3,2,1,0,0,0,3,0,2,2571.36398479
20224,1123000074,9,7,2,0,0,1,5,2,1,0,0,1,4,1,1,0,0,0,1,1,0,5678.60586915
20224,1123000076,8,3,5,0,1,2,2,3,0,0,0,0,1,2,0,0,1,2,1,1,0,1888.01799067
20224,1123000080,12,11,1,0,1,1,5,3,2,0,1,1,4,3,2,0,0,0,1,0,0,4204.1555437
20224,1123000081,2,0,2,0,1,0,1,0,0,0,0,0,0,0,0,0,1,0,1,0,0,1220.34719234
20224,1123000086,35,29,6,0,8,2,13,7,5,0,8,1,10,5,5,0,0,1,3,2,0,6094.20213656
20224,1123000087,31,17,14,0,1,5,13,10,2,0,0,2,7,7,1,0,1,3,6,3,1,6170.24214404
20224,1123000095,97,76,21,0,15,15,13,39,15,0,12,13,10,30,11,0,3,2,3,9,4,6888.55564025
20224,1123000101,3,1,2,0,0,0,0,0,3,0,0,0,0,0,1,0,0,0,0,0,2,3102.44110675
20224,1123000110,4,4,0,0,1,0,0,1,2,0,1,0,0,1,2,0,0,0,0,0,0,5124.86166655
20224,1123000115,15,0,15,0,4,5,1,5,0,0,0,0,0,0,0,0,4,5,1,5,0,1516.72095658
20224,1123000118,2,2,0,0,0,2,0,0,0,0,0,2,0,0,0,0,0,0,0,0,0,3624.99097869
20224,1123000121,7,4,3,0,1,2,2,1,1,0,0,0,2,1,1,0,1,2,0,0,0,3406.21207151
20224,1123000125,10,8,2,0,0,1,1,7,1,0,0,1,1,5,1,0,0,0,0,2,0,6931.85762841
20224,1123000126,35,14,21,0,3,12,10,8,2,0,1,3,6,3,1,0,2,9,4,5,1,3836.44843671
20224,1123000133,38,24,14,0,0,5,15,10,8,0,0,0,9,8,7,0,0,5,6,2,1,2259.47066943
20224,1123000134,3,2,1,0,0,0,0,3,0,0,0,0,0,2,0,0,0,0,0,1,0,3499.19733522
20224,1123000136,2,2,0,0,0,0,1,0,1,0,0,0,1,0,1,0,0,0,0,0,0,1596.34807451
20224,1123000137,34,24,10,0,8,1,9,11,5,0,4,0,6,10,4,0,4,1,3,1,1,2979.24347907
20224,1123000142,8,5,3,0,2,2,2,2,0,0,1,2,1,1,0,0,1,0,1,1,0,5931.98452651
20224,1123000145,41,28,13,0,7,18,13,2,1,0,1,18,7,2,0,0,6,0,6,0,1,2671.59923204
20224,1123000148,15,12,3,0,0,2,7,3,3,0,0,2,6,1,3,0,0,0,1,2,0,4354.43292439
20224,1123000151,2,1,1,0,0,0,1,1,0,0,0,0,0,1,0,0,0,0,1,0,0,3625.53155849
20224,1123000153,2,2,0,0,0,0,0,0,2,0,0,0,0,0,2,0,0,0,0,0,0,4067.70923234
20224,1123000159,64,49,15,3,27,12,5,5,12,3,21,8,2,4,11,0,6,4,3,1,1,4181.10209351
20224,1123000160,8,5,3,0,0,1,2,4,1,0,0,1,1,3,0,0,0,0,1,1,1,4134.06663485
20224,1123000161,9,4,5,0,1,0,4,4,0,0,0,0,3,1,0,0,1,0,1,3,0,4211.32107547
20224,1123000162,50,32,18,0,3,10,9,15,13,0,2,2,4,12,12,0,1,8,5,3,1,3010.23207377
20224,1123000165,3,2,1,0,0,0,0,2,1,0,0,0,0,1,1,0,0,0,0,1,0,3316.38080846
20224,1123000167,13,6,7,0,1,1,4,3,4,0,0,0,0,3,3,0,1,1,4,0,1,4511.13210114
20224,1123000168,40,5,35,0,6,13,9,12,0,0,1,2,0,2,0,0,5,11,9,10,0,9387.61218208
20224,1123000171,3,2,1,0,0,0,3,0,0,0,0,0,2,0,0,0,0,0,1,0,0,6299.9018049
20224,1123000172,53,44,9,0,10,8,20,12,3,0,8,6,15,12,3,0,2,2,5,0,0,4813.26234244
20224,1123000180,23,20,3,0,1,4,14,4,0,0,1,4,11,4,0,0,0,0,3,0,0,2999.47522755
20224,1123000183,105,84,21,0,12,26,40,14,13,0,8,21,31,13,11,0,4,5,9,1,2,7375.44148827
20224,1123000188,128,82,46,0,33,28,19,35,13,0,26,18,10,22,6,0,7,10,9,13,7,10463.6082986
20224,1123000190,1,0,1,0,0,0,1,0,0,0,0,0,0,0,0,0,0,0,1,0,0,2329.28483175
20224,1123000192,34,12,22,0,4,7,11,6,6,0,2,2,3,1,4,0,2,5,8,5,2,13732.0907677
20224,1123000194,19,13,6,0,1,5,6,2,5,0,1,3,4,2,3,0,0,2,2,0,2,2892.15962561
20224,1123000197,10,0,10,0,4,4,1,1,0,0,0,0,0,0,0,0,4,4,1,1,0,1557.20047538
20224,1123000198,2,1,1,0,0,0,1,1,0,0,0,0,1,0,0,0,0,0,0,1,0,1248.0171003
20224,1123000203,2,0,2,0,0,0,2,0,0,0,0,0,0,0,0,0,0,0,2,0,0,2573.41998702
20224,1123000204,2,2,0,0,0,0,0,0,2,0,0,0,0,0,2,0,0,0,0,0,0,4623.78894414
20224,1123000206,48,21,27,0,9,3,10,19,7,0,2,1,1,13,4,0,7,2,9,6,3,10040.5122401
20224,1123000211,220,165,55,0,5,31,40,54,90,0,4,12,26,44,79,0,1,19,14,10,11,9339.31922521
20224,1123000212,8,5,3,0,1,0,2,3,2,0,1,0,1,2,1,0,0,0,1,1,1,1225.44547636
20224,1123000213,20,15,5,0,2,5,2,5,6,0,2,4,2,4,3,0,0,1,0,1,3,1361.05161365
20224,1123000214,75,52,23,1,2,8,22,21,21,0,1,5,16,17,13,1,1,3,6,4,8,9506.07577589
20224,1123000215,8,7,1,0,0,1,3,2,2,0,0,1,2,2,2,0,0,0,1,0,0,1592.80154171
20224,1123000216,28,21,7,0,2,6,9,7,4,0,2,6,7,4,2,0,0,0,2,3,2,4814.16819106
20224,1123000217,7,5,2,0,1,1,3,0,2,0,1,0,2,0,2,0,0,1,1,0,0,956.60642855
20224,1123000218,9,9,0,0,0,2,4,0,3,0,0,2,4,0,3,0,0,0,0,0,0,1529.83558997
20224,1123000219,5,3,2,0,1,2,1,1,0,0,0,2,1,0,0,0,1,0,0,1,0,1074.32345325
20224,1123000220,16,16,0,0,0,7,3,3,3,0,0,7,3,3,3,0,0,0,0,0,0,1245.18242562
20224,1123000221,1098,985,113,18,431,435,151,44,19,18,379,393,143,35,17,0,52,42,8,9,2,12392.3332501
20224,1123000222,26,17,9,0,2,10,4,5,5,0,2,10,2,1,2,0,0,0,2,4,3,3245.18033155
20224,1123000223,6,5,1,0,0,0,4,2,0,0,0,0,3,2,0,0,0,0,1,0,0,2695.61471883
20224,1123000224,17,12,5,0,3,1,7,5,1,0,1,1,6,3,1,0,2,0,1,2,0,2963.33981399
20224,1123000225,216,166,50,1,18,45,60,47,45,1,13,36,48,31,37,0,5,9,12,16,8,19707.8622913
20224,1123000228,351,324,27,1,8,57,154,111,20,1,5,53,138,107,20,0,3,4,16,4,0,9404.49919757
20224,1123000229,2,1,1,0,0,0,0,1,1,0,0,0,0,0,1,0,0,0,0,1,0,1641.22956229
20224,1123000232,3,3,0,0,0,0,0,0,3,0,0,0,0,0,3,0,0,0,0,0,0,2148.40184801
20224,1123000233,20,19,1,0,1,2,7,8,2,0,1,2,7,8,1,0,0,0,0,0,1,3411.02784581
20224,1123000234,17,14,3,0,4,3,2,6,2,0,3,3,1,5,2,0,1,0,1,1,0,2866.74679435
20224,1123000236,115,87,28,0,3,23,35,35,19,0,2,17,28,24,16,0,1,6,7,11,3,3607.98985246
20224,1123000237,13,12,1,0,0,1,4,5,3,0,0,1,4,4,3,0,0,0,0,1,0,1646.85913787
20224,1123000241,2,2,0,0,0,0,0,0,2,0,0,0,0,0,2,0,0,0,0,0,0,445.409192279
20224,1123000242,63,37,26,0,11,15,22,10,5,0,5,7,13,8,4,0,6,8,9,2,1,1345.95386629
20224,1123000245,6,5,1,0,0,0,1,2,3,0,0,0,1,2,2,0,0,0,0,0,1,715.106846907
20224,1123000247,25,14,11,0,3,11,2,4,5,0,1,6,1,1,5,0,2,5,1,3,0,6884.19895901
20224,1123000254,42,27,15,0,4,11,7,14,6,0,2,6,6,9,4,0,2,5,1,5,2,8772.93835973
20224,1123000255,3,2,1,0,0,1,0,0,2,0,0,0,0,0,2,0,0,1,0,0,0,865.097427369
20224,1123000258,7,2,5,0,0,2,5,0,0,0,0,1,1,0,0,0,0,1,4,0,0,3039.18561101
20224,1123000264,2,2,0,0,0,0,2,0,0,0,0,0,2,0,0,0,0,0,0,0,0,4542.37238945
20224,1123000268,4,2,2,0,0,0,1,1,2,0,0,0,0,1,1,0,0,0,1,0,1,3047.33205643
20224,1123000270,4,3,1,0,0,1,2,1,0,0,0,1,1,1,0,0,0,0,1,0,0,2018.08693897
20224,1123000273,3,1,2,0,0,0,1,2,0,0,0,0,1,0,0,0,0,0,0,2,0,1054.94377933
20224,1123000282,22,18,4,0,3,3,5,7,4,0,3,3,4,6,2,0,0,0,1,1,2,3938.34616373
20224,1123000288,2,1,1,0,0,0,0,0,2,0,0,0,0,0,1,0,0,0,0,0,1,1980.02887542
20224,1123000289,3,1,2,0,0,0,0,2,1,0,0,0,0,1,0,0,0,0,0,1,1,668.536327817
20224,1123000291,2,1,1,0,0,1,1,0,0,0,0,1,0,0,0,0,0,0,1,0,0,793.763677092
20224,1123000292,10,4,6,0,0,4,1,5,0,0,0,1,1,2,0,0,0,3,0,3,0,2326.45340104
20224,1123000294,8,1,7,0,0,1,6,0,1,0,0,0,0,0,1,0,0,1,6,0,0,3352.07177196
20224,1123000297,10,0,10,0,1,2,1,5,1,0,0,0,0,0,0,0,1,2,1,5,1,3062.31488374
20224,1123000304,3,1,2,0,0,1,0,2,0,0,0,1,0,0,0,0,0,0,0,2,0,1243.07871428
20224,1123000311,219,138,81,0,5,16,35,64,99,0,3,10,25,41,59,0,2,6,10,23,40,12826.3621649
20224,1123000313,21,7,14,0,5,3,4,8,1,0,1,1,3,1,1,0,4,2,1,7,0,12629.6218867
20224,1123000315,2,2,0,0,0,0,2,0,0,0,0,0,2,0,0,0,0,0,0,0,0,1196.27749514
20224,1123000317,4,4,0,0,0,1,2,1,0,0,0,1,2,1,0,0,0,0,0,0,0,3370.5653296
20224,1123000318,12,8,4,0,1,2,5,2,2,0,1,2,2,1,2,0,0,0,3,1,0,3924.42055462
20224,1123000321,232,135,97,0,28,37,48,66,53,0,18,21,25,36,35,0,10,16,23,30,18,3145.08825278
20224,1123000322,39,18,21,0,9,10,12,6,2,0,2,6,6,4,0,0,7,4,6,2,2,5494.435008
20224,1123000323,225,130,95,4,32,36,51,58,44,3,6,18,32,39,32,1,26,18,19,19,12,2897.72268167
20224,1123000329,18,16,2,0,1,0,8,9,0,0,1,0,6,9,0,0,0,0,2,0,0,1998.48206724
20224,1123000332,3,1,2,0,0,0,3,0,0,0,0,0,1,0,0,0,0,0,2,0,0,3759.87692997
20224,1123000334,1,0,1,0,0,0,0,0,1,0,0,0,0,0,0,0,0,0,0,0,1,6665.12189398
20224,1123000337,36,24,12,0,7,3,8,6,12,0,3,2,5,6,8,0,4,1,3,0,4,7347.94807207
20224,1123000339,6,4,2,0,0,1,2,2,1,0,0,1,1,2,0,0,0,0,1,0,1,5393.1096788
20224,1123000342,26,15,11,0,5,7,3,6,5,0,1,4,2,3,5,0,4,3,1,3,0,3548.83810834
20224,1123000343,5,5,0,0,0,1,0,2,2,0,0,1,0,2,2,0,0,0,0,0,0,2410.66251465
20224,1123000346,34,28,6,2,3,5,6,4,14,2,1,3,4,4,14,0,2,2,2,0,0,2914.34643421
20224,1123000351,24,13,11,0,4,4,7,9,0,0,2,3,3,5,0,0,2,1,4,4,0,6009.65176534
20224,1123000353,2,2,0,0,0,0,0,0,2,0,0,0,0,0,2,0,0,0,0,0,0,4416.74960542
20224,1123000354,11,9,2,0,0,3,4,1,3,0,0,3,2,1,3,0,0,0,2,0,0,7580.06307624
20224,1123000355,11,7,4,0,0,2,2,4,3,0,0,1,1,2,3,0,0,1,1,2,0,2469.91902325
20224,1123000358,3,2,1,0,0,0,2,1,0,0,0,0,2,0,0,0,0,0,0,1,0,1726.38569282
20224,1123000359,19,5,14,0,3,0,7,6,3,0,0,0,0,2,3,0,3,0,7,4,0,7190.05473792
20224,1123000360,73,5,68,0,1,2,4,23,43,0,0,0,0,2,3,0,1,2,4,21,40,4869.81765984
20224,1123000361,3,3,0,0,0,0,0,3,0,0,0,0,0,3,0,0,0,0,0,0,0,4014.57137912
20224,1123000364,136,68,68,0,14,19,27,27,49,0,3,8,5,16,36,0,11,11,22,11,13,6876.32152484
20224,1123000365,8,6,2,0,0,3,2,2,1,0,0,2,2,1,1,0,0,1,0,1,0,5372.32479558
20224,1123000366,23,15,8,0,2,3,5,11,2,0,0,2,2,9,2,0,2,1,3,2,0,4162.11914876
20224,1123000368,6,2,4,0,0,0,1,4,1,0,0,0,0,1,1,0,0,0,1,3,0,2351.50251293
20224,1123000369,10,3,7,0,1,5,2,2,0,0,1,1,0,1,0,0,0,4,2,1,0,4316.36084581
20224,1123000371,2,2,0,0,0,0,2,0,0,0,0,0,2,0,0,0,0,0,0,0,0,1550.74502717
20224,1123000372,6,4,2,0,0,2,0,3,1,0,0,1,0,2,1,0,0,1,0,1,0,1115.26464071
20224,1123000373,9,6,3,0,2,2,1,2,2,0,1,1,1,1,2,0,1,1,0,1,0,4975.55561046
20224,1123000375,41,26,15,0,5,12,18,4,2,0,4,8,10,3,1,0,1,4,8,1,1,2225.89671569
20224,1123000380,3,2,1,0,0,1,2,0,0,0,0,1,1,0,0,0,0,0,1,0,0,4071.00695357
20224,1123000381,18,8,10,0,2,7,1,5,3,0,1,3,1,2,1,0,1,4,0,3,2,7013.37792937
20224,1123000390,72,45,27,2,3,12,23,24,8,1,2,9,14,11,8,1,1,3,9,13,0,3143.25258799
20224,1123000394,82,32,50,2,19,22,19,8,12,2,4,7,8,4,7,0,15,15,11,4,5,6970.93472206
20224,1123000395,29,27,2,0,1,1,5,4,18,0,1,0,4,4,18,0,0,1,1,0,0,1955.64644102
20224,1123000404,2,1,1,0,0,0,1,0,1,0,0,0,1,0,0,0,0,0,0,0,1,1100.26549614
20224,1123000405,9,8,1,0,2,2,3,2,0,0,2,2,2,2,0,0,0,0,1,0,0,3238.00246143
20224,1123000407,167,127,40,0,18,25,42,39,43,0,15,20,34,29,29,0,3,5,8,10,14,5142.13964751
20224,1123000416,26,11,15,0,2,5,11,6,2,0,0,2,6,2,1,0,2,3,5,4,1,2358.77187609
20224,1123000419,1,0,1,0,0,0,1,0,0,0,0,0,0,0,0,0,0,0,1,0,0,5899.06983397
20224,1123000423,26,12,14,1,5,7,6,4,3,0,2,1,5,2,2,1,3,6,1,2,1,80846.9160056
20224,1123000427,5,4,1,0,0,0,0,2,3,0,0,0,0,2,2,0,0,0,0,0,1,4144.48299325
20224,1123000428,4,3,1,0,1,0,1,0,2,0,1,0,0,0,2,0,0,0,1,0,0,2514.57657256
20224,1123000432,66,44,22,1,6,20,14,19,6,1,2,10,8,17,6,0,4,10,6,2,0,8280.65284575
20224,1123000433,16,14,2,0,0,1,3,5,7,0,0,1,3,4,6,0,0,0,0,1,1,2436.63949994
20224,1123000434,5,2,3,0,1,1,0,1,2,0,0,0,0,1,1,0,1,1,0,0,1,2050.92057543
20224,1123000436,425,337,88,8,73,143,142,45,14,2,46,123,125,30,11,6,27,20,17,15,3,16972.1355696
20224,1123000437,203,171,32,1,27,41,36,77,21,1,21,36,29,66,18,0,6,5,7,11,3,7210.75269373
20224,1123000438,29,16,13,0,1,1,4,17,6,0,0,1,3,9,3,0,1,0,1,8,3,4989.62584016
20224,1123000439,4,4,0,0,0,1,1,2,0,0,0,1,1,2,0,0,0,0,0,0,0,2152.19965666
20224,1123000440,6,5,1,0,0,0,1,4,1,0,0,0,1,3,1,0,0,0,0,1,0,1731.8187245
20224,1123000443,5,4,1,0,1,1,0,3,0,0,1,0,0,3,0,0,0,1,0,0,0,2988.77858266
20224,1123000447,16,10,6,0,2,1,6,7,0,0,2,1,2,5,0,0,0,0,4,2,0,2908.54500871
20224,1123000448,7,4,3,0,0,2,3,1,1,0,0,1,2,0,1,0,0,1,1,1,0,853.51796658
20224,1123000450,2,1,1,0,0,0,0,1,1,0,0,0,0,0,1,0,0,0,0,1,0,1195.79720661
20224,1123000454,4,1,3,0,0,0,1,2,1,0,0,0,0,1,0,0,0,0,1,1,1,2146.1138515
20224,1123000457,118,67,51,0,21,22,19,20,36,0,7,13,10,10,27,0,14,9,9,10,9,11178.8074975
20224,1123000458,2,1,1,0,0,0,0,2,0,0,0,0,0,1,0,0,0,0,0,1,0,3221.82682212
20224,1123000459,2,2,0,0,1,0,1,0,0,0,1,0,1,0,0,0,0,0,0,0,0,799.119568551
20224,1123000460,3,1,2,0,0,0,0,1,2,0,0,0,0,0,1,0,0,0,0,1,1,9542.1815697
20224,1123000461,35,24,11,0,6,6,6,10,7,0,1,4,4,10,5,0,5,2,2,0,2,5926.29449319
20224,1123000462,21,17,4,0,0,2,3,9,7,0,0,2,2,7,6,0,0,0,1,2,1,2433.26987734
20224,1123000464,12,5,7,0,0,2,4,5,1,0,0,1,2,2,0,0,0,1,2,3,1,4303.51701822
20224,1123000465,8,7,1,0,1,0,5,0,2,0,1,0,4,0,2,0,0,0,1,0,0,1400.30853031
20224,1123000467,16,13,3,0,0,3,2,3,8,0,0,1,1,3,8,0,0,2,1,0,0,1320.06597028
20224,1123000468,77,58,19,0,6,19,15,22,15,0,4,13,14,14,13,0,2,6,1,8,2,7189.43543783
20224,1123000469,18,15,3,0,1,1,8,5,3,0,1,1,6,4,3,0,0,0,2,1,0,4414.45263074
20224,1123000470,1111,664,447,11,132,99,135,222,512,11,108,71,81,118,275,0,24,28,54,104,237,3949.34350749
20224,1123000472,9,6,3,0,1,4,3,1,0,0,1,3,1,1,0,0,0,1,2,0,0,2634.71533759
20224,1123000473,84,73,11,0,2,9,12,32,29,0,1,5,11,29,27,0,1,4,1,3,2,3108.66796867
20224,1123000474,12,9,3,0,0,1,2,8,1,0,0,1,1,7,0,0,0,0,1,1,1,4981.89738597
20224,1123000475,47,25,22,0,5,7,14,13,8,0,3,5,4,8,5,0,2,2,10,5,3,3133.02543881
20224,1123000480,26,10,16,0,1,2,6,10,7,0,0,1,3,3,3,0,1,1,3,7,4,1601.86981027
20224,1123000486,10,5,5,0,3,1,1,3,2,0,1,1,0,1,2,0,2,0,1,2,0,3329.54903351
20224,1123000487,3,2,1,0,0,0,1,0,2,0,0,0,1,0,1,0,0,0,0,0,1,2778.91643329
20224,1123000488,9,8,1,0,0,0,1,3,5,0,0,0,1,2,5,0,0,0,0,1,0,4935.64771254
20224,1123000489,1,0,1,0,0,1,0,0,0,0,0,0,0,0,0,0,0,1,0,0,0,10553.4898352
20224,1123000490,20,12,8,0,2,3,4,6,5,0,2,2,3,2,3,0,0,1,1,4,2,2577.10429151
20224,1123000492,25,20,5,0,0,3,12,6,4,0,0,2,10,4,4,0,0,1,2,2,0,9511.98057188
20224,1123000498,72,59,13,0,8,11,14,19,20,0,5,9,11,17,17,0,3,2,3,2,3,6570.05535661
20224,1123000501,22,12,10,0,1,5,6,5,5,0,0,1,5,2,4,0,1,4,1,3,1,4448.66788869
20224,1123000503,4,3,1,0,0,0,1,3,0,0,0,0,1,2,0,0,0,0,0,1,0,3128.38591877
20224,1123000504,7,6,1,0,0,0,2,3,2,0,0,0,1,3,2,0,0,0,1,0,0,2190.7864261
20224,1123000505,9,7,2,0,1,1,1,4,2,0,1,1,0,3,2,0,0,0,1,1,0,13294.2598484
20224,1123000507,5,4,1,0,0,0,1,2,2,0,0,0,0,2,2,0,0,0,1,0,0,952.686306164
20224,1123000512,64,38,26,0,13,23,16,8,4,0,3,14,13,5,3,0,10,9,3,3,1,3553.68808835
20224,1123000516,14,10,4,0,2,5,5,2,0,0,1,5,2,2,0,0,1,0,3,0,0,1917.43399775
20224,1123000517,62,48,14,0,0,2,11,23,26,0,0,0,6,18,24,0,0,2,5,5,2,2068.40407842
20224,1123000519,15,11,4,0,1,4,3,5,2,0,1,4,0,4,2,0,0,0,3,1,0,1913.52529964
20224,1123000520,8,7,1,0,0,0,2,4,2,0,0,0,2,3,2,0,0,0,0,1,0,6492.02410893
20224,1123000521,11,7,4,0,0,1,3,0,7,0,0,0,2,0,5,0,0,1,1,0,2,2853.66387992
20224,1123000524,7,0,7,0,2,1,0,2,2,0,0,0,0,0,0,0,2,1,0,2,2,3560.15397671
20224,1123000525,38,28,10,0,3,9,5,8,13,0,1,6,2,8,11,0,2,3,3,0,2,3848.48964201
20224,1123000526,166,99,67,0,18,64,42,24,18,0,3,23,36,21,16,0,15,41,6,3,2,5716.78029794
20224,1123000527,14,8,6,0,3,2,2,4,3,0,3,1,0,1,3,0,0,1,2,3,0,2035.00329444
20224,1123000529,3,3,0,0,0,0,0,2,1,0,0,0,0,2,1,0,0,0,0,0,0,2224.52256163
20224,1123000530,8,7,1,0,0,2,1,4,1,0,0,2,1,3,1,0,0,0,0,1,0,2197.52072203
20224,1123000531,53,44,9,0,5,3,19,16,10,0,5,2,13,15,9,0,0,1,6,1,1,1922.42265679
20224,1123000532,21,14,7,0,1,0,4,12,4,0,1,0,3,7,3,0,0,0,1,5,1,2005.12669396
20224,1123000533,34,17,17,0,1,6,8,14,5,0,1,3,7,3,3,0,0,3,1,11,2,6303.82036938
20224,1123000534,9,4,5,0,0,4,3,2,0,0,0,0,3,1,0,0,0,4,0,1,0,969.415456872
20224,1123000535,9,5,4,0,3,0,4,2,0,0,2,0,2,1,0,0,1,0,2,1,0,3600.84699736
20224,1123000539,16,13,3,0,2,6,2,2,4,0,0,6,2,2,3,0,2,0,0,0,1,1962.13418735
20224,1123000541,3,0,3,0,0,1,1,1,0,0,0,0,0,0,0,0,0,1,1,1,0,3446.23332823
20224,1123000542,6,5,1,1,0,0,3,0,2,1,0,0,2,0,2,0,0,0,1,0,0,21216.7836092
20224,1123000543,9,6,3,0,1,0,4,1,3,0,0,0,2,1,3,0,1,0,2,0,0,11651.5127601
20224,1123000544,6,3,3,0,0,1,3,1,1,0,0,1,1,0,1,0,0,0,2,1,0,1591.94412169
20224,1123000547,11,4,7,0,3,2,1,5,0,0,0,2,1,1,0,0,3,0,0,4,0,2448.82469674
20224,1123000548,15,7,8,0,2,4,3,5,1,0,0,2,1,3,1,0,2,2,2,2,0,2482.52158477
20224,1123000549,4,2,2,0,0,1,0,1,2,0,0,0,0,1,1,0,0,1,0,0,1,1777.54923764
20224,1123000551,4655,1984,2671,6,295,1163,1725,1337,129,1,151,742,691,371,28,5,144,421,1034,966,101,10360.0348741
20224,1123000552,2,1,1,0,0,0,0,2,0,0,0,0,0,1,0,0,0,0,0,1,0,2822.15133736
20224,1123000554,4,3,1,0,0,0,3,1,0,0,0,0,3,0,0,0,0,0,0,1,0,797.064897408
20224,1123000555,89,55,34,0,9,11,27,29,13,0,2,5,18,19,11,0,7,6,9,10,2,3369.23975255
20224,1123000556,40,26,14,0,5,6,14,8,7,0,2,3,9,7,5,0,3,3,5,1,2,9303.72420376
20224,1123000557,9,4,5,0,0,0,1,6,2,0,0,0,0,4,0,0,0,0,1,2,2,2772.82436557
20224,1123000558,27,19,8,0,2,2,12,6,5,0,1,1,7,5,5,0,1,1,5,1,0,2539.3125673
20224,1123000560,11,8,3,0,0,4,3,1,3,0,0,2,3,0,3,0,0,2,0,1,0,2934.61586342
20224,1123000561,6,5,1,0,1,1,2,1,1,0,1,1,2,0,1,0,0,0,0,1,0,1737.6047196
20224,1123000562,3,2,1,0,0,0,1,1,1,0,0,0,1,1,0,0,0,0,0,0,1,1811.24298432
20224,1123000563,2,1,1,0,0,0,0,1,1,0,0,0,0,0,1,0,0,0,0,1,0,2957.4947786
20224,1123000564,24,17,7,0,3,2,8,8,3,0,1,2,5,6,3,0,2,0,3,2,0,2121.6648195
20224,1123000565,56,29,27,0,6,12,13,17,8,0,1,8,6,9,5,0,5,4,7,8,3,4675.14201419
20224,1123000566,12,8,4,0,0,1,7,1,3,0,0,0,5,1,2,0,0,1,2,0,1,2470.47226513
20224,1123000567,18,14,4,0,0,2,5,6,5,0,0,2,3,5,4,0,0,0,2,1,1,2431.47574291
20224,1123000568,88,67,21,2,15,22,22,20,7,0,9,18,17,17,6,2,6,4,5,3,1,2209.02915775
20224,1123000569,20,10,10,0,0,0,4,11,5,0,0,0,1,7,2,0,0,0,3,4,3,4287.90569515
20224,1123000570,2,1,1,0,0,0,0,1,1,0,0,0,0,0,1,0,0,0,0,1,0,2939.5225765
20224,1123000571,4,4,0,0,0,2,2,0,0,0,0,2,2,0,0,0,0,0,0,0,0,1716.47034127
20224,1123000576,40,14,26,0,9,16,6,7,2,0,3,5,4,1,1,0,6,11,2,6,1,3058.24911753
20224,1123000577,21,15,6,0,0,3,4,8,6,0,0,1,4,6,4,0,0,2,0,2,2,1907.65500781
20224,1123000580,33,31,2,0,1,8,18,4,2,0,0,8,17,4,2,0,1,0,1,0,0,2259.46977601
20224,1123000581,48,31,17,0,9,5,13,6,15,0,4,2,7,6,12,0,5,3,6,0,3,10109.4401727
20224,1123000582,7,7,0,0,0,0,1,2,4,0,0,0,1,2,4,0,0,0,0,0,0,1138.96438792
20224,1123000583,26,13,13,0,2,8,4,7,5,0,2,2,1,5,3,0,0,6,3,2,2,6558.03722184
20224,1123000584,6,4,2,0,3,2,0,1,0,0,2,2,0,0,0,0,1,0,0,1,0,988.926394008
20224,1123000585,8,6,2,0,1,1,3,3,0,0,1,1,2,2,0,0,0,0,1,1,0,3607.9552115
20224,1123000587,33,20,13,0,1,10,9,6,7,0,0,5,3,6,6,0,1,5,6,0,1,1691.30119912
20224,1123000588,1951,944,1007,3,231,487,493,608,129,2,94,193,182,389,84,1,137,294,311,219,45,13586.4982094
20224,1123000589,479,159,320,1,97,137,104,56,84,0,11,27,31,29,61,1,86,110,73,27,23,9406.4401534
20224,1123000590,23,10,13,0,2,13,3,5,0,0,1,5,2,2,0,0,1,8,1,3,0,12965.2219511
20224,1123000592,40,22,18,0,2,1,12,17,8,0,2,0,6,11,3,0,0,1,6,6,5,2045.69248671
20224,1123000593,5,3,2,0,0,0,0,4,1,0,0,0,0,3,0,0,0,0,0,1,1,2224.96319264
20224,1123000594,10,8,2,0,3,1,1,1,4,0,2,1,1,1,3,0,1,0,0,0,1,1405.42039128
20224,1123000595,4,2,2,0,0,0,0,0,4,0,0,0,0,0,2,0,0,0,0,0,2,1885.58957413
20224,1123000596,35,11,24,0,2,9,11,8,5,0,1,1,2,5,2,0,1,8,9,3,3,2079.86290593
20224,1123000598,5,4,1,0,1,0,1,2,1,0,0,0,1,2,1,0,1,0,0,0,0,1951.17131422
20224,1123000599,12,9,3,0,0,2,3,2,5,0,0,1,3,2,3,0,0,1,0,0,2,1823.27345438
20224,1123000600,27,12,15,0,2,9,8,5,3,0,1,2,4,3,2,0,1,7,4,2,1,2162.62447898
20224,1123000602,3,1,2,0,0,2,0,0,1,0,0,1,0,0,0,0,0,1,0,0,1,2931.45358807
20224,1123000603,3,1,2,0,3,0,0,0,0,0,1,0,0,0,0,0,2,0,0,0,0,2358.07625861
20224,1123000605,1646,1312,334,1,135,280,466,403,361,1,92,225,408,329,257,0,43,55,58,74,104,4346.21841473
20224,1123000606,4,2,2,0,0,1,1,1,1,0,0,0,0,1,1,0,0,1,1,0,0,3125.15005907
20224,1123000607,2,2,0,0,0,2,0,0,0,0,0,2,0,0,0,0,0,0,0,0,0,3249.3479218
20224,1123000608,27,16,11,0,1,5,10,5,6,0,1,3,4,4,4,0,0,2,6,1,2,2625.83904468
20224,1123000613,16,10,6,0,3,5,2,2,4,0,0,3,2,2,3,0,3,2,0,0,1,1818.15010802
20224,1123000614,2,2,0,0,0,0,0,1,1,0,0,0,0,1,1,0,0,0,0,0,0,3246.01714871
20224,1123000615,11,8,3,1,3,2,0,5,0,1,1,2,0,4,0,0,2,0,0,1,0,1543.17841073
20224,1123000616,329,78,251,0,56,119,75,64,15,0,6,22,21,24,5,0,50,97,54,40,10,7002.64869002
20224,1123000621,3,3,0,0,0,0,0,1,2,0,0,0,0,1,2,0,0,0,0,0,0,1668.83691379
20224,1123000622,920,430,490,0,44,61,113,269,433,0,23,37,66,94,210,0,21,24,47,175,223,8139.28415819
20224,1123000623,1,1,0,0,0,0,0,0,1,0,0,0,0,0,1,0,0,0,0,0,0,3248.84264715
20224,1123000624,27,16,11,0,3,7,10,1,6,0,1,4,6,1,4,0,2,3,4,0,2,4937.56851411
20224,1123000626,26,17,9,0,2,3,5,4,12,0,2,1,3,2,9,0,0,2,2,2,3,3635.86047217
20224,1123000627,94,41,53,0,3,28,36,15,12,0,2,12,15,6,6,0,1,16,21,9,6,8179.49828885
20224,1123000628,15,9,6,0,0,3,4,4,4,0,0,3,0,3,3,0,0,0,4,1,1,3183.56836114
20224,1123000630,4,1,3,0,0,0,0,3,1,0,0,0,0,1,0,0,0,0,0,2,1,4726.51273309
20224,1123000634,19,16,3,0,3,4,5,6,1,0,2,4,3,6,1,0,1,0,2,0,0,2162.78508597
20224,1123000635,27,23,4,0,3,2,7,11,4,0,2,2,6,9,4,0,1,0,1,2,0,2254.37723106
20224,1123000636,9,5,4,0,1,2,2,2,2,0,1,1,1,2,0,0,0,1,1,0,2,2583.12862341
20224,1123000638,3,2,1,0,0,0,2,1,0,0,0,0,1,1,0,0,0,0,1,0,0,4376.3797947
20224,1123000639,37,14,23,0,5,6,13,6,7,0,1,4,3,2,4,0,4,2,10,4,3,5975.26547421
20224,1123000640,2,0,2,0,0,0,1,1,0,0,0,0,0,0,0,0,0,0,1,1,0,2418.28491108
20224,1123000642,539,192,347,1,37,55,61,156,229,0,16,11,21,40,104,1,21,44,40,116,125,9087.70959967
20224,1123000645,7,6,1,0,0,2,4,1,0,0,0,2,3,1,0,0,0,0,1,0,0,1601.23263639
20224,1123000646,5,4,1,0,0,1,4,0,0,0,0,1,3,0,0,0,0,0,1,0,0,1378.44414946
20224,1123000653,274,170,104,2,21,36,73,89,53,0,4,18,45,60,43,2,17,18,28,29,10,8637.43186113
20224,1123000654,39,25,14,0,10,7,6,9,7,0,6,3,3,8,5,0,4,4,3,1,2,6619.07270546
20224,1123000656,13,10,3,0,1,1,4,1,6,0,1,1,3,1,4,0,0,0,1,0,2,2449.27811575
20224,1123000657,14,13,1,0,0,0,4,7,3,0,0,0,4,7,2,0,0,0,0,0,1,1230.53015294
20224,1123000659,6,5,1,0,0,2,1,2,1,0,0,2,0,2,1,0,0,0,1,0,0,6366.2523986
20224,1123000660,1571,1415,156,12,367,530,409,231,22,6,334,479,375,207,14,6,33,51,34,24,8,2911.98424896
20224,1123000661,77,33,44,0,34,35,5,2,1,0,10,17,4,2,0,0,24,18,1,0,1,2518.69245769
20224,1123000662,26,14,12,0,3,7,7,5,4,0,1,4,3,3,3,0,2,3,4,2,1,5277.1018916
20224,1123000664,140,30,110,0,26,70,22,9,13,0,4,9,1,6,10,0,22,61,21,3,3,5699.66764004
20224,1123000665,15,3,12,0,1,4,8,1,1,0,0,2,1,0,0,0,1,2,7,1,1,2503.09760121
20224,1123000666,35,18,17,0,4,6,8,11,6,0,2,2,4,7,3,0,2,4,4,4,3,5564.95403295
20224,1123000667,143,90,53,0,13,20,37,33,40,0,6,6,22,18,38,0,7,14,15,15,2,4317.78726912
20224,1123000669,2,1,1,0,0,0,1,0,1,0,0,0,0,0,1,0,0,0,1,0,0,1884.05125028
20224,1123000670,56,44,12,0,4,15,12,13,12,0,2,12,9,11,10,0,2,3,3,2,2,4668.64406334
20224,1123000671,5,4,1,0,0,0,0,5,0,0,0,0,0,4,0,0,0,0,0,1,0,1747.18607916
20224,1123000672,13,7,6,0,0,0,1,7,5,0,0,0,1,4,2,0,0,0,0,3,3,2895.57394366
20224,1123000674,61,12,49,0,13,9,21,13,5,0,4,1,2,1,4,0,9,8,19,12,1,22176.719608
20224,1123000675,98,40,58,0,7,19,28,22,22,0,2,8,8,11,11,0,5,11,20,11,11,7731.02447436
20224,1123000678,29,18,11,0,0,4,4,15,6,0,0,0,3,10,5,0,0,4,1,5,1,1902.95409476
20224,1123000680,21,14,7,0,2,4,7,6,2,0,1,3,3,6,1,0,1,1,4,0,1,903.699622706
20224,1123000681,3,2,1,0,0,0,1,0,2,0,0,0,1,0,1,0,0,0,0,0,1,5436.58843236
20224,1123000682,11,8,3,0,0,3,3,3,2,0,0,2,2,2,2,0,0,1,1,1,0,5662.97446008
20224,1123000689,15,6,9,0,1,1,4,6,3,0,0,0,1,4,1,0,1,1,3,2,2,3315.67715596
20224,1123000692,2,0,2,0,0,0,2,0,0,0,0,0,0,0,0,0,0,0,2,0,0,4347.51199684
20224,1123000693,4,2,2,0,0,1,0,1,2,0,0,0,0,1,1,0,0,1,0,0,1,1490.47639101
20224,1123000697,11,6,5,0,1,3,1,3,3,0,0,1,0,2,3,0,1,2,1,1,0,3301.47939503
20224,1123000698,2,0,2,0,0,0,0,2,0,0,0,0,0,0,0,0,0,0,0,2,0,699.943944066
20224,1123000704,3,2,1,0,0,1,0,0,2,0,0,1,0,0,1,0,0,0,0,0,1,3082.5145774
20224,1123000707,18,11,7,0,3,5,7,2,1,0,1,2,6,1,1,0,2,3,1,1,0,11145.9383493
20224,1123000710,5,4,1,0,0,1,0,2,2,0,0,0,0,2,2,0,0,1,0,0,0,2036.58428895
20224,1123000715,6,0,6,0,1,1,2,2,0,0,0,0,0,0,0,0,1,1,2,2,0,1539.3655359
20224,1123000717,107,73,34,0,19,19,22,33,14,0,13,14,15,22,9,0,6,5,7,11,5,2914.74706095
20224,1123000718,2,2,0,0,0,0,0,1,1,0,0,0,0,1,1,0,0,0,0,0,0,1772.5989134
20224,1123000719,3,2,1,0,0,0,1,0,2,0,0,0,0,0,2,0,0,0,1,0,0,1984.39986253
20224,1123000720,170,89,81,0,29,64,53,17,7,0,8,34,29,12,6,0,21,30,24,5,1,8968.58069041
20224,1123000721,5,0,5,0,2,0,2,1,0,0,0,0,0,0,0,0,2,0,2,1,0,1360.06184532
20224,1123000725,4,3,1,0,0,1,1,2,0,0,0,1,0,2,0,0,0,0,1,0,0,770.437710314
20224,1123000727,70,57,13,0,4,2,9,8,47,0,4,0,3,4,46,0,0,2,6,4,1,5519.61595065
20224,1123000728,3133,562,2571,1,433,588,566,988,557,0,97,230,171,46,18,1,336,358,395,942,539,2847.02821333
20224,1123000732,13,8,5,0,0,6,5,1,1,0,0,3,5,0,0,0,0,3,0,1,1,2573.09926262
20224,1123000733,3,1,2,0,0,0,2,0,1,0,0,0,0,0,1,0,0,0,2,0,0,5735.67251126
20224,1123000736,93,49,44,0,15,26,22,17,13,0,6,16,14,10,3,0,9,10,8,7,10,9188.41281174
20224,1123000737,4,3,1,0,1,0,1,1,1,0,1,0,1,0,1,0,0,0,0,1,0,5914.93846871
20224,1123000738,129,88,41,0,4,1,6,12,106,0,2,1,3,5,77,0,2,0,3,7,29,3820.80092312
20224,1123000739,25,10,15,0,4,3,3,13,2,0,2,0,1,6,1,0,2,3,2,7,1,8825.02822343
20224,1123000740,9,4,5,0,0,0,2,3,4,0,0,0,1,1,2,0,0,0,1,2,2,3158.56877521
20224,1123000742,1,1,0,0,0,0,0,0,1,0,0,0,0,0,1,0,0,0,0,0,0,4244.76656106
20224,1123000746,40,11,29,0,19,9,5,4,3,0,4,4,1,2,0,0,15,5,4,2,3,3797.5155461
20224,1123000747,4,1,3,0,1,0,3,0,0,0,0,0,1,0,0,0,1,0,2,0,0,4229.15002906
20224,1123000748,1,1,0,0,0,0,0,0,1,0,0,0,0,0,1,0,0,0,0,0,0,6652.09689504
20224,1123000749,116,80,36,0,29,38,20,13,16,0,19,23,14,9,15,0,10,15,6,4,1,4240.11981196
20224,1123000751,198,127,71,0,25,90,22,18,43,0,8,56,17,10,36,0,17,34,5,8,7,4006.09273558
20224,1123000753,27,10,17,1,8,5,4,3,6,0,3,1,1,3,2,1,5,4,3,0,4,3640.99294239
20224,1123000754,6,5,1,0,1,2,1,2,0,0,1,2,0,2,0,0,0,0,1,0,0,3635.66513278
20224,1123000756,282,122,160,0,65,83,57,33,44,0,12,30,19,17,44,0,53,53,38,16,0,4338.63340236
20224,1123000758,108,60,48,0,6,10,16,18,58,0,5,9,12,10,24,0,1,1,4,8,34,4095.62700985
20224,1123000759,5,1,4,0,0,1,1,1,2,0,0,1,0,0,0,0,0,0,1,1,2,2448.02260624
20224,1123000761,554,268,286,3,210,201,94,35,11,1,78,100,48,31,10,2,132,101,46,4,1,6890.23982491
20224,1123000762,15,9,6,0,1,2,5,3,4,0,0,0,3,2,4,0,1,2,2,1,0,16004.2052743
20224,1123000764,9,7,2,0,0,3,2,0,4,0,0,1,2,0,4,0,0,2,0,0,0,4110.25781179
20224,1123000766,2,2,0,0,0,0,2,0,0,0,0,0,2,0,0,0,0,0,0,0,0,1247.24874098
20224,1123000767,20,11,9,0,0,10,8,1,1,0,0,3,6,1,1,0,0,7,2,0,0,1901.15458958
20224,1123000769,9,5,4,0,0,1,2,1,5,0,0,0,0,1,4,0,0,1,2,0,1,2206.66753405
20224,1123000770,55,34,21,0,6,7,21,12,9,0,1,4,14,8,7,0,5,3,7,4,2,11464.3050017
20224,1123000772,3,2,1,0,0,0,0,0,3,0,0,0,0,0,2,0,0,0,0,0,1,4132.53707003
20224,1123000774,16,6,10,0,1,4,6,3,2,0,0,1,2,1,2,0,1,3,4,2,0,2395.23824756
20224,1123000775,1,0,1,0,0,0,0,1,0,0,0,0,0,0,0,0,0,0,0,1,0,7559.6167189
20224,1123000776,14,10,4,0,0,1,5,7,1,0,0,0,3,6,1,0,0,1,2,1,0,4645.15896643
20224,1123000777,5,2,3,0,0,0,0,1,4,0,0,0,0,0,2,0,0,0,0,1,2,4637.37759361
20224,1123000779,6,6,0,0,1,2,2,0,1,0,1,2,2,0,1,0,0,0,0,0,0,3420.31595081
20224,1123000783,10,4,6,0,0,2,4,2,2,0,0,1,0,1,2,0,0,1,4,1,0,2849.07207398
20224,1123000784,24,22,2,0,3,2,10,5,4,0,3,2,9,4,4,0,0,0,1,1,0,9942.58958689
20224,1123000785,28,25,3,0,1,5,10,10,2,0,1,3,9,10,2,0,0,2,1,0,0,3943.49847808
20224,1123000787,8,6,2,0,2,2,0,2,2,0,0,2,0,2,2,0,2,0,0,0,0,2845.04936832
20224,1123000788,16,3,13,0,0,4,6,1,5,0,0,0,0,0,3,0,0,4,6,1,2,2837.51426934
20224,1123000790,7,3,4,0,3,3,0,1,0,0,1,1,0,1,0,0,2,2,0,0,0,7394.77884981
20224,1123000791,4,2,2,0,0,0,2,0,2,0,0,0,0,0,2,0,0,0,2,0,0,6190.17818905
20224,1123000792,210,134,76,0,35,92,39,24,20,0,10,61,26,22,15,0,25,31,13,2,5,3241.68558175
20224,1123000794,4,2,2,0,0,0,1,2,1,0,0,0,0,1,1,0,0,0,1,1,0,5526.98765954
20224,1123000796,3,0,3,0,0,0,2,1,0,0,0,0,0,0,0,0,0,0,2,1,0,2548.54200245
20224,1123000797,13,9,4,0,1,5,6,0,1,0,0,5,3,0,1,0,1,0,3,0,0,8036.97057082
20224,1123000799,90,50,40,0,6,32,22,24,6,0,3,13,14,14,6,0,3,19,8,10,0,35453.1704954
20224,1123000804,2,0,2,0,0,0,0,2,0,0,0,0,0,0,0,0,0,0,0,2,0,6529.5723876
20224,1123000805,1,0,1,0,0,0,0,1,0,0,0,0,0,0,0,0,0,0,0,1,0,8770.34867432
20224,1123000806,2,2,0,0,0,0,0,1,1,0,0,0,0,1,1,0,0,0,0,0,0,3574.87789573
20224,1123000809,5,4,1,0,0,0,2,1,2,0,0,0,1,1,2,0,0,0,1,0,0,4624.25370529
20224,1123000810,4,3,1,0,0,0,0,1,3,0,0,0,0,0,3,0,0,0,0,1,0,1262.72374307
20224,1123000811,4,2,2,0,1,0,1,1,1,0,0,0,1,0,1,0,1,0,0,1,0,1581.86584045
20224,1123000812,74,55,19,0,9,15,19,20,11,0,7,12,14,13,9,0,2,3,5,7,2,3035.88478622
20224,1123000814,13,6,7,0,2,2,4,1,4,0,0,1,3,0,2,0,2,1,1,1,2,6328.78202065
20224,1123000817,2,2,0,0,0,0,0,2,0,0,0,0,0,2,0,0,0,0,0,0,0,3092.94501325
20224,1123000818,7,6,1,0,0,1,0,2,4,0,0,1,0,2,3,0,0,0,0,0,1,11921.0973824
20224,1123000821,7,3,4,0,0,0,1,3,3,0,0,0,0,1,2,0,0,0,1,2,1,6999.5667647
20224,1123000822,24,12,12,0,0,4,10,3,7,0,0,2,3,2,5,0,0,2,7,1,2,6013.87445249
20224,1123000823,8,6,2,0,0,1,3,1,3,0,0,1,1,1,3,0,0,0,2,0,0,2165.13348129
20224,1123000824,1,0,1,0,0,0,1,0,0,0,0,0,0,0,0,0,0,0,1,0,0,2499.86282906
20224,1123000826,15,7,8,0,0,0,2,7,6,0,0,0,2,2,3,0,0,0,0,5,3,4934.16602867
20224,1123000828,4,2,2,0,2,0,1,1,0,0,1,0,0,1,0,0,1,0,1,0,0,2999.95610432
20224,1123000829,9,8,1,0,1,2,1,2,3,0,1,2,1,1,3,0,0,0,0,1,0,10360.8752738
20224,1123000830,22,19,3,0,3,3,8,3,5,0,3,3,6,2,5,0,0,0,2,1,0,7393.05431544
20224,1123000831,16,9,7,0,0,4,5,2,5,0,0,3,1,2,3,0,0,1,4,0,2,2969.82232353
20224,1123000832,13,10,3,0,1,2,1,5,4,0,1,2,1,3,3,0,0,0,0,2,1,595.572774367
20224,1123000833,39,16,23,0,9,7,13,5,5,0,1,7,5,1,2,0,8,0,8,4,3,11952.4452845
20224,1123000834,8,7,1,0,0,0,2,6,0,0,0,0,1,6,0,0,0,0,1,0,0,2598.71345033
20224,1123000835,5,5,0,0,0,0,3,2,0,0,0,0,3,2,0,0,0,0,0,0,0,1111.49576141
20224,1123000836,26,17,9,0,0,5,8,10,3,0,0,3,5,7,2,0,0,2,3,3,1,2788.69944117
20224,1123000837,2,1,1,0,0,0,0,0,2,0,0,0,0,0,1,0,0,0,0,0,1,2386.50490123
20224,1123000838,12,8,4,0,1,4,1,5,1,0,0,3,1,4,0,0,1,1,0,1,1,1206.35704805
20224,1123000840,12,10,2,0,0,1,3,3,5,0,0,1,3,2,4,0,0,0,0,1,1,3559.81870719
20224,1123000841,114,96,18,0,3,16,10,13,72,0,0,7,8,10,71,0,3,9,2,3,1,17054.004377
20224,1123000842,24,23,1,0,3,4,5,8,4,0,2,4,5,8,4,0,1,0,0,0,0,2172.34562805
20224,1123000843,5,3,2,0,1,2,0,0,2,0,0,1,0,0,2,0,1,1,0,0,0,2048.99462376
20224,1123000844,42,31,11,0,5,4,13,12,8,0,4,1,10,9,7,0,1,3,3,3,1,3432.34716877
20224,1123000845,7,3,4,0,2,0,1,3,1,0,0,0,0,2,1,0,2,0,1,1,0,2260.48510389
20224,1123000846,48,17,31,0,9,11,17,6,5,0,1,5,7,2,2,0,8,6,10,4,3,2268.05573689
20224,1123000847,29,23,6,0,2,7,6,4,10,0,2,6,4,2,9,0,0,1,2,2,1,2418.13496029
20224,1123000848,32,22,10,0,2,9,11,7,3,0,0,5,10,6,1,0,2,4,1,1,2,3474.14869826
20224,1123000849,1,1,0,0,0,0,0,1,0,0,0,0,0,1,0,0,0,0,0,0,0,2202.90659378
20224,1123000850,10,6,4,0,2,3,3,2,0,0,1,2,1,2,0,0,1,1,2,0,0,3219.71305901
20224,1123000851,6,1,5,0,0,2,2,1,1,0,0,0,0,1,0,0,0,2,2,0,1,5606.01333844
20224,1123000852,4,4,0,0,0,0,2,0,2,0,0,0,2,0,2,0,0,0,0,0,0,1578.57854434
20224,1123000854,4,1,3,0,1,1,2,0,0,0,0,0,1,0,0,0,1,1,1,0,0,865.51864328
20224,1123000856,4,1,3,0,1,0,0,3,0,0,0,0,0,1,0,0,1,0,0,2,0,2204.64945203
20224,1123000857,10,0,10,0,7,1,1,1,0,0,0,0,0,0,0,0,7,1,1,1,0,3051.58675781
20224,1123000858,120,86,34,1,17,26,35,26,15,0,11,17,23,23,12,1,6,9,12,3,3,2766.90389094
20224,1123000860,107,69,38,0,17,54,13,12,11,0,7,40,9,5,8,0,10,14,4,7,3,8391.36259807
20224,1123000871,6,3,3,0,2,1,1,0,2,0,0,0,1,0,2,0,2,1,0,0,0,6143.96655999
20224,1123000873,14,10,4,0,0,3,3,5,3,0,0,2,2,4,2,0,0,1,1,1,1,3531.93565764
20224,1123000875,1446,334,1112,0,497,549,301,93,6,0,69,150,90,20,5,0,428,399,211,73,1,3194.71731579
20224,1123000877,3,2,1,0,0,1,0,1,1,0,0,1,0,0,1,0,0,0,0,1,0,2928.75373941
20224,1123000878,4,4,0,0,0,0,3,0,1,0,0,0,3,0,1,0,0,0,0,0,0,2378.11521735
20224,1123000879,28,12,16,0,4,2,8,12,2,0,3,2,4,2,1,0,1,0,4,10,1,3399.64835843
20224,1123000880,8,1,7,0,0,2,4,0,2,0,0,0,0,0,1,0,0,2,4,0,1,3422.0005008
20224,1123000882,2,0,2,0,1,0,0,1,0,0,0,0,0,0,0,0,1,0,0,1,0,3512.74773724
20224,1123000883,8,6,2,0,0,1,2,2,3,0,0,1,2,2,1,0,0,0,0,0,2,2125.16655741
20224,1123000887,48,28,20,0,9,15,11,5,8,0,3,8,7,3,7,0,6,7,4,2,1,8606.23512171
20224,1123000889,2,1,1,0,0,0,1,0,1,0,0,0,0,0,1,0,0,0,1,0,0,2234.79247841
20224,1123000892,6,4,2,0,0,0,2,1,3,0,0,0,0,1,3,0,0,0,2,0,0,1482.01424451
20224,1123000896,4,2,2,0,0,0,2,1,1,0,0,0,1,0,1,0,0,0,1,1,0,3852.66229586
20224,1123000899,4,4,0,0,1,1,1,1,0,0,1,1,1,1,0,0,0,0,0,0,0,1424.06439015
20224,1123000900,9,2,7,0,0,3,4,1,1,0,0,1,0,0,1,0,0,2,4,1,0,8449.230904
20224,1123000903,4,2,2,0,0,0,0,2,2,0,0,0,0,1,1,0,0,0,0,1,1,4101.30733984
20224,1123000911,5,3,2,0,1,0,2,1,1,0,0,0,1,1,1,0,1,0,1,0,0,2662.73336807
20224,1123000916,16,13,3,0,5,3,6,1,1,0,3,3,5,1,1,0,2,0,1,0,0,926.997156386
20224,1123000920,37,23,14,0,2,8,19,7,1,0,2,6,11,3,1,0,0,2,8,4,0,1086.18995356
20224,1123000922,4,1,3,0,1,0,1,1,1,0,0,0,1,0,0,0,1,0,0,1,1,2397.62565878
20224,1123000924,7,2,5,0,0,3,2,2,0,0,0,0,0,2,0,0,0,3,2,0,0,3349.21343777
20224,1123000925,64,33,31,0,11,17,13,21,2,0,4,11,9,8,1,0,7,6,4,13,1,3732.67537
20224,1123000933,22,9,13,0,10,1,3,6,2,0,2,0,1,5,1,0,8,1,2,1,1,2075.67256411
20224,1123000934,12,8,4,0,1,1,5,2,3,0,0,0,4,2,2,0,1,1,1,0,1,5033.75205013
20224,1123000935,4,3,1,0,2,0,0,2,0,0,1,0,0,2,0,0,1,0,0,0,0,5658.86112854
20224,1123000938,21,7,14,0,4,5,7,5,0,0,0,1,3,3,0,0,4,4,4,2,0,1822.39100718
20224,1123000940,2,2,0,0,0,0,1,1,0,0,0,0,1,1,0,0,0,0,0,0,0,3083.36377762
20224,1123000942,47,43,4,0,1,7,19,15,5,0,1,5,18,15,4,0,0,2,1,0,1,2469.10378439
20224,1123000944,6,3,3,0,0,1,3,1,1,0,0,1,0,1,1,0,0,0,3,0,0,2541.94115157
20224,1123000949,18,10,8,0,3,10,2,1,2,0,1,4,2,1,2,0,2,6,0,0,0,1253.45301219
20224,1123000954,11,1,10,0,2,0,5,4,0,0,0,0,1,0,0,0,2,0,4,4,0,4708.06271298
20224,1123000957,8,7,1,0,0,0,1,4,3,0,0,0,1,3,3,0,0,0,0,1,0,2804.75312681
20224,1123000958,35,24,11,0,1,7,10,9,8,0,1,3,6,7,7,0,0,4,4,2,1,6868.69509997
20224,1123000960,3,3,0,0,0,0,2,1,0,0,0,0,2,1,0,0,0,0,0,0,0,1899.39653633
20224,1123000961,13,5,8,0,3,4,2,3,1,0,1,0,1,2,1,0,2,4,1,1,0,9874.45124892
20224,1123000969,50,22,28,1,0,5,25,16,3,1,0,3,8,7,3,0,0,2,17,9,0,3966.53727376
20224,1123000974,3,2,1,0,0,0,1,2,0,0,0,0,1,1,0,0,0,0,0,1,0,1212.71752248
20224,1123000975,2,2,0,0,0,0,2,0,0,0,0,0,2,0,0,0,0,0,0,0,0,4277.10327787
20224,1123000978,3,3,0,0,0,1,0,1,1,0,0,1,0,1,1,0,0,0,0,0,0,1836.00903797
20224,1123000979,3,1,2,0,0,0,0,2,1,0,0,0,0,1,0,0,0,0,0,1,1,9758.30407219
20224,1123000980,1,1,0,0,0,0,0,1,0,0,0,0,0,1,0,0,0,0,0,0,0,1117.58018808
20224,1123000983,7,3,4,0,2,2,1,1,1,0,2,1,0,0,0,0,0,1,1,1,1,2366.24545472
20224,1123000984,2,2,0,0,0,0,1,1,0,0,0,0,1,1,0,0,0,0,0,0,0,3077.86066463
20224,1123000990,2,1,1,0,0,0,0,0,2,0,0,0,0,0,1,0,0,0,0,0,1,1305.98708829
20224,1123000995,15,2,13,0,8,1,5,0,1,0,0,0,1,0,1,0,8,1,4,0,0,3073.87166788
20224,1123000999,4,4,0,0,0,1,0,1,2,0,0,1,0,1,2,0,0,0,0,0,0,4074.72198537
20224,1123001000,1,1,0,0,0,0,0,0,1,0,0,0,0,0,1,0,0,0,0,0,0,2394.42581509
20224,1123001002,5,1,4,0,0,0,2,1,2,0,0,0,1,0,0,0,0,0,1,1,2,4405.99332393
20224,1123001005,30,15,15,0,4,5,14,5,2,0,0,3,7,5,0,0,4,2,7,0,2,6633.87725523
20224,1123001006,4,3,1,0,0,1,0,1,2,0,0,1,0,0,2,0,0,0,0,1,0,830.165903969
20224,1123001008,8,7,1,0,0,0,0,5,3,0,0,0,0,4,3,0,0,0,0,1,0,4966.72047992
20224,1123001009,2,2,0,0,2,0,0,0,0,0,2,0,0,0,0,0,0,0,0,0,0,3491.88435607
20224,1123001010,4,2,2,0,0,2,0,2,0,0,0,1,0,1,0,0,0,1,0,1,0,2510.94937435
20224,1123001012,4,2,2,0,0,0,0,3,1,0,0,0,0,1,1,0,0,0,0,2,0,654.762584036
20224,1123001013,2,2,0,0,1,0,1,0,0,0,1,0,1,0,0,0,0,0,0,0,0,2311.56558557
20224,1123001015,17,6,11,0,6,8,1,1,1,0,2,2,0,1,1,0,4,6,1,0,0,1381.14508248
20224,1123001020,4,4,0,0,0,3,1,0,0,0,0,3,1,0,0,0,0,0,0,0,0,3282.08490934
20224,1123001021,7,4,3,0,0,2,3,1,1,0,0,2,2,0,0,0,0,0,1,1,1,2792.34741787
20224,1123001022,702,498,204,0,5,92,243,248,114,0,3,42,152,202,99,0,2,50,91,46,15,75357.7962421
20224,1123001024,2,2,0,0,0,1,1,0,0,0,0,1,1,0,0,0,0,0,0,0,0,1737.81831967
20224,1123001030,3,1,2,0,2,1,0,0,0,0,0,1,0,0,0,0,2,0,0,0,0,2631.50546448
20224,1123001031,15,7,8,0,6,3,6,0,0,0,3,2,2,0,0,0,3,1,4,0,0,2513.51861358
20224,1123001034,3,1,2,0,0,1,1,1,0,0,0,0,0,1,0,0,0,1,1,0,0,2937.58974716
20224,1123001035,6,1,5,0,1,0,3,1,1,0,0,0,1,0,0,0,1,0,2,1,1,2582.97069588
20224,1123001036,14,7,7,0,4,3,3,4,0,0,1,1,2,3,0,0,3,2,1,1,0,86181.752073
20224,1123001038,3,2,1,0,0,1,1,0,1,0,0,1,0,0,1,0,0,0,1,0,0,702.517798597
20224,1123001039,13,9,4,0,1,1,2,3,6,0,0,0,2,2,5,0,1,1,0,1,1,26947.7282141
20224,1123001040,5,3,2,0,0,1,1,3,0,0,0,0,0,3,0,0,0,1,1,0,0,2564.67134806
20224,1123001041,14,5,9,0,0,1,7,6,0,0,0,1,3,1,0,0,0,0,4,5,0,3891.79118463
20224,1123001043,14,8,6,0,0,3,5,3,3,0,0,2,4,1,1,0,0,1,1,2,2,2174.7425155
20224,1123001047,2,1,1,0,0,0,0,2,0,0,0,0,0,1,0,0,0,0,0,1,0,5773.03312329
20224,1123001048,19,13,6,0,1,1,10,4,3,0,0,1,7,3,2,0,1,0,3,1,1,5667.90612722
20224,1123001049,4,3,1,0,0,2,1,1,0,0,0,1,1,1,0,0,0,1,0,0,0,2908.9263683
20224,1123001051,128,40,88,0,7,10,27,30,54,0,0,4,13,5,18,0,7,6,14,25,36,12705.1673298
20224,1123001052,4,1,3,0,0,1,0,2,1,0,0,0,0,0,1,0,0,1,0,2,0,2913.25226694
20224,1123001057,11,5,6,0,1,2,3,3,2,0,0,1,2,1,1,0,1,1,1,2,1,3302.94712939
20224,1123001063,7,4,3,0,1,1,2,2,1,0,0,0,1,2,1,0,1,1,1,0,0,1036.60154414
20224,1123001070,7,6,1,0,4,0,1,2,0,0,3,0,1,2,0,0,1,0,0,0,0,5731.46337646
20224,1123001071,25,10,15,0,6,5,6,6,2,0,0,3,2,4,1,0,6,2,4,2,1,3146.20831367
20224,1123001077,4,2,2,0,0,1,1,1,1,0,0,0,1,1,0,0,0,1,0,0,1,1921.47218633
20224,1123001078,35,18,17,0,3,6,7,13,6,0,1,3,2,8,4,0,2,3,5,5,2,6464.12246345
20224,1123001082,4,4,0,0,0,0,2,1,1,0,0,0,2,1,1,0,0,0,0,0,0,1952.94323736
20224,1123001085,238,127,111,0,35,53,83,51,16,0,11,26,55,25,10,0,24,27,28,26,6,5762.89541679
20224,1123001088,3,3,0,0,0,0,0,0,3,0,0,0,0,0,3,0,0,0,0,0,0,8042.30153718
20224,1123001089,3,1,2,0,0,0,1,1,1,0,0,0,0,0,1,0,0,0,1,1,0,9030.19472157
20224,1123001091,2,1,1,0,0,0,0,1,1,0,0,0,0,0,1,0,0,0,0,1,0,2168.0241135
20224,1123001093,2,1,1,0,0,1,1,0,0,0,0,0,1,0,0,0,0,1,0,0,0,3166.72280181
20224,1123001102,4,3,1,0,1,0,0,2,1,0,1,0,0,1,1,0,0,0,0,1,0,2096.36169548
20224,1123001103,3,1,2,0,0,1,2,0,0,0,0,0,1,0,0,0,0,1,1,0,0,5580.69721502
20224,1123001115,72,36,36,1,28,11,15,4,13,1,14,6,8,2,5,0,14,5,7,2,8,38244.3507977
20224,1123001117,7,5,2,0,2,3,2,0,0,0,1,3,1,0,0,0,1,0,1,0,0,1137.74013892
20224,1123001118,4,3,1,0,1,0,0,3,0,0,0,0,0,3,0,0,1,0,0,0,0,1306.08891639
20224,1123001119,5,2,3,0,1,0,0,1,3,0,0,0,0,0,2,0,1,0,0,1,1,1619.08847219
20224,1123001121,2,2,0,0,0,0,0,0,2,0,0,0,0,0,2,0,0,0,0,0,0,1470.25396391
20224,1123001123,3,1,2,0,1,1,1,0,0,0,0,0,1,0,0,0,1,1,0,0,0,5027.21683106
20224,1123001125,219,69,150,0,41,56,60,47,15,0,8,15,14,20,12,0,33,41,46,27,3,4184.06575642
20224,1123001126,9,7,2,0,0,1,4,3,1,0,0,1,3,2,1,0,0,0,1,1,0,3173.32707008
20224,1123001131,7,3,4,0,0,3,1,2,1,0,0,1,1,1,0,0,0,2,0,1,1,5769.86987865
20224,1123001136,5,5,0,0,0,3,2,0,0,0,0,3,2,0,0,0,0,0,0,0,0,1115.19650562
20224,1123001138,4,4,0,0,0,1,3,0,0,0,0,1,3,0,0,0,0,0,0,0,0,995.522197245
20224,1123001140,2,1,1,0,0,1,0,1,0,0,0,0,0,1,0,0,0,1,0,0,0,2198.20008866
20224,1123001141,10,5,5,0,0,2,2,3,3,0,0,0,1,1,3,0,0,2,1,2,0,2710.43756067
20224,1123001147,4,3,1,0,0,1,0,2,1,0,0,1,0,1,1,0,0,0,0,1,0,2089.71271821
20224,1123001154,58,48,10,0,2,7,13,28,8,0,1,6,9,25,7,0,1,1,4,3,1,3163.5209142
20224,1123001159,9,5,4,0,0,5,1,2,1,0,0,1,1,2,1,0,0,4,0,0,0,615.770390618
20224,1123001164,1,1,0,0,0,0,0,0,1,0,0,0,0,0,1,0,0,0,0,0,0,845.324753447
20224,1123001169,5,4,1,0,1,1,2,1,0,0,0,1,2,1,0,0,1,0,0,0,0,1885.21017967
20224,1123001178,7,6,1,0,1,4,1,0,1,0,1,4,0,0,1,0,0,0,1,0,0,948.704945047
20224,1123001184,6,2,4,0,0,0,1,5,0,0,0,0,0,2,0,0,0,0,1,3,0,1621.91633535
20224,1123001188,3,3,0,0,0,0,0,3,0,0,0,0,0,3,0,0,0,0,0,0,0,4681.36199995
20224,1123001192,6,3,3,0,0,0,1,5,0,0,0,0,0,3,0,0,0,0,1,2,0,1363.00514833
20224,1123001196,6,2,4,0,0,1,0,1,4,0,0,0,0,1,1,0,0,1,0,0,3,2983.07530735
20224,1123001203,3,1,2,0,0,0,1,2,0,0,0,0,1,0,0,0,0,0,0,2,0,3334.59171495
20224,1123001204,25,9,16,0,3,3,8,8,3,0,1,1,1,4,2,0,2,2,7,4,1,5537.27314008
20224,1123001212,912,386,526,2,141,195,202,221,151,1,48,91,84,77,85,1,93,104,118,144,66,3424.08233721
20224,1123001225,4,3,1,0,0,0,3,0,1,0,0,0,3,0,0,0,0,0,0,0,1,1620.38956919
20224,1123001227,1,1,0,0,0,0,1,0,0,0,0,0,1,0,0,0,0,0,0,0,0,2568.4614047
20224,1123001229,9,7,2,0,0,1,2,4,2,0,0,1,2,2,2,0,0,0,0,2,0,2638.75401326
20224,1123001230,11,9,2,0,1,2,5,3,0,0,1,2,4,2,0,0,0,0,1,1,0,2574.61545223
20224,1123001232,2,2,0,0,0,1,0,0,1,0,0,1,0,0,1,0,0,0,0,0,0,4104.49026507
20224,1123001233,124,88,36,0,13,23,29,20,39,0,6,16,17,13,36,0,7,7,12,7,3,4361.97528672
20224,1123001234,4,0,4,0,0,1,2,1,0,0,0,0,0,0,0,0,0,1,2,1,0,2265.87993922
20224,1123001243,7,7,0,0,0,0,2,4,1,0,0,0,2,4,1,0,0,0,0,0,0,412.873694887
20224,1123001247,3,2,1,0,0,0,3,0,0,0,0,0,2,0,0,0,0,0,1,0,0,2593.29276002
20224,1123001251,1,1,0,0,0,0,0,1,0,0,0,0,0,1,0,0,0,0,0,0,0,1806.93515137
20224,1123001252,4,3,1,0,1,0,0,2,1,0,1,0,0,1,1,0,0,0,0,1,0,3972.39225777
20224,1123001262,3,1,2,0,0,0,1,2,0,0,0,0,1,0,0,0,0,0,0,2,0,1388.2020094
20224,1123001265,21,2,19,0,2,5,6,6,2,0,0,0,1,0,1,0,2,5,5,6,1,2131.82584228
20224,1123001266,99,19,80,0,11,27,27,24,10,0,0,3,7,2,7,0,11,24,20,22,3,17231.4819426
20224,1123001269,2,1,1,0,0,0,1,1,0,0,0,0,0,1,0,0,0,0,1,0,0,1705.87460823
20224,1123001271,12,7,5,0,0,3,4,3,2,0,0,2,1,2,2,0,0,1,3,1,0,3031.587709
20224,1123001272,30,18,12,0,5,5,9,9,2,0,5,2,3,6,2,0,0,3,6,3,0,3015.47768558
20224,1123001273,8,5,3,0,1,1,3,3,0,0,0,1,2,2,0,0,1,0,1,1,0,9357.04827425
20224,1123001280,4,2,2,0,0,0,1,2,1,0,0,0,0,2,0,0,0,0,1,0,1,3600.74066953
20224,1123001282,4,0,4,0,1,0,0,3,0,0,0,0,0,0,0,0,1,0,0,3,0,1476.08055255
20224,1123001284,5,1,4,0,3,0,0,2,0,0,0,0,0,1,0,0,3,0,0,1,0,4095.01648466
20224,1123001285,3,1,2,0,1,0,1,1,0,0,0,0,0,1,0,0,1,0,1,0,0,1094.09394927
20224,1123001286,7,2,5,0,0,1,6,0,0,0,0,0,2,0,0,0,0,1,4,0,0,2682.5819701
20224,1123001292,4,2,2,0,2,0,1,0,1,0,2,0,0,0,0,0,0,0,1,0,1,1340.74481648
20224,1123001295,7,4,3,0,0,0,1,4,2,0,0,0,1,1,2,0,0,0,0,3,0,3050.30695554
20224,1123001298,3,0,3,0,1,0,0,2,0,0,0,0,0,0,0,0,1,0,0,2,0,1490.37942704
20224,1123001299,160,94,66,0,20,53,32,39,16,0,5,20,23,34,12,0,15,33,9,5,4,3095.68658882
20224,1123001301,51,43,8,0,2,30,18,1,0,0,2,27,13,1,0,0,0,3,5,0,0,5649.15500544
20224,1123001306,33,11,22,0,7,9,9,4,4,0,1,5,2,1,2,0,6,4,7,3,2,6314.75504802
20224,1123001309,14,11,3,0,2,7,0,3,2,0,1,6,0,2,2,0,1,1,0,1,0,3176.70006711
20224,1123001317,5,4,1,0,0,0,0,1,4,0,0,0,0,1,3,0,0,0,0,0,1,7574.59307796
20224,1123001319,8,7,1,0,2,2,2,2,0,0,2,2,1,2,0,0,0,0,1,0,0,4983.2483172
20224,1123001326,399,226,173,0,43,89,100,103,64,0,17,41,45,74,49,0,26,48,55,29,15,5658.17166803
20224,1123001329,7,2,5,0,3,2,0,2,0,0,0,0,0,2,0,0,3,2,0,0,0,5200.27360612
20224,1123001330,134,129,5,0,1,1,11,56,65,0,0,1,10,53,65,0,1,0,1,3,0,4968.44184638
20224,1123001331,9,8,1,0,0,0,1,2,6,0,0,0,1,2,5,0,0,0,0,0,1,6572.33371418
20224,1123001333,25,23,2,0,0,2,0,2,21,0,0,1,0,1,21,0,0,1,0,1,0,142300.960354
20224,1123001335,71,48,23,0,9,15,19,14,14,0,5,10,13,11,9,0,4,5,6,3,5,14580.2287956
20224,1123001336,163,85,78,0,18,70,44,14,17,0,6,36,24,8,11,0,12,34,20,6,6,13518.2484709
20224,1123001338,72,42,30,1,8,15,13,17,18,1,4,5,7,10,15,0,4,10,6,7,3,14034.7598661
20224,1123001339,20,15,5,0,3,2,6,7,2,0,2,2,4,5,2,0,1,0,2,2,0,3086.2119734
20224,1123001341,135,72,63,3,11,26,38,38,19,3,7,14,20,15,13,0,4,12,18,23,6,14753.5555328
20224,1123001342,84,66,18,0,10,20,27,17,10,0,7,16,22,12,9,0,3,4,5,5,1,4890.27737582
20224,1123001344,111,107,4,0,0,5,17,32,57,0,0,4,15,31,57,0,0,1,2,1,0,10344.9087969
20224,1123001346,153,99,54,0,27,37,40,28,21,0,13,24,24,18,20,0,14,13,16,10,1,14228.9395352
20224,1123001348,18,7,11,0,5,5,3,4,1,0,1,1,2,2,1,0,4,4,1,2,0,1516.73077499
20224,1123001349,40,27,13,0,5,3,9,13,10,0,1,3,6,8,9,0,4,0,3,5,1,6100.05561612
20224,1123001350,524,310,214,0,51,45,36,91,301,0,44,40,32,48,146,0,7,5,4,43,155,7800.16063219
20224,1123001351,139,75,64,0,19,39,31,33,17,0,2,18,19,24,12,0,17,21,12,9,5,13334.0678012
20224,1123001352,48,35,13,0,11,8,11,10,8,0,8,5,8,7,7,0,3,3,3,3,1,5923.45945574
20224,1123001353,438,296,142,2,9,11,28,37,351,0,2,3,15,16,260,2,7,8,13,21,91,7192.62815346
20224,1123001354,12,8,4,0,1,1,3,6,1,0,1,1,1,4,1,0,0,0,2,2,0,1388.96975073
20224,1123001355,8,4,4,0,0,2,2,3,1,0,0,0,1,3,0,0,0,2,1,0,1,2977.99793061
20224,1123001356,69,64,5,0,1,3,8,14,43,0,1,2,6,13,42,0,0,1,2,1,1,3433.71335463
20224,1123001357,10,6,4,0,2,0,3,3,2,0,1,0,2,2,1,0,1,0,1,1,1,5898.85922386
20224,1123001358,52,33,19,0,10,12,18,9,3,0,5,7,12,7,2,0,5,5,6,2,1,8534.43284344
20224,1123001359,10,5,5,0,0,5,4,1,0,0,0,3,2,0,0,0,0,2,2,1,0,3743.21790007
20224,1123001360,4,2,2,0,2,0,0,2,0,0,1,0,0,1,0,0,1,0,0,1,0,1355.34837445
20224,1123001362,56,35,21,0,6,7,8,20,15,0,1,3,4,16,11,0,5,4,4,4,4,6518.33570488
20224,1123001365,516,416,100,0,145,141,122,55,53,0,119,123,94,35,45,0,26,18,28,20,8,14057.3660987
20224,1123001366,4,1,3,0,0,1,0,1,2,0,0,0,0,0,1,0,0,1,0,1,1,343.514960473
20224,1123001367,58,44,14,0,3,6,16,8,25,0,2,3,7,8,24,0,1,3,9,0,1,7875.80489619
20224,1123001368,38,18,20,0,3,5,10,15,5,0,0,2,5,10,1,0,3,3,5,5,4,7981.48969243
20224,1123001371,9,8,1,0,0,0,5,2,2,0,0,0,5,2,1,0,0,0,0,0,1,3789.31894149
20224,1123001372,83,45,38,0,10,26,26,15,6,0,7,10,16,11,1,0,3,16,10,4,5,7544.30183205
20224,1123001373,2,2,0,0,0,0,0,1,1,0,0,0,0,1,1,0,0,0,0,0,0,267.986559413
20224,1123001374,25,17,8,0,5,5,3,6,6,0,3,4,2,4,4,0,2,1,1,2,2,3448.47641737
20224,1123001375,416,298,118,6,31,74,106,78,121,5,11,44,71,62,105,1,20,30,35,16,16,14113.5126472
20224,1123001376,10,6,4,0,0,0,1,4,5,0,0,0,0,2,4,0,0,0,1,2,1,5273.24260925
20224,1123001377,6,6,0,0,0,2,0,1,3,0,0,2,0,1,3,0,0,0,0,0,0,2621.53512107
20224,1123001379,10,6,4,0,0,2,2,4,2,0,0,0,1,3,2,0,0,2,1,1,0,5566.7657525
20224,1123001381,18,14,4,0,0,1,8,4,5,0,0,1,6,3,4,0,0,0,2,1,1,4734.4584569
20224,1123001384,13,3,10,0,6,3,2,1,1,0,0,1,2,0,0,0,6,2,0,1,1,5199.24676573
20224,1123001385,139,75,64,0,14,30,44,33,18,0,4,15,25,18,13,0,10,15,19,15,5,8042.37328887
20224,1123001386,18,11,7,0,1,2,8,4,3,0,1,2,4,2,2,0,0,0,4,2,1,2931.89741529
20224,1123001388,25,13,12,0,3,2,4,15,1,0,2,1,0,9,1,0,1,1,4,6,0,6419.41771923
20224,1123001389,15,10,5,0,0,3,3,5,4,0,0,1,2,3,4,0,0,2,1,2,0,5354.60233294
20224,1123001391,271,249,22,0,22,94,72,80,3,0,18,87,67,76,1,0,4,7,5,4,2,5470.59872095
20224,1123001392,38,9,29,0,17,5,4,8,4,0,0,3,1,3,2,0,17,2,3,5,2,6654.32879763
20224,1123001393,44,32,12,0,12,6,11,8,7,0,9,4,8,5,6,0,3,2,3,3,1,6374.30314091
20224,1123001397,24,14,10,0,5,5,5,8,1,0,5,2,4,2,1,0,0,3,1,6,0,6525.81560154
20224,1123001398,7,3,4,0,1,3,0,2,1,0,0,2,0,0,1,0,1,1,0,2,0,4536.20935954
20224,1123001399,10,4,6,0,0,1,4,5,0,0,0,0,1,3,0,0,0,1,3,2,0,6474.82609417
20224,1123001400,6,5,1,0,0,1,1,2,2,0,0,1,0,2,2,0,0,0,1,0,0,11320.3183701
20224,1123001401,27,5,22,0,2,5,7,7,6,0,0,0,0,0,5,0,2,5,7,7,1,15122.9864546
20224,1123001402,3,2,1,0,0,1,1,0,1,0,0,1,0,0,1,0,0,0,1,0,0,3221.89739034
20224,1123001403,38,23,15,0,2,8,11,7,10,0,1,3,8,3,8,0,1,5,3,4,2,4867.70086789
20224,1123001404,18,16,2,0,2,5,5,5,1,0,2,5,5,3,1,0,0,0,0,2,0,1810.52620531
20224,1123001405,72,35,37,0,23,14,16,12,7,0,9,10,6,6,4,0,14,4,10,6,3,5917.4011449
20224,1123001406,10,9,1,0,0,0,1,7,2,0,0,0,1,6,2,0,0,0,0,1,0,6501.7530575
20224,1123001407,16,13,3,0,1,4,7,3,1,0,0,3,7,2,1,0,1,1,0,1,0,6368.72709123
20224,1123001408,25,12,13,0,6,5,7,4,3,0,2,2,3,2,3,0,4,3,4,2,0,1000.0890138
20224,1123001409,2,2,0,0,0,0,1,0,1,0,0,0,1,0,1,0,0,0,0,0,0,1020.5928757
20224,1123001411,7,7,0,0,1,0,1,1,4,0,1,0,1,1,4,0,0,0,0,0,0,2523.75545318
20224,1123001413,100,75,25,0,6,33,28,15,18,0,1,26,23,11,14,0,5,7,5,4,4,11519.4560242
20224,1123001414,2,2,0,0,0,0,0,0,2,0,0,0,0,0,2,0,0,0,0,0,0,1137.48089262
20224,1123001416,5,2,3,0,0,1,2,1,1,0,0,0,1,0,1,0,0,1,1,1,0,3778.67687162
20224,1123001417,181,143,38,1,56,42,37,31,14,0,43,32,32,26,10,1,13,10,5,5,4,7514.87708392
20224,1123001419,10,8,2,0,0,1,0,5,4,0,0,0,0,5,3,0,0,1,0,0,1,9775.13424425
20224,1123001421,14,4,10,0,3,3,2,5,1,0,1,1,1,0,1,0,2,2,1,5,0,6014.44502704
20224,1123001422,2,2,0,0,0,0,2,0,0,0,0,0,2,0,0,0,0,0,0,0,0,1880.3633536
20224,1123001424,101,99,2,0,1,0,8,42,50,0,1,0,8,40,50,0,0,0,0,2,0,4932.16320077
20224,1123001425,147,79,68,0,31,51,22,21,22,0,12,28,12,12,15,0,19,23,10,9,7,13280.7704614
20224,1123001426,13,10,3,0,0,3,5,4,1,0,0,3,4,2,1,0,0,0,1,2,0,5658.04577768
20224,1123001427,21,9,12,0,3,6,3,3,6,0,0,3,0,1,5,0,3,3,3,2,1,3280.33657303
20224,1123001429,15,11,4,0,0,6,3,3,3,0,0,4,2,2,3,0,0,2,1,1,0,5682.75460762
20224,1123001431,3,2,1,0,0,0,1,1,1,0,0,0,1,1,0,0,0,0,0,0,1,1921.24713238
20224,1123001433,5,5,0,0,0,1,2,2,0,0,0,1,2,2,0,0,0,0,0,0,0,5496.50228721
20224,1123001434,68,43,25,0,11,21,14,11,11,0,3,13,9,8,10,0,8,8,5,3,1,5145.44003317
20224,1123001437,8,6,2,0,1,0,1,2,4,0,0,0,1,2,3,0,1,0,0,0,1,2326.9723399
20224,1123001440,20,14,6,0,0,3,5,7,5,0,0,1,4,6,3,0,0,2,1,1,2,7213.35894654
20224,1123001441,3,1,2,0,0,1,0,1,1,0,0,0,0,0,1,0,0,1,0,1,0,1457.86495565
20224,1123001442,38,17,21,0,1,4,3,22,8,0,0,1,2,11,3,0,1,3,1,11,5,4977.86546705
20224,1123001443,24,6,18,0,2,7,7,3,5,0,0,1,1,1,3,0,2,6,6,2,2,4730.21808241
20224,1123001444,96,13,83,0,7,19,34,30,6,0,1,3,2,2,5,0,6,16,32,28,1,13746.4756124
20224,1123001445,5,4,1,0,0,0,2,3,0,0,0,0,2,2,0,0,0,0,0,1,0,2480.22846466
20224,1123001448,3,2,1,0,0,1,0,0,2,0,0,0,0,0,2,0,0,1,0,0,0,4354.47016014
20224,1123001450,4,4,0,0,0,2,0,2,0,0,0,2,0,2,0,0,0,0,0,0,0,3045.99398529
20224,1123001451,2,1,1,0,0,1,0,0,1,0,0,1,0,0,0,0,0,0,0,0,1,4503.51955396
20224,1123001452,103,52,51,0,22,31,23,16,11,0,9,14,12,7,10,0,13,17,11,9,1,5180.56802312
20224,1123001453,11,10,1,0,2,2,3,3,1,0,2,1,3,3,1,0,0,1,0,0,0,2969.74191804
20224,1123001454,2,2,0,0,0,1,0,1,0,0,0,1,0,1,0,0,0,0,0,0,0,1674.43272639
20224,1123001455,24,12,12,0,2,1,7,9,5,0,2,1,3,5,1,0,0,0,4,4,4,6837.64911032
20224,1123001456,164,148,16,0,26,35,45,37,21,0,19,31,44,34,20,0,7,4,1,3,1,5126.12306402
20224,1123001459,3,3,0,0,0,0,1,1,1,0,0,0,1,1,1,0,0,0,0,0,0,2630.20227803
20224,1123001460,9,6,3,0,0,1,7,0,1,0,0,1,4,0,1,0,0,0,3,0,0,1541.02592783
20224,1123001462,122,65,57,0,9,20,35,36,22,0,6,10,17,20,12,0,3,10,18,16,10,3894.32687889
20224,1123001464,5,4,1,0,2,0,1,1,1,0,2,0,1,1,0,0,0,0,0,0,1,8432.94970331
20224,1123001465,46,11,35,0,9,14,8,13,2,0,2,3,1,4,1,0,7,11,7,9,1,18246.4413529
20224,1123001467,21,9,12,0,0,0,4,10,7,0,0,0,2,5,2,0,0,0,2,5,5,4736.76092528
20224,1123001473,126,91,35,0,21,31,31,26,17,0,16,18,22,20,15,0,5,13,9,6,2,2709.17188854
20224,1123001474,59,30,29,0,3,12,28,10,6,0,3,9,14,1,3,0,0,3,14,9,3,8476.88203593
20224,1123001476,5,4,1,0,1,1,1,1,1,0,1,0,1,1,1,0,0,1,0,0,0,7063.28036857
20224,1123001477,13,9,4,0,2,1,4,4,2,0,1,0,4,2,2,0,1,1,0,2,0,6953.99217491
20224,1123001479,10,9,1,0,0,1,5,3,1,0,0,0,5,3,1,0,0,1,0,0,0,6990.62090556
20224,1123001480,23,11,12,0,0,3,4,11,5,0,0,1,2,6,2,0,0,2,2,5,3,7085.04358612
20224,1123001481,57,35,22,0,6,17,15,13,6,0,1,13,10,8,3,0,5,4,5,5,3,8895.96901651
20224,1123001482,60,33,27,0,5,11,14,23,7,0,3,8,6,10,6,0,2,3,8,13,1,6110.90501105
20224,1123001483,27,12,15,0,3,5,9,10,0,0,2,4,2,4,0,0,1,1,7,6,0,6160.22952037
20224,1123001484,47,31,16,2,10,14,10,9,2,2,7,5,7,8,2,0,3,9,3,1,0,3076.36896317
20224,1123001486,7,3,4,0,0,0,2,2,3,0,0,0,0,1,2,0,0,0,2,1,1,5359.76878647
20224,1123001487,11,10,1,0,1,1,3,3,3,0,1,1,2,3,3,0,0,0,1,0,0,3386.07192793
20224,1123001488,7,4,3,0,0,1,6,0,0,0,0,0,4,0,0,0,0,1,2,0,0,3019.7420794
20224,1123001489,15,11,4,0,4,5,4,1,1,0,3,3,3,1,1,0,1,2,1,0,0,3187.30133804
20224,1123001491,16,6,10,0,3,5,3,4,1,0,0,2,1,2,1,0,3,3,2,2,0,25154.3285933
20224,1123001493,2,2,0,0,1,0,0,1,0,0,1,0,0,1,0,0,0,0,0,0,0,3174.20676325
20224,1123001494,92,25,67,0,13,15,16,22,26,0,4,9,6,2,4,0,9,6,10,20,22,7379.14624136
20224,1123001497,6,6,0,0,0,0,3,2,1,0,0,0,3,2,1,0,0,0,0,0,0,2817.87552365
20224,1123001498,16,1,15,0,5,3,2,4,2,0,0,0,0,0,1,0,5,3,2,4,1,1808.47977986
20224,1123001499,6,4,2,0,2,1,1,2,0,0,2,1,0,1,0,0,0,0,1,1,0,1821.86097926
20224,1123001501,16,9,7,0,0,6,2,8,0,0,0,4,1,4,0,0,0,2,1,4,0,1697.95252412
20224,1123001505,8,4,4,0,0,4,1,2,1,0,0,2,1,1,0,0,0,2,0,1,1,7638.06405978
20224,1123001509,110,75,35,0,7,25,30,30,18,0,6,17,21,17,14,0,1,8,9,13,4,10862.3147481
20224,1123001514,724,301,423,0,14,16,59,178,457,0,11,9,33,67,181,0,3,7,26,111,276,3651.64655198
20224,1123001516,22,2,20,0,5,7,3,3,4,0,0,0,0,0,2,0,5,7,3,3,2,7303.2756489
20224,1123001518,41,21,20,0,8,7,4,17,5,0,5,3,2,7,4,0,3,4,2,10,1,6825.94748015
20224,1123001520,19,15,4,0,6,3,7,2,1,0,3,3,6,2,1,0,3,0,1,0,0,2442.67438422
20224,1123001526,13,9,4,0,0,2,7,3,1,0,0,1,5,2,1,0,0,1,2,1,0,3198.73780029
20224,1123001530,23,11,12,0,4,6,7,3,3,0,2,0,5,1,3,0,2,6,2,2,0,7635.80977453
20224,1123001534,44,25,19,1,8,11,16,5,3,1,3,6,11,4,0,0,5,5,5,1,3,9796.04396006
20224,1123001536,7,6,1,0,0,1,3,0,3,0,0,1,2,0,3,0,0,0,1,0,0,6330.7126506
20224,1123001537,3,3,0,0,0,2,0,1,0,0,0,2,0,1,0,0,0,0,0,0,0,770.712491337
20224,1123001540,5,3,2,0,0,1,0,2,2,0,0,0,0,1,2,0,0,1,0,1,0,365.90759133
20224,1123001541,27,13,14,0,1,4,6,7,9,0,0,2,3,3,5,0,1,2,3,4,4,2661.1772161
20224,1123001542,12,9,3,0,0,1,4,5,2,0,0,0,3,4,2,0,0,1,1,1,0,2955.87505828
20224,1123001543,3,3,0,0,0,0,2,1,0,0,0,0,2,1,0,0,0,0,0,0,0,8596.90806714
20224,1123001548,7,2,5,0,3,1,1,2,0,0,1,0,0,1,0,0,2,1,1,1,0,2383.501796
20224,1123001552,1,0,1,0,0,0,0,0,1,0,0,0,0,0,0,0,0,0,0,0,1,780.11637716
20224,1123001555,15,7,8,0,0,3,3,5,4,0,0,1,1,2,3,0,0,2,2,3,1,2318.38621465
20224,1123001557,9,4,5,0,1,2,4,1,1,0,0,1,2,0,1,0,1,1,2,1,0,2655.03621618
20224,1123001562,2,2,0,0,0,0,0,1,1,0,0,0,0,1,1,0,0,0,0,0,0,2385.05822121
20224,1123001563,1,1,0,0,0,0,0,0,1,0,0,0,0,0,1,0,0,0,0,0,0,1105.44703502
20224,1123001564,155,114,41,0,21,31,37,46,20,0,16,26,25,31,16,0,5,5,12,15,4,9502.44158873
20224,1123001567,2,0,2,0,1,1,0,0,0,0,0,0,0,0,0,0,1,1,0,0,0,5111.96050348
20224,1123001571,12,8,4,0,0,1,1,8,2,0,0,1,0,5,2,0,0,0,1,3,0,2768.6736512
20224,1123001572,4,3,1,0,0,0,0,2,2,0,0,0,0,1,2,0,0,0,0,1,0,1958.7063422
20224,1123001573,2115,1411,704,12,473,565,537,385,143,9,328,398,329,244,103,3,145,167,208,141,40,5441.91728221
20224,1123001578,14,10,4,0,2,3,4,2,3,0,0,3,3,2,2,0,2,0,1,0,1,1097.38995478
20224,1123001579,49,7,42,0,0,5,9,31,4,0,0,1,2,2,2,0,0,4,7,29,2,807.433710519
20224,1123001583,2,2,0,0,0,0,0,1,1,0,0,0,0,1,1,0,0,0,0,0,0,1005.17816963
20224,1123001584,280,107,173,1,43,63,76,67,30,0,3,22,33,33,16,1,40,41,43,34,14,7992.12693281
20224,1123001588,272,248,24,0,1,7,37,98,129,0,0,2,27,94,125,0,1,5,10,4,4,6658.18866416
20224,1123001589,16,9,7,0,1,2,2,7,4,0,0,0,1,5,3,0,1,2,1,2,1,6674.14783146
20224,1123001592,13,8,5,0,0,3,8,2,0,0,0,1,5,2,0,0,0,2,3,0,0,9422.71776574
20224,1123001593,49,21,28,0,1,10,10,14,14,0,0,1,3,8,9,0,1,9,7,6,5,4203.23962719
20224,1123001594,82,38,44,0,10,16,17,23,16,0,8,11,5,9,5,0,2,5,12,14,11,6043.8271992
20224,1123001595,285,155,130,5,58,72,66,66,18,5,35,46,36,21,12,0,23,26,30,45,6,8134.30016491
20224,1123001596,7,2,5,0,0,0,0,1,6,0,0,0,0,0,2,0,0,0,0,1,4,2177.99281376
20224,1123001597,7,2,5,0,0,0,2,3,2,0,0,0,0,1,1,0,0,0,2,2,1,4043.53997307
20224,1123001598,9,6,3,0,0,2,1,3,3,0,0,1,0,3,2,0,0,1,1,0,1,8201.99578759
20224,1123001599,18,7,11,0,5,2,3,8,0,0,2,1,0,4,0,0,3,1,3,4,0,4523.47937648
20224,1123001603,10,7,3,0,2,1,4,3,0,0,0,1,4,2,0,0,2,0,0,1,0,2900.42462842
20224,1123001604,24,21,3,0,3,2,8,8,3,0,3,2,6,8,2,0,0,0,2,0,1,5674.69976032
20224,1123001606,45,24,21,0,2,11,13,13,6,0,1,8,4,8,3,0,1,3,9,5,3,8286.57684344
20224,1123001608,11,9,2,0,0,2,8,1,0,0,0,2,7,0,0,0,0,0,1,1,0,2528.02648496
20224,1123001609,13,5,8,0,4,5,4,0,0,0,1,2,2,0,0,0,3,3,2,0,0,5641.27108116
20224,1123001610,2,1,1,0,0,1,1,0,0,0,0,0,1,0,0,0,0,1,0,0,0,5021.12982437
20224,1123001611,24,16,8,0,2,5,8,7,2,0,0,3,6,5,2,0,2,2,2,2,0,2432.27787358
20224,1123001612,18,16,2,0,1,4,5,4,4,0,1,4,3,4,4,0,0,0,2,0,0,1069.3195533
20224,1123001614,2,1,1,0,0,0,0,2,0,0,0,0,0,1,0,0,0,0,0,1,0,4159.12468628
20224,1123001615,7,6,1,0,1,0,2,3,1,0,1,0,2,2,1,0,0,0,0,1,0,3305.78195532
20224,1123001617,15,4,11,0,1,9,3,2,0,0,0,1,2,1,0,0,1,8,1,1,0,6957.9189275
20224,1123001618,3,1,2,0,0,0,0,2,1,0,0,0,0,0,1,0,0,0,0,2,0,5984.21590529
20224,1123001621,7,0,7,0,0,1,1,4,1,0,0,0,0,0,0,0,0,1,1,4,1,4874.31694985
20224,1123001623,2,0,2,0,1,0,0,1,0,0,0,0,0,0,0,0,1,0,0,1,0,7212.21447054
20224,1123001625,40,26,14,0,5,3,9,12,11,0,4,2,5,6,9,0,1,1,4,6,2,10200.3265225
20224,1123001627,56,44,12,0,5,11,15,13,12,0,3,9,13,8,11,0,2,2,2,5,1,1501.43628989
20224,1123001629,24,12,12,0,6,4,7,5,2,0,4,1,1,4,2,0,2,3,6,1,0,1240.72513743
20224,1123001630,36,29,7,0,2,3,3,3,25,0,0,2,2,3,22,0,2,1,1,0,3,9988.33228846
20224,1123001631,26,9,17,0,1,0,5,10,10,0,0,0,2,2,5,0,1,0,3,8,5,3305.8485222
20224,1123001632,84,61,23,0,22,38,15,7,2,0,15,28,13,4,1,0,7,10,2,3,1,6750.31116411
20224,1123001633,2,1,1,0,0,0,1,1,0,0,0,0,0,1,0,0,0,0,1,0,0,6884.56562242
20224,1123001634,30,22,8,0,1,2,11,13,3,0,1,1,7,10,3,0,0,1,4,3,0,10865.4088096
20224,1123001635,20,7,13,0,4,2,7,5,2,0,3,2,1,1,0,0,1,0,6,4,2,10148.5998149
20224,1123001636,14,11,3,0,0,7,4,2,1,0,0,5,4,1,1,0,0,2,0,1,0,16477.1155956
20224,1123001637,66,26,40,0,4,6,14,25,17,0,0,0,7,10,9,0,4,6,7,15,8,10103.7257895
20224,1123001638,46,13,33,0,4,10,11,13,8,0,1,1,1,5,5,0,3,9,10,8,3,6998.01461805
20224,1123001639,55,23,32,0,9,20,13,9,4,0,3,6,8,4,2,0,6,14,5,5,2,7302.31771112
20224,1123001640,502,68,434,0,105,138,196,60,3,0,7,32,19,8,2,0,98,106,177,52,1,7463.03189471
20224,1123001642,106,84,22,1,25,33,21,13,13,1,20,29,11,12,11,0,5,4,10,1,2,6188.93719982
20224,1123001646,10,6,4,0,1,2,2,4,1,0,0,1,2,2,1,0,1,1,0,2,0,6821.34012799
20224,1123001649,7,5,2,0,0,3,3,0,1,0,0,3,2,0,0,0,0,0,1,0,1,4254.85928562
20224,1123001653,3,1,2,0,0,1,1,1,0,0,0,0,0,1,0,0,0,1,1,0,0,3074.36091837
20224,1123001654,35,16,19,0,2,3,14,5,11,0,1,2,10,2,1,0,1,1,4,3,10,4366.01332506
20224,1123001655,4,4,0,0,0,1,0,1,2,0,0,1,0,1,2,0,0,0,0,0,0,2515.36345007
20224,1123001672,2,0,2,0,0,1,1,0,0,0,0,0,0,0,0,0,0,1,1,0,0,770.715518982
20224,1123001673,67,10,57,0,7,15,31,14,0,0,1,4,4,1,0,0,6,11,27,13,0,15586.8132153
20224,1123001674,100,49,51,0,12,16,21,34,17,0,2,6,12,19,10,0,10,10,9,15,7,9743.13897554
20224,1123001675,79,34,45,0,11,13,13,27,15,0,4,6,6,7,11,0,7,7,7,20,4,9263.09745605
20224,1123001681,15,11,4,0,1,4,6,3,1,0,1,4,3,2,1,0,0,0,3,1,0,6276.58377682
20224,1123001683,2,1,1,0,1,0,1,0,0,0,1,0,0,0,0,0,0,0,1,0,0,1870.34371462
20224,1123001686,5,4,1,0,0,0,0,1,4,0,0,0,0,1,3,0,0,0,0,0,1,6396.27500015
20224,1123001692,5,3,2,0,0,0,1,2,2,0,0,0,0,1,2,0,0,0,1,1,0,5573.72641073
20224,1123001695,1718,1041,677,39,1366,276,32,4,1,23,780,204,29,4,1,16,586,72,3,0,0,3319.13818758
20224,1123001699,8,6,2,1,2,0,1,4,0,1,1,0,0,4,0,0,1,0,1,0,0,1514.18148639
20224,1123001704,235,117,118,1,34,48,80,38,34,1,10,19,38,24,25,0,24,29,42,14,9,5036.11964138
20224,1123001705,6,5,1,0,1,0,0,4,1,0,1,0,0,3,1,0,0,0,0,1,0,6642.42426424
20224,1123001706,49,14,35,0,14,14,13,5,3,0,3,1,4,3,3,0,11,13,9,2,0,3728.42218296
20224,1123001707,330,155,175,1,43,47,73,98,68,0,17,24,31,43,40,1,26,23,42,55,28,8545.53019173
20224,1123001708,95,66,29,0,29,28,16,8,14,0,18,25,10,4,9,0,11,3,6,4,5,8154.01474872
20224,1123001717,6,2,4,0,0,0,1,3,2,0,0,0,0,1,1,0,0,0,1,2,1,2678.28882192
20224,1123001718,4,3,1,0,0,1,0,1,2,0,0,0,0,1,2,0,0,1,0,0,0,6806.22010542
20224,1123001719,10,2,8,0,0,2,4,4,0,0,0,0,2,0,0,0,0,2,2,4,0,5209.53403597
20224,1123001722,6,0,6,0,1,3,1,1,0,0,0,0,0,0,0,0,1,3,1,1,0,2305.30489082
20224,1123001723,18,8,10,0,0,3,3,5,7,0,0,0,3,3,2,0,0,3,0,2,5,2202.31947404
20224,1123001728,3,1,2,0,0,2,1,0,0,0,0,0,1,0,0,0,0,2,0,0,0,1362.15195814
20224,1123001729,11,7,4,0,0,3,3,1,4,0,0,2,2,0,3,0,0,1,1,1,1,6839.26936854
20224,1123001731,45,26,19,0,5,6,16,13,5,0,0,4,11,6,5,0,5,2,5,7,0,8658.17422558
20224,1123001733,29,5,24,0,0,1,2,16,10,0,0,0,0,2,3,0,0,1,2,14,7,8296.31010887
20224,1123001738,5,5,0,0,2,1,0,0,2,0,2,1,0,0,2,0,0,0,0,0,0,1801.07270536
20224,1123001740,4,3,1,0,0,1,1,2,0,0,0,0,1,2,0,0,0,1,0,0,0,980.194432809
20224,1123001742,3,1,2,0,0,0,0,2,1,0,0,0,0,0,1,0,0,0,0,2,0,6160.8449913
20224,1123001747,452,214,238,1,43,103,138,141,26,0,25,60,68,47,14,1,18,43,70,94,12,4357.42417553
20224,1123001748,4,3,1,0,0,0,3,1,0,0,0,0,3,0,0,0,0,0,0,1,0,1241.384888
20224,1123001751,5,3,2,0,0,0,0,3,2,0,0,0,0,1,2,0,0,0,0,2,0,1670.12238524
20224,1123001752,13,8,5,0,0,1,2,8,2,0,0,1,2,3,2,0,0,0,0,5,0,3872.14504388
20224,1123001753,62,28,34,0,18,19,13,11,1,0,7,11,6,3,1,0,11,8,7,8,0,8907.81809772
20224,1123001754,3,2,1,0,0,0,1,2,0,0,0,0,1,1,0,0,0,0,0,1,0,1928.37964443
20224,1123001756,11,1,10,0,2,1,3,4,1,0,0,0,0,1,0,0,2,1,3,3,1,1925.65316767
20224,1123001757,9,7,2,0,1,1,5,1,1,0,0,1,4,1,1,0,1,0,1,0,0,3068.65804359
20224,1123001760,18,10,8,0,5,3,2,6,2,0,3,3,0,3,1,0,2,0,2,3,1,3977.20013561
20224,1123001761,2,2,0,0,0,0,1,1,0,0,0,0,1,1,0,0,0,0,0,0,0,4276.03451425
20224,1123001762,56,40,16,0,1,11,17,19,8,0,0,10,14,11,5,0,1,1,3,8,3,9550.87826095
20224,1123001765,5,3,2,0,2,0,0,2,1,0,1,0,0,1,1,0,1,0,0,1,0,3834.09074247
20224,1123001766,167,54,113,0,8,20,64,70,5,0,6,10,20,14,4,0,2,10,44,56,1,9297.4510458
20224,1123001772,19,15,4,0,3,3,1,7,5,0,3,3,0,5,4,0,0,0,1,2,1,6309.01429743
20224,1123001774,26,9,17,0,3,9,7,4,3,0,1,3,2,0,3,0,2,6,5,4,0,1681.53295582
20224,1123001775,7,6,1,0,0,1,4,0,2,0,0,1,3,0,2,0,0,0,1,0,0,6648.50062046
20224,1123001776,15,9,6,0,3,1,4,2,5,0,3,1,1,2,2,0,0,0,3,0,3,6692.04152494
20224,1123001777,77,42,35,0,5,16,22,22,12,0,4,7,11,10,10,0,1,9,11,12,2,13677.9660346
20224,1123001779,6,3,3,0,0,1,2,2,1,0,0,1,0,1,1,0,0,0,2,1,0,2915.40789666
20224,1123001780,50,37,13,0,3,9,17,15,6,0,1,6,13,13,4,0,2,3,4,2,2,7472.38544568
20224,1123001782,35,24,11,0,3,3,4,17,8,0,1,1,3,13,6,0,2,2,1,4,2,7896.5910533
20224,1123001784,29,20,9,0,0,4,9,12,4,0,0,4,5,8,3,0,0,0,4,4,1,28284.9379399
20224,1123001785,21,15,6,0,3,1,4,8,5,0,2,1,3,4,5,0,1,0,1,4,0,8923.63552952
20224,1123001786,14,8,6,0,3,5,3,3,0,0,1,3,2,2,0,0,2,2,1,1,0,4933.04247039
20224,1123001788,3,1,2,0,0,0,0,1,2,0,0,0,0,0,1,0,0,0,0,1,1,3354.96691417
20224,1123001790,222,216,6,0,0,2,24,88,108,0,0,1,22,87,106,0,0,1,2,1,2,6949.65081213
20224,1123001791,4,2,2,0,0,0,3,1,0,0,0,0,2,0,0,0,0,0,1,1,0,2909.24675782
20224,1123001793,12,0,12,0,0,4,5,1,2,0,0,0,0,0,0,0,0,4,5,1,2,1359.01102341
20224,1123001794,35,9,26,0,1,1,2,7,24,0,0,0,1,1,7,0,1,1,1,6,17,8827.21551829
20224,1123001795,13,10,3,0,0,0,3,5,5,0,0,0,3,4,3,0,0,0,0,1,2,11121.5233736
20224,1123001796,13,9,4,0,2,4,2,2,3,0,1,3,2,1,2,0,1,1,0,1,1,1051.54566169
20224,1123001797,14,6,8,0,0,5,7,2,0,0,0,2,3,1,0,0,0,3,4,1,0,4748.95147149
20224,1123001799,113,56,57,0,24,49,19,10,11,0,9,29,6,5,7,0,15,20,13,5,4,6519.11709223
20224,1123001800,25,8,17,0,1,6,6,10,2,0,1,2,3,2,0,0,0,4,3,8,2,5864.04942963
20224,1123001802,43,33,10,0,4,9,7,11,12,0,2,5,6,8,12,0,2,4,1,3,0,4983.96641971
20224,1123001803,90,85,5,0,0,4,12,28,46,0,0,3,10,28,44,0,0,1,2,0,2,4187.58088906
20224,1123001804,7,5,2,0,1,2,3,1,0,0,1,2,2,0,0,0,0,0,1,1,0,6604.14337509
20224,1123001805,8,2,6,0,1,3,4,0,0,0,0,0,2,0,0,0,1,3,2,0,0,14862.3520205
20224,1123001808,3,2,1,0,0,0,1,1,1,0,0,0,0,1,1,0,0,0,1,0,0,2977.21670631
20224,1123001810,5,3,2,0,1,0,1,3,0,0,1,0,1,1,0,0,0,0,0,2,0,4445.49689001
20224,1123001812,184,120,64,1,29,55,40,40,19,0,13,44,28,19,16,1,16,11,12,21,3,5745.42206838
20224,1123001814,9,6,3,0,0,1,5,3,0,0,0,1,3,2,0,0,0,0,2,1,0,2557.57993975
20224,1123001816,1,0,1,0,0,1,0,0,0,0,0,0,0,0,0,0,0,1,0,0,0,9384.3475861
20224,1123001819,21,18,3,0,3,8,5,3,2,0,2,6,5,3,2,0,1,2,0,0,0,1904.36639678
20224,1123001822,9,6,3,0,0,1,3,4,1,0,0,1,2,3,0,0,0,0,1,1,1,5127.23001287
20224,1123001824,3,3,0,0,1,0,0,2,0,0,1,0,0,2,0,0,0,0,0,0,0,3710.02490604
20224,1123001827,2,2,0,0,0,0,0,1,1,0,0,0,0,1,1,0,0,0,0,0,0,2452.77132621
20224,1123001829,10,3,7,0,2,3,3,2,0,0,0,1,1,1,0,0,2,2,2,1,0,2538.48517068
20224,1123001831,140,51,89,1,18,35,45,34,7,1,6,23,14,5,2,0,12,12,31,29,5,13598.1602686
20224,1123001847,23,18,5,1,4,3,6,6,3,0,4,3,3,5,3,1,0,0,3,1,0,5390.73527039
20224,1123001849,35,26,9,0,3,6,9,12,5,0,3,5,6,8,4,0,0,1,3,4,1,15884.2258296
20224,1123001853,41,34,7,0,2,2,7,15,15,0,0,2,6,11,15,0,2,0,1,4,0,3521.82595606
20224,1123001857,121,94,27,0,25,27,35,22,12,0,22,20,25,17,10,0,3,7,10,5,2,6295.81292237
20224,1123001859,8,8,0,0,1,1,5,1,0,0,1,1,5,1,0,0,0,0,0,0,0,1491.61008874
20224,1123001864,47,27,20,0,8,15,6,9,9,0,5,8,5,3,6,0,3,7,1,6,3,19668.2728815
20224,1123001869,4,3,1,0,0,2,1,0,1,0,0,1,1,0,1,0,0,1,0,0,0,5910.88547042
20224,1123001876,21,7,14,0,2,1,7,6,5,0,1,0,1,2,3,0,1,1,6,4,2,12264.955188
20224,1123001878,3,2,1,0,0,0,2,1,0,0,0,0,1,1,0,0,0,0,1,0,0,4265.14826027
20224,1123001885,39,16,23,0,6,12,6,9,6,0,3,5,1,6,1,0,3,7,5,3,5,3511.67954615
20224,1123001894,6,4,2,0,0,0,2,4,0,0,0,0,2,2,0,0,0,0,0,2,0,10382.5596797
20224,1123001898,13,3,10,0,2,3,4,1,3,0,0,0,2,0,1,0,2,3,2,1,2,10202.9924044
20224,1123001904,7,5,2,0,0,2,1,2,2,0,0,2,1,1,1,0,0,0,0,1,1,5919.14861411
20224,1123001907,3,2,1,0,1,0,1,1,0,0,0,0,1,1,0,0,1,0,0,0,0,2825.53634447
20224,1123001908,18,15,3,0,0,1,7,6,4,0,0,0,5,6,4,0,0,1,2,0,0,1786.3873178
20224,1123001909,4,3,1,0,0,0,0,2,2,0,0,0,0,1,2,0,0,0,0,1,0,1326.48799967
20224,1123001918,47,32,15,0,8,20,13,6,0,0,6,12,9,5,0,0,2,8,4,1,0,3609.02175634
20224,1123001924,2,2,0,0,0,0,0,1,1,0,0,0,0,1,1,0,0,0,0,0,0,2746.53735723
20224,1123001930,19,15,4,0,0,3,12,2,2,0,0,2,11,1,1,0,0,1,1,1,1,1972.12600563
20224,1123001935,7,3,4,0,1,0,2,3,1,0,0,0,1,1,1,0,1,0,1,2,0,16835.9273328
20224,1123001939,2,1,1,0,0,1,1,0,0,0,0,1,0,0,0,0,0,0,1,0,0,2390.50075085
20224,1123001940,85,19,66,0,5,5,11,23,41,0,5,1,9,3,1,0,0,4,2,20,40,1322.5410897
20224,1123001941,10,7,3,0,3,5,1,1,0,0,2,3,1,1,0,0,1,2,0,0,0,1211.01319982
20224,1123001944,7,1,6,0,0,1,2,4,0,0,0,0,0,1,0,0,0,1,2,3,0,4627.34944165
20224,1123001947,8,7,1,0,0,1,4,2,1,0,0,1,4,1,1,0,0,0,0,1,0,2646.56892023
20224,1123001957,3,0,3,0,1,0,1,0,1,0,0,0,0,0,0,0,1,0,1,0,1,2612.62853264
20224,1123001958,3,0,3,0,0,0,0,2,1,0,0,0,0,0,0,0,0,0,0,2,1,5223.47490317
20224,1123001965,5,3,2,0,1,0,1,2,1,0,0,0,1,1,1,0,1,0,0,1,0,2944.25809345
20224,1123001966,11,5,6,0,2,4,2,1,2,0,1,2,0,1,1,0,1,2,2,0,1,2149.47353253
20224,1123001973,14,0,14,0,1,3,3,4,3,0,0,0,0,0,0,0,1,3,3,4,3,4827.13451998
20224,1123001984,32,17,15,0,15,4,7,3,3,0,6,3,4,1,3,0,9,1,3,2,0,6624.73440979
20224,1123001986,10,4,6,0,1,0,5,0,4,0,1,0,0,0,3,0,0,0,5,0,1,2525.93626494
20224,1123001987,2,2,0,0,0,1,0,0,1,0,0,1,0,0,1,0,0,0,0,0,0,3663.45874161
20224,1123001990,9,3,6,0,0,2,2,2,3,0,0,2,1,0,0,0,0,0,1,2,3,4991.96970388
20224,1123001991,4,3,1,0,0,0,2,2,0,0,0,0,2,1,0,0,0,0,0,1,0,2957.58181393
20224,1123001992,440,323,117,1,52,73,136,142,36,0,34,47,100,115,27,1,18,26,36,27,9,2659.19958978
20224,1123001993,4,3,1,0,1,1,1,0,1,0,1,1,1,0,0,0,0,0,0,0,1,732.657724252
20224,1123001994,31,11,20,0,6,7,3,10,5,0,0,3,0,3,5,0,6,4,3,7,0,9181.08458714
20224,1123001999,4,2,2,0,0,1,0,3,0,0,0,0,0,2,0,0,0,1,0,1,0,5188.80815538
20224,1123002000,2,1,1,0,0,0,0,2,0,0,0,0,0,1,0,0,0,0,0,1,0,2839.57107339
20224,1123002004,2,0,2,0,0,0,0,1,1,0,0,0,0,0,0,0,0,0,0,1,1,3090.53973316
20224,1123002006,3,2,1,0,0,1,1,1,0,0,0,1,1,0,0,0,0,0,0,1,0,5106.74938669
20224,1123002009,2,0,2,0,0,0,1,1,0,0,0,0,0,0,0,0,0,0,1,1,0,3389.01848664
20224,1123002011,11,8,3,0,3,0,2,1,5,0,2,0,1,1,4,0,1,0,1,0,1,5210.0495317
20224,1123002014,8,6,2,0,0,1,6,0,1,0,0,1,4,0,1,0,0,0,2,0,0,4830.5152482
20224,1123002018,140,91,49,0,8,18,22,41,51,0,7,18,19,22,25,0,1,0,3,19,26,970.851822096
20224,1123002019,3,3,0,0,1,0,1,1,0,0,1,0,1,1,0,0,0,0,0,0,0,1411.74946427
20224,1123002021,4,2,2,0,0,1,1,2,0,0,0,0,0,2,0,0,0,1,1,0,0,3880.10666176
20224,1123002023,4,2,2,0,0,0,0,3,1,0,0,0,0,2,0,0,0,0,0,1,1,2546.96203805
20224,1123002027,5,5,0,0,1,2,2,0,0,0,1,2,2,0,0,0,0,0,0,0,0,1900.110492
20224,1123002036,2,2,0,0,0,0,1,1,0,0,0,0,1,1,0,0,0,0,0,0,0,3863.14836129
20224,1123002037,12,3,9,0,0,4,5,1,2,0,0,2,0,1,0,0,0,2,5,0,2,2698.79656527
20224,1123002043,18,15,3,0,2,2,5,5,4,0,2,2,3,4,4,0,0,0,2,1,0,2092.60410656
20224,1123002048,4,0,4,0,0,0,2,2,0,0,0,0,0,0,0,0,0,0,2,2,0,3539.71342265
20224,1123002056,3,1,2,0,1,0,1,0,1,0,0,0,0,0,1,0,1,0,1,0,0,5004.34740564
20224,1123002061,6,5,1,0,0,1,2,2,1,0,0,0,2,2,1,0,0,1,0,0,0,2221.79576457
20224,1123002064,29,9,20,0,3,9,7,8,2,0,1,3,1,2,2,0,2,6,6,6,0,1401.43957703
20224,1123002066,2,0,2,0,0,0,1,0,1,0,0,0,0,0,0,0,0,0,1,0,1,3561.66451619
20224,1123002070,9,6,3,0,2,1,2,2,2,0,2,1,1,1,1,0,0,0,1,1,1,3039.62631581
20224,1123002072,14,10,4,0,0,5,2,3,4,0,0,3,1,2,4,0,0,2,1,1,0,2242.76260131
20224,1123002074,4,1,3,0,0,0,0,3,1,0,0,0,0,1,0,0,0,0,0,2,1,2312.74095862
20224,1123002076,6,4,2,0,2,3,1,0,0,0,0,3,1,0,0,0,2,0,0,0,0,2454.79125138
20224,1123002078,8,3,5,0,1,0,4,1,2,0,0,0,2,0,1,0,1,0,2,1,1,13384.042897
20224,1123002082,2,1,1,0,0,1,0,0,1,0,0,1,0,0,0,0,0,0,0,0,1,1643.38839658
20224,1123002091,27,14,13,0,1,4,10,6,6,0,0,2,7,1,4,0,1,2,3,5,2,189650.855414
20224,1123002092,18,12,6,0,1,3,5,6,3,0,1,2,3,5,1,0,0,1,2,1,2,2870.71374496
20224,1123002095,14,4,10,0,3,2,4,3,2,0,1,0,0,1,2,0,2,2,4,2,0,26205.3453911
20224,1123002099,2,1,1,0,0,0,0,1,1,0,0,0,0,0,1,0,0,0,0,1,0,2225.95049321
20224,1123002102,1,0,1,0,0,1,0,0,0,0,0,0,0,0,0,0,0,1,0,0,0,1058.83492936
20224,1123002106,2,1,1,0,0,0,2,0,0,0,0,0,1,0,0,0,0,0,1,0,0,1729.18324543
20224,1123002110,8,7,1,0,0,3,1,4,0,0,0,3,1,3,0,0,0,0,0,1,0,4444.17989109
20224,1123002112,10,7,3,0,0,1,2,6,1,0,0,0,2,4,1,0,0,1,0,2,0,15684.4861607
20224,1123002117,28,14,14,0,1,5,11,10,1,0,0,3,4,6,1,0,1,2,7,4,0,5186.12357986
20224,1123002121,14,4,10,0,2,7,3,2,0,0,0,2,0,2,0,0,2,5,3,0,0,2346.17358884
20224,1123002126,664,359,305,1,62,131,186,167,117,0,26,74,88,93,78,1,36,57,98,74,39,4292.3381603
20224,1123002137,6,3,3,0,0,0,3,1,2,0,0,0,2,0,1,0,0,0,1,1,1,7388.25522622
20224,1123002138,146,95,51,0,27,42,40,24,13,0,10,26,28,20,11,0,17,16,12,4,2,10821.3304508
20224,1123002140,599,420,179,0,51,130,176,140,102,0,34,88,128,97,73,0,17,42,48,43,29,1806.47154327
20224,1123002143,3,3,0,0,0,1,0,1,1,0,0,1,0,1,1,0,0,0,0,0,0,2788.7430648
20224,1123002147,13,10,3,0,4,0,5,3,1,0,3,0,4,2,1,0,1,0,1,1,0,2812.86100703
20224,1123002149,131,77,54,0,24,35,20,29,23,0,16,26,15,9,11,0,8,9,5,20,12,1077.17964895
20224,1123002154,23,17,6,0,6,10,3,3,1,0,4,9,3,1,0,0,2,1,0,2,1,1062.3166324
20224,1123002155,5,4,1,0,0,1,1,2,1,0,0,1,1,1,1,0,0,0,0,1,0,2775.26012818
20224,1123002156,49,8,41,0,0,9,14,17,9,0,0,3,1,0,4,0,0,6,13,17,5,5600.48497582
20224,1123002158,7,4,3,0,0,0,4,3,0,0,0,0,3,1,0,0,0,0,1,2,0,3268.57726876
20224,1123002159,10,3,7,0,1,1,2,2,4,0,0,0,1,1,1,0,1,1,1,1,3,8732.50187672
20224,1123002160,169,34,135,0,6,9,33,72,49,0,3,3,9,7,12,0,3,6,24,65,37,5820.05613738
20224,1123002162,18,5,13,0,1,2,5,5,5,0,0,0,1,2,2,0,1,2,4,3,3,4503.00374877
20224,1123002166,4,3,1,0,0,0,0,0,4,0,0,0,0,0,3,0,0,0,0,0,1,4374.58570695
20224,1123002171,3,0,3,0,0,1,2,0,0,0,0,0,0,0,0,0,0,1,2,0,0,4935.77759267
20224,1123002173,70,33,37,0,8,17,10,19,16,0,1,5,4,10,13,0,7,12,6,9,3,4747.74478704
20224,1123002174,26,3,23,0,4,7,7,7,1,0,1,2,0,0,0,0,3,5,7,7,1,2632.94803202
20224,1123002175,11,10,1,0,3,2,6,0,0,0,3,2,5,0,0,0,0,0,1,0,0,4021.82257158
20224,1123002178,2,1,1,0,0,0,2,0,0,0,0,0,1,0,0,0,0,0,1,0,0,2490.52703263
20224,1123002179,9,6,3,0,1,1,1,5,1,0,1,0,1,3,1,0,0,1,0,2,0,4191.7694339
20224,1123002180,19,7,12,0,0,6,9,3,1,0,0,2,4,0,1,0,0,4,5,3,0,5056.23016698
20224,1123002183,88,11,77,0,7,28,28,21,4,0,2,2,3,2,2,0,5,26,25,19,2,16977.1701846
20224,1123002186,2,1,1,0,0,0,0,2,0,0,0,0,0,1,0,0,0,0,0,1,0,637.874780302
20224,1123002190,150,55,95,1,26,38,48,33,4,1,10,12,16,14,2,0,16,26,32,19,2,6912.98431199
20224,1123002191,2,1,1,0,0,0,0,1,1,0,0,0,0,0,1,0,0,0,0,1,0,4523.1297816
20224,1123002198,9,4,5,0,0,0,5,2,2,0,0,0,1,1,2,0,0,0,4,1,0,3443.34547656
20224,1123002199,2,0,2,0,1,0,1,0,0,0,0,0,0,0,0,0,1,0,1,0,0,2459.30964445
20224,1123002201,3,2,1,0,0,0,1,2,0,0,0,0,1,1,0,0,0,0,0,1,0,2464.20029723
20224,1123002204,24,10,14,0,2,6,4,6,6,0,0,4,2,0,4,0,2,2,2,6,2,1491.48814953
20224,1123002207,66,11,55,0,8,8,21,25,4,0,2,0,3,4,2,0,6,8,18,21,2,20535.5716621
20224,1123002209,23,6,17,0,3,2,6,8,4,0,1,2,1,0,2,0,2,0,5,8,2,13140.2743558
20224,1123002210,2,2,0,0,0,0,1,0,1,0,0,0,1,0,1,0,0,0,0,0,0,3223.23791026
20224,1123002215,5,2,3,0,0,1,3,1,0,0,0,0,2,0,0,0,0,1,1,1,0,3490.69604892
20224,1123002218,2,2,0,0,0,0,0,0,2,0,0,0,0,0,2,0,0,0,0,0,0,6562.4026054
20224,1123002220,54,21,33,0,15,17,11,5,6,0,1,3,8,4,5,0,14,14,3,1,1,16768.3859252
20224,1123002222,132,83,49,0,22,16,24,48,22,0,14,8,15,30,16,0,8,8,9,18,6,5179.10626493
20224,1123002224,1,1,0,0,0,0,0,1,0,0,0,0,0,1,0,0,0,0,0,0,0,5155.47349608
20224,1123002227,55,31,24,0,0,3,21,25,6,0,0,1,9,17,4,0,0,2,12,8,2,4133.41379771
20224,1123002229,29,6,23,0,0,6,10,11,2,0,0,1,2,1,2,0,0,5,8,10,0,25744.5218007
20224,1123002232,56,13,43,0,7,19,15,14,1,0,1,5,3,3,1,0,6,14,12,11,0,20769.5395934
20224,1123002235,349,138,211,2,87,67,59,92,42,0,20,40,37,19,22,2,67,27,22,73,20,4026.98877548
20224,1123002239,13,8,5,0,0,1,4,3,5,0,0,0,2,3,3,0,0,1,2,0,2,2505.9275616
20224,1123002241,917,558,359,0,89,219,256,253,100,0,40,72,162,195,89,0,49,147,94,58,11,264120.405593
20224,1123002242,12,8,4,0,0,6,3,3,0,0,0,4,2,2,0,0,0,2,1,1,0,3622.2253219
20224,1123002243,27,20,7,0,2,3,5,7,10,0,2,2,5,5,6,0,0,1,0,2,4,6707.2140141
20224,1123002244,33,18,15,0,5,8,8,9,3,0,0,3,4,9,2,0,5,5,4,0,1,5366.84284805
20224,1123002246,14,13,1,0,0,0,2,6,6,0,0,0,2,6,5,0,0,0,0,0,1,3571.80590865
20224,1123002247,68,27,41,0,13,24,14,9,8,0,2,9,6,5,5,0,11,15,8,4,3,3412.74802572
20224,1123002248,220,83,137,0,10,12,52,97,49,0,6,5,21,34,17,0,4,7,31,63,32,4472.11898723
20224,1123002249,46,24,22,0,2,6,10,5,23,0,1,2,5,2,14,0,1,4,5,3,9,6566.48065377
20224,1123002250,45,28,17,0,4,1,9,13,18,0,2,0,4,11,11,0,2,1,5,2,7,3517.35178291
20224,1123002251,40,21,19,0,9,4,6,8,13,0,1,2,5,6,7,0,8,2,1,2,6,7174.54945447
20224,1123002253,38,30,8,0,3,8,12,7,8,0,2,6,9,7,6,0,1,2,3,0,2,4171.19225771
20224,1123002254,12,7,5,0,0,3,2,2,5,0,0,1,2,1,3,0,0,2,0,1,2,7304.62080241
20224,1123002257,583,464,119,0,23,75,116,111,258,0,17,64,107,92,184,0,6,11,9,19,74,4505.1525303
20224,1123002262,42,15,27,0,7,12,13,5,5,0,0,3,8,1,3,0,7,9,5,4,2,6922.57938222
20224,1123002263,23,12,11,0,0,3,6,2,12,0,0,0,3,2,7,0,0,3,3,0,5,6290.75318039
20224,1123002265,3,2,1,0,0,0,1,0,2,0,0,0,0,0,2,0,0,0,1,0,0,1874.69934541
20224,1123002266,3,2,1,0,0,0,0,2,1,0,0,0,0,2,0,0,0,0,0,0,1,1316.81873043
20224,1123002267,12,6,6,0,3,2,0,3,4,0,0,0,0,3,3,0,3,2,0,0,1,11343.4469245
20224,1123002270,5,4,1,0,0,0,2,2,1,0,0,0,2,1,1,0,0,0,0,1,0,680.022418855
20224,1123002272,5,3,2,0,0,0,1,2,2,0,0,0,1,0,2,0,0,0,0,2,0,2539.19443165
20224,1123002274,144,83,61,1,27,44,27,26,19,0,4,23,21,21,14,1,23,21,6,5,5,6450.61661385
20224,1123002276,22,11,11,0,1,6,7,3,5,0,0,3,5,1,2,0,1,3,2,2,3,6759.87866561
20224,1123002279,6,3,3,0,0,0,2,2,2,0,0,0,0,1,2,0,0,0,2,1,0,7141.81428832
20224,1123002281,7,6,1,0,1,2,1,3,0,0,1,1,1,3,0,0,0,1,0,0,0,1074.11712513
20224,1123002282,1,1,0,0,1,0,0,0,0,0,1,0,0,0,0,0,0,0,0,0,0,1740.97410592
20224,1123002283,4,3,1,0,0,1,1,2,0,0,0,1,1,1,0,0,0,0,0,1,0,1532.81553405
20224,1123002286,2,2,0,0,0,0,0,1,1,0,0,0,0,1,1,0,0,0,0,0,0,923.55901947
20224,1123002288,3,2,1,0,0,2,0,0,1,0,0,1,0,0,1,0,0,1,0,0,0,2666.28772958
20224,1123002290,8,5,3,0,0,0,1,5,2,0,0,0,0,3,2,0,0,0,1,2,0,5663.67935415
20224,1123002291,53,27,26,2,6,12,13,15,5,0,3,12,6,4,2,2,3,0,7,11,3,1857.36362904
20224,1123002292,6,6,0,0,0,1,2,0,3,0,0,1,2,0,3,0,0,0,0,0,0,5095.5741118
20224,1123002298,13,9,4,0,3,9,1,0,0,0,3,5,1,0,0,0,0,4,0,0,0,1788.32139912
20224,1123002300,24,13,11,0,0,4,4,7,9,0,0,2,2,3,6,0,0,2,2,4,3,5551.81187853
20224,1123002301,4,4,0,0,0,0,0,2,2,0,0,0,0,2,2,0,0,0,0,0,0,5556.88182803
20224,1123002303,3,1,2,0,0,1,0,1,1,0,0,0,0,0,1,0,0,1,0,1,0,1968.87547387
20224,1123002304,209,92,117,0,42,68,44,25,30,0,3,19,25,16,29,0,39,49,19,9,1,4136.59020888
20224,1123002311,7,6,1,0,0,0,1,4,2,0,0,0,1,3,2,0,0,0,0,1,0,2692.41951674
20224,1123002312,11,8,3,0,2,0,2,4,3,0,2,0,0,4,2,0,0,0,2,0,1,4527.89056143
20224,1123002313,3,2,1,0,0,0,0,1,2,0,0,0,0,1,1,0,0,0,0,0,1,6984.39564968
20224,1123002314,2,1,1,0,0,0,0,1,1,0,0,0,0,1,0,0,0,0,0,0,1,3617.12360981
20224,1123002315,30,3,27,0,0,3,2,19,6,0,0,1,0,1,1,0,0,2,2,18,5,3189.24692818
20224,1123002316,2,2,0,0,0,0,2,0,0,0,0,0,2,0,0,0,0,0,0,0,0,1090.98235375
20224,1123002321,6,1,5,0,1,1,1,2,1,0,0,0,0,0,1,0,1,1,1,2,0,3434.18195563
20224,1123002326,31,23,8,0,3,10,8,6,4,0,1,6,7,5,4,0,2,4,1,1,0,9551.84924255
20224,1123002327,4,2,2,0,0,0,0,1,3,0,0,0,0,1,1,0,0,0,0,0,2,3611.62367222
20224,1123002328,579,384,195,1,156,277,142,2,1,0,64,193,124,2,1,1,92,84,18,0,0,8105.10463962
20224,1123002330,7,6,1,0,0,1,3,1,2,0,0,1,3,1,1,0,0,0,0,0,1,4794.39141547
20224,1123002332,19,12,7,0,2,4,2,5,6,0,2,2,1,3,4,0,0,2,1,2,2,5008.30370071
20224,1123002333,2,1,1,0,1,0,0,1,0,0,1,0,0,0,0,0,0,0,0,1,0,1544.57627638
20224,1123002334,28,11,17,0,2,2,3,14,7,0,2,1,0,3,5,0,0,1,3,11,2,3360.12192372
20224,1123002335,3,2,1,0,0,0,1,1,1,0,0,0,0,1,1,0,0,0,1,0,0,2991.9522189
20224,1123002340,582,300,282,3,179,249,105,45,1,1,82,132,49,35,1,2,97,117,56,10,0,4844.07531438
20224,1123002341,55,14,41,0,8,15,17,11,4,0,3,3,3,1,4,0,5,12,14,10,0,16193.3263142
20224,1123002343,2,1,1,0,0,1,1,0,0,0,0,0,1,0,0,0,0,1,0,0,0,1511.35400755
20224,1123002345,104,75,29,0,13,31,37,11,12,0,7,26,29,8,5,0,6,5,8,3,7,3137.59640447
20224,1123002348,2,2,0,0,0,0,0,1,1,0,0,0,0,1,1,0,0,0,0,0,0,2043.68568529
20224,1123002351,52,17,35,0,1,0,14,30,7,0,0,0,6,6,5,0,1,0,8,24,2,2120.67131279
20224,1123002352,3,2,1,0,0,1,2,0,0,0,0,1,1,0,0,0,0,0,1,0,0,1209.85285074
20224,1123002353,9,6,3,0,0,0,0,5,4,0,0,0,0,3,3,0,0,0,0,2,1,4499.28234407
20224,1123002354,2,0,2,0,0,0,0,2,0,0,0,0,0,0,0,0,0,0,0,2,0,1737.93589134
20224,1123002358,18,11,7,0,1,3,6,6,2,0,1,1,4,3,2,0,0,2,2,3,0,2912.30757317
20224,1123002359,49,5,44,0,12,11,11,14,1,0,1,2,1,1,0,0,11,9,10,13,1,17341.5030527
20224,1123002360,120,70,50,0,15,27,24,39,15,0,11,20,18,16,5,0,4,7,6,23,10,4894.46703079
20224,1123002361,4,4,0,0,0,0,0,2,2,0,0,0,0,2,2,0,0,0,0,0,0,1614.26543567
20224,1123002362,13,8,5,0,4,1,4,3,1,0,2,1,2,2,1,0,2,0,2,1,0,4788.69494573
20224,1123002363,3,1,2,0,0,0,0,2,1,0,0,0,0,1,0,0,0,0,0,1,1,1850.30512168
20224,1123002365,25,19,6,0,6,3,9,5,2,0,4,3,7,3,2,0,2,0,2,2,0,4822.82214585
20224,1123002367,12,5,7,0,1,0,6,4,1,0,0,0,4,1,0,0,1,0,2,3,1,5047.00025452
20224,1123002368,2,2,0,0,0,0,1,1,0,0,0,0,1,1,0,0,0,0,0,0,0,3987.13698327
20224,1123002369,2,2,0,0,0,2,0,0,0,0,0,2,0,0,0,0,0,0,0,0,0,1163.20300487
20224,1123002372,4,4,0,0,0,1,1,1,1,0,0,1,1,1,1,0,0,0,0,0,0,1012.48171616
20224,1123002374,13,7,6,0,0,0,2,7,4,0,0,0,0,4,3,0,0,0,2,3,1,4366.4474611
20224,1123002379,36,31,5,0,2,4,2,9,19,0,0,4,1,8,18,0,2,0,1,1,1,11334.9830522
20224,1123002380,41,27,14,0,5,10,9,12,5,0,2,8,4,9,4,0,3,2,5,3,1,6193.59377387
20224,1123002382,29,15,14,0,1,8,10,6,4,0,0,5,6,3,1,0,1,3,4,3,3,4402.09264046
20224,1123002385,6,3,3,0,0,3,1,2,0,0,0,1,1,1,0,0,0,2,0,1,0,3269.75525522
20224,1123002386,3,3,0,0,0,1,0,2,0,0,0,1,0,2,0,0,0,0,0,0,0,1483.74198814
20224,1123002387,41,22,19,0,5,10,14,7,5,0,3,4,6,5,4,0,2,6,8,2,1,9483.39448294
20224,1123002388,9,6,3,0,0,0,2,4,3,0,0,0,1,3,2,0,0,0,1,1,1,3319.92875618
20224,1123002390,26,18,8,0,4,6,7,6,3,0,3,4,4,5,2,0,1,2,3,1,1,2716.47116399
20224,1123002392,8,7,1,0,0,0,2,4,2,0,0,0,2,3,2,0,0,0,0,1,0,6124.54651913
20224,1123002393,3,3,0,0,0,0,0,2,1,0,0,0,0,2,1,0,0,0,0,0,0,5701.47397597
20224,1123002394,4,3,1,0,0,0,1,3,0,0,0,0,1,2,0,0,0,0,0,1,0,2626.38319737
20224,1123002395,2,2,0,0,0,0,2,0,0,0,0,0,2,0,0,0,0,0,0,0,0,4594.25587329
20224,1123002401,2,1,1,0,0,0,0,1,1,0,0,0,0,0,1,0,0,0,0,1,0,1058.91228679
20224,1123002403,2,2,0,0,0,1,0,0,1,0,0,1,0,0,1,0,0,0,0,0,0,1549.284005
20224,1123002404,6,5,1,0,0,0,1,5,0,0,0,0,1,4,0,0,0,0,0,1,0,3479.13120395
20224,1123002405,2,2,0,1,0,0,0,1,0,1,0,0,0,1,0,0,0,0,0,0,0,2106.21908255
20224,1123002406,5,2,3,0,2,0,2,0,1,0,1,0,0,0,1,0,1,0,2,0,0,4386.64720564
20224,1123002407,17,12,5,0,3,3,7,4,0,0,2,2,6,2,0,0,1,1,1,2,0,2975.2159031
20224,1123002409,6,3,3,0,0,0,2,0,4,0,0,0,1,0,2,0,0,0,1,0,2,2822.09873085
20224,1123002410,2,1,1,0,0,0,1,0,1,0,0,0,1,0,0,0,0,0,0,0,1,6012.36030651
20224,1123002412,5,2,3,0,0,1,2,2,0,0,0,0,1,1,0,0,0,1,1,1,0,872.237863966
20224,1123002417,218,146,72,0,24,43,56,55,40,0,11,33,37,36,29,0,13,10,19,19,11,4639.88905157
20224,1123002418,5,0,5,0,0,0,1,3,1,0,0,0,0,0,0,0,0,0,1,3,1,1213.57278641
20224,1123002419,21,16,5,0,6,5,3,5,2,0,3,5,3,3,2,0,3,0,0,2,0,2466.30164489
20224,1123002422,29,21,8,0,9,9,1,9,1,0,8,5,1,6,1,0,1,4,0,3,0,5463.57178712
20224,1123002423,2,1,1,0,0,0,0,0,2,0,0,0,0,0,1,0,0,0,0,0,1,3874.95893226
20224,1123002424,15,7,8,0,1,9,3,0,2,0,1,3,2,0,1,0,0,6,1,0,1,1624.32393773
20224,1123002429,2,1,1,0,1,0,0,1,0,0,1,0,0,0,0,0,0,0,0,1,0,3171.77296686
20224,1123002430,7,5,2,0,0,1,2,4,0,0,0,1,1,3,0,0,0,0,1,1,0,1099.48313509
20224,1123002433,5,4,1,0,1,2,2,0,0,0,1,2,1,0,0,0,0,0,1,0,0,5130.40644399
20224,1123002434,24,17,7,0,0,0,12,7,5,0,0,0,9,5,3,0,0,0,3,2,2,5237.79948596
20224,1123002435,8,0,8,0,2,0,3,3,0,0,0,0,0,0,0,0,2,0,3,3,0,1498.45916254
20224,1123002440,4,2,2,0,1,0,1,1,1,0,0,0,1,0,1,0,1,0,0,1,0,1820.12008515
20224,1123002442,35,10,25,0,9,7,7,7,5,0,0,4,4,1,1,0,9,3,3,6,4,7620.53064753
20224,1123002445,32,9,23,0,2,10,5,5,10,0,0,1,5,1,2,0,2,9,0,4,8,3643.97908972
20224,1123002449,12,10,2,0,0,0,4,5,3,0,0,0,4,4,2,0,0,0,0,1,1,1637.41295732
20224,1123002450,93,46,47,1,9,15,26,31,11,0,5,7,8,16,10,1,4,8,18,15,1,8693.4001718
20224,1123002451,2,2,0,0,0,1,0,1,0,0,0,1,0,1,0,0,0,0,0,0,0,25580.1575984
20224,1123002452,17,13,4,0,1,4,1,8,3,0,1,2,1,7,2,0,0,2,0,1,1,2091.21336345
20224,1123002453,17,10,7,0,0,6,6,3,2,0,0,5,3,1,1,0,0,1,3,2,1,2457.9287146
20224,1123002454,38,33,5,0,1,14,12,10,1,0,1,11,10,10,1,0,0,3,2,0,0,2569.66618771
20224,1123002456,5,1,4,0,3,1,0,1,0,0,0,0,0,1,0,0,3,1,0,0,0,3951.77681175
20224,1123002457,48,29,19,0,1,3,7,6,31,0,0,3,2,2,22,0,1,0,5,4,9,5512.94256361
20224,1123002463,12,8,4,0,2,3,4,3,0,0,1,3,1,3,0,0,1,0,3,0,0,1523.82829576
20224,1123002464,7,5,2,0,0,1,4,2,0,0,0,1,3,1,0,0,0,0,1,1,0,5197.6500563
20224,1123002465,2,1,1,0,1,0,0,0,1,0,0,0,0,0,1,0,1,0,0,0,0,705.889362071
20224,1123002472,8,5,3,0,2,3,1,2,0,0,0,3,1,1,0,0,2,0,0,1,0,2905.04995382
20224,1123002475,10,7,3,0,0,1,1,3,5,0,0,1,1,1,4,0,0,0,0,2,1,5663.62654563
20224,1123002476,10,6,4,0,0,0,4,6,0,0,0,0,2,4,0,0,0,0,2,2,0,5499.72654896
20224,1123002478,12,9,3,0,0,1,2,7,2,0,0,0,1,6,2,0,0,1,1,1,0,1990.85372177
20224,1123002481,58,34,24,0,3,7,5,10,33,0,2,6,4,5,17,0,1,1,1,5,16,4628.88604209
20224,1123002485,14,8,6,0,8,0,2,4,0,0,6,0,0,2,0,0,2,0,2,2,0,4853.07922671
20224,1123002487,5,1,4,0,1,1,1,2,0,0,0,0,0,1,0,0,1,1,1,1,0,4611.10094684
20224,1123002489,2,1,1,0,0,0,0,0,2,0,0,0,0,0,1,0,0,0,0,0,1,7850.86244173
20224,1123002491,3,2,1,0,0,0,3,0,0,0,0,0,2,0,0,0,0,0,1,0,0,10097.4603887
20224,1123002494,15,12,3,0,2,4,4,1,4,0,2,4,2,1,3,0,0,0,2,0,1,4066.33760414
20224,1123002495,2,1,1,0,0,2,0,0,0,0,0,1,0,0,0,0,0,1,0,0,0,1145.19459214
20224,1123002498,53,21,32,0,0,2,11,36,4,0,0,1,6,11,3,0,0,1,5,25,1,6402.8538519
20224,1123002501,3,0,3,0,0,2,1,0,0,0,0,0,0,0,0,0,0,2,1,0,0,2280.57526831
20224,1123002502,2,1,1,0,0,0,0,2,0,0,0,0,0,1,0,0,0,0,0,1,0,3705.71252493
20224,1123002503,8,6,2,0,1,3,3,1,0,0,1,2,2,1,0,0,0,1,1,0,0,2292.53695395
20224,1123002509,2,2,0,0,0,0,1,1,0,0,0,0,1,1,0,0,0,0,0,0,0,6278.93086133
20224,1123002510,32,11,21,0,0,6,18,5,3,0,0,3,3,2,3,0,0,3,15,3,0,4955.8233255
20224,1123002513,66,12,54,0,8,19,21,14,4,0,1,2,2,3,4,0,7,17,19,11,0,13354.7864847
20224,1123002514,4,4,0,0,0,0,0,3,1,0,0,0,0,3,1,0,0,0,0,0,0,6745.76887548
20224,1123002515,4,4,0,0,0,1,0,0,3,0,0,1,0,0,3,0,0,0,0,0,0,3045.27256202
20224,1123002519,24,21,3,0,0,5,9,3,7,0,0,5,7,3,6,0,0,0,2,0,1,3643.99151507
20224,1123002520,2,1,1,0,0,0,1,1,0,0,0,0,1,0,0,0,0,0,0,1,0,4076.11845592
20224,1123002531,5,5,0,0,1,2,1,1,0,0,1,2,1,1,0,0,0,0,0,0,0,2836.64684626
20224,1123002536,4,3,1,0,0,0,4,0,0,0,0,0,3,0,0,0,0,0,1,0,0,3622.11421246
20224,1123002550,1,1,0,0,0,0,1,0,0,0,0,0,1,0,0,0,0,0,0,0,0,820.199193503
20224,1123002554,2,2,0,0,0,0,1,1,0,0,0,0,1,1,0,0,0,0,0,0,0,3691.36341801
20224,1123002565,8,6,2,0,0,3,2,1,2,0,0,2,1,1,2,0,0,1,1,0,0,1404.58152604
20224,1123002567,5,5,0,0,0,0,3,1,1,0,0,0,3,1,1,0,0,0,0,0,0,832.129823743
20224,1123002568,452,314,138,1,20,81,163,130,57,1,13,36,115,96,53,0,7,45,48,34,4,1831.48307665
20224,1123002578,6,6,0,0,1,1,0,3,1,0,1,1,0,3,1,0,0,0,0,0,0,4279.2552907
20224,1123002582,2,2,0,0,0,0,1,0,1,0,0,0,1,0,1,0,0,0,0,0,0,2176.99092134
20224,1123002589,2,1,1,0,0,1,1,0,0,0,0,0,1,0,0,0,0,1,0,0,0,1155.38552059
20224,1123002593,5,3,2,0,0,3,0,1,1,0,0,2,0,0,1,0,0,1,0,1,0,8385.24352629
20224,1123002601,49,33,16,0,8,17,22,2,0,0,4,13,15,1,0,0,4,4,7,1,0,1841.85327599
20224,1123002605,34,29,5,0,5,6,7,10,6,0,3,4,6,10,6,0,2,2,1,0,0,13237.1194942
20224,1123002606,4,2,2,0,0,1,1,0,2,0,0,0,1,0,1,0,0,1,0,0,1,4138.75667684
20224,1123002607,91,44,47,0,10,18,31,25,7,0,3,17,10,8,6,0,7,1,21,17,1,3940.03439716
20224,1123002608,5,2,3,0,0,3,0,0,2,0,0,1,0,0,1,0,0,2,0,0,1,7654.08675125
20224,1123002616,60,16,44,0,7,2,10,10,31,0,0,0,2,5,9,0,7,2,8,5,22,9243.73748842
20224,1123002618,11,5,6,0,2,2,1,0,6,0,0,1,0,0,4,0,2,1,1,0,2,6978.0957187
20224,1123002621,17,10,7,0,1,4,5,4,3,0,1,2,3,2,2,0,0,2,2,2,1,3854.78339284
20224,1123002622,207,117,90,3,56,37,45,44,22,2,26,23,30,23,13,1,30,14,15,21,9,2178.13917658
20224,1123002623,14,8,6,0,0,2,1,5,6,0,0,0,0,4,4,0,0,2,1,1,2,5821.58192479
20224,1123002627,4,3,1,0,1,2,1,0,0,0,1,1,1,0,0,0,0,1,0,0,0,3243.50498842
20224,1123002628,120,68,52,0,14,22,18,33,33,0,10,9,8,17,24,0,4,13,10,16,9,14535.9802083
20224,1123002629,80,28,52,0,5,14,17,27,17,0,3,5,8,6,6,0,2,9,9,21,11,3361.02961059
20224,1123002631,21,8,13,0,7,5,2,6,1,0,2,2,0,3,1,0,5,3,2,3,0,9423.44799531
20224,1123002633,237,141,96,0,12,26,41,58,100,0,7,17,19,35,63,0,5,9,22,23,37,10295.3038033
20224,1123002634,3,1,2,0,0,0,0,2,1,0,0,0,0,1,0,0,0,0,0,1,1,4481.7189554
20224,1123002635,14,3,11,0,0,1,5,4,4,0,0,0,2,0,1,0,0,1,3,4,3,2678.94766554
20224,1123002636,5,3,2,0,1,0,2,1,1,0,0,0,1,1,1,0,1,0,1,0,0,1044.62139714
20224,1123002638,8,3,5,0,0,1,2,2,3,0,0,0,1,0,2,0,0,1,1,2,1,3139.23114956
20224,1123002639,37,8,29,0,3,8,8,8,10,0,0,0,0,2,6,0,3,8,8,6,4,5673.18015791
20224,1123002640,216,125,91,0,22,19,29,58,88,0,11,14,13,27,60,0,11,5,16,31,28,7504.99769694
20224,1123002641,4,2,2,0,2,0,0,2,0,0,0,0,0,2,0,0,2,0,0,0,0,1893.06739058
20224,1123002643,15,3,12,0,4,3,1,3,4,0,0,0,0,0,3,0,4,3,1,3,1,5369.47236959
20224,1123002644,6,3,3,0,1,1,0,2,2,0,0,1,0,2,0,0,1,0,0,0,2,1270.4937998
20224,1123002645,10,3,7,0,1,3,2,3,1,0,0,0,0,2,1,0,1,3,2,1,0,5111.00326465
20224,1123002647,11,8,3,0,0,1,6,2,2,0,0,1,5,1,1,0,0,0,1,1,1,1792.53377292
20224,1123002650,54,35,19,0,3,15,6,12,18,0,1,11,3,6,14,0,2,4,3,6,4,3281.86765659
20224,1123002651,353,87,266,0,96,98,86,56,17,0,12,25,19,18,13,0,84,73,67,38,4,6172.00839944
20224,1123002654,3,2,1,0,1,0,2,0,0,0,0,0,2,0,0,0,1,0,0,0,0,3893.0683886
20224,1123002660,26,20,6,1,0,2,16,5,2,1,0,0,13,4,2,0,0,2,3,1,0,4042.42087228
20224,1123002662,8,4,4,0,0,0,3,4,1,0,0,0,2,1,1,0,0,0,1,3,0,1085.16450444
20224,1123002669,2,2,0,0,0,1,0,1,0,0,0,1,0,1,0,0,0,0,0,0,0,934.769917878
20224,1123002674,23,11,12,0,2,2,6,5,8,0,1,1,3,1,5,0,1,1,3,4,3,4746.99512161
20224,1123002677,6,4,2,0,1,2,1,1,1,0,0,2,1,0,1,0,1,0,0,1,0,719.96882156
20224,1123002683,22,18,4,0,0,5,8,9,0,0,0,2,7,9,0,0,0,3,1,0,0,781.21546642
20224,1123002684,3,1,2,0,1,0,0,2,0,0,0,0,0,1,0,0,1,0,0,1,0,1603.46469515
20224,1123002690,4,2,2,0,0,0,2,2,0,0,0,0,1,1,0,0,0,0,1,1,0,2896.75745726
20224,1123002692,10,0,10,0,0,3,3,4,0,0,0,0,0,0,0,0,0,3,3,4,0,1233.39585641
20224,1123002697,4,2,2,0,0,0,0,2,2,0,0,0,0,0,2,0,0,0,0,2,0,1989.42465704
20224,1123002699,10,9,1,0,1,5,2,1,1,0,1,4,2,1,1,0,0,1,0,0,0,926.081338484
20224,1123002701,5,4,1,0,0,0,5,0,0,0,0,0,4,0,0,0,0,0,1,0,0,778.779638929
20224,1123002706,2,0,2,0,0,0,1,1,0,0,0,0,0,0,0,0,0,0,1,1,0,1445.25842996
20224,1123002707,47,42,5,0,0,1,10,5,31,0,0,1,5,5,31,0,0,0,5,0,0,10946.0681679
20224,1123002708,6,2,4,0,0,2,3,0,1,0,0,0,2,0,0,0,0,2,1,0,1,4176.15077947
20224,1123002713,3,1,2,0,0,0,0,3,0,0,0,0,0,1,0,0,0,0,0,2,0,9693.84098584
20224,1123002714,43,27,16,0,8,8,15,5,7,0,5,3,8,4,7,0,3,5,7,1,0,4680.70346453
20224,1123002715,1,1,0,0,0,0,0,1,0,0,0,0,0,1,0,0,0,0,0,0,0,1253.9989814
20224,1123002717,2,2,0,0,0,0,1,1,0,0,0,0,1,1,0,0,0,0,0,0,0,2431.05873191
20224,1123002719,2,2,0,0,0,0,2,0,0,0,0,0,2,0,0,0,0,0,0,0,0,975.571989327
20224,1123002723,55,33,22,0,8,11,21,11,4,0,4,4,14,8,3,0,4,7,7,3,1,6040.37530546
20224,1123002725,2,2,0,0,0,0,1,0,1,0,0,0,1,0,1,0,0,0,0,0,0,3743.19124982
20224,1123002729,4,1,3,0,0,0,0,3,1,0,0,0,0,1,0,0,0,0,0,2,1,2279.12340816
20224,1123002733,16,13,3,0,1,4,5,6,0,0,0,4,4,5,0,0,1,0,1,1,0,5199.83648477
20224,1123002734,1,1,0,0,0,0,1,0,0,0,0,0,1,0,0,0,0,0,0,0,0,1502.51419786
20224,1123002736,6,5,1,0,1,0,3,2,0,0,0,0,3,2,0,0,1,0,0,0,0,2096.69549657
20224,1123002738,19,11,8,0,2,9,5,3,0,0,1,7,1,2,0,0,1,2,4,1,0,5995.60777454
20224,1123002742,6,5,1,0,0,1,1,3,1,0,0,0,1,3,1,0,0,1,0,0,0,5582.61413012
20224,1123002746,6,4,2,0,3,1,1,1,0,0,3,0,0,1,0,0,0,1,1,0,0,574.036106706
20224,1123002749,1,1,0,0,0,0,0,0,1,0,0,0,0,0,1,0,0,0,0,0,0,787.454644106
20224,1123002751,19,7,12,0,8,8,2,1,0,0,2,4,1,0,0,0,6,4,1,1,0,4083.93505586
20224,1123002755,249,59,190,1,30,20,16,43,139,1,6,10,9,5,28,0,24,10,7,38,111,7310.33141785
20224,1123002756,11,4,7,0,1,0,3,6,1,0,0,0,2,2,0,0,1,0,1,4,1,6327.95327245
20224,1123002757,1,1,0,0,0,0,0,1,0,0,0,0,0,1,0,0,0,0,0,0,0,5494.58312936
20224,1123002761,13,8,5,0,3,3,4,1,2,0,3,0,3,0,2,0,0,3,1,1,0,3105.93828489
20224,1123002766,18,3,15,0,5,5,3,3,2,0,0,1,2,0,0,0,5,4,1,3,2,7574.87214461
20224,1123002767,8,8,0,0,1,2,2,3,0,0,1,2,2,3,0,0,0,0,0,0,0,4733.72402152
20224,1123002769,2,2,0,0,0,0,0,0,2,0,0,0,0,0,2,0,0,0,0,0,0,2698.34449133
20224,1123002774,7,5,2,0,0,0,2,3,2,0,0,0,0,3,2,0,0,0,2,0,0,2959.69723667
20224,1123002776,802,598,204,0,138,382,114,113,55,0,87,323,78,80,30,0,51,59,36,33,25,5416.71290985
20224,1123002781,10,1,9,0,0,1,1,6,2,0,0,0,0,1,0,0,0,1,1,5,2,5162.70193978
20224,1123002784,19,8,11,0,1,6,7,4,1,0,1,4,2,1,0,0,0,2,5,3,1,2008.60643332
20224,1123002785,36,12,24,0,7,10,6,13,0,0,2,1,2,7,0,0,5,9,4,6,0,18019.1780333
20224,1123002786,6,2,4,0,1,0,2,3,0,0,0,0,1,1,0,0,1,0,1,2,0,4069.79125929
20224,1123002791,2,2,0,0,0,0,0,0,2,0,0,0,0,0,2,0,0,0,0,0,0,4494.47104337
20224,1123002792,9,4,5,0,1,3,1,4,0,0,0,0,1,3,0,0,1,3,0,1,0,2008.5003708
20224,1123002794,3,2,1,0,0,0,2,1,0,0,0,0,1,1,0,0,0,0,1,0,0,1972.92056067
20224,1123002797,114,27,87,0,21,25,25,23,20,0,9,8,3,3,4,0,12,17,22,20,16,13109.7705542
20224,1123002807,30,12,18,0,1,16,7,5,1,0,1,5,2,3,1,0,0,11,5,2,0,18763.0717535
20224,1123002811,5,4,1,0,1,1,1,2,0,0,1,1,0,2,0,0,0,0,1,0,0,823.418927319
20224,1123002814,14,6,8,0,1,4,2,3,4,0,0,3,0,0,3,0,1,1,2,3,1,6168.85521255
20224,1123002823,13,9,4,0,0,1,11,1,0,0,0,1,8,0,0,0,0,0,3,1,0,1481.26778293
20224,1123002827,5,4,1,0,0,1,1,1,2,0,0,1,1,1,1,0,0,0,0,0,1,1070.50199421
20224,1123002829,15,12,3,0,0,2,3,7,3,0,0,2,3,6,1,0,0,0,0,1,2,4181.02332029
20224,1123002831,3,1,2,0,0,0,1,0,2,0,0,0,1,0,0,0,0,0,0,0,2,5406.19270289
20224,1123002832,36,3,33,0,2,7,17,8,2,0,0,0,2,1,0,0,2,7,15,7,2,16011.9000326
20224,1123002833,2,1,1,0,0,0,1,1,0,0,0,0,0,1,0,0,0,0,1,0,0,4835.77166826
20224,1123002834,386,244,142,0,45,106,101,105,29,0,9,48,76,87,24,0,36,58,25,18,5,145231.340463
20224,1123002839,433,279,154,1,101,179,87,46,19,1,44,116,66,39,13,0,57,63,21,7,6,86929.4344295
20224,1123002840,783,366,417,1,238,302,113,86,43,0,79,128,68,55,36,1,159,174,45,31,7,204928.740361
20224,1123002845,1,0,1,0,0,0,0,1,0,0,0,0,0,0,0,0,0,0,0,1,0,1857.92952282
20224,1123002847,2,1,1,0,0,1,0,1,0,0,0,0,0,1,0,0,0,1,0,0,0,1332.09506987
20224,1123002848,4,0,4,0,0,2,0,2,0,0,0,0,0,0,0,0,0,2,0,2,0,2581.0345929
20224,1123002851,46,40,6,0,0,2,1,9,34,0,0,0,0,6,34,0,0,2,1,3,0,1452.37187066
20224,1123002865,4,1,3,0,2,0,0,2,0,0,0,0,0,1,0,0,2,0,0,1,0,5373.72049496
20224,1123002868,260,121,139,0,37,62,57,70,34,0,9,21,32,33,26,0,28,41,25,37,8,1510.91950751
20224,1123002876,47,26,21,1,5,18,15,6,2,1,3,10,9,3,0,0,2,8,6,3,2,15017.9680694
20224,1123002877,4,0,4,0,0,0,4,0,0,0,0,0,0,0,0,0,0,0,4,0,0,1607.11077524
20224,1123002880,4,4,0,0,0,3,1,0,0,0,0,3,1,0,0,0,0,0,0,0,0,6573.82251752
20224,1123002883,2,1,1,0,0,0,0,2,0,0,0,0,0,1,0,0,0,0,0,1,0,1318.55705442
20224,1123002886,2,1,1,0,0,0,1,1,0,0,0,0,0,1,0,0,0,0,1,0,0,2935.76638306
20224,1123002891,17,7,10,0,3,2,7,5,0,0,0,2,2,3,0,0,3,0,5,2,0,9962.6035372
20224,1123002895,14,7,7,0,0,2,3,4,5,0,0,2,1,1,3,0,0,0,2,3,2,4137.9390375
20224,1123002896,3,0,3,0,1,2,0,0,0,0,0,0,0,0,0,0,1,2,0,0,0,3959.52459558
20224,1123002898,28,6,22,0,6,10,5,5,2,0,2,1,1,1,1,0,4,9,4,4,1,6010.32442575
20224,1123002899,4,4,0,0,2,0,0,1,1,0,2,0,0,1,1,0,0,0,0,0,0,3200.76256493
20224,1123002900,25,18,7,0,0,6,9,7,3,0,0,5,5,6,2,0,0,1,4,1,1,13063.948137
20224,1123002901,13,9,4,0,1,0,1,5,6,0,0,0,0,5,4,0,1,0,1,0,2,3447.72831246
20224,1123002903,2,2,0,0,0,0,1,1,0,0,0,0,1,1,0,0,0,0,0,0,0,4492.04775526
20224,1123002905,10,9,1,0,5,2,0,0,3,0,4,2,0,0,3,0,1,0,0,0,0,5201.55250318
20224,1123002906,2,1,1,0,0,0,0,0,2,0,0,0,0,0,1,0,0,0,0,0,1,1563.78613036
20224,1123002907,5,2,3,0,0,0,2,1,2,0,0,0,1,0,1,0,0,0,1,1,1,4459.29513123
20224,1123002908,5,0,5,0,0,1,2,2,0,0,0,0,0,0,0,0,0,1,2,2,0,1661.85417865
20224,1123002911,6,0,6,0,0,0,4,1,1,0,0,0,0,0,0,0,0,0,4,1,1,3750.41693968
20224,1123002914,6,2,4,0,1,1,1,2,1,0,0,0,1,1,0,0,1,1,0,1,1,4604.29294001
20224,1123002915,13,5,8,0,1,2,4,1,5,0,0,2,2,0,1,0,1,0,2,1,4,4925.59184714
20224,1123002916,4,1,3,0,0,0,2,2,0,0,0,0,0,1,0,0,0,0,2,1,0,4142.42363309
20224,1123002917,4,3,1,0,0,1,0,2,1,0,0,1,0,1,1,0,0,0,0,1,0,603.027519223
20224,1123002918,9,0,9,0,3,3,1,0,2,0,0,0,0,0,0,0,3,3,1,0,2,1004.19322794
20224,1123002919,91,14,77,0,6,25,33,22,5,0,1,4,4,1,4,0,5,21,29,21,1,17689.5856703
20224,1123002920,5,4,1,0,0,0,0,2,3,0,0,0,0,2,2,0,0,0,0,0,1,2780.02974491
20224,1123002923,6,2,4,0,1,0,2,2,1,0,0,0,0,2,0,0,1,0,2,0,1,4296.91466037
20224,1123002924,15,6,9,0,2,8,2,0,3,0,0,4,1,0,1,0,2,4,1,0,2,3736.83245655
20224,1123002925,5,1,4,0,1,1,1,1,1,0,1,0,0,0,0,0,0,1,1,1,1,2422.05723758
20224,1123002926,22,9,13,0,4,6,4,3,5,0,4,1,1,1,2,0,0,5,3,2,3,1926.12998818
20224,1123002928,7,3,4,0,3,2,1,1,0,0,0,1,1,1,0,0,3,1,0,0,0,5427.73148192
20224,1123002929,17,11,6,0,0,6,5,2,4,0,0,4,5,1,1,0,0,2,0,1,3,6990.87268715
20224,1123002931,3,2,1,0,0,1,1,1,0,0,0,0,1,1,0,0,0,1,0,0,0,2471.75163454
20224,1123002937,52,42,10,0,1,9,20,11,11,0,1,7,16,8,10,0,0,2,4,3,1,34094.480476
20224,1123002938,15,6,9,0,8,2,5,0,0,0,1,1,4,0,0,0,7,1,1,0,0,68381.0030704
20224,1123002941,8,7,1,0,0,1,2,2,3,0,0,1,2,2,2,0,0,0,0,0,1,2186.89832288
20224,1123002942,16,9,7,1,1,5,2,3,4,0,0,3,1,2,3,1,1,2,1,1,1,8655.7840371
20224,1123002943,34,17,17,0,5,9,9,5,6,0,3,5,3,3,3,0,2,4,6,2,3,11806.3933984
20224,1123002946,1,1,0,0,1,0,0,0,0,0,1,0,0,0,0,0,0,0,0,0,0,2280.66381413
20224,1123002949,7,6,1,0,0,0,2,5,0,0,0,0,2,4,0,0,0,0,0,1,0,1173.42272159
20224,1123002951,15,9,6,0,1,1,4,3,6,0,1,1,3,0,4,0,0,0,1,3,2,3091.96541572
20224,1123002952,3,2,1,0,0,1,1,0,1,0,0,1,1,0,0,0,0,0,0,0,1,3942.64469453
20224,1123002953,5,3,2,1,1,0,1,1,1,1,0,0,1,1,0,0,1,0,0,0,1,4089.65904967
20224,1123002954,20,9,11,0,6,8,2,1,3,0,1,4,1,0,3,0,5,4,1,1,0,5493.46665185
20224,1123002956,4,4,0,0,0,0,0,1,3,0,0,0,0,1,3,0,0,0,0,0,0,22550.5034436
20224,1123002959,7,6,1,0,0,0,3,2,2,0,0,0,3,1,2,0,0,0,0,1,0,1461.94013885
20224,1123002960,3,1,2,0,0,1,1,1,0,0,0,0,0,1,0,0,0,1,1,0,0,2876.59289452
20224,1123002964,20,17,3,0,0,3,2,6,9,0,0,2,2,4,9,0,0,1,0,2,0,10333.6074492
20224,1123002965,2,1,1,0,0,1,0,0,1,0,0,0,0,0,1,0,0,1,0,0,0,1421.04892608
20224,1123002966,27,15,12,0,6,2,4,6,9,0,2,2,2,2,7,0,4,0,2,4,2,3956.03477432
20224,1123002967,84,54,30,0,14,8,28,25,9,0,8,6,15,17,8,0,6,2,13,8,1,13051.1044731
20224,1123002968,2,1,1,0,0,0,0,1,1,0,0,0,0,0,1,0,0,0,0,1,0,6251.95843482
20224,1123002974,319,252,67,0,20,58,110,115,16,0,10,50,85,96,11,0,10,8,25,19,5,4514.14451559
20224,1123002982,2,2,0,0,0,0,1,0,1,0,0,0,1,0,1,0,0,0,0,0,0,5860.91184551
20224,1123002985,230,126,104,0,26,57,60,49,38,0,11,36,41,30,8,0,15,21,19,19,30,1232.6863747
20224,1123002986,5,4,1,0,0,0,2,1,2,0,0,0,2,0,2,0,0,0,0,1,0,7121.21524291
20224,1123002990,47,33,14,0,7,4,12,14,10,0,5,4,6,9,9,0,2,0,6,5,1,12047.0287981
20224,1123002991,37,23,14,0,3,5,7,8,14,0,2,2,3,4,12,0,1,3,4,4,2,5781.13744145
20224,1123002993,4,4,0,0,0,0,2,0,2,0,0,0,2,0,2,0,0,0,0,0,0,6875.16128071
20224,1123002995,5,1,4,0,2,2,1,0,0,0,0,0,1,0,0,0,2,2,0,0,0,1339.17571596
20224,1123002996,92,27,65,0,10,15,14,5,48,0,3,6,3,2,13,0,7,9,11,3,35,7871.0655319
20224,1123002998,3,0,3,0,2,0,0,1,0,0,0,0,0,0,0,0,2,0,0,1,0,2231.43201635
20224,1123002999,2,2,0,0,0,0,1,1,0,0,0,0,1,1,0,0,0,0,0,0,0,1162.60106867
20224,1123003009,35,17,18,1,3,9,14,7,1,0,2,1,8,5,1,1,1,8,6,2,0,5556.41635339
20224,1123003012,8,5,3,0,1,2,2,2,1,0,0,0,2,2,1,0,1,2,0,0,0,1218.34512365
20224,1123003014,3,2,1,0,0,2,0,0,1,0,0,1,0,0,1,0,0,1,0,0,0,1182.30404241
20224,1123003018,12,11,1,0,0,2,1,5,4,0,0,2,0,5,4,0,0,0,1,0,0,8835.50062464
20224,1123003020,14,8,6,0,3,3,4,3,1,0,3,2,2,1,0,0,0,1,2,2,1,7216.11136233
20224,1123003022,2,1,1,0,0,0,2,0,0,0,0,0,1,0,0,0,0,0,1,0,0,1677.00612323
20224,1123003023,39,7,32,0,5,11,9,9,5,0,1,0,2,2,2,0,4,11,7,7,3,2959.45200321
20224,1123003024,17,2,15,0,0,5,5,4,3,0,0,0,0,0,2,0,0,5,5,4,1,1400.23542553
20224,1123003025,4,3,1,0,0,2,1,1,0,0,0,1,1,1,0,0,0,1,0,0,0,3303.94673515
20224,1123003029,5,4,1,0,0,0,0,5,0,0,0,0,0,4,0,0,0,0,0,1,0,4524.61911672
20224,1123003032,115,63,52,2,22,34,19,28,10,0,2,14,13,25,9,2,20,20,6,3,1,12058.3743236
20224,1123003034,5,1,4,0,0,0,1,4,0,0,0,0,0,1,0,0,0,0,1,3,0,2565.69065106
20224,1123003037,2,1,1,0,0,0,0,1,1,0,0,0,0,1,0,0,0,0,0,0,1,3638.95708217
20224,1123003038,9,4,5,0,0,1,1,3,4,0,0,1,0,2,1,0,0,0,1,1,3,3698.24780991
20224,1123003044,3,3,0,0,0,1,2,0,0,0,0,1,2,0,0,0,0,0,0,0,0,3574.12178366
20224,1123003046,3,2,1,0,0,0,1,1,1,0,0,0,1,0,1,0,0,0,0,1,0,3867.1605798
20224,1123003052,31,7,24,0,3,0,1,7,20,0,1,0,1,2,3,0,2,0,0,5,17,3927.52294582
20224,1123003057,10,6,4,0,1,0,2,3,4,0,1,0,1,1,3,0,0,0,1,2,1,3167.75738429
20224,1123003059,5,4,1,0,0,2,0,1,2,0,0,2,0,0,2,0,0,0,0,1,0,1313.90936941
20224,1123003060,16,12,4,0,1,1,4,8,2,0,0,1,3,6,2,0,1,0,1,2,0,3224.03133839
20224,1123003061,2,2,0,0,0,0,2,0,0,0,0,0,2,0,0,0,0,0,0,0,0,3218.04294109
20224,1123003063,13,6,7,0,5,2,2,1,3,0,1,1,1,1,2,0,4,1,1,0,1,9640.84880546
20224,1123003065,3,2,1,0,0,2,0,0,1,0,0,1,0,0,1,0,0,1,0,0,0,3022.13577466
20224,1123003066,17,3,14,0,0,7,3,6,1,0,0,1,0,2,0,0,0,6,3,4,1,1166.57534
20224,1123003067,18,1,17,0,3,5,3,4,3,0,0,0,0,0,1,0,3,5,3,4,2,1538.43611938
20224,1123003068,7,7,0,0,0,0,2,4,1,0,0,0,2,4,1,0,0,0,0,0,0,4541.00568846
20224,1123003069,3,2,1,0,1,0,0,2,0,0,0,0,0,2,0,0,1,0,0,0,0,1889.17113346
20224,1123003070,16,8,8,0,0,1,2,2,11,0,0,1,1,1,5,0,0,0,1,1,6,11129.0370473
20224,1123003078,2,2,0,0,0,0,1,1,0,0,0,0,1,1,0,0,0,0,0,0,0,1068.36855711
20224,1123003082,105,41,64,0,8,31,37,23,6,0,2,8,12,15,4,0,6,23,25,8,2,2342.93071185
20224,1123003094,186,107,79,0,22,45,48,46,25,0,10,21,23,29,24,0,12,24,25,17,1,5618.47306291
20224,1123003100,18,2,16,0,5,4,6,1,2,0,0,0,0,1,1,0,5,4,6,0,1,7604.23128972
20224,1123003105,39,18,21,0,9,10,9,9,2,0,3,3,5,5,2,0,6,7,4,4,0,3015.93063789
20224,1123003107,678,421,257,5,58,126,204,175,110,3,26,61,117,113,101,2,32,65,87,62,9,4626.95567548
20224,1123003118,4,3,1,0,0,0,2,2,0,0,0,0,2,1,0,0,0,0,0,1,0,4249.76234106
20224,1123003119,50,39,11,0,3,20,18,1,8,0,2,17,11,1,8,0,1,3,7,0,0,12868.6711485
20224,1123003120,25,15,10,0,1,2,7,13,2,0,1,2,6,6,0,0,0,0,1,7,2,11398.4598182
20224,1123003122,10,1,9,0,3,2,1,2,2,0,0,0,0,0,1,0,3,2,1,2,1,3272.18602586
20224,1123003124,185,82,103,0,26,43,43,59,14,0,13,15,9,35,10,0,13,28,34,24,4,19358.6191889
20224,1123003128,9,3,6,0,2,5,0,1,1,0,0,2,0,0,1,0,2,3,0,1,0,12928.1814159
20224,1123003129,22,17,5,0,2,5,8,6,1,0,2,3,7,4,1,0,0,2,1,2,0,4091.84871842
20224,1123003130,4,3,1,0,0,0,1,1,2,0,0,0,1,1,1,0,0,0,0,0,1,1471.64044485
20224,1123003131,4,2,2,0,0,0,1,2,1,0,0,0,0,1,1,0,0,0,1,1,0,3349.4808711
20224,1123003136,2,1,1,0,0,1,1,0,0,0,0,0,1,0,0,0,0,1,0,0,0,884.504306945
20224,1123003137,314,221,93,0,24,118,122,50,0,0,13,77,91,40,0,0,11,41,31,10,0,27614.2424638
20224,1123003138,18,7,11,0,0,0,6,9,3,0,0,0,3,2,2,0,0,0,3,7,1,8513.5283851
20224,1123003139,34,11,23,0,4,11,5,14,0,0,0,2,2,7,0,0,4,9,3,7,0,15038.7415062
20224,1123003144,5,3,2,0,0,0,0,3,2,0,0,0,0,1,2,0,0,0,0,2,0,1993.21277869
20224,1123003146,19,16,3,0,5,2,1,7,4,0,5,2,0,5,4,0,0,0,1,2,0,2252.1967799
20224,1123003147,67,10,57,0,8,15,18,22,4,0,1,2,0,3,4,0,7,13,18,19,0,17303.1775195
20224,1123003148,2,1,1,0,0,0,2,0,0,0,0,0,1,0,0,0,0,0,1,0,0,3128.59616429
20224,1123003150,297,225,72,1,6,12,9,21,248,1,2,7,1,12,202,0,4,5,8,9,46,5558.46557363
20224,1123003151,2,2,0,0,1,1,0,0,0,0,1,1,0,0,0,0,0,0,0,0,0,1743.12974971
20224,1123003153,19,3,16,0,0,6,4,7,2,0,0,1,1,0,1,0,0,5,3,7,1,2316.69666325
20224,1123003154,3,3,0,0,0,0,2,1,0,0,0,0,2,1,0,0,0,0,0,0,0,6281.24073051
20224,1123003155,20,11,9,0,1,0,3,11,5,0,1,0,2,4,4,0,0,0,1,7,1,3363.2077305
20224,1123003156,1,1,0,0,0,0,1,0,0,0,0,0,1,0,0,0,0,0,0,0,0,1373.31387675
20224,1123003158,18,16,2,0,0,3,5,4,6,0,0,3,4,4,5,0,0,0,1,0,1,8970.64619539
20224,1123003159,63,51,12,0,7,17,23,13,3,0,4,13,19,12,3,0,3,4,4,1,0,5480.83401
20224,1123003161,1,1,0,0,0,0,0,1,0,0,0,0,0,1,0,0,0,0,0,0,0,23579.4917903
20224,1123003166,3,1,2,0,0,1,0,1,1,0,0,0,0,0,1,0,0,1,0,1,0,3247.92058127
20224,1123003171,53,15,38,0,6,15,14,17,1,0,1,3,4,7,0,0,5,12,10,10,1,13633.9854419
20224,1123003175,8,7,1,0,0,1,2,2,3,0,0,1,2,2,2,0,0,0,0,0,1,9316.32131498
20224,1123003181,6,5,1,0,0,2,0,3,1,0,0,2,0,2,1,0,0,0,0,1,0,3407.7166487
20224,1123003182,3,2,1,0,0,1,1,1,0,0,0,0,1,1,0,0,0,1,0,0,0,2931.7594135
20224,1123003184,2,0,2,0,0,0,1,0,1,0,0,0,0,0,0,0,0,0,1,0,1,1837.34800783
20224,1123003186,55,37,18,0,3,14,19,19,0,0,1,7,11,18,0,0,2,7,8,1,0,1775.20415458
20224,1123003187,4,3,1,0,0,1,1,2,0,0,0,1,0,2,0,0,0,0,1,0,0,2689.88167951
20224,1123003192,4,4,0,0,0,0,1,3,0,0,0,0,1,3,0,0,0,0,0,0,0,3395.39822332
20224,1123003194,5,4,1,0,1,0,3,1,0,0,1,0,2,1,0,0,0,0,1,0,0,3940.78552013
20224,1123003195,7,4,3,0,0,0,1,5,1,0,0,0,1,3,0,0,0,0,0,2,1,2096.1240028
20224,1123003198,1,1,0,0,0,0,0,0,1,0,0,0,0,0,1,0,0,0,0,0,0,1773.35958788
20224,1123003199,13,8,5,0,1,5,3,3,1,0,1,2,1,3,1,0,0,3,2,0,0,11968.2079724
20224,1123003200,5,2,3,0,0,0,2,0,3,0,0,0,0,0,2,0,0,0,2,0,1,3125.45551703
20224,1123003201,126,50,76,0,22,34,37,19,14,0,2,11,15,10,12,0,20,23,22,9,2,3733.1613408
20224,1123003202,6,5,1,0,0,2,3,1,0,0,0,2,2,1,0,0,0,0,1,0,0,11987.7122254
20224,1123003204,4,4,0,0,0,0,1,1,2,0,0,0,1,1,2,0,0,0,0,0,0,3210.21328573
20224,1123003208,3,2,1,0,0,2,0,0,1,0,0,1,0,0,1,0,0,1,0,0,0,3851.541978
20224,1123003210,1,0,1,0,0,0,1,0,0,0,0,0,0,0,0,0,0,0,1,0,0,4020.53359944
20224,1123003211,62,45,17,0,12,16,17,12,5,0,8,13,12,8,4,0,4,3,5,4,1,8274.21403272
20224,1123003213,15,0,15,0,2,4,4,5,0,0,0,0,0,0,0,0,2,4,4,5,0,5956.24610527
20224,1123003214,7,0,7,0,0,0,4,2,1,0,0,0,0,0,0,0,0,0,4,2,1,1257.14468851
20224,1123003216,6,6,0,0,0,0,2,4,0,0,0,0,2,4,0,0,0,0,0,0,0,2667.28280985
20224,1123003217,6,2,4,1,0,2,2,1,0,0,0,1,0,1,0,1,0,1,2,0,0,3329.87581324
20224,1123003221,4,2,2,0,0,1,3,0,0,0,0,1,1,0,0,0,0,0,2,0,0,2101.70309045
20224,1123003222,7,2,5,0,0,1,4,1,1,0,0,1,0,1,0,0,0,0,4,0,1,2742.40524015
20224,1123003223,2,2,0,0,2,0,0,0,0,0,2,0,0,0,0,0,0,0,0,0,0,610.98000847
20224,1123003225,28,11,17,0,3,4,9,2,10,0,0,0,2,1,8,0,3,4,7,1,2,10602.3289047
20224,1123003227,5,3,2,0,0,1,1,1,2,0,0,0,0,1,2,0,0,1,1,0,0,3652.08823396
20224,1123003228,1,0,1,0,0,1,0,0,0,0,0,0,0,0,0,0,0,1,0,0,0,2456.07411552
20224,1123003230,163,52,111,0,15,17,34,42,55,0,7,8,17,11,9,0,8,9,17,31,46,141007.569639
20224,1123003231,1499,630,869,0,323,352,359,382,83,0,64,161,193,169,43,0,259,191,166,213,40,4303.94168553
20224,1123003242,4,2,2,0,0,0,0,1,3,0,0,0,0,1,1,0,0,0,0,0,2,6594.92086151
20224,1123003243,15,12,3,0,1,5,5,3,1,0,1,5,3,2,1,0,0,0,2,1,0,4674.05976834
20224,1123003244,5,3,2,0,1,0,0,2,2,0,0,0,0,1,2,0,1,0,0,1,0,2617.4533702
20224,1123003245,38,8,30,0,2,7,16,11,2,0,0,1,3,3,1,0,2,6,13,8,1,3968.17004883
20224,1129000001,19,1,18,0,4,6,4,3,2,0,0,0,0,0,1,0,4,6,4,3,1,3003.00535396
20224,1129000003,63,37,26,0,4,17,18,16,8,0,0,10,7,13,7,0,4,7,11,3,1,2810.55308507
20224,1129000008,88,19,69,0,36,24,10,8,10,0,2,5,3,2,7,0,34,19,7,6,3,7946.14242889
20224,1129000013,4,1,3,0,1,0,2,1,0,0,0,0,0,1,0,0,1,0,2,0,0,2883.14216599
20224,1129000016,2,0,2,0,0,0,1,0,1,0,0,0,0,0,0,0,0,0,1,0,1,1720.46424123
20224,1129000026,19,2,17,0,5,5,4,3,2,0,0,0,0,0,2,0,5,5,4,3,0,677.896615756
20224,1129000031,173,89,84,0,16,45,43,46,23,0,6,26,26,15,16,0,10,19,17,31,7,7682.32234575
20224,1129000032,8,4,4,0,0,2,1,2,3,0,0,2,0,0,2,0,0,0,1,2,1,3930.49844048
20224,1129000039,6,4,2,0,0,1,2,0,3,0,0,0,1,0,3,0,0,1,1,0,0,2677.49029149
20224,1129000042,5,0,5,0,0,0,2,0,3,0,0,0,0,0,0,0,0,0,2,0,3,17067.9713324
20224,1129000047,4,1,3,0,0,0,3,1,0,0,0,0,0,1,0,0,0,0,3,0,0,10290.4625534
20224,1129000049,42,9,33,0,12,7,11,8,4,0,0,0,5,2,2,0,12,7,6,6,2,8054.58226851
20224,1129000051,89,52,37,0,16,21,30,15,7,0,7,15,17,8,5,0,9,6,13,7,2,3961.21404433
20224,1129000062,218,74,144,1,29,62,65,38,23,0,13,20,16,14,11,1,16,42,49,24,12,2211.8899486
20224,1129000063,1,0,1,0,0,1,0,0,0,0,0,0,0,0,0,0,0,1,0,0,0,1984.38510667
20224,1129000070,358,154,204,0,45,52,105,117,39,0,22,25,42,40,25,0,23,27,63,77,14,27762.0060369
20224,1129000078,26,24,2,0,0,4,15,6,1,0,0,4,14,5,1,0,0,0,1,1,0,2532.94933053
20224,1129000086,104,47,57,0,28,16,25,17,18,0,10,7,10,7,13,0,18,9,15,10,5,2544.84774991
20224,1129000099,7,0,7,0,0,0,0,5,2,0,0,0,0,0,0,0,0,0,0,5,2,4588.45491458
20224,1129000104,29,12,17,0,0,7,10,5,7,0,0,3,4,2,3,0,0,4,6,3,4,7549.06429063
20224,1129000105,21,13,8,0,0,1,10,6,4,0,0,0,5,4,4,0,0,1,5,2,0,9426.87632765
20224,1129000115,120,68,52,1,33,41,24,16,5,0,16,27,10,10,5,1,17,14,14,6,0,1328.92312917
20224,1129000117,48,33,15,0,4,8,16,14,6,0,3,5,10,10,5,0,1,3,6,4,1,6622.64540695
20224,1129000118,20,3,17,0,1,6,8,4,1,0,0,0,1,1,1,0,1,6,7,3,0,5725.0525603
20224,1129000119,235,179,56,2,12,33,48,57,83,0,3,22,34,42,78,2,9,11,14,15,5,3283.84044582
20224,1129000131,35,9,26,0,10,12,6,4,3,0,0,3,3,2,1,0,10,9,3,2,2,4121.38126759
20224,1129000141,23,3,20,0,3,5,7,6,2,0,0,0,1,1,1,0,3,5,6,5,1,5649.8863137
20224,1129000149,272,135,137,0,32,45,106,66,23,0,12,21,50,42,10,0,20,24,56,24,13,3072.52310862
20224,1129000151,103,15,88,0,13,36,28,24,2,0,0,4,5,4,2,0,13,32,23,20,0,19784.0317989
20224,1129000154,4104,2068,2036,415,1905,1079,431,183,91,176,863,612,254,88,75,239,1042,467,177,95,16,2911.71914429
20224,1129000199,51,10,41,0,2,9,19,11,10,0,0,1,1,1,7,0,2,8,18,10,3,14872.3100721
20224,1129000200,32,29,3,0,0,1,3,8,20,0,0,1,3,5,20,0,0,0,0,3,0,4605.01613628
20224,1129000205,45,14,31,0,12,8,5,15,5,0,4,1,2,4,3,0,8,7,3,11,2,9684.75492897
20224,1129000216,15,9,6,0,1,1,5,4,4,0,0,0,3,3,3,0,1,1,2,1,1,7192.74839825
20224,1129000217,4,3,1,0,1,0,3,0,0,0,1,0,2,0,0,0,0,0,1,0,0,4529.78713502
20224,1129000218,6,3,3,0,0,0,3,2,1,0,0,0,1,2,0,0,0,0,2,0,1,2002.22047374
20224,1129000222,1,0,1,0,0,0,0,1,0,0,0,0,0,0,0,0,0,0,0,1,0,2355.9686265
20224,1129000226,25,18,7,0,0,5,11,4,5,0,0,2,10,2,4,0,0,3,1,2,1,5691.90574767
20224,1129000231,7,3,4,0,1,4,1,1,0,0,1,2,0,0,0,0,0,2,1,1,0,28476.078963
20224,1129000236,7,5,2,0,0,0,2,2,3,0,0,0,1,1,3,0,0,0,1,1,0,3825.23928098
20224,1129000238,18,13,5,0,0,5,2,7,4,0,0,2,2,7,2,0,0,3,0,0,2,10132.1033128
20224,1129000239,28,7,21,0,1,6,8,12,1,0,0,1,1,5,0,0,1,5,7,7,1,1974.53794165
20224,1129000240,19,12,7,0,2,4,4,5,4,0,1,2,2,3,4,0,1,2,2,2,0,5983.87898946
20224,1129000242,25,10,15,0,0,3,8,6,8,0,0,1,1,3,5,0,0,2,7,3,3,5381.7570772
20224,1129000243,10,7,3,1,0,3,6,0,0,0,0,3,4,0,0,1,0,0,2,0,0,5539.74042375
20224,1129000248,59,8,51,0,0,4,16,28,11,0,0,0,1,3,4,0,0,4,15,25,7,3053.45355792
20224,1129000249,93,19,74,0,12,17,19,26,19,0,2,5,5,1,6,0,10,12,14,25,13,11260.2036519
20224,1129000250,10,8,2,0,1,6,3,0,0,0,1,5,2,0,0,0,0,1,1,0,0,2917.0277682
20224,1129000252,25,16,9,0,1,9,7,6,2,0,1,6,4,4,1,0,0,3,3,2,1,2494.45260442
20224,1129000253,80,38,42,1,10,20,28,14,7,1,0,9,18,7,3,0,10,11,10,7,4,10863.379154
20224,1129000255,39,29,10,0,8,8,9,10,4,0,8,6,7,5,3,0,0,2,2,5,1,18553.8109315
20224,1129000259,2,1,1,0,0,0,1,1,0,0,0,0,1,0,0,0,0,0,0,1,0,3430.41905732
20224,1129000260,22,9,13,1,7,5,3,3,3,1,4,1,1,1,1,0,3,4,2,2,2,11322.6441677
20224,1129000262,38,10,28,0,11,7,9,9,2,0,5,1,1,2,1,0,6,6,8,7,1,3209.41082252
20224,1129000265,5,1,4,0,0,2,0,2,1,0,0,0,0,1,0,0,0,2,0,1,1,3424.79930994
20224,1129000273,12,7,5,0,1,2,5,3,1,0,1,2,2,2,0,0,0,0,3,1,1,4934.1020933
20224,1129000275,10,0,10,0,2,3,2,2,1,0,0,0,0,0,0,0,2,3,2,2,1,3805.91350446
20224,1129000280,12,7,5,0,1,1,3,3,4,0,1,1,1,1,3,0,0,0,2,2,1,2940.64197682
20224,1129000281,2,1,1,0,0,0,0,1,1,0,0,0,0,0,1,0,0,0,0,1,0,1873.3090004
20224,1129000284,50,25,25,0,3,10,14,14,9,0,2,5,9,6,3,0,1,5,5,8,6,17453.3113364
20224,1129000294,6,1,5,0,0,1,1,2,2,0,0,0,0,1,0,0,0,1,1,1,2,2356.93864494
20224,1129000303,5,3,2,0,0,0,2,3,0,0,0,0,1,2,0,0,0,0,1,1,0,5690.15376419
20224,1129000318,17,7,10,0,2,1,1,7,6,0,2,1,1,1,2,0,0,0,0,6,4,3832.52510983
20224,1129000321,23,12,11,0,3,3,7,5,5,0,1,2,3,3,3,0,2,1,4,2,2,18802.7956365
20224,1129000322,2,1,1,0,0,0,2,0,0,0,0,0,1,0,0,0,0,0,1,0,0,1228.72102
20224,1129000330,75,13,62,0,10,20,23,16,6,0,0,5,3,1,4,0,10,15,20,15,2,10218.1411501
20224,1129000335,92,60,32,0,3,16,25,21,27,0,2,9,12,13,24,0,1,7,13,8,3,6807.09646108
20224,1129000337,2,1,1,0,0,0,1,1,0,0,0,0,1,0,0,0,0,0,0,1,0,2139.15375133
20224,1129000341,50,14,36,0,4,14,15,17,0,0,0,2,8,4,0,0,4,12,7,13,0,22886.0896876
20224,1129000342,29,6,23,1,6,6,9,5,2,0,1,1,3,0,1,1,5,5,6,5,1,6058.26392649
20224,1129000343,3,0,3,0,0,0,0,2,1,0,0,0,0,0,0,0,0,0,0,2,1,66423.1669351
20224,1129000346,4,2,2,0,0,0,2,1,1,0,0,0,1,0,1,0,0,0,1,1,0,1669.7726758
20224,1129000350,2,1,1,0,0,0,0,1,1,0,0,0,0,0,1,0,0,0,0,1,0,2010.27400729
20224,1129000352,364,228,136,0,69,87,80,74,54,0,21,59,47,52,49,0,48,28,33,22,5,5464.41808822
20224,1129000354,1,1,0,0,0,0,0,1,0,0,0,0,0,1,0,0,0,0,0,0,0,1341.11667629
20224,1129000355,26,18,8,0,6,5,8,2,5,0,4,2,5,2,5,0,2,3,3,0,0,7105.56749095
20224,1129000360,4,0,4,0,0,1,2,1,0,0,0,0,0,0,0,0,0,1,2,1,0,7460.8954622
20224,1129000370,6,2,4,0,1,3,1,1,0,0,0,1,0,1,0,0,1,2,1,0,0,6500.29653181
20224,1129000387,7,3,4,0,0,0,2,5,0,0,0,0,1,2,0,0,0,0,1,3,0,876.585080906
20224,1129000393,23,14,9,0,7,6,4,5,1,0,4,4,2,3,1,0,3,2,2,2,0,6937.07027254
20224,1129000399,90,18,72,0,10,27,25,23,5,0,1,5,5,3,4,0,9,22,20,20,1,8017.20566594
20224,1129000404,8,7,1,0,0,4,0,3,1,0,0,3,0,3,1,0,0,1,0,0,0,4420.05960458
20224,1129000407,1103,298,805,8,497,361,132,79,26,0,75,125,37,39,22,8,422,236,95,40,4,5834.86487691
20224,1129000415,1,0,1,0,0,0,0,1,0,0,0,0,0,0,0,0,0,0,0,1,0,2012.5937853
20224,1129000417,14,3,11,0,1,2,7,4,0,0,0,1,1,1,0,0,1,1,6,3,0,8582.69223261
20224,1129000424,425,378,47,0,63,153,148,58,3,0,54,135,131,56,2,0,9,18,17,2,1,2187.70909293
20224,1129000438,10940,6783,4157,44,1682,2620,3536,1917,1141,13,807,1596,2417,1469,481,31,875,1024,1119,448,660,5266.54340769
20224,1129000448,95,43,52,0,13,39,21,14,8,0,3,21,4,9,6,0,10,18,17,5,2,3699.66282137
20224,1129000462,7,5,2,0,1,0,0,4,2,0,1,0,0,2,2,0,0,0,0,2,0,689.729106096
20224,1129000470,294,123,171,0,69,72,68,50,35,0,15,30,36,20,22,0,54,42,32,30,13,1437.52877038
20224,1129000482,49,40,9,0,3,9,9,14,14,0,3,6,7,12,12,0,0,3,2,2,2,3268.92247078
20224,1129000484,1,0,1,0,0,1,0,0,0,0,0,0,0,0,0,0,0,1,0,0,0,1194.0456133
20224,1129000486,1,1,0,0,0,0,0,0,1,0,0,0,0,0,1,0,0,0,0,0,0,3854.01878954
20224,1129000500,4,1,3,0,0,1,2,0,1,0,0,0,1,0,0,0,0,1,1,0,1,2258.24613742
20224,1129000514,15,11,4,0,0,2,4,3,6,0,0,1,2,2,6,0,0,1,2,1,0,5772.87533006
20224,1129000517,101,10,91,0,18,27,28,18,10,0,1,3,0,2,4,0,17,24,28,16,6,11352.5183472
20224,1129000518,7,5,2,0,1,2,2,1,1,0,1,1,1,1,1,0,0,1,1,0,0,2724.82460008
20224,1129000522,2,2,0,0,0,1,0,1,0,0,0,1,0,1,0,0,0,0,0,0,0,2964.98986681
20224,1129000532,192,57,135,0,12,36,46,61,37,0,1,12,11,17,16,0,11,24,35,44,21,4846.91070091
20224,1129000538,18,9,9,0,7,3,5,0,3,0,2,1,4,0,2,0,5,2,1,0,1,1874.16530021
20224,1129000540,20,11,9,0,5,1,8,6,0,0,4,0,3,4,0,0,1,1,5,2,0,3323.50657324
20224,1129000541,3,1,2,0,0,0,1,0,2,0,0,0,0,0,1,0,0,0,1,0,1,1485.44957098
20224,1129000543,18,6,12,0,1,2,2,3,10,0,1,2,1,0,2,0,0,0,1,3,8,1192.47309019
20224,1129000546,3,3,0,0,0,0,2,1,0,0,0,0,2,1,0,0,0,0,0,0,0,1322.72303375
20224,1129000548,4,3,1,0,1,3,0,0,0,0,1,2,0,0,0,0,0,1,0,0,0,1589.5683156
20224,1129000552,2,2,0,0,0,1,1,0,0,0,0,1,1,0,0,0,0,0,0,0,0,1015.37985709
20224,1129000556,3,1,2,0,0,1,0,0,2,0,0,0,0,0,1,0,0,1,0,0,1,4026.61390601
20224,1129000565,71,53,18,0,5,21,28,11,6,0,2,18,21,8,4,0,3,3,7,3,2,6219.92172054
20224,1129000568,56,7,49,0,2,4,9,31,10,0,1,2,1,1,2,0,1,2,8,30,8,10578.8997692
20224,1129000569,14,9,5,0,0,3,6,4,1,0,0,1,4,4,0,0,0,2,2,0,1,4116.63364968
20224,1129000570,4,2,2,0,0,0,0,2,2,0,0,0,0,1,1,0,0,0,0,1,1,2954.14405097
20224,1129000572,32,11,21,6,8,7,3,1,7,0,2,2,1,1,5,6,6,5,2,0,2,5876.21166167
20224,1129000573,2,2,0,0,0,0,1,0,1,0,0,0,1,0,1,0,0,0,0,0,0,3795.13387217
20224,1129000574,3,2,1,0,0,1,1,0,1,0,0,1,0,0,1,0,0,0,1,0,0,1854.58815205
20224,1129000577,145,53,92,0,15,45,46,30,9,0,3,12,15,17,6,0,12,33,31,13,3,5099.32249693
20224,1129000580,2,1,1,0,1,1,0,0,0,0,0,1,0,0,0,0,1,0,0,0,0,5278.8403183
20224,1129000581,5,4,1,0,2,1,2,0,0,0,2,1,1,0,0,0,0,0,1,0,0,728.809803529
20224,1129000582,5,5,0,0,0,0,0,1,4,0,0,0,0,1,4,0,0,0,0,0,0,4293.84573068
20224,1129000585,1,1,0,0,0,0,0,0,1,0,0,0,0,0,1,0,0,0,0,0,0,1119.84348948
20224,1129000586,4,3,1,0,0,0,3,1,0,0,0,0,2,1,0,0,0,0,1,0,0,676.027180238
20224,1129000588,10,5,5,0,0,6,0,2,2,0,0,3,0,1,1,0,0,3,0,1,1,745.10447959
20224,1129000590,15,8,7,0,3,4,7,1,0,0,0,2,5,1,0,0,3,2,2,0,0,5246.14530073
20224,1129000591,160,52,108,0,18,35,20,50,37,0,4,11,2,19,16,0,14,24,18,31,21,6663.82873504
20224,1129000592,14,6,8,0,1,2,1,3,7,0,0,1,1,1,3,0,1,1,0,2,4,3894.73715712
20224,1129000593,9,1,8,0,1,2,3,2,1,0,0,0,0,0,1,0,1,2,3,2,0,2662.32106892
20224,1129000595,30,20,10,1,9,10,4,5,1,0,5,7,4,3,1,1,4,3,0,2,0,5676.7046914
20224,1129000596,5,1,4,0,3,1,1,0,0,0,0,0,1,0,0,0,3,1,0,0,0,1686.97972103
20224,1129000597,16,15,1,0,0,1,5,8,2,0,0,1,4,8,2,0,0,0,1,0,0,7609.66171191
20224,1129000598,9,4,5,0,6,1,0,1,1,0,3,0,0,1,0,0,3,1,0,0,1,938.028927433
20224,1129000600,4,1,3,0,1,0,0,1,2,0,0,0,0,0,1,0,1,0,0,1,1,1907.89325531
20224,1129000601,6,6,0,0,0,2,2,2,0,0,0,2,2,2,0,0,0,0,0,0,0,4871.77079929
20224,1129000602,8,5,3,0,0,0,1,4,3,0,0,0,0,2,3,0,0,0,1,2,0,4921.87835847
20224,1129000603,12,5,7,0,0,5,3,2,2,0,0,1,2,1,1,0,0,4,1,1,1,5263.74067975
20224,1129000604,54,49,5,3,23,13,10,4,1,3,21,12,9,3,1,0,2,1,1,1,0,2010.8517074
20224,1129000605,47,12,35,0,20,11,9,3,4,0,0,1,6,1,4,0,20,10,3,2,0,4003.49988732
20224,1129000607,51,8,43,0,21,16,4,6,4,0,0,3,1,1,3,0,21,13,3,5,1,68994.1344654
20224,1129000608,11,3,8,0,1,2,2,3,3,0,0,0,0,1,2,0,1,2,2,2,1,3124.22075666
20224,1129000609,4,1,3,0,0,1,0,0,3,0,0,0,0,0,1,0,0,1,0,0,2,1166.11048829
20224,1129000610,13,2,11,0,4,2,4,2,1,0,0,0,1,1,0,0,4,2,3,1,1,4836.51376301
20224,1129000611,4,3,1,0,1,1,0,0,2,0,1,1,0,0,1,0,0,0,0,0,1,3119.89985555
20224,1129000612,59,29,30,8,1,9,17,17,7,8,1,4,2,8,6,0,0,5,15,9,1,6324.36993047
20224,1129000613,1,1,0,0,0,0,0,0,1,0,0,0,0,0,1,0,0,0,0,0,0,3121.35319166
20224,1129000614,1,1,0,0,0,0,0,0,1,0,0,0,0,0,1,0,0,0,0,0,0,16336.6769814
20224,1129000617,15,11,4,0,1,2,7,5,0,0,1,1,4,5,0,0,0,1,3,0,0,6965.76464849
20224,1129000618,6,5,1,0,0,2,4,0,0,0,0,2,3,0,0,0,0,0,1,0,0,1358.76041947
20224,1129000619,3,2,1,0,0,0,1,1,1,0,0,0,0,1,1,0,0,0,1,0,0,9165.84179353
20224,1129000620,8,6,2,0,0,1,1,5,1,0,0,1,1,4,0,0,0,0,0,1,1,5582.26139068
20224,1129000623,23,16,7,1,2,4,9,2,5,1,1,3,8,2,1,0,1,1,1,0,4,6312.11690292
20224,1129000624,1,1,0,0,0,0,0,0,1,0,0,0,0,0,1,0,0,0,0,0,0,4073.47087871
20224,1129000625,100,21,79,0,18,30,29,17,6,0,5,3,4,4,5,0,13,27,25,13,1,22975.5460365
20224,1129000626,14,10,4,0,0,4,3,3,4,0,0,2,1,3,4,0,0,2,2,0,0,2776.82359155
20224,1129000628,2,2,0,0,0,1,0,0,1,0,0,1,0,0,1,0,0,0,0,0,0,1896.74297675
20224,1129000629,13,3,10,0,2,5,5,1,0,0,0,0,3,0,0,0,2,5,2,1,0,4551.06674819
20224,1129000631,2,1,1,0,1,0,0,0,1,0,1,0,0,0,0,0,0,0,0,0,1,1112.3063394
20224,1129000632,21,16,5,0,2,3,5,8,3,0,1,2,3,7,3,0,1,1,2,1,0,6503.32882222
20224,1129000633,3,3,0,0,0,0,0,3,0,0,0,0,0,3,0,0,0,0,0,0,0,1283.48139986
20224,1129000634,4,4,0,0,0,0,2,1,1,0,0,0,2,1,1,0,0,0,0,0,0,2672.64788193
20224,1129000636,78,58,20,0,6,20,19,28,5,0,1,12,15,26,4,0,5,8,4,2,1,4855.63914073
20224,1129000639,2,0,2,0,0,0,1,0,1,0,0,0,0,0,0,0,0,0,1,0,1,3292.56368116
20224,1129000640,89,25,64,1,8,30,20,26,4,0,1,8,5,8,3,1,7,22,15,18,1,4755.49564657
20224,1129000643,5,2,3,0,1,1,2,0,1,0,1,0,1,0,0,0,0,1,1,0,1,808.10269634
20224,1129000645,4,4,0,0,0,0,2,1,1,0,0,0,2,1,1,0,0,0,0,0,0,940.508483314
20224,1129000646,5,1,4,0,1,1,0,1,2,0,0,0,0,0,1,0,1,1,0,1,1,4479.38114258
20224,1129000647,17,5,12,0,8,6,1,0,2,0,1,2,1,0,1,0,7,4,0,0,1,1143.15161662
20224,1129000648,9,7,2,0,0,4,4,0,1,0,0,3,3,0,1,0,0,1,1,0,0,4866.52521645
20224,1129000655,4,2,2,0,2,0,1,1,0,0,0,0,1,1,0,0,2,0,0,0,0,4900.26869254
20224,1129000659,3,1,2,0,0,0,2,0,1,0,0,0,1,0,0,0,0,0,1,0,1,4392.09165753
20224,1129000661,2,2,0,0,0,0,0,1,1,0,0,0,0,1,1,0,0,0,0,0,0,2164.75701438
20224,1129000662,28,17,11,0,0,4,5,7,12,0,0,1,3,3,10,0,0,3,2,4,2,6949.62737076
20224,1129000664,18,14,4,0,1,4,3,4,6,0,0,2,2,4,6,0,1,2,1,0,0,2356.89097495
20224,1129000665,130,116,14,0,0,5,21,41,63,0,0,3,18,33,62,0,0,2,3,8,1,7379.49035939
20224,1129000669,34,21,13,1,5,4,6,12,6,0,2,2,1,10,6,1,3,2,5,2,0,1685.18047767
20224,1129000670,2,1,1,0,0,0,2,0,0,0,0,0,1,0,0,0,0,0,1,0,0,1294.96423569
20224,1129000672,11,3,8,0,0,1,0,6,4,0,0,0,0,1,2,0,0,1,0,5,2,5713.46465004
20224,1129000673,9,1,8,0,5,3,1,0,0,0,0,0,1,0,0,0,5,3,0,0,0,2509.59399613
20224,1129000674,8,5,3,0,1,1,0,4,2,0,1,0,0,3,1,0,0,1,0,1,1,3918.578309
20224,1129000679,153,34,119,0,10,19,40,52,32,0,2,6,8,11,7,0,8,13,32,41,25,6096.61899836
20224,1129000680,20,12,8,1,0,6,6,4,3,0,0,3,4,3,2,1,0,3,2,1,1,4333.18084148
20224,1129000681,62,26,36,1,27,10,8,14,2,0,13,4,2,5,2,1,14,6,6,9,0,4869.75500874
20224,1129000683,9,8,1,0,1,1,2,3,2,0,1,1,1,3,2,0,0,0,1,0,0,1752.87978491
20224,1129000684,154,82,72,0,31,34,34,33,22,0,8,20,22,18,14,0,23,14,12,15,8,3738.99523684
20224,1129000685,12,9,3,0,0,3,3,4,2,0,0,2,2,4,1,0,0,1,1,0,1,4592.83741425
20224,1129000690,4,3,1,0,0,0,0,3,1,0,0,0,0,2,1,0,0,0,0,1,0,4005.13853828
20224,1129000692,15,2,13,0,3,2,5,3,2,0,0,0,1,1,0,0,3,2,4,2,2,6129.40076765
20224,1129000695,6,4,2,0,0,1,1,1,3,0,0,1,0,1,2,0,0,0,1,0,1,2472.25712337
20224,1129000696,13,5,8,0,0,2,5,2,4,0,0,0,1,2,2,0,0,2,4,0,2,6057.95367591
20224,1129000697,19,4,15,0,0,0,0,13,6,0,0,0,0,4,0,0,0,0,0,9,6,6087.19119562
20224,1129000698,2,1,1,0,0,0,0,2,0,0,0,0,0,1,0,0,0,0,0,1,0,1985.0563129
20224,1129000700,107,58,49,1,4,12,22,29,39,1,2,8,8,9,30,0,2,4,14,20,9,5151.86605373
20224,1129000701,3,1,2,0,0,1,1,1,0,0,0,0,0,1,0,0,0,1,1,0,0,1456.7712311
20224,1129000702,26,10,16,0,4,7,8,2,5,0,1,4,0,1,4,0,3,3,8,1,1,9990.66616499
20224,1129000703,38,33,5,0,1,4,12,13,8,0,1,3,11,10,8,0,0,1,1,3,0,4548.97385831
20224,1129000706,11,6,5,0,1,6,3,1,0,0,0,4,1,1,0,0,1,2,2,0,0,11643.727626
20224,1129000713,65,40,25,0,20,27,12,6,0,0,11,14,10,5,0,0,9,13,2,1,0,5438.45813851
20224,1129000714,15,10,5,0,1,2,2,8,2,0,1,0,0,7,2,0,0,2,2,1,0,6700.82958602
20224,1129000716,25,3,22,0,1,2,1,0,21,0,0,2,0,0,1,0,1,0,1,0,20,7504.20334069
20224,1129000717,20,18,2,0,1,2,5,11,1,0,1,1,5,10,1,0,0,1,0,1,0,923.785981563
20224,1129000720,11,7,4,0,1,1,6,3,0,0,1,1,3,2,0,0,0,0,3,1,0,6136.7999923
20224,1129000722,67,35,32,0,9,19,17,20,2,0,4,7,11,12,1,0,5,12,6,8,1,5894.81091272
20224,1129000723,8,5,3,0,0,2,3,1,2,0,0,2,1,1,1,0,0,0,2,0,1,1944.3136627
20224,1129000724,2,2,0,0,0,2,0,0,0,0,0,2,0,0,0,0,0,0,0,0,0,2235.58839446
20224,1129000726,31,24,7,3,2,4,8,10,4,3,1,1,6,9,4,0,1,3,2,1,0,3738.97601094
20224,1129000732,3,3,0,0,0,0,2,1,0,0,0,0,2,1,0,0,0,0,0,0,0,3050.11966354
20224,1129000739,37,30,7,0,4,7,11,8,7,0,3,5,9,7,6,0,1,2,2,1,1,8202.46308964
20224,1129000740,145,97,48,0,7,36,38,41,23,0,3,17,25,31,21,0,4,19,13,10,2,9541.93127465
20224,1129000741,56,20,36,0,3,16,17,14,6,0,0,6,6,4,4,0,3,10,11,10,2,4143.61013048
20224,1129000742,3,2,1,0,0,0,1,2,0,0,0,0,0,2,0,0,0,0,1,0,0,1431.23791778
20224,1129000743,61,42,19,0,1,11,14,23,12,0,0,7,8,16,11,0,1,4,6,7,1,7113.146768
20224,1129000744,757,537,220,0,2,7,21,54,673,0,2,6,9,25,495,0,0,1,12,29,178,904.36961389
20224,1129000745,15,13,2,0,1,3,4,6,1,0,0,2,4,6,1,0,1,1,0,0,0,3710.29729485
20224,1129000746,2,2,0,0,0,1,1,0,0,0,0,1,1,0,0,0,0,0,0,0,0,2143.21195944
20224,1129000748,10,7,3,0,1,1,6,0,2,0,0,1,5,0,1,0,1,0,1,0,1,1118.38182539
20224,1129000749,8,7,1,0,0,3,5,0,0,0,0,3,4,0,0,0,0,0,1,0,0,948.530638041
20224,1129000756,58,36,22,0,19,13,19,7,0,0,9,6,17,4,0,0,10,7,2,3,0,4848.63238981
20224,1129000758,87,21,66,0,12,11,27,27,10,0,3,3,8,2,5,0,9,8,19,25,5,4746.70127887
20224,1129000759,8,6,2,0,0,3,2,1,2,0,0,1,2,1,2,0,0,2,0,0,0,4198.54580256
20224,1129000763,40,22,18,0,2,7,17,8,6,0,1,6,10,3,2,0,1,1,7,5,4,4077.80120428
20224,1129000767,1,0,1,0,0,1,0,0,0,0,0,0,0,0,0,0,0,1,0,0,0,3633.36732999
20224,1129000770,9,6,3,0,0,0,6,2,1,0,0,0,3,2,1,0,0,0,3,0,0,4494.64404784
20224,1129000773,2,0,2,0,0,0,2,0,0,0,0,0,0,0,0,0,0,0,2,0,0,3472.2940408
20224,1129000774,7,3,4,0,1,2,4,0,0,0,0,0,3,0,0,0,1,2,1,0,0,4345.99394664
20224,1129000775,9,2,7,0,1,4,2,2,0,0,0,1,0,1,0,0,1,3,2,1,0,3136.78108163
20224,1129000776,14,11,3,0,1,5,4,4,0,0,0,4,4,3,0,0,1,1,0,1,0,3585.98635768
20224,1129000780,1,1,0,0,0,0,0,1,0,0,0,0,0,1,0,0,0,0,0,0,0,9422.77781434
20224,1129000781,28,19,9,0,6,4,10,6,2,0,2,3,7,5,2,0,4,1,3,1,0,2547.94772849
20224,1129000782,24,8,16,3,3,4,11,2,1,0,0,2,5,0,1,3,3,2,6,2,0,5348.99714237
20224,1129000784,15,5,10,0,1,7,4,2,1,0,0,1,2,1,1,0,1,6,2,1,0,5119.40646325
20224,1129000787,10,4,6,0,5,2,1,1,1,0,1,2,0,0,1,0,4,0,1,1,0,3394.73541103
20224,1129000794,24,19,5,0,0,0,7,6,11,0,0,0,5,5,9,0,0,0,2,1,2,4926.52656172
20224,1129000796,12,8,4,0,0,0,2,4,6,0,0,0,1,3,4,0,0,0,1,1,2,4710.51065289
20224,1129000798,13,11,2,0,0,1,3,7,2,0,0,1,2,6,2,0,0,0,1,1,0,4172.81334224
20224,1129000800,23,20,3,0,5,2,5,6,5,0,5,2,3,6,4,0,0,0,2,0,1,9189.49733779
20224,1129000801,9,2,7,0,0,0,2,4,3,0,0,0,0,0,2,0,0,0,2,4,1,3116.91508343
20224,1129000802,2843,2591,252,0,311,1334,571,583,44,0,227,1193,545,582,44,0,84,141,26,1,0,1396.42794887
20224,1129000805,10,10,0,0,0,1,5,1,3,0,0,1,5,1,3,0,0,0,0,0,0,2544.69833752
20224,1129000806,7,7,0,0,1,1,2,3,0,0,1,1,2,3,0,0,0,0,0,0,0,4868.1024665
20224,1129000810,3,1,2,0,0,2,0,1,0,0,0,1,0,0,0,0,0,1,0,1,0,2902.12756064
20224,1129000811,106,87,19,2,12,20,28,21,23,1,6,18,24,19,19,1,6,2,4,2,4,4712.19466275
20224,1129000812,716,470,246,0,18,67,86,152,393,0,16,61,81,83,229,0,2,6,5,69,164,2416.06728545
20224,1129000814,1,0,1,0,0,0,0,0,1,0,0,0,0,0,0,0,0,0,0,0,1,3535.76576188
20224,1129000815,21,4,17,0,7,4,4,5,1,0,0,0,1,2,1,0,7,4,3,3,0,2705.47322857
20224,1129000818,22,12,10,0,2,4,5,8,3,0,2,3,3,2,2,0,0,1,2,6,1,5225.811889
20224,1129000819,99,23,76,0,17,14,21,39,8,0,1,7,10,3,2,0,16,7,11,36,6,5554.98911301
20224,1129000823,42,25,17,0,7,6,8,9,12,0,2,4,3,7,9,0,5,2,5,2,3,5420.59526373
20224,1129000826,45,35,10,1,8,8,10,15,3,1,5,7,6,13,3,0,3,1,4,2,0,4070.9246453
20224,1129000827,2,1,1,0,0,0,0,2,0,0,0,0,0,1,0,0,0,0,0,1,0,8345.35970478
20224,1129000829,8,3,5,0,1,2,2,2,1,0,0,2,1,0,0,0,1,0,1,2,1,838.622725244
20224,1129000831,2,1,1,0,0,0,0,2,0,0,0,0,0,1,0,0,0,0,0,1,0,4537.91626988
20224,1129000832,9,2,7,0,0,0,4,3,2,0,0,0,0,1,1,0,0,0,4,2,1,2183.68107382
20224,1129000833,3,2,1,0,0,0,0,0,3,0,0,0,0,0,2,0,0,0,0,0,1,879.295476845
20224,1129000837,3,3,0,0,0,1,1,1,0,0,0,1,1,1,0,0,0,0,0,0,0,6468.44824669
20224,1129000840,1,0,1,0,0,0,1,0,0,0,0,0,0,0,0,0,0,0,1,0,0,3295.81688917
20224,1129000841,13,6,7,0,1,5,4,1,2,0,1,2,1,1,1,0,0,3,3,0,1,5206.56465917
20224,1129000842,27,8,19,0,6,7,7,4,3,0,1,2,2,1,2,0,5,5,5,3,1,41579.382174
20224,1129000848,4,4,0,0,0,0,2,2,0,0,0,0,2,2,0,0,0,0,0,0,0,3721.90256055
20224,1129000852,1324,924,400,0,185,375,407,339,18,0,68,233,313,295,15,0,117,142,94,44,3,2298.98810316
20224,1129000856,17,7,10,0,0,2,7,4,4,0,0,0,2,2,3,0,0,2,5,2,1,7003.62599755
20224,1129000858,6,2,4,0,1,0,1,0,4,0,0,0,0,0,2,0,1,0,1,0,2,6460.11439249
20224,1129000860,4,3,1,0,0,2,2,0,0,0,0,1,2,0,0,0,0,1,0,0,0,11302.0638409
20224,1129000865,11,2,9,0,0,1,6,4,0,0,0,0,2,0,0,0,0,1,4,4,0,5324.17018796
20224,1129000866,63,47,16,0,7,24,17,11,4,0,2,16,16,9,4,0,5,8,1,2,0,5136.25425065
20224,1129000867,23,6,17,0,4,3,8,7,1,0,1,0,1,4,0,0,3,3,7,3,1,5045.4005423
20224,1129000868,24,19,5,0,4,13,5,1,1,0,3,11,3,1,1,0,1,2,2,0,0,9852.24429658
20224,1129000874,2,2,0,0,0,0,1,1,0,0,0,0,1,1,0,0,0,0,0,0,0,1406.93640558
20224,1129000885,2,2,0,0,0,1,0,1,0,0,0,1,0,1,0,0,0,0,0,0,0,5231.8062761
20224,1129000893,241,226,15,0,10,91,87,39,14,0,9,87,84,33,13,0,1,4,3,6,1,2119.1117736
20224,1129000903,6,5,1,0,1,1,4,0,0,0,1,0,4,0,0,0,0,1,0,0,0,1007.05343671
20224,1129000907,3,2,1,0,0,0,2,1,0,0,0,0,1,1,0,0,0,0,1,0,0,48087.2623084
20224,1129000909,2,1,1,0,0,0,0,2,0,0,0,0,0,1,0,0,0,0,0,1,0,5166.2689427
20224,1129000918,16,0,16,0,5,2,5,4,0,0,0,0,0,0,0,0,5,2,5,4,0,14185.5072107
20224,1129000922,24,19,5,0,2,5,9,3,5,0,2,5,6,2,4,0,0,0,3,1,1,1524.11613458
20224,1129000928,185,109,76,0,23,27,34,38,63,0,7,15,22,23,42,0,16,12,12,15,21,1558.34090415
20224,1129000931,51,8,43,0,0,1,3,15,32,0,0,1,1,4,2,0,0,0,2,11,30,5185.99555115
20224,1129000932,4,3,1,0,0,1,1,2,0,0,0,1,1,1,0,0,0,0,0,1,0,2642.08715849
20224,1129000933,3,1,2,0,1,2,0,0,0,0,0,1,0,0,0,0,1,1,0,0,0,4002.61665704
20224,1129000936,2,1,1,0,0,0,0,2,0,0,0,0,0,1,0,0,0,0,0,1,0,1776.85046849
20224,1129000937,2,2,0,0,0,0,2,0,0,0,0,0,2,0,0,0,0,0,0,0,0,4500.351309
20224,1129000938,7,3,4,0,1,0,2,2,2,0,0,0,1,1,1,0,1,0,1,1,1,2365.00968403
20224,1129000943,3,0,3,0,0,0,0,2,1,0,0,0,0,0,0,0,0,0,0,2,1,11980.392721
20224,1129000945,2,1,1,0,0,0,1,1,0,0,0,0,1,0,0,0,0,0,0,1,0,1689.85260309
20224,1129000947,3,3,0,0,0,0,3,0,0,0,0,0,3,0,0,0,0,0,0,0,0,2011.29263515
20224,1129000948,11,3,8,0,1,0,0,7,3,0,0,0,0,3,0,0,1,0,0,4,3,4031.43145234
20224,1129000949,3,1,2,0,1,2,0,0,0,0,0,1,0,0,0,0,1,1,0,0,0,1465.83435404
20224,1129000950,2,1,1,0,0,0,2,0,0,0,0,0,1,0,0,0,0,0,1,0,0,4461.30782734
20224,1129000951,6,4,2,0,3,0,0,2,1,0,1,0,0,2,1,0,2,0,0,0,0,3920.70547856
20224,1129000953,3,1,2,0,0,0,2,1,0,0,0,0,1,0,0,0,0,0,1,1,0,2073.78218536
20224,1129000955,2,1,1,0,0,1,1,0,0,0,0,0,1,0,0,0,0,1,0,0,0,8279.33715161
20224,1129000961,8,0,8,0,0,1,5,2,0,0,0,0,0,0,0,0,0,1,5,2,0,1027.71170842
20224,1129000963,1,0,1,0,0,0,0,1,0,0,0,0,0,0,0,0,0,0,0,1,0,2936.63904732
20224,1129000966,5,3,2,0,1,1,2,1,0,0,0,1,1,1,0,0,1,0,1,0,0,3996.60147507
20224,1129000967,23,10,13,0,1,2,10,8,2,0,0,0,6,4,0,0,1,2,4,4,2,5835.11929548
20224,1129000968,21,16,5,0,3,5,1,6,6,0,3,4,1,5,3,0,0,1,0,1,3,5025.1413773
20224,1129000969,38,16,22,0,6,14,11,6,1,0,1,7,4,3,1,0,5,7,7,3,0,4441.18787613
20224,1129000975,23,4,19,0,5,4,7,6,1,0,0,2,0,1,1,0,5,2,7,5,0,2796.2155936
20224,1129000977,4,3,1,0,0,1,2,1,0,0,0,1,1,1,0,0,0,0,1,0,0,4341.64748414
20224,1129000978,5,2,3,0,0,0,1,4,0,0,0,0,0,2,0,0,0,0,1,2,0,1726.0931747
20224,1129000980,76,60,16,1,6,15,21,16,17,0,5,9,19,14,13,1,1,6,2,2,4,5095.56778035
20224,1129000981,1,1,0,0,0,0,0,1,0,0,0,0,0,1,0,0,0,0,0,0,0,1652.94656966
20224,1129000985,4,3,1,0,0,0,0,2,2,0,0,0,0,1,2,0,0,0,0,1,0,3395.58049285
20224,1129000986,4,1,3,0,0,2,1,0,1,0,0,0,0,0,1,0,0,2,1,0,0,4952.45455533
20224,1129000989,4,3,1,0,1,0,1,0,2,0,0,0,1,0,2,0,1,0,0,0,0,3070.24257225
20224,1129000991,3,2,1,0,0,0,0,1,2,0,0,0,0,1,1,0,0,0,0,0,1,2224.03921715
20224,1129000992,3,1,2,0,0,1,1,0,1,0,0,0,0,0,1,0,0,1,1,0,0,2179.81448763
20224,1129000993,77,10,67,0,12,23,28,12,2,0,3,2,4,1,0,0,9,21,24,11,2,23159.967845
20224,1129000994,70,32,38,0,12,11,14,29,4,0,12,6,7,4,3,0,0,5,7,25,1,6404.97706942
20224,1129000996,13,11,2,0,1,2,5,5,0,0,1,0,5,5,0,0,0,2,0,0,0,4348.20984225
20224,1129001000,20,5,15,0,3,1,10,4,2,0,1,0,1,2,1,0,2,1,9,2,1,2206.90975883
20224,1129001001,24,18,6,0,3,9,4,6,2,0,1,6,4,5,2,0,2,3,0,1,0,2175.0936737
20224,1129001004,3,2,1,0,0,0,0,3,0,0,0,0,0,2,0,0,0,0,0,1,0,841.776469571
20224,1129001005,6,4,2,0,0,0,0,2,4,0,0,0,0,2,2,0,0,0,0,0,2,5383.81920806
20224,1129001013,1,0,1,0,0,0,1,0,0,0,0,0,0,0,0,0,0,0,1,0,0,1362.66134975
20224,1129001014,2,0,2,0,1,0,1,0,0,0,0,0,0,0,0,0,1,0,1,0,0,2521.91071702
20224,1129001017,4,1,3,1,1,0,0,2,0,0,0,0,0,1,0,1,1,0,0,1,0,547.046863162
20224,1129001018,1,1,0,0,0,0,1,0,0,0,0,0,1,0,0,0,0,0,0,0,0,6064.97069654
20224,1129001023,3,2,1,0,0,2,0,0,1,0,0,1,0,0,1,0,0,1,0,0,0,3199.33517688
20224,1129001025,5,2,3,0,0,2,2,1,0,0,0,1,1,0,0,0,0,1,1,1,0,3103.11723382
20224,1129001028,12,11,1,0,2,3,2,5,0,0,2,3,2,4,0,0,0,0,0,1,0,9120.23713948
20224,1129001030,2,2,0,0,1,0,0,1,0,0,1,0,0,1,0,0,0,0,0,0,0,1108.05236748
20224,1129001032,3,2,1,0,0,1,1,1,0,0,0,0,1,1,0,0,0,1,0,0,0,4876.98694464
20224,1129001037,25,10,15,0,0,8,8,5,4,0,0,1,2,3,4,0,0,7,6,2,0,3751.77947069
20224,1129001038,13,11,2,0,2,2,2,5,2,0,2,1,2,4,2,0,0,1,0,1,0,3626.80682001
20224,1129001042,5,4,1,0,0,0,2,2,1,0,0,0,1,2,1,0,0,0,1,0,0,1140.02472102
20224,1129001043,82,49,33,0,13,18,23,13,15,0,5,11,13,6,14,0,8,7,10,7,1,5254.32926294
20224,1129001044,6,5,1,0,0,0,1,0,5,0,0,0,0,0,5,0,0,0,1,0,0,4353.42759836
20224,1129001045,2,0,2,0,0,2,0,0,0,0,0,0,0,0,0,0,0,2,0,0,0,1745.5788188
20224,1129001046,10,2,8,0,2,1,6,0,1,0,0,0,1,0,1,0,2,1,5,0,0,5524.71091009
20224,1129001047,10,6,4,0,0,1,1,5,3,0,0,0,1,3,2,0,0,1,0,2,1,1830.36775806
20224,1129001051,7,5,2,0,5,0,2,0,0,0,4,0,1,0,0,0,1,0,1,0,0,5735.56898147
20224,1129001052,8,3,5,0,1,3,2,1,1,0,0,1,1,0,1,0,1,2,1,1,0,2746.02079493
20224,1129001054,6,4,2,0,0,3,3,0,0,0,0,2,2,0,0,0,0,1,1,0,0,1503.74960553
20224,1129001055,101,58,43,0,6,18,20,23,34,0,4,17,11,12,14,0,2,1,9,11,20,6147.10025989
20224,1129001056,4,3,1,0,0,2,1,0,1,0,0,1,1,0,1,0,0,1,0,0,0,1075.18881478
20224,1129001057,7,2,5,0,0,2,1,2,2,0,0,0,1,0,1,0,0,2,0,2,1,6251.77217275
20224,1129001058,21,15,6,0,0,3,4,7,7,0,0,2,2,6,5,0,0,1,2,1,2,2296.71578448
20224,1129001059,83,35,48,0,11,16,22,21,13,0,3,5,12,6,9,0,8,11,10,15,4,4413.11239033
20224,1129001060,9,3,6,0,0,1,2,3,3,0,0,1,0,1,1,0,0,0,2,2,2,3498.04703902
20224,1129001061,11,4,7,0,1,4,2,1,3,0,0,0,2,1,1,0,1,4,0,0,2,7049.04775842
20224,1129001063,11,9,2,0,0,1,1,3,6,0,0,1,1,1,6,0,0,0,0,2,0,1505.11098439
20224,1129001066,3,1,2,0,1,1,0,0,1,0,0,0,0,0,1,0,1,1,0,0,0,4832.92958376
20224,1129001067,3,2,1,0,0,0,0,1,2,0,0,0,0,1,1,0,0,0,0,0,1,1016.29541208
20224,1129001068,107,32,75,0,20,23,17,28,19,0,5,12,5,5,5,0,15,11,12,23,14,5273.02720483
20224,1129001069,30,7,23,0,3,6,9,10,2,0,0,1,3,3,0,0,3,5,6,7,2,7790.76766504
20224,1129001070,43,22,21,0,7,8,10,9,9,0,0,2,9,4,7,0,7,6,1,5,2,7140.29290074
20224,1129001071,13,9,4,0,2,4,3,2,2,0,1,3,3,1,1,0,1,1,0,1,1,4726.6933964
20224,1129001074,73,26,47,0,4,6,9,26,28,0,4,4,4,11,3,0,0,2,5,15,25,5494.36833374
20224,1129001078,38,8,30,0,4,14,12,8,0,0,0,2,3,3,0,0,4,12,9,5,0,5059.85190985
20224,1129001079,5,5,0,0,0,1,1,0,3,0,0,1,1,0,3,0,0,0,0,0,0,4938.48442309
20224,1129001081,21,11,10,0,1,1,11,5,3,0,0,0,7,2,2,0,1,1,4,3,1,5816.87580394
20224,1129001084,3,2,1,0,0,0,1,1,1,0,0,0,1,1,0,0,0,0,0,0,1,1218.13032825
20224,1129001086,4,3,1,0,1,0,0,3,0,0,1,0,0,2,0,0,0,0,0,1,0,1258.83208564
20224,1129001087,1888,974,914,2,173,552,489,562,110,2,59,199,237,388,89,0,114,353,252,174,21,4652.20452983
20224,1129001089,36,11,25,1,9,3,9,12,2,1,2,1,3,2,2,0,7,2,6,10,0,6911.31536168
20224,1129001090,41,25,16,0,0,5,7,14,15,0,0,3,4,10,8,0,0,2,3,4,7,8753.21672797
20224,1129001091,72,38,34,0,14,13,24,13,8,0,8,9,8,8,5,0,6,4,16,5,3,4886.54686968
20224,1129001093,11,7,4,0,1,4,2,2,2,0,0,2,2,1,2,0,1,2,0,1,0,2522.29532956
20224,1129001094,23,11,12,0,2,4,9,3,5,0,0,1,6,2,2,0,2,3,3,1,3,4647.07777335
20224,1129001096,10,5,5,0,1,1,1,3,4,0,0,1,0,2,2,0,1,0,1,1,2,4122.46900647
20224,1129001097,3,2,1,0,0,0,1,0,2,0,0,0,1,0,1,0,0,0,0,0,1,2761.41092864
20224,1129001098,569,476,93,0,50,99,195,215,10,0,28,69,161,211,7,0,22,30,34,4,3,8358.05920776
20224,1129001101,7,3,4,0,1,1,4,0,1,0,1,0,1,0,1,0,0,1,3,0,0,4987.15848152
20224,1129001103,7,6,1,0,0,1,4,0,2,0,0,1,3,0,2,0,0,0,1,0,0,489.322619795
20224,1129001104,74,3,71,0,2,4,4,23,41,0,0,0,0,1,2,0,2,4,4,22,39,4061.42766531
20224,1129001105,13,5,8,0,1,5,2,5,0,0,0,2,1,2,0,0,1,3,1,3,0,4728.46195577
20224,1129001108,63,11,52,1,5,15,13,19,10,0,1,1,1,5,3,1,4,14,12,14,7,4633.23802407
20224,1129001111,1440,504,936,0,168,388,622,235,27,0,45,127,183,129,20,0,123,261,439,106,7,3581.21371223
20224,1129001115,10,5,5,0,2,2,5,1,0,0,0,1,3,1,0,0,2,1,2,0,0,1857.22107275
20224,1129001117,42,28,14,0,15,15,8,3,1,0,9,8,7,3,1,0,6,7,1,0,0,5669.0010691
20224,1129001120,4,2,2,0,0,0,1,1,2,0,0,0,0,1,1,0,0,0,1,0,1,4580.96899217
20224,1129001122,97,36,61,1,32,5,12,19,28,1,11,3,6,3,12,0,21,2,6,16,16,7421.26712276
20224,1129001123,2,1,1,0,0,0,0,0,2,0,0,0,0,0,1,0,0,0,0,0,1,1696.64153036
20224,1129001129,19,6,13,0,3,3,5,5,3,0,0,2,1,3,0,0,3,1,4,2,3,3607.41567548
20224,1129001130,6,0,6,0,0,0,1,1,4,0,0,0,0,0,0,0,0,0,1,1,4,2583.55293079
20224,1129001131,23,5,18,0,2,8,6,4,3,0,0,0,2,1,2,0,2,8,4,3,1,4133.48659791
20224,1129001133,95,66,29,0,8,14,24,15,34,0,4,10,20,7,25,0,4,4,4,8,9,3183.55152703
20224,1129001135,2,1,1,0,0,0,0,2,0,0,0,0,0,1,0,0,0,0,0,1,0,2058.40180891
20224,1129001136,10,8,2,0,1,4,3,2,0,0,0,4,2,2,0,0,1,0,1,0,0,3266.05569003
20224,1129001138,4,2,2,0,1,0,1,2,0,0,0,0,1,1,0,0,1,0,0,1,0,585.791870285
20224,1129001139,2,0,2,0,0,0,1,0,1,0,0,0,0,0,0,0,0,0,1,0,1,1302.75915144
20224,1129001140,28,5,23,0,6,8,7,7,0,0,0,0,2,3,0,0,6,8,5,4,0,3436.02822603
20224,1129001141,42,10,32,1,11,9,12,3,6,0,0,0,4,1,5,1,11,9,8,2,1,3221.74481827
20224,1129001142,66,57,9,0,5,9,27,20,5,0,4,8,22,18,5,0,1,1,5,2,0,5276.16119067
20224,1129001148,9,0,9,0,0,1,6,1,1,0,0,0,0,0,0,0,0,1,6,1,1,2789.06820654
20224,1129001160,26,23,3,0,2,0,6,10,8,0,1,0,6,8,8,0,1,0,0,2,0,2685.46833113
20224,1129001162,10,0,10,0,5,1,3,1,0,0,0,0,0,0,0,0,5,1,3,1,0,1353.70511579
20224,1129001177,2,1,1,0,0,0,1,1,0,0,0,0,0,1,0,0,0,0,1,0,0,2909.55795781
20224,1129001189,7,0,7,0,0,1,3,3,0,0,0,0,0,0,0,0,0,1,3,3,0,1309.27820178
20224,1129001193,5,5,0,0,0,0,0,0,5,0,0,0,0,0,5,0,0,0,0,0,0,1998.83080038
20224,1129001197,2,1,1,0,1,0,0,1,0,0,1,0,0,0,0,0,0,0,0,1,0,99605.7962169
20224,1129001209,3,1,2,0,1,1,1,0,0,0,0,1,0,0,0,0,1,0,1,0,0,1209.571331
20224,1129001212,63,40,23,0,4,6,14,14,25,0,3,3,8,9,17,0,1,3,6,5,8,3228.87013375
20224,1129001213,11,11,0,0,0,0,5,3,3,0,0,0,5,3,3,0,0,0,0,0,0,11869.6987014
20224,1129001216,2,2,0,0,0,0,1,0,1,0,0,0,1,0,1,0,0,0,0,0,0,1419.54481761
20224,1129001222,5,1,4,0,0,2,2,0,1,0,0,0,0,0,1,0,0,2,2,0,0,1470.5223192
20224,1129001224,12,9,3,0,1,1,3,4,3,0,0,1,2,3,3,0,1,0,1,1,0,4565.34861939
20224,1129001225,281,216,65,3,41,118,74,36,9,0,15,96,63,33,9,3,26,22,11,3,0,10829.4942014
20224,1129001229,23,12,11,0,1,5,7,7,3,0,1,2,3,4,2,0,0,3,4,3,1,5993.1940868
20224,1129001230,2,1,1,0,0,0,0,1,1,0,0,0,0,0,1,0,0,0,0,1,0,2293.41197725
20224,1129001231,3,2,1,0,0,1,2,0,0,0,0,0,2,0,0,0,0,1,0,0,0,936.311347998
20224,1129001233,2,1,1,0,0,0,1,0,1,0,0,0,0,0,1,0,0,0,1,0,0,1892.3058786
20224,1129001234,8,3,5,0,0,3,0,5,0,0,0,2,0,1,0,0,0,1,0,4,0,1664.17872038
20224,1129001236,3,1,2,0,0,0,3,0,0,0,0,0,1,0,0,0,0,0,2,0,0,2740.33162369
20224,1129001237,9,6,3,0,0,1,2,2,4,0,0,0,2,2,2,0,0,1,0,0,2,4341.85360475
20224,1129001244,2,0,2,0,0,0,1,0,1,0,0,0,0,0,0,0,0,0,1,0,1,1992.77634823
20224,1129001248,2,2,0,0,0,0,1,1,0,0,0,0,1,1,0,0,0,0,0,0,0,1114.64235579
20224,1129001249,15,13,2,0,1,2,4,3,5,0,1,2,3,3,4,0,0,0,1,0,1,2931.45226285
20224,1129001251,3,2,1,0,0,0,1,2,0,0,0,0,1,1,0,0,0,0,0,1,0,923.601009438
20224,1129001252,3,2,1,0,0,2,1,0,0,0,0,1,1,0,0,0,0,1,0,0,0,2599.71738132
20224,1129001254,6,5,1,0,1,1,3,0,1,0,1,1,2,0,1,0,0,0,1,0,0,5550.75628274
20224,1129001258,18,12,6,0,3,4,3,7,1,0,2,2,2,5,1,0,1,2,1,2,0,3363.37529125
20224,1129001282,1,0,1,0,0,0,1,0,0,0,0,0,0,0,0,0,0,0,1,0,0,754.959099717
20224,1129001285,51,41,10,0,4,7,10,15,15,0,3,4,7,13,14,0,1,3,3,2,1,658.550706345
20224,1129001289,5,1,4,0,1,0,1,2,1,0,0,0,0,1,0,0,1,0,1,1,1,3968.07642543
20224,1129001291,69,19,50,0,14,15,22,14,4,0,5,5,4,3,2,0,9,10,18,11,2,17632.6150367
20224,1129001292,20,15,5,0,0,4,1,3,12,0,0,1,1,2,11,0,0,3,0,1,1,4902.26588196
20224,1129001300,6,5,1,0,2,1,1,1,1,0,1,1,1,1,1,0,1,0,0,0,0,1001.19178283
20224,1129001301,13,10,3,0,0,5,2,6,0,0,0,4,1,5,0,0,0,1,1,1,0,1508.07996165
20224,1129001311,16,15,1,0,0,5,5,5,1,0,0,4,5,5,1,0,0,1,0,0,0,1419.37916464
20224,1129001315,13,8,5,0,1,4,2,5,1,0,0,3,1,3,1,0,1,1,1,2,0,7326.73988324
20224,1129001318,15,13,2,0,0,0,6,5,4,0,0,0,4,5,4,0,0,0,2,0,0,5437.55591509
20224,1129001320,4,1,3,0,0,2,0,1,1,0,0,1,0,0,0,0,0,1,0,1,1,1903.80143801
20224,1129001323,3,2,1,0,0,0,0,1,2,0,0,0,0,1,1,0,0,0,0,0,1,2120.45093986
20224,1129001326,2,1,1,0,1,0,0,1,0,0,1,0,0,0,0,0,0,0,0,1,0,918.664044957
20224,1129001327,22,19,3,0,0,8,6,7,1,0,0,7,5,6,1,0,0,1,1,1,0,4622.36804481
20224,1129001330,2,0,2,0,0,0,0,1,1,0,0,0,0,0,0,0,0,0,0,1,1,1084.26803368
20224,1129001334,4,4,0,0,0,4,0,0,0,0,0,4,0,0,0,0,0,0,0,0,0,5649.95803163
20224,1129001336,5,4,1,0,1,2,0,2,0,0,1,2,0,1,0,0,0,0,0,1,0,2715.72165908
20224,1129001346,4,2,2,0,0,0,2,1,1,0,0,0,1,1,0,0,0,0,1,0,1,2308.39439091
20224,1129001348,8,1,7,0,1,1,1,4,1,0,0,0,0,0,1,0,1,1,1,4,0,4790.86921001
20224,1129001350,95,50,45,0,14,19,24,17,21,0,1,9,13,10,17,0,13,10,11,7,4,3080.69931178
20224,1129001354,38,9,29,0,12,14,5,7,0,0,2,2,2,3,0,0,10,12,3,4,0,2816.14414283
20224,1129001360,92,77,15,0,22,21,14,30,5,0,22,17,8,25,5,0,0,4,6,5,0,2836.0672573
20224,1129001363,4,2,2,0,0,1,0,1,2,0,0,0,0,1,1,0,0,1,0,0,1,3231.17273356
20224,1129001364,18,17,1,0,1,3,4,6,4,0,1,3,4,5,4,0,0,0,0,1,0,2347.55049009
20224,1129001369,2,2,0,0,0,1,1,0,0,0,0,1,1,0,0,0,0,0,0,0,0,1727.63892008
20224,1129001371,5,1,4,0,2,0,0,2,1,0,0,0,0,1,0,0,2,0,0,1,1,3301.08702655
20224,1129001376,10,8,2,0,0,2,3,1,4,0,0,2,3,1,2,0,0,0,0,0,2,4852.52882864
20224,1129001379,6,4,2,0,1,0,1,4,0,0,1,0,0,3,0,0,0,0,1,1,0,2566.67596289
20224,1129001380,8,4,4,0,0,1,2,1,4,0,0,1,1,1,1,0,0,0,1,0,3,3835.571848
20224,1129001382,3,2,1,0,0,1,0,2,0,0,0,1,0,1,0,0,0,0,0,1,0,1341.3151994
20224,1129001384,11,7,4,0,0,5,2,3,1,0,0,3,2,1,1,0,0,2,0,2,0,2434.41465641
20224,1129001389,3,3,0,0,0,0,1,1,1,0,0,0,1,1,1,0,0,0,0,0,0,1455.30132018
20224,1129001391,3,2,1,0,0,0,1,2,0,0,0,0,1,1,0,0,0,0,0,1,0,4600.61349277
20224,1129001397,2,1,1,0,0,0,0,1,1,0,0,0,0,1,0,0,0,0,0,0,1,868.923957791
20224,1129001400,8,5,3,0,1,1,0,4,2,0,0,0,0,3,2,0,1,1,0,1,0,2443.09056824
20224,1129001402,8,6,2,0,0,2,2,3,1,0,0,1,2,2,1,0,0,1,0,1,0,1363.18684457
20224,1129001405,7,4,3,0,0,0,1,2,4,0,0,0,0,1,3,0,0,0,1,1,1,3773.12069376
20224,1129001409,7,4,3,0,3,2,1,1,0,0,2,1,1,0,0,0,1,1,0,1,0,3687.19811542
20224,1129001411,1,0,1,0,0,0,1,0,0,0,0,0,0,0,0,0,0,0,1,0,0,893.065313794
20224,1129001415,3,2,1,0,0,0,2,1,0,0,0,0,2,0,0,0,0,0,0,1,0,2578.26555068
20224,1129001416,16,8,8,0,2,3,6,4,1,0,0,1,4,2,1,0,2,2,2,2,0,2382.94063562
20224,1129001422,82,34,48,0,10,19,16,19,18,0,0,4,6,8,16,0,10,15,10,11,2,10522.4008775
20224,1129001424,71,57,14,0,4,10,20,34,3,0,3,5,14,32,3,0,1,5,6,2,0,5099.14970665
20224,1129001427,9,4,5,0,0,0,1,6,2,0,0,0,0,3,1,0,0,0,1,3,1,2764.31163355
20224,1129001428,58,25,33,0,6,15,15,17,5,0,3,4,5,9,4,0,3,11,10,8,1,24849.9049279
20224,1129001430,40,39,1,0,2,3,4,23,8,0,2,3,3,23,8,0,0,0,1,0,0,1719.2810491
20224,1129001433,1,0,1,0,0,1,0,0,0,0,0,0,0,0,0,0,0,1,0,0,0,4161.82129936
20224,1129001434,8,8,0,0,0,2,2,1,3,0,0,2,2,1,3,0,0,0,0,0,0,3140.00692645
20224,1129001436,3,3,0,0,0,0,1,0,2,0,0,0,1,0,2,0,0,0,0,0,0,1922.30098389
20224,1129001437,4,2,2,0,1,1,0,2,0,0,0,1,0,1,0,0,1,0,0,1,0,1054.98095312
20224,1129001440,37,8,29,0,2,7,11,12,5,0,2,1,1,0,4,0,0,6,10,12,1,12902.9829544
20224,1129001441,3,1,2,0,2,0,0,1,0,0,1,0,0,0,0,0,1,0,0,1,0,2441.66146192
20224,1129001442,10,10,0,0,0,3,5,2,0,0,0,3,5,2,0,0,0,0,0,0,0,2677.91136473
20224,1129001444,9,3,6,0,3,1,1,4,0,0,1,0,1,1,0,0,2,1,0,3,0,8911.19997696
20224,1129001445,1,0,1,0,0,0,0,1,0,0,0,0,0,0,0,0,0,0,0,1,0,2572.54803552
20224,1129001446,129,54,75,1,31,34,27,12,24,0,6,10,19,8,11,1,25,24,8,4,13,6222.99353583
20224,1129001449,10,8,2,0,4,1,1,3,1,0,3,1,1,2,1,0,1,0,0,1,0,1638.67995197
20224,1129001450,41,39,2,0,1,5,4,13,18,0,1,4,4,12,18,0,0,1,0,1,0,3137.43463678
20224,1129001451,3,2,1,0,0,0,1,1,1,0,0,0,1,1,0,0,0,0,0,0,1,1471.26951474
20224,1129001454,44,39,5,0,0,2,7,12,23,0,0,2,4,11,22,0,0,0,3,1,1,3278.69548523
20224,1129001457,4,3,1,0,0,1,0,2,1,0,0,1,0,1,1,0,0,0,0,1,0,2809.34675755
20224,1129001465,6,5,1,0,0,0,3,2,1,0,0,0,2,2,1,0,0,0,1,0,0,4592.43662789
20224,1129001468,6,2,4,0,0,2,1,2,1,0,0,1,0,1,0,0,0,1,1,1,1,5275.84700193
20224,1129001471,9,4,5,0,0,3,1,0,5,0,0,0,0,0,4,0,0,3,1,0,1,3885.02788991
20224,1129001473,6,5,1,0,0,0,4,2,0,0,0,0,3,2,0,0,0,0,1,0,0,1611.55927305
20224,1129001476,12,10,2,0,2,1,4,3,2,0,2,1,4,1,2,0,0,0,0,2,0,3534.0133398
20224,1129001489,907,703,204,0,4,10,19,44,830,0,0,7,6,26,664,0,4,3,13,18,166,3463.59476813
20224,1129001491,3,1,2,0,0,0,3,0,0,0,0,0,1,0,0,0,0,0,2,0,0,3906.08988199
20224,1129001498,19,12,7,0,0,2,6,5,6,0,0,1,4,2,5,0,0,1,2,3,1,1347.21113131
20224,1129001499,4,4,0,0,3,1,0,0,0,0,3,1,0,0,0,0,0,0,0,0,0,1754.1850392
20224,1129001500,4,1,3,0,0,1,3,0,0,0,0,0,1,0,0,0,0,1,2,0,0,863.468436994
20224,1129001503,37,34,3,0,4,7,7,9,10,0,3,6,6,9,10,0,1,1,1,0,0,6648.95313586
20224,1129001508,23,11,12,0,1,0,9,9,4,0,1,0,4,3,3,0,0,0,5,6,1,2775.16339585
20224,1129001511,6,2,4,0,0,1,3,2,0,0,0,0,0,2,0,0,0,1,3,0,0,2425.55832245
20224,1129001512,3,3,0,0,0,0,3,0,0,0,0,0,3,0,0,0,0,0,0,0,0,2482.12818792
20224,1129001516,3,1,2,0,0,0,1,2,0,0,0,0,0,1,0,0,0,0,1,1,0,10269.6729421
20224,1129001517,8,2,6,0,4,1,3,0,0,0,1,0,1,0,0,0,3,1,2,0,0,2946.1416121
20224,1129001520,24,19,5,0,0,0,3,4,17,0,0,0,2,3,14,0,0,0,1,1,3,112264.001808
20224,1129001527,21,3,18,1,3,7,6,3,1,0,1,0,1,0,1,1,2,7,5,3,0,1815.25704643
20224,1129001529,836,443,393,10,107,148,194,210,167,8,67,96,91,95,86,2,40,52,103,115,81,3244.91565666
20224,1129001533,12,6,6,0,1,2,5,3,1,0,1,2,0,2,1,0,0,0,5,1,0,7005.07258843
20224,1129001541,4,2,2,0,0,0,3,1,0,0,0,0,1,1,0,0,0,0,2,0,0,5582.10152217
20224,1129001542,35,21,14,0,6,12,6,9,2,0,0,8,5,7,1,0,6,4,1,2,1,10809.4800919
20224,1129001543,9,5,4,0,2,4,2,0,1,0,2,2,1,0,0,0,0,2,1,0,1,4252.23772058
20224,1129001544,13,7,6,0,2,2,3,3,3,0,1,1,3,0,2,0,1,1,0,3,1,2769.46438583
20224,1129001546,41,13,28,4,14,5,9,8,1,0,3,3,3,4,0,4,11,2,6,4,1,3700.23516321
20224,1129001547,8,4,4,0,0,1,1,2,4,0,0,0,0,1,3,0,0,1,1,1,1,2283.89334788
20224,1129001549,3,2,1,0,0,0,0,1,2,0,0,0,0,0,2,0,0,0,0,1,0,3082.87086879
20224,1129001550,17,7,10,0,4,4,0,5,4,0,0,0,0,5,2,0,4,4,0,0,2,3963.01710403
20224,1129001551,3,2,1,0,0,0,2,1,0,0,0,0,1,1,0,0,0,0,1,0,0,1255.51300215
20224,1129001552,11,4,7,0,3,4,0,4,0,0,0,2,0,2,0,0,3,2,0,2,0,2288.87004357
20224,1129001553,3,0,3,0,0,1,1,0,1,0,0,0,0,0,0,0,0,1,1,0,1,1312.89575304
20224,1129001554,20,13,7,0,0,3,4,10,3,0,0,1,1,9,2,0,0,2,3,1,1,4500.72589937
20224,1129001556,2,1,1,0,0,0,1,0,1,0,0,0,0,0,1,0,0,0,1,0,0,2130.03979263
20224,1129001557,22,10,12,0,3,2,5,4,8,0,2,0,2,2,4,0,1,2,3,2,4,1823.5022601
20224,1129001558,4,2,2,0,0,0,4,0,0,0,0,0,2,0,0,0,0,0,2,0,0,4102.41936634
20224,1129001561,2,1,1,0,0,0,1,0,1,0,0,0,0,0,1,0,0,0,1,0,0,1632.12625983
20224,1129001564,2,1,1,0,0,0,1,0,1,0,0,0,0,0,1,0,0,0,1,0,0,13747.5201953
20224,1129001566,8,5,3,0,1,0,2,3,2,0,0,0,2,2,1,0,1,0,0,1,1,2783.57534131
20224,1129001567,3,0,3,0,1,0,0,2,0,0,0,0,0,0,0,0,1,0,0,2,0,10023.0335707
20224,1129001568,24,14,10,0,2,6,2,7,7,0,0,2,2,5,5,0,2,4,0,2,2,4343.0355389
20224,1129001569,26,13,13,0,3,5,8,5,5,0,1,2,4,2,4,0,2,3,4,3,1,14381.065832
20224,1129001570,13,10,3,0,0,3,2,5,3,0,0,3,1,3,3,0,0,0,1,2,0,1730.01425553
20224,1129001571,432,90,342,1,41,96,188,103,3,0,11,40,30,7,2,1,30,56,158,96,1,3964.85927945
20224,1129001572,362,112,250,0,18,131,177,24,12,0,6,34,48,12,12,0,12,97,129,12,0,8056.7275957
20224,1129001573,5,4,1,0,0,3,0,1,1,0,0,2,0,1,1,0,0,1,0,0,0,3278.67060907
20224,1129001574,14,9,5,0,2,3,6,2,1,0,1,2,3,2,1,0,1,1,3,0,0,5029.25642128
20224,1129001575,45,16,29,0,8,7,8,14,8,0,3,3,0,6,4,0,5,4,8,8,4,8008.16925497
20224,1129001576,20,13,7,0,2,6,6,5,1,0,2,3,5,3,0,0,0,3,1,2,1,2056.06663506
20224,1129001577,59,11,48,0,11,11,6,29,2,0,2,4,5,0,0,0,9,7,1,29,2,4200.93537208
20224,1129001578,122,88,34,0,3,13,50,42,14,0,0,11,38,31,8,0,3,2,12,11,6,5359.15774984
20224,1129001580,12,1,11,0,1,2,2,3,4,0,0,0,0,0,1,0,1,2,2,3,3,2692.58656665
20224,1129001581,16,6,10,0,1,3,4,4,4,0,0,0,2,1,3,0,1,3,2,3,1,5943.67095631
20224,1129001582,5,1,4,0,2,0,1,1,1,0,1,0,0,0,0,0,1,0,1,1,1,3755.61358973
20224,1129001583,188,60,128,0,40,88,41,12,7,0,9,26,16,4,5,0,31,62,25,8,2,2705.58063208
20224,1129001584,682,558,124,3,110,218,218,92,41,3,79,184,190,69,33,0,31,34,28,23,8,12585.539396
20224,1129001585,62,15,47,0,4,22,21,13,2,0,0,7,3,4,1,0,4,15,18,9,1,18159.6794215
20224,1129001586,236,75,161,0,33,30,40,49,84,0,11,13,13,11,27,0,22,17,27,38,57,6965.9160308
20224,1129001588,23,9,14,0,4,5,5,6,3,0,2,0,2,2,3,0,2,5,3,4,0,28616.6529241
20224,1129001589,9,5,4,0,1,1,3,4,0,0,0,1,1,3,0,0,1,0,2,1,0,2947.70634045
20224,1129001590,27,17,10,1,2,9,7,6,2,0,2,6,4,4,1,1,0,3,3,2,1,4798.23307808
20224,1129001591,21,10,11,0,5,3,6,4,3,0,1,2,3,2,2,0,4,1,3,2,1,2138.14774143
20224,1129001595,16,12,4,0,0,7,1,6,2,0,0,5,0,5,2,0,0,2,1,1,0,1784.00920877
20224,1129001602,6,5,1,0,0,0,1,3,2,0,0,0,1,2,2,0,0,0,0,1,0,2389.19628428
20224,1129001604,7,2,5,0,2,0,3,2,0,0,1,0,0,1,0,0,1,0,3,1,0,13313.163929
20224,1129001607,60,51,9,0,1,11,10,24,14,0,1,5,9,23,13,0,0,6,1,1,1,7635.27289405
20224,1129001610,53,30,23,0,4,21,12,4,12,0,1,13,5,4,7,0,3,8,7,0,5,23111.2737032
20224,1129001611,19,18,1,0,6,5,2,3,3,0,6,5,2,3,2,0,0,0,0,0,1,9148.49375224
20224,1129001612,2,2,0,0,0,0,1,1,0,0,0,0,1,1,0,0,0,0,0,0,0,3095.44501609
20224,1129001616,124,24,100,0,14,20,35,50,5,0,7,4,7,5,1,0,7,16,28,45,4,8470.10363357
20224,1129001617,42,23,19,0,6,9,18,1,8,0,1,3,12,0,7,0,5,6,6,1,1,14624.148448
20224,1129001618,24,18,6,0,6,5,8,4,1,0,4,3,6,4,1,0,2,2,2,0,0,6027.49492595
20224,1129001619,3,1,2,0,0,2,0,0,1,0,0,0,0,0,1,0,0,2,0,0,0,1286.20306618
20224,1129001620,4,3,1,0,0,0,1,3,0,0,0,0,1,2,0,0,0,0,0,1,0,3699.48213505
20224,1129001624,1,1,0,0,0,0,1,0,0,0,0,0,1,0,0,0,0,0,0,0,0,1939.28228487
20224,1129001628,9,6,3,0,1,1,2,2,3,0,0,1,2,1,2,0,1,0,0,1,1,2708.79202984
20224,1129001629,8,8,0,0,2,0,4,1,1,0,2,0,4,1,1,0,0,0,0,0,0,3474.47241604
20224,1129001631,2,1,1,0,0,0,0,1,1,0,0,0,0,1,0,0,0,0,0,0,1,2526.9182402
20224,1129001640,2,2,0,0,0,0,0,2,0,0,0,0,0,2,0,0,0,0,0,0,0,6906.31589345
20224,1129001644,62,42,20,0,1,11,18,24,8,0,0,5,13,18,6,0,1,6,5,6,2,17096.9992394
20224,1129001645,6,2,4,0,0,1,1,0,4,0,0,0,1,0,1,0,0,1,0,0,3,1706.17310916
20224,1129001646,15,10,5,0,1,2,3,4,5,0,1,1,3,2,3,0,0,1,0,2,2,7776.28594244
20224,1129001649,6,3,3,0,1,1,0,2,2,0,1,0,0,1,1,0,0,1,0,1,1,3571.2929428
20224,1129001652,59,54,5,0,4,7,31,16,1,0,4,5,28,16,1,0,0,2,3,0,0,11076.9615897
20224,1129001653,1,1,0,0,0,0,0,0,1,0,0,0,0,0,1,0,0,0,0,0,0,531.4830948
20224,1129001657,20,12,8,0,3,1,4,6,6,0,1,1,1,4,5,0,2,0,3,2,1,7318.72766697
20224,1129001659,117,110,7,0,23,26,40,21,7,0,19,24,39,21,7,0,4,2,1,0,0,4489.0919205
20224,1129001660,2,0,2,0,0,0,0,1,1,0,0,0,0,0,0,0,0,0,0,1,1,1786.09024829
20224,1129001661,3,2,1,0,1,1,0,1,0,0,0,1,0,1,0,0,1,0,0,0,0,4540.41539848
20224,1129001663,3,1,2,0,1,0,0,2,0,0,0,0,0,1,0,0,1,0,0,1,0,2767.61504058
20224,1129001666,35,4,31,0,7,11,10,7,0,0,0,1,2,1,0,0,7,10,8,6,0,13506.0754743
20224,1129001668,20,11,9,0,1,4,5,2,8,0,0,2,4,1,4,0,1,2,1,1,4,8051.24339719
20224,1129001669,3,2,1,0,1,0,0,1,1,0,1,0,0,0,1,0,0,0,0,1,0,4217.65010909
20224,1129001670,2,1,1,0,0,0,1,1,0,0,0,0,0,1,0,0,0,0,1,0,0,4432.79953572
20224,1129001673,107,36,71,0,5,23,47,26,6,0,1,5,15,11,4,0,4,18,32,15,2,42048.6372977
20224,1129001674,6,5,1,0,0,1,0,5,0,0,0,1,0,4,0,0,0,0,0,1,0,5319.85616062
20224,1129001675,8,4,4,0,1,5,1,1,0,0,0,4,0,0,0,0,1,1,1,1,0,4405.43144491
20224,1129001677,5,3,2,0,0,1,2,1,1,0,0,1,1,1,0,0,0,0,1,0,1,18777.2333451
20224,1129001678,253,207,46,5,27,75,82,40,24,1,11,70,74,34,17,4,16,5,8,6,7,31709.101242
20224,1129001680,275,110,165,0,46,115,62,31,21,0,12,37,35,12,14,0,34,78,27,19,7,31423.9957706
20224,1129001681,159,124,35,6,42,59,35,11,6,6,36,54,23,5,0,0,6,5,12,6,6,4056.36903134
20224,1129001683,56,29,27,0,4,9,16,19,8,0,2,2,6,13,6,0,2,7,10,6,2,57347.5502962
20224,1129001685,31,17,14,0,6,10,9,4,2,0,4,8,4,0,1,0,2,2,5,4,1,9737.43556297
20224,1129001686,292,231,61,0,42,76,122,35,17,0,24,64,106,28,9,0,18,12,16,7,8,11872.4971689
20224,1129001687,15,3,12,0,6,3,2,3,1,0,0,0,0,2,1,0,6,3,2,1,0,6060.75766147
20224,1129001691,34,26,8,0,4,6,12,5,7,0,2,4,9,5,6,0,2,2,3,0,1,3565.23037215
20224,1129001695,29,10,19,0,3,2,7,8,9,0,2,2,4,1,1,0,1,0,3,7,8,9635.54196006
20224,1129001696,8,5,3,0,0,0,3,4,1,0,0,0,2,2,1,0,0,0,1,2,0,21940.0663842
20224,1129001697,287,166,121,3,123,71,40,34,16,0,56,46,29,24,11,3,67,25,11,10,5,3701.5317609
20224,1129001698,113,56,57,0,14,35,33,25,6,0,4,14,13,20,5,0,10,21,20,5,1,36366.1105139
20224,1129001699,203,155,48,0,19,62,53,60,9,0,13,46,43,45,8,0,6,16,10,15,1,18370.718007
20224,1129001701,55,33,22,0,9,10,11,13,12,0,5,7,7,7,7,0,4,3,4,6,5,14579.7433132
20224,1129001706,10,4,6,0,2,1,1,2,4,0,0,0,0,1,3,0,2,1,1,1,1,8823.65887523
20224,1129001707,100,41,59,0,17,42,34,5,2,0,5,12,20,2,2,0,12,30,14,3,0,2298.36418357
20224,1129001710,7,3,4,0,1,0,4,0,2,0,0,0,1,0,2,0,1,0,3,0,0,9280.69115543
20224,1129001711,1,1,0,0,0,0,0,0,1,0,0,0,0,0,1,0,0,0,0,0,0,3813.48944324
20224,1129001712,389,264,125,3,93,154,89,33,17,0,50,111,61,26,16,3,43,43,28,7,1,50964.5354988
20224,1129001713,7,6,1,0,0,0,3,2,2,0,0,0,2,2,2,0,0,0,1,0,0,15040.4546882
20224,1129001714,2,1,1,0,0,0,1,1,0,0,0,0,1,0,0,0,0,0,0,1,0,61113.2339719
20224,1129001717,5,3,2,0,0,0,3,1,1,0,0,0,2,0,1,0,0,0,1,1,0,2859.45799565
20224,1129001718,20,20,0,0,1,2,4,10,3,0,1,2,4,10,3,0,0,0,0,0,0,5182.60388761
20224,1129001720,113,81,32,0,9,24,27,35,18,0,3,17,20,25,16,0,6,7,7,10,2,14588.5181186
20224,1129001721,2,2,0,0,0,1,0,0,1,0,0,1,0,0,1,0,0,0,0,0,0,35726.6010143
20224,1129001722,115,50,65,3,39,21,21,23,8,1,20,10,12,6,1,2,19,11,9,17,7,208944.212216
20224,1129001723,1007,400,607,4,392,409,176,22,4,1,168,178,43,6,4,3,224,231,133,16,0,17351.2547931
20224,1129001725,115,105,10,0,14,26,36,30,9,0,11,24,33,29,8,0,3,2,3,1,1,3211.27340679
20224,1129001727,60,37,23,0,16,23,16,4,1,0,10,15,9,3,0,0,6,8,7,1,1,11404.1999449
20224,1129001728,122,113,9,0,0,3,13,52,54,0,0,1,11,49,52,0,0,2,2,3,2,10298.3745181
20224,1129001729,39,21,18,0,9,8,16,5,1,0,1,3,13,4,0,0,8,5,3,1,1,14429.3177552
20224,1129001731,352,338,14,0,36,100,101,105,10,0,32,96,96,105,9,0,4,4,5,0,1,15322.0620527
20224,1129001732,22,14,8,0,3,5,4,8,2,0,3,4,2,4,1,0,0,1,2,4,1,7008.62593422
20224,1129001733,507,385,122,1,154,156,83,102,11,0,74,127,72,102,10,1,80,29,11,0,1,14141.332928
20224,1129001734,11,5,6,0,4,1,2,2,2,0,1,1,1,1,1,0,3,0,1,1,1,16218.749889
20224,1129001735,2,1,1,0,1,0,1,0,0,0,0,0,1,0,0,0,1,0,0,0,0,3143.56685703
20224,1129001736,888,751,137,0,105,305,278,187,13,0,54,259,248,178,12,0,51,46,30,9,1,20885.5474179
20224,1129001737,4,4,0,0,0,1,2,0,1,0,0,1,2,0,1,0,0,0,0,0,0,6677.97298018
20224,1129001738,12087,11233,854,5,892,2435,3701,4847,207,0,725,2094,3516,4751,147,5,167,341,185,96,60,36702.3474634
20224,1129001739,61,36,25,0,1,19,25,12,4,0,0,11,11,10,4,0,1,8,14,2,0,3342.16520041
20224,1129001740,7,4,3,0,0,2,3,1,1,0,0,1,2,1,0,0,0,1,1,0,1,11136.2202808
20224,1129001741,19,8,11,1,5,1,7,3,2,0,4,0,3,0,1,1,1,1,4,3,1,14491.8325383
20224,1129001742,82,45,37,0,8,18,22,15,19,0,4,7,10,10,14,0,4,11,12,5,5,59407.2168511
20224,1129001743,35,22,13,0,7,11,9,6,2,0,5,7,6,3,1,0,2,4,3,3,1,45676.2336692
20224,1129001744,277,230,47,1,36,85,92,55,8,0,23,60,87,53,7,1,13,25,5,2,1,4252.37959544
20224,1129001747,554,197,357,0,114,176,203,59,2,0,31,48,81,35,2,0,83,128,122,24,0,62215.1849167
20224,1129001748,22,18,4,0,1,4,5,8,4,0,0,4,3,8,3,0,1,0,2,0,1,13250.2462508
20224,1129001750,62,55,7,1,3,5,11,21,21,1,2,4,10,19,19,0,1,1,1,2,2,4991.29551256
20224,1129001752,268,138,130,2,94,38,39,37,58,0,42,19,26,18,33,2,52,19,13,19,25,32129.1420407
20224,1129001754,37,21,16,0,4,9,13,5,6,0,3,6,4,2,6,0,1,3,9,3,0,56238.503021
20224,1129001755,8,5,3,0,0,3,1,1,3,0,0,2,1,1,1,0,0,1,0,0,2,15866.9890591
20224,1129001757,971,449,522,0,262,307,224,139,39,0,77,122,129,93,28,0,185,185,95,46,11,115183.835906
20224,1129001758,9,6,3,0,0,2,1,1,5,0,0,1,0,0,5,0,0,1,1,1,0,461704.104484
20224,1129001759,21,9,12,0,4,6,7,3,1,0,0,2,3,3,1,0,4,4,4,0,0,127972.990805
20224,1129001760,12,5,7,0,0,2,5,3,2,0,0,0,1,2,2,0,0,2,4,1,0,173578.137983
20224,1129001762,81,60,21,0,9,13,26,17,16,0,6,10,17,13,14,0,3,3,9,4,2,3792.49172069
20224,1129001763,38,19,19,0,7,9,11,9,2,0,2,5,5,6,1,0,5,4,6,3,1,3685.11917834
20224,1129001765,89,64,25,0,7,10,25,24,23,0,2,6,19,20,17,0,5,4,6,4,6,3195.51657621
20224,1129001766,84,69,15,0,11,13,23,28,9,0,7,10,20,23,9,0,4,3,3,5,0,2626.50736881
20224,1129001767,4,3,1,0,1,0,0,0,3,0,0,0,0,0,3,0,1,0,0,0,0,2362.44833114
20224,1129001769,7,5,2,0,0,0,1,4,2,0,0,0,0,3,2,0,0,0,1,1,0,7690.69074465
20224,1129001771,28,18,10,0,1,5,12,7,3,0,1,2,6,6,3,0,0,3,6,1,0,5002.07761172
20224,1129001772,2,2,0,0,0,0,0,1,1,0,0,0,0,1,1,0,0,0,0,0,0,5441.09988607
20224,1129001775,22,17,5,0,7,10,2,1,2,0,5,9,2,1,0,0,2,1,0,0,2,4574.31319467
20224,1129001777,676,506,170,3,121,184,150,147,71,3,79,140,120,117,47,0,42,44,30,30,24,5672.70743044
20224,1129001780,39,24,15,0,2,13,9,10,5,0,1,11,4,4,4,0,1,2,5,6,1,12966.6739742
20224,1129001781,49,27,22,1,13,11,10,11,3,0,5,6,9,4,3,1,8,5,1,7,0,679.953867576
20224,1129001782,301,249,52,1,33,90,111,66,0,0,26,81,91,51,0,1,7,9,20,15,0,5627.30439485
20224,1129001787,5,2,3,0,0,2,0,2,1,0,0,1,0,0,1,0,0,1,0,2,0,1932.05015884
20224,1129001790,2,2,0,0,0,0,2,0,0,0,0,0,2,0,0,0,0,0,0,0,0,953.419858708
20224,1129001791,23,13,10,0,12,9,1,1,0,0,6,6,1,0,0,0,6,3,0,1,0,5521.52808952
20224,1129001792,4,2,2,0,0,0,1,3,0,0,0,0,0,2,0,0,0,0,1,1,0,6575.87772822
20224,1129001793,8,4,4,0,0,1,0,3,4,0,0,1,0,0,3,0,0,0,0,3,1,1556.47288448
20224,1129001796,2,1,1,0,0,0,0,2,0,0,0,0,0,1,0,0,0,0,0,1,0,5927.95159607
20224,1129001797,3,3,0,0,0,0,0,3,0,0,0,0,0,3,0,0,0,0,0,0,0,3749.07707306
20224,1129001798,4,2,2,0,0,0,2,0,2,0,0,0,2,0,0,0,0,0,0,0,2,2491.22563213
20224,1129001799,7,1,6,0,3,3,0,0,1,0,1,0,0,0,0,0,2,3,0,0,1,3497.66272857
20224,1129001800,22,6,16,1,10,7,2,0,2,0,0,3,2,0,1,1,10,4,0,0,1,2929.06750307
20224,1129001802,5,4,1,0,0,1,2,2,0,0,0,1,1,2,0,0,0,0,1,0,0,1957.18080496
20224,1129001803,10,1,9,0,2,5,2,0,1,0,0,1,0,0,0,0,2,4,2,0,1,3701.79853524
20224,1129001805,173,162,11,0,3,13,17,56,84,0,2,10,15,54,81,0,1,3,2,2,3,7603.20550094
20224,1129001806,6,5,1,0,0,1,0,3,2,0,0,1,0,3,1,0,0,0,0,0,1,6103.56689588
20224,1129001809,393,366,27,0,18,51,87,144,93,0,15,49,81,132,89,0,3,2,6,12,4,4015.54869065
20224,1129001811,3,1,2,0,0,1,1,0,1,0,0,0,0,0,1,0,0,1,1,0,0,4013.3108732
20224,1129001813,1027,535,492,0,91,342,397,191,6,0,29,148,235,117,6,0,62,194,162,74,0,1236.84460347
20224,1129001817,15,9,6,0,0,4,3,1,7,0,0,1,2,0,6,0,0,3,1,1,1,4900.68402436
20224,1129001819,70,66,4,0,3,0,9,33,25,0,1,0,8,33,24,0,2,0,1,0,1,2866.42817973
20224,1129001821,437,335,102,1,126,198,91,17,4,0,86,158,76,13,2,1,40,40,15,4,2,6101.43159287
20224,1129001822,121,44,77,0,27,24,36,19,15,0,10,8,10,10,6,0,17,16,26,9,9,3977.64529884
20224,1129001823,12,7,5,0,0,0,1,3,8,0,0,0,1,0,6,0,0,0,0,3,2,9128.55318805
20224,1129001824,16,9,7,0,4,4,3,2,3,0,3,2,2,0,2,0,1,2,1,2,1,8815.50505784
20224,1129001826,7,6,1,0,3,3,1,0,0,0,2,3,1,0,0,0,1,0,0,0,0,1169.4131382
20224,1129001831,24,19,5,0,3,4,9,5,3,0,2,2,8,4,3,0,1,2,1,1,0,3705.6866103
20224,1129001834,2,1,1,0,0,1,1,0,0,0,0,0,1,0,0,0,0,1,0,0,0,1737.95598376
20224,1129001837,5,2,3,0,0,0,2,1,2,0,0,0,0,0,2,0,0,0,2,1,0,4200.31347075
20224,1129001838,20,0,20,0,9,2,4,5,0,0,0,0,0,0,0,0,9,2,4,5,0,1605.0396624
20224,1129001839,2,1,1,0,0,0,1,1,0,0,0,0,0,1,0,0,0,0,1,0,0,2216.78679614
20224,1129001843,16,5,11,1,3,4,2,4,2,0,0,1,2,1,1,1,3,3,0,3,1,6201.15364473
20224,1129001844,8,1,7,0,1,2,1,0,4,0,0,0,0,0,1,0,1,2,1,0,3,1180.56938563
20224,1129001845,6,2,4,0,2,1,1,0,2,0,0,1,0,0,1,0,2,0,1,0,1,1469.88884095
20224,1129001846,2,2,0,0,0,0,1,0,1,0,0,0,1,0,1,0,0,0,0,0,0,4253.98061194
20224,1129001847,10,9,1,0,2,5,3,0,0,0,2,4,3,0,0,0,0,1,0,0,0,3085.97983842
20224,1129001849,5,2,3,0,1,0,1,3,0,0,1,0,0,1,0,0,0,0,1,2,0,1774.29074096
20224,1129001852,14,2,12,0,1,3,7,2,1,0,0,0,1,1,0,0,1,3,6,1,1,5600.35205905
20224,1129001854,28,7,21,0,12,9,5,1,1,0,0,2,3,1,1,0,12,7,2,0,0,2237.60939737
20224,1129001855,3,1,2,0,1,1,0,1,0,0,0,0,0,1,0,0,1,1,0,0,0,2625.55521993
20224,1129001856,11,8,3,0,0,3,5,3,0,0,0,3,3,2,0,0,0,0,2,1,0,2524.69968364
20224,1129001857,12,6,6,0,0,6,3,2,1,0,0,2,1,2,1,0,0,4,2,0,0,1269.0379333
20224,1129001858,9,6,3,0,0,1,2,1,5,0,0,1,0,1,4,0,0,0,2,0,1,2440.06803089
20224,1129001859,4,2,2,0,0,1,1,2,0,0,0,1,0,1,0,0,0,0,1,1,0,1274.74125263
20224,1129001862,22,11,11,0,3,3,6,5,5,0,0,2,3,3,3,0,3,1,3,2,2,1344.83088156
20224,1129001864,15,7,8,0,5,2,0,2,6,0,1,1,0,1,4,0,4,1,0,1,2,4159.64299935
20224,1129001865,13,10,3,0,1,5,2,4,1,0,0,4,2,3,1,0,1,1,0,1,0,5431.32381959
20224,1129001866,9,5,4,0,0,1,5,3,0,0,0,1,1,3,0,0,0,0,4,0,0,1978.40387727
20224,1129001868,6,4,2,0,1,4,0,0,1,0,0,3,0,0,1,0,1,1,0,0,0,2023.40280659
20224,1129001869,17,11,6,0,0,2,7,5,3,0,0,1,3,4,3,0,0,1,4,1,0,1213.87136607
20224,1129001871,20,6,14,0,4,3,6,7,0,0,0,2,0,4,0,0,4,1,6,3,0,5937.41628291
20224,1129001872,81,44,37,0,6,10,25,30,10,0,4,7,12,16,5,0,2,3,13,14,5,4385.11483318
20224,1129001873,17,10,7,0,0,2,9,3,3,0,0,2,5,0,3,0,0,0,4,3,0,6423.12726131
20224,1129001874,3,1,2,0,0,0,3,0,0,0,0,0,1,0,0,0,0,0,2,0,0,3041.35607503
20224,1129001877,24,17,7,0,1,2,11,5,5,0,1,1,8,3,4,0,0,1,3,2,1,2379.96039316
20224,1129001880,88,32,56,0,11,17,22,17,21,0,6,5,2,8,11,0,5,12,20,9,10,11745.6973191
20224,1129001882,7,5,2,0,0,0,1,6,0,0,0,0,0,5,0,0,0,0,1,1,0,2567.74991221
20224,1129001885,15,9,6,0,5,5,2,3,0,0,4,1,2,2,0,0,1,4,0,1,0,4631.45059836
20224,1129001890,2,2,0,0,0,0,2,0,0,0,0,0,2,0,0,0,0,0,0,0,0,1215.75226458
20224,1129001892,5,1,4,0,0,0,0,4,1,0,0,0,0,1,0,0,0,0,0,3,1,4712.9194268
20224,1129001893,7,6,1,0,2,1,3,0,1,0,2,1,3,0,0,0,0,0,0,0,1,4072.76141789
20224,1129001894,11,5,6,0,5,3,2,0,1,0,0,2,2,0,1,0,5,1,0,0,0,5014.25878933
20224,1129001895,20,4,16,0,1,0,5,12,2,0,0,0,0,3,1,0,1,0,5,9,1,4594.51232741
20224,1129001900,2,2,0,0,0,0,1,0,1,0,0,0,1,0,1,0,0,0,0,0,0,1438.37091732
20224,1129001902,6,4,2,0,1,1,0,0,4,0,1,1,0,0,2,0,0,0,0,0,2,2446.56008202
20224,1129001905,73,25,48,0,14,19,20,12,8,0,5,4,6,5,5,0,9,15,14,7,3,76031.7400242
20224,1129001908,9,3,6,0,1,2,4,1,1,0,0,1,1,0,1,0,1,1,3,1,0,2639.12239581
20224,1129001910,10,5,5,0,0,5,3,2,0,0,0,2,1,2,0,0,0,3,2,0,0,3448.69916309
20224,1129001911,9,3,6,0,0,0,6,2,1,0,0,0,3,0,0,0,0,0,3,2,1,4654.39745712
20224,1129001912,5,4,1,0,0,1,0,2,2,0,0,1,0,2,1,0,0,0,0,0,1,1587.62560515
20224,1129001913,4,4,0,0,0,1,0,2,1,0,0,1,0,2,1,0,0,0,0,0,0,1322.62881485
20224,1129001919,3,1,2,0,0,3,0,0,0,0,0,1,0,0,0,0,0,2,0,0,0,1226.92166334
20224,1129001921,1,0,1,0,0,1,0,0,0,0,0,0,0,0,0,0,0,1,0,0,0,1330.40119407
20224,1129001923,128,38,90,0,10,24,53,30,11,0,4,5,15,9,5,0,6,19,38,21,6,3420.0104574
20224,1129001932,3,0,3,0,1,0,0,2,0,0,0,0,0,0,0,0,1,0,0,2,0,2467.5735448
20224,1129001936,3,2,1,0,0,0,0,3,0,0,0,0,0,2,0,0,0,0,0,1,0,9166.11253513
20224,1129001941,46,12,34,0,16,13,7,8,2,0,4,4,3,0,1,0,12,9,4,8,1,9370.09863927
20224,1129001942,26,12,14,0,18,3,3,2,0,0,7,2,1,2,0,0,11,1,2,0,0,437947.697653
20224,1129001945,2,2,0,0,0,0,0,1,1,0,0,0,0,1,1,0,0,0,0,0,0,1967.90878546
20224,1129001946,6,6,0,0,0,3,3,0,0,0,0,3,3,0,0,0,0,0,0,0,0,1541.27775852
20224,1129001947,2,1,1,0,0,1,0,0,1,0,0,0,0,0,1,0,0,1,0,0,0,7388.18419486
20224,1129001948,44,12,32,0,5,1,14,17,7,0,1,1,2,3,5,0,4,0,12,14,2,16156.7338016
20224,1129001950,7,5,2,0,0,4,2,1,0,0,0,2,2,1,0,0,0,2,0,0,0,3221.76775899
20224,1129001953,6,4,2,0,0,0,3,3,0,0,0,0,2,2,0,0,0,0,1,1,0,9974.66027638
20224,1129001954,17,4,13,0,4,3,7,2,1,0,0,1,2,0,1,0,4,2,5,2,0,6849.4671825
20224,1129001955,56,37,19,0,11,16,13,11,5,0,8,11,9,6,3,0,3,5,4,5,2,3092.29561786
20224,1129001959,5,4,1,0,0,0,2,3,0,0,0,0,1,3,0,0,0,0,1,0,0,3289.24841544
20224,1129001960,2,2,0,0,0,0,1,1,0,0,0,0,1,1,0,0,0,0,0,0,0,1295.03307299
20224,1129001962,6,5,1,0,1,1,2,0,2,0,1,1,1,0,2,0,0,0,1,0,0,1859.69998736
20224,1129001964,243,154,89,2,21,47,70,68,35,2,16,28,39,47,22,0,5,19,31,21,13,4677.16547515
20224,1129001967,40,38,2,0,0,3,7,26,4,0,0,3,6,26,3,0,0,0,1,0,1,2753.5521339
20224,1129001968,155,134,21,0,4,8,23,64,56,0,1,7,16,58,52,0,3,1,7,6,4,1484.80235144
20224,1129001970,989,763,226,0,20,25,102,137,705,0,17,19,68,110,549,0,3,6,34,27,156,10142.1060422
20224,1129001981,8,8,0,0,0,1,6,1,0,0,0,1,6,1,0,0,0,0,0,0,0,1991.0859651
20224,1129001983,2,2,0,0,0,0,1,0,1,0,0,0,1,0,1,0,0,0,0,0,0,3496.91527157
20224,1129001986,11,0,11,0,1,3,4,1,2,0,0,0,0,0,0,0,1,3,4,1,2,1822.66614489
20224,1129001997,48,37,11,0,9,3,4,23,9,0,5,2,2,21,7,0,4,1,2,2,2,6168.94218231
20224,1129002002,1,1,0,0,0,0,0,1,0,0,0,0,0,1,0,0,0,0,0,0,0,3881.52250267
20224,1129002003,4,2,2,0,0,0,1,2,1,0,0,0,0,1,1,0,0,0,1,1,0,1632.91902632
20224,1129002007,9,2,7,0,2,1,5,1,0,0,0,0,1,1,0,0,2,1,4,0,0,4233.0347951
20224,1129002009,3,2,1,0,0,0,2,1,0,0,0,0,1,1,0,0,0,0,1,0,0,2124.45724996
20224,1129002012,15,4,11,0,0,0,3,11,1,0,0,0,1,2,1,0,0,0,2,9,0,1507.14214812
20224,1129002016,24,11,13,0,5,5,7,4,3,0,0,3,5,2,1,0,5,2,2,2,2,3779.15199954
20224,1129002021,8,6,2,0,0,4,2,2,0,0,0,4,0,2,0,0,0,0,2,0,0,1576.48788212
20224,1129002022,4,2,2,0,1,0,2,0,1,0,0,0,1,0,1,0,1,0,1,0,0,4191.55035887
20224,1129002023,116,57,59,0,21,31,27,22,15,0,8,13,11,14,11,0,13,18,16,8,4,11480.5519753
20224,1129002039,2,2,0,0,1,0,0,1,0,0,1,0,0,1,0,0,0,0,0,0,0,1334.84037769
20224,1129002043,3,3,0,0,0,0,0,1,2,0,0,0,0,1,2,0,0,0,0,0,0,1435.64434277
20224,1129002046,58,14,44,0,0,4,13,18,23,0,0,4,4,4,2,0,0,0,9,14,21,8749.50762102
20224,1129002047,2,1,1,0,0,0,1,1,0,0,0,0,1,0,0,0,0,0,0,1,0,3870.47638498
20224,1129002048,5,3,2,0,0,1,1,2,1,0,0,0,1,2,0,0,0,1,0,0,1,1443.41986327
20224,1129002049,11,10,1,0,0,2,3,4,2,0,0,2,2,4,2,0,0,0,1,0,0,1672.3509793
20224,1129002053,21,5,16,0,2,10,4,5,0,0,0,5,0,0,0,0,2,5,4,5,0,1894.38440958
20224,1129002059,84,61,23,1,11,22,35,11,4,1,6,19,30,5,0,0,5,3,5,6,4,4709.91195331
20224,1129002060,13,6,7,0,6,3,2,2,0,0,2,1,1,2,0,0,4,2,1,0,0,1810.84668155
20224,1129002068,3,1,2,0,0,0,3,0,0,0,0,0,1,0,0,0,0,0,2,0,0,2267.13034229
20224,1129002072,3,3,0,0,0,0,0,2,1,0,0,0,0,2,1,0,0,0,0,0,0,1338.37583629
20224,1129002077,13,4,9,0,7,2,2,1,1,0,0,1,2,0,1,0,7,1,0,1,0,1355.91522144
20224,1129002080,10,0,10,0,1,3,3,2,1,0,0,0,0,0,0,0,1,3,3,2,1,2501.95897082
20224,1129002083,3,0,3,0,1,2,0,0,0,0,0,0,0,0,0,0,1,2,0,0,0,2980.77335471
20224,1129002084,179,29,150,0,34,58,48,38,1,0,3,8,9,9,0,0,31,50,39,29,1,13593.4671353
20224,1129002086,5,4,1,0,0,0,1,3,1,0,0,0,1,2,1,0,0,0,0,1,0,5751.88011396
20224,1129002087,10,0,10,0,1,3,4,2,0,0,0,0,0,0,0,0,1,3,4,2,0,1676.80587636
20224,1129002090,6,5,1,0,0,2,1,3,0,0,0,2,1,2,0,0,0,0,0,1,0,1737.84172402
20224,1129002091,4,3,1,0,0,0,0,3,1,0,0,0,0,2,1,0,0,0,0,1,0,3879.23639159
20224,1129002093,7,5,2,0,1,1,3,2,0,0,1,1,2,1,0,0,0,0,1,1,0,1683.362008
20224,1129002094,2,1,1,0,0,1,1,0,0,0,0,1,0,0,0,0,0,0,1,0,0,2410.06826046
20224,1129002105,3,2,1,0,0,1,2,0,0,0,0,1,1,0,0,0,0,0,1,0,0,2036.80540496
20224,1129002107,11,4,7,0,0,4,4,2,1,0,0,0,2,1,1,0,0,4,2,1,0,4800.9954326
20224,1129002118,2,1,1,0,0,2,0,0,0,0,0,1,0,0,0,0,0,1,0,0,0,2098.21971208
20224,1129002124,5,2,3,0,0,1,0,2,2,0,0,1,0,0,1,0,0,0,0,2,1,2433.43492417
20224,1129002126,173,72,101,0,14,29,53,27,50,0,4,10,28,12,18,0,10,19,25,15,32,2709.43073191
20224,1129002128,10,1,9,0,1,0,2,6,1,0,0,0,0,0,1,0,1,0,2,6,0,3326.39011218
20224,1129002138,1,1,0,0,0,0,1,0,0,0,0,0,1,0,0,0,0,0,0,0,0,533.733970255
20224,1129002154,54,15,39,1,10,21,16,3,3,1,2,5,6,1,0,0,8,16,10,2,3,5325.53662008
20224,1129002156,35,9,26,0,3,5,4,5,18,0,0,2,3,1,3,0,3,3,1,4,15,4538.77153372
20224,1129002163,23,5,18,0,6,1,10,6,0,0,0,0,1,4,0,0,6,1,9,2,0,6501.85395217
20224,1129002168,30,13,17,0,3,6,11,4,6,0,0,1,7,0,5,0,3,5,4,4,1,5826.40881998
20224,1129002171,2,0,2,0,0,2,0,0,0,0,0,0,0,0,0,0,0,2,0,0,0,10329.6850449
20224,1129002181,3,3,0,0,0,1,1,0,1,0,0,1,1,0,1,0,0,0,0,0,0,5679.50517494
20224,1129002182,224,140,84,1,30,64,82,29,18,0,17,43,44,21,15,1,13,21,38,8,3,3129.97681504
20224,1129002184,4,2,2,0,0,3,1,0,0,0,0,2,0,0,0,0,0,1,1,0,0,1770.72861873
20224,1129002185,3,2,1,0,1,0,1,1,0,0,1,0,1,0,0,0,0,0,0,1,0,1834.70040303
20224,1129002186,2,1,1,0,0,0,2,0,0,0,0,0,1,0,0,0,0,0,1,0,0,3832.37423793
20224,1129002188,3,2,1,0,0,0,1,2,0,0,0,0,0,2,0,0,0,0,1,0,0,3403.37784519
20224,1129002190,2,2,0,0,0,1,0,1,0,0,0,1,0,1,0,0,0,0,0,0,0,3530.87557737
20224,1129002192,2,2,0,0,0,0,0,2,0,0,0,0,0,2,0,0,0,0,0,0,0,3566.39001961
20224,1129002193,3,2,1,0,0,0,0,2,1,0,0,0,0,1,1,0,0,0,0,1,0,3217.46525943
20224,1129002195,101,69,32,0,11,24,31,13,22,0,6,18,22,10,13,0,5,6,9,3,9,22349.1448746
20224,1129002196,4,2,2,0,1,2,0,1,0,0,0,1,0,1,0,0,1,1,0,0,0,1252.91435252
20224,1129002198,35,22,13,0,1,7,8,9,10,0,1,3,3,7,8,0,0,4,5,2,2,7752.24972337
20224,1129002199,2,1,1,0,0,1,0,1,0,0,0,0,0,1,0,0,0,1,0,0,0,3624.71100486
20224,1129002201,2,1,1,0,0,0,0,0,2,0,0,0,0,0,1,0,0,0,0,0,1,2906.53584558
20224,1129002203,36,32,4,0,4,3,11,12,6,0,4,2,9,11,6,0,0,1,2,1,0,4622.10989553
20224,1129002204,7,4,3,0,1,3,2,0,1,0,0,1,2,0,1,0,1,2,0,0,0,8681.19333025
20224,1129002205,6,0,6,0,1,2,0,3,0,0,0,0,0,0,0,0,1,2,0,3,0,8030.38680177
20224,1129002207,23,12,11,0,1,6,3,6,7,0,0,3,1,2,6,0,1,3,2,4,1,4035.81071771
20224,1129002208,332,173,159,0,32,101,104,63,32,0,12,50,64,28,19,0,20,51,40,35,13,10145.1995628
20224,1129002209,5,0,5,0,0,2,1,1,1,0,0,0,0,0,0,0,0,2,1,1,1,1273.98623352
20224,1129002210,38,15,23,0,7,8,9,7,7,0,2,3,2,3,5,0,5,5,7,4,2,8120.09588535
20224,1129002211,21,9,12,0,0,1,5,8,7,0,0,1,1,3,4,0,0,0,4,5,3,4500.74404008
20224,1129002212,65,35,30,0,5,14,13,16,17,0,2,9,6,11,7,0,3,5,7,5,10,8957.09524743
20224,1129002213,45,22,23,0,2,7,16,16,4,0,1,3,7,9,2,0,1,4,9,7,2,14995.2650451
20224,1129002214,7,6,1,0,0,1,2,1,3,0,0,1,2,0,3,0,0,0,0,1,0,1731.99791452
20224,1129002215,6,2,4,0,1,0,2,2,1,0,0,0,1,0,1,0,1,0,1,2,0,3440.34008297
20224,1129002218,52,34,18,1,10,13,16,8,4,0,5,9,12,6,2,1,5,4,4,2,2,14864.3252315
20224,1129002219,7,5,2,0,2,1,2,2,0,0,1,1,1,2,0,0,1,0,1,0,0,5857.28448504
20224,1129002221,22,10,12,0,4,6,2,5,5,0,1,1,0,4,4,0,3,5,2,1,1,12600.4196396
20224,1129002223,6,2,4,0,0,0,2,4,0,0,0,0,0,2,0,0,0,0,2,2,0,3021.59637702
20224,1129002225,16,6,10,0,1,4,6,3,2,0,0,1,4,0,1,0,1,3,2,3,1,3273.96716563
20224,1129002229,1627,1166,461,0,310,658,319,221,119,0,169,480,226,177,114,0,141,178,93,44,5,441421.287997
20224,1129002231,26,12,14,0,0,5,13,3,5,0,0,1,6,1,4,0,0,4,7,2,1,5168.98395907
20224,1129002233,3,1,2,0,0,0,1,0,2,0,0,0,0,0,1,0,0,0,1,0,1,3429.18856967
20224,1129002236,9,2,7,0,2,5,2,0,0,0,0,2,0,0,0,0,2,3,2,0,0,5999.12956369
20224,1129002238,5,4,1,0,1,2,2,0,0,0,1,2,1,0,0,0,0,0,1,0,0,8420.20371284
20224,1129002243,17,1,16,0,3,7,4,2,1,0,0,0,0,0,1,0,3,7,4,2,0,169635.383512
20224,1129002244,14,2,12,0,4,2,4,3,1,0,0,0,0,2,0,0,4,2,4,1,1,5380.12712583
20224,1129002245,6,3,3,0,2,1,1,0,2,0,1,1,1,0,0,0,1,0,0,0,2,2074.48980596
20224,1129002248,3,2,1,0,1,0,0,2,0,0,1,0,0,1,0,0,0,0,0,1,0,956.49386295
20224,1129002249,282,263,19,0,7,10,13,15,237,0,6,7,4,12,234,0,1,3,9,3,3,19442.8273689
20224,1129002250,55,19,36,0,26,15,8,4,2,0,5,7,4,1,2,0,21,8,4,3,0,14181.1653138
20224,1129002252,2,2,0,0,0,0,2,0,0,0,0,0,2,0,0,0,0,0,0,0,0,3337.16519792
20224,1129002253,2,2,0,0,0,0,0,2,0,0,0,0,0,2,0,0,0,0,0,0,0,2807.55795774
20224,1129002254,132,97,35,0,5,46,53,24,4,0,1,32,41,20,3,0,4,14,12,4,1,5285.01129929
20224,1129002259,2,1,1,0,0,0,0,1,1,0,0,0,0,0,1,0,0,0,0,1,0,2217.39757024
20224,1129002262,10,1,9,0,0,3,1,2,4,0,0,0,0,0,1,0,0,3,1,2,3,2223.12867025
20224,1129002263,6,4,2,0,0,0,1,4,1,0,0,0,0,4,0,0,0,0,1,0,1,3466.09500634
20224,1129002264,2,0,2,0,0,0,1,0,1,0,0,0,0,0,0,0,0,0,1,0,1,4824.49219195
20224,1129002265,6,1,5,0,0,1,4,1,0,0,0,0,1,0,0,0,0,1,3,1,0,1242.80683928
20224,1129002267,20,5,15,2,12,1,4,0,1,0,2,0,2,0,1,2,10,1,2,0,0,2775.1633575
20224,1129002268,168,57,111,0,37,23,26,55,27,0,13,15,12,11,6,0,24,8,14,44,21,36458.9526739
20224,1129002270,17,10,7,0,4,5,1,5,2,0,4,4,1,0,1,0,0,1,0,5,1,1475.42593303
20224,1129002274,16,1,15,0,5,6,1,1,3,0,0,0,0,0,1,0,5,6,1,1,2,4669.56432472
20224,1129002279,92,31,61,0,9,28,25,27,3,0,5,4,10,9,3,0,4,24,15,18,0,10094.5325662
20224,1129002282,158,116,42,1,28,64,40,15,10,1,22,53,22,9,9,0,6,11,18,6,1,4021.73304909
20224,1129002289,19,5,14,0,4,2,5,8,0,0,1,0,1,3,0,0,3,2,4,5,0,9705.0365792
20224,1129002290,250,137,113,0,7,22,88,97,36,0,0,8,52,54,23,0,7,14,36,43,13,42011.6324016
20224,1129002291,2,1,1,0,0,0,0,2,0,0,0,0,0,1,0,0,0,0,0,1,0,929.497139492
20224,1129002292,9,7,2,0,0,1,3,4,1,0,0,1,2,3,1,0,0,0,1,1,0,3039.09428775
20224,1129002293,6,5,1,0,1,1,3,1,0,0,0,1,3,1,0,0,1,0,0,0,0,2077.61239976
20224,1129002294,7,6,1,0,1,0,4,2,0,0,1,0,4,1,0,0,0,0,0,1,0,8727.81815393
20224,1129002301,2,1,1,0,0,0,0,0,2,0,0,0,0,0,1,0,0,0,0,0,1,1077.75832975
20224,1129002303,19,14,5,0,1,4,8,4,2,0,1,2,6,3,2,0,0,2,2,1,0,1920.66345941
20224,1129002307,26,15,11,0,1,3,8,10,4,0,1,3,5,4,2,0,0,0,3,6,2,13700.153053
20224,1129002313,2,1,1,0,0,1,1,0,0,0,0,0,1,0,0,0,0,1,0,0,0,826.490001464
20224,1129002318,666,429,237,1,166,159,181,111,48,0,91,118,113,64,43,1,75,41,68,47,5,3428.74690881
20224,1129002319,2,0,2,0,0,0,0,0,2,0,0,0,0,0,0,0,0,0,0,0,2,4658.41670517
20224,1129002323,2,1,1,0,0,0,0,2,0,0,0,0,0,1,0,0,0,0,0,1,0,475.323322453
20224,1129002326,1,1,0,0,0,0,0,1,0,0,0,0,0,1,0,0,0,0,0,0,0,2359.65263058
20224,1129002327,6,2,4,0,1,0,3,1,1,0,1,0,1,0,0,0,0,0,2,1,1,2827.66203477
20224,1129002328,10,0,10,0,1,5,2,2,0,0,0,0,0,0,0,0,1,5,2,2,0,80656.4532543
20224,1129002333,14,3,11,0,3,3,5,2,1,0,0,1,2,0,0,0,3,2,3,2,1,3902.50395142
20224,1129002335,19,10,9,0,2,3,4,5,5,0,1,1,3,2,3,0,1,2,1,3,2,4812.48497944
20224,1129002336,69,15,54,0,14,15,20,16,4,0,4,3,2,4,2,0,10,12,18,12,2,11972.4676867
20224,1129002339,3,2,1,0,0,0,0,3,0,0,0,0,0,2,0,0,0,0,0,1,0,2735.23796963
20224,1129002341,13,6,7,0,7,3,2,1,0,0,3,2,1,0,0,0,4,1,1,1,0,1288.63460844
20224,1129002342,13,8,5,0,4,3,5,0,1,0,3,2,2,0,1,0,1,1,3,0,0,1763.56480908
20224,1129002343,1,1,0,0,0,0,1,0,0,0,0,0,1,0,0,0,0,0,0,0,0,760.370671509
20224,1129002345,2,2,0,0,0,2,0,0,0,0,0,2,0,0,0,0,0,0,0,0,0,2031.83967628
20224,1129002347,2,1,1,0,0,1,1,0,0,0,0,0,1,0,0,0,0,1,0,0,0,2901.35365091
20224,1129002355,2,2,0,0,0,0,0,0,2,0,0,0,0,0,2,0,0,0,0,0,0,5650.48804124
20224,1129002357,28,2,26,0,1,2,2,6,17,0,0,1,0,0,1,0,1,1,2,6,16,3529.63067203
20224,1129002361,70,41,29,0,19,16,17,14,4,0,13,11,11,4,2,0,6,5,6,10,2,1643.30826449
20224,1129002362,2,2,0,0,0,0,0,2,0,0,0,0,0,2,0,0,0,0,0,0,0,2039.82799501
20224,1129002369,20,6,14,0,0,2,6,5,7,0,0,1,4,0,1,0,0,1,2,5,6,4270.19633829
20224,1129002370,98,39,59,0,58,26,8,4,2,0,20,11,3,3,2,0,38,15,5,1,0,1985.52759671
20224,1129002375,12,8,4,0,1,0,3,0,8,0,0,0,1,0,7,0,1,0,2,0,1,2627.26094901
20224,1129002376,10,9,1,0,1,4,3,1,1,0,1,4,2,1,1,0,0,0,1,0,0,2230.4637765
20224,1129002379,4,1,3,0,1,2,0,1,0,0,0,0,0,1,0,0,1,2,0,0,0,6381.68159416
20224,1129002380,1,0,1,0,0,0,0,0,1,0,0,0,0,0,0,0,0,0,0,0,1,1272.59744782
20224,1129002382,1,0,1,0,0,0,1,0,0,0,0,0,0,0,0,0,0,0,1,0,0,1731.38142829
20224,1129002386,7,2,5,0,0,0,4,3,0,0,0,0,0,2,0,0,0,0,4,1,0,7508.23601006
20224,1129002390,1,1,0,0,0,0,0,1,0,0,0,0,0,1,0,0,0,0,0,0,0,2112.76016803
20224,1129002391,7,2,5,0,0,0,4,1,2,0,0,0,0,1,1,0,0,0,4,0,1,5430.82202861
20224,1129002392,1,1,0,0,0,0,0,0,1,0,0,0,0,0,1,0,0,0,0,0,0,1825.03622874
20224,1129002395,5,4,1,0,1,0,2,0,2,0,1,0,1,0,2,0,0,0,1,0,0,2343.15160373
20224,1129002397,2,2,0,0,0,0,0,1,1,0,0,0,0,1,1,0,0,0,0,0,0,2736.41121504
20224,1129002398,3,1,2,0,0,0,2,1,0,0,0,0,0,1,0,0,0,0,2,0,0,4258.27755876
20224,1129002403,3,2,1,0,0,1,0,1,1,0,0,1,0,0,1,0,0,0,0,1,0,2180.53800508
20224,1129002404,13,6,7,0,1,3,2,5,2,0,1,0,0,4,1,0,0,3,2,1,1,5544.70553907
20224,1129002405,12,7,5,0,4,4,2,1,1,0,1,2,2,1,1,0,3,2,0,0,0,2490.9383013
20224,1129002406,14,3,11,0,1,3,4,4,2,0,0,0,1,0,2,0,1,3,3,4,0,3280.74419166
20224,1129002409,8,3,5,0,0,1,1,2,4,0,0,1,0,0,2,0,0,0,1,2,2,3821.27002589
20224,1129002412,8,6,2,0,0,1,2,0,5,0,0,0,1,0,5,0,0,1,1,0,0,2119.41136724
20224,1129002413,37,22,15,0,8,11,10,5,3,0,1,9,8,2,2,0,7,2,2,3,1,2392.79185618
20224,1129002415,10,3,7,0,0,3,6,1,0,0,0,1,2,0,0,0,0,2,4,1,0,5882.43759393
20224,1129002416,9,2,7,0,3,0,4,1,1,0,0,0,1,0,1,0,3,0,3,1,0,4144.25181428
20224,1129002420,4,3,1,0,0,1,0,0,3,0,0,1,0,0,2,0,0,0,0,0,1,1918.4246657
20224,1129002421,3,2,1,0,0,1,0,1,1,0,0,1,0,1,0,0,0,0,0,0,1,2282.14404754
20224,1129002423,10,9,1,0,0,4,5,0,1,0,0,4,4,0,1,0,0,0,1,0,0,1426.14195618
20224,1129002426,14,12,2,1,3,2,2,3,3,1,3,2,1,2,3,0,0,0,1,1,0,1877.15047981
20224,1129002428,18,12,6,0,7,9,2,0,0,0,4,6,2,0,0,0,3,3,0,0,0,3078.12933764
20224,1129002429,2,2,0,0,0,0,1,0,1,0,0,0,1,0,1,0,0,0,0,0,0,2232.8242843
20224,1129002430,8,6,2,0,0,0,1,5,2,0,0,0,0,4,2,0,0,0,1,1,0,13886.5299447
20224,1129002433,3,1,2,0,0,0,1,2,0,0,0,0,0,1,0,0,0,0,1,1,0,1679.41447793
20224,1129002437,3,2,1,0,0,3,0,0,0,0,0,2,0,0,0,0,0,1,0,0,0,2518.39681814
20224,1129002439,11,7,4,0,2,5,4,0,0,0,0,3,4,0,0,0,2,2,0,0,0,2025.83551952
20224,1129002444,7,3,4,0,1,0,0,2,4,0,0,0,0,1,2,0,1,0,0,1,2,2545.97590097
20224,1129002449,2,2,0,0,0,0,0,0,2,0,0,0,0,0,2,0,0,0,0,0,0,2169.3399566
20224,1129002451,9,5,4,0,0,0,0,2,7,0,0,0,0,0,5,0,0,0,0,2,2,2290.52617839
20224,1129002453,5,3,2,0,0,4,0,0,1,0,0,2,0,0,1,0,0,2,0,0,0,1245.12249191
20224,1129002454,2,1,1,0,0,0,1,0,1,0,0,0,1,0,0,0,0,0,0,0,1,3108.32565961
20224,1129002457,2,1,1,0,0,0,1,1,0,0,0,0,1,0,0,0,0,0,0,1,0,3014.48060882
20224,1129002462,2,1,1,0,0,0,0,2,0,0,0,0,0,1,0,0,0,0,0,1,0,3213.42681059
20224,1129002463,46,6,40,0,0,3,1,13,29,0,0,1,1,2,2,0,0,2,0,11,27,14562.7530353
20224,1129002464,1,1,0,0,0,0,0,0,1,0,0,0,0,0,1,0,0,0,0,0,0,3533.36701361
20224,1129002467,2,2,0,0,0,1,1,0,0,0,0,1,1,0,0,0,0,0,0,0,0,2186.23762408
20224,1129002470,69,61,8,0,2,2,7,24,34,0,1,2,4,22,32,0,1,0,3,2,2,2916.52868226
20224,1129002474,6,0,6,0,0,1,3,2,0,0,0,0,0,0,0,0,0,1,3,2,0,9060.60967438
20224,1129002482,5,2,3,0,0,1,2,2,0,0,0,1,1,0,0,0,0,0,1,2,0,1741.45926861
20224,1129002484,3,0,3,0,0,1,1,1,0,0,0,0,0,0,0,0,0,1,1,1,0,1774.65046696
20224,1129002487,1,1,0,0,0,0,0,0,1,0,0,0,0,0,1,0,0,0,0,0,0,2343.96339767
20224,1129002488,3,1,2,0,0,2,1,0,0,0,0,0,1,0,0,0,0,2,0,0,0,2971.3173049
20224,1129002491,36,14,22,0,12,10,7,6,1,0,1,4,3,5,1,0,11,6,4,1,0,2242.56079871
20224,1129002492,16,10,6,0,2,3,2,7,2,0,0,3,1,5,1,0,2,0,1,2,1,2698.26202527
20224,1129002493,91,72,19,1,24,22,19,23,2,0,19,20,16,15,2,1,5,2,3,8,0,22204.6778074
20224,1129002498,3,1,2,0,0,0,0,2,1,0,0,0,0,1,0,0,0,0,0,1,1,2956.82137497
20224,1129002500,3,1,2,0,0,0,0,2,1,0,0,0,0,0,1,0,0,0,0,2,0,2674.87043327
20224,1129002508,2,2,0,0,0,0,2,0,0,0,0,0,2,0,0,0,0,0,0,0,0,640.758253747
20224,1129002509,9,6,3,0,0,3,3,0,3,0,0,1,3,0,2,0,0,2,0,0,1,2180.93167491
20224,1129002512,71,8,63,0,11,18,24,13,5,0,0,1,2,2,3,0,11,17,22,11,2,7718.56578093
20224,1129002514,81,66,15,0,5,7,28,24,17,0,5,5,21,21,14,0,0,2,7,3,3,6885.78435703
20224,1129002517,20,11,9,0,3,1,5,7,4,0,3,0,3,3,2,0,0,1,2,4,2,6198.49964574
20224,1129002518,2,1,1,0,0,0,1,1,0,0,0,0,1,0,0,0,0,0,0,1,0,1750.54834621
20224,1129002519,1,0,1,0,0,0,1,0,0,0,0,0,0,0,0,0,0,0,1,0,0,1924.32225221
20224,1129002522,26,3,23,0,0,11,6,8,1,0,0,2,0,0,1,0,0,9,6,8,0,1422.1478076
20224,1129002523,2,1,1,0,0,0,1,1,0,0,0,0,0,1,0,0,0,0,1,0,0,1923.59277048
20224,1129002528,62,28,34,0,14,11,18,14,5,0,6,2,10,6,4,0,8,9,8,8,1,6990.71006168
20224,1129002531,28,5,23,0,2,7,9,8,2,0,2,2,0,0,1,0,0,5,9,8,1,2532.3398918
20224,1129002532,5,2,3,0,0,1,3,1,0,0,0,0,1,1,0,0,0,1,2,0,0,2521.78054879
20224,1129002533,5,3,2,0,0,1,0,1,3,0,0,1,0,0,2,0,0,0,0,1,1,2229.75860671
20224,1129002534,1,1,0,0,0,0,0,1,0,0,0,0,0,1,0,0,0,0,0,0,0,8743.6121695
20224,1129002535,85,75,10,0,20,34,21,7,3,0,16,34,18,5,2,0,4,0,3,2,1,4971.15181774
20224,1129002537,6,5,1,0,1,0,1,4,0,0,1,0,1,3,0,0,0,0,0,1,0,11342.1650667
20224,1129002539,4,4,0,0,0,0,3,0,1,0,0,0,3,0,1,0,0,0,0,0,0,3522.04385972
20224,1129002542,1,1,0,0,0,0,1,0,0,0,0,0,1,0,0,0,0,0,0,0,0,1660.90262781
20224,1129002543,4,1,3,0,1,1,0,2,0,0,0,0,0,1,0,0,1,1,0,1,0,3896.95655528
20224,1129002545,10,7,3,0,0,3,5,2,0,0,0,2,4,1,0,0,0,1,1,1,0,15484.5253364
20224,1129002546,11,8,3,0,1,2,4,3,1,0,1,1,3,2,1,0,0,1,1,1,0,7008.05892493
20224,1129002548,2,1,1,0,0,0,1,0,1,0,0,0,0,0,1,0,0,0,1,0,0,5635.99295671
20224,1129002550,7,5,2,0,0,0,5,1,1,0,0,0,4,1,0,0,0,0,1,0,1,7405.71073134
20224,1129002552,9,4,5,0,1,0,3,1,4,0,0,0,1,0,3,0,1,0,2,1,1,3098.04765708
20224,1129002553,15,3,12,0,1,4,5,3,2,0,0,1,0,0,2,0,1,3,5,3,0,2702.38072329
20224,1129002556,5,3,2,0,1,1,1,2,0,0,1,1,1,0,0,0,0,0,0,2,0,7467.18653729
20224,1129002557,5,4,1,0,0,0,2,1,2,0,0,0,1,1,2,0,0,0,1,0,0,4019.66509373
20224,1129002561,5,4,1,0,0,2,2,1,0,0,0,1,2,1,0,0,0,1,0,0,0,3554.67848052
20224,1129002564,5,5,0,0,0,4,1,0,0,0,0,4,1,0,0,0,0,0,0,0,0,1731.86539079
20224,1129002565,10,3,7,0,1,2,3,2,2,0,0,0,1,1,1,0,1,2,2,1,1,2994.35731247
20224,1129002567,5,4,1,0,2,0,1,0,2,0,2,0,1,0,1,0,0,0,0,0,1,3720.18244896
20224,1129002568,81,42,39,0,10,23,17,21,10,0,1,8,9,16,8,0,9,15,8,5,2,8196.50899983
20224,1129002573,1,1,0,0,0,0,1,0,0,0,0,0,1,0,0,0,0,0,0,0,0,3339.90812729
20224,1129002576,63,46,17,1,18,17,10,10,7,0,13,11,10,7,5,1,5,6,0,3,2,5967.04350769
20224,1129002579,34,21,13,0,6,7,9,10,2,0,1,6,7,6,1,0,5,1,2,4,1,17053.0103439
20224,1129002581,18,2,16,0,1,4,5,6,2,0,0,0,0,0,2,0,1,4,5,6,0,17905.3775233
20224,1129002584,2,2,0,0,0,0,2,0,0,0,0,0,2,0,0,0,0,0,0,0,0,1879.20285652
20224,1129002585,6,5,1,0,0,0,1,4,1,0,0,0,1,3,1,0,0,0,0,1,0,3239.42151105
20224,1129002587,8,6,2,0,1,3,0,3,1,0,0,2,0,3,1,0,1,1,0,0,0,4051.08703834
20224,1129002589,14,11,3,0,0,3,4,3,4,0,0,2,4,3,2,0,0,1,0,0,2,2754.49652676
20224,1129002592,9,7,2,0,2,0,2,3,2,0,1,0,1,3,2,0,1,0,1,0,0,2916.68001354
20224,1129002593,2,1,1,0,1,0,1,0,0,0,1,0,0,0,0,0,0,0,1,0,0,3089.87851531
20224,1129002595,3,2,1,0,0,1,0,0,2,0,0,1,0,0,1,0,0,0,0,0,1,2743.62446279
20224,1129002596,30,21,9,0,8,4,7,9,2,0,5,4,4,7,1,0,3,0,3,2,1,5096.81294101
20224,1129002598,6,2,4,0,0,1,2,3,0,0,0,0,0,2,0,0,0,1,2,1,0,2954.52081688
20224,1129002599,2,1,1,0,0,0,0,0,2,0,0,0,0,0,1,0,0,0,0,0,1,3322.787428
20224,1129002601,4,0,4,0,1,2,0,0,1,0,0,0,0,0,0,0,1,2,0,0,1,2887.5691553
20224,1129002604,5,2,3,0,0,4,0,0,1,0,0,1,0,0,1,0,0,3,0,0,0,2945.37651993
20224,1129002605,16,11,5,0,3,5,6,0,2,0,0,5,4,0,2,0,3,0,2,0,0,5030.79771549
20224,1129002606,5,0,5,0,2,1,1,1,0,0,0,0,0,0,0,0,2,1,1,1,0,3406.6579324
20224,1129002607,7,6,1,0,0,0,2,2,3,0,0,0,2,1,3,0,0,0,0,1,0,2853.63565329
20224,1129002608,5,5,0,0,1,0,0,4,0,0,1,0,0,4,0,0,0,0,0,0,0,1764.44399597
20224,1129002609,1,1,0,0,0,0,0,0,1,0,0,0,0,0,1,0,0,0,0,0,0,3407.97190945
20224,1129002611,7,3,4,0,1,2,1,2,1,0,1,0,1,1,0,0,0,2,0,1,1,4435.69379108
20224,1129002615,4,2,2,0,1,0,1,2,0,0,1,0,0,1,0,0,0,0,1,1,0,4732.48136469
20224,1129002617,4,4,0,0,0,1,2,1,0,0,0,1,2,1,0,0,0,0,0,0,0,5978.98811612
20224,1129002625,8,5,3,0,0,4,2,1,1,0,0,2,2,0,1,0,0,2,0,1,0,2978.60877262
20224,1129002627,16,10,6,0,3,3,6,4,0,0,1,3,3,3,0,0,2,0,3,1,0,2139.47305022
20224,1129002628,3,0,3,0,1,0,0,1,1,0,0,0,0,0,0,0,1,0,0,1,1,4128.76653444
20224,1129002629,5,1,4,0,0,0,2,1,2,0,0,0,1,0,0,0,0,0,1,1,2,6003.37456971
20224,1129002630,4,1,3,0,0,0,2,0,2,0,0,0,1,0,0,0,0,0,1,0,2,2510.37714457
20224,1129002631,148,126,22,0,3,6,15,12,112,0,1,3,8,10,104,0,2,3,7,2,8,8749.39789924
20224,1129002632,27,19,8,0,0,0,2,0,25,0,0,0,1,0,18,0,0,0,1,0,7,5589.46694678
20224,1129002633,114,29,85,0,20,18,28,34,14,0,3,10,9,5,2,0,17,8,19,29,12,4306.09884985
20224,1129002635,3,1,2,0,0,0,1,2,0,0,0,0,0,1,0,0,0,0,1,1,0,5819.94689896
20224,1129002636,4,4,0,0,0,0,2,2,0,0,0,0,2,2,0,0,0,0,0,0,0,4374.28950998
20224,1129002639,7,1,6,0,0,0,2,2,3,0,0,0,0,0,1,0,0,0,2,2,2,2129.56325532
20224,1129002640,6,4,2,0,1,2,1,0,2,0,0,1,1,0,2,0,1,1,0,0,0,2527.55636928
20224,1129002642,10,7,3,0,1,1,3,4,1,0,1,1,3,1,1,0,0,0,0,3,0,4197.10978617
20224,1129002643,2,2,0,0,0,0,1,0,1,0,0,0,1,0,1,0,0,0,0,0,0,2360.88167132
20224,1129002648,2,2,0,0,0,0,0,1,1,0,0,0,0,1,1,0,0,0,0,0,0,1571.21259162
20224,1129002649,87,12,75,0,11,25,31,14,6,0,1,3,3,2,3,0,10,22,28,12,3,16350.8188163
20224,1129002654,1,0,1,0,0,0,0,1,0,0,0,0,0,0,0,0,0,0,0,1,0,1823.49051811
20224,1129002655,1,1,0,0,0,0,1,0,0,0,0,0,1,0,0,0,0,0,0,0,0,1060.44170941
20224,1129002658,11,7,4,0,0,1,1,8,1,0,0,0,1,5,1,0,0,1,0,3,0,4985.03332929
20224,1129002662,25,9,16,0,1,4,10,9,1,0,0,2,3,4,0,0,1,2,7,5,1,6278.119058
20224,1129002663,11,3,8,0,0,0,2,5,4,0,0,0,0,1,2,0,0,0,2,4,2,1731.77395699
20224,1129002664,3,1,2,0,1,0,1,1,0,0,0,0,0,1,0,0,1,0,1,0,0,1453.55747439
20224,1129002665,10,4,6,0,0,2,3,3,2,0,0,1,0,2,1,0,0,1,3,1,1,5747.70521949
20224,1129002666,12,5,7,0,2,2,0,1,7,0,0,0,0,1,4,0,2,2,0,0,3,5995.61155262
20224,1129002668,10,3,7,0,1,2,3,2,2,0,0,0,1,1,1,0,1,2,2,1,1,5851.72137031
20224,1129002670,2,2,0,0,0,0,0,2,0,0,0,0,0,2,0,0,0,0,0,0,0,2788.75526557
20224,1129002673,27,21,6,0,0,2,1,3,21,0,0,1,1,2,17,0,0,1,0,1,4,4862.8791621
20224,1129002674,4,0,4,0,1,0,2,1,0,0,0,0,0,0,0,0,1,0,2,1,0,2498.35934028
20224,1129002677,12,4,8,0,4,1,4,2,1,0,0,0,2,1,1,0,4,1,2,1,0,1904.20590089
20224,1129002679,3,2,1,0,0,0,0,0,3,0,0,0,0,0,2,0,0,0,0,0,1,4924.09713631
20224,1129002682,9,1,8,0,0,0,1,3,5,0,0,0,0,0,1,0,0,0,1,3,4,2644.42795867
20224,1129002683,6,6,0,0,0,2,0,2,2,0,0,2,0,2,2,0,0,0,0,0,0,3570.53634428
20224,1129002684,7,1,6,0,0,0,4,2,1,0,0,0,0,0,1,0,0,0,4,2,0,3253.26233681
20224,1129002685,3,1,2,0,0,0,1,2,0,0,0,0,1,0,0,0,0,0,0,2,0,2742.11007194
20224,1129002687,10,7,3,0,0,5,1,2,2,0,0,5,1,0,1,0,0,0,0,2,1,7938.3393892
20224,1129002690,18,8,10,0,2,6,3,4,3,0,0,3,1,2,2,0,2,3,2,2,1,3714.12072191
20224,1129002695,4,3,1,0,0,1,2,1,0,0,0,0,2,1,0,0,0,1,0,0,0,4085.75902319
20224,1129002702,5,3,2,0,0,1,0,1,3,0,0,1,0,0,2,0,0,0,0,1,1,3769.06679114
20224,1129002704,7,6,1,0,0,1,4,2,0,0,0,1,3,2,0,0,0,0,1,0,0,4457.02163493
20224,1129002707,9,6,3,0,1,0,2,2,4,0,0,0,1,2,3,0,1,0,1,0,1,5398.11540919
20224,1129002715,12,5,7,0,0,5,2,2,3,0,0,1,0,1,3,0,0,4,2,1,0,3266.53012563
20224,1129002716,3,0,3,0,0,1,0,1,1,0,0,0,0,0,0,0,0,1,0,1,1,1931.37648281
20224,1129002717,36,29,7,0,0,1,1,4,30,0,0,1,1,2,25,0,0,0,0,2,5,3688.56911079
20224,1129002719,2,2,0,0,1,0,0,0,1,0,1,0,0,0,1,0,0,0,0,0,0,3254.93154777
20224,1129002720,565,404,161,2,38,93,150,164,118,2,20,49,104,131,98,0,18,44,46,33,20,2077.2126593
20224,1129002725,2,1,1,0,0,0,0,1,1,0,0,0,0,0,1,0,0,0,0,1,0,3499.02911257
20224,1129002726,2,1,1,0,0,0,0,1,1,0,0,0,0,0,1,0,0,0,0,1,0,1933.88301606
20224,1129002730,2,2,0,0,0,0,0,2,0,0,0,0,0,2,0,0,0,0,0,0,0,3282.77444721
20224,1129002734,5,4,1,0,0,1,2,1,1,0,0,0,2,1,1,0,0,1,0,0,0,847.865646984
20224,1129002736,4,3,1,0,0,0,1,0,3,0,0,0,1,0,2,0,0,0,0,0,1,5694.24589366
20224,1129002737,4,2,2,0,0,1,2,0,1,0,0,0,1,0,1,0,0,1,1,0,0,2754.77750146
20224,1129002741,2,1,1,0,0,0,1,0,1,0,0,0,0,0,1,0,0,0,1,0,0,2562.34874275
20224,1129002745,9,7,2,0,0,2,2,3,2,0,0,2,2,2,1,0,0,0,0,1,1,5084.56377248
20224,1129002750,3,2,1,0,0,1,0,0,2,0,0,1,0,0,1,0,0,0,0,0,1,1751.86419898
20224,1129002758,4,1,3,0,0,1,2,0,1,0,0,0,1,0,0,0,0,1,1,0,1,2032.30119427
20224,1129002761,2,0,2,0,1,0,0,1,0,0,0,0,0,0,0,0,1,0,0,1,0,1916.7802284
20224,1129002766,2,1,1,0,1,0,0,1,0,0,0,0,0,1,0,0,1,0,0,0,0,1371.74301888
20224,1129002767,7,3,4,0,4,2,1,0,0,0,1,1,1,0,0,0,3,1,0,0,0,6720.94929957
20224,1129002773,7,7,0,0,0,1,1,2,3,0,0,1,1,2,3,0,0,0,0,0,0,2500.34206656
20224,1129002774,16,5,11,0,9,6,1,0,0,0,2,2,1,0,0,0,7,4,0,0,0,3943.36895136
20224,1129002775,2,2,0,0,1,0,0,1,0,0,1,0,0,1,0,0,0,0,0,0,0,3814.52448146
20224,1129002776,10,7,3,0,0,4,3,3,0,0,0,2,2,3,0,0,0,2,1,0,0,1532.19359293
20224,1129002778,23,18,5,0,2,6,5,7,3,0,2,4,4,5,3,0,0,2,1,2,0,12590.4931161
20224,1129002779,3,1,2,0,1,0,1,1,0,0,0,0,1,0,0,0,1,0,0,1,0,1372.59984558
20224,1129002781,2,2,0,0,0,0,0,1,1,0,0,0,0,1,1,0,0,0,0,0,0,2261.09676806
20224,1129002784,125,123,2,0,2,0,11,40,72,0,1,0,11,39,72,0,1,0,0,1,0,3693.64751755
20224,1129002785,4,2,2,0,0,0,2,2,0,0,0,0,1,1,0,0,0,0,1,1,0,3498.06829637
20224,1129002786,4,1,3,0,0,2,2,0,0,0,0,0,1,0,0,0,0,2,1,0,0,655.826889159
20224,1129002787,2,1,1,0,0,0,0,2,0,0,0,0,0,1,0,0,0,0,0,1,0,2345.73109473
20224,1129002790,3,2,1,0,0,0,2,1,0,0,0,0,1,1,0,0,0,0,1,0,0,1652.94996883
20224,1129002791,8,6,2,0,0,0,3,2,3,0,0,0,2,1,3,0,0,0,1,1,0,2938.08656253
20224,1129002792,126,122,4,0,0,2,16,52,56,0,0,1,14,52,55,0,0,1,2,0,1,6214.95408465
20224,1129002793,41,17,24,0,15,11,4,9,2,0,7,3,2,3,2,0,8,8,2,6,0,6260.91425155
20224,1129002796,5,4,1,0,0,0,2,1,2,0,0,0,2,1,1,0,0,0,0,0,1,2930.33158532
20224,1129002797,2,2,0,0,0,0,0,2,0,0,0,0,0,2,0,0,0,0,0,0,0,1334.1946941
20224,1129002800,120,42,78,0,21,28,28,34,9,0,4,14,13,8,3,0,17,14,15,26,6,12145.2760122
20224,1129002801,6,4,2,0,0,0,2,3,1,0,0,0,1,2,1,0,0,0,1,1,0,5325.02844834
20224,1129002805,46,21,25,0,13,11,12,7,3,0,5,6,6,3,1,0,8,5,6,4,2,2487.99968821
20224,1129002807,4,2,2,0,0,2,0,2,0,0,0,1,0,1,0,0,0,1,0,1,0,1227.61801799
20224,1129002816,12,9,3,0,1,3,3,5,0,0,0,3,2,4,0,0,1,0,1,1,0,1079.26453681
20224,1129002817,2,2,0,0,0,0,2,0,0,0,0,0,2,0,0,0,0,0,0,0,0,726.300693196
20224,1129002819,55,30,25,5,18,10,14,5,3,1,11,7,8,2,1,4,7,3,6,3,2,4943.48173046
20224,1129002823,5,4,1,0,0,1,2,2,0,0,0,0,2,2,0,0,0,1,0,0,0,1760.40886155
20224,1129002832,3,2,1,0,0,0,2,1,0,0,0,0,1,1,0,0,0,0,1,0,0,4964.84332294
20224,1129002834,2,2,0,0,0,0,0,0,2,0,0,0,0,0,2,0,0,0,0,0,0,2475.34126798
20224,1129002837,5,3,2,0,1,0,1,3,0,0,0,0,0,3,0,0,1,0,1,0,0,5796.65856921
20224,1129002840,5,4,1,0,0,1,2,1,1,0,0,1,1,1,1,0,0,0,1,0,0,1827.81869652
20224,1129002842,7,2,5,0,1,3,1,2,0,0,0,1,0,1,0,0,1,2,1,1,0,6284.94124142
20224,1129002851,15,4,11,0,3,0,1,7,4,0,2,0,0,1,1,0,1,0,1,6,3,8720.90612591
20224,1129002852,12,5,7,0,0,2,3,4,3,0,0,2,0,1,2,0,0,0,3,3,1,1698.31759891
20224,1129002853,7,6,1,0,0,1,1,2,3,0,0,1,1,1,3,0,0,0,0,1,0,5516.51261701
20224,1129002854,4,4,0,0,0,1,2,1,0,0,0,1,2,1,0,0,0,0,0,0,0,2710.35363206
20224,1129002858,7,6,1,1,0,2,1,2,1,1,0,2,1,1,1,0,0,0,0,1,0,3073.05659004
20224,1129002859,2,2,0,0,0,0,0,2,0,0,0,0,0,2,0,0,0,0,0,0,0,912.377375488
20224,1129002864,19,0,19,0,6,4,6,3,0,0,0,0,0,0,0,0,6,4,6,3,0,5241.47265617
20224,1129002868,87,36,51,0,32,49,4,0,2,0,4,30,1,0,1,0,28,19,3,0,1,4778.24848515
20224,1129002869,26,19,7,0,1,4,9,12,0,0,1,1,7,10,0,0,0,3,2,2,0,4862.19712695
20224,1129002886,61,26,35,0,6,26,16,10,3,0,3,13,5,2,3,0,3,13,11,8,0,12937.086627
20224,1129002910,3,2,1,0,0,0,2,0,1,0,0,0,1,0,1,0,0,0,1,0,0,2748.40653281
20224,1129002919,4,1,3,0,1,0,1,0,2,0,0,0,0,0,1,0,1,0,1,0,1,5346.90475408
20224,1129002927,2,1,1,0,0,0,0,0,2,0,0,0,0,0,1,0,0,0,0,0,1,2031.61796756
20224,1129002930,11,7,4,0,1,4,4,1,1,0,0,2,3,1,1,0,1,2,1,0,0,2917.91822692
20224,1129002931,99,57,42,0,20,18,34,13,14,0,12,12,16,6,11,0,8,6,18,7,3,5917.60132611
20224,1129002935,5,3,2,0,0,2,0,2,1,0,0,2,0,0,1,0,0,0,0,2,0,2788.91613672
20224,1129002936,8,6,2,0,0,1,0,4,3,0,0,1,0,2,3,0,0,0,0,2,0,4209.43661227
20224,1129002937,9,5,4,0,1,2,2,3,1,0,1,1,2,1,0,0,0,1,0,2,1,3205.47302214
20224,1129002941,27,3,24,0,0,7,7,10,3,0,0,1,0,0,2,0,0,6,7,10,1,9462.01415392
20224,1129002944,8,5,3,0,0,1,2,2,3,0,0,0,1,1,3,0,0,1,1,1,0,2238.99396323
20224,1129002948,67,51,16,0,2,4,23,19,19,0,2,3,19,10,17,0,0,1,4,9,2,2873.86745986
20224,1129002949,10,7,3,0,0,0,3,1,6,0,0,0,1,1,5,0,0,0,2,0,1,3938.87154449
20224,1129002951,40,20,20,0,13,7,8,8,4,0,6,2,3,6,3,0,7,5,5,2,1,5828.0541768
20224,1129002972,2,1,1,0,0,0,0,0,2,0,0,0,0,0,1,0,0,0,0,0,1,2621.12324854
20224,1129002974,155,88,67,0,18,40,27,50,20,0,7,17,14,33,17,0,11,23,13,17,3,3755.62725514
20224,1129002975,33,20,13,0,5,11,12,2,3,0,1,6,10,2,1,0,4,5,2,0,2,5364.05410242
20224,1129002983,1,0,1,0,0,1,0,0,0,0,0,0,0,0,0,0,0,1,0,0,0,3203.53912984
20224,1129002986,7,7,0,0,1,0,3,2,1,0,1,0,3,2,1,0,0,0,0,0,0,1964.76823561
20224,1129002992,2,1,1,0,1,0,1,0,0,0,0,0,1,0,0,0,1,0,0,0,0,3620.09909732
20224,1129003001,2,1,1,0,0,0,2,0,0,0,0,0,1,0,0,0,0,0,1,0,0,1209.95623379
20224,1129003002,28,18,10,0,0,3,8,11,6,0,0,1,2,10,5,0,0,2,6,1,1,3486.72686105
20224,1129003004,4,2,2,0,1,0,1,1,1,0,0,0,1,0,1,0,1,0,0,1,0,3460.20011502
20224,1129003006,1,1,0,0,0,0,0,0,1,0,0,0,0,0,1,0,0,0,0,0,0,1059.83553501
20224,1129003009,6,6,0,0,1,0,3,1,1,0,1,0,3,1,1,0,0,0,0,0,0,1450.63182255
20224,1129003011,16,4,12,0,2,2,7,3,2,0,0,0,3,0,1,0,2,2,4,3,1,3668.58276496
20224,1129003012,2,0,2,0,0,0,0,1,1,0,0,0,0,0,0,0,0,0,0,1,1,3522.87732936
20224,1129003015,3,2,1,0,1,0,1,1,0,0,1,0,1,0,0,0,0,0,0,1,0,9087.93614223
20224,1129003017,28,8,20,0,2,8,8,7,3,0,0,0,1,4,3,0,2,8,7,3,0,1183.50498078
20224,1129003018,136,133,3,0,1,1,12,38,84,0,1,0,10,38,84,0,0,1,2,0,0,2062.31053703
20224,1129003019,10,7,3,0,1,1,6,1,1,0,1,0,4,1,1,0,0,1,2,0,0,4045.47881746
20224,1129003020,2,1,1,0,0,0,2,0,0,0,0,0,1,0,0,0,0,0,1,0,0,1942.32683499
20224,1129003027,20,7,13,0,5,3,3,5,4,0,0,0,1,3,3,0,5,3,2,2,1,8796.2157041
20224,1129003034,8,5,3,0,0,6,2,0,0,0,0,4,1,0,0,0,0,2,1,0,0,2252.69009991
20224,1129003035,10,5,5,0,0,2,5,2,1,0,0,0,2,2,1,0,0,2,3,0,0,3717.01820287
20224,1129003037,24,10,14,0,2,5,9,7,1,0,0,1,3,5,1,0,2,4,6,2,0,3592.73380512
20224,1129003040,7,2,5,0,0,3,2,2,0,0,0,0,0,2,0,0,0,3,2,0,0,1806.45537376
20224,1129003041,32,14,18,0,0,3,8,13,8,0,0,1,4,6,3,0,0,2,4,7,5,1171.40095398
20224,1129003042,38,15,23,2,8,11,8,6,3,0,1,4,2,5,3,2,7,7,6,1,0,3380.26247304
20224,1129003044,33,7,26,1,8,9,4,8,3,0,0,2,0,3,2,1,8,7,4,5,1,4444.42123654
20224,1129003048,3,1,2,0,0,0,1,2,0,0,0,0,0,1,0,0,0,0,1,1,0,2832.81298506
20224,1129003053,13,8,5,0,2,3,3,1,4,0,2,3,1,0,2,0,0,0,2,1,2,4899.77519327
20224,1129003056,55,19,36,0,16,7,16,9,7,0,1,2,6,4,6,0,15,5,10,5,1,9543.35996833
20224,1129003057,266,130,136,2,34,33,57,86,54,1,11,14,27,40,37,1,23,19,30,46,17,3459.89958581
20224,1129003065,1,1,0,0,0,0,0,1,0,0,0,0,0,1,0,0,0,0,0,0,0,3031.1257573
20224,1129003067,116,53,63,1,31,45,23,11,5,0,9,19,15,6,4,1,22,26,8,5,1,1960.73629351
20224,1129003070,6,0,6,0,0,1,4,0,1,0,0,0,0,0,0,0,0,1,4,0,1,5567.76679718
20224,1129003072,65,31,34,0,9,5,17,23,11,0,4,0,9,11,7,0,5,5,8,12,4,4084.44073694
20224,1129003076,3,1,2,0,0,1,0,1,1,0,0,0,0,0,1,0,0,1,0,1,0,3919.40052077
20224,1129003086,14,12,2,0,0,2,3,3,6,0,0,0,3,3,6,0,0,2,0,0,0,3887.31598407
20224,1129003093,25,1,24,0,4,12,6,3,0,0,0,0,1,0,0,0,4,12,5,3,0,3041.20758308
20224,1129003094,3,2,1,0,0,0,3,0,0,0,0,0,2,0,0,0,0,0,1,0,0,8172.03536645
20224,1129003095,7,4,3,0,1,0,3,2,1,0,1,0,1,1,1,0,0,0,2,1,0,3287.98730611
20224,1129003097,23,13,10,0,0,3,5,9,6,0,0,3,3,3,4,0,0,0,2,6,2,3464.49313751
20224,1129003099,3,1,2,0,0,1,2,0,0,0,0,0,1,0,0,0,0,1,1,0,0,2437.33057751
20224,1129003101,6,2,4,0,0,2,2,2,0,0,0,0,1,1,0,0,0,2,1,1,0,2336.92079312
20224,1129003107,6,4,2,0,0,2,2,0,2,0,0,0,2,0,2,0,0,2,0,0,0,7505.19828178
20224,1129003109,12,6,6,0,0,3,3,2,4,0,0,2,0,2,2,0,0,1,3,0,2,18992.0131998
20224,1129003111,2,1,1,0,0,2,0,0,0,0,0,1,0,0,0,0,0,1,0,0,0,4060.99282654
20224,1129003113,18,12,6,0,0,4,10,2,2,0,0,3,7,0,2,0,0,1,3,2,0,2851.67362311
20224,1129003114,3,2,1,0,0,0,1,2,0,0,0,0,1,1,0,0,0,0,0,1,0,4542.76132568
20224,1129003115,41,17,24,0,13,14,12,2,0,0,2,5,8,2,0,0,11,9,4,0,0,2321.60310198
20224,1129003118,2,1,1,0,0,0,0,1,1,0,0,0,0,0,1,0,0,0,0,1,0,8901.25138938
20224,1129003120,8,4,4,0,0,4,4,0,0,0,0,1,3,0,0,0,0,3,1,0,0,2976.72600347
20224,1129003121,27,11,16,0,2,7,8,7,3,0,1,3,3,1,3,0,1,4,5,6,0,7438.25700464
20224,1129003124,21,17,4,0,3,7,4,4,3,0,3,7,2,3,2,0,0,0,2,1,1,3758.3609374
20224,1129003126,20,4,16,0,4,9,1,4,2,0,0,3,0,0,1,0,4,6,1,4,1,10382.2676633
20224,1129003127,12,7,5,0,4,6,1,1,0,0,0,5,1,1,0,0,4,1,0,0,0,8359.50708252
20224,1129003138,7,3,4,0,1,3,3,0,0,0,0,2,1,0,0,0,1,1,2,0,0,3398.92620896
20224,1129003145,22,9,13,0,0,6,7,8,1,0,0,1,1,6,1,0,0,5,6,2,0,18146.0066388
20224,1129003166,14,5,9,0,3,5,3,2,1,0,0,2,1,2,0,0,3,3,2,0,1,1747.5660384
20224,1129003168,3,2,1,0,0,1,0,0,2,0,0,1,0,0,1,0,0,0,0,0,1,3334.32217404
20224,1129003174,171,86,85,0,29,43,52,38,9,0,15,28,26,12,5,0,14,15,26,26,4,4851.09342493
20224,1129003176,6,2,4,0,0,0,1,3,2,0,0,0,0,2,0,0,0,0,1,1,2,181549.710325
20224,1129003179,11,1,10,0,1,1,7,2,0,0,1,0,0,0,0,0,0,1,7,2,0,3261.56125899
20224,1129003182,4,2,2,0,0,1,0,1,2,0,0,0,0,1,1,0,0,1,0,0,1,1980.18975681
20224,1129003189,55,13,42,0,5,15,16,12,7,0,0,2,2,3,6,0,5,13,14,9,1,12230.9123414
20224,1129003190,16,7,9,0,0,2,6,3,5,0,0,1,2,2,2,0,0,1,4,1,3,3942.95807901
20224,1129003193,22,10,12,0,0,3,3,12,4,0,0,0,1,6,3,0,0,3,2,6,1,1670.69693616
20224,1129003196,121,20,101,0,13,36,43,22,7,0,0,6,4,6,4,0,13,30,39,16,3,24379.2435096
20224,1129003197,10,3,7,0,1,2,5,1,1,0,0,2,1,0,0,0,1,0,4,1,1,2403.76775529
20224,1129003198,1,0,1,0,0,0,0,1,0,0,0,0,0,0,0,0,0,0,0,1,0,769.525965648
20224,1129003200,6,6,0,0,0,2,3,1,0,0,0,2,3,1,0,0,0,0,0,0,0,4424.47588641
20224,1129003202,2,1,1,0,0,0,2,0,0,0,0,0,1,0,0,0,0,0,1,0,0,7898.64081648
20224,1129003205,4,4,0,0,0,2,2,0,0,0,0,2,2,0,0,0,0,0,0,0,0,1771.36682709
20224,1129003206,3,2,1,0,0,1,0,2,0,0,0,1,0,1,0,0,0,0,0,1,0,5373.71201391
20224,1129003208,1,1,0,0,0,0,0,0,1,0,0,0,0,0,1,0,0,0,0,0,0,1465.64428187
20224,1129003209,6,5,1,0,0,0,3,3,0,0,0,0,2,3,0,0,0,0,1,0,0,1361.52460671
20224,1129003212,17,8,9,0,0,0,8,6,3,0,0,0,4,2,2,0,0,0,4,4,1,9885.7222336
20224,1129003222,31,19,12,0,5,7,11,4,4,0,3,6,7,2,1,0,2,1,4,2,3,3405.47119231
20224,1129003226,86,43,43,0,14,15,21,22,14,0,5,9,10,12,7,0,9,6,11,10,7,4535.9669593
20224,1129003227,533,183,350,0,153,150,124,77,29,0,34,55,33,33,28,0,119,95,91,44,1,8808.63119494
20224,1129003232,5,2,3,0,1,1,0,1,2,0,1,0,0,0,1,0,0,1,0,1,1,856.310424617
20224,1129003239,33,16,17,0,5,7,10,6,5,0,0,5,4,3,4,0,5,2,6,3,1,23681.685196
20224,1129003245,4,3,1,0,1,0,2,1,0,0,1,0,1,1,0,0,0,0,1,0,0,2856.74893881
20224,1129003249,12,9,3,0,1,3,3,2,3,0,1,1,2,2,3,0,0,2,1,0,0,1993.59907756
20224,1129003251,59,31,28,0,2,10,17,22,8,0,1,5,11,10,4,0,1,5,6,12,4,16240.7449186
20224,1129003252,12,5,7,0,1,3,5,2,1,0,0,1,3,1,0,0,1,2,2,1,1,5033.99382824
20224,1129003253,12,7,5,0,0,0,1,3,8,0,0,0,0,1,6,0,0,0,1,2,2,2129.75096584
20224,1129003256,19,9,10,0,6,6,4,2,1,0,0,5,2,2,0,0,6,1,2,0,1,3204.65340618
20224,1129003259,2,1,1,0,0,0,0,1,1,0,0,0,0,1,0,0,0,0,0,0,1,2732.20612794
20224,1129003260,29,18,11,0,5,1,7,15,1,0,2,1,7,7,1,0,3,0,0,8,0,1707.01936264
20224,1129003263,24,7,17,0,2,9,6,4,3,0,0,3,1,0,3,0,2,6,5,4,0,9576.02661646
20224,1129003264,4,4,0,0,0,0,2,2,0,0,0,0,2,2,0,0,0,0,0,0,0,1866.95626467
20224,1129003266,10,5,5,0,1,1,3,4,1,0,0,1,1,2,1,0,1,0,2,2,0,15326.443464
20224,1129003268,2,1,1,0,0,0,1,0,1,0,0,0,0,0,1,0,0,0,1,0,0,1968.88106601
20224,1129003269,18,3,15,0,2,1,5,9,1,0,1,1,0,1,0,0,1,0,5,8,1,7699.40582463
20224,1129003272,10,6,4,0,2,3,2,1,2,0,1,2,2,0,1,0,1,1,0,1,1,2717.33802711
20224,1129003274,8,3,5,0,0,2,4,2,0,0,0,1,0,2,0,0,0,1,4,0,0,8069.38302156
20224,1129003276,2,1,1,0,0,0,0,0,2,0,0,0,0,0,1,0,0,0,0,0,1,2821.19217976
20224,1129003277,101,98,3,0,1,0,14,42,44,0,1,0,13,41,43,0,0,0,1,1,1,1796.42265556
20224,1129003286,14,10,4,0,0,1,3,6,4,0,0,1,1,4,4,0,0,0,2,2,0,2803.45377912
20224,1129003291,62,14,48,0,16,15,11,16,4,0,6,0,3,1,4,0,10,15,8,15,0,9791.84305715
20224,1129003295,10,7,3,0,0,3,5,1,1,0,0,1,4,1,1,0,0,2,1,0,0,150658.194233
20224,1129003297,23,8,15,0,2,5,6,7,3,0,2,2,2,1,1,0,0,3,4,6,2,9142.43887075
20224,1129003298,25,13,12,0,3,9,3,7,3,0,2,3,1,4,3,0,1,6,2,3,0,153132.017996
20224,1129003301,20,14,6,0,3,1,6,6,4,0,2,0,5,4,3,0,1,1,1,2,1,1986.76351246
20224,1129003304,3,3,0,0,0,2,1,0,0,0,0,2,1,0,0,0,0,0,0,0,0,1672.5735129
20224,1129003306,666,585,81,0,148,331,158,26,3,0,103,307,146,26,3,0,45,24,12,0,0,1713.6508946
20224,1129003307,370,339,31,0,8,32,123,158,49,0,3,30,113,151,42,0,5,2,10,7,7,19495.1816125
20224,1129003308,120,56,64,0,0,6,11,6,97,0,0,3,6,2,45,0,0,3,5,4,52,10581.0911798
20224,1129003310,102,47,55,0,5,39,36,19,3,0,1,12,17,14,3,0,4,27,19,5,0,2770.65655474
20224,1129003312,141,122,19,13,33,39,25,25,6,12,27,34,22,21,6,1,6,5,3,4,0,7673.80725909
20224,1129003313,3,3,0,0,0,0,0,0,3,0,0,0,0,0,3,0,0,0,0,0,0,3708.91559748
20224,1129003315,28,17,11,0,2,6,6,10,4,0,2,3,3,6,3,0,0,3,3,4,1,2017.5094654
20224,1129003316,3,3,0,0,0,1,0,2,0,0,0,1,0,2,0,0,0,0,0,0,0,7841.78248881
20224,1129003318,3,3,0,0,0,1,2,0,0,0,0,1,2,0,0,0,0,0,0,0,0,3548.22422424
20224,1129003322,12,10,2,0,0,1,4,5,2,0,0,1,3,4,2,0,0,0,1,1,0,10755.1635351
20224,1129003324,16,11,5,0,1,2,5,4,4,0,1,2,2,3,3,0,0,0,3,1,1,1769.06303048
20224,1129003327,7,4,3,0,0,0,1,0,6,0,0,0,0,0,4,0,0,0,1,0,2,5166.20165654
20224,1129003328,3,2,1,0,0,1,2,0,0,0,0,0,2,0,0,0,0,1,0,0,0,3729.29810905
20224,1129003329,4,2,2,0,0,0,2,1,1,0,0,0,1,0,1,0,0,0,1,1,0,1848.52853895
20224,1129003331,22,19,3,0,3,4,4,6,5,0,2,3,4,5,5,0,1,1,0,1,0,7748.36793471
20224,1129003332,55,37,18,2,20,10,13,6,4,2,14,8,6,4,3,0,6,2,7,2,1,215719.067956
20224,1129003335,28,12,16,0,1,3,9,12,3,0,0,1,6,4,1,0,1,2,3,8,2,2418.6848547
20224,1129003342,3,1,2,0,0,0,3,0,0,0,0,0,1,0,0,0,0,0,2,0,0,2311.70677967
20224,1129003344,45,37,8,0,4,18,17,3,3,0,4,15,12,3,3,0,0,3,5,0,0,5244.6227638
20224,1129003345,2,1,1,0,0,1,0,1,0,0,0,0,0,1,0,0,0,1,0,0,0,28853.8807185
20224,1129003346,11,6,5,0,0,0,6,4,1,0,0,0,3,2,1,0,0,0,3,2,0,2029.67296716
20224,1129003350,4,1,3,0,1,0,1,0,2,0,0,0,0,0,1,0,1,0,1,0,1,10586.870596
20224,1129003353,3,2,1,0,0,0,0,2,1,0,0,0,0,2,0,0,0,0,0,0,1,461.241539054
20224,1129003354,10,1,9,0,3,1,2,4,0,0,0,0,0,1,0,0,3,1,2,3,0,2251.90633398
20224,1129003359,2,1,1,0,0,0,0,0,2,0,0,0,0,0,1,0,0,0,0,0,1,1821.31091352
20224,1129003364,9,5,4,0,1,2,2,2,2,0,0,2,1,1,1,0,1,0,1,1,1,11256.0176298
20224,1129003367,20,14,6,0,3,2,6,9,0,0,2,2,6,4,0,0,1,0,0,5,0,8646.12487479
20224,1129003374,23,4,19,0,6,5,7,3,2,0,2,1,0,0,1,0,4,4,7,3,1,2200.62430712
20224,1129003382,16,14,2,0,6,4,3,3,0,0,5,4,3,2,0,0,1,0,0,1,0,3529.9245972
20224,1129003383,6,4,2,0,1,1,1,1,2,0,0,1,0,1,2,0,1,0,1,0,0,3301.58478418
20224,1129003386,1,0,1,0,0,0,1,0,0,0,0,0,0,0,0,0,0,0,1,0,0,9178.45469356
20224,1129003387,46,1,45,0,3,5,2,12,24,0,0,0,0,0,1,0,3,5,2,12,23,14015.5105883
20224,1129003389,39,6,33,0,9,7,12,7,4,0,1,2,1,1,1,0,8,5,11,6,3,4351.27532063
20224,1129003396,6,3,3,0,1,2,0,3,0,0,0,1,0,2,0,0,1,1,0,1,0,3011.66059464
20224,1129003398,10,10,0,0,0,3,1,3,3,0,0,3,1,3,3,0,0,0,0,0,0,5080.71253135
20224,1129003399,16,9,7,0,2,3,7,3,1,0,1,2,2,3,1,0,1,1,5,0,0,3711.03540675
20224,1129003402,19,10,9,0,2,3,7,2,5,0,0,2,2,2,4,0,2,1,5,0,1,12604.4376944
20224,1129003403,42,9,33,0,7,18,10,7,0,0,0,7,1,1,0,0,7,11,9,6,0,18062.061525
20224,1129003404,7,1,6,0,2,4,1,0,0,0,0,0,1,0,0,0,2,4,0,0,0,5851.29808174
20224,1129003405,3,2,1,0,0,0,0,2,1,0,0,0,0,1,1,0,0,0,0,1,0,4626.82329492
20224,1129003407,4,2,2,0,1,2,1,0,0,0,0,1,1,0,0,0,1,1,0,0,0,5369.19492692
20224,1129003413,215,79,136,0,76,90,36,9,4,0,22,30,18,6,3,0,54,60,18,3,1,176517.546399
20224,1129003416,13,5,8,0,0,0,2,4,7,0,0,0,1,0,4,0,0,0,1,4,3,43289.3628752
20224,1129003420,2,1,1,0,0,0,1,0,1,0,0,0,0,0,1,0,0,0,1,0,0,5783.34671246
20224,1129003425,7,3,4,0,1,0,1,5,0,0,1,0,0,2,0,0,0,0,1,3,0,13173.9466361
20224,1129003430,9,5,4,0,1,1,0,4,3,0,0,0,0,2,3,0,1,1,0,2,0,11398.3199726
20224,1129003438,6,3,3,0,2,0,0,2,2,0,2,0,0,0,1,0,0,0,0,2,1,5201.4781763
20224,1129003439,7,3,4,0,1,0,0,3,3,0,1,0,0,1,1,0,0,0,0,2,2,3907.40446867
20224,1129003449,95,65,30,0,5,11,27,19,33,0,1,6,14,16,28,0,4,5,13,3,5,187810.655269
20224,1129003454,4,1,3,0,0,1,2,0,1,0,0,0,0,0,1,0,0,1,2,0,0,1635.74900217
20224,1129003458,5,2,3,0,0,0,0,2,3,0,0,0,0,1,1,0,0,0,0,1,2,3125.20783225
20224,1129003459,5,2,3,0,2,2,0,1,0,0,0,1,0,1,0,0,2,1,0,0,0,5154.16300387
20224,1129003461,9,2,7,0,0,4,2,3,0,0,0,0,1,1,0,0,0,4,1,2,0,895.469127812
20224,1129003462,6,5,1,0,2,1,3,0,0,0,2,1,2,0,0,0,0,0,1,0,0,2256.17247661
20224,1129003463,2,1,1,0,0,0,0,0,2,0,0,0,0,0,1,0,0,0,0,0,1,2883.31968909
20224,1129003464,2,1,1,0,0,0,0,2,0,0,0,0,0,1,0,0,0,0,0,1,0,6440.32625528
20224,1129003465,20,4,16,0,8,2,5,4,1,0,1,0,1,2,0,0,7,2,4,2,1,10892.0161003
20224,1129003466,5,3,2,0,0,1,1,2,1,0,0,1,0,1,1,0,0,0,1,1,0,1605.80721062
20224,1129003471,185,147,38,0,1,2,19,73,90,0,0,2,16,64,65,0,1,0,3,9,25,11444.966217
20224,1129003472,9,3,6,0,0,1,6,1,1,0,0,0,2,0,1,0,0,1,4,1,0,4741.68292349
20224,1129003473,6,4,2,0,1,0,1,3,1,0,1,0,1,2,0,0,0,0,0,1,1,7415.77253621
20224,1129003475,28,14,14,0,0,2,10,7,9,0,0,0,4,3,7,0,0,2,6,4,2,15399.1824614
20224,1129003478,9,8,1,0,0,0,2,3,4,0,0,0,1,3,4,0,0,0,1,0,0,2173.44061398
20224,1129003481,4,3,1,0,0,1,2,0,1,0,0,1,1,0,1,0,0,0,1,0,0,2720.8337914
20224,1129003488,12,10,2,0,0,2,5,3,2,0,0,2,3,3,2,0,0,0,2,0,0,2759.1334116
20224,1129003490,64,55,9,0,7,3,9,19,26,0,7,0,7,17,24,0,0,3,2,2,2,5127.06380089
20224,1129003491,5,5,0,0,0,0,1,3,1,0,0,0,1,3,1,0,0,0,0,0,0,3840.8570141
20224,1129003492,14,3,11,0,1,1,7,1,4,0,0,0,0,0,3,0,1,1,7,1,1,4444.62520214
20224,1129003494,54,43,11,0,1,4,13,25,11,0,0,4,10,20,9,0,1,0,3,5,2,10865.6456726
20224,1129003495,1,0,1,0,0,0,0,0,1,0,0,0,0,0,0,0,0,0,0,0,1,7080.28371426
20224,1129003497,43,24,19,0,5,12,12,7,7,0,3,7,4,6,4,0,2,5,8,1,3,12197.3477535
20224,1129003501,50,18,32,0,11,11,7,15,6,0,0,1,3,9,5,0,11,10,4,6,1,9558.81610453
20224,1129003502,3,1,2,0,0,1,1,1,0,0,0,0,0,1,0,0,0,1,1,0,0,2814.81008911
20224,1129003503,9,7,2,0,1,0,3,4,1,0,1,0,2,3,1,0,0,0,1,1,0,4808.585719
20224,1129003504,13,11,2,0,0,1,3,3,6,0,0,1,3,2,5,0,0,0,0,1,1,2850.58247671
20224,1129003505,1,0,1,0,0,0,1,0,0,0,0,0,0,0,0,0,0,0,1,0,0,5077.2057616
20224,1129003507,2,0,2,0,0,0,1,1,0,0,0,0,0,0,0,0,0,0,1,1,0,2091.02593302
20224,1129003512,9,7,2,0,1,0,4,2,2,0,1,0,3,1,2,0,0,0,1,1,0,8231.56905744
20224,1129003516,6,3,3,0,3,1,2,0,0,0,1,1,1,0,0,0,2,0,1,0,0,15508.1357462
20224,1129003518,15,1,14,0,6,2,3,4,0,0,0,0,1,0,0,0,6,2,2,4,0,3969.57837388
20224,1129003529,13,10,3,0,0,4,8,0,1,0,0,3,6,0,1,0,0,1,2,0,0,9025.84763106
20224,1129003532,285,130,155,0,41,53,67,68,56,0,10,24,34,28,34,0,31,29,33,40,22,918.580815296
20224,1129003535,15,13,2,0,0,1,3,7,4,0,0,1,3,6,3,0,0,0,0,1,1,7701.9239029
20224,1129003538,161,38,123,0,14,11,21,59,56,0,8,9,5,11,5,0,6,2,16,48,51,2352.87876807
20224,1129003552,154,119,35,0,15,10,38,66,25,0,0,6,33,57,23,0,15,4,5,9,2,7836.58501461
20224,1129003553,3,3,0,0,3,0,0,0,0,0,3,0,0,0,0,0,0,0,0,0,0,66923.920245
20224,1129003554,11,5,6,0,0,1,1,8,1,0,0,0,0,4,1,0,0,1,1,4,0,3190.56101361
20224,1129003556,32,12,20,0,5,8,9,8,2,0,2,2,4,2,2,0,3,6,5,6,0,5942.08922072
20224,1129003557,2,0,2,0,1,1,0,0,0,0,0,0,0,0,0,0,1,1,0,0,0,11496.5088845
20224,1129003558,6,3,3,0,0,0,0,1,5,0,0,0,0,0,3,0,0,0,0,1,2,3635.4763951
20224,1129003560,4,1,3,2,1,1,0,0,0,0,0,1,0,0,0,2,1,0,0,0,0,4382.42548896
20224,1129003561,4,1,3,0,0,1,2,1,0,0,0,0,0,1,0,0,0,1,2,0,0,10339.5582671
20224,1129003562,9,8,1,0,0,0,1,3,5,0,0,0,1,2,5,0,0,0,0,1,0,2384.24060202
20224,1129003566,2,1,1,0,0,1,0,1,0,0,0,1,0,0,0,0,0,0,0,1,0,4002.07989979
20224,1129003569,3,1,2,0,0,0,2,0,1,0,0,0,1,0,0,0,0,0,1,0,1,3362.24094154
20224,1129003570,7,4,3,0,0,0,2,4,1,0,0,0,0,3,1,0,0,0,2,1,0,4095.43017248
20224,1129003571,68,33,35,0,5,17,16,21,9,0,2,11,7,5,8,0,3,6,9,16,1,2099.64748224
20224,1129003572,7,2,5,0,0,0,2,4,1,0,0,0,1,0,1,0,0,0,1,4,0,11735.0325811
20224,1129003573,210,85,125,0,35,68,46,32,29,0,9,24,17,15,20,0,26,44,29,17,9,1383.15053281
20224,1129003583,2,2,0,0,0,0,0,1,1,0,0,0,0,1,1,0,0,0,0,0,0,9062.71641534
20224,1129003584,24,16,8,0,0,3,12,8,1,0,0,1,9,5,1,0,0,2,3,3,0,7500.91627999
20224,1129003591,5,0,5,0,2,1,1,1,0,0,0,0,0,0,0,0,2,1,1,1,0,35057.7791291
20224,1129003592,4,0,4,0,0,1,3,0,0,0,0,0,0,0,0,0,0,1,3,0,0,2108.21308021
20224,1129003595,6,2,4,0,0,1,1,2,2,0,0,0,1,0,1,0,0,1,0,2,1,10796.8229576
20224,1129003597,3,1,2,0,0,0,1,1,1,0,0,0,0,0,1,0,0,0,1,1,0,66883.6004134
20224,1129003605,21,12,9,0,2,5,5,4,5,0,1,1,2,4,4,0,1,4,3,0,1,14460.250442
20224,1129003609,510,474,36,0,3,51,162,213,81,0,3,47,150,199,75,0,0,4,12,14,6,23371.0695476
20224,1129003612,80,19,61,0,13,21,23,18,5,0,3,2,5,4,5,0,10,19,18,14,0,14747.2569598
20224,1129003617,21,7,14,0,3,12,1,4,1,0,1,4,0,1,1,0,2,8,1,3,0,91824.7350045
20224,1129003622,129,77,52,0,10,36,30,36,17,0,5,23,23,19,7,0,5,13,7,17,10,364030.393388
20224,1129003626,2,1,1,0,0,1,0,1,0,0,0,1,0,0,0,0,0,0,0,1,0,1229.95861833
20224,1129003631,15,12,3,0,1,2,4,5,3,0,0,2,3,5,2,0,1,0,1,0,1,3410.75305058
20224,1129003632,10,0,10,0,1,2,4,1,2,0,0,0,0,0,0,0,1,2,4,1,2,2647.76767072
20224,1129003635,24,12,12,0,0,4,6,10,4,0,0,1,3,6,2,0,0,3,3,4,2,4196.59967382
20224,1129003637,2,1,1,0,0,0,0,1,1,0,0,0,0,0,1,0,0,0,0,1,0,8049.11175236
20224,1129003638,17,12,5,0,0,5,7,4,1,0,0,4,4,4,0,0,0,1,3,0,1,15226.2434879
20224,1129003639,5,3,2,0,0,1,0,0,4,0,0,1,0,0,2,0,0,0,0,0,2,2934.13519498
20224,1129003642,4,4,0,0,0,0,2,1,1,0,0,0,2,1,1,0,0,0,0,0,0,5897.5778106
20224,1129003643,11,1,10,0,1,2,5,2,1,0,0,0,0,0,1,0,1,2,5,2,0,6837.4161208
20224,1129003644,25,19,6,0,4,6,10,5,0,0,2,4,10,3,0,0,2,2,0,2,0,5193.41238891
20224,1129003645,2,1,1,0,0,0,1,1,0,0,0,0,1,0,0,0,0,0,0,1,0,4580.15754293
20224,1129003646,5,1,4,0,0,0,0,2,3,0,0,0,0,0,1,0,0,0,0,2,2,3918.47960485
20224,1129003647,4,3,1,0,0,1,1,0,2,0,0,1,1,0,1,0,0,0,0,0,1,1771.93214574
20224,1129003648,10,3,7,0,0,3,1,2,4,0,0,1,0,1,1,0,0,2,1,1,3,8662.37507444
20224,1129003649,73,17,56,0,10,25,19,17,2,0,2,7,2,4,2,0,8,18,17,13,0,15138.197714
20224,1129003650,2,2,0,0,0,0,1,1,0,0,0,0,1,1,0,0,0,0,0,0,0,3109.9158624
20224,1129003652,16,12,4,0,3,4,5,2,2,0,3,4,3,1,1,0,0,0,2,1,1,3606.45113363
20224,1129003653,11,5,6,0,1,7,0,2,1,0,0,4,0,0,1,0,1,3,0,2,0,4437.25472213
20224,1129003654,299,135,164,0,16,91,127,63,2,0,3,29,57,46,0,0,13,62,70,17,2,4859.55705745
20224,1129003656,21,12,9,0,8,7,4,1,1,0,5,4,2,1,0,0,3,3,2,0,1,11004.0351229
20224,1129003661,1,1,0,0,0,0,0,1,0,0,0,0,0,1,0,0,0,0,0,0,0,70721.8136508
20224,1129003662,226,216,10,0,0,6,55,122,43,0,0,5,50,120,41,0,0,1,5,2,2,6772.06650861
20224,1129003664,23,12,11,0,1,5,4,10,3,0,0,2,2,7,1,0,1,3,2,3,2,7449.32944136
20224,1129003666,5,4,1,0,1,1,1,2,0,0,1,0,1,2,0,0,0,1,0,0,0,1856.63367865
20224,1129003668,3,1,2,0,0,1,0,2,0,0,0,0,0,1,0,0,0,1,0,1,0,3861.22013661
20224,1129003669,5,4,1,0,0,0,0,2,3,0,0,0,0,2,2,0,0,0,0,0,1,11254.8578306
20224,1129003675,7,3,4,0,0,1,3,3,0,0,0,0,2,1,0,0,0,1,1,2,0,8134.38017431
20224,1129003676,6,2,4,0,0,1,2,1,2,0,0,0,0,0,2,0,0,1,2,1,0,2757.3207121
20224,1129003683,43,34,9,0,1,4,18,10,10,0,1,3,11,9,10,0,0,1,7,1,0,32502.5464158
20224,1129003686,12,6,6,0,2,2,1,2,5,0,1,1,0,1,3,0,1,1,1,1,2,3100.33448527
20224,1129003688,2,0,2,0,0,0,0,2,0,0,0,0,0,0,0,0,0,0,0,2,0,2580.03319568
20224,1129003689,12,9,3,0,0,2,4,2,4,0,0,1,3,1,4,0,0,1,1,1,0,4895.55031041
20224,1129003690,28,16,12,0,7,4,9,7,1,0,2,1,7,5,1,0,5,3,2,2,0,7512.16445146
20224,1129003691,16,3,13,0,0,0,2,6,8,0,0,0,0,1,2,0,0,0,2,5,6,2512.19308667
20224,1129003692,93,44,49,0,10,18,35,18,12,0,2,11,16,10,5,0,8,7,19,8,7,1654.19259011
20224,1129003707,104,30,74,0,27,21,31,13,12,0,6,5,12,2,5,0,21,16,19,11,7,3578.19044182
20224,1129003708,3,2,1,0,1,1,1,0,0,0,0,1,1,0,0,0,1,0,0,0,0,4508.21204408
20224,1129003709,7,6,1,1,0,4,1,1,0,1,0,4,1,0,0,0,0,0,0,1,0,2703.26186374
20224,1129003713,2,1,1,0,0,1,0,1,0,0,0,1,0,0,0,0,0,0,0,1,0,3855.67425809
20224,1129003714,4,2,2,0,0,1,2,0,1,0,0,1,1,0,0,0,0,0,1,0,1,3992.61757975
20224,1129003715,7,0,7,0,0,2,5,0,0,0,0,0,0,0,0,0,0,2,5,0,0,2863.81754593
20224,1129003718,7,5,2,0,0,4,0,3,0,0,0,2,0,3,0,0,0,2,0,0,0,2765.49020333
20224,1129003722,14,11,3,0,1,2,5,6,0,0,1,2,4,4,0,0,0,0,1,2,0,6548.44868383
20224,1129003730,22,18,4,0,0,0,7,10,5,0,0,0,7,8,3,0,0,0,0,2,2,4859.02020555
20224,1129003733,1,1,0,0,0,0,1,0,0,0,0,0,1,0,0,0,0,0,0,0,0,1375.8279614
20224,1129003736,2,1,1,0,0,0,2,0,0,0,0,0,1,0,0,0,0,0,1,0,0,1815.04522933
20224,1129003738,1,1,0,0,0,0,1,0,0,0,0,0,1,0,0,0,0,0,0,0,0,972.19093857
20224,1129003741,4,1,3,0,0,2,2,0,0,0,0,0,1,0,0,0,0,2,1,0,0,4936.46713229
20224,1129003742,4,1,3,0,1,0,2,1,0,0,0,0,0,1,0,0,1,0,2,0,0,3731.55817055
20224,1129003743,10,4,6,0,2,3,1,4,0,0,1,2,0,1,0,0,1,1,1,3,0,9426.09054684
20224,1129003747,13,10,3,0,2,1,5,4,1,0,2,1,3,3,1,0,0,0,2,1,0,98983.2011773
20224,1129003749,7,6,1,0,0,1,1,2,3,0,0,1,1,2,2,0,0,0,0,0,1,6088.11954373
20224,1129003752,3,2,1,0,0,0,0,1,2,0,0,0,0,1,1,0,0,0,0,0,1,8476.50519957
20224,1129003753,18227,9407,8820,55,1380,4733,6768,5234,57,12,578,1554,2999,4214,50,43,802,3179,3769,1020,7,2722.10885391
20224,1129003755,51,15,36,0,11,10,19,9,2,0,2,6,4,1,2,0,9,4,15,8,0,5675.39728984
20224,1129003757,2,1,1,0,0,0,2,0,0,0,0,0,1,0,0,0,0,0,1,0,0,3853.97568297
20224,1129003758,37,16,21,0,13,13,7,3,1,0,4,10,1,1,0,0,9,3,6,2,1,7810.12637188
20224,1129003761,17,11,6,0,1,4,6,4,2,0,1,3,2,3,2,0,0,1,4,1,0,4804.4487743
20224,1129003763,2,1,1,0,0,0,0,0,2,0,0,0,0,0,1,0,0,0,0,0,1,2296.15955491
20224,1129003765,11,3,8,0,1,0,5,3,2,0,0,0,2,0,1,0,1,0,3,3,1,4923.71898931
20224,1129003769,5,4,1,0,0,0,0,4,1,0,0,0,0,3,1,0,0,0,0,1,0,1080.53169284
20224,1129003770,2,1,1,0,0,0,0,1,1,0,0,0,0,0,1,0,0,0,0,1,0,1966.90108742
20224,1129003773,66,30,36,0,6,10,11,15,24,0,3,8,5,8,6,0,3,2,6,7,18,13314.3166489
20224,1129003776,17,8,9,0,2,1,3,7,4,0,1,1,2,4,0,0,1,0,1,3,4,1237.35871907
20224,1129003782,2,1,1,0,0,1,1,0,0,0,0,1,0,0,0,0,0,0,1,0,0,1548.99743626
20224,1129003783,7,4,3,0,0,1,2,2,2,0,0,1,1,1,1,0,0,0,1,1,1,3051.7287323
20224,1129003789,4,2,2,0,0,1,0,1,2,0,0,0,0,0,2,0,0,1,0,1,0,5673.86036683
20224,1129003796,7,3,4,0,0,1,4,0,2,0,0,0,1,0,2,0,0,1,3,0,0,12054.9248195
20224,1129003798,95,20,75,0,13,29,33,18,2,0,5,6,2,6,1,0,8,23,31,12,1,4385.2380074
20224,1129003800,28,6,22,0,5,8,6,8,1,0,1,0,2,2,1,0,4,8,4,6,0,5733.59436
20224,1129003804,10,2,8,0,3,3,1,1,2,0,0,1,0,0,1,0,3,2,1,1,1,2957.85152396
20224,1129003805,78,18,60,0,16,15,25,16,6,0,3,3,5,2,5,0,13,12,20,14,1,10312.166553
20224,1129003807,28,3,25,0,8,4,4,8,4,0,1,1,0,0,1,0,7,3,4,8,3,4031.21743756
20224,1129003808,26,17,9,0,13,4,6,2,1,0,11,1,3,1,1,0,2,3,3,1,0,4077.87335975
20224,1129003818,12,6,6,0,1,3,1,2,5,0,0,2,0,1,3,0,1,1,1,1,2,406.991142185
20224,1129003819,3,2,1,0,1,1,1,0,0,0,0,1,1,0,0,0,1,0,0,0,0,2623.44244625
20224,1129003822,8,6,2,0,0,2,1,2,3,0,0,1,1,1,3,0,0,1,0,1,0,9233.31269517
20224,1129003831,213,3,210,0,14,8,35,87,69,0,0,0,1,0,2,0,14,8,34,87,67,8360.25277104
20224,1129003832,3,3,0,0,1,1,1,0,0,0,1,1,1,0,0,0,0,0,0,0,0,8841.87290226
20224,1129003836,4,4,0,0,0,0,1,3,0,0,0,0,1,3,0,0,0,0,0,0,0,3192.73090815
20224,1129003837,8,2,6,0,1,1,1,5,0,0,0,0,0,2,0,0,1,1,1,3,0,3653.93374724
20224,1129003841,16,9,7,0,0,3,5,7,1,0,0,1,3,5,0,0,0,2,2,2,1,5801.40639592
20224,1129003848,247,155,92,1,26,53,56,75,36,0,16,30,34,50,25,1,10,23,22,25,11,4439.32277955
20224,1129003850,8,7,1,0,0,1,2,5,0,0,0,1,1,5,0,0,0,0,1,0,0,3680.25513449
20224,1129003852,66,39,27,1,6,10,13,18,18,0,1,2,9,14,13,1,5,8,4,4,5,4897.45106624
20224,1129003853,18,2,16,0,1,2,11,0,4,0,0,0,0,0,2,0,1,2,11,0,2,51772.1790006
20224,1129003874,12,8,4,0,8,0,1,3,0,0,6,0,1,1,0,0,2,0,0,2,0,2742.85222461
20224,1129003878,477,304,173,2,79,108,113,136,39,0,45,65,68,95,31,2,34,43,45,41,8,2181.72728471
20224,1129003880,45,17,28,0,12,8,2,12,11,0,1,3,2,3,8,0,11,5,0,9,3,4487.40751104
20224,1129003883,16,9,7,0,2,4,5,5,0,0,0,2,5,2,0,0,2,2,0,3,0,2187.00235115
20224,1129003895,45,22,23,0,15,12,15,2,1,0,6,6,10,0,0,0,9,6,5,2,1,8573.68921877
20224,1129003898,444,373,71,0,49,136,113,140,6,0,30,110,93,134,6,0,19,26,20,6,0,6673.68426042
20224,1129003904,11,5,6,0,1,4,4,1,1,0,0,2,2,0,1,0,1,2,2,1,0,1802.43582599
20224,1129003906,257,232,25,0,32,90,55,79,1,0,29,80,48,74,1,0,3,10,7,5,0,3646.97607484
20224,1129003910,4,2,2,0,0,1,1,1,1,0,0,1,1,0,0,0,0,0,0,1,1,3654.51063992
20224,1129003911,187,135,52,2,37,45,51,29,23,0,22,34,40,22,17,2,15,11,11,7,6,1356.87277141
20224,1129003914,66,13,53,1,8,11,22,15,9,0,0,2,3,4,4,1,8,9,19,11,5,6337.81086175
20224,1129003915,2,1,1,0,0,1,0,1,0,0,0,1,0,0,0,0,0,0,0,1,0,3504.52930645
20224,1129003916,7,1,6,0,0,0,2,3,2,0,0,0,0,0,1,0,0,0,2,3,1,2544.18164403
20224,1129003918,2,1,1,0,0,0,0,0,2,0,0,0,0,0,1,0,0,0,0,0,1,3065.12168171
20231,1123000001,120,55,65,0,7,10,27,32,44,0,1,2,14,11,27,0,6,8,13,21,17,4017.03275138
20231,1123000002,6,3,3,0,0,1,0,3,2,0,0,0,0,1,2,0,0,1,0,2,0,4030.88106728
20231,1123000003,5,4,1,0,0,2,2,0,1,0,0,2,1,0,1,0,0,0,1,0,0,2781.85755149
20231,1123000004,764,299,465,2,92,103,227,194,146,0,51,55,53,59,81,2,41,48,174,135,65,3286.03019847
20231,1123000005,113,57,56,0,27,36,24,14,12,0,7,14,16,10,10,0,20,22,8,4,2,6411.81232975
20231,1123000006,8,3,5,0,1,1,2,3,1,0,0,1,0,1,1,0,1,0,2,2,0,1289.78300619
20231,1123000007,8,7,1,0,1,2,1,1,3,0,0,2,1,1,3,0,1,0,0,0,0,4301.33006743
20231,1123000008,24,9,15,0,5,0,6,5,8,0,0,0,2,3,4,0,5,0,4,2,4,3931.99356818
20231,1123000010,3,2,1,0,0,0,2,1,0,0,0,0,1,1,0,0,0,0,1,0,0,946.498084201
20231,1123000012,75,41,34,0,9,14,22,21,9,0,5,10,12,7,7,0,4,4,10,14,2,6062.06191538
20231,1123000013,2,2,0,0,0,1,0,0,1,0,0,1,0,0,1,0,0,0,0,0,0,1035.68562879
20231,1123000014,2,1,1,0,0,0,2,0,0,0,0,0,1,0,0,0,0,0,1,0,0,2203.81881846
20231,1123000015,8,5,3,0,0,1,4,2,1,0,0,0,3,1,1,0,0,1,1,1,0,2393.8773718
20231,1123000017,28,18,10,0,9,12,6,1,0,0,7,9,1,1,0,0,2,3,5,0,0,2824.91954045
20231,1123000018,14,9,5,0,0,0,1,1,12,0,0,0,0,0,9,0,0,0,1,1,3,6616.95583478
20231,1123000020,3,3,0,0,0,2,0,1,0,0,0,2,0,1,0,0,0,0,0,0,0,2175.39408638
20231,1123000021,11,9,2,0,0,0,1,5,5,0,0,0,1,5,3,0,0,0,0,0,2,5430.30601674
20231,1123000022,3058,1155,1903,1,468,643,945,966,35,1,373,482,237,55,7,0,95,161,708,911,28,5528.57732009
20231,1123000023,2,2,0,0,0,0,1,1,0,0,0,0,1,1,0,0,0,0,0,0,0,840.798748147
20231,1123000024,2,1,1,0,0,1,0,1,0,0,0,0,0,1,0,0,0,1,0,0,0,2048.15282661
20231,1123000025,7,1,6,0,0,2,0,4,1,0,0,1,0,0,0,0,0,1,0,4,1,1447.24906033
20231,1123000026,10,8,2,0,0,3,5,1,1,0,0,2,5,1,0,0,0,1,0,0,1,3915.09617768
20231,1123000027,24,19,5,0,0,5,6,7,6,0,0,3,4,6,6,0,0,2,2,1,0,2555.75910236
20231,1123000029,52,37,15,0,1,5,15,11,20,0,0,2,9,7,19,0,1,3,6,4,1,7199.08930214
20231,1123000031,4,3,1,0,0,0,0,1,3,0,0,0,0,1,2,0,0,0,0,0,1,1903.20900952
20231,1123000033,2,2,0,0,0,1,0,0,1,0,0,1,0,0,1,0,0,0,0,0,0,1491.58486878
20231,1123000034,21,18,3,0,5,9,3,3,1,0,4,9,2,3,0,0,1,0,1,0,1,6220.61213951
20231,1123000035,25,17,8,1,0,4,8,5,7,0,0,4,7,2,4,1,0,0,1,3,3,6605.30271984
20231,1123000037,178,111,67,0,5,12,14,13,134,0,0,9,6,5,91,0,5,3,8,8,43,8207.61627371
20231,1123000038,27,20,7,0,11,2,5,5,4,0,8,2,2,4,4,0,3,0,3,1,0,803.762450547
20231,1123000040,387,293,94,1,93,150,74,47,22,0,61,103,65,43,21,1,32,47,9,4,1,8138.33113334
20231,1123000044,1,0,1,0,0,0,1,0,0,0,0,0,0,0,0,0,0,0,1,0,0,2137.75890075
20231,1123000045,83,13,70,0,9,29,27,17,1,0,0,5,5,3,0,0,9,24,22,14,1,15648.5004924
20231,1123000046,5,5,0,0,0,0,0,4,1,0,0,0,0,4,1,0,0,0,0,0,0,1130.86507
20231,1123000048,10,7,3,0,0,1,3,3,3,0,0,1,2,2,2,0,0,0,1,1,1,1083.1532696
20231,1123000054,31,15,16,0,2,8,10,10,1,0,0,6,4,5,0,0,2,2,6,5,1,15357.967654
20231,1123000055,20,13,7,0,0,3,3,5,9,0,0,2,1,4,6,0,0,1,2,1,3,7092.9507577
20231,1123000056,3,2,1,0,0,1,1,0,1,0,0,1,0,0,1,0,0,0,1,0,0,577.232722192
20231,1123000057,42,28,14,1,5,20,4,8,4,0,2,13,2,7,4,1,3,7,2,1,0,3234.22420105
20231,1123000059,2,1,1,0,0,0,0,0,2,0,0,0,0,0,1,0,0,0,0,0,1,4698.91175408
20231,1123000060,42,30,12,0,2,5,6,14,15,0,1,3,4,10,12,0,1,2,2,4,3,5016.86744303
20231,1123000062,46,28,18,0,1,6,14,11,14,0,0,2,8,8,10,0,1,4,6,3,4,4520.76958669
20231,1123000064,11,8,3,0,6,3,2,0,0,0,5,2,1,0,0,0,1,1,1,0,0,2714.33596439
20231,1123000068,12,7,5,0,0,1,6,2,3,0,0,1,3,2,1,0,0,0,3,0,2,2571.36398479
20231,1123000074,9,7,2,0,0,1,5,2,1,0,0,1,4,1,1,0,0,0,1,1,0,5678.60586915
20231,1123000076,8,3,5,0,1,2,2,3,0,0,0,0,1,2,0,0,1,2,1,1,0,1888.01799067
20231,1123000080,12,11,1,0,1,1,5,3,2,0,1,1,4,3,2,0,0,0,1,0,0,4204.1555437
20231,1123000081,2,0,2,0,1,0,1,0,0,0,0,0,0,0,0,0,1,0,1,0,0,1220.34719234
20231,1123000086,35,29,6,0,8,2,13,7,5,0,8,1,10,5,5,0,0,1,3,2,0,6094.20213656
20231,1123000087,31,17,14,0,1,5,13,10,2,0,0,2,7,7,1,0,1,3,6,3,1,6170.24214404
20231,1123000095,97,76,21,0,15,15,13,39,15,0,12,13,10,30,11,0,3,2,3,9,4,6888.55564025
20231,1123000101,3,1,2,0,0,0,0,0,3,0,0,0,0,0,1,0,0,0,0,0,2,3102.44110675
20231,1123000110,4,4,0,0,1,0,0,1,2,0,1,0,0,1,2,0,0,0,0,0,0,5124.86166655
20231,1123000115,15,0,15,0,4,5,1,5,0,0,0,0,0,0,0,0,4,5,1,5,0,1516.72095658
20231,1123000118,2,2,0,0,0,2,0,0,0,0,0,2,0,0,0,0,0,0,0,0,0,3624.99097869
20231,1123000121,7,4,3,0,1,2,2,1,1,0,0,0,2,1,1,0,1,2,0,0,0,3406.21207151
20231,1123000125,10,8,2,0,0,1,1,7,1,0,0,1,1,5,1,0,0,0,0,2,0,6931.85762841
20231,1123000126,35,14,21,0,3,12,10,8,2,0,1,3,6,3,1,0,2,9,4,5,1,3836.44843671
20231,1123000133,38,24,14,0,0,5,15,10,8,0,0,0,9,8,7,0,0,5,6,2,1,2259.47066943
20231,1123000134,3,2,1,0,0,0,0,3,0,0,0,0,0,2,0,0,0,0,0,1,0,3499.19733522
20231,1123000136,2,2,0,0,0,0,1,0,1,0,0,0,1,0,1,0,0,0,0,0,0,1596.34807451
20231,1123000137,34,24,10,0,8,1,9,11,5,0,4,0,6,10,4,0,4,1,3,1,1,2979.24347907
20231,1123000142,8,5,3,0,2,2,2,2,0,0,1,2,1,1,0,0,1,0,1,1,0,5931.98452651
20231,1123000145,41,28,13,0,7,18,13,2,1,0,1,18,7,2,0,0,6,0,6,0,1,2671.59923204
20231,1123000148,15,12,3,0,0,2,7,3,3,0,0,2,6,1,3,0,0,0,1,2,0,4354.43292439
20231,1123000151,2,1,1,0,0,0,1,1,0,0,0,0,0,1,0,0,0,0,1,0,0,3625.53155849
20231,1123000153,2,2,0,0,0,0,0,0,2,0,0,0,0,0,2,0,0,0,0,0,0,4067.70923234
20231,1123000159,64,49,15,3,27,12,5,5,12,3,21,8,2,4,11,0,6,4,3,1,1,4181.10209351
20231,1123000160,8,5,3,0,0,1,2,4,1,0,0,1,1,3,0,0,0,0,1,1,1,4134.06663485
20231,1123000161,9,4,5,0,1,0,4,4,0,0,0,0,3,1,0,0,1,0,1,3,0,4211.32107547
20231,1123000162,50,32,18,0,3,10,9,15,13,0,2,2,4,12,12,0,1,8,5,3,1,3010.23207377
20231,1123000165,3,2,1,0,0,0,0,2,1,0,0,0,0,1,1,0,0,0,0,1,0,3316.38080846
20231,1123000167,13,6,7,0,1,1,4,3,4,0,0,0,0,3,3,0,1,1,4,0,1,4511.13210114
20231,1123000168,40,5,35,0,6,13,9,12,0,0,1,2,0,2,0,0,5,11,9,10,0,9387.61218208
20231,1123000171,3,2,1,0,0,0,3,0,0,0,0,0,2,0,0,0,0,0,1,0,0,6299.9018049
20231,1123000172,53,44,9,0,10,8,20,12,3,0,8,6,15,12,3,0,2,2,5,0,0,4813.26234244
20231,1123000180,23,20,3,0,1,4,14,4,0,0,1,4,11,4,0,0,0,0,3,0,0,2999.47522755
20231,1123000183,105,84,21,0,12,26,40,14,13,0,8,21,31,13,11,0,4,5,9,1,2,7375.44148827
20231,1123000188,128,82,46,0,33,28,19,35,13,0,26,18,10,22,6,0,7,10,9,13,7,10463.6082986
20231,1123000190,1,0,1,0,0,0,1,0,0,0,0,0,0,0,0,0,0,0,1,0,0,2329.28483175
20231,1123000192,34,12,22,0,4,7,11,6,6,0,2,2,3,1,4,0,2,5,8,5,2,13732.0907677
20231,1123000194,19,13,6,0,1,5,6,2,5,0,1,3,4,2,3,0,0,2,2,0,2,2892.15962561
20231,1123000197,10,0,10,0,4,4,1,1,0,0,0,0,0,0,0,0,4,4,1,1,0,1557.20047538
20231,1123000198,2,1,1,0,0,0,1,1,0,0,0,0,1,0,0,0,0,0,0,1,0,1248.0171003
20231,1123000203,2,0,2,0,0,0,2,0,0,0,0,0,0,0,0,0,0,0,2,0,0,2573.41998702
20231,1123000204,2,2,0,0,0,0,0,0,2,0,0,0,0,0,2,0,0,0,0,0,0,4623.78894414
20231,1123000206,48,21,27,0,9,3,10,19,7,0,2,1,1,13,4,0,7,2,9,6,3,10040.5122401
20231,1123000211,220,165,55,0,5,31,40,54,90,0,4,12,26,44,79,0,1,19,14,10,11,9339.31922521
20231,1123000212,8,5,3,0,1,0,2,3,2,0,1,0,1,2,1,0,0,0,1,1,1,1225.44547636
20231,1123000213,20,15,5,0,2,5,2,5,6,0,2,4,2,4,3,0,0,1,0,1,3,1361.05161365
20231,1123000214,75,52,23,1,2,8,22,21,21,0,1,5,16,17,13,1,1,3,6,4,8,9506.07577589
20231,1123000215,8,7,1,0,0,1,3,2,2,0,0,1,2,2,2,0,0,0,1,0,0,1592.80154171
20231,1123000216,28,21,7,0,2,6,9,7,4,0,2,6,7,4,2,0,0,0,2,3,2,4814.16819106
20231,1123000217,7,5,2,0,1,1,3,0,2,0,1,0,2,0,2,0,0,1,1,0,0,956.60642855
20231,1123000218,9,9,0,0,0,2,4,0,3,0,0,2,4,0,3,0,0,0,0,0,0,1529.83558997
20231,1123000219,5,3,2,0,1,2,1,1,0,0,0,2,1,0,0,0,1,0,0,1,0,1074.32345325
20231,1123000220,16,16,0,0,0,7,3,3,3,0,0,7,3,3,3,0,0,0,0,0,0,1245.18242562
20231,1123000221,1098,985,113,18,431,435,151,44,19,18,379,393,143,35,17,0,52,42,8,9,2,12392.3332501
20231,1123000222,26,17,9,0,2,10,4,5,5,0,2,10,2,1,2,0,0,0,2,4,3,3245.18033155
20231,1123000223,6,5,1,0,0,0,4,2,0,0,0,0,3,2,0,0,0,0,1,0,0,2695.61471883
20231,1123000224,17,12,5,0,3,1,7,5,1,0,1,1,6,3,1,0,2,0,1,2,0,2963.33981399
20231,1123000225,216,166,50,1,18,45,60,47,45,1,13,36,48,31,37,0,5,9,12,16,8,19707.8622913
20231,1123000228,351,324,27,1,8,57,154,111,20,1,5,53,138,107,20,0,3,4,16,4,0,9404.49919757
20231,1123000229,2,1,1,0,0,0,0,1,1,0,0,0,0,0,1,0,0,0,0,1,0,1641.22956229
20231,1123000232,3,3,0,0,0,0,0,0,3,0,0,0,0,0,3,0,0,0,0,0,0,2148.40184801
20231,1123000233,20,19,1,0,1,2,7,8,2,0,1,2,7,8,1,0,0,0,0,0,1,3411.02784581
20231,1123000234,17,14,3,0,4,3,2,6,2,0,3,3,1,5,2,0,1,0,1,1,0,2866.74679435
20231,1123000236,115,87,28,0,3,23,35,35,19,0,2,17,28,24,16,0,1,6,7,11,3,3607.98985246
20231,1123000237,13,12,1,0,0,1,4,5,3,0,0,1,4,4,3,0,0,0,0,1,0,1646.85913787
20231,1123000241,2,2,0,0,0,0,0,0,2,0,0,0,0,0,2,0,0,0,0,0,0,445.409192279
20231,1123000242,63,37,26,0,11,15,22,10,5,0,5,7,13,8,4,0,6,8,9,2,1,1345.95386629
20231,1123000245,6,5,1,0,0,0,1,2,3,0,0,0,1,2,2,0,0,0,0,0,1,715.106846907
20231,1123000247,25,14,11,0,3,11,2,4,5,0,1,6,1,1,5,0,2,5,1,3,0,6884.19895901
20231,1123000254,42,27,15,0,4,11,7,14,6,0,2,6,6,9,4,0,2,5,1,5,2,8772.93835973
20231,1123000255,3,2,1,0,0,1,0,0,2,0,0,0,0,0,2,0,0,1,0,0,0,865.097427369
20231,1123000258,7,2,5,0,0,2,5,0,0,0,0,1,1,0,0,0,0,1,4,0,0,3039.18561101
20231,1123000264,2,2,0,0,0,0,2,0,0,0,0,0,2,0,0,0,0,0,0,0,0,4542.37238945
20231,1123000268,4,2,2,0,0,0,1,1,2,0,0,0,0,1,1,0,0,0,1,0,1,3047.33205643
20231,1123000270,4,3,1,0,0,1,2,1,0,0,0,1,1,1,0,0,0,0,1,0,0,2018.08693897
20231,1123000273,3,1,2,0,0,0,1,2,0,0,0,0,1,0,0,0,0,0,0,2,0,1054.94377933
20231,1123000282,22,18,4,0,3,3,5,7,4,0,3,3,4,6,2,0,0,0,1,1,2,3938.34616373
20231,1123000288,2,1,1,0,0,0,0,0,2,0,0,0,0,0,1,0,0,0,0,0,1,1980.02887542
20231,1123000289,3,1,2,0,0,0,0,2,1,0,0,0,0,1,0,0,0,0,0,1,1,668.536327817
20231,1123000291,2,1,1,0,0,1,1,0,0,0,0,1,0,0,0,0,0,0,1,0,0,793.763677092
20231,1123000292,10,4,6,0,0,4,1,5,0,0,0,1,1,2,0,0,0,3,0,3,0,2326.45340104
20231,1123000294,8,1,7,0,0,1,6,0,1,0,0,0,0,0,1,0,0,1,6,0,0,3352.07177196
20231,1123000297,10,0,10,0,1,2,1,5,1,0,0,0,0,0,0,0,1,2,1,5,1,3062.31488374
20231,1123000304,3,1,2,0,0,1,0,2,0,0,0,1,0,0,0,0,0,0,0,2,0,1243.07871428
20231,1123000311,219,138,81,0,5,16,35,64,99,0,3,10,25,41,59,0,2,6,10,23,40,12826.3621649
20231,1123000313,21,7,14,0,5,3,4,8,1,0,1,1,3,1,1,0,4,2,1,7,0,12629.6218867
20231,1123000315,2,2,0,0,0,0,2,0,0,0,0,0,2,0,0,0,0,0,0,0,0,1196.27749514
20231,1123000317,4,4,0,0,0,1,2,1,0,0,0,1,2,1,0,0,0,0,0,0,0,3370.5653296
20231,1123000318,12,8,4,0,1,2,5,2,2,0,1,2,2,1,2,0,0,0,3,1,0,3924.42055462
20231,1123000321,232,135,97,0,28,37,48,66,53,0,18,21,25,36,35,0,10,16,23,30,18,3145.08825278
20231,1123000322,39,18,21,0,9,10,12,6,2,0,2,6,6,4,0,0,7,4,6,2,2,5494.435008
20231,1123000323,225,130,95,4,32,36,51,58,44,3,6,18,32,39,32,1,26,18,19,19,12,2897.72268167
20231,1123000329,18,16,2,0,1,0,8,9,0,0,1,0,6,9,0,0,0,0,2,0,0,1998.48206724
20231,1123000332,3,1,2,0,0,0,3,0,0,0,0,0,1,0,0,0,0,0,2,0,0,3759.87692997
20231,1123000334,1,0,1,0,0,0,0,0,1,0,0,0,0,0,0,0,0,0,0,0,1,6665.12189398
20231,1123000337,36,24,12,0,7,3,8,6,12,0,3,2,5,6,8,0,4,1,3,0,4,7347.94807207
20231,1123000339,6,4,2,0,0,1,2,2,1,0,0,1,1,2,0,0,0,0,1,0,1,5393.1096788
20231,1123000342,26,15,11,0,5,7,3,6,5,0,1,4,2,3,5,0,4,3,1,3,0,3548.83810834
20231,1123000343,5,5,0,0,0,1,0,2,2,0,0,1,0,2,2,0,0,0,0,0,0,2410.66251465
20231,1123000346,34,28,6,2,3,5,6,4,14,2,1,3,4,4,14,0,2,2,2,0,0,2914.34643421
20231,1123000351,24,13,11,0,4,4,7,9,0,0,2,3,3,5,0,0,2,1,4,4,0,6009.65176534
20231,1123000353,2,2,0,0,0,0,0,0,2,0,0,0,0,0,2,0,0,0,0,0,0,4416.74960542
20231,1123000354,11,9,2,0,0,3,4,1,3,0,0,3,2,1,3,0,0,0,2,0,0,7580.06307624
20231,1123000355,11,7,4,0,0,2,2,4,3,0,0,1,1,2,3,0,0,1,1,2,0,2469.91902325
20231,1123000358,3,2,1,0,0,0,2,1,0,0,0,0,2,0,0,0,0,0,0,1,0,1726.38569282
20231,1123000359,19,5,14,0,3,0,7,6,3,0,0,0,0,2,3,0,3,0,7,4,0,7190.05473792
20231,1123000360,73,5,68,0,1,2,4,23,43,0,0,0,0,2,3,0,1,2,4,21,40,4869.81765984
20231,1123000361,3,3,0,0,0,0,0,3,0,0,0,0,0,3,0,0,0,0,0,0,0,4014.57137912
20231,1123000364,136,68,68,0,14,19,27,27,49,0,3,8,5,16,36,0,11,11,22,11,13,6876.32152484
20231,1123000365,8,6,2,0,0,3,2,2,1,0,0,2,2,1,1,0,0,1,0,1,0,5372.32479558
20231,1123000366,23,15,8,0,2,3,5,11,2,0,0,2,2,9,2,0,2,1,3,2,0,4162.11914876
20231,1123000368,6,2,4,0,0,0,1,4,1,0,0,0,0,1,1,0,0,0,1,3,0,2351.50251293
20231,1123000369,10,3,7,0,1,5,2,2,0,0,1,1,0,1,0,0,0,4,2,1,0,4316.36084581
20231,1123000371,2,2,0,0,0,0,2,0,0,0,0,0,2,0,0,0,0,0,0,0,0,1550.74502717
20231,1123000372,6,4,2,0,0,2,0,3,1,0,0,1,0,2,1,0,0,1,0,1,0,1115.26464071
20231,1123000373,9,6,3,0,2,2,1,2,2,0,1,1,1,1,2,0,1,1,0,1,0,4975.55561046
20231,1123000375,41,26,15,0,5,12,18,4,2,0,4,8,10,3,1,0,1,4,8,1,1,2225.89671569
20231,1123000380,3,2,1,0,0,1,2,0,0,0,0,1,1,0,0,0,0,0,1,0,0,4071.00695357
20231,1123000381,18,8,10,0,2,7,1,5,3,0,1,3,1,2,1,0,1,4,0,3,2,7013.37792937
20231,1123000390,72,45,27,2,3,12,23,24,8,1,2,9,14,11,8,1,1,3,9,13,0,3143.25258799
20231,1123000394,82,32,50,2,19,22,19,8,12,2,4,7,8,4,7,0,15,15,11,4,5,6970.93472206
20231,1123000395,29,27,2,0,1,1,5,4,18,0,1,0,4,4,18,0,0,1,1,0,0,1955.64644102
20231,1123000404,2,1,1,0,0,0,1,0,1,0,0,0,1,0,0,0,0,0,0,0,1,1100.26549614
20231,1123000405,9,8,1,0,2,2,3,2,0,0,2,2,2,2,0,0,0,0,1,0,0,3238.00246143
20231,1123000407,167,127,40,0,18,25,42,39,43,0,15,20,34,29,29,0,3,5,8,10,14,5142.13964751
20231,1123000416,26,11,15,0,2,5,11,6,2,0,0,2,6,2,1,0,2,3,5,4,1,2358.77187609
20231,1123000419,1,0,1,0,0,0,1,0,0,0,0,0,0,0,0,0,0,0,1,0,0,5899.06983397
20231,1123000423,26,12,14,1,5,7,6,4,3,0,2,1,5,2,2,1,3,6,1,2,1,80846.9160056
20231,1123000427,5,4,1,0,0,0,0,2,3,0,0,0,0,2,2,0,0,0,0,0,1,4144.48299325
20231,1123000428,4,3,1,0,1,0,1,0,2,0,1,0,0,0,2,0,0,0,1,0,0,2514.57657256
20231,1123000432,66,44,22,1,6,20,14,19,6,1,2,10,8,17,6,0,4,10,6,2,0,8280.65284575
20231,1123000433,16,14,2,0,0,1,3,5,7,0,0,1,3,4,6,0,0,0,0,1,1,2436.63949994
20231,1123000434,5,2,3,0,1,1,0,1,2,0,0,0,0,1,1,0,1,1,0,0,1,2050.92057543
20231,1123000436,425,337,88,8,73,143,142,45,14,2,46,123,125,30,11,6,27,20,17,15,3,16972.1355696
20231,1123000437,203,171,32,1,27,41,36,77,21,1,21,36,29,66,18,0,6,5,7,11,3,7210.75269373
20231,1123000438,29,16,13,0,1,1,4,17,6,0,0,1,3,9,3,0,1,0,1,8,3,4989.62584016
20231,1123000439,4,4,0,0,0,1,1,2,0,0,0,1,1,2,0,0,0,0,0,0,0,2152.19965666
20231,1123000440,6,5,1,0,0,0,1,4,1,0,0,0,1,3,1,0,0,0,0,1,0,1731.8187245
20231,1123000443,5,4,1,0,1,1,0,3,0,0,1,0,0,3,0,0,0,1,0,0,0,2988.77858266
20231,1123000447,16,10,6,0,2,1,6,7,0,0,2,1,2,5,0,0,0,0,4,2,0,2908.54500871
20231,1123000448,7,4,3,0,0,2,3,1,1,0,0,1,2,0,1,0,0,1,1,1,0,853.51796658
20231,1123000450,2,1,1,0,0,0,0,1,1,0,0,0,0,0,1,0,0,0,0,1,0,1195.79720661
20231,1123000454,4,1,3,0,0,0,1,2,1,0,0,0,0,1,0,0,0,0,1,1,1,2146.1138515
20231,1123000457,118,67,51,0,21,22,19,20,36,0,7,13,10,10,27,0,14,9,9,10,9,11178.8074975
20231,1123000458,2,1,1,0,0,0,0,2,0,0,0,0,0,1,0,0,0,0,0,1,0,3221.82682212
20231,1123000459,2,2,0,0,1,0,1,0,0,0,1,0,1,0,0,0,0,0,0,0,0,799.119568551
20231,1123000460,3,1,2,0,0,0,0,1,2,0,0,0,0,0,1,0,0,0,0,1,1,9542.1815697
20231,1123000461,35,24,11,0,6,6,6,10,7,0,1,4,4,10,5,0,5,2,2,0,2,5926.29449319
20231,1123000462,21,17,4,0,0,2,3,9,7,0,0,2,2,7,6,0,0,0,1,2,1,2433.26987734
20231,1123000464,12,5,7,0,0,2,4,5,1,0,0,1,2,2,0,0,0,1,2,3,1,4303.51701822
20231,1123000465,8,7,1,0,1,0,5,0,2,0,1,0,4,0,2,0,0,0,1,0,0,1400.30853031
20231,1123000467,16,13,3,0,0,3,2,3,8,0,0,1,1,3,8,0,0,2,1,0,0,1320.06597028
20231,1123000468,77,58,19,0,6,19,15,22,15,0,4,13,14,14,13,0,2,6,1,8,2,7189.43543783
20231,1123000469,18,15,3,0,1,1,8,5,3,0,1,1,6,4,3,0,0,0,2,1,0,4414.45263074
20231,1123000470,1111,664,447,11,132,99,135,222,512,11,108,71,81,118,275,0,24,28,54,104,237,3949.34350749
20231,1123000472,9,6,3,0,1,4,3,1,0,0,1,3,1,1,0,0,0,1,2,0,0,2634.71533759
20231,1123000473,84,73,11,0,2,9,12,32,29,0,1,5,11,29,27,0,1,4,1,3,2,3108.66796867
20231,1123000474,12,9,3,0,0,1,2,8,1,0,0,1,1,7,0,0,0,0,1,1,1,4981.89738597
20231,1123000475,47,25,22,0,5,7,14,13,8,0,3,5,4,8,5,0,2,2,10,5,3,3133.02543881
20231,1123000480,26,10,16,0,1,2,6,10,7,0,0,1,3,3,3,0,1,1,3,7,4,1601.86981027
20231,1123000486,10,5,5,0,3,1,1,3,2,0,1,1,0,1,2,0,2,0,1,2,0,3329.54903351
20231,1123000487,3,2,1,0,0,0,1,0,2,0,0,0,1,0,1,0,0,0,0,0,1,2778.91643329
20231,1123000488,9,8,1,0,0,0,1,3,5,0,0,0,1,2,5,0,0,0,0,1,0,4935.64771254
20231,1123000489,1,0,1,0,0,1,0,0,0,0,0,0,0,0,0,0,0,1,0,0,0,10553.4898352
20231,1123000490,20,12,8,0,2,3,4,6,5,0,2,2,3,2,3,0,0,1,1,4,2,2577.10429151
20231,1123000492,25,20,5,0,0,3,12,6,4,0,0,2,10,4,4,0,0,1,2,2,0,9511.98057188
20231,1123000498,72,59,13,0,8,11,14,19,20,0,5,9,11,17,17,0,3,2,3,2,3,6570.05535661
20231,1123000501,22,12,10,0,1,5,6,5,5,0,0,1,5,2,4,0,1,4,1,3,1,4448.66788869
20231,1123000503,4,3,1,0,0,0,1,3,0,0,0,0,1,2,0,0,0,0,0,1,0,3128.38591877
20231,1123000504,7,6,1,0,0,0,2,3,2,0,0,0,1,3,2,0,0,0,1,0,0,2190.7864261
20231,1123000505,9,7,2,0,1,1,1,4,2,0,1,1,0,3,2,0,0,0,1,1,0,13294.2598484
20231,1123000507,5,4,1,0,0,0,1,2,2,0,0,0,0,2,2,0,0,0,1,0,0,952.686306164
20231,1123000512,64,38,26,0,13,23,16,8,4,0,3,14,13,5,3,0,10,9,3,3,1,3553.68808835
20231,1123000516,14,10,4,0,2,5,5,2,0,0,1,5,2,2,0,0,1,0,3,0,0,1917.43399775
20231,1123000517,62,48,14,0,0,2,11,23,26,0,0,0,6,18,24,0,0,2,5,5,2,2068.40407842
20231,1123000519,15,11,4,0,1,4,3,5,2,0,1,4,0,4,2,0,0,0,3,1,0,1913.52529964
20231,1123000520,8,7,1,0,0,0,2,4,2,0,0,0,2,3,2,0,0,0,0,1,0,6492.02410893
20231,1123000521,11,7,4,0,0,1,3,0,7,0,0,0,2,0,5,0,0,1,1,0,2,2853.66387992
20231,1123000524,7,0,7,0,2,1,0,2,2,0,0,0,0,0,0,0,2,1,0,2,2,3560.15397671
20231,1123000525,38,28,10,0,3,9,5,8,13,0,1,6,2,8,11,0,2,3,3,0,2,3848.48964201
20231,1123000526,166,99,67,0,18,64,42,24,18,0,3,23,36,21,16,0,15,41,6,3,2,5716.78029794
20231,1123000527,14,8,6,0,3,2,2,4,3,0,3,1,0,1,3,0,0,1,2,3,0,2035.00329444
20231,1123000529,3,3,0,0,0,0,0,2,1,0,0,0,0,2,1,0,0,0,0,0,0,2224.52256163
20231,1123000530,8,7,1,0,0,2,1,4,1,0,0,2,1,3,1,0,0,0,0,1,0,2197.52072203
20231,1123000531,53,44,9,0,5,3,19,16,10,0,5,2,13,15,9,0,0,1,6,1,1,1922.42265679
20231,1123000532,21,14,7,0,1,0,4,12,4,0,1,0,3,7,3,0,0,0,1,5,1,2005.12669396
20231,1123000533,34,17,17,0,1,6,8,14,5,0,1,3,7,3,3,0,0,3,1,11,2,6303.82036938
20231,1123000534,9,4,5,0,0,4,3,2,0,0,0,0,3,1,0,0,0,4,0,1,0,969.415456872
20231,1123000535,9,5,4,0,3,0,4,2,0,0,2,0,2,1,0,0,1,0,2,1,0,3600.84699736
20231,1123000539,16,13,3,0,2,6,2,2,4,0,0,6,2,2,3,0,2,0,0,0,1,1962.13418735
20231,1123000541,3,0,3,0,0,1,1,1,0,0,0,0,0,0,0,0,0,1,1,1,0,3446.23332823
20231,1123000542,6,5,1,1,0,0,3,0,2,1,0,0,2,0,2,0,0,0,1,0,0,21216.7836092
20231,1123000543,9,6,3,0,1,0,4,1,3,0,0,0,2,1,3,0,1,0,2,0,0,11651.5127601
20231,1123000544,6,3,3,0,0,1,3,1,1,0,0,1,1,0,1,0,0,0,2,1,0,1591.94412169
20231,1123000547,11,4,7,0,3,2,1,5,0,0,0,2,1,1,0,0,3,0,0,4,0,2448.82469674
20231,1123000548,15,7,8,0,2,4,3,5,1,0,0,2,1,3,1,0,2,2,2,2,0,2482.52158477
20231,1123000549,4,2,2,0,0,1,0,1,2,0,0,0,0,1,1,0,0,1,0,0,1,1777.54923764
20231,1123000551,4655,1984,2671,6,295,1163,1725,1337,129,1,151,742,691,371,28,5,144,421,1034,966,101,10360.0348741
20231,1123000552,2,1,1,0,0,0,0,2,0,0,0,0,0,1,0,0,0,0,0,1,0,2822.15133736
20231,1123000554,4,3,1,0,0,0,3,1,0,0,0,0,3,0,0,0,0,0,0,1,0,797.064897408
20231,1123000555,89,55,34,0,9,11,27,29,13,0,2,5,18,19,11,0,7,6,9,10,2,3369.23975255
20231,1123000556,40,26,14,0,5,6,14,8,7,0,2,3,9,7,5,0,3,3,5,1,2,9303.72420376
20231,1123000557,9,4,5,0,0,0,1,6,2,0,0,0,0,4,0,0,0,0,1,2,2,2772.82436557
20231,1123000558,27,19,8,0,2,2,12,6,5,0,1,1,7,5,5,0,1,1,5,1,0,2539.3125673
20231,1123000560,11,8,3,0,0,4,3,1,3,0,0,2,3,0,3,0,0,2,0,1,0,2934.61586342
20231,1123000561,6,5,1,0,1,1,2,1,1,0,1,1,2,0,1,0,0,0,0,1,0,1737.6047196
20231,1123000562,3,2,1,0,0,0,1,1,1,0,0,0,1,1,0,0,0,0,0,0,1,1811.24298432
20231,1123000563,2,1,1,0,0,0,0,1,1,0,0,0,0,0,1,0,0,0,0,1,0,2957.4947786
20231,1123000564,24,17,7,0,3,2,8,8,3,0,1,2,5,6,3,0,2,0,3,2,0,2121.6648195
20231,1123000565,56,29,27,0,6,12,13,17,8,0,1,8,6,9,5,0,5,4,7,8,3,4675.14201419
20231,1123000566,12,8,4,0,0,1,7,1,3,0,0,0,5,1,2,0,0,1,2,0,1,2470.47226513
20231,1123000567,18,14,4,0,0,2,5,6,5,0,0,2,3,5,4,0,0,0,2,1,1,2431.47574291
20231,1123000568,88,67,21,2,15,22,22,20,7,0,9,18,17,17,6,2,6,4,5,3,1,2209.02915775
20231,1123000569,20,10,10,0,0,0,4,11,5,0,0,0,1,7,2,0,0,0,3,4,3,4287.90569515
20231,1123000570,2,1,1,0,0,0,0,1,1,0,0,0,0,0,1,0,0,0,0,1,0,2939.5225765
20231,1123000571,4,4,0,0,0,2,2,0,0,0,0,2,2,0,0,0,0,0,0,0,0,1716.47034127
20231,1123000576,40,14,26,0,9,16,6,7,2,0,3,5,4,1,1,0,6,11,2,6,1,3058.24911753
20231,1123000577,21,15,6,0,0,3,4,8,6,0,0,1,4,6,4,0,0,2,0,2,2,1907.65500781
20231,1123000580,33,31,2,0,1,8,18,4,2,0,0,8,17,4,2,0,1,0,1,0,0,2259.46977601
20231,1123000581,48,31,17,0,9,5,13,6,15,0,4,2,7,6,12,0,5,3,6,0,3,10109.4401727
20231,1123000582,7,7,0,0,0,0,1,2,4,0,0,0,1,2,4,0,0,0,0,0,0,1138.96438792
20231,1123000583,26,13,13,0,2,8,4,7,5,0,2,2,1,5,3,0,0,6,3,2,2,6558.03722184
20231,1123000584,6,4,2,0,3,2,0,1,0,0,2,2,0,0,0,0,1,0,0,1,0,988.926394008
20231,1123000585,8,6,2,0,1,1,3,3,0,0,1,1,2,2,0,0,0,0,1,1,0,3607.9552115
20231,1123000587,33,20,13,0,1,10,9,6,7,0,0,5,3,6,6,0,1,5,6,0,1,1691.30119912
20231,1123000588,1951,944,1007,3,231,487,493,608,129,2,94,193,182,389,84,1,137,294,311,219,45,13586.4982094
20231,1123000589,479,159,320,1,97,137,104,56,84,0,11,27,31,29,61,1,86,110,73,27,23,9406.4401534
20231,1123000590,23,10,13,0,2,13,3,5,0,0,1,5,2,2,0,0,1,8,1,3,0,12965.2219511
20231,1123000592,40,22,18,0,2,1,12,17,8,0,2,0,6,11,3,0,0,1,6,6,5,2045.69248671
20231,1123000593,5,3,2,0,0,0,0,4,1,0,0,0,0,3,0,0,0,0,0,1,1,2224.96319264
20231,1123000594,10,8,2,0,3,1,1,1,4,0,2,1,1,1,3,0,1,0,0,0,1,1405.42039128
20231,1123000595,4,2,2,0,0,0,0,0,4,0,0,0,0,0,2,0,0,0,0,0,2,1885.58957413
20231,1123000596,35,11,24,0,2,9,11,8,5,0,1,1,2,5,2,0,1,8,9,3,3,2079.86290593
20231,1123000598,5,4,1,0,1,0,1,2,1,0,0,0,1,2,1,0,1,0,0,0,0,1951.17131422
20231,1123000599,12,9,3,0,0,2,3,2,5,0,0,1,3,2,3,0,0,1,0,0,2,1823.27345438
20231,1123000600,27,12,15,0,2,9,8,5,3,0,1,2,4,3,2,0,1,7,4,2,1,2162.62447898
20231,1123000602,3,1,2,0,0,2,0,0,1,0,0,1,0,0,0,0,0,1,0,0,1,2931.45358807
20231,1123000603,3,1,2,0,3,0,0,0,0,0,1,0,0,0,0,0,2,0,0,0,0,2358.07625861
20231,1123000605,1646,1312,334,1,135,280,466,403,361,1,92,225,408,329,257,0,43,55,58,74,104,4346.21841473
20231,1123000606,4,2,2,0,0,1,1,1,1,0,0,0,0,1,1,0,0,1,1,0,0,3125.15005907
20231,1123000607,2,2,0,0,0,2,0,0,0,0,0,2,0,0,0,0,0,0,0,0,0,3249.3479218
20231,1123000608,27,16,11,0,1,5,10,5,6,0,1,3,4,4,4,0,0,2,6,1,2,2625.83904468
20231,1123000613,16,10,6,0,3,5,2,2,4,0,0,3,2,2,3,0,3,2,0,0,1,1818.15010802
20231,1123000614,2,2,0,0,0,0,0,1,1,0,0,0,0,1,1,0,0,0,0,0,0,3246.01714871
20231,1123000615,11,8,3,1,3,2,0,5,0,1,1,2,0,4,0,0,2,0,0,1,0,1543.17841073
20231,1123000616,329,78,251,0,56,119,75,64,15,0,6,22,21,24,5,0,50,97,54,40,10,7002.64869002
20231,1123000621,3,3,0,0,0,0,0,1,2,0,0,0,0,1,2,0,0,0,0,0,0,1668.83691379
20231,1123000622,920,430,490,0,44,61,113,269,433,0,23,37,66,94,210,0,21,24,47,175,223,8139.28415819
20231,1123000623,1,1,0,0,0,0,0,0,1,0,0,0,0,0,1,0,0,0,0,0,0,3248.84264715
20231,1123000624,27,16,11,0,3,7,10,1,6,0,1,4,6,1,4,0,2,3,4,0,2,4937.56851411
20231,1123000626,26,17,9,0,2,3,5,4,12,0,2,1,3,2,9,0,0,2,2,2,3,3635.86047217
20231,1123000627,94,41,53,0,3,28,36,15,12,0,2,12,15,6,6,0,1,16,21,9,6,8179.49828885
20231,1123000628,15,9,6,0,0,3,4,4,4,0,0,3,0,3,3,0,0,0,4,1,1,3183.56836114
20231,1123000630,4,1,3,0,0,0,0,3,1,0,0,0,0,1,0,0,0,0,0,2,1,4726.51273309
20231,1123000634,19,16,3,0,3,4,5,6,1,0,2,4,3,6,1,0,1,0,2,0,0,2162.78508597
20231,1123000635,27,23,4,0,3,2,7,11,4,0,2,2,6,9,4,0,1,0,1,2,0,2254.37723106
20231,1123000636,9,5,4,0,1,2,2,2,2,0,1,1,1,2,0,0,0,1,1,0,2,2583.12862341
20231,1123000638,3,2,1,0,0,0,2,1,0,0,0,0,1,1,0,0,0,0,1,0,0,4376.3797947
20231,1123000639,37,14,23,0,5,6,13,6,7,0,1,4,3,2,4,0,4,2,10,4,3,5975.26547421
20231,1123000640,2,0,2,0,0,0,1,1,0,0,0,0,0,0,0,0,0,0,1,1,0,2418.28491108
20231,1123000642,539,192,347,1,37,55,61,156,229,0,16,11,21,40,104,1,21,44,40,116,125,9087.70959967
20231,1123000645,7,6,1,0,0,2,4,1,0,0,0,2,3,1,0,0,0,0,1,0,0,1601.23263639
20231,1123000646,5,4,1,0,0,1,4,0,0,0,0,1,3,0,0,0,0,0,1,0,0,1378.44414946
20231,1123000653,274,170,104,2,21,36,73,89,53,0,4,18,45,60,43,2,17,18,28,29,10,8637.43186113
20231,1123000654,39,25,14,0,10,7,6,9,7,0,6,3,3,8,5,0,4,4,3,1,2,6619.07270546
20231,1123000656,13,10,3,0,1,1,4,1,6,0,1,1,3,1,4,0,0,0,1,0,2,2449.27811575
20231,1123000657,14,13,1,0,0,0,4,7,3,0,0,0,4,7,2,0,0,0,0,0,1,1230.53015294
20231,1123000659,6,5,1,0,0,2,1,2,1,0,0,2,0,2,1,0,0,0,1,0,0,6366.2523986
20231,1123000660,1571,1415,156,12,367,530,409,231,22,6,334,479,375,207,14,6,33,51,34,24,8,2911.98424896
20231,1123000661,77,33,44,0,34,35,5,2,1,0,10,17,4,2,0,0,24,18,1,0,1,2518.69245769
20231,1123000662,26,14,12,0,3,7,7,5,4,0,1,4,3,3,3,0,2,3,4,2,1,5277.1018916
20231,1123000664,140,30,110,0,26,70,22,9,13,0,4,9,1,6,10,0,22,61,21,3,3,5699.66764004
20231,1123000665,15,3,12,0,1,4,8,1,1,0,0,2,1,0,0,0,1,2,7,1,1,2503.09760121
20231,1123000666,35,18,17,0,4,6,8,11,6,0,2,2,4,7,3,0,2,4,4,4,3,5564.95403295
20231,1123000667,143,90,53,0,13,20,37,33,40,0,6,6,22,18,38,0,7,14,15,15,2,4317.78726912
20231,1123000669,2,1,1,0,0,0,1,0,1,0,0,0,0,0,1,0,0,0,1,0,0,1884.05125028
20231,1123000670,56,44,12,0,4,15,12,13,12,0,2,12,9,11,10,0,2,3,3,2,2,4668.64406334
20231,1123000671,5,4,1,0,0,0,0,5,0,0,0,0,0,4,0,0,0,0,0,1,0,1747.18607916
20231,1123000672,13,7,6,0,0,0,1,7,5,0,0,0,1,4,2,0,0,0,0,3,3,2895.57394366
20231,1123000674,61,12,49,0,13,9,21,13,5,0,4,1,2,1,4,0,9,8,19,12,1,22176.719608
20231,1123000675,98,40,58,0,7,19,28,22,22,0,2,8,8,11,11,0,5,11,20,11,11,7731.02447436
20231,1123000678,29,18,11,0,0,4,4,15,6,0,0,0,3,10,5,0,0,4,1,5,1,1902.95409476
20231,1123000680,21,14,7,0,2,4,7,6,2,0,1,3,3,6,1,0,1,1,4,0,1,903.699622706
20231,1123000681,3,2,1,0,0,0,1,0,2,0,0,0,1,0,1,0,0,0,0,0,1,5436.58843236
20231,1123000682,11,8,3,0,0,3,3,3,2,0,0,2,2,2,2,0,0,1,1,1,0,5662.97446008
20231,1123000689,15,6,9,0,1,1,4,6,3,0,0,0,1,4,1,0,1,1,3,2,2,3315.67715596
20231,1123000692,2,0,2,0,0,0,2,0,0,0,0,0,0,0,0,0,0,0,2,0,0,4347.51199684
20231,1123000693,4,2,2,0,0,1,0,1,2,0,0,0,0,1,1,0,0,1,0,0,1,1490.47639101
20231,1123000697,11,6,5,0,1,3,1,3,3,0,0,1,0,2,3,0,1,2,1,1,0,3301.47939503
20231,1123000698,2,0,2,0,0,0,0,2,0,0,0,0,0,0,0,0,0,0,0,2,0,699.943944066
20231,1123000704,3,2,1,0,0,1,0,0,2,0,0,1,0,0,1,0,0,0,0,0,1,3082.5145774
20231,1123000707,18,11,7,0,3,5,7,2,1,0,1,2,6,1,1,0,2,3,1,1,0,11145.9383493
20231,1123000710,5,4,1,0,0,1,0,2,2,0,0,0,0,2,2,0,0,1,0,0,0,2036.58428895
20231,1123000715,6,0,6,0,1,1,2,2,0,0,0,0,0,0,0,0,1,1,2,2,0,1539.3655359
20231,1123000717,107,73,34,0,19,19,22,33,14,0,13,14,15,22,9,0,6,5,7,11,5,2914.74706095
20231,1123000718,2,2,0,0,0,0,0,1,1,0,0,0,0,1,1,0,0,0,0,0,0,1772.5989134
20231,1123000719,3,2,1,0,0,0,1,0,2,0,0,0,0,0,2,0,0,0,1,0,0,1984.39986253
20231,1123000720,170,89,81,0,29,64,53,17,7,0,8,34,29,12,6,0,21,30,24,5,1,8968.58069041
20231,1123000721,5,0,5,0,2,0,2,1,0,0,0,0,0,0,0,0,2,0,2,1,0,1360.06184532
20231,1123000725,4,3,1,0,0,1,1,2,0,0,0,1,0,2,0,0,0,0,1,0,0,770.437710314
20231,1123000727,70,57,13,0,4,2,9,8,47,0,4,0,3,4,46,0,0,2,6,4,1,5519.61595065
20231,1123000728,3133,562,2571,1,433,588,566,988,557,0,97,230,171,46,18,1,336,358,395,942,539,2847.02821333
20231,1123000732,13,8,5,0,0,6,5,1,1,0,0,3,5,0,0,0,0,3,0,1,1,2573.09926262
20231,1123000733,3,1,2,0,0,0,2,0,1,0,0,0,0,0,1,0,0,0,2,0,0,5735.67251126
20231,1123000736,93,49,44,0,15,26,22,17,13,0,6,16,14,10,3,0,9,10,8,7,10,9188.41281174
20231,1123000737,4,3,1,0,1,0,1,1,1,0,1,0,1,0,1,0,0,0,0,1,0,5914.93846871
20231,1123000738,129,88,41,0,4,1,6,12,106,0,2,1,3,5,77,0,2,0,3,7,29,3820.80092312
20231,1123000739,25,10,15,0,4,3,3,13,2,0,2,0,1,6,1,0,2,3,2,7,1,8825.02822343
20231,1123000740,9,4,5,0,0,0,2,3,4,0,0,0,1,1,2,0,0,0,1,2,2,3158.56877521
20231,1123000742,1,1,0,0,0,0,0,0,1,0,0,0,0,0,1,0,0,0,0,0,0,4244.76656106
20231,1123000746,40,11,29,0,19,9,5,4,3,0,4,4,1,2,0,0,15,5,4,2,3,3797.5155461
20231,1123000747,4,1,3,0,1,0,3,0,0,0,0,0,1,0,0,0,1,0,2,0,0,4229.15002906
20231,1123000748,1,1,0,0,0,0,0,0,1,0,0,0,0,0,1,0,0,0,0,0,0,6652.09689504
20231,1123000749,116,80,36,0,29,38,20,13,16,0,19,23,14,9,15,0,10,15,6,4,1,4240.11981196
20231,1123000751,198,127,71,0,25,90,22,18,43,0,8,56,17,10,36,0,17,34,5,8,7,4006.09273558
20231,1123000753,27,10,17,1,8,5,4,3,6,0,3,1,1,3,2,1,5,4,3,0,4,3640.99294239
20231,1123000754,6,5,1,0,1,2,1,2,0,0,1,2,0,2,0,0,0,0,1,0,0,3635.66513278
20231,1123000756,282,122,160,0,65,83,57,33,44,0,12,30,19,17,44,0,53,53,38,16,0,4338.63340236
20231,1123000758,108,60,48,0,6,10,16,18,58,0,5,9,12,10,24,0,1,1,4,8,34,4095.62700985
20231,1123000759,5,1,4,0,0,1,1,1,2,0,0,1,0,0,0,0,0,0,1,1,2,2448.02260624
20231,1123000761,554,268,286,3,210,201,94,35,11,1,78,100,48,31,10,2,132,101,46,4,1,6890.23982491
20231,1123000762,15,9,6,0,1,2,5,3,4,0,0,0,3,2,4,0,1,2,2,1,0,16004.2052743
20231,1123000764,9,7,2,0,0,3,2,0,4,0,0,1,2,0,4,0,0,2,0,0,0,4110.25781179
20231,1123000766,2,2,0,0,0,0,2,0,0,0,0,0,2,0,0,0,0,0,0,0,0,1247.24874098
20231,1123000767,20,11,9,0,0,10,8,1,1,0,0,3,6,1,1,0,0,7,2,0,0,1901.15458958
20231,1123000769,9,5,4,0,0,1,2,1,5,0,0,0,0,1,4,0,0,1,2,0,1,2206.66753405
20231,1123000770,55,34,21,0,6,7,21,12,9,0,1,4,14,8,7,0,5,3,7,4,2,11464.3050017
20231,1123000772,3,2,1,0,0,0,0,0,3,0,0,0,0,0,2,0,0,0,0,0,1,4132.53707003
20231,1123000774,16,6,10,0,1,4,6,3,2,0,0,1,2,1,2,0,1,3,4,2,0,2395.23824756
20231,1123000775,1,0,1,0,0,0,0,1,0,0,0,0,0,0,0,0,0,0,0,1,0,7559.6167189
20231,1123000776,14,10,4,0,0,1,5,7,1,0,0,0,3,6,1,0,0,1,2,1,0,4645.15896643
20231,1123000777,5,2,3,0,0,0,0,1,4,0,0,0,0,0,2,0,0,0,0,1,2,4637.37759361
20231,1123000779,6,6,0,0,1,2,2,0,1,0,1,2,2,0,1,0,0,0,0,0,0,3420.31595081
20231,1123000783,10,4,6,0,0,2,4,2,2,0,0,1,0,1,2,0,0,1,4,1,0,2849.07207398
20231,1123000784,24,22,2,0,3,2,10,5,4,0,3,2,9,4,4,0,0,0,1,1,0,9942.58958689
20231,1123000785,28,25,3,0,1,5,10,10,2,0,1,3,9,10,2,0,0,2,1,0,0,3943.49847808
20231,1123000787,8,6,2,0,2,2,0,2,2,0,0,2,0,2,2,0,2,0,0,0,0,2845.04936832
20231,1123000788,16,3,13,0,0,4,6,1,5,0,0,0,0,0,3,0,0,4,6,1,2,2837.51426934
20231,1123000790,7,3,4,0,3,3,0,1,0,0,1,1,0,1,0,0,2,2,0,0,0,7394.77884981
20231,1123000791,4,2,2,0,0,0,2,0,2,0,0,0,0,0,2,0,0,0,2,0,0,6190.17818905
20231,1123000792,210,134,76,0,35,92,39,24,20,0,10,61,26,22,15,0,25,31,13,2,5,3241.68558175
20231,1123000794,4,2,2,0,0,0,1,2,1,0,0,0,0,1,1,0,0,0,1,1,0,5526.98765954
20231,1123000796,3,0,3,0,0,0,2,1,0,0,0,0,0,0,0,0,0,0,2,1,0,2548.54200245
20231,1123000797,13,9,4,0,1,5,6,0,1,0,0,5,3,0,1,0,1,0,3,0,0,8036.97057082
20231,1123000799,90,50,40,0,6,32,22,24,6,0,3,13,14,14,6,0,3,19,8,10,0,35453.1704954
20231,1123000804,2,0,2,0,0,0,0,2,0,0,0,0,0,0,0,0,0,0,0,2,0,6529.5723876
20231,1123000805,1,0,1,0,0,0,0,1,0,0,0,0,0,0,0,0,0,0,0,1,0,8770.34867432
20231,1123000806,2,2,0,0,0,0,0,1,1,0,0,0,0,1,1,0,0,0,0,0,0,3574.87789573
20231,1123000809,5,4,1,0,0,0,2,1,2,0,0,0,1,1,2,0,0,0,1,0,0,4624.25370529
20231,1123000810,4,3,1,0,0,0,0,1,3,0,0,0,0,0,3,0,0,0,0,1,0,1262.72374307
20231,1123000811,4,2,2,0,1,0,1,1,1,0,0,0,1,0,1,0,1,0,0,1,0,1581.86584045
20231,1123000812,74,55,19,0,9,15,19,20,11,0,7,12,14,13,9,0,2,3,5,7,2,3035.88478622
20231,1123000814,13,6,7,0,2,2,4,1,4,0,0,1,3,0,2,0,2,1,1,1,2,6328.78202065
20231,1123000817,2,2,0,0,0,0,0,2,0,0,0,0,0,2,0,0,0,0,0,0,0,3092.94501325
20231,1123000818,7,6,1,0,0,1,0,2,4,0,0,1,0,2,3,0,0,0,0,0,1,11921.0973824
20231,1123000821,7,3,4,0,0,0,1,3,3,0,0,0,0,1,2,0,0,0,1,2,1,6999.5667647
20231,1123000822,24,12,12,0,0,4,10,3,7,0,0,2,3,2,5,0,0,2,7,1,2,6013.87445249
20231,1123000823,8,6,2,0,0,1,3,1,3,0,0,1,1,1,3,0,0,0,2,0,0,2165.13348129
20231,1123000824,1,0,1,0,0,0,1,0,0,0,0,0,0,0,0,0,0,0,1,0,0,2499.86282906
20231,1123000826,15,7,8,0,0,0,2,7,6,0,0,0,2,2,3,0,0,0,0,5,3,4934.16602867
20231,1123000828,4,2,2,0,2,0,1,1,0,0,1,0,0,1,0,0,1,0,1,0,0,2999.95610432
20231,1123000829,9,8,1,0,1,2,1,2,3,0,1,2,1,1,3,0,0,0,0,1,0,10360.8752738
20231,1123000830,22,19,3,0,3,3,8,3,5,0,3,3,6,2,5,0,0,0,2,1,0,7393.05431544
20231,1123000831,16,9,7,0,0,4,5,2,5,0,0,3,1,2,3,0,0,1,4,0,2,2969.82232353
20231,1123000832,13,10,3,0,1,2,1,5,4,0,1,2,1,3,3,0,0,0,0,2,1,595.572774367
20231,1123000833,39,16,23,0,9,7,13,5,5,0,1,7,5,1,2,0,8,0,8,4,3,11952.4452845
20231,1123000834,8,7,1,0,0,0,2,6,0,0,0,0,1,6,0,0,0,0,1,0,0,2598.71345033
20231,1123000835,5,5,0,0,0,0,3,2,0,0,0,0,3,2,0,0,0,0,0,0,0,1111.49576141
20231,1123000836,26,17,9,0,0,5,8,10,3,0,0,3,5,7,2,0,0,2,3,3,1,2788.69944117
20231,1123000837,2,1,1,0,0,0,0,0,2,0,0,0,0,0,1,0,0,0,0,0,1,2386.50490123
20231,1123000838,12,8,4,0,1,4,1,5,1,0,0,3,1,4,0,0,1,1,0,1,1,1206.35704805
20231,1123000840,12,10,2,0,0,1,3,3,5,0,0,1,3,2,4,0,0,0,0,1,1,3559.81870719
20231,1123000841,114,96,18,0,3,16,10,13,72,0,0,7,8,10,71,0,3,9,2,3,1,17054.004377
20231,1123000842,24,23,1,0,3,4,5,8,4,0,2,4,5,8,4,0,1,0,0,0,0,2172.34562805
20231,1123000843,5,3,2,0,1,2,0,0,2,0,0,1,0,0,2,0,1,1,0,0,0,2048.99462376
20231,1123000844,42,31,11,0,5,4,13,12,8,0,4,1,10,9,7,0,1,3,3,3,1,3432.34716877
20231,1123000845,7,3,4,0,2,0,1,3,1,0,0,0,0,2,1,0,2,0,1,1,0,2260.48510389
20231,1123000846,48,17,31,0,9,11,17,6,5,0,1,5,7,2,2,0,8,6,10,4,3,2268.05573689
20231,1123000847,29,23,6,0,2,7,6,4,10,0,2,6,4,2,9,0,0,1,2,2,1,2418.13496029
20231,1123000848,32,22,10,0,2,9,11,7,3,0,0,5,10,6,1,0,2,4,1,1,2,3474.14869826
20231,1123000849,1,1,0,0,0,0,0,1,0,0,0,0,0,1,0,0,0,0,0,0,0,2202.90659378
20231,1123000850,10,6,4,0,2,3,3,2,0,0,1,2,1,2,0,0,1,1,2,0,0,3219.71305901
20231,1123000851,6,1,5,0,0,2,2,1,1,0,0,0,0,1,0,0,0,2,2,0,1,5606.01333844
20231,1123000852,4,4,0,0,0,0,2,0,2,0,0,0,2,0,2,0,0,0,0,0,0,1578.57854434
20231,1123000854,4,1,3,0,1,1,2,0,0,0,0,0,1,0,0,0,1,1,1,0,0,865.51864328
20231,1123000856,4,1,3,0,1,0,0,3,0,0,0,0,0,1,0,0,1,0,0,2,0,2204.64945203
20231,1123000857,10,0,10,0,7,1,1,1,0,0,0,0,0,0,0,0,7,1,1,1,0,3051.58675781
20231,1123000858,120,86,34,1,17,26,35,26,15,0,11,17,23,23,12,1,6,9,12,3,3,2766.90389094
20231,1123000860,107,69,38,0,17,54,13,12,11,0,7,40,9,5,8,0,10,14,4,7,3,8391.36259807
20231,1123000871,6,3,3,0,2,1,1,0,2,0,0,0,1,0,2,0,2,1,0,0,0,6143.96655999
20231,1123000873,14,10,4,0,0,3,3,5,3,0,0,2,2,4,2,0,0,1,1,1,1,3531.93565764
20231,1123000875,1446,334,1112,0,497,549,301,93,6,0,69,150,90,20,5,0,428,399,211,73,1,3194.71731579
20231,1123000877,3,2,1,0,0,1,0,1,1,0,0,1,0,0,1,0,0,0,0,1,0,2928.75373941
20231,1123000878,4,4,0,0,0,0,3,0,1,0,0,0,3,0,1,0,0,0,0,0,0,2378.11521735
20231,1123000879,28,12,16,0,4,2,8,12,2,0,3,2,4,2,1,0,1,0,4,10,1,3399.64835843
20231,1123000880,8,1,7,0,0,2,4,0,2,0,0,0,0,0,1,0,0,2,4,0,1,3422.0005008
20231,1123000882,2,0,2,0,1,0,0,1,0,0,0,0,0,0,0,0,1,0,0,1,0,3512.74773724
20231,1123000883,8,6,2,0,0,1,2,2,3,0,0,1,2,2,1,0,0,0,0,0,2,2125.16655741
20231,1123000887,48,28,20,0,9,15,11,5,8,0,3,8,7,3,7,0,6,7,4,2,1,8606.23512171
20231,1123000889,2,1,1,0,0,0,1,0,1,0,0,0,0,0,1,0,0,0,1,0,0,2234.79247841
20231,1123000892,6,4,2,0,0,0,2,1,3,0,0,0,0,1,3,0,0,0,2,0,0,1482.01424451
20231,1123000896,4,2,2,0,0,0,2,1,1,0,0,0,1,0,1,0,0,0,1,1,0,3852.66229586
20231,1123000899,4,4,0,0,1,1,1,1,0,0,1,1,1,1,0,0,0,0,0,0,0,1424.06439015
20231,1123000900,9,2,7,0,0,3,4,1,1,0,0,1,0,0,1,0,0,2,4,1,0,8449.230904
20231,1123000903,4,2,2,0,0,0,0,2,2,0,0,0,0,1,1,0,0,0,0,1,1,4101.30733984
20231,1123000911,5,3,2,0,1,0,2,1,1,0,0,0,1,1,1,0,1,0,1,0,0,2662.73336807
20231,1123000916,16,13,3,0,5,3,6,1,1,0,3,3,5,1,1,0,2,0,1,0,0,926.997156386
20231,1123000920,37,23,14,0,2,8,19,7,1,0,2,6,11,3,1,0,0,2,8,4,0,1086.18995356
20231,1123000922,4,1,3,0,1,0,1,1,1,0,0,0,1,0,0,0,1,0,0,1,1,2397.62565878
20231,1123000924,7,2,5,0,0,3,2,2,0,0,0,0,0,2,0,0,0,3,2,0,0,3349.21343777
20231,1123000925,64,33,31,0,11,17,13,21,2,0,4,11,9,8,1,0,7,6,4,13,1,3732.67537
20231,1123000933,22,9,13,0,10,1,3,6,2,0,2,0,1,5,1,0,8,1,2,1,1,2075.67256411
20231,1123000934,12,8,4,0,1,1,5,2,3,0,0,0,4,2,2,0,1,1,1,0,1,5033.75205013
20231,1123000935,4,3,1,0,2,0,0,2,0,0,1,0,0,2,0,0,1,0,0,0,0,5658.86112854
20231,1123000938,21,7,14,0,4,5,7,5,0,0,0,1,3,3,0,0,4,4,4,2,0,1822.39100718
20231,1123000940,2,2,0,0,0,0,1,1,0,0,0,0,1,1,0,0,0,0,0,0,0,3083.36377762
20231,1123000942,47,43,4,0,1,7,19,15,5,0,1,5,18,15,4,0,0,2,1,0,1,2469.10378439
20231,1123000944,6,3,3,0,0,1,3,1,1,0,0,1,0,1,1,0,0,0,3,0,0,2541.94115157
20231,1123000949,18,10,8,0,3,10,2,1,2,0,1,4,2,1,2,0,2,6,0,0,0,1253.45301219
20231,1123000954,11,1,10,0,2,0,5,4,0,0,0,0,1,0,0,0,2,0,4,4,0,4708.06271298
20231,1123000957,8,7,1,0,0,0,1,4,3,0,0,0,1,3,3,0,0,0,0,1,0,2804.75312681
20231,1123000958,35,24,11,0,1,7,10,9,8,0,1,3,6,7,7,0,0,4,4,2,1,6868.69509997
20231,1123000960,3,3,0,0,0,0,2,1,0,0,0,0,2,1,0,0,0,0,0,0,0,1899.39653633
20231,1123000961,13,5,8,0,3,4,2,3,1,0,1,0,1,2,1,0,2,4,1,1,0,9874.45124892
20231,1123000969,50,22,28,1,0,5,25,16,3,1,0,3,8,7,3,0,0,2,17,9,0,3966.53727376
20231,1123000974,3,2,1,0,0,0,1,2,0,0,0,0,1,1,0,0,0,0,0,1,0,1212.71752248
20231,1123000975,2,2,0,0,0,0,2,0,0,0,0,0,2,0,0,0,0,0,0,0,0,4277.10327787
20231,1123000978,3,3,0,0,0,1,0,1,1,0,0,1,0,1,1,0,0,0,0,0,0,1836.00903797
20231,1123000979,3,1,2,0,0,0,0,2,1,0,0,0,0,1,0,0,0,0,0,1,1,9758.30407219
20231,1123000980,1,1,0,0,0,0,0,1,0,0,0,0,0,1,0,0,0,0,0,0,0,1117.58018808
20231,1123000983,7,3,4,0,2,2,1,1,1,0,2,1,0,0,0,0,0,1,1,1,1,2366.24545472
20231,1123000984,2,2,0,0,0,0,1,1,0,0,0,0,1,1,0,0,0,0,0,0,0,3077.86066463
20231,1123000990,2,1,1,0,0,0,0,0,2,0,0,0,0,0,1,0,0,0,0,0,1,1305.98708829
20231,1123000995,15,2,13,0,8,1,5,0,1,0,0,0,1,0,1,0,8,1,4,0,0,3073.87166788
20231,1123000999,4,4,0,0,0,1,0,1,2,0,0,1,0,1,2,0,0,0,0,0,0,4074.72198537
20231,1123001000,1,1,0,0,0,0,0,0,1,0,0,0,0,0,1,0,0,0,0,0,0,2394.42581509
20231,1123001002,5,1,4,0,0,0,2,1,2,0,0,0,1,0,0,0,0,0,1,1,2,4405.99332393
20231,1123001005,30,15,15,0,4,5,14,5,2,0,0,3,7,5,0,0,4,2,7,0,2,6633.87725523
20231,1123001006,4,3,1,0,0,1,0,1,2,0,0,1,0,0,2,0,0,0,0,1,0,830.165903969
20231,1123001008,8,7,1,0,0,0,0,5,3,0,0,0,0,4,3,0,0,0,0,1,0,4966.72047992
20231,1123001009,2,2,0,0,2,0,0,0,0,0,2,0,0,0,0,0,0,0,0,0,0,3491.88435607
20231,1123001010,4,2,2,0,0,2,0,2,0,0,0,1,0,1,0,0,0,1,0,1,0,2510.94937435
20231,1123001012,4,2,2,0,0,0,0,3,1,0,0,0,0,1,1,0,0,0,0,2,0,654.762584036
20231,1123001013,2,2,0,0,1,0,1,0,0,0,1,0,1,0,0,0,0,0,0,0,0,2311.56558557
20231,1123001015,17,6,11,0,6,8,1,1,1,0,2,2,0,1,1,0,4,6,1,0,0,1381.14508248
20231,1123001020,4,4,0,0,0,3,1,0,0,0,0,3,1,0,0,0,0,0,0,0,0,3282.08490934
20231,1123001021,7,4,3,0,0,2,3,1,1,0,0,2,2,0,0,0,0,0,1,1,1,2792.34741787
20231,1123001022,702,498,204,0,5,92,243,248,114,0,3,42,152,202,99,0,2,50,91,46,15,75357.7962421
20231,1123001024,2,2,0,0,0,1,1,0,0,0,0,1,1,0,0,0,0,0,0,0,0,1737.81831967
20231,1123001030,3,1,2,0,2,1,0,0,0,0,0,1,0,0,0,0,2,0,0,0,0,2631.50546448
20231,1123001031,15,7,8,0,6,3,6,0,0,0,3,2,2,0,0,0,3,1,4,0,0,2513.51861358
20231,1123001034,3,1,2,0,0,1,1,1,0,0,0,0,0,1,0,0,0,1,1,0,0,2937.58974716
20231,1123001035,6,1,5,0,1,0,3,1,1,0,0,0,1,0,0,0,1,0,2,1,1,2582.97069588
20231,1123001036,14,7,7,0,4,3,3,4,0,0,1,1,2,3,0,0,3,2,1,1,0,86181.752073
20231,1123001038,3,2,1,0,0,1,1,0,1,0,0,1,0,0,1,0,0,0,1,0,0,702.517798597
20231,1123001039,13,9,4,0,1,1,2,3,6,0,0,0,2,2,5,0,1,1,0,1,1,26947.7282141
20231,1123001040,5,3,2,0,0,1,1,3,0,0,0,0,0,3,0,0,0,1,1,0,0,2564.67134806
20231,1123001041,14,5,9,0,0,1,7,6,0,0,0,1,3,1,0,0,0,0,4,5,0,3891.79118463
20231,1123001043,14,8,6,0,0,3,5,3,3,0,0,2,4,1,1,0,0,1,1,2,2,2174.7425155
20231,1123001047,2,1,1,0,0,0,0,2,0,0,0,0,0,1,0,0,0,0,0,1,0,5773.03312329
20231,1123001048,19,13,6,0,1,1,10,4,3,0,0,1,7,3,2,0,1,0,3,1,1,5667.90612722
20231,1123001049,4,3,1,0,0,2,1,1,0,0,0,1,1,1,0,0,0,1,0,0,0,2908.9263683
20231,1123001051,128,40,88,0,7,10,27,30,54,0,0,4,13,5,18,0,7,6,14,25,36,12705.1673298
20231,1123001052,4,1,3,0,0,1,0,2,1,0,0,0,0,0,1,0,0,1,0,2,0,2913.25226694
20231,1123001057,11,5,6,0,1,2,3,3,2,0,0,1,2,1,1,0,1,1,1,2,1,3302.94712939
20231,1123001063,7,4,3,0,1,1,2,2,1,0,0,0,1,2,1,0,1,1,1,0,0,1036.60154414
20231,1123001070,7,6,1,0,4,0,1,2,0,0,3,0,1,2,0,0,1,0,0,0,0,5731.46337646
20231,1123001071,25,10,15,0,6,5,6,6,2,0,0,3,2,4,1,0,6,2,4,2,1,3146.20831367
20231,1123001077,4,2,2,0,0,1,1,1,1,0,0,0,1,1,0,0,0,1,0,0,1,1921.47218633
20231,1123001078,35,18,17,0,3,6,7,13,6,0,1,3,2,8,4,0,2,3,5,5,2,6464.12246345
20231,1123001082,4,4,0,0,0,0,2,1,1,0,0,0,2,1,1,0,0,0,0,0,0,1952.94323736
20231,1123001085,238,127,111,0,35,53,83,51,16,0,11,26,55,25,10,0,24,27,28,26,6,5762.89541679
20231,1123001088,3,3,0,0,0,0,0,0,3,0,0,0,0,0,3,0,0,0,0,0,0,8042.30153718
20231,1123001089,3,1,2,0,0,0,1,1,1,0,0,0,0,0,1,0,0,0,1,1,0,9030.19472157
20231,1123001091,2,1,1,0,0,0,0,1,1,0,0,0,0,0,1,0,0,0,0,1,0,2168.0241135
20231,1123001093,2,1,1,0,0,1,1,0,0,0,0,0,1,0,0,0,0,1,0,0,0,3166.72280181
20231,1123001102,4,3,1,0,1,0,0,2,1,0,1,0,0,1,1,0,0,0,0,1,0,2096.36169548
20231,1123001103,3,1,2,0,0,1,2,0,0,0,0,0,1,0,0,0,0,1,1,0,0,5580.69721502
20231,1123001115,72,36,36,1,28,11,15,4,13,1,14,6,8,2,5,0,14,5,7,2,8,38244.3507977
20231,1123001117,7,5,2,0,2,3,2,0,0,0,1,3,1,0,0,0,1,0,1,0,0,1137.74013892
20231,1123001118,4,3,1,0,1,0,0,3,0,0,0,0,0,3,0,0,1,0,0,0,0,1306.08891639
20231,1123001119,5,2,3,0,1,0,0,1,3,0,0,0,0,0,2,0,1,0,0,1,1,1619.08847219
20231,1123001121,2,2,0,0,0,0,0,0,2,0,0,0,0,0,2,0,0,0,0,0,0,1470.25396391
20231,1123001123,3,1,2,0,1,1,1,0,0,0,0,0,1,0,0,0,1,1,0,0,0,5027.21683106
20231,1123001125,219,69,150,0,41,56,60,47,15,0,8,15,14,20,12,0,33,41,46,27,3,4184.06575642
20231,1123001126,9,7,2,0,0,1,4,3,1,0,0,1,3,2,1,0,0,0,1,1,0,3173.32707008
20231,1123001131,7,3,4,0,0,3,1,2,1,0,0,1,1,1,0,0,0,2,0,1,1,5769.86987865
20231,1123001136,5,5,0,0,0,3,2,0,0,0,0,3,2,0,0,0,0,0,0,0,0,1115.19650562
20231,1123001138,4,4,0,0,0,1,3,0,0,0,0,1,3,0,0,0,0,0,0,0,0,995.522197245
20231,1123001140,2,1,1,0,0,1,0,1,0,0,0,0,0,1,0,0,0,1,0,0,0,2198.20008866
20231,1123001141,10,5,5,0,0,2,2,3,3,0,0,0,1,1,3,0,0,2,1,2,0,2710.43756067
20231,1123001147,4,3,1,0,0,1,0,2,1,0,0,1,0,1,1,0,0,0,0,1,0,2089.71271821
20231,1123001154,58,48,10,0,2,7,13,28,8,0,1,6,9,25,7,0,1,1,4,3,1,3163.5209142
20231,1123001159,9,5,4,0,0,5,1,2,1,0,0,1,1,2,1,0,0,4,0,0,0,615.770390618
20231,1123001164,1,1,0,0,0,0,0,0,1,0,0,0,0,0,1,0,0,0,0,0,0,845.324753447
20231,1123001169,5,4,1,0,1,1,2,1,0,0,0,1,2,1,0,0,1,0,0,0,0,1885.21017967
20231,1123001178,7,6,1,0,1,4,1,0,1,0,1,4,0,0,1,0,0,0,1,0,0,948.704945047
20231,1123001184,6,2,4,0,0,0,1,5,0,0,0,0,0,2,0,0,0,0,1,3,0,1621.91633535
20231,1123001188,3,3,0,0,0,0,0,3,0,0,0,0,0,3,0,0,0,0,0,0,0,4681.36199995
20231,1123001192,6,3,3,0,0,0,1,5,0,0,0,0,0,3,0,0,0,0,1,2,0,1363.00514833
20231,1123001196,6,2,4,0,0,1,0,1,4,0,0,0,0,1,1,0,0,1,0,0,3,2983.07530735
20231,1123001203,3,1,2,0,0,0,1,2,0,0,0,0,1,0,0,0,0,0,0,2,0,3334.59171495
20231,1123001204,25,9,16,0,3,3,8,8,3,0,1,1,1,4,2,0,2,2,7,4,1,5537.27314008
20231,1123001212,912,386,526,2,141,195,202,221,151,1,48,91,84,77,85,1,93,104,118,144,66,3424.08233721
20231,1123001225,4,3,1,0,0,0,3,0,1,0,0,0,3,0,0,0,0,0,0,0,1,1620.38956919
20231,1123001227,1,1,0,0,0,0,1,0,0,0,0,0,1,0,0,0,0,0,0,0,0,2568.4614047
20231,1123001229,9,7,2,0,0,1,2,4,2,0,0,1,2,2,2,0,0,0,0,2,0,2638.75401326
20231,1123001230,11,9,2,0,1,2,5,3,0,0,1,2,4,2,0,0,0,0,1,1,0,2574.61545223
20231,1123001232,2,2,0,0,0,1,0,0,1,0,0,1,0,0,1,0,0,0,0,0,0,4104.49026507
20231,1123001233,124,88,36,0,13,23,29,20,39,0,6,16,17,13,36,0,7,7,12,7,3,4361.97528672
20231,1123001234,4,0,4,0,0,1,2,1,0,0,0,0,0,0,0,0,0,1,2,1,0,2265.87993922
20231,1123001243,7,7,0,0,0,0,2,4,1,0,0,0,2,4,1,0,0,0,0,0,0,412.873694887
20231,1123001247,3,2,1,0,0,0,3,0,0,0,0,0,2,0,0,0,0,0,1,0,0,2593.29276002
20231,1123001251,1,1,0,0,0,0,0,1,0,0,0,0,0,1,0,0,0,0,0,0,0,1806.93515137
20231,1123001252,4,3,1,0,1,0,0,2,1,0,1,0,0,1,1,0,0,0,0,1,0,3972.39225777
20231,1123001262,3,1,2,0,0,0,1,2,0,0,0,0,1,0,0,0,0,0,0,2,0,1388.2020094
20231,1123001265,21,2,19,0,2,5,6,6,2,0,0,0,1,0,1,0,2,5,5,6,1,2131.82584228
20231,1123001266,99,19,80,0,11,27,27,24,10,0,0,3,7,2,7,0,11,24,20,22,3,17231.4819426
20231,1123001269,2,1,1,0,0,0,1,1,0,0,0,0,0,1,0,0,0,0,1,0,0,1705.87460823
20231,1123001271,12,7,5,0,0,3,4,3,2,0,0,2,1,2,2,0,0,1,3,1,0,3031.587709
20231,1123001272,30,18,12,0,5,5,9,9,2,0,5,2,3,6,2,0,0,3,6,3,0,3015.47768558
20231,1123001273,8,5,3,0,1,1,3,3,0,0,0,1,2,2,0,0,1,0,1,1,0,9357.04827425
20231,1123001280,4,2,2,0,0,0,1,2,1,0,0,0,0,2,0,0,0,0,1,0,1,3600.74066953
20231,1123001282,4,0,4,0,1,0,0,3,0,0,0,0,0,0,0,0,1,0,0,3,0,1476.08055255
20231,1123001284,5,1,4,0,3,0,0,2,0,0,0,0,0,1,0,0,3,0,0,1,0,4095.01648466
20231,1123001285,3,1,2,0,1,0,1,1,0,0,0,0,0,1,0,0,1,0,1,0,0,1094.09394927
20231,1123001286,7,2,5,0,0,1,6,0,0,0,0,0,2,0,0,0,0,1,4,0,0,2682.5819701
20231,1123001292,4,2,2,0,2,0,1,0,1,0,2,0,0,0,0,0,0,0,1,0,1,1340.74481648
20231,1123001295,7,4,3,0,0,0,1,4,2,0,0,0,1,1,2,0,0,0,0,3,0,3050.30695554
20231,1123001298,3,0,3,0,1,0,0,2,0,0,0,0,0,0,0,0,1,0,0,2,0,1490.37942704
20231,1123001299,160,94,66,0,20,53,32,39,16,0,5,20,23,34,12,0,15,33,9,5,4,3095.68658882
20231,1123001301,51,43,8,0,2,30,18,1,0,0,2,27,13,1,0,0,0,3,5,0,0,5649.15500544
20231,1123001306,33,11,22,0,7,9,9,4,4,0,1,5,2,1,2,0,6,4,7,3,2,6314.75504802
20231,1123001309,14,11,3,0,2,7,0,3,2,0,1,6,0,2,2,0,1,1,0,1,0,3176.70006711
20231,1123001317,5,4,1,0,0,0,0,1,4,0,0,0,0,1,3,0,0,0,0,0,1,7574.59307796
20231,1123001319,8,7,1,0,2,2,2,2,0,0,2,2,1,2,0,0,0,0,1,0,0,4983.2483172
20231,1123001326,399,226,173,0,43,89,100,103,64,0,17,41,45,74,49,0,26,48,55,29,15,5658.17166803
20231,1123001329,7,2,5,0,3,2,0,2,0,0,0,0,0,2,0,0,3,2,0,0,0,5200.27360612
20231,1123001330,134,129,5,0,1,1,11,56,65,0,0,1,10,53,65,0,1,0,1,3,0,4968.44184638
20231,1123001331,9,8,1,0,0,0,1,2,6,0,0,0,1,2,5,0,0,0,0,0,1,6572.33371418
20231,1123001333,25,23,2,0,0,2,0,2,21,0,0,1,0,1,21,0,0,1,0,1,0,142300.960354
20231,1123001335,71,48,23,0,9,15,19,14,14,0,5,10,13,11,9,0,4,5,6,3,5,14580.2287956
20231,1123001336,163,85,78,0,18,70,44,14,17,0,6,36,24,8,11,0,12,34,20,6,6,13518.2484709
20231,1123001338,72,42,30,1,8,15,13,17,18,1,4,5,7,10,15,0,4,10,6,7,3,14034.7598661
20231,1123001339,20,15,5,0,3,2,6,7,2,0,2,2,4,5,2,0,1,0,2,2,0,3086.2119734
20231,1123001341,135,72,63,3,11,26,38,38,19,3,7,14,20,15,13,0,4,12,18,23,6,14753.5555328
20231,1123001342,84,66,18,0,10,20,27,17,10,0,7,16,22,12,9,0,3,4,5,5,1,4890.27737582
20231,1123001344,111,107,4,0,0,5,17,32,57,0,0,4,15,31,57,0,0,1,2,1,0,10344.9087969
20231,1123001346,153,99,54,0,27,37,40,28,21,0,13,24,24,18,20,0,14,13,16,10,1,14228.9395352
20231,1123001348,18,7,11,0,5,5,3,4,1,0,1,1,2,2,1,0,4,4,1,2,0,1516.73077499
20231,1123001349,40,27,13,0,5,3,9,13,10,0,1,3,6,8,9,0,4,0,3,5,1,6100.05561612
20231,1123001350,524,310,214,0,51,45,36,91,301,0,44,40,32,48,146,0,7,5,4,43,155,7800.16063219
20231,1123001351,139,75,64,0,19,39,31,33,17,0,2,18,19,24,12,0,17,21,12,9,5,13334.0678012
20231,1123001352,48,35,13,0,11,8,11,10,8,0,8,5,8,7,7,0,3,3,3,3,1,5923.45945574
20231,1123001353,438,296,142,2,9,11,28,37,351,0,2,3,15,16,260,2,7,8,13,21,91,7192.62815346
20231,1123001354,12,8,4,0,1,1,3,6,1,0,1,1,1,4,1,0,0,0,2,2,0,1388.96975073
20231,1123001355,8,4,4,0,0,2,2,3,1,0,0,0,1,3,0,0,0,2,1,0,1,2977.99793061
20231,1123001356,69,64,5,0,1,3,8,14,43,0,1,2,6,13,42,0,0,1,2,1,1,3433.71335463
20231,1123001357,10,6,4,0,2,0,3,3,2,0,1,0,2,2,1,0,1,0,1,1,1,5898.85922386
20231,1123001358,52,33,19,0,10,12,18,9,3,0,5,7,12,7,2,0,5,5,6,2,1,8534.43284344
20231,1123001359,10,5,5,0,0,5,4,1,0,0,0,3,2,0,0,0,0,2,2,1,0,3743.21790007
20231,1123001360,4,2,2,0,2,0,0,2,0,0,1,0,0,1,0,0,1,0,0,1,0,1355.34837445
20231,1123001362,56,35,21,0,6,7,8,20,15,0,1,3,4,16,11,0,5,4,4,4,4,6518.33570488
20231,1123001365,516,416,100,0,145,141,122,55,53,0,119,123,94,35,45,0,26,18,28,20,8,14057.3660987
20231,1123001366,4,1,3,0,0,1,0,1,2,0,0,0,0,0,1,0,0,1,0,1,1,343.514960473
20231,1123001367,58,44,14,0,3,6,16,8,25,0,2,3,7,8,24,0,1,3,9,0,1,7875.80489619
20231,1123001368,38,18,20,0,3,5,10,15,5,0,0,2,5,10,1,0,3,3,5,5,4,7981.48969243
20231,1123001371,9,8,1,0,0,0,5,2,2,0,0,0,5,2,1,0,0,0,0,0,1,3789.31894149
20231,1123001372,83,45,38,0,10,26,26,15,6,0,7,10,16,11,1,0,3,16,10,4,5,7544.30183205
20231,1123001373,2,2,0,0,0,0,0,1,1,0,0,0,0,1,1,0,0,0,0,0,0,267.986559413
20231,1123001374,25,17,8,0,5,5,3,6,6,0,3,4,2,4,4,0,2,1,1,2,2,3448.47641737
20231,1123001375,416,298,118,6,31,74,106,78,121,5,11,44,71,62,105,1,20,30,35,16,16,14113.5126472
20231,1123001376,10,6,4,0,0,0,1,4,5,0,0,0,0,2,4,0,0,0,1,2,1,5273.24260925
20231,1123001377,6,6,0,0,0,2,0,1,3,0,0,2,0,1,3,0,0,0,0,0,0,2621.53512107
20231,1123001379,10,6,4,0,0,2,2,4,2,0,0,0,1,3,2,0,0,2,1,1,0,5566.7657525
20231,1123001381,18,14,4,0,0,1,8,4,5,0,0,1,6,3,4,0,0,0,2,1,1,4734.4584569
20231,1123001384,13,3,10,0,6,3,2,1,1,0,0,1,2,0,0,0,6,2,0,1,1,5199.24676573
20231,1123001385,139,75,64,0,14,30,44,33,18,0,4,15,25,18,13,0,10,15,19,15,5,8042.37328887
20231,1123001386,18,11,7,0,1,2,8,4,3,0,1,2,4,2,2,0,0,0,4,2,1,2931.89741529
20231,1123001388,25,13,12,0,3,2,4,15,1,0,2,1,0,9,1,0,1,1,4,6,0,6419.41771923
20231,1123001389,15,10,5,0,0,3,3,5,4,0,0,1,2,3,4,0,0,2,1,2,0,5354.60233294
20231,1123001391,271,249,22,0,22,94,72,80,3,0,18,87,67,76,1,0,4,7,5,4,2,5470.59872095
20231,1123001392,38,9,29,0,17,5,4,8,4,0,0,3,1,3,2,0,17,2,3,5,2,6654.32879763
20231,1123001393,44,32,12,0,12,6,11,8,7,0,9,4,8,5,6,0,3,2,3,3,1,6374.30314091
20231,1123001397,24,14,10,0,5,5,5,8,1,0,5,2,4,2,1,0,0,3,1,6,0,6525.81560154
20231,1123001398,7,3,4,0,1,3,0,2,1,0,0,2,0,0,1,0,1,1,0,2,0,4536.20935954
20231,1123001399,10,4,6,0,0,1,4,5,0,0,0,0,1,3,0,0,0,1,3,2,0,6474.82609417
20231,1123001400,6,5,1,0,0,1,1,2,2,0,0,1,0,2,2,0,0,0,1,0,0,11320.3183701
20231,1123001401,27,5,22,0,2,5,7,7,6,0,0,0,0,0,5,0,2,5,7,7,1,15122.9864546
20231,1123001402,3,2,1,0,0,1,1,0,1,0,0,1,0,0,1,0,0,0,1,0,0,3221.89739034
20231,1123001403,38,23,15,0,2,8,11,7,10,0,1,3,8,3,8,0,1,5,3,4,2,4867.70086789
20231,1123001404,18,16,2,0,2,5,5,5,1,0,2,5,5,3,1,0,0,0,0,2,0,1810.52620531
20231,1123001405,72,35,37,0,23,14,16,12,7,0,9,10,6,6,4,0,14,4,10,6,3,5917.4011449
20231,1123001406,10,9,1,0,0,0,1,7,2,0,0,0,1,6,2,0,0,0,0,1,0,6501.7530575
20231,1123001407,16,13,3,0,1,4,7,3,1,0,0,3,7,2,1,0,1,1,0,1,0,6368.72709123
20231,1123001408,25,12,13,0,6,5,7,4,3,0,2,2,3,2,3,0,4,3,4,2,0,1000.0890138
20231,1123001409,2,2,0,0,0,0,1,0,1,0,0,0,1,0,1,0,0,0,0,0,0,1020.5928757
20231,1123001411,7,7,0,0,1,0,1,1,4,0,1,0,1,1,4,0,0,0,0,0,0,2523.75545318
20231,1123001413,100,75,25,0,6,33,28,15,18,0,1,26,23,11,14,0,5,7,5,4,4,11519.4560242
20231,1123001414,2,2,0,0,0,0,0,0,2,0,0,0,0,0,2,0,0,0,0,0,0,1137.48089262
20231,1123001416,5,2,3,0,0,1,2,1,1,0,0,0,1,0,1,0,0,1,1,1,0,3778.67687162
20231,1123001417,181,143,38,1,56,42,37,31,14,0,43,32,32,26,10,1,13,10,5,5,4,7514.87708392
20231,1123001419,10,8,2,0,0,1,0,5,4,0,0,0,0,5,3,0,0,1,0,0,1,9775.13424425
20231,1123001421,14,4,10,0,3,3,2,5,1,0,1,1,1,0,1,0,2,2,1,5,0,6014.44502704
20231,1123001422,2,2,0,0,0,0,2,0,0,0,0,0,2,0,0,0,0,0,0,0,0,1880.3633536
20231,1123001424,101,99,2,0,1,0,8,42,50,0,1,0,8,40,50,0,0,0,0,2,0,4932.16320077
20231,1123001425,147,79,68,0,31,51,22,21,22,0,12,28,12,12,15,0,19,23,10,9,7,13280.7704614
20231,1123001426,13,10,3,0,0,3,5,4,1,0,0,3,4,2,1,0,0,0,1,2,0,5658.04577768
20231,1123001427,21,9,12,0,3,6,3,3,6,0,0,3,0,1,5,0,3,3,3,2,1,3280.33657303
20231,1123001429,15,11,4,0,0,6,3,3,3,0,0,4,2,2,3,0,0,2,1,1,0,5682.75460762
20231,1123001431,3,2,1,0,0,0,1,1,1,0,0,0,1,1,0,0,0,0,0,0,1,1921.24713238
20231,1123001433,5,5,0,0,0,1,2,2,0,0,0,1,2,2,0,0,0,0,0,0,0,5496.50228721
20231,1123001434,68,43,25,0,11,21,14,11,11,0,3,13,9,8,10,0,8,8,5,3,1,5145.44003317
20231,1123001437,8,6,2,0,1,0,1,2,4,0,0,0,1,2,3,0,1,0,0,0,1,2326.9723399
20231,1123001440,20,14,6,0,0,3,5,7,5,0,0,1,4,6,3,0,0,2,1,1,2,7213.35894654
20231,1123001441,3,1,2,0,0,1,0,1,1,0,0,0,0,0,1,0,0,1,0,1,0,1457.86495565
20231,1123001442,38,17,21,0,1,4,3,22,8,0,0,1,2,11,3,0,1,3,1,11,5,4977.86546705
20231,1123001443,24,6,18,0,2,7,7,3,5,0,0,1,1,1,3,0,2,6,6,2,2,4730.21808241
20231,1123001444,96,13,83,0,7,19,34,30,6,0,1,3,2,2,5,0,6,16,32,28,1,13746.4756124
20231,1123001445,5,4,1,0,0,0,2,3,0,0,0,0,2,2,0,0,0,0,0,1,0,2480.22846466
20231,1123001448,3,2,1,0,0,1,0,0,2,0,0,0,0,0,2,0,0,1,0,0,0,4354.47016014
20231,1123001450,4,4,0,0,0,2,0,2,0,0,0,2,0,2,0,0,0,0,0,0,0,3045.99398529
20231,1123001451,2,1,1,0,0,1,0,0,1,0,0,1,0,0,0,0,0,0,0,0,1,4503.51955396
20231,1123001452,103,52,51,0,22,31,23,16,11,0,9,14,12,7,10,0,13,17,11,9,1,5180.56802312
20231,1123001453,11,10,1,0,2,2,3,3,1,0,2,1,3,3,1,0,0,1,0,0,0,2969.74191804
20231,1123001454,2,2,0,0,0,1,0,1,0,0,0,1,0,1,0,0,0,0,0,0,0,1674.43272639
20231,1123001455,24,12,12,0,2,1,7,9,5,0,2,1,3,5,1,0,0,0,4,4,4,6837.64911032
20231,1123001456,164,148,16,0,26,35,45,37,21,0,19,31,44,34,20,0,7,4,1,3,1,5126.12306402
20231,1123001459,3,3,0,0,0,0,1,1,1,0,0,0,1,1,1,0,0,0,0,0,0,2630.20227803
20231,1123001460,9,6,3,0,0,1,7,0,1,0,0,1,4,0,1,0,0,0,3,0,0,1541.02592783
20231,1123001462,122,65,57,0,9,20,35,36,22,0,6,10,17,20,12,0,3,10,18,16,10,3894.32687889
20231,1123001464,5,4,1,0,2,0,1,1,1,0,2,0,1,1,0,0,0,0,0,0,1,8432.94970331
20231,1123001465,46,11,35,0,9,14,8,13,2,0,2,3,1,4,1,0,7,11,7,9,1,18246.4413529
20231,1123001467,21,9,12,0,0,0,4,10,7,0,0,0,2,5,2,0,0,0,2,5,5,4736.76092528
20231,1123001473,126,91,35,0,21,31,31,26,17,0,16,18,22,20,15,0,5,13,9,6,2,2709.17188854
20231,1123001474,59,30,29,0,3,12,28,10,6,0,3,9,14,1,3,0,0,3,14,9,3,8476.88203593
20231,1123001476,5,4,1,0,1,1,1,1,1,0,1,0,1,1,1,0,0,1,0,0,0,7063.28036857
20231,1123001477,13,9,4,0,2,1,4,4,2,0,1,0,4,2,2,0,1,1,0,2,0,6953.99217491
20231,1123001479,10,9,1,0,0,1,5,3,1,0,0,0,5,3,1,0,0,1,0,0,0,6990.62090556
20231,1123001480,23,11,12,0,0,3,4,11,5,0,0,1,2,6,2,0,0,2,2,5,3,7085.04358612
20231,1123001481,57,35,22,0,6,17,15,13,6,0,1,13,10,8,3,0,5,4,5,5,3,8895.96901651
20231,1123001482,60,33,27,0,5,11,14,23,7,0,3,8,6,10,6,0,2,3,8,13,1,6110.90501105
20231,1123001483,27,12,15,0,3,5,9,10,0,0,2,4,2,4,0,0,1,1,7,6,0,6160.22952037
20231,1123001484,47,31,16,2,10,14,10,9,2,2,7,5,7,8,2,0,3,9,3,1,0,3076.36896317
20231,1123001486,7,3,4,0,0,0,2,2,3,0,0,0,0,1,2,0,0,0,2,1,1,5359.76878647
20231,1123001487,11,10,1,0,1,1,3,3,3,0,1,1,2,3,3,0,0,0,1,0,0,3386.07192793
20231,1123001488,7,4,3,0,0,1,6,0,0,0,0,0,4,0,0,0,0,1,2,0,0,3019.7420794
20231,1123001489,15,11,4,0,4,5,4,1,1,0,3,3,3,1,1,0,1,2,1,0,0,3187.30133804
20231,1123001491,16,6,10,0,3,5,3,4,1,0,0,2,1,2,1,0,3,3,2,2,0,25154.3285933
20231,1123001493,2,2,0,0,1,0,0,1,0,0,1,0,0,1,0,0,0,0,0,0,0,3174.20676325
20231,1123001494,92,25,67,0,13,15,16,22,26,0,4,9,6,2,4,0,9,6,10,20,22,7379.14624136
20231,1123001497,6,6,0,0,0,0,3,2,1,0,0,0,3,2,1,0,0,0,0,0,0,2817.87552365
20231,1123001498,16,1,15,0,5,3,2,4,2,0,0,0,0,0,1,0,5,3,2,4,1,1808.47977986
20231,1123001499,6,4,2,0,2,1,1,2,0,0,2,1,0,1,0,0,0,0,1,1,0,1821.86097926
20231,1123001501,16,9,7,0,0,6,2,8,0,0,0,4,1,4,0,0,0,2,1,4,0,1697.95252412
20231,1123001505,8,4,4,0,0,4,1,2,1,0,0,2,1,1,0,0,0,2,0,1,1,7638.06405978
20231,1123001509,110,75,35,0,7,25,30,30,18,0,6,17,21,17,14,0,1,8,9,13,4,10862.3147481
20231,1123001514,724,301,423,0,14,16,59,178,457,0,11,9,33,67,181,0,3,7,26,111,276,3651.64655198
20231,1123001516,22,2,20,0,5,7,3,3,4,0,0,0,0,0,2,0,5,7,3,3,2,7303.2756489
20231,1123001518,41,21,20,0,8,7,4,17,5,0,5,3,2,7,4,0,3,4,2,10,1,6825.94748015
20231,1123001520,19,15,4,0,6,3,7,2,1,0,3,3,6,2,1,0,3,0,1,0,0,2442.67438422
20231,1123001526,13,9,4,0,0,2,7,3,1,0,0,1,5,2,1,0,0,1,2,1,0,3198.73780029
20231,1123001530,23,11,12,0,4,6,7,3,3,0,2,0,5,1,3,0,2,6,2,2,0,7635.80977453
20231,1123001534,44,25,19,1,8,11,16,5,3,1,3,6,11,4,0,0,5,5,5,1,3,9796.04396006
20231,1123001536,7,6,1,0,0,1,3,0,3,0,0,1,2,0,3,0,0,0,1,0,0,6330.7126506
20231,1123001537,3,3,0,0,0,2,0,1,0,0,0,2,0,1,0,0,0,0,0,0,0,770.712491337
20231,1123001540,5,3,2,0,0,1,0,2,2,0,0,0,0,1,2,0,0,1,0,1,0,365.90759133
20231,1123001541,27,13,14,0,1,4,6,7,9,0,0,2,3,3,5,0,1,2,3,4,4,2661.1772161
20231,1123001542,12,9,3,0,0,1,4,5,2,0,0,0,3,4,2,0,0,1,1,1,0,2955.87505828
20231,1123001543,3,3,0,0,0,0,2,1,0,0,0,0,2,1,0,0,0,0,0,0,0,8596.90806714
20231,1123001548,7,2,5,0,3,1,1,2,0,0,1,0,0,1,0,0,2,1,1,1,0,2383.501796
20231,1123001552,1,0,1,0,0,0,0,0,1,0,0,0,0,0,0,0,0,0,0,0,1,780.11637716
20231,1123001555,15,7,8,0,0,3,3,5,4,0,0,1,1,2,3,0,0,2,2,3,1,2318.38621465
20231,1123001557,9,4,5,0,1,2,4,1,1,0,0,1,2,0,1,0,1,1,2,1,0,2655.03621618
20231,1123001562,2,2,0,0,0,0,0,1,1,0,0,0,0,1,1,0,0,0,0,0,0,2385.05822121
20231,1123001563,1,1,0,0,0,0,0,0,1,0,0,0,0,0,1,0,0,0,0,0,0,1105.44703502
20231,1123001564,155,114,41,0,21,31,37,46,20,0,16,26,25,31,16,0,5,5,12,15,4,9502.44158873
20231,1123001567,2,0,2,0,1,1,0,0,0,0,0,0,0,0,0,0,1,1,0,0,0,5111.96050348
20231,1123001571,12,8,4,0,0,1,1,8,2,0,0,1,0,5,2,0,0,0,1,3,0,2768.6736512
20231,1123001572,4,3,1,0,0,0,0,2,2,0,0,0,0,1,2,0,0,0,0,1,0,1958.7063422
20231,1123001573,2115,1411,704,12,473,565,537,385,143,9,328,398,329,244,103,3,145,167,208,141,40,5441.91728221
20231,1123001578,14,10,4,0,2,3,4,2,3,0,0,3,3,2,2,0,2,0,1,0,1,1097.38995478
20231,1123001579,49,7,42,0,0,5,9,31,4,0,0,1,2,2,2,0,0,4,7,29,2,807.433710519
20231,1123001583,2,2,0,0,0,0,0,1,1,0,0,0,0,1,1,0,0,0,0,0,0,1005.17816963
20231,1123001584,280,107,173,1,43,63,76,67,30,0,3,22,33,33,16,1,40,41,43,34,14,7992.12693281
20231,1123001588,272,248,24,0,1,7,37,98,129,0,0,2,27,94,125,0,1,5,10,4,4,6658.18866416
20231,1123001589,16,9,7,0,1,2,2,7,4,0,0,0,1,5,3,0,1,2,1,2,1,6674.14783146
20231,1123001592,13,8,5,0,0,3,8,2,0,0,0,1,5,2,0,0,0,2,3,0,0,9422.71776574
20231,1123001593,49,21,28,0,1,10,10,14,14,0,0,1,3,8,9,0,1,9,7,6,5,4203.23962719
20231,1123001594,82,38,44,0,10,16,17,23,16,0,8,11,5,9,5,0,2,5,12,14,11,6043.8271992
20231,1123001595,285,155,130,5,58,72,66,66,18,5,35,46,36,21,12,0,23,26,30,45,6,8134.30016491
20231,1123001596,7,2,5,0,0,0,0,1,6,0,0,0,0,0,2,0,0,0,0,1,4,2177.99281376
20231,1123001597,7,2,5,0,0,0,2,3,2,0,0,0,0,1,1,0,0,0,2,2,1,4043.53997307
20231,1123001598,9,6,3,0,0,2,1,3,3,0,0,1,0,3,2,0,0,1,1,0,1,8201.99578759
20231,1123001599,18,7,11,0,5,2,3,8,0,0,2,1,0,4,0,0,3,1,3,4,0,4523.47937648
20231,1123001603,10,7,3,0,2,1,4,3,0,0,0,1,4,2,0,0,2,0,0,1,0,2900.42462842
20231,1123001604,24,21,3,0,3,2,8,8,3,0,3,2,6,8,2,0,0,0,2,0,1,5674.69976032
20231,1123001606,45,24,21,0,2,11,13,13,6,0,1,8,4,8,3,0,1,3,9,5,3,8286.57684344
20231,1123001608,11,9,2,0,0,2,8,1,0,0,0,2,7,0,0,0,0,0,1,1,0,2528.02648496
20231,1123001609,13,5,8,0,4,5,4,0,0,0,1,2,2,0,0,0,3,3,2,0,0,5641.27108116
20231,1123001610,2,1,1,0,0,1,1,0,0,0,0,0,1,0,0,0,0,1,0,0,0,5021.12982437
20231,1123001611,24,16,8,0,2,5,8,7,2,0,0,3,6,5,2,0,2,2,2,2,0,2432.27787358
20231,1123001612,18,16,2,0,1,4,5,4,4,0,1,4,3,4,4,0,0,0,2,0,0,1069.3195533
20231,1123001614,2,1,1,0,0,0,0,2,0,0,0,0,0,1,0,0,0,0,0,1,0,4159.12468628
20231,1123001615,7,6,1,0,1,0,2,3,1,0,1,0,2,2,1,0,0,0,0,1,0,3305.78195532
20231,1123001617,15,4,11,0,1,9,3,2,0,0,0,1,2,1,0,0,1,8,1,1,0,6957.9189275
20231,1123001618,3,1,2,0,0,0,0,2,1,0,0,0,0,0,1,0,0,0,0,2,0,5984.21590529
20231,1123001621,7,0,7,0,0,1,1,4,1,0,0,0,0,0,0,0,0,1,1,4,1,4874.31694985
20231,1123001623,2,0,2,0,1,0,0,1,0,0,0,0,0,0,0,0,1,0,0,1,0,7212.21447054
20231,1123001625,40,26,14,0,5,3,9,12,11,0,4,2,5,6,9,0,1,1,4,6,2,10200.3265225
20231,1123001627,56,44,12,0,5,11,15,13,12,0,3,9,13,8,11,0,2,2,2,5,1,1501.43628989
20231,1123001629,24,12,12,0,6,4,7,5,2,0,4,1,1,4,2,0,2,3,6,1,0,1240.72513743
20231,1123001630,36,29,7,0,2,3,3,3,25,0,0,2,2,3,22,0,2,1,1,0,3,9988.33228846
20231,1123001631,26,9,17,0,1,0,5,10,10,0,0,0,2,2,5,0,1,0,3,8,5,3305.8485222
20231,1123001632,84,61,23,0,22,38,15,7,2,0,15,28,13,4,1,0,7,10,2,3,1,6750.31116411
20231,1123001633,2,1,1,0,0,0,1,1,0,0,0,0,0,1,0,0,0,0,1,0,0,6884.56562242
20231,1123001634,30,22,8,0,1,2,11,13,3,0,1,1,7,10,3,0,0,1,4,3,0,10865.4088096
20231,1123001635,20,7,13,0,4,2,7,5,2,0,3,2,1,1,0,0,1,0,6,4,2,10148.5998149
20231,1123001636,14,11,3,0,0,7,4,2,1,0,0,5,4,1,1,0,0,2,0,1,0,16477.1155956
20231,1123001637,66,26,40,0,4,6,14,25,17,0,0,0,7,10,9,0,4,6,7,15,8,10103.7257895
20231,1123001638,46,13,33,0,4,10,11,13,8,0,1,1,1,5,5,0,3,9,10,8,3,6998.01461805
20231,1123001639,55,23,32,0,9,20,13,9,4,0,3,6,8,4,2,0,6,14,5,5,2,7302.31771112
20231,1123001640,502,68,434,0,105,138,196,60,3,0,7,32,19,8,2,0,98,106,177,52,1,7463.03189471
20231,1123001642,106,84,22,1,25,33,21,13,13,1,20,29,11,12,11,0,5,4,10,1,2,6188.93719982
20231,1123001646,10,6,4,0,1,2,2,4,1,0,0,1,2,2,1,0,1,1,0,2,0,6821.34012799
20231,1123001649,7,5,2,0,0,3,3,0,1,0,0,3,2,0,0,0,0,0,1,0,1,4254.85928562
20231,1123001653,3,1,2,0,0,1,1,1,0,0,0,0,0,1,0,0,0,1,1,0,0,3074.36091837
20231,1123001654,35,16,19,0,2,3,14,5,11,0,1,2,10,2,1,0,1,1,4,3,10,4366.01332506
20231,1123001655,4,4,0,0,0,1,0,1,2,0,0,1,0,1,2,0,0,0,0,0,0,2515.36345007
20231,1123001672,2,0,2,0,0,1,1,0,0,0,0,0,0,0,0,0,0,1,1,0,0,770.715518982
20231,1123001673,67,10,57,0,7,15,31,14,0,0,1,4,4,1,0,0,6,11,27,13,0,15586.8132153
20231,1123001674,100,49,51,0,12,16,21,34,17,0,2,6,12,19,10,0,10,10,9,15,7,9743.13897554
20231,1123001675,79,34,45,0,11,13,13,27,15,0,4,6,6,7,11,0,7,7,7,20,4,9263.09745605
20231,1123001681,15,11,4,0,1,4,6,3,1,0,1,4,3,2,1,0,0,0,3,1,0,6276.58377682
20231,1123001683,2,1,1,0,1,0,1,0,0,0,1,0,0,0,0,0,0,0,1,0,0,1870.34371462
20231,1123001686,5,4,1,0,0,0,0,1,4,0,0,0,0,1,3,0,0,0,0,0,1,6396.27500015
20231,1123001692,5,3,2,0,0,0,1,2,2,0,0,0,0,1,2,0,0,0,1,1,0,5573.72641073
20231,1123001695,1718,1041,677,39,1366,276,32,4,1,23,780,204,29,4,1,16,586,72,3,0,0,3319.13818758
20231,1123001699,8,6,2,1,2,0,1,4,0,1,1,0,0,4,0,0,1,0,1,0,0,1514.18148639
20231,1123001704,235,117,118,1,34,48,80,38,34,1,10,19,38,24,25,0,24,29,42,14,9,5036.11964138
20231,1123001705,6,5,1,0,1,0,0,4,1,0,1,0,0,3,1,0,0,0,0,1,0,6642.42426424
20231,1123001706,49,14,35,0,14,14,13,5,3,0,3,1,4,3,3,0,11,13,9,2,0,3728.42218296
20231,1123001707,330,155,175,1,43,47,73,98,68,0,17,24,31,43,40,1,26,23,42,55,28,8545.53019173
20231,1123001708,95,66,29,0,29,28,16,8,14,0,18,25,10,4,9,0,11,3,6,4,5,8154.01474872
20231,1123001717,6,2,4,0,0,0,1,3,2,0,0,0,0,1,1,0,0,0,1,2,1,2678.28882192
20231,1123001718,4,3,1,0,0,1,0,1,2,0,0,0,0,1,2,0,0,1,0,0,0,6806.22010542
20231,1123001719,10,2,8,0,0,2,4,4,0,0,0,0,2,0,0,0,0,2,2,4,0,5209.53403597
20231,1123001722,6,0,6,0,1,3,1,1,0,0,0,0,0,0,0,0,1,3,1,1,0,2305.30489082
20231,1123001723,18,8,10,0,0,3,3,5,7,0,0,0,3,3,2,0,0,3,0,2,5,2202.31947404
20231,1123001728,3,1,2,0,0,2,1,0,0,0,0,0,1,0,0,0,0,2,0,0,0,1362.15195814
20231,1123001729,11,7,4,0,0,3,3,1,4,0,0,2,2,0,3,0,0,1,1,1,1,6839.26936854
20231,1123001731,45,26,19,0,5,6,16,13,5,0,0,4,11,6,5,0,5,2,5,7,0,8658.17422558
20231,1123001733,29,5,24,0,0,1,2,16,10,0,0,0,0,2,3,0,0,1,2,14,7,8296.31010887
20231,1123001738,5,5,0,0,2,1,0,0,2,0,2,1,0,0,2,0,0,0,0,0,0,1801.07270536
20231,1123001740,4,3,1,0,0,1,1,2,0,0,0,0,1,2,0,0,0,1,0,0,0,980.194432809
20231,1123001742,3,1,2,0,0,0,0,2,1,0,0,0,0,0,1,0,0,0,0,2,0,6160.8449913
20231,1123001747,452,214,238,1,43,103,138,141,26,0,25,60,68,47,14,1,18,43,70,94,12,4357.42417553
20231,1123001748,4,3,1,0,0,0,3,1,0,0,0,0,3,0,0,0,0,0,0,1,0,1241.384888
20231,1123001751,5,3,2,0,0,0,0,3,2,0,0,0,0,1,2,0,0,0,0,2,0,1670.12238524
20231,1123001752,13,8,5,0,0,1,2,8,2,0,0,1,2,3,2,0,0,0,0,5,0,3872.14504388
20231,1123001753,62,28,34,0,18,19,13,11,1,0,7,11,6,3,1,0,11,8,7,8,0,8907.81809772
20231,1123001754,3,2,1,0,0,0,1,2,0,0,0,0,1,1,0,0,0,0,0,1,0,1928.37964443
20231,1123001756,11,1,10,0,2,1,3,4,1,0,0,0,0,1,0,0,2,1,3,3,1,1925.65316767
20231,1123001757,9,7,2,0,1,1,5,1,1,0,0,1,4,1,1,0,1,0,1,0,0,3068.65804359
20231,1123001760,18,10,8,0,5,3,2,6,2,0,3,3,0,3,1,0,2,0,2,3,1,3977.20013561
20231,1123001761,2,2,0,0,0,0,1,1,0,0,0,0,1,1,0,0,0,0,0,0,0,4276.03451425
20231,1123001762,56,40,16,0,1,11,17,19,8,0,0,10,14,11,5,0,1,1,3,8,3,9550.87826095
20231,1123001765,5,3,2,0,2,0,0,2,1,0,1,0,0,1,1,0,1,0,0,1,0,3834.09074247
20231,1123001766,167,54,113,0,8,20,64,70,5,0,6,10,20,14,4,0,2,10,44,56,1,9297.4510458
20231,1123001772,19,15,4,0,3,3,1,7,5,0,3,3,0,5,4,0,0,0,1,2,1,6309.01429743
20231,1123001774,26,9,17,0,3,9,7,4,3,0,1,3,2,0,3,0,2,6,5,4,0,1681.53295582
20231,1123001775,7,6,1,0,0,1,4,0,2,0,0,1,3,0,2,0,0,0,1,0,0,6648.50062046
20231,1123001776,15,9,6,0,3,1,4,2,5,0,3,1,1,2,2,0,0,0,3,0,3,6692.04152494
20231,1123001777,77,42,35,0,5,16,22,22,12,0,4,7,11,10,10,0,1,9,11,12,2,13677.9660346
20231,1123001779,6,3,3,0,0,1,2,2,1,0,0,1,0,1,1,0,0,0,2,1,0,2915.40789666
20231,1123001780,50,37,13,0,3,9,17,15,6,0,1,6,13,13,4,0,2,3,4,2,2,7472.38544568
20231,1123001782,35,24,11,0,3,3,4,17,8,0,1,1,3,13,6,0,2,2,1,4,2,7896.5910533
20231,1123001784,29,20,9,0,0,4,9,12,4,0,0,4,5,8,3,0,0,0,4,4,1,28284.9379399
20231,1123001785,21,15,6,0,3,1,4,8,5,0,2,1,3,4,5,0,1,0,1,4,0,8923.63552952
20231,1123001786,14,8,6,0,3,5,3,3,0,0,1,3,2,2,0,0,2,2,1,1,0,4933.04247039
20231,1123001788,3,1,2,0,0,0,0,1,2,0,0,0,0,0,1,0,0,0,0,1,1,3354.96691417
20231,1123001790,222,216,6,0,0,2,24,88,108,0,0,1,22,87,106,0,0,1,2,1,2,6949.65081213
20231,1123001791,4,2,2,0,0,0,3,1,0,0,0,0,2,0,0,0,0,0,1,1,0,2909.24675782
20231,1123001793,12,0,12,0,0,4,5,1,2,0,0,0,0,0,0,0,0,4,5,1,2,1359.01102341
20231,1123001794,35,9,26,0,1,1,2,7,24,0,0,0,1,1,7,0,1,1,1,6,17,8827.21551829
20231,1123001795,13,10,3,0,0,0,3,5,5,0,0,0,3,4,3,0,0,0,0,1,2,11121.5233736
20231,1123001796,13,9,4,0,2,4,2,2,3,0,1,3,2,1,2,0,1,1,0,1,1,1051.54566169
20231,1123001797,14,6,8,0,0,5,7,2,0,0,0,2,3,1,0,0,0,3,4,1,0,4748.95147149
20231,1123001799,113,56,57,0,24,49,19,10,11,0,9,29,6,5,7,0,15,20,13,5,4,6519.11709223
20231,1123001800,25,8,17,0,1,6,6,10,2,0,1,2,3,2,0,0,0,4,3,8,2,5864.04942963
20231,1123001802,43,33,10,0,4,9,7,11,12,0,2,5,6,8,12,0,2,4,1,3,0,4983.96641971
20231,1123001803,90,85,5,0,0,4,12,28,46,0,0,3,10,28,44,0,0,1,2,0,2,4187.58088906
20231,1123001804,7,5,2,0,1,2,3,1,0,0,1,2,2,0,0,0,0,0,1,1,0,6604.14337509
20231,1123001805,8,2,6,0,1,3,4,0,0,0,0,0,2,0,0,0,1,3,2,0,0,14862.3520205
20231,1123001808,3,2,1,0,0,0,1,1,1,0,0,0,0,1,1,0,0,0,1,0,0,2977.21670631
20231,1123001810,5,3,2,0,1,0,1,3,0,0,1,0,1,1,0,0,0,0,0,2,0,4445.49689001
20231,1123001812,184,120,64,1,29,55,40,40,19,0,13,44,28,19,16,1,16,11,12,21,3,5745.42206838
20231,1123001814,9,6,3,0,0,1,5,3,0,0,0,1,3,2,0,0,0,0,2,1,0,2557.57993975
20231,1123001816,1,0,1,0,0,1,0,0,0,0,0,0,0,0,0,0,0,1,0,0,0,9384.3475861
20231,1123001819,21,18,3,0,3,8,5,3,2,0,2,6,5,3,2,0,1,2,0,0,0,1904.36639678
20231,1123001822,9,6,3,0,0,1,3,4,1,0,0,1,2,3,0,0,0,0,1,1,1,5127.23001287
20231,1123001824,3,3,0,0,1,0,0,2,0,0,1,0,0,2,0,0,0,0,0,0,0,3710.02490604
20231,1123001827,2,2,0,0,0,0,0,1,1,0,0,0,0,1,1,0,0,0,0,0,0,2452.77132621
20231,1123001829,10,3,7,0,2,3,3,2,0,0,0,1,1,1,0,0,2,2,2,1,0,2538.48517068
20231,1123001831,140,51,89,1,18,35,45,34,7,1,6,23,14,5,2,0,12,12,31,29,5,13598.1602686
20231,1123001847,23,18,5,1,4,3,6,6,3,0,4,3,3,5,3,1,0,0,3,1,0,5390.73527039
20231,1123001849,35,26,9,0,3,6,9,12,5,0,3,5,6,8,4,0,0,1,3,4,1,15884.2258296
20231,1123001853,41,34,7,0,2,2,7,15,15,0,0,2,6,11,15,0,2,0,1,4,0,3521.82595606
20231,1123001857,121,94,27,0,25,27,35,22,12,0,22,20,25,17,10,0,3,7,10,5,2,6295.81292237
20231,1123001859,8,8,0,0,1,1,5,1,0,0,1,1,5,1,0,0,0,0,0,0,0,1491.61008874
20231,1123001864,47,27,20,0,8,15,6,9,9,0,5,8,5,3,6,0,3,7,1,6,3,19668.2728815
20231,1123001869,4,3,1,0,0,2,1,0,1,0,0,1,1,0,1,0,0,1,0,0,0,5910.88547042
20231,1123001876,21,7,14,0,2,1,7,6,5,0,1,0,1,2,3,0,1,1,6,4,2,12264.955188
20231,1123001878,3,2,1,0,0,0,2,1,0,0,0,0,1,1,0,0,0,0,1,0,0,4265.14826027
20231,1123001885,39,16,23,0,6,12,6,9,6,0,3,5,1,6,1,0,3,7,5,3,5,3511.67954615
20231,1123001894,6,4,2,0,0,0,2,4,0,0,0,0,2,2,0,0,0,0,0,2,0,10382.5596797
20231,1123001898,13,3,10,0,2,3,4,1,3,0,0,0,2,0,1,0,2,3,2,1,2,10202.9924044
20231,1123001904,7,5,2,0,0,2,1,2,2,0,0,2,1,1,1,0,0,0,0,1,1,5919.14861411
20231,1123001907,3,2,1,0,1,0,1,1,0,0,0,0,1,1,0,0,1,0,0,0,0,2825.53634447
20231,1123001908,18,15,3,0,0,1,7,6,4,0,0,0,5,6,4,0,0,1,2,0,0,1786.3873178
20231,1123001909,4,3,1,0,0,0,0,2,2,0,0,0,0,1,2,0,0,0,0,1,0,1326.48799967
20231,1123001918,47,32,15,0,8,20,13,6,0,0,6,12,9,5,0,0,2,8,4,1,0,3609.02175634
20231,1123001924,2,2,0,0,0,0,0,1,1,0,0,0,0,1,1,0,0,0,0,0,0,2746.53735723
20231,1123001930,19,15,4,0,0,3,12,2,2,0,0,2,11,1,1,0,0,1,1,1,1,1972.12600563
20231,1123001935,7,3,4,0,1,0,2,3,1,0,0,0,1,1,1,0,1,0,1,2,0,16835.9273328
20231,1123001939,2,1,1,0,0,1,1,0,0,0,0,1,0,0,0,0,0,0,1,0,0,2390.50075085
20231,1123001940,85,19,66,0,5,5,11,23,41,0,5,1,9,3,1,0,0,4,2,20,40,1322.5410897
20231,1123001941,10,7,3,0,3,5,1,1,0,0,2,3,1,1,0,0,1,2,0,0,0,1211.01319982
20231,1123001944,7,1,6,0,0,1,2,4,0,0,0,0,0,1,0,0,0,1,2,3,0,4627.34944165
20231,1123001947,8,7,1,0,0,1,4,2,1,0,0,1,4,1,1,0,0,0,0,1,0,2646.56892023
20231,1123001957,3,0,3,0,1,0,1,0,1,0,0,0,0,0,0,0,1,0,1,0,1,2612.62853264
20231,1123001958,3,0,3,0,0,0,0,2,1,0,0,0,0,0,0,0,0,0,0,2,1,5223.47490317
20231,1123001965,5,3,2,0,1,0,1,2,1,0,0,0,1,1,1,0,1,0,0,1,0,2944.25809345
20231,1123001966,11,5,6,0,2,4,2,1,2,0,1,2,0,1,1,0,1,2,2,0,1,2149.47353253
20231,1123001973,14,0,14,0,1,3,3,4,3,0,0,0,0,0,0,0,1,3,3,4,3,4827.13451998
20231,1123001984,32,17,15,0,15,4,7,3,3,0,6,3,4,1,3,0,9,1,3,2,0,6624.73440979
20231,1123001986,10,4,6,0,1,0,5,0,4,0,1,0,0,0,3,0,0,0,5,0,1,2525.93626494
20231,1123001987,2,2,0,0,0,1,0,0,1,0,0,1,0,0,1,0,0,0,0,0,0,3663.45874161
20231,1123001990,9,3,6,0,0,2,2,2,3,0,0,2,1,0,0,0,0,0,1,2,3,4991.96970388
20231,1123001991,4,3,1,0,0,0,2,2,0,0,0,0,2,1,0,0,0,0,0,1,0,2957.58181393
20231,1123001992,440,323,117,1,52,73,136,142,36,0,34,47,100,115,27,1,18,26,36,27,9,2659.19958978
20231,1123001993,4,3,1,0,1,1,1,0,1,0,1,1,1,0,0,0,0,0,0,0,1,732.657724252
20231,1123001994,31,11,20,0,6,7,3,10,5,0,0,3,0,3,5,0,6,4,3,7,0,9181.08458714
20231,1123001999,4,2,2,0,0,1,0,3,0,0,0,0,0,2,0,0,0,1,0,1,0,5188.80815538
20231,1123002000,2,1,1,0,0,0,0,2,0,0,0,0,0,1,0,0,0,0,0,1,0,2839.57107339
20231,1123002004,2,0,2,0,0,0,0,1,1,0,0,0,0,0,0,0,0,0,0,1,1,3090.53973316
20231,1123002006,3,2,1,0,0,1,1,1,0,0,0,1,1,0,0,0,0,0,0,1,0,5106.74938669
20231,1123002009,2,0,2,0,0,0,1,1,0,0,0,0,0,0,0,0,0,0,1,1,0,3389.01848664
20231,1123002011,11,8,3,0,3,0,2,1,5,0,2,0,1,1,4,0,1,0,1,0,1,5210.0495317
20231,1123002014,8,6,2,0,0,1,6,0,1,0,0,1,4,0,1,0,0,0,2,0,0,4830.5152482
20231,1123002018,140,91,49,0,8,18,22,41,51,0,7,18,19,22,25,0,1,0,3,19,26,970.851822096
20231,1123002019,3,3,0,0,1,0,1,1,0,0,1,0,1,1,0,0,0,0,0,0,0,1411.74946427
20231,1123002021,4,2,2,0,0,1,1,2,0,0,0,0,0,2,0,0,0,1,1,0,0,3880.10666176
20231,1123002023,4,2,2,0,0,0,0,3,1,0,0,0,0,2,0,0,0,0,0,1,1,2546.96203805
20231,1123002027,5,5,0,0,1,2,2,0,0,0,1,2,2,0,0,0,0,0,0,0,0,1900.110492
20231,1123002036,2,2,0,0,0,0,1,1,0,0,0,0,1,1,0,0,0,0,0,0,0,3863.14836129
20231,1123002037,12,3,9,0,0,4,5,1,2,0,0,2,0,1,0,0,0,2,5,0,2,2698.79656527
20231,1123002043,18,15,3,0,2,2,5,5,4,0,2,2,3,4,4,0,0,0,2,1,0,2092.60410656
20231,1123002048,4,0,4,0,0,0,2,2,0,0,0,0,0,0,0,0,0,0,2,2,0,3539.71342265
20231,1123002056,3,1,2,0,1,0,1,0,1,0,0,0,0,0,1,0,1,0,1,0,0,5004.34740564
20231,1123002061,6,5,1,0,0,1,2,2,1,0,0,0,2,2,1,0,0,1,0,0,0,2221.79576457
20231,1123002064,29,9,20,0,3,9,7,8,2,0,1,3,1,2,2,0,2,6,6,6,0,1401.43957703
20231,1123002066,2,0,2,0,0,0,1,0,1,0,0,0,0,0,0,0,0,0,1,0,1,3561.66451619
20231,1123002070,9,6,3,0,2,1,2,2,2,0,2,1,1,1,1,0,0,0,1,1,1,3039.62631581
20231,1123002072,14,10,4,0,0,5,2,3,4,0,0,3,1,2,4,0,0,2,1,1,0,2242.76260131
20231,1123002074,4,1,3,0,0,0,0,3,1,0,0,0,0,1,0,0,0,0,0,2,1,2312.74095862
20231,1123002076,6,4,2,0,2,3,1,0,0,0,0,3,1,0,0,0,2,0,0,0,0,2454.79125138
20231,1123002078,8,3,5,0,1,0,4,1,2,0,0,0,2,0,1,0,1,0,2,1,1,13384.042897
20231,1123002082,2,1,1,0,0,1,0,0,1,0,0,1,0,0,0,0,0,0,0,0,1,1643.38839658
20231,1123002091,27,14,13,0,1,4,10,6,6,0,0,2,7,1,4,0,1,2,3,5,2,189650.855414
20231,1123002092,18,12,6,0,1,3,5,6,3,0,1,2,3,5,1,0,0,1,2,1,2,2870.71374496
20231,1123002095,14,4,10,0,3,2,4,3,2,0,1,0,0,1,2,0,2,2,4,2,0,26205.3453911
20231,1123002099,2,1,1,0,0,0,0,1,1,0,0,0,0,0,1,0,0,0,0,1,0,2225.95049321
20231,1123002102,1,0,1,0,0,1,0,0,0,0,0,0,0,0,0,0,0,1,0,0,0,1058.83492936
20231,1123002106,2,1,1,0,0,0,2,0,0,0,0,0,1,0,0,0,0,0,1,0,0,1729.18324543
20231,1123002110,8,7,1,0,0,3,1,4,0,0,0,3,1,3,0,0,0,0,0,1,0,4444.17989109
20231,1123002112,10,7,3,0,0,1,2,6,1,0,0,0,2,4,1,0,0,1,0,2,0,15684.4861607
20231,1123002117,28,14,14,0,1,5,11,10,1,0,0,3,4,6,1,0,1,2,7,4,0,5186.12357986
20231,1123002121,14,4,10,0,2,7,3,2,0,0,0,2,0,2,0,0,2,5,3,0,0,2346.17358884
20231,1123002126,664,359,305,1,62,131,186,167,117,0,26,74,88,93,78,1,36,57,98,74,39,4292.3381603
20231,1123002137,6,3,3,0,0,0,3,1,2,0,0,0,2,0,1,0,0,0,1,1,1,7388.25522622
20231,1123002138,146,95,51,0,27,42,40,24,13,0,10,26,28,20,11,0,17,16,12,4,2,10821.3304508
20231,1123002140,599,420,179,0,51,130,176,140,102,0,34,88,128,97,73,0,17,42,48,43,29,1806.47154327
20231,1123002143,3,3,0,0,0,1,0,1,1,0,0,1,0,1,1,0,0,0,0,0,0,2788.7430648
20231,1123002147,13,10,3,0,4,0,5,3,1,0,3,0,4,2,1,0,1,0,1,1,0,2812.86100703
20231,1123002149,131,77,54,0,24,35,20,29,23,0,16,26,15,9,11,0,8,9,5,20,12,1077.17964895
20231,1123002154,23,17,6,0,6,10,3,3,1,0,4,9,3,1,0,0,2,1,0,2,1,1062.3166324
20231,1123002155,5,4,1,0,0,1,1,2,1,0,0,1,1,1,1,0,0,0,0,1,0,2775.26012818
20231,1123002156,49,8,41,0,0,9,14,17,9,0,0,3,1,0,4,0,0,6,13,17,5,5600.48497582
20231,1123002158,7,4,3,0,0,0,4,3,0,0,0,0,3,1,0,0,0,0,1,2,0,3268.57726876
20231,1123002159,10,3,7,0,1,1,2,2,4,0,0,0,1,1,1,0,1,1,1,1,3,8732.50187672
20231,1123002160,169,34,135,0,6,9,33,72,49,0,3,3,9,7,12,0,3,6,24,65,37,5820.05613738
20231,1123002162,18,5,13,0,1,2,5,5,5,0,0,0,1,2,2,0,1,2,4,3,3,4503.00374877
20231,1123002166,4,3,1,0,0,0,0,0,4,0,0,0,0,0,3,0,0,0,0,0,1,4374.58570695
20231,1123002171,3,0,3,0,0,1,2,0,0,0,0,0,0,0,0,0,0,1,2,0,0,4935.77759267
20231,1123002173,70,33,37,0,8,17,10,19,16,0,1,5,4,10,13,0,7,12,6,9,3,4747.74478704
20231,1123002174,26,3,23,0,4,7,7,7,1,0,1,2,0,0,0,0,3,5,7,7,1,2632.94803202
20231,1123002175,11,10,1,0,3,2,6,0,0,0,3,2,5,0,0,0,0,0,1,0,0,4021.82257158
20231,1123002178,2,1,1,0,0,0,2,0,0,0,0,0,1,0,0,0,0,0,1,0,0,2490.52703263
20231,1123002179,9,6,3,0,1,1,1,5,1,0,1,0,1,3,1,0,0,1,0,2,0,4191.7694339
20231,1123002180,19,7,12,0,0,6,9,3,1,0,0,2,4,0,1,0,0,4,5,3,0,5056.23016698
20231,1123002183,88,11,77,0,7,28,28,21,4,0,2,2,3,2,2,0,5,26,25,19,2,16977.1701846
20231,1123002186,2,1,1,0,0,0,0,2,0,0,0,0,0,1,0,0,0,0,0,1,0,637.874780302
20231,1123002190,150,55,95,1,26,38,48,33,4,1,10,12,16,14,2,0,16,26,32,19,2,6912.98431199
20231,1123002191,2,1,1,0,0,0,0,1,1,0,0,0,0,0,1,0,0,0,0,1,0,4523.1297816
20231,1123002198,9,4,5,0,0,0,5,2,2,0,0,0,1,1,2,0,0,0,4,1,0,3443.34547656
20231,1123002199,2,0,2,0,1,0,1,0,0,0,0,0,0,0,0,0,1,0,1,0,0,2459.30964445
20231,1123002201,3,2,1,0,0,0,1,2,0,0,0,0,1,1,0,0,0,0,0,1,0,2464.20029723
20231,1123002204,24,10,14,0,2,6,4,6,6,0,0,4,2,0,4,0,2,2,2,6,2,1491.48814953
20231,1123002207,66,11,55,0,8,8,21,25,4,0,2,0,3,4,2,0,6,8,18,21,2,20535.5716621
20231,1123002209,23,6,17,0,3,2,6,8,4,0,1,2,1,0,2,0,2,0,5,8,2,13140.2743558
20231,1123002210,2,2,0,0,0,0,1,0,1,0,0,0,1,0,1,0,0,0,0,0,0,3223.23791026
20231,1123002215,5,2,3,0,0,1,3,1,0,0,0,0,2,0,0,0,0,1,1,1,0,3490.69604892
20231,1123002218,2,2,0,0,0,0,0,0,2,0,0,0,0,0,2,0,0,0,0,0,0,6562.4026054
20231,1123002220,54,21,33,0,15,17,11,5,6,0,1,3,8,4,5,0,14,14,3,1,1,16768.3859252
20231,1123002222,132,83,49,0,22,16,24,48,22,0,14,8,15,30,16,0,8,8,9,18,6,5179.10626493
20231,1123002224,1,1,0,0,0,0,0,1,0,0,0,0,0,1,0,0,0,0,0,0,0,5155.47349608
20231,1123002227,55,31,24,0,0,3,21,25,6,0,0,1,9,17,4,0,0,2,12,8,2,4133.41379771
20231,1123002229,29,6,23,0,0,6,10,11,2,0,0,1,2,1,2,0,0,5,8,10,0,25744.5218007
20231,1123002232,56,13,43,0,7,19,15,14,1,0,1,5,3,3,1,0,6,14,12,11,0,20769.5395934
20231,1123002235,349,138,211,2,87,67,59,92,42,0,20,40,37,19,22,2,67,27,22,73,20,4026.98877548
20231,1123002239,13,8,5,0,0,1,4,3,5,0,0,0,2,3,3,0,0,1,2,0,2,2505.9275616
20231,1123002241,917,558,359,0,89,219,256,253,100,0,40,72,162,195,89,0,49,147,94,58,11,264120.405593
20231,1123002242,12,8,4,0,0,6,3,3,0,0,0,4,2,2,0,0,0,2,1,1,0,3622.2253219
20231,1123002243,27,20,7,0,2,3,5,7,10,0,2,2,5,5,6,0,0,1,0,2,4,6707.2140141
20231,1123002244,33,18,15,0,5,8,8,9,3,0,0,3,4,9,2,0,5,5,4,0,1,5366.84284805
20231,1123002246,14,13,1,0,0,0,2,6,6,0,0,0,2,6,5,0,0,0,0,0,1,3571.80590865
20231,1123002247,68,27,41,0,13,24,14,9,8,0,2,9,6,5,5,0,11,15,8,4,3,3412.74802572
20231,1123002248,220,83,137,0,10,12,52,97,49,0,6,5,21,34,17,0,4,7,31,63,32,4472.11898723
20231,1123002249,46,24,22,0,2,6,10,5,23,0,1,2,5,2,14,0,1,4,5,3,9,6566.48065377
20231,1123002250,45,28,17,0,4,1,9,13,18,0,2,0,4,11,11,0,2,1,5,2,7,3517.35178291
20231,1123002251,40,21,19,0,9,4,6,8,13,0,1,2,5,6,7,0,8,2,1,2,6,7174.54945447
20231,1123002253,38,30,8,0,3,8,12,7,8,0,2,6,9,7,6,0,1,2,3,0,2,4171.19225771
20231,1123002254,12,7,5,0,0,3,2,2,5,0,0,1,2,1,3,0,0,2,0,1,2,7304.62080241
20231,1123002257,583,464,119,0,23,75,116,111,258,0,17,64,107,92,184,0,6,11,9,19,74,4505.1525303
20231,1123002262,42,15,27,0,7,12,13,5,5,0,0,3,8,1,3,0,7,9,5,4,2,6922.57938222
20231,1123002263,23,12,11,0,0,3,6,2,12,0,0,0,3,2,7,0,0,3,3,0,5,6290.75318039
20231,1123002265,3,2,1,0,0,0,1,0,2,0,0,0,0,0,2,0,0,0,1,0,0,1874.69934541
20231,1123002266,3,2,1,0,0,0,0,2,1,0,0,0,0,2,0,0,0,0,0,0,1,1316.81873043
20231,1123002267,12,6,6,0,3,2,0,3,4,0,0,0,0,3,3,0,3,2,0,0,1,11343.4469245
20231,1123002270,5,4,1,0,0,0,2,2,1,0,0,0,2,1,1,0,0,0,0,1,0,680.022418855
20231,1123002272,5,3,2,0,0,0,1,2,2,0,0,0,1,0,2,0,0,0,0,2,0,2539.19443165
20231,1123002274,144,83,61,1,27,44,27,26,19,0,4,23,21,21,14,1,23,21,6,5,5,6450.61661385
20231,1123002276,22,11,11,0,1,6,7,3,5,0,0,3,5,1,2,0,1,3,2,2,3,6759.87866561
20231,1123002279,6,3,3,0,0,0,2,2,2,0,0,0,0,1,2,0,0,0,2,1,0,7141.81428832
20231,1123002281,7,6,1,0,1,2,1,3,0,0,1,1,1,3,0,0,0,1,0,0,0,1074.11712513
20231,1123002282,1,1,0,0,1,0,0,0,0,0,1,0,0,0,0,0,0,0,0,0,0,1740.97410592
20231,1123002283,4,3,1,0,0,1,1,2,0,0,0,1,1,1,0,0,0,0,0,1,0,1532.81553405
20231,1123002286,2,2,0,0,0,0,0,1,1,0,0,0,0,1,1,0,0,0,0,0,0,923.55901947
20231,1123002288,3,2,1,0,0,2,0,0,1,0,0,1,0,0,1,0,0,1,0,0,0,2666.28772958
20231,1123002290,8,5,3,0,0,0,1,5,2,0,0,0,0,3,2,0,0,0,1,2,0,5663.67935415
20231,1123002291,53,27,26,2,6,12,13,15,5,0,3,12,6,4,2,2,3,0,7,11,3,1857.36362904
20231,1123002292,6,6,0,0,0,1,2,0,3,0,0,1,2,0,3,0,0,0,0,0,0,5095.5741118
20231,1123002298,13,9,4,0,3,9,1,0,0,0,3,5,1,0,0,0,0,4,0,0,0,1788.32139912
20231,1123002300,24,13,11,0,0,4,4,7,9,0,0,2,2,3,6,0,0,2,2,4,3,5551.81187853
20231,1123002301,4,4,0,0,0,0,0,2,2,0,0,0,0,2,2,0,0,0,0,0,0,5556.88182803
20231,1123002303,3,1,2,0,0,1,0,1,1,0,0,0,0,0,1,0,0,1,0,1,0,1968.87547387
20231,1123002304,209,92,117,0,42,68,44,25,30,0,3,19,25,16,29,0,39,49,19,9,1,4136.59020888
20231,1123002311,7,6,1,0,0,0,1,4,2,0,0,0,1,3,2,0,0,0,0,1,0,2692.41951674
20231,1123002312,11,8,3,0,2,0,2,4,3,0,2,0,0,4,2,0,0,0,2,0,1,4527.89056143
20231,1123002313,3,2,1,0,0,0,0,1,2,0,0,0,0,1,1,0,0,0,0,0,1,6984.39564968
20231,1123002314,2,1,1,0,0,0,0,1,1,0,0,0,0,1,0,0,0,0,0,0,1,3617.12360981
20231,1123002315,30,3,27,0,0,3,2,19,6,0,0,1,0,1,1,0,0,2,2,18,5,3189.24692818
20231,1123002316,2,2,0,0,0,0,2,0,0,0,0,0,2,0,0,0,0,0,0,0,0,1090.98235375
20231,1123002321,6,1,5,0,1,1,1,2,1,0,0,0,0,0,1,0,1,1,1,2,0,3434.18195563
20231,1123002326,31,23,8,0,3,10,8,6,4,0,1,6,7,5,4,0,2,4,1,1,0,9551.84924255
20231,1123002327,4,2,2,0,0,0,0,1,3,0,0,0,0,1,1,0,0,0,0,0,2,3611.62367222
20231,1123002328,579,384,195,1,156,277,142,2,1,0,64,193,124,2,1,1,92,84,18,0,0,8105.10463962
20231,1123002330,7,6,1,0,0,1,3,1,2,0,0,1,3,1,1,0,0,0,0,0,1,4794.39141547
20231,1123002332,19,12,7,0,2,4,2,5,6,0,2,2,1,3,4,0,0,2,1,2,2,5008.30370071
20231,1123002333,2,1,1,0,1,0,0,1,0,0,1,0,0,0,0,0,0,0,0,1,0,1544.57627638
20231,1123002334,28,11,17,0,2,2,3,14,7,0,2,1,0,3,5,0,0,1,3,11,2,3360.12192372
20231,1123002335,3,2,1,0,0,0,1,1,1,0,0,0,0,1,1,0,0,0,1,0,0,2991.9522189
20231,1123002340,582,300,282,3,179,249,105,45,1,1,82,132,49,35,1,2,97,117,56,10,0,4844.07531438
20231,1123002341,55,14,41,0,8,15,17,11,4,0,3,3,3,1,4,0,5,12,14,10,0,16193.3263142
20231,1123002343,2,1,1,0,0,1,1,0,0,0,0,0,1,0,0,0,0,1,0,0,0,1511.35400755
20231,1123002345,104,75,29,0,13,31,37,11,12,0,7,26,29,8,5,0,6,5,8,3,7,3137.59640447
20231,1123002348,2,2,0,0,0,0,0,1,1,0,0,0,0,1,1,0,0,0,0,0,0,2043.68568529
20231,1123002351,52,17,35,0,1,0,14,30,7,0,0,0,6,6,5,0,1,0,8,24,2,2120.67131279
20231,1123002352,3,2,1,0,0,1,2,0,0,0,0,1,1,0,0,0,0,0,1,0,0,1209.85285074
20231,1123002353,9,6,3,0,0,0,0,5,4,0,0,0,0,3,3,0,0,0,0,2,1,4499.28234407
20231,1123002354,2,0,2,0,0,0,0,2,0,0,0,0,0,0,0,0,0,0,0,2,0,1737.93589134
20231,1123002358,18,11,7,0,1,3,6,6,2,0,1,1,4,3,2,0,0,2,2,3,0,2912.30757317
20231,1123002359,49,5,44,0,12,11,11,14,1,0,1,2,1,1,0,0,11,9,10,13,1,17341.5030527
20231,1123002360,120,70,50,0,15,27,24,39,15,0,11,20,18,16,5,0,4,7,6,23,10,4894.46703079
20231,1123002361,4,4,0,0,0,0,0,2,2,0,0,0,0,2,2,0,0,0,0,0,0,1614.26543567
20231,1123002362,13,8,5,0,4,1,4,3,1,0,2,1,2,2,1,0,2,0,2,1,0,4788.69494573
20231,1123002363,3,1,2,0,0,0,0,2,1,0,0,0,0,1,0,0,0,0,0,1,1,1850.30512168
20231,1123002365,25,19,6,0,6,3,9,5,2,0,4,3,7,3,2,0,2,0,2,2,0,4822.82214585
20231,1123002367,12,5,7,0,1,0,6,4,1,0,0,0,4,1,0,0,1,0,2,3,1,5047.00025452
20231,1123002368,2,2,0,0,0,0,1,1,0,0,0,0,1,1,0,0,0,0,0,0,0,3987.13698327
20231,1123002369,2,2,0,0,0,2,0,0,0,0,0,2,0,0,0,0,0,0,0,0,0,1163.20300487
20231,1123002372,4,4,0,0,0,1,1,1,1,0,0,1,1,1,1,0,0,0,0,0,0,1012.48171616
20231,1123002374,13,7,6,0,0,0,2,7,4,0,0,0,0,4,3,0,0,0,2,3,1,4366.4474611
20231,1123002379,36,31,5,0,2,4,2,9,19,0,0,4,1,8,18,0,2,0,1,1,1,11334.9830522
20231,1123002380,41,27,14,0,5,10,9,12,5,0,2,8,4,9,4,0,3,2,5,3,1,6193.59377387
20231,1123002382,29,15,14,0,1,8,10,6,4,0,0,5,6,3,1,0,1,3,4,3,3,4402.09264046
20231,1123002385,6,3,3,0,0,3,1,2,0,0,0,1,1,1,0,0,0,2,0,1,0,3269.75525522
20231,1123002386,3,3,0,0,0,1,0,2,0,0,0,1,0,2,0,0,0,0,0,0,0,1483.74198814
20231,1123002387,41,22,19,0,5,10,14,7,5,0,3,4,6,5,4,0,2,6,8,2,1,9483.39448294
20231,1123002388,9,6,3,0,0,0,2,4,3,0,0,0,1,3,2,0,0,0,1,1,1,3319.92875618
20231,1123002390,26,18,8,0,4,6,7,6,3,0,3,4,4,5,2,0,1,2,3,1,1,2716.47116399
20231,1123002392,8,7,1,0,0,0,2,4,2,0,0,0,2,3,2,0,0,0,0,1,0,6124.54651913
20231,1123002393,3,3,0,0,0,0,0,2,1,0,0,0,0,2,1,0,0,0,0,0,0,5701.47397597
20231,1123002394,4,3,1,0,0,0,1,3,0,0,0,0,1,2,0,0,0,0,0,1,0,2626.38319737
20231,1123002395,2,2,0,0,0,0,2,0,0,0,0,0,2,0,0,0,0,0,0,0,0,4594.25587329
20231,1123002401,2,1,1,0,0,0,0,1,1,0,0,0,0,0,1,0,0,0,0,1,0,1058.91228679
20231,1123002403,2,2,0,0,0,1,0,0,1,0,0,1,0,0,1,0,0,0,0,0,0,1549.284005
20231,1123002404,6,5,1,0,0,0,1,5,0,0,0,0,1,4,0,0,0,0,0,1,0,3479.13120395
20231,1123002405,2,2,0,1,0,0,0,1,0,1,0,0,0,1,0,0,0,0,0,0,0,2106.21908255
20231,1123002406,5,2,3,0,2,0,2,0,1,0,1,0,0,0,1,0,1,0,2,0,0,4386.64720564
20231,1123002407,17,12,5,0,3,3,7,4,0,0,2,2,6,2,0,0,1,1,1,2,0,2975.2159031
20231,1123002409,6,3,3,0,0,0,2,0,4,0,0,0,1,0,2,0,0,0,1,0,2,2822.09873085
20231,1123002410,2,1,1,0,0,0,1,0,1,0,0,0,1,0,0,0,0,0,0,0,1,6012.36030651
20231,1123002412,5,2,3,0,0,1,2,2,0,0,0,0,1,1,0,0,0,1,1,1,0,872.237863966
20231,1123002417,218,146,72,0,24,43,56,55,40,0,11,33,37,36,29,0,13,10,19,19,11,4639.88905157
20231,1123002418,5,0,5,0,0,0,1,3,1,0,0,0,0,0,0,0,0,0,1,3,1,1213.57278641
20231,1123002419,21,16,5,0,6,5,3,5,2,0,3,5,3,3,2,0,3,0,0,2,0,2466.30164489
20231,1123002422,29,21,8,0,9,9,1,9,1,0,8,5,1,6,1,0,1,4,0,3,0,5463.57178712
20231,1123002423,2,1,1,0,0,0,0,0,2,0,0,0,0,0,1,0,0,0,0,0,1,3874.95893226
20231,1123002424,15,7,8,0,1,9,3,0,2,0,1,3,2,0,1,0,0,6,1,0,1,1624.32393773
20231,1123002429,2,1,1,0,1,0,0,1,0,0,1,0,0,0,0,0,0,0,0,1,0,3171.77296686
20231,1123002430,7,5,2,0,0,1,2,4,0,0,0,1,1,3,0,0,0,0,1,1,0,1099.48313509
20231,1123002433,5,4,1,0,1,2,2,0,0,0,1,2,1,0,0,0,0,0,1,0,0,5130.40644399
20231,1123002434,24,17,7,0,0,0,12,7,5,0,0,0,9,5,3,0,0,0,3,2,2,5237.79948596
20231,1123002435,8,0,8,0,2,0,3,3,0,0,0,0,0,0,0,0,2,0,3,3,0,1498.45916254
20231,1123002440,4,2,2,0,1,0,1,1,1,0,0,0,1,0,1,0,1,0,0,1,0,1820.12008515
20231,1123002442,35,10,25,0,9,7,7,7,5,0,0,4,4,1,1,0,9,3,3,6,4,7620.53064753
20231,1123002445,32,9,23,0,2,10,5,5,10,0,0,1,5,1,2,0,2,9,0,4,8,3643.97908972
20231,1123002449,12,10,2,0,0,0,4,5,3,0,0,0,4,4,2,0,0,0,0,1,1,1637.41295732
20231,1123002450,93,46,47,1,9,15,26,31,11,0,5,7,8,16,10,1,4,8,18,15,1,8693.4001718
20231,1123002451,2,2,0,0,0,1,0,1,0,0,0,1,0,1,0,0,0,0,0,0,0,25580.1575984
20231,1123002452,17,13,4,0,1,4,1,8,3,0,1,2,1,7,2,0,0,2,0,1,1,2091.21336345
20231,1123002453,17,10,7,0,0,6,6,3,2,0,0,5,3,1,1,0,0,1,3,2,1,2457.9287146
20231,1123002454,38,33,5,0,1,14,12,10,1,0,1,11,10,10,1,0,0,3,2,0,0,2569.66618771
20231,1123002456,5,1,4,0,3,1,0,1,0,0,0,0,0,1,0,0,3,1,0,0,0,3951.77681175
20231,1123002457,48,29,19,0,1,3,7,6,31,0,0,3,2,2,22,0,1,0,5,4,9,5512.94256361
20231,1123002463,12,8,4,0,2,3,4,3,0,0,1,3,1,3,0,0,1,0,3,0,0,1523.82829576
20231,1123002464,7,5,2,0,0,1,4,2,0,0,0,1,3,1,0,0,0,0,1,1,0,5197.6500563
20231,1123002465,2,1,1,0,1,0,0,0,1,0,0,0,0,0,1,0,1,0,0,0,0,705.889362071
20231,1123002472,8,5,3,0,2,3,1,2,0,0,0,3,1,1,0,0,2,0,0,1,0,2905.04995382
20231,1123002475,10,7,3,0,0,1,1,3,5,0,0,1,1,1,4,0,0,0,0,2,1,5663.62654563
20231,1123002476,10,6,4,0,0,0,4,6,0,0,0,0,2,4,0,0,0,0,2,2,0,5499.72654896
20231,1123002478,12,9,3,0,0,1,2,7,2,0,0,0,1,6,2,0,0,1,1,1,0,1990.85372177
20231,1123002481,58,34,24,0,3,7,5,10,33,0,2,6,4,5,17,0,1,1,1,5,16,4628.88604209
20231,1123002485,14,8,6,0,8,0,2,4,0,0,6,0,0,2,0,0,2,0,2,2,0,4853.07922671
20231,1123002487,5,1,4,0,1,1,1,2,0,0,0,0,0,1,0,0,1,1,1,1,0,4611.10094684
20231,1123002489,2,1,1,0,0,0,0,0,2,0,0,0,0,0,1,0,0,0,0,0,1,7850.86244173
20231,1123002491,3,2,1,0,0,0,3,0,0,0,0,0,2,0,0,0,0,0,1,0,0,10097.4603887
20231,1123002494,15,12,3,0,2,4,4,1,4,0,2,4,2,1,3,0,0,0,2,0,1,4066.33760414
20231,1123002495,2,1,1,0,0,2,0,0,0,0,0,1,0,0,0,0,0,1,0,0,0,1145.19459214
20231,1123002498,53,21,32,0,0,2,11,36,4,0,0,1,6,11,3,0,0,1,5,25,1,6402.8538519
20231,1123002501,3,0,3,0,0,2,1,0,0,0,0,0,0,0,0,0,0,2,1,0,0,2280.57526831
20231,1123002502,2,1,1,0,0,0,0,2,0,0,0,0,0,1,0,0,0,0,0,1,0,3705.71252493
20231,1123002503,8,6,2,0,1,3,3,1,0,0,1,2,2,1,0,0,0,1,1,0,0,2292.53695395
20231,1123002509,2,2,0,0,0,0,1,1,0,0,0,0,1,1,0,0,0,0,0,0,0,6278.93086133
20231,1123002510,32,11,21,0,0,6,18,5,3,0,0,3,3,2,3,0,0,3,15,3,0,4955.8233255
20231,1123002513,66,12,54,0,8,19,21,14,4,0,1,2,2,3,4,0,7,17,19,11,0,13354.7864847
20231,1123002514,4,4,0,0,0,0,0,3,1,0,0,0,0,3,1,0,0,0,0,0,0,6745.76887548
20231,1123002515,4,4,0,0,0,1,0,0,3,0,0,1,0,0,3,0,0,0,0,0,0,3045.27256202
20231,1123002519,24,21,3,0,0,5,9,3,7,0,0,5,7,3,6,0,0,0,2,0,1,3643.99151507
20231,1123002520,2,1,1,0,0,0,1,1,0,0,0,0,1,0,0,0,0,0,0,1,0,4076.11845592
20231,1123002531,5,5,0,0,1,2,1,1,0,0,1,2,1,1,0,0,0,0,0,0,0,2836.64684626
20231,1123002536,4,3,1,0,0,0,4,0,0,0,0,0,3,0,0,0,0,0,1,0,0,3622.11421246
20231,1123002550,1,1,0,0,0,0,1,0,0,0,0,0,1,0,0,0,0,0,0,0,0,820.199193503
20231,1123002554,2,2,0,0,0,0,1,1,0,0,0,0,1,1,0,0,0,0,0,0,0,3691.36341801
20231,1123002565,8,6,2,0,0,3,2,1,2,0,0,2,1,1,2,0,0,1,1,0,0,1404.58152604
20231,1123002567,5,5,0,0,0,0,3,1,1,0,0,0,3,1,1,0,0,0,0,0,0,832.129823743
20231,1123002568,452,314,138,1,20,81,163,130,57,1,13,36,115,96,53,0,7,45,48,34,4,1831.48307665
20231,1123002578,6,6,0,0,1,1,0,3,1,0,1,1,0,3,1,0,0,0,0,0,0,4279.2552907
20231,1123002582,2,2,0,0,0,0,1,0,1,0,0,0,1,0,1,0,0,0,0,0,0,2176.99092134
20231,1123002589,2,1,1,0,0,1,1,0,0,0,0,0,1,0,0,0,0,1,0,0,0,1155.38552059
20231,1123002593,5,3,2,0,0,3,0,1,1,0,0,2,0,0,1,0,0,1,0,1,0,8385.24352629
20231,1123002601,49,33,16,0,8,17,22,2,0,0,4,13,15,1,0,0,4,4,7,1,0,1841.85327599
20231,1123002605,34,29,5,0,5,6,7,10,6,0,3,4,6,10,6,0,2,2,1,0,0,13237.1194942
20231,1123002606,4,2,2,0,0,1,1,0,2,0,0,0,1,0,1,0,0,1,0,0,1,4138.75667684
20231,1123002607,91,44,47,0,10,18,31,25,7,0,3,17,10,8,6,0,7,1,21,17,1,3940.03439716
20231,1123002608,5,2,3,0,0,3,0,0,2,0,0,1,0,0,1,0,0,2,0,0,1,7654.08675125
20231,1123002616,60,16,44,0,7,2,10,10,31,0,0,0,2,5,9,0,7,2,8,5,22,9243.73748842
20231,1123002618,11,5,6,0,2,2,1,0,6,0,0,1,0,0,4,0,2,1,1,0,2,6978.0957187
20231,1123002621,17,10,7,0,1,4,5,4,3,0,1,2,3,2,2,0,0,2,2,2,1,3854.78339284
20231,1123002622,207,117,90,3,56,37,45,44,22,2,26,23,30,23,13,1,30,14,15,21,9,2178.13917658
20231,1123002623,14,8,6,0,0,2,1,5,6,0,0,0,0,4,4,0,0,2,1,1,2,5821.58192479
20231,1123002627,4,3,1,0,1,2,1,0,0,0,1,1,1,0,0,0,0,1,0,0,0,3243.50498842
20231,1123002628,120,68,52,0,14,22,18,33,33,0,10,9,8,17,24,0,4,13,10,16,9,14535.9802083
20231,1123002629,80,28,52,0,5,14,17,27,17,0,3,5,8,6,6,0,2,9,9,21,11,3361.02961059
20231,1123002631,21,8,13,0,7,5,2,6,1,0,2,2,0,3,1,0,5,3,2,3,0,9423.44799531
20231,1123002633,237,141,96,0,12,26,41,58,100,0,7,17,19,35,63,0,5,9,22,23,37,10295.3038033
20231,1123002634,3,1,2,0,0,0,0,2,1,0,0,0,0,1,0,0,0,0,0,1,1,4481.7189554
20231,1123002635,14,3,11,0,0,1,5,4,4,0,0,0,2,0,1,0,0,1,3,4,3,2678.94766554
20231,1123002636,5,3,2,0,1,0,2,1,1,0,0,0,1,1,1,0,1,0,1,0,0,1044.62139714
20231,1123002638,8,3,5,0,0,1,2,2,3,0,0,0,1,0,2,0,0,1,1,2,1,3139.23114956
20231,1123002639,37,8,29,0,3,8,8,8,10,0,0,0,0,2,6,0,3,8,8,6,4,5673.18015791
20231,1123002640,216,125,91,0,22,19,29,58,88,0,11,14,13,27,60,0,11,5,16,31,28,7504.99769694
20231,1123002641,4,2,2,0,2,0,0,2,0,0,0,0,0,2,0,0,2,0,0,0,0,1893.06739058
20231,1123002643,15,3,12,0,4,3,1,3,4,0,0,0,0,0,3,0,4,3,1,3,1,5369.47236959
20231,1123002644,6,3,3,0,1,1,0,2,2,0,0,1,0,2,0,0,1,0,0,0,2,1270.4937998
20231,1123002645,10,3,7,0,1,3,2,3,1,0,0,0,0,2,1,0,1,3,2,1,0,5111.00326465
20231,1123002647,11,8,3,0,0,1,6,2,2,0,0,1,5,1,1,0,0,0,1,1,1,1792.53377292
20231,1123002650,54,35,19,0,3,15,6,12,18,0,1,11,3,6,14,0,2,4,3,6,4,3281.86765659
20231,1123002651,353,87,266,0,96,98,86,56,17,0,12,25,19,18,13,0,84,73,67,38,4,6172.00839944
20231,1123002654,3,2,1,0,1,0,2,0,0,0,0,0,2,0,0,0,1,0,0,0,0,3893.0683886
20231,1123002660,26,20,6,1,0,2,16,5,2,1,0,0,13,4,2,0,0,2,3,1,0,4042.42087228
20231,1123002662,8,4,4,0,0,0,3,4,1,0,0,0,2,1,1,0,0,0,1,3,0,1085.16450444
20231,1123002669,2,2,0,0,0,1,0,1,0,0,0,1,0,1,0,0,0,0,0,0,0,934.769917878
20231,1123002674,23,11,12,0,2,2,6,5,8,0,1,1,3,1,5,0,1,1,3,4,3,4746.99512161
20231,1123002677,6,4,2,0,1,2,1,1,1,0,0,2,1,0,1,0,1,0,0,1,0,719.96882156
20231,1123002683,22,18,4,0,0,5,8,9,0,0,0,2,7,9,0,0,0,3,1,0,0,781.21546642
20231,1123002684,3,1,2,0,1,0,0,2,0,0,0,0,0,1,0,0,1,0,0,1,0,1603.46469515
20231,1123002690,4,2,2,0,0,0,2,2,0,0,0,0,1,1,0,0,0,0,1,1,0,2896.75745726
20231,1123002692,10,0,10,0,0,3,3,4,0,0,0,0,0,0,0,0,0,3,3,4,0,1233.39585641
20231,1123002697,4,2,2,0,0,0,0,2,2,0,0,0,0,0,2,0,0,0,0,2,0,1989.42465704
20231,1123002699,10,9,1,0,1,5,2,1,1,0,1,4,2,1,1,0,0,1,0,0,0,926.081338484
20231,1123002701,5,4,1,0,0,0,5,0,0,0,0,0,4,0,0,0,0,0,1,0,0,778.779638929
20231,1123002706,2,0,2,0,0,0,1,1,0,0,0,0,0,0,0,0,0,0,1,1,0,1445.25842996
20231,1123002707,47,42,5,0,0,1,10,5,31,0,0,1,5,5,31,0,0,0,5,0,0,10946.0681679
20231,1123002708,6,2,4,0,0,2,3,0,1,0,0,0,2,0,0,0,0,2,1,0,1,4176.15077947
20231,1123002713,3,1,2,0,0,0,0,3,0,0,0,0,0,1,0,0,0,0,0,2,0,9693.84098584
20231,1123002714,43,27,16,0,8,8,15,5,7,0,5,3,8,4,7,0,3,5,7,1,0,4680.70346453
20231,1123002715,1,1,0,0,0,0,0,1,0,0,0,0,0,1,0,0,0,0,0,0,0,1253.9989814
20231,1123002717,2,2,0,0,0,0,1,1,0,0,0,0,1,1,0,0,0,0,0,0,0,2431.05873191
20231,1123002719,2,2,0,0,0,0,2,0,0,0,0,0,2,0,0,0,0,0,0,0,0,975.571989327
20231,1123002723,55,33,22,0,8,11,21,11,4,0,4,4,14,8,3,0,4,7,7,3,1,6040.37530546
20231,1123002725,2,2,0,0,0,0,1,0,1,0,0,0,1,0,1,0,0,0,0,0,0,3743.19124982
20231,1123002729,4,1,3,0,0,0,0,3,1,0,0,0,0,1,0,0,0,0,0,2,1,2279.12340816
20231,1123002733,16,13,3,0,1,4,5,6,0,0,0,4,4,5,0,0,1,0,1,1,0,5199.83648477
20231,1123002734,1,1,0,0,0,0,1,0,0,0,0,0,1,0,0,0,0,0,0,0,0,1502.51419786
20231,1123002736,6,5,1,0,1,0,3,2,0,0,0,0,3,2,0,0,1,0,0,0,0,2096.69549657
20231,1123002738,19,11,8,0,2,9,5,3,0,0,1,7,1,2,0,0,1,2,4,1,0,5995.60777454
20231,1123002742,6,5,1,0,0,1,1,3,1,0,0,0,1,3,1,0,0,1,0,0,0,5582.61413012
20231,1123002746,6,4,2,0,3,1,1,1,0,0,3,0,0,1,0,0,0,1,1,0,0,574.036106706
20231,1123002749,1,1,0,0,0,0,0,0,1,0,0,0,0,0,1,0,0,0,0,0,0,787.454644106
20231,1123002751,19,7,12,0,8,8,2,1,0,0,2,4,1,0,0,0,6,4,1,1,0,4083.93505586
20231,1123002755,249,59,190,1,30,20,16,43,139,1,6,10,9,5,28,0,24,10,7,38,111,7310.33141785
20231,1123002756,11,4,7,0,1,0,3,6,1,0,0,0,2,2,0,0,1,0,1,4,1,6327.95327245
20231,1123002757,1,1,0,0,0,0,0,1,0,0,0,0,0,1,0,0,0,0,0,0,0,5494.58312936
20231,1123002761,13,8,5,0,3,3,4,1,2,0,3,0,3,0,2,0,0,3,1,1,0,3105.93828489
20231,1123002766,18,3,15,0,5,5,3,3,2,0,0,1,2,0,0,0,5,4,1,3,2,7574.87214461
20231,1123002767,8,8,0,0,1,2,2,3,0,0,1,2,2,3,0,0,0,0,0,0,0,4733.72402152
20231,1123002769,2,2,0,0,0,0,0,0,2,0,0,0,0,0,2,0,0,0,0,0,0,2698.34449133
20231,1123002774,7,5,2,0,0,0,2,3,2,0,0,0,0,3,2,0,0,0,2,0,0,2959.69723667
20231,1123002776,802,598,204,0,138,382,114,113,55,0,87,323,78,80,30,0,51,59,36,33,25,5416.71290985
20231,1123002781,10,1,9,0,0,1,1,6,2,0,0,0,0,1,0,0,0,1,1,5,2,5162.70193978
20231,1123002784,19,8,11,0,1,6,7,4,1,0,1,4,2,1,0,0,0,2,5,3,1,2008.60643332
20231,1123002785,36,12,24,0,7,10,6,13,0,0,2,1,2,7,0,0,5,9,4,6,0,18019.1780333
20231,1123002786,6,2,4,0,1,0,2,3,0,0,0,0,1,1,0,0,1,0,1,2,0,4069.79125929
20231,1123002791,2,2,0,0,0,0,0,0,2,0,0,0,0,0,2,0,0,0,0,0,0,4494.47104337
20231,1123002792,9,4,5,0,1,3,1,4,0,0,0,0,1,3,0,0,1,3,0,1,0,2008.5003708
20231,1123002794,3,2,1,0,0,0,2,1,0,0,0,0,1,1,0,0,0,0,1,0,0,1972.92056067
20231,1123002797,114,27,87,0,21,25,25,23,20,0,9,8,3,3,4,0,12,17,22,20,16,13109.7705542
20231,1123002807,30,12,18,0,1,16,7,5,1,0,1,5,2,3,1,0,0,11,5,2,0,18763.0717535
20231,1123002811,5,4,1,0,1,1,1,2,0,0,1,1,0,2,0,0,0,0,1,0,0,823.418927319
20231,1123002814,14,6,8,0,1,4,2,3,4,0,0,3,0,0,3,0,1,1,2,3,1,6168.85521255
20231,1123002823,13,9,4,0,0,1,11,1,0,0,0,1,8,0,0,0,0,0,3,1,0,1481.26778293
20231,1123002827,5,4,1,0,0,1,1,1,2,0,0,1,1,1,1,0,0,0,0,0,1,1070.50199421
20231,1123002829,15,12,3,0,0,2,3,7,3,0,0,2,3,6,1,0,0,0,0,1,2,4181.02332029
20231,1123002831,3,1,2,0,0,0,1,0,2,0,0,0,1,0,0,0,0,0,0,0,2,5406.19270289
20231,1123002832,36,3,33,0,2,7,17,8,2,0,0,0,2,1,0,0,2,7,15,7,2,16011.9000326
20231,1123002833,2,1,1,0,0,0,1,1,0,0,0,0,0,1,0,0,0,0,1,0,0,4835.77166826
20231,1123002834,386,244,142,0,45,106,101,105,29,0,9,48,76,87,24,0,36,58,25,18,5,145231.340463
20231,1123002839,433,279,154,1,101,179,87,46,19,1,44,116,66,39,13,0,57,63,21,7,6,86929.4344295
20231,1123002840,783,366,417,1,238,302,113,86,43,0,79,128,68,55,36,1,159,174,45,31,7,204928.740361
20231,1123002845,1,0,1,0,0,0,0,1,0,0,0,0,0,0,0,0,0,0,0,1,0,1857.92952282
20231,1123002847,2,1,1,0,0,1,0,1,0,0,0,0,0,1,0,0,0,1,0,0,0,1332.09506987
20231,1123002848,4,0,4,0,0,2,0,2,0,0,0,0,0,0,0,0,0,2,0,2,0,2581.0345929
20231,1123002851,46,40,6,0,0,2,1,9,34,0,0,0,0,6,34,0,0,2,1,3,0,1452.37187066
20231,1123002865,4,1,3,0,2,0,0,2,0,0,0,0,0,1,0,0,2,0,0,1,0,5373.72049496
20231,1123002868,260,121,139,0,37,62,57,70,34,0,9,21,32,33,26,0,28,41,25,37,8,1510.91950751
20231,1123002876,47,26,21,1,5,18,15,6,2,1,3,10,9,3,0,0,2,8,6,3,2,15017.9680694
20231,1123002877,4,0,4,0,0,0,4,0,0,0,0,0,0,0,0,0,0,0,4,0,0,1607.11077524
20231,1123002880,4,4,0,0,0,3,1,0,0,0,0,3,1,0,0,0,0,0,0,0,0,6573.82251752
20231,1123002883,2,1,1,0,0,0,0,2,0,0,0,0,0,1,0,0,0,0,0,1,0,1318.55705442
20231,1123002886,2,1,1,0,0,0,1,1,0,0,0,0,0,1,0,0,0,0,1,0,0,2935.76638306
20231,1123002891,17,7,10,0,3,2,7,5,0,0,0,2,2,3,0,0,3,0,5,2,0,9962.6035372
20231,1123002895,14,7,7,0,0,2,3,4,5,0,0,2,1,1,3,0,0,0,2,3,2,4137.9390375
20231,1123002896,3,0,3,0,1,2,0,0,0,0,0,0,0,0,0,0,1,2,0,0,0,3959.52459558
20231,1123002898,28,6,22,0,6,10,5,5,2,0,2,1,1,1,1,0,4,9,4,4,1,6010.32442575
20231,1123002899,4,4,0,0,2,0,0,1,1,0,2,0,0,1,1,0,0,0,0,0,0,3200.76256493
20231,1123002900,25,18,7,0,0,6,9,7,3,0,0,5,5,6,2,0,0,1,4,1,1,13063.948137
20231,1123002901,13,9,4,0,1,0,1,5,6,0,0,0,0,5,4,0,1,0,1,0,2,3447.72831246
20231,1123002903,2,2,0,0,0,0,1,1,0,0,0,0,1,1,0,0,0,0,0,0,0,4492.04775526
20231,1123002905,10,9,1,0,5,2,0,0,3,0,4,2,0,0,3,0,1,0,0,0,0,5201.55250318
20231,1123002906,2,1,1,0,0,0,0,0,2,0,0,0,0,0,1,0,0,0,0,0,1,1563.78613036
20231,1123002907,5,2,3,0,0,0,2,1,2,0,0,0,1,0,1,0,0,0,1,1,1,4459.29513123
20231,1123002908,5,0,5,0,0,1,2,2,0,0,0,0,0,0,0,0,0,1,2,2,0,1661.85417865
20231,1123002911,6,0,6,0,0,0,4,1,1,0,0,0,0,0,0,0,0,0,4,1,1,3750.41693968
20231,1123002914,6,2,4,0,1,1,1,2,1,0,0,0,1,1,0,0,1,1,0,1,1,4604.29294001
20231,1123002915,13,5,8,0,1,2,4,1,5,0,0,2,2,0,1,0,1,0,2,1,4,4925.59184714
20231,1123002916,4,1,3,0,0,0,2,2,0,0,0,0,0,1,0,0,0,0,2,1,0,4142.42363309
20231,1123002917,4,3,1,0,0,1,0,2,1,0,0,1,0,1,1,0,0,0,0,1,0,603.027519223
20231,1123002918,9,0,9,0,3,3,1,0,2,0,0,0,0,0,0,0,3,3,1,0,2,1004.19322794
20231,1123002919,91,14,77,0,6,25,33,22,5,0,1,4,4,1,4,0,5,21,29,21,1,17689.5856703
20231,1123002920,5,4,1,0,0,0,0,2,3,0,0,0,0,2,2,0,0,0,0,0,1,2780.02974491
20231,1123002923,6,2,4,0,1,0,2,2,1,0,0,0,0,2,0,0,1,0,2,0,1,4296.91466037
20231,1123002924,15,6,9,0,2,8,2,0,3,0,0,4,1,0,1,0,2,4,1,0,2,3736.83245655
20231,1123002925,5,1,4,0,1,1,1,1,1,0,1,0,0,0,0,0,0,1,1,1,1,2422.05723758
20231,1123002926,22,9,13,0,4,6,4,3,5,0,4,1,1,1,2,0,0,5,3,2,3,1926.12998818
20231,1123002928,7,3,4,0,3,2,1,1,0,0,0,1,1,1,0,0,3,1,0,0,0,5427.73148192
20231,1123002929,17,11,6,0,0,6,5,2,4,0,0,4,5,1,1,0,0,2,0,1,3,6990.87268715
20231,1123002931,3,2,1,0,0,1,1,1,0,0,0,0,1,1,0,0,0,1,0,0,0,2471.75163454
20231,1123002937,52,42,10,0,1,9,20,11,11,0,1,7,16,8,10,0,0,2,4,3,1,34094.480476
20231,1123002938,15,6,9,0,8,2,5,0,0,0,1,1,4,0,0,0,7,1,1,0,0,68381.0030704
20231,1123002941,8,7,1,0,0,1,2,2,3,0,0,1,2,2,2,0,0,0,0,0,1,2186.89832288
20231,1123002942,16,9,7,1,1,5,2,3,4,0,0,3,1,2,3,1,1,2,1,1,1,8655.7840371
20231,1123002943,34,17,17,0,5,9,9,5,6,0,3,5,3,3,3,0,2,4,6,2,3,11806.3933984
20231,1123002946,1,1,0,0,1,0,0,0,0,0,1,0,0,0,0,0,0,0,0,0,0,2280.66381413
20231,1123002949,7,6,1,0,0,0,2,5,0,0,0,0,2,4,0,0,0,0,0,1,0,1173.42272159
20231,1123002951,15,9,6,0,1,1,4,3,6,0,1,1,3,0,4,0,0,0,1,3,2,3091.96541572
20231,1123002952,3,2,1,0,0,1,1,0,1,0,0,1,1,0,0,0,0,0,0,0,1,3942.64469453
20231,1123002953,5,3,2,1,1,0,1,1,1,1,0,0,1,1,0,0,1,0,0,0,1,4089.65904967
20231,1123002954,20,9,11,0,6,8,2,1,3,0,1,4,1,0,3,0,5,4,1,1,0,5493.46665185
20231,1123002956,4,4,0,0,0,0,0,1,3,0,0,0,0,1,3,0,0,0,0,0,0,22550.5034436
20231,1123002959,7,6,1,0,0,0,3,2,2,0,0,0,3,1,2,0,0,0,0,1,0,1461.94013885
20231,1123002960,3,1,2,0,0,1,1,1,0,0,0,0,0,1,0,0,0,1,1,0,0,2876.59289452
20231,1123002964,20,17,3,0,0,3,2,6,9,0,0,2,2,4,9,0,0,1,0,2,0,10333.6074492
20231,1123002965,2,1,1,0,0,1,0,0,1,0,0,0,0,0,1,0,0,1,0,0,0,1421.04892608
20231,1123002966,27,15,12,0,6,2,4,6,9,0,2,2,2,2,7,0,4,0,2,4,2,3956.03477432
20231,1123002967,84,54,30,0,14,8,28,25,9,0,8,6,15,17,8,0,6,2,13,8,1,13051.1044731
20231,1123002968,2,1,1,0,0,0,0,1,1,0,0,0,0,0,1,0,0,0,0,1,0,6251.95843482
20231,1123002974,319,252,67,0,20,58,110,115,16,0,10,50,85,96,11,0,10,8,25,19,5,4514.14451559
20231,1123002982,2,2,0,0,0,0,1,0,1,0,0,0,1,0,1,0,0,0,0,0,0,5860.91184551
20231,1123002985,230,126,104,0,26,57,60,49,38,0,11,36,41,30,8,0,15,21,19,19,30,1232.6863747
20231,1123002986,5,4,1,0,0,0,2,1,2,0,0,0,2,0,2,0,0,0,0,1,0,7121.21524291
20231,1123002990,47,33,14,0,7,4,12,14,10,0,5,4,6,9,9,0,2,0,6,5,1,12047.0287981
20231,1123002991,37,23,14,0,3,5,7,8,14,0,2,2,3,4,12,0,1,3,4,4,2,5781.13744145
20231,1123002993,4,4,0,0,0,0,2,0,2,0,0,0,2,0,2,0,0,0,0,0,0,6875.16128071
20231,1123002995,5,1,4,0,2,2,1,0,0,0,0,0,1,0,0,0,2,2,0,0,0,1339.17571596
20231,1123002996,92,27,65,0,10,15,14,5,48,0,3,6,3,2,13,0,7,9,11,3,35,7871.0655319
20231,1123002998,3,0,3,0,2,0,0,1,0,0,0,0,0,0,0,0,2,0,0,1,0,2231.43201635
20231,1123002999,2,2,0,0,0,0,1,1,0,0,0,0,1,1,0,0,0,0,0,0,0,1162.60106867
20231,1123003009,35,17,18,1,3,9,14,7,1,0,2,1,8,5,1,1,1,8,6,2,0,5556.41635339
20231,1123003012,8,5,3,0,1,2,2,2,1,0,0,0,2,2,1,0,1,2,0,0,0,1218.34512365
20231,1123003014,3,2,1,0,0,2,0,0,1,0,0,1,0,0,1,0,0,1,0,0,0,1182.30404241
20231,1123003018,12,11,1,0,0,2,1,5,4,0,0,2,0,5,4,0,0,0,1,0,0,8835.50062464
20231,1123003020,14,8,6,0,3,3,4,3,1,0,3,2,2,1,0,0,0,1,2,2,1,7216.11136233
20231,1123003022,2,1,1,0,0,0,2,0,0,0,0,0,1,0,0,0,0,0,1,0,0,1677.00612323
20231,1123003023,39,7,32,0,5,11,9,9,5,0,1,0,2,2,2,0,4,11,7,7,3,2959.45200321
20231,1123003024,17,2,15,0,0,5,5,4,3,0,0,0,0,0,2,0,0,5,5,4,1,1400.23542553
20231,1123003025,4,3,1,0,0,2,1,1,0,0,0,1,1,1,0,0,0,1,0,0,0,3303.94673515
20231,1123003029,5,4,1,0,0,0,0,5,0,0,0,0,0,4,0,0,0,0,0,1,0,4524.61911672
20231,1123003032,115,63,52,2,22,34,19,28,10,0,2,14,13,25,9,2,20,20,6,3,1,12058.3743236
20231,1123003034,5,1,4,0,0,0,1,4,0,0,0,0,0,1,0,0,0,0,1,3,0,2565.69065106
20231,1123003037,2,1,1,0,0,0,0,1,1,0,0,0,0,1,0,0,0,0,0,0,1,3638.95708217
20231,1123003038,9,4,5,0,0,1,1,3,4,0,0,1,0,2,1,0,0,0,1,1,3,3698.24780991
20231,1123003044,3,3,0,0,0,1,2,0,0,0,0,1,2,0,0,0,0,0,0,0,0,3574.12178366
20231,1123003046,3,2,1,0,0,0,1,1,1,0,0,0,1,0,1,0,0,0,0,1,0,3867.1605798
20231,1123003052,31,7,24,0,3,0,1,7,20,0,1,0,1,2,3,0,2,0,0,5,17,3927.52294582
20231,1123003057,10,6,4,0,1,0,2,3,4,0,1,0,1,1,3,0,0,0,1,2,1,3167.75738429
20231,1123003059,5,4,1,0,0,2,0,1,2,0,0,2,0,0,2,0,0,0,0,1,0,1313.90936941
20231,1123003060,16,12,4,0,1,1,4,8,2,0,0,1,3,6,2,0,1,0,1,2,0,3224.03133839
20231,1123003061,2,2,0,0,0,0,2,0,0,0,0,0,2,0,0,0,0,0,0,0,0,3218.04294109
20231,1123003063,13,6,7,0,5,2,2,1,3,0,1,1,1,1,2,0,4,1,1,0,1,9640.84880546
20231,1123003065,3,2,1,0,0,2,0,0,1,0,0,1,0,0,1,0,0,1,0,0,0,3022.13577466
20231,1123003066,17,3,14,0,0,7,3,6,1,0,0,1,0,2,0,0,0,6,3,4,1,1166.57534
20231,1123003067,18,1,17,0,3,5,3,4,3,0,0,0,0,0,1,0,3,5,3,4,2,1538.43611938
20231,1123003068,7,7,0,0,0,0,2,4,1,0,0,0,2,4,1,0,0,0,0,0,0,4541.00568846
20231,1123003069,3,2,1,0,1,0,0,2,0,0,0,0,0,2,0,0,1,0,0,0,0,1889.17113346
20231,1123003070,16,8,8,0,0,1,2,2,11,0,0,1,1,1,5,0,0,0,1,1,6,11129.0370473
20231,1123003078,2,2,0,0,0,0,1,1,0,0,0,0,1,1,0,0,0,0,0,0,0,1068.36855711
20231,1123003082,105,41,64,0,8,31,37,23,6,0,2,8,12,15,4,0,6,23,25,8,2,2342.93071185
20231,1123003094,186,107,79,0,22,45,48,46,25,0,10,21,23,29,24,0,12,24,25,17,1,5618.47306291
20231,1123003100,18,2,16,0,5,4,6,1,2,0,0,0,0,1,1,0,5,4,6,0,1,7604.23128972
20231,1123003105,39,18,21,0,9,10,9,9,2,0,3,3,5,5,2,0,6,7,4,4,0,3015.93063789
20231,1123003107,678,421,257,5,58,126,204,175,110,3,26,61,117,113,101,2,32,65,87,62,9,4626.95567548
20231,1123003118,4,3,1,0,0,0,2,2,0,0,0,0,2,1,0,0,0,0,0,1,0,4249.76234106
20231,1123003119,50,39,11,0,3,20,18,1,8,0,2,17,11,1,8,0,1,3,7,0,0,12868.6711485
20231,1123003120,25,15,10,0,1,2,7,13,2,0,1,2,6,6,0,0,0,0,1,7,2,11398.4598182
20231,1123003122,10,1,9,0,3,2,1,2,2,0,0,0,0,0,1,0,3,2,1,2,1,3272.18602586
20231,1123003124,185,82,103,0,26,43,43,59,14,0,13,15,9,35,10,0,13,28,34,24,4,19358.6191889
20231,1123003128,9,3,6,0,2,5,0,1,1,0,0,2,0,0,1,0,2,3,0,1,0,12928.1814159
20231,1123003129,22,17,5,0,2,5,8,6,1,0,2,3,7,4,1,0,0,2,1,2,0,4091.84871842
20231,1123003130,4,3,1,0,0,0,1,1,2,0,0,0,1,1,1,0,0,0,0,0,1,1471.64044485
20231,1123003131,4,2,2,0,0,0,1,2,1,0,0,0,0,1,1,0,0,0,1,1,0,3349.4808711
20231,1123003136,2,1,1,0,0,1,1,0,0,0,0,0,1,0,0,0,0,1,0,0,0,884.504306945
20231,1123003137,314,221,93,0,24,118,122,50,0,0,13,77,91,40,0,0,11,41,31,10,0,27614.2424638
20231,1123003138,18,7,11,0,0,0,6,9,3,0,0,0,3,2,2,0,0,0,3,7,1,8513.5283851
20231,1123003139,34,11,23,0,4,11,5,14,0,0,0,2,2,7,0,0,4,9,3,7,0,15038.7415062
20231,1123003144,5,3,2,0,0,0,0,3,2,0,0,0,0,1,2,0,0,0,0,2,0,1993.21277869
20231,1123003146,19,16,3,0,5,2,1,7,4,0,5,2,0,5,4,0,0,0,1,2,0,2252.1967799
20231,1123003147,67,10,57,0,8,15,18,22,4,0,1,2,0,3,4,0,7,13,18,19,0,17303.1775195
20231,1123003148,2,1,1,0,0,0,2,0,0,0,0,0,1,0,0,0,0,0,1,0,0,3128.59616429
20231,1123003150,297,225,72,1,6,12,9,21,248,1,2,7,1,12,202,0,4,5,8,9,46,5558.46557363
20231,1123003151,2,2,0,0,1,1,0,0,0,0,1,1,0,0,0,0,0,0,0,0,0,1743.12974971
20231,1123003153,19,3,16,0,0,6,4,7,2,0,0,1,1,0,1,0,0,5,3,7,1,2316.69666325
20231,1123003154,3,3,0,0,0,0,2,1,0,0,0,0,2,1,0,0,0,0,0,0,0,6281.24073051
20231,1123003155,20,11,9,0,1,0,3,11,5,0,1,0,2,4,4,0,0,0,1,7,1,3363.2077305
20231,1123003156,1,1,0,0,0,0,1,0,0,0,0,0,1,0,0,0,0,0,0,0,0,1373.31387675
20231,1123003158,18,16,2,0,0,3,5,4,6,0,0,3,4,4,5,0,0,0,1,0,1,8970.64619539
20231,1123003159,63,51,12,0,7,17,23,13,3,0,4,13,19,12,3,0,3,4,4,1,0,5480.83401
20231,1123003161,1,1,0,0,0,0,0,1,0,0,0,0,0,1,0,0,0,0,0,0,0,23579.4917903
20231,1123003166,3,1,2,0,0,1,0,1,1,0,0,0,0,0,1,0,0,1,0,1,0,3247.92058127
20231,1123003171,53,15,38,0,6,15,14,17,1,0,1,3,4,7,0,0,5,12,10,10,1,13633.9854419
20231,1123003175,8,7,1,0,0,1,2,2,3,0,0,1,2,2,2,0,0,0,0,0,1,9316.32131498
20231,1123003181,6,5,1,0,0,2,0,3,1,0,0,2,0,2,1,0,0,0,0,1,0,3407.7166487
20231,1123003182,3,2,1,0,0,1,1,1,0,0,0,0,1,1,0,0,0,1,0,0,0,2931.7594135
20231,1123003184,2,0,2,0,0,0,1,0,1,0,0,0,0,0,0,0,0,0,1,0,1,1837.34800783
20231,1123003186,55,37,18,0,3,14,19,19,0,0,1,7,11,18,0,0,2,7,8,1,0,1775.20415458
20231,1123003187,4,3,1,0,0,1,1,2,0,0,0,1,0,2,0,0,0,0,1,0,0,2689.88167951
20231,1123003192,4,4,0,0,0,0,1,3,0,0,0,0,1,3,0,0,0,0,0,0,0,3395.39822332
20231,1123003194,5,4,1,0,1,0,3,1,0,0,1,0,2,1,0,0,0,0,1,0,0,3940.78552013
20231,1123003195,7,4,3,0,0,0,1,5,1,0,0,0,1,3,0,0,0,0,0,2,1,2096.1240028
20231,1123003198,1,1,0,0,0,0,0,0,1,0,0,0,0,0,1,0,0,0,0,0,0,1773.35958788
20231,1123003199,13,8,5,0,1,5,3,3,1,0,1,2,1,3,1,0,0,3,2,0,0,11968.2079724
20231,1123003200,5,2,3,0,0,0,2,0,3,0,0,0,0,0,2,0,0,0,2,0,1,3125.45551703
20231,1123003201,126,50,76,0,22,34,37,19,14,0,2,11,15,10,12,0,20,23,22,9,2,3733.1613408
20231,1123003202,6,5,1,0,0,2,3,1,0,0,0,2,2,1,0,0,0,0,1,0,0,11987.7122254
20231,1123003204,4,4,0,0,0,0,1,1,2,0,0,0,1,1,2,0,0,0,0,0,0,3210.21328573
20231,1123003208,3,2,1,0,0,2,0,0,1,0,0,1,0,0,1,0,0,1,0,0,0,3851.541978
20231,1123003210,1,0,1,0,0,0,1,0,0,0,0,0,0,0,0,0,0,0,1,0,0,4020.53359944
20231,1123003211,62,45,17,0,12,16,17,12,5,0,8,13,12,8,4,0,4,3,5,4,1,8274.21403272
20231,1123003213,15,0,15,0,2,4,4,5,0,0,0,0,0,0,0,0,2,4,4,5,0,5956.24610527
20231,1123003214,7,0,7,0,0,0,4,2,1,0,0,0,0,0,0,0,0,0,4,2,1,1257.14468851
20231,1123003216,6,6,0,0,0,0,2,4,0,0,0,0,2,4,0,0,0,0,0,0,0,2667.28280985
20231,1123003217,6,2,4,1,0,2,2,1,0,0,0,1,0,1,0,1,0,1,2,0,0,3329.87581324
20231,1123003221,4,2,2,0,0,1,3,0,0,0,0,1,1,0,0,0,0,0,2,0,0,2101.70309045
20231,1123003222,7,2,5,0,0,1,4,1,1,0,0,1,0,1,0,0,0,0,4,0,1,2742.40524015
20231,1123003223,2,2,0,0,2,0,0,0,0,0,2,0,0,0,0,0,0,0,0,0,0,610.98000847
20231,1123003225,28,11,17,0,3,4,9,2,10,0,0,0,2,1,8,0,3,4,7,1,2,10602.3289047
20231,1123003227,5,3,2,0,0,1,1,1,2,0,0,0,0,1,2,0,0,1,1,0,0,3652.08823396
20231,1123003228,1,0,1,0,0,1,0,0,0,0,0,0,0,0,0,0,0,1,0,0,0,2456.07411552
20231,1123003230,163,52,111,0,15,17,34,42,55,0,7,8,17,11,9,0,8,9,17,31,46,141007.569639
20231,1123003231,1499,630,869,0,323,352,359,382,83,0,64,161,193,169,43,0,259,191,166,213,40,4303.94168553
20231,1123003242,4,2,2,0,0,0,0,1,3,0,0,0,0,1,1,0,0,0,0,0,2,6594.92086151
20231,1123003243,15,12,3,0,1,5,5,3,1,0,1,5,3,2,1,0,0,0,2,1,0,4674.05976834
20231,1123003244,5,3,2,0,1,0,0,2,2,0,0,0,0,1,2,0,1,0,0,1,0,2617.4533702
20231,1123003245,38,8,30,0,2,7,16,11,2,0,0,1,3,3,1,0,2,6,13,8,1,3968.17004883
20231,1129000001,19,1,18,0,4,6,4,3,2,0,0,0,0,0,1,0,4,6,4,3,1,3003.00535396
20231,1129000003,63,37,26,0,4,17,18,16,8,0,0,10,7,13,7,0,4,7,11,3,1,2810.55308507
20231,1129000008,88,19,69,0,36,24,10,8,10,0,2,5,3,2,7,0,34,19,7,6,3,7946.14242889
20231,1129000013,4,1,3,0,1,0,2,1,0,0,0,0,0,1,0,0,1,0,2,0,0,2883.14216599
20231,1129000016,2,0,2,0,0,0,1,0,1,0,0,0,0,0,0,0,0,0,1,0,1,1720.46424123
20231,1129000026,19,2,17,0,5,5,4,3,2,0,0,0,0,0,2,0,5,5,4,3,0,677.896615756
20231,1129000031,173,89,84,0,16,45,43,46,23,0,6,26,26,15,16,0,10,19,17,31,7,7682.32234575
20231,1129000032,8,4,4,0,0,2,1,2,3,0,0,2,0,0,2,0,0,0,1,2,1,3930.49844048
20231,1129000039,6,4,2,0,0,1,2,0,3,0,0,0,1,0,3,0,0,1,1,0,0,2677.49029149
20231,1129000042,5,0,5,0,0,0,2,0,3,0,0,0,0,0,0,0,0,0,2,0,3,17067.9713324
20231,1129000047,4,1,3,0,0,0,3,1,0,0,0,0,0,1,0,0,0,0,3,0,0,10290.4625534
20231,1129000049,42,9,33,0,12,7,11,8,4,0,0,0,5,2,2,0,12,7,6,6,2,8054.58226851
20231,1129000051,89,52,37,0,16,21,30,15,7,0,7,15,17,8,5,0,9,6,13,7,2,3961.21404433
20231,1129000062,218,74,144,1,29,62,65,38,23,0,13,20,16,14,11,1,16,42,49,24,12,2211.8899486
20231,1129000063,1,0,1,0,0,1,0,0,0,0,0,0,0,0,0,0,0,1,0,0,0,1984.38510667
20231,1129000070,358,154,204,0,45,52,105,117,39,0,22,25,42,40,25,0,23,27,63,77,14,27762.0060369
20231,1129000078,26,24,2,0,0,4,15,6,1,0,0,4,14,5,1,0,0,0,1,1,0,2532.94933053
20231,1129000086,104,47,57,0,28,16,25,17,18,0,10,7,10,7,13,0,18,9,15,10,5,2544.84774991
20231,1129000099,7,0,7,0,0,0,0,5,2,0,0,0,0,0,0,0,0,0,0,5,2,4588.45491458
20231,1129000104,29,12,17,0,0,7,10,5,7,0,0,3,4,2,3,0,0,4,6,3,4,7549.06429063
20231,1129000105,21,13,8,0,0,1,10,6,4,0,0,0,5,4,4,0,0,1,5,2,0,9426.87632765
20231,1129000115,120,68,52,1,33,41,24,16,5,0,16,27,10,10,5,1,17,14,14,6,0,1328.92312917
20231,1129000117,48,33,15,0,4,8,16,14,6,0,3,5,10,10,5,0,1,3,6,4,1,6622.64540695
20231,1129000118,20,3,17,0,1,6,8,4,1,0,0,0,1,1,1,0,1,6,7,3,0,5725.0525603
20231,1129000119,235,179,56,2,12,33,48,57,83,0,3,22,34,42,78,2,9,11,14,15,5,3283.84044582
20231,1129000131,35,9,26,0,10,12,6,4,3,0,0,3,3,2,1,0,10,9,3,2,2,4121.38126759
20231,1129000141,23,3,20,0,3,5,7,6,2,0,0,0,1,1,1,0,3,5,6,5,1,5649.8863137
20231,1129000149,272,135,137,0,32,45,106,66,23,0,12,21,50,42,10,0,20,24,56,24,13,3072.52310862
20231,1129000151,103,15,88,0,13,36,28,24,2,0,0,4,5,4,2,0,13,32,23,20,0,19784.0317989
20231,1129000154,4104,2068,2036,415,1905,1079,431,183,91,176,863,612,254,88,75,239,1042,467,177,95,16,2911.71914429
20231,1129000199,51,10,41,0,2,9,19,11,10,0,0,1,1,1,7,0,2,8,18,10,3,14872.3100721
20231,1129000200,32,29,3,0,0,1,3,8,20,0,0,1,3,5,20,0,0,0,0,3,0,4605.01613628
20231,1129000205,45,14,31,0,12,8,5,15,5,0,4,1,2,4,3,0,8,7,3,11,2,9684.75492897
20231,1129000216,15,9,6,0,1,1,5,4,4,0,0,0,3,3,3,0,1,1,2,1,1,7192.74839825
20231,1129000217,4,3,1,0,1,0,3,0,0,0,1,0,2,0,0,0,0,0,1,0,0,4529.78713502
20231,1129000218,6,3,3,0,0,0,3,2,1,0,0,0,1,2,0,0,0,0,2,0,1,2002.22047374
20231,1129000222,1,0,1,0,0,0,0,1,0,0,0,0,0,0,0,0,0,0,0,1,0,2355.9686265
20231,1129000226,25,18,7,0,0,5,11,4,5,0,0,2,10,2,4,0,0,3,1,2,1,5691.90574767
20231,1129000231,7,3,4,0,1,4,1,1,0,0,1,2,0,0,0,0,0,2,1,1,0,28476.078963
20231,1129000236,7,5,2,0,0,0,2,2,3,0,0,0,1,1,3,0,0,0,1,1,0,3825.23928098
20231,1129000238,18,13,5,0,0,5,2,7,4,0,0,2,2,7,2,0,0,3,0,0,2,10132.1033128
20231,1129000239,28,7,21,0,1,6,8,12,1,0,0,1,1,5,0,0,1,5,7,7,1,1974.53794165
20231,1129000240,19,12,7,0,2,4,4,5,4,0,1,2,2,3,4,0,1,2,2,2,0,5983.87898946
20231,1129000242,25,10,15,0,0,3,8,6,8,0,0,1,1,3,5,0,0,2,7,3,3,5381.7570772
20231,1129000243,10,7,3,1,0,3,6,0,0,0,0,3,4,0,0,1,0,0,2,0,0,5539.74042375
20231,1129000248,59,8,51,0,0,4,16,28,11,0,0,0,1,3,4,0,0,4,15,25,7,3053.45355792
20231,1129000249,93,19,74,0,12,17,19,26,19,0,2,5,5,1,6,0,10,12,14,25,13,11260.2036519
20231,1129000250,10,8,2,0,1,6,3,0,0,0,1,5,2,0,0,0,0,1,1,0,0,2917.0277682
20231,1129000252,25,16,9,0,1,9,7,6,2,0,1,6,4,4,1,0,0,3,3,2,1,2494.45260442
20231,1129000253,80,38,42,1,10,20,28,14,7,1,0,9,18,7,3,0,10,11,10,7,4,10863.379154
20231,1129000255,39,29,10,0,8,8,9,10,4,0,8,6,7,5,3,0,0,2,2,5,1,18553.8109315
20231,1129000259,2,1,1,0,0,0,1,1,0,0,0,0,1,0,0,0,0,0,0,1,0,3430.41905732
20231,1129000260,22,9,13,1,7,5,3,3,3,1,4,1,1,1,1,0,3,4,2,2,2,11322.6441677
20231,1129000262,38,10,28,0,11,7,9,9,2,0,5,1,1,2,1,0,6,6,8,7,1,3209.41082252
20231,1129000265,5,1,4,0,0,2,0,2,1,0,0,0,0,1,0,0,0,2,0,1,1,3424.79930994
20231,1129000273,12,7,5,0,1,2,5,3,1,0,1,2,2,2,0,0,0,0,3,1,1,4934.1020933
20231,1129000275,10,0,10,0,2,3,2,2,1,0,0,0,0,0,0,0,2,3,2,2,1,3805.91350446
20231,1129000280,12,7,5,0,1,1,3,3,4,0,1,1,1,1,3,0,0,0,2,2,1,2940.64197682
20231,1129000281,2,1,1,0,0,0,0,1,1,0,0,0,0,0,1,0,0,0,0,1,0,1873.3090004
20231,1129000284,50,25,25,0,3,10,14,14,9,0,2,5,9,6,3,0,1,5,5,8,6,17453.3113364
20231,1129000294,6,1,5,0,0,1,1,2,2,0,0,0,0,1,0,0,0,1,1,1,2,2356.93864494
20231,1129000303,5,3,2,0,0,0,2,3,0,0,0,0,1,2,0,0,0,0,1,1,0,5690.15376419
20231,1129000318,17,7,10,0,2,1,1,7,6,0,2,1,1,1,2,0,0,0,0,6,4,3832.52510983
20231,1129000321,23,12,11,0,3,3,7,5,5,0,1,2,3,3,3,0,2,1,4,2,2,18802.7956365
20231,1129000322,2,1,1,0,0,0,2,0,0,0,0,0,1,0,0,0,0,0,1,0,0,1228.72102
20231,1129000330,75,13,62,0,10,20,23,16,6,0,0,5,3,1,4,0,10,15,20,15,2,10218.1411501
20231,1129000335,92,60,32,0,3,16,25,21,27,0,2,9,12,13,24,0,1,7,13,8,3,6807.09646108
20231,1129000337,2,1,1,0,0,0,1,1,0,0,0,0,1,0,0,0,0,0,0,1,0,2139.15375133
20231,1129000341,50,14,36,0,4,14,15,17,0,0,0,2,8,4,0,0,4,12,7,13,0,22886.0896876
20231,1129000342,29,6,23,1,6,6,9,5,2,0,1,1,3,0,1,1,5,5,6,5,1,6058.26392649
20231,1129000343,3,0,3,0,0,0,0,2,1,0,0,0,0,0,0,0,0,0,0,2,1,66423.1669351
20231,1129000346,4,2,2,0,0,0,2,1,1,0,0,0,1,0,1,0,0,0,1,1,0,1669.7726758
20231,1129000350,2,1,1,0,0,0,0,1,1,0,0,0,0,0,1,0,0,0,0,1,0,2010.27400729
20231,1129000352,364,228,136,0,69,87,80,74,54,0,21,59,47,52,49,0,48,28,33,22,5,5464.41808822
20231,1129000354,1,1,0,0,0,0,0,1,0,0,0,0,0,1,0,0,0,0,0,0,0,1341.11667629
20231,1129000355,26,18,8,0,6,5,8,2,5,0,4,2,5,2,5,0,2,3,3,0,0,7105.56749095
20231,1129000360,4,0,4,0,0,1,2,1,0,0,0,0,0,0,0,0,0,1,2,1,0,7460.8954622
20231,1129000370,6,2,4,0,1,3,1,1,0,0,0,1,0,1,0,0,1,2,1,0,0,6500.29653181
20231,1129000387,7,3,4,0,0,0,2,5,0,0,0,0,1,2,0,0,0,0,1,3,0,876.585080906
20231,1129000393,23,14,9,0,7,6,4,5,1,0,4,4,2,3,1,0,3,2,2,2,0,6937.07027254
20231,1129000399,90,18,72,0,10,27,25,23,5,0,1,5,5,3,4,0,9,22,20,20,1,8017.20566594
20231,1129000404,8,7,1,0,0,4,0,3,1,0,0,3,0,3,1,0,0,1,0,0,0,4420.05960458
20231,1129000407,1103,298,805,8,497,361,132,79,26,0,75,125,37,39,22,8,422,236,95,40,4,5834.86487691
20231,1129000415,1,0,1,0,0,0,0,1,0,0,0,0,0,0,0,0,0,0,0,1,0,2012.5937853
20231,1129000417,14,3,11,0,1,2,7,4,0,0,0,1,1,1,0,0,1,1,6,3,0,8582.69223261
20231,1129000424,425,378,47,0,63,153,148,58,3,0,54,135,131,56,2,0,9,18,17,2,1,2187.70909293
20231,1129000438,10940,6783,4157,44,1682,2620,3536,1917,1141,13,807,1596,2417,1469,481,31,875,1024,1119,448,660,5266.54340769
20231,1129000448,95,43,52,0,13,39,21,14,8,0,3,21,4,9,6,0,10,18,17,5,2,3699.66282137
20231,1129000462,7,5,2,0,1,0,0,4,2,0,1,0,0,2,2,0,0,0,0,2,0,689.729106096
20231,1129000470,294,123,171,0,69,72,68,50,35,0,15,30,36,20,22,0,54,42,32,30,13,1437.52877038
20231,1129000482,49,40,9,0,3,9,9,14,14,0,3,6,7,12,12,0,0,3,2,2,2,3268.92247078
20231,1129000484,1,0,1,0,0,1,0,0,0,0,0,0,0,0,0,0,0,1,0,0,0,1194.0456133
20231,1129000486,1,1,0,0,0,0,0,0,1,0,0,0,0,0,1,0,0,0,0,0,0,3854.01878954
20231,1129000500,4,1,3,0,0,1,2,0,1,0,0,0,1,0,0,0,0,1,1,0,1,2258.24613742
20231,1129000514,15,11,4,0,0,2,4,3,6,0,0,1,2,2,6,0,0,1,2,1,0,5772.87533006
20231,1129000517,101,10,91,0,18,27,28,18,10,0,1,3,0,2,4,0,17,24,28,16,6,11352.5183472
20231,1129000518,7,5,2,0,1,2,2,1,1,0,1,1,1,1,1,0,0,1,1,0,0,2724.82460008
20231,1129000522,2,2,0,0,0,1,0,1,0,0,0,1,0,1,0,0,0,0,0,0,0,2964.98986681
20231,1129000532,192,57,135,0,12,36,46,61,37,0,1,12,11,17,16,0,11,24,35,44,21,4846.91070091
20231,1129000538,18,9,9,0,7,3,5,0,3,0,2,1,4,0,2,0,5,2,1,0,1,1874.16530021
20231,1129000540,20,11,9,0,5,1,8,6,0,0,4,0,3,4,0,0,1,1,5,2,0,3323.50657324
20231,1129000541,3,1,2,0,0,0,1,0,2,0,0,0,0,0,1,0,0,0,1,0,1,1485.44957098
20231,1129000543,18,6,12,0,1,2,2,3,10,0,1,2,1,0,2,0,0,0,1,3,8,1192.47309019
20231,1129000546,3,3,0,0,0,0,2,1,0,0,0,0,2,1,0,0,0,0,0,0,0,1322.72303375
20231,1129000548,4,3,1,0,1,3,0,0,0,0,1,2,0,0,0,0,0,1,0,0,0,1589.5683156
20231,1129000552,2,2,0,0,0,1,1,0,0,0,0,1,1,0,0,0,0,0,0,0,0,1015.37985709
20231,1129000556,3,1,2,0,0,1,0,0,2,0,0,0,0,0,1,0,0,1,0,0,1,4026.61390601
20231,1129000565,71,53,18,0,5,21,28,11,6,0,2,18,21,8,4,0,3,3,7,3,2,6219.92172054
20231,1129000568,56,7,49,0,2,4,9,31,10,0,1,2,1,1,2,0,1,2,8,30,8,10578.8997692
20231,1129000569,14,9,5,0,0,3,6,4,1,0,0,1,4,4,0,0,0,2,2,0,1,4116.63364968
20231,1129000570,4,2,2,0,0,0,0,2,2,0,0,0,0,1,1,0,0,0,0,1,1,2954.14405097
20231,1129000572,32,11,21,6,8,7,3,1,7,0,2,2,1,1,5,6,6,5,2,0,2,5876.21166167
20231,1129000573,2,2,0,0,0,0,1,0,1,0,0,0,1,0,1,0,0,0,0,0,0,3795.13387217
20231,1129000574,3,2,1,0,0,1,1,0,1,0,0,1,0,0,1,0,0,0,1,0,0,1854.58815205
20231,1129000577,145,53,92,0,15,45,46,30,9,0,3,12,15,17,6,0,12,33,31,13,3,5099.32249693
20231,1129000580,2,1,1,0,1,1,0,0,0,0,0,1,0,0,0,0,1,0,0,0,0,5278.8403183
20231,1129000581,5,4,1,0,2,1,2,0,0,0,2,1,1,0,0,0,0,0,1,0,0,728.809803529
20231,1129000582,5,5,0,0,0,0,0,1,4,0,0,0,0,1,4,0,0,0,0,0,0,4293.84573068
20231,1129000585,1,1,0,0,0,0,0,0,1,0,0,0,0,0,1,0,0,0,0,0,0,1119.84348948
20231,1129000586,4,3,1,0,0,0,3,1,0,0,0,0,2,1,0,0,0,0,1,0,0,676.027180238
20231,1129000588,10,5,5,0,0,6,0,2,2,0,0,3,0,1,1,0,0,3,0,1,1,745.10447959
20231,1129000590,15,8,7,0,3,4,7,1,0,0,0,2,5,1,0,0,3,2,2,0,0,5246.14530073
20231,1129000591,160,52,108,0,18,35,20,50,37,0,4,11,2,19,16,0,14,24,18,31,21,6663.82873504
20231,1129000592,14,6,8,0,1,2,1,3,7,0,0,1,1,1,3,0,1,1,0,2,4,3894.73715712
20231,1129000593,9,1,8,0,1,2,3,2,1,0,0,0,0,0,1,0,1,2,3,2,0,2662.32106892
20231,1129000595,30,20,10,1,9,10,4,5,1,0,5,7,4,3,1,1,4,3,0,2,0,5676.7046914
20231,1129000596,5,1,4,0,3,1,1,0,0,0,0,0,1,0,0,0,3,1,0,0,0,1686.97972103
20231,1129000597,16,15,1,0,0,1,5,8,2,0,0,1,4,8,2,0,0,0,1,0,0,7609.66171191
20231,1129000598,9,4,5,0,6,1,0,1,1,0,3,0,0,1,0,0,3,1,0,0,1,938.028927433
20231,1129000600,4,1,3,0,1,0,0,1,2,0,0,0,0,0,1,0,1,0,0,1,1,1907.89325531
20231,1129000601,6,6,0,0,0,2,2,2,0,0,0,2,2,2,0,0,0,0,0,0,0,4871.77079929
20231,1129000602,8,5,3,0,0,0,1,4,3,0,0,0,0,2,3,0,0,0,1,2,0,4921.87835847
20231,1129000603,12,5,7,0,0,5,3,2,2,0,0,1,2,1,1,0,0,4,1,1,1,5263.74067975
20231,1129000604,54,49,5,3,23,13,10,4,1,3,21,12,9,3,1,0,2,1,1,1,0,2010.8517074
20231,1129000605,47,12,35,0,20,11,9,3,4,0,0,1,6,1,4,0,20,10,3,2,0,4003.49988732
20231,1129000607,51,8,43,0,21,16,4,6,4,0,0,3,1,1,3,0,21,13,3,5,1,68994.1344654
20231,1129000608,11,3,8,0,1,2,2,3,3,0,0,0,0,1,2,0,1,2,2,2,1,3124.22075666
20231,1129000609,4,1,3,0,0,1,0,0,3,0,0,0,0,0,1,0,0,1,0,0,2,1166.11048829
20231,1129000610,13,2,11,0,4,2,4,2,1,0,0,0,1,1,0,0,4,2,3,1,1,4836.51376301
20231,1129000611,4,3,1,0,1,1,0,0,2,0,1,1,0,0,1,0,0,0,0,0,1,3119.89985555
20231,1129000612,59,29,30,8,1,9,17,17,7,8,1,4,2,8,6,0,0,5,15,9,1,6324.36993047
20231,1129000613,1,1,0,0,0,0,0,0,1,0,0,0,0,0,1,0,0,0,0,0,0,3121.35319166
20231,1129000614,1,1,0,0,0,0,0,0,1,0,0,0,0,0,1,0,0,0,0,0,0,16336.6769814
20231,1129000617,15,11,4,0,1,2,7,5,0,0,1,1,4,5,0,0,0,1,3,0,0,6965.76464849
20231,1129000618,6,5,1,0,0,2,4,0,0,0,0,2,3,0,0,0,0,0,1,0,0,1358.76041947
20231,1129000619,3,2,1,0,0,0,1,1,1,0,0,0,0,1,1,0,0,0,1,0,0,9165.84179353
20231,1129000620,8,6,2,0,0,1,1,5,1,0,0,1,1,4,0,0,0,0,0,1,1,5582.26139068
20231,1129000623,23,16,7,1,2,4,9,2,5,1,1,3,8,2,1,0,1,1,1,0,4,6312.11690292
20231,1129000624,1,1,0,0,0,0,0,0,1,0,0,0,0,0,1,0,0,0,0,0,0,4073.47087871
20231,1129000625,100,21,79,0,18,30,29,17,6,0,5,3,4,4,5,0,13,27,25,13,1,22975.5460365
20231,1129000626,14,10,4,0,0,4,3,3,4,0,0,2,1,3,4,0,0,2,2,0,0,2776.82359155
20231,1129000628,2,2,0,0,0,1,0,0,1,0,0,1,0,0,1,0,0,0,0,0,0,1896.74297675
20231,1129000629,13,3,10,0,2,5,5,1,0,0,0,0,3,0,0,0,2,5,2,1,0,4551.06674819
20231,1129000631,2,1,1,0,1,0,0,0,1,0,1,0,0,0,0,0,0,0,0,0,1,1112.3063394
20231,1129000632,21,16,5,0,2,3,5,8,3,0,1,2,3,7,3,0,1,1,2,1,0,6503.32882222
20231,1129000633,3,3,0,0,0,0,0,3,0,0,0,0,0,3,0,0,0,0,0,0,0,1283.48139986
20231,1129000634,4,4,0,0,0,0,2,1,1,0,0,0,2,1,1,0,0,0,0,0,0,2672.64788193
20231,1129000636,78,58,20,0,6,20,19,28,5,0,1,12,15,26,4,0,5,8,4,2,1,4855.63914073
20231,1129000639,2,0,2,0,0,0,1,0,1,0,0,0,0,0,0,0,0,0,1,0,1,3292.56368116
20231,1129000640,89,25,64,1,8,30,20,26,4,0,1,8,5,8,3,1,7,22,15,18,1,4755.49564657
20231,1129000643,5,2,3,0,1,1,2,0,1,0,1,0,1,0,0,0,0,1,1,0,1,808.10269634
20231,1129000645,4,4,0,0,0,0,2,1,1,0,0,0,2,1,1,0,0,0,0,0,0,940.508483314
20231,1129000646,5,1,4,0,1,1,0,1,2,0,0,0,0,0,1,0,1,1,0,1,1,4479.38114258
20231,1129000647,17,5,12,0,8,6,1,0,2,0,1,2,1,0,1,0,7,4,0,0,1,1143.15161662
20231,1129000648,9,7,2,0,0,4,4,0,1,0,0,3,3,0,1,0,0,1,1,0,0,4866.52521645
20231,1129000655,4,2,2,0,2,0,1,1,0,0,0,0,1,1,0,0,2,0,0,0,0,4900.26869254
20231,1129000659,3,1,2,0,0,0,2,0,1,0,0,0,1,0,0,0,0,0,1,0,1,4392.09165753
20231,1129000661,2,2,0,0,0,0,0,1,1,0,0,0,0,1,1,0,0,0,0,0,0,2164.75701438
20231,1129000662,28,17,11,0,0,4,5,7,12,0,0,1,3,3,10,0,0,3,2,4,2,6949.62737076
20231,1129000664,18,14,4,0,1,4,3,4,6,0,0,2,2,4,6,0,1,2,1,0,0,2356.89097495
20231,1129000665,130,116,14,0,0,5,21,41,63,0,0,3,18,33,62,0,0,2,3,8,1,7379.49035939
20231,1129000669,34,21,13,1,5,4,6,12,6,0,2,2,1,10,6,1,3,2,5,2,0,1685.18047767
20231,1129000670,2,1,1,0,0,0,2,0,0,0,0,0,1,0,0,0,0,0,1,0,0,1294.96423569
20231,1129000672,11,3,8,0,0,1,0,6,4,0,0,0,0,1,2,0,0,1,0,5,2,5713.46465004
20231,1129000673,9,1,8,0,5,3,1,0,0,0,0,0,1,0,0,0,5,3,0,0,0,2509.59399613
20231,1129000674,8,5,3,0,1,1,0,4,2,0,1,0,0,3,1,0,0,1,0,1,1,3918.578309
20231,1129000679,153,34,119,0,10,19,40,52,32,0,2,6,8,11,7,0,8,13,32,41,25,6096.61899836
20231,1129000680,20,12,8,1,0,6,6,4,3,0,0,3,4,3,2,1,0,3,2,1,1,4333.18084148
20231,1129000681,62,26,36,1,27,10,8,14,2,0,13,4,2,5,2,1,14,6,6,9,0,4869.75500874
20231,1129000683,9,8,1,0,1,1,2,3,2,0,1,1,1,3,2,0,0,0,1,0,0,1752.87978491
20231,1129000684,154,82,72,0,31,34,34,33,22,0,8,20,22,18,14,0,23,14,12,15,8,3738.99523684
20231,1129000685,12,9,3,0,0,3,3,4,2,0,0,2,2,4,1,0,0,1,1,0,1,4592.83741425
20231,1129000690,4,3,1,0,0,0,0,3,1,0,0,0,0,2,1,0,0,0,0,1,0,4005.13853828
20231,1129000692,15,2,13,0,3,2,5,3,2,0,0,0,1,1,0,0,3,2,4,2,2,6129.40076765
20231,1129000695,6,4,2,0,0,1,1,1,3,0,0,1,0,1,2,0,0,0,1,0,1,2472.25712337
20231,1129000696,13,5,8,0,0,2,5,2,4,0,0,0,1,2,2,0,0,2,4,0,2,6057.95367591
20231,1129000697,19,4,15,0,0,0,0,13,6,0,0,0,0,4,0,0,0,0,0,9,6,6087.19119562
20231,1129000698,2,1,1,0,0,0,0,2,0,0,0,0,0,1,0,0,0,0,0,1,0,1985.0563129
20231,1129000700,107,58,49,1,4,12,22,29,39,1,2,8,8,9,30,0,2,4,14,20,9,5151.86605373
20231,1129000701,3,1,2,0,0,1,1,1,0,0,0,0,0,1,0,0,0,1,1,0,0,1456.7712311
20231,1129000702,26,10,16,0,4,7,8,2,5,0,1,4,0,1,4,0,3,3,8,1,1,9990.66616499
20231,1129000703,38,33,5,0,1,4,12,13,8,0,1,3,11,10,8,0,0,1,1,3,0,4548.97385831
20231,1129000706,11,6,5,0,1,6,3,1,0,0,0,4,1,1,0,0,1,2,2,0,0,11643.727626
20231,1129000713,65,40,25,0,20,27,12,6,0,0,11,14,10,5,0,0,9,13,2,1,0,5438.45813851
20231,1129000714,15,10,5,0,1,2,2,8,2,0,1,0,0,7,2,0,0,2,2,1,0,6700.82958602
20231,1129000716,25,3,22,0,1,2,1,0,21,0,0,2,0,0,1,0,1,0,1,0,20,7504.20334069
20231,1129000717,20,18,2,0,1,2,5,11,1,0,1,1,5,10,1,0,0,1,0,1,0,923.785981563
20231,1129000720,11,7,4,0,1,1,6,3,0,0,1,1,3,2,0,0,0,0,3,1,0,6136.7999923
20231,1129000722,67,35,32,0,9,19,17,20,2,0,4,7,11,12,1,0,5,12,6,8,1,5894.81091272
20231,1129000723,8,5,3,0,0,2,3,1,2,0,0,2,1,1,1,0,0,0,2,0,1,1944.3136627
20231,1129000724,2,2,0,0,0,2,0,0,0,0,0,2,0,0,0,0,0,0,0,0,0,2235.58839446
20231,1129000726,31,24,7,3,2,4,8,10,4,3,1,1,6,9,4,0,1,3,2,1,0,3738.97601094
20231,1129000732,3,3,0,0,0,0,2,1,0,0,0,0,2,1,0,0,0,0,0,0,0,3050.11966354
20231,1129000739,37,30,7,0,4,7,11,8,7,0,3,5,9,7,6,0,1,2,2,1,1,8202.46308964
20231,1129000740,145,97,48,0,7,36,38,41,23,0,3,17,25,31,21,0,4,19,13,10,2,9541.93127465
20231,1129000741,56,20,36,0,3,16,17,14,6,0,0,6,6,4,4,0,3,10,11,10,2,4143.61013048
20231,1129000742,3,2,1,0,0,0,1,2,0,0,0,0,0,2,0,0,0,0,1,0,0,1431.23791778
20231,1129000743,61,42,19,0,1,11,14,23,12,0,0,7,8,16,11,0,1,4,6,7,1,7113.146768
20231,1129000744,757,537,220,0,2,7,21,54,673,0,2,6,9,25,495,0,0,1,12,29,178,904.36961389
20231,1129000745,15,13,2,0,1,3,4,6,1,0,0,2,4,6,1,0,1,1,0,0,0,3710.29729485
20231,1129000746,2,2,0,0,0,1,1,0,0,0,0,1,1,0,0,0,0,0,0,0,0,2143.21195944
20231,1129000748,10,7,3,0,1,1,6,0,2,0,0,1,5,0,1,0,1,0,1,0,1,1118.38182539
20231,1129000749,8,7,1,0,0,3,5,0,0,0,0,3,4,0,0,0,0,0,1,0,0,948.530638041
20231,1129000756,58,36,22,0,19,13,19,7,0,0,9,6,17,4,0,0,10,7,2,3,0,4848.63238981
20231,1129000758,87,21,66,0,12,11,27,27,10,0,3,3,8,2,5,0,9,8,19,25,5,4746.70127887
20231,1129000759,8,6,2,0,0,3,2,1,2,0,0,1,2,1,2,0,0,2,0,0,0,4198.54580256
20231,1129000763,40,22,18,0,2,7,17,8,6,0,1,6,10,3,2,0,1,1,7,5,4,4077.80120428
20231,1129000767,1,0,1,0,0,1,0,0,0,0,0,0,0,0,0,0,0,1,0,0,0,3633.36732999
20231,1129000770,9,6,3,0,0,0,6,2,1,0,0,0,3,2,1,0,0,0,3,0,0,4494.64404784
20231,1129000773,2,0,2,0,0,0,2,0,0,0,0,0,0,0,0,0,0,0,2,0,0,3472.2940408
20231,1129000774,7,3,4,0,1,2,4,0,0,0,0,0,3,0,0,0,1,2,1,0,0,4345.99394664
20231,1129000775,9,2,7,0,1,4,2,2,0,0,0,1,0,1,0,0,1,3,2,1,0,3136.78108163
20231,1129000776,14,11,3,0,1,5,4,4,0,0,0,4,4,3,0,0,1,1,0,1,0,3585.98635768
20231,1129000780,1,1,0,0,0,0,0,1,0,0,0,0,0,1,0,0,0,0,0,0,0,9422.77781434
20231,1129000781,28,19,9,0,6,4,10,6,2,0,2,3,7,5,2,0,4,1,3,1,0,2547.94772849
20231,1129000782,24,8,16,3,3,4,11,2,1,0,0,2,5,0,1,3,3,2,6,2,0,5348.99714237
20231,1129000784,15,5,10,0,1,7,4,2,1,0,0,1,2,1,1,0,1,6,2,1,0,5119.40646325
20231,1129000787,10,4,6,0,5,2,1,1,1,0,1,2,0,0,1,0,4,0,1,1,0,3394.73541103
20231,1129000794,24,19,5,0,0,0,7,6,11,0,0,0,5,5,9,0,0,0,2,1,2,4926.52656172
20231,1129000796,12,8,4,0,0,0,2,4,6,0,0,0,1,3,4,0,0,0,1,1,2,4710.51065289
20231,1129000798,13,11,2,0,0,1,3,7,2,0,0,1,2,6,2,0,0,0,1,1,0,4172.81334224
20231,1129000800,23,20,3,0,5,2,5,6,5,0,5,2,3,6,4,0,0,0,2,0,1,9189.49733779
20231,1129000801,9,2,7,0,0,0,2,4,3,0,0,0,0,0,2,0,0,0,2,4,1,3116.91508343
20231,1129000802,2843,2591,252,0,311,1334,571,583,44,0,227,1193,545,582,44,0,84,141,26,1,0,1396.42794887
20231,1129000805,10,10,0,0,0,1,5,1,3,0,0,1,5,1,3,0,0,0,0,0,0,2544.69833752
20231,1129000806,7,7,0,0,1,1,2,3,0,0,1,1,2,3,0,0,0,0,0,0,0,4868.1024665
20231,1129000810,3,1,2,0,0,2,0,1,0,0,0,1,0,0,0,0,0,1,0,1,0,2902.12756064
20231,1129000811,106,87,19,2,12,20,28,21,23,1,6,18,24,19,19,1,6,2,4,2,4,4712.19466275
20231,1129000812,716,470,246,0,18,67,86,152,393,0,16,61,81,83,229,0,2,6,5,69,164,2416.06728545
20231,1129000814,1,0,1,0,0,0,0,0,1,0,0,0,0,0,0,0,0,0,0,0,1,3535.76576188
20231,1129000815,21,4,17,0,7,4,4,5,1,0,0,0,1,2,1,0,7,4,3,3,0,2705.47322857
20231,1129000818,22,12,10,0,2,4,5,8,3,0,2,3,3,2,2,0,0,1,2,6,1,5225.811889
20231,1129000819,99,23,76,0,17,14,21,39,8,0,1,7,10,3,2,0,16,7,11,36,6,5554.98911301
20231,1129000823,42,25,17,0,7,6,8,9,12,0,2,4,3,7,9,0,5,2,5,2,3,5420.59526373
20231,1129000826,45,35,10,1,8,8,10,15,3,1,5,7,6,13,3,0,3,1,4,2,0,4070.9246453
20231,1129000827,2,1,1,0,0,0,0,2,0,0,0,0,0,1,0,0,0,0,0,1,0,8345.35970478
20231,1129000829,8,3,5,0,1,2,2,2,1,0,0,2,1,0,0,0,1,0,1,2,1,838.622725244
20231,1129000831,2,1,1,0,0,0,0,2,0,0,0,0,0,1,0,0,0,0,0,1,0,4537.91626988
20231,1129000832,9,2,7,0,0,0,4,3,2,0,0,0,0,1,1,0,0,0,4,2,1,2183.68107382
20231,1129000833,3,2,1,0,0,0,0,0,3,0,0,0,0,0,2,0,0,0,0,0,1,879.295476845
20231,1129000837,3,3,0,0,0,1,1,1,0,0,0,1,1,1,0,0,0,0,0,0,0,6468.44824669
20231,1129000840,1,0,1,0,0,0,1,0,0,0,0,0,0,0,0,0,0,0,1,0,0,3295.81688917
20231,1129000841,13,6,7,0,1,5,4,1,2,0,1,2,1,1,1,0,0,3,3,0,1,5206.56465917
20231,1129000842,27,8,19,0,6,7,7,4,3,0,1,2,2,1,2,0,5,5,5,3,1,41579.382174
20231,1129000848,4,4,0,0,0,0,2,2,0,0,0,0,2,2,0,0,0,0,0,0,0,3721.90256055
20231,1129000852,1324,924,400,0,185,375,407,339,18,0,68,233,313,295,15,0,117,142,94,44,3,2298.98810316
20231,1129000856,17,7,10,0,0,2,7,4,4,0,0,0,2,2,3,0,0,2,5,2,1,7003.62599755
20231,1129000858,6,2,4,0,1,0,1,0,4,0,0,0,0,0,2,0,1,0,1,0,2,6460.11439249
20231,1129000860,4,3,1,0,0,2,2,0,0,0,0,1,2,0,0,0,0,1,0,0,0,11302.0638409
20231,1129000865,11,2,9,0,0,1,6,4,0,0,0,0,2,0,0,0,0,1,4,4,0,5324.17018796
20231,1129000866,63,47,16,0,7,24,17,11,4,0,2,16,16,9,4,0,5,8,1,2,0,5136.25425065
20231,1129000867,23,6,17,0,4,3,8,7,1,0,1,0,1,4,0,0,3,3,7,3,1,5045.4005423
20231,1129000868,24,19,5,0,4,13,5,1,1,0,3,11,3,1,1,0,1,2,2,0,0,9852.24429658
20231,1129000874,2,2,0,0,0,0,1,1,0,0,0,0,1,1,0,0,0,0,0,0,0,1406.93640558
20231,1129000885,2,2,0,0,0,1,0,1,0,0,0,1,0,1,0,0,0,0,0,0,0,5231.8062761
20231,1129000893,241,226,15,0,10,91,87,39,14,0,9,87,84,33,13,0,1,4,3,6,1,2119.1117736
20231,1129000903,6,5,1,0,1,1,4,0,0,0,1,0,4,0,0,0,0,1,0,0,0,1007.05343671
20231,1129000907,3,2,1,0,0,0,2,1,0,0,0,0,1,1,0,0,0,0,1,0,0,48087.2623084
20231,1129000909,2,1,1,0,0,0,0,2,0,0,0,0,0,1,0,0,0,0,0,1,0,5166.2689427
20231,1129000918,16,0,16,0,5,2,5,4,0,0,0,0,0,0,0,0,5,2,5,4,0,14185.5072107
20231,1129000922,24,19,5,0,2,5,9,3,5,0,2,5,6,2,4,0,0,0,3,1,1,1524.11613458
20231,1129000928,185,109,76,0,23,27,34,38,63,0,7,15,22,23,42,0,16,12,12,15,21,1558.34090415
20231,1129000931,51,8,43,0,0,1,3,15,32,0,0,1,1,4,2,0,0,0,2,11,30,5185.99555115
20231,1129000932,4,3,1,0,0,1,1,2,0,0,0,1,1,1,0,0,0,0,0,1,0,2642.08715849
20231,1129000933,3,1,2,0,1,2,0,0,0,0,0,1,0,0,0,0,1,1,0,0,0,4002.61665704
20231,1129000936,2,1,1,0,0,0,0,2,0,0,0,0,0,1,0,0,0,0,0,1,0,1776.85046849
20231,1129000937,2,2,0,0,0,0,2,0,0,0,0,0,2,0,0,0,0,0,0,0,0,4500.351309
20231,1129000938,7,3,4,0,1,0,2,2,2,0,0,0,1,1,1,0,1,0,1,1,1,2365.00968403
20231,1129000943,3,0,3,0,0,0,0,2,1,0,0,0,0,0,0,0,0,0,0,2,1,11980.392721
20231,1129000945,2,1,1,0,0,0,1,1,0,0,0,0,1,0,0,0,0,0,0,1,0,1689.85260309
20231,1129000947,3,3,0,0,0,0,3,0,0,0,0,0,3,0,0,0,0,0,0,0,0,2011.29263515
20231,1129000948,11,3,8,0,1,0,0,7,3,0,0,0,0,3,0,0,1,0,0,4,3,4031.43145234
20231,1129000949,3,1,2,0,1,2,0,0,0,0,0,1,0,0,0,0,1,1,0,0,0,1465.83435404
20231,1129000950,2,1,1,0,0,0,2,0,0,0,0,0,1,0,0,0,0,0,1,0,0,4461.30782734
20231,1129000951,6,4,2,0,3,0,0,2,1,0,1,0,0,2,1,0,2,0,0,0,0,3920.70547856
20231,1129000953,3,1,2,0,0,0,2,1,0,0,0,0,1,0,0,0,0,0,1,1,0,2073.78218536
20231,1129000955,2,1,1,0,0,1,1,0,0,0,0,0,1,0,0,0,0,1,0,0,0,8279.33715161
20231,1129000961,8,0,8,0,0,1,5,2,0,0,0,0,0,0,0,0,0,1,5,2,0,1027.71170842
20231,1129000963,1,0,1,0,0,0,0,1,0,0,0,0,0,0,0,0,0,0,0,1,0,2936.63904732
20231,1129000966,5,3,2,0,1,1,2,1,0,0,0,1,1,1,0,0,1,0,1,0,0,3996.60147507
20231,1129000967,23,10,13,0,1,2,10,8,2,0,0,0,6,4,0,0,1,2,4,4,2,5835.11929548
20231,1129000968,21,16,5,0,3,5,1,6,6,0,3,4,1,5,3,0,0,1,0,1,3,5025.1413773
20231,1129000969,38,16,22,0,6,14,11,6,1,0,1,7,4,3,1,0,5,7,7,3,0,4441.18787613
20231,1129000975,23,4,19,0,5,4,7,6,1,0,0,2,0,1,1,0,5,2,7,5,0,2796.2155936
20231,1129000977,4,3,1,0,0,1,2,1,0,0,0,1,1,1,0,0,0,0,1,0,0,4341.64748414
20231,1129000978,5,2,3,0,0,0,1,4,0,0,0,0,0,2,0,0,0,0,1,2,0,1726.0931747
20231,1129000980,76,60,16,1,6,15,21,16,17,0,5,9,19,14,13,1,1,6,2,2,4,5095.56778035
20231,1129000981,1,1,0,0,0,0,0,1,0,0,0,0,0,1,0,0,0,0,0,0,0,1652.94656966
20231,1129000985,4,3,1,0,0,0,0,2,2,0,0,0,0,1,2,0,0,0,0,1,0,3395.58049285
20231,1129000986,4,1,3,0,0,2,1,0,1,0,0,0,0,0,1,0,0,2,1,0,0,4952.45455533
20231,1129000989,4,3,1,0,1,0,1,0,2,0,0,0,1,0,2,0,1,0,0,0,0,3070.24257225
20231,1129000991,3,2,1,0,0,0,0,1,2,0,0,0,0,1,1,0,0,0,0,0,1,2224.03921715
20231,1129000992,3,1,2,0,0,1,1,0,1,0,0,0,0,0,1,0,0,1,1,0,0,2179.81448763
20231,1129000993,77,10,67,0,12,23,28,12,2,0,3,2,4,1,0,0,9,21,24,11,2,23159.967845
20231,1129000994,70,32,38,0,12,11,14,29,4,0,12,6,7,4,3,0,0,5,7,25,1,6404.97706942
20231,1129000996,13,11,2,0,1,2,5,5,0,0,1,0,5,5,0,0,0,2,0,0,0,4348.20984225
20231,1129001000,20,5,15,0,3,1,10,4,2,0,1,0,1,2,1,0,2,1,9,2,1,2206.90975883
20231,1129001001,24,18,6,0,3,9,4,6,2,0,1,6,4,5,2,0,2,3,0,1,0,2175.0936737
20231,1129001004,3,2,1,0,0,0,0,3,0,0,0,0,0,2,0,0,0,0,0,1,0,841.776469571
20231,1129001005,6,4,2,0,0,0,0,2,4,0,0,0,0,2,2,0,0,0,0,0,2,5383.81920806
20231,1129001013,1,0,1,0,0,0,1,0,0,0,0,0,0,0,0,0,0,0,1,0,0,1362.66134975
20231,1129001014,2,0,2,0,1,0,1,0,0,0,0,0,0,0,0,0,1,0,1,0,0,2521.91071702
20231,1129001017,4,1,3,1,1,0,0,2,0,0,0,0,0,1,0,1,1,0,0,1,0,547.046863162
20231,1129001018,1,1,0,0,0,0,1,0,0,0,0,0,1,0,0,0,0,0,0,0,0,6064.97069654
20231,1129001023,3,2,1,0,0,2,0,0,1,0,0,1,0,0,1,0,0,1,0,0,0,3199.33517688
20231,1129001025,5,2,3,0,0,2,2,1,0,0,0,1,1,0,0,0,0,1,1,1,0,3103.11723382
20231,1129001028,12,11,1,0,2,3,2,5,0,0,2,3,2,4,0,0,0,0,0,1,0,9120.23713948
20231,1129001030,2,2,0,0,1,0,0,1,0,0,1,0,0,1,0,0,0,0,0,0,0,1108.05236748
20231,1129001032,3,2,1,0,0,1,1,1,0,0,0,0,1,1,0,0,0,1,0,0,0,4876.98694464
20231,1129001037,25,10,15,0,0,8,8,5,4,0,0,1,2,3,4,0,0,7,6,2,0,3751.77947069
20231,1129001038,13,11,2,0,2,2,2,5,2,0,2,1,2,4,2,0,0,1,0,1,0,3626.80682001
20231,1129001042,5,4,1,0,0,0,2,2,1,0,0,0,1,2,1,0,0,0,1,0,0,1140.02472102
20231,1129001043,82,49,33,0,13,18,23,13,15,0,5,11,13,6,14,0,8,7,10,7,1,5254.32926294
20231,1129001044,6,5,1,0,0,0,1,0,5,0,0,0,0,0,5,0,0,0,1,0,0,4353.42759836
20231,1129001045,2,0,2,0,0,2,0,0,0,0,0,0,0,0,0,0,0,2,0,0,0,1745.5788188
20231,1129001046,10,2,8,0,2,1,6,0,1,0,0,0,1,0,1,0,2,1,5,0,0,5524.71091009
20231,1129001047,10,6,4,0,0,1,1,5,3,0,0,0,1,3,2,0,0,1,0,2,1,1830.36775806
20231,1129001051,7,5,2,0,5,0,2,0,0,0,4,0,1,0,0,0,1,0,1,0,0,5735.56898147
20231,1129001052,8,3,5,0,1,3,2,1,1,0,0,1,1,0,1,0,1,2,1,1,0,2746.02079493
20231,1129001054,6,4,2,0,0,3,3,0,0,0,0,2,2,0,0,0,0,1,1,0,0,1503.74960553
20231,1129001055,101,58,43,0,6,18,20,23,34,0,4,17,11,12,14,0,2,1,9,11,20,6147.10025989
20231,1129001056,4,3,1,0,0,2,1,0,1,0,0,1,1,0,1,0,0,1,0,0,0,1075.18881478
20231,1129001057,7,2,5,0,0,2,1,2,2,0,0,0,1,0,1,0,0,2,0,2,1,6251.77217275
20231,1129001058,21,15,6,0,0,3,4,7,7,0,0,2,2,6,5,0,0,1,2,1,2,2296.71578448
20231,1129001059,83,35,48,0,11,16,22,21,13,0,3,5,12,6,9,0,8,11,10,15,4,4413.11239033
20231,1129001060,9,3,6,0,0,1,2,3,3,0,0,1,0,1,1,0,0,0,2,2,2,3498.04703902
20231,1129001061,11,4,7,0,1,4,2,1,3,0,0,0,2,1,1,0,1,4,0,0,2,7049.04775842
20231,1129001063,11,9,2,0,0,1,1,3,6,0,0,1,1,1,6,0,0,0,0,2,0,1505.11098439
20231,1129001066,3,1,2,0,1,1,0,0,1,0,0,0,0,0,1,0,1,1,0,0,0,4832.92958376
20231,1129001067,3,2,1,0,0,0,0,1,2,0,0,0,0,1,1,0,0,0,0,0,1,1016.29541208
20231,1129001068,107,32,75,0,20,23,17,28,19,0,5,12,5,5,5,0,15,11,12,23,14,5273.02720483
20231,1129001069,30,7,23,0,3,6,9,10,2,0,0,1,3,3,0,0,3,5,6,7,2,7790.76766504
20231,1129001070,43,22,21,0,7,8,10,9,9,0,0,2,9,4,7,0,7,6,1,5,2,7140.29290074
20231,1129001071,13,9,4,0,2,4,3,2,2,0,1,3,3,1,1,0,1,1,0,1,1,4726.6933964
20231,1129001074,73,26,47,0,4,6,9,26,28,0,4,4,4,11,3,0,0,2,5,15,25,5494.36833374
20231,1129001078,38,8,30,0,4,14,12,8,0,0,0,2,3,3,0,0,4,12,9,5,0,5059.85190985
20231,1129001079,5,5,0,0,0,1,1,0,3,0,0,1,1,0,3,0,0,0,0,0,0,4938.48442309
20231,1129001081,21,11,10,0,1,1,11,5,3,0,0,0,7,2,2,0,1,1,4,3,1,5816.87580394
20231,1129001084,3,2,1,0,0,0,1,1,1,0,0,0,1,1,0,0,0,0,0,0,1,1218.13032825
20231,1129001086,4,3,1,0,1,0,0,3,0,0,1,0,0,2,0,0,0,0,0,1,0,1258.83208564
20231,1129001087,1888,974,914,2,173,552,489,562,110,2,59,199,237,388,89,0,114,353,252,174,21,4652.20452983
20231,1129001089,36,11,25,1,9,3,9,12,2,1,2,1,3,2,2,0,7,2,6,10,0,6911.31536168
20231,1129001090,41,25,16,0,0,5,7,14,15,0,0,3,4,10,8,0,0,2,3,4,7,8753.21672797
20231,1129001091,72,38,34,0,14,13,24,13,8,0,8,9,8,8,5,0,6,4,16,5,3,4886.54686968
20231,1129001093,11,7,4,0,1,4,2,2,2,0,0,2,2,1,2,0,1,2,0,1,0,2522.29532956
20231,1129001094,23,11,12,0,2,4,9,3,5,0,0,1,6,2,2,0,2,3,3,1,3,4647.07777335
20231,1129001096,10,5,5,0,1,1,1,3,4,0,0,1,0,2,2,0,1,0,1,1,2,4122.46900647
20231,1129001097,3,2,1,0,0,0,1,0,2,0,0,0,1,0,1,0,0,0,0,0,1,2761.41092864
20231,1129001098,569,476,93,0,50,99,195,215,10,0,28,69,161,211,7,0,22,30,34,4,3,8358.05920776
20231,1129001101,7,3,4,0,1,1,4,0,1,0,1,0,1,0,1,0,0,1,3,0,0,4987.15848152
20231,1129001103,7,6,1,0,0,1,4,0,2,0,0,1,3,0,2,0,0,0,1,0,0,489.322619795
20231,1129001104,74,3,71,0,2,4,4,23,41,0,0,0,0,1,2,0,2,4,4,22,39,4061.42766531
20231,1129001105,13,5,8,0,1,5,2,5,0,0,0,2,1,2,0,0,1,3,1,3,0,4728.46195577
20231,1129001108,63,11,52,1,5,15,13,19,10,0,1,1,1,5,3,1,4,14,12,14,7,4633.23802407
20231,1129001111,1440,504,936,0,168,388,622,235,27,0,45,127,183,129,20,0,123,261,439,106,7,3581.21371223
20231,1129001115,10,5,5,0,2,2,5,1,0,0,0,1,3,1,0,0,2,1,2,0,0,1857.22107275
20231,1129001117,42,28,14,0,15,15,8,3,1,0,9,8,7,3,1,0,6,7,1,0,0,5669.0010691
20231,1129001120,4,2,2,0,0,0,1,1,2,0,0,0,0,1,1,0,0,0,1,0,1,4580.96899217
20231,1129001122,97,36,61,1,32,5,12,19,28,1,11,3,6,3,12,0,21,2,6,16,16,7421.26712276
20231,1129001123,2,1,1,0,0,0,0,0,2,0,0,0,0,0,1,0,0,0,0,0,1,1696.64153036
20231,1129001129,19,6,13,0,3,3,5,5,3,0,0,2,1,3,0,0,3,1,4,2,3,3607.41567548
20231,1129001130,6,0,6,0,0,0,1,1,4,0,0,0,0,0,0,0,0,0,1,1,4,2583.55293079
20231,1129001131,23,5,18,0,2,8,6,4,3,0,0,0,2,1,2,0,2,8,4,3,1,4133.48659791
20231,1129001133,95,66,29,0,8,14,24,15,34,0,4,10,20,7,25,0,4,4,4,8,9,3183.55152703
20231,1129001135,2,1,1,0,0,0,0,2,0,0,0,0,0,1,0,0,0,0,0,1,0,2058.40180891
20231,1129001136,10,8,2,0,1,4,3,2,0,0,0,4,2,2,0,0,1,0,1,0,0,3266.05569003
20231,1129001138,4,2,2,0,1,0,1,2,0,0,0,0,1,1,0,0,1,0,0,1,0,585.791870285
20231,1129001139,2,0,2,0,0,0,1,0,1,0,0,0,0,0,0,0,0,0,1,0,1,1302.75915144
20231,1129001140,28,5,23,0,6,8,7,7,0,0,0,0,2,3,0,0,6,8,5,4,0,3436.02822603
20231,1129001141,42,10,32,1,11,9,12,3,6,0,0,0,4,1,5,1,11,9,8,2,1,3221.74481827
20231,1129001142,66,57,9,0,5,9,27,20,5,0,4,8,22,18,5,0,1,1,5,2,0,5276.16119067
20231,1129001148,9,0,9,0,0,1,6,1,1,0,0,0,0,0,0,0,0,1,6,1,1,2789.06820654
20231,1129001160,26,23,3,0,2,0,6,10,8,0,1,0,6,8,8,0,1,0,0,2,0,2685.46833113
20231,1129001162,10,0,10,0,5,1,3,1,0,0,0,0,0,0,0,0,5,1,3,1,0,1353.70511579
20231,1129001177,2,1,1,0,0,0,1,1,0,0,0,0,0,1,0,0,0,0,1,0,0,2909.55795781
20231,1129001189,7,0,7,0,0,1,3,3,0,0,0,0,0,0,0,0,0,1,3,3,0,1309.27820178
20231,1129001193,5,5,0,0,0,0,0,0,5,0,0,0,0,0,5,0,0,0,0,0,0,1998.83080038
20231,1129001197,2,1,1,0,1,0,0,1,0,0,1,0,0,0,0,0,0,0,0,1,0,99605.7962169
20231,1129001209,3,1,2,0,1,1,1,0,0,0,0,1,0,0,0,0,1,0,1,0,0,1209.571331
20231,1129001212,63,40,23,0,4,6,14,14,25,0,3,3,8,9,17,0,1,3,6,5,8,3228.87013375
20231,1129001213,11,11,0,0,0,0,5,3,3,0,0,0,5,3,3,0,0,0,0,0,0,11869.6987014
20231,1129001216,2,2,0,0,0,0,1,0,1,0,0,0,1,0,1,0,0,0,0,0,0,1419.54481761
20231,1129001222,5,1,4,0,0,2,2,0,1,0,0,0,0,0,1,0,0,2,2,0,0,1470.5223192
20231,1129001224,12,9,3,0,1,1,3,4,3,0,0,1,2,3,3,0,1,0,1,1,0,4565.34861939
20231,1129001225,281,216,65,3,41,118,74,36,9,0,15,96,63,33,9,3,26,22,11,3,0,10829.4942014
20231,1129001229,23,12,11,0,1,5,7,7,3,0,1,2,3,4,2,0,0,3,4,3,1,5993.1940868
20231,1129001230,2,1,1,0,0,0,0,1,1,0,0,0,0,0,1,0,0,0,0,1,0,2293.41197725
20231,1129001231,3,2,1,0,0,1,2,0,0,0,0,0,2,0,0,0,0,1,0,0,0,936.311347998
20231,1129001233,2,1,1,0,0,0,1,0,1,0,0,0,0,0,1,0,0,0,1,0,0,1892.3058786
20231,1129001234,8,3,5,0,0,3,0,5,0,0,0,2,0,1,0,0,0,1,0,4,0,1664.17872038
20231,1129001236,3,1,2,0,0,0,3,0,0,0,0,0,1,0,0,0,0,0,2,0,0,2740.33162369
20231,1129001237,9,6,3,0,0,1,2,2,4,0,0,0,2,2,2,0,0,1,0,0,2,4341.85360475
20231,1129001244,2,0,2,0,0,0,1,0,1,0,0,0,0,0,0,0,0,0,1,0,1,1992.77634823
20231,1129001248,2,2,0,0,0,0,1,1,0,0,0,0,1,1,0,0,0,0,0,0,0,1114.64235579
20231,1129001249,15,13,2,0,1,2,4,3,5,0,1,2,3,3,4,0,0,0,1,0,1,2931.45226285
20231,1129001251,3,2,1,0,0,0,1,2,0,0,0,0,1,1,0,0,0,0,0,1,0,923.601009438
20231,1129001252,3,2,1,0,0,2,1,0,0,0,0,1,1,0,0,0,0,1,0,0,0,2599.71738132
20231,1129001254,6,5,1,0,1,1,3,0,1,0,1,1,2,0,1,0,0,0,1,0,0,5550.75628274
20231,1129001258,18,12,6,0,3,4,3,7,1,0,2,2,2,5,1,0,1,2,1,2,0,3363.37529125
20231,1129001282,1,0,1,0,0,0,1,0,0,0,0,0,0,0,0,0,0,0,1,0,0,754.959099717
20231,1129001285,51,41,10,0,4,7,10,15,15,0,3,4,7,13,14,0,1,3,3,2,1,658.550706345
20231,1129001289,5,1,4,0,1,0,1,2,1,0,0,0,0,1,0,0,1,0,1,1,1,3968.07642543
20231,1129001291,69,19,50,0,14,15,22,14,4,0,5,5,4,3,2,0,9,10,18,11,2,17632.6150367
20231,1129001292,20,15,5,0,0,4,1,3,12,0,0,1,1,2,11,0,0,3,0,1,1,4902.26588196
20231,1129001300,6,5,1,0,2,1,1,1,1,0,1,1,1,1,1,0,1,0,0,0,0,1001.19178283
20231,1129001301,13,10,3,0,0,5,2,6,0,0,0,4,1,5,0,0,0,1,1,1,0,1508.07996165
20231,1129001311,16,15,1,0,0,5,5,5,1,0,0,4,5,5,1,0,0,1,0,0,0,1419.37916464
20231,1129001315,13,8,5,0,1,4,2,5,1,0,0,3,1,3,1,0,1,1,1,2,0,7326.73988324
20231,1129001318,15,13,2,0,0,0,6,5,4,0,0,0,4,5,4,0,0,0,2,0,0,5437.55591509
20231,1129001320,4,1,3,0,0,2,0,1,1,0,0,1,0,0,0,0,0,1,0,1,1,1903.80143801
20231,1129001323,3,2,1,0,0,0,0,1,2,0,0,0,0,1,1,0,0,0,0,0,1,2120.45093986
20231,1129001326,2,1,1,0,1,0,0,1,0,0,1,0,0,0,0,0,0,0,0,1,0,918.664044957
20231,1129001327,22,19,3,0,0,8,6,7,1,0,0,7,5,6,1,0,0,1,1,1,0,4622.36804481
20231,1129001330,2,0,2,0,0,0,0,1,1,0,0,0,0,0,0,0,0,0,0,1,1,1084.26803368
20231,1129001334,4,4,0,0,0,4,0,0,0,0,0,4,0,0,0,0,0,0,0,0,0,5649.95803163
20231,1129001336,5,4,1,0,1,2,0,2,0,0,1,2,0,1,0,0,0,0,0,1,0,2715.72165908
20231,1129001346,4,2,2,0,0,0,2,1,1,0,0,0,1,1,0,0,0,0,1,0,1,2308.39439091
20231,1129001348,8,1,7,0,1,1,1,4,1,0,0,0,0,0,1,0,1,1,1,4,0,4790.86921001
20231,1129001350,95,50,45,0,14,19,24,17,21,0,1,9,13,10,17,0,13,10,11,7,4,3080.69931178
20231,1129001354,38,9,29,0,12,14,5,7,0,0,2,2,2,3,0,0,10,12,3,4,0,2816.14414283
20231,1129001360,92,77,15,0,22,21,14,30,5,0,22,17,8,25,5,0,0,4,6,5,0,2836.0672573
20231,1129001363,4,2,2,0,0,1,0,1,2,0,0,0,0,1,1,0,0,1,0,0,1,3231.17273356
20231,1129001364,18,17,1,0,1,3,4,6,4,0,1,3,4,5,4,0,0,0,0,1,0,2347.55049009
20231,1129001369,2,2,0,0,0,1,1,0,0,0,0,1,1,0,0,0,0,0,0,0,0,1727.63892008
20231,1129001371,5,1,4,0,2,0,0,2,1,0,0,0,0,1,0,0,2,0,0,1,1,3301.08702655
20231,1129001376,10,8,2,0,0,2,3,1,4,0,0,2,3,1,2,0,0,0,0,0,2,4852.52882864
20231,1129001379,6,4,2,0,1,0,1,4,0,0,1,0,0,3,0,0,0,0,1,1,0,2566.67596289
20231,1129001380,8,4,4,0,0,1,2,1,4,0,0,1,1,1,1,0,0,0,1,0,3,3835.571848
20231,1129001382,3,2,1,0,0,1,0,2,0,0,0,1,0,1,0,0,0,0,0,1,0,1341.3151994
20231,1129001384,11,7,4,0,0,5,2,3,1,0,0,3,2,1,1,0,0,2,0,2,0,2434.41465641
20231,1129001389,3,3,0,0,0,0,1,1,1,0,0,0,1,1,1,0,0,0,0,0,0,1455.30132018
20231,1129001391,3,2,1,0,0,0,1,2,0,0,0,0,1,1,0,0,0,0,0,1,0,4600.61349277
20231,1129001397,2,1,1,0,0,0,0,1,1,0,0,0,0,1,0,0,0,0,0,0,1,868.923957791
20231,1129001400,8,5,3,0,1,1,0,4,2,0,0,0,0,3,2,0,1,1,0,1,0,2443.09056824
20231,1129001402,8,6,2,0,0,2,2,3,1,0,0,1,2,2,1,0,0,1,0,1,0,1363.18684457
20231,1129001405,7,4,3,0,0,0,1,2,4,0,0,0,0,1,3,0,0,0,1,1,1,3773.12069376
20231,1129001409,7,4,3,0,3,2,1,1,0,0,2,1,1,0,0,0,1,1,0,1,0,3687.19811542
20231,1129001411,1,0,1,0,0,0,1,0,0,0,0,0,0,0,0,0,0,0,1,0,0,893.065313794
20231,1129001415,3,2,1,0,0,0,2,1,0,0,0,0,2,0,0,0,0,0,0,1,0,2578.26555068
20231,1129001416,16,8,8,0,2,3,6,4,1,0,0,1,4,2,1,0,2,2,2,2,0,2382.94063562
20231,1129001422,82,34,48,0,10,19,16,19,18,0,0,4,6,8,16,0,10,15,10,11,2,10522.4008775
20231,1129001424,71,57,14,0,4,10,20,34,3,0,3,5,14,32,3,0,1,5,6,2,0,5099.14970665
20231,1129001427,9,4,5,0,0,0,1,6,2,0,0,0,0,3,1,0,0,0,1,3,1,2764.31163355
20231,1129001428,58,25,33,0,6,15,15,17,5,0,3,4,5,9,4,0,3,11,10,8,1,24849.9049279
20231,1129001430,40,39,1,0,2,3,4,23,8,0,2,3,3,23,8,0,0,0,1,0,0,1719.2810491
20231,1129001433,1,0,1,0,0,1,0,0,0,0,0,0,0,0,0,0,0,1,0,0,0,4161.82129936
20231,1129001434,8,8,0,0,0,2,2,1,3,0,0,2,2,1,3,0,0,0,0,0,0,3140.00692645
20231,1129001436,3,3,0,0,0,0,1,0,2,0,0,0,1,0,2,0,0,0,0,0,0,1922.30098389
20231,1129001437,4,2,2,0,1,1,0,2,0,0,0,1,0,1,0,0,1,0,0,1,0,1054.98095312
20231,1129001440,37,8,29,0,2,7,11,12,5,0,2,1,1,0,4,0,0,6,10,12,1,12902.9829544
20231,1129001441,3,1,2,0,2,0,0,1,0,0,1,0,0,0,0,0,1,0,0,1,0,2441.66146192
20231,1129001442,10,10,0,0,0,3,5,2,0,0,0,3,5,2,0,0,0,0,0,0,0,2677.91136473
20231,1129001444,9,3,6,0,3,1,1,4,0,0,1,0,1,1,0,0,2,1,0,3,0,8911.19997696
20231,1129001445,1,0,1,0,0,0,0,1,0,0,0,0,0,0,0,0,0,0,0,1,0,2572.54803552
20231,1129001446,129,54,75,1,31,34,27,12,24,0,6,10,19,8,11,1,25,24,8,4,13,6222.99353583
20231,1129001449,10,8,2,0,4,1,1,3,1,0,3,1,1,2,1,0,1,0,0,1,0,1638.67995197
20231,1129001450,41,39,2,0,1,5,4,13,18,0,1,4,4,12,18,0,0,1,0,1,0,3137.43463678
20231,1129001451,3,2,1,0,0,0,1,1,1,0,0,0,1,1,0,0,0,0,0,0,1,1471.26951474
20231,1129001454,44,39,5,0,0,2,7,12,23,0,0,2,4,11,22,0,0,0,3,1,1,3278.69548523
20231,1129001457,4,3,1,0,0,1,0,2,1,0,0,1,0,1,1,0,0,0,0,1,0,2809.34675755
20231,1129001465,6,5,1,0,0,0,3,2,1,0,0,0,2,2,1,0,0,0,1,0,0,4592.43662789
20231,1129001468,6,2,4,0,0,2,1,2,1,0,0,1,0,1,0,0,0,1,1,1,1,5275.84700193
20231,1129001471,9,4,5,0,0,3,1,0,5,0,0,0,0,0,4,0,0,3,1,0,1,3885.02788991
20231,1129001473,6,5,1,0,0,0,4,2,0,0,0,0,3,2,0,0,0,0,1,0,0,1611.55927305
20231,1129001476,12,10,2,0,2,1,4,3,2,0,2,1,4,1,2,0,0,0,0,2,0,3534.0133398
20231,1129001489,907,703,204,0,4,10,19,44,830,0,0,7,6,26,664,0,4,3,13,18,166,3463.59476813
20231,1129001491,3,1,2,0,0,0,3,0,0,0,0,0,1,0,0,0,0,0,2,0,0,3906.08988199
20231,1129001498,19,12,7,0,0,2,6,5,6,0,0,1,4,2,5,0,0,1,2,3,1,1347.21113131
20231,1129001499,4,4,0,0,3,1,0,0,0,0,3,1,0,0,0,0,0,0,0,0,0,1754.1850392
20231,1129001500,4,1,3,0,0,1,3,0,0,0,0,0,1,0,0,0,0,1,2,0,0,863.468436994
20231,1129001503,37,34,3,0,4,7,7,9,10,0,3,6,6,9,10,0,1,1,1,0,0,6648.95313586
20231,1129001508,23,11,12,0,1,0,9,9,4,0,1,0,4,3,3,0,0,0,5,6,1,2775.16339585
20231,1129001511,6,2,4,0,0,1,3,2,0,0,0,0,0,2,0,0,0,1,3,0,0,2425.55832245
20231,1129001512,3,3,0,0,0,0,3,0,0,0,0,0,3,0,0,0,0,0,0,0,0,2482.12818792
20231,1129001516,3,1,2,0,0,0,1,2,0,0,0,0,0,1,0,0,0,0,1,1,0,10269.6729421
20231,1129001517,8,2,6,0,4,1,3,0,0,0,1,0,1,0,0,0,3,1,2,0,0,2946.1416121
20231,1129001520,24,19,5,0,0,0,3,4,17,0,0,0,2,3,14,0,0,0,1,1,3,112264.001808
20231,1129001527,21,3,18,1,3,7,6,3,1,0,1,0,1,0,1,1,2,7,5,3,0,1815.25704643
20231,1129001529,836,443,393,10,107,148,194,210,167,8,67,96,91,95,86,2,40,52,103,115,81,3244.91565666
20231,1129001533,12,6,6,0,1,2,5,3,1,0,1,2,0,2,1,0,0,0,5,1,0,7005.07258843
20231,1129001541,4,2,2,0,0,0,3,1,0,0,0,0,1,1,0,0,0,0,2,0,0,5582.10152217
20231,1129001542,35,21,14,0,6,12,6,9,2,0,0,8,5,7,1,0,6,4,1,2,1,10809.4800919
20231,1129001543,9,5,4,0,2,4,2,0,1,0,2,2,1,0,0,0,0,2,1,0,1,4252.23772058
20231,1129001544,13,7,6,0,2,2,3,3,3,0,1,1,3,0,2,0,1,1,0,3,1,2769.46438583
20231,1129001546,41,13,28,4,14,5,9,8,1,0,3,3,3,4,0,4,11,2,6,4,1,3700.23516321
20231,1129001547,8,4,4,0,0,1,1,2,4,0,0,0,0,1,3,0,0,1,1,1,1,2283.89334788
20231,1129001549,3,2,1,0,0,0,0,1,2,0,0,0,0,0,2,0,0,0,0,1,0,3082.87086879
20231,1129001550,17,7,10,0,4,4,0,5,4,0,0,0,0,5,2,0,4,4,0,0,2,3963.01710403
20231,1129001551,3,2,1,0,0,0,2,1,0,0,0,0,1,1,0,0,0,0,1,0,0,1255.51300215
20231,1129001552,11,4,7,0,3,4,0,4,0,0,0,2,0,2,0,0,3,2,0,2,0,2288.87004357
20231,1129001553,3,0,3,0,0,1,1,0,1,0,0,0,0,0,0,0,0,1,1,0,1,1312.89575304
20231,1129001554,20,13,7,0,0,3,4,10,3,0,0,1,1,9,2,0,0,2,3,1,1,4500.72589937
20231,1129001556,2,1,1,0,0,0,1,0,1,0,0,0,0,0,1,0,0,0,1,0,0,2130.03979263
20231,1129001557,22,10,12,0,3,2,5,4,8,0,2,0,2,2,4,0,1,2,3,2,4,1823.5022601
20231,1129001558,4,2,2,0,0,0,4,0,0,0,0,0,2,0,0,0,0,0,2,0,0,4102.41936634
20231,1129001561,2,1,1,0,0,0,1,0,1,0,0,0,0,0,1,0,0,0,1,0,0,1632.12625983
20231,1129001564,2,1,1,0,0,0,1,0,1,0,0,0,0,0,1,0,0,0,1,0,0,13747.5201953
20231,1129001566,8,5,3,0,1,0,2,3,2,0,0,0,2,2,1,0,1,0,0,1,1,2783.57534131
20231,1129001567,3,0,3,0,1,0,0,2,0,0,0,0,0,0,0,0,1,0,0,2,0,10023.0335707
20231,1129001568,24,14,10,0,2,6,2,7,7,0,0,2,2,5,5,0,2,4,0,2,2,4343.0355389
20231,1129001569,26,13,13,0,3,5,8,5,5,0,1,2,4,2,4,0,2,3,4,3,1,14381.065832
20231,1129001570,13,10,3,0,0,3,2,5,3,0,0,3,1,3,3,0,0,0,1,2,0,1730.01425553
20231,1129001571,432,90,342,1,41,96,188,103,3,0,11,40,30,7,2,1,30,56,158,96,1,3964.85927945
20231,1129001572,362,112,250,0,18,131,177,24,12,0,6,34,48,12,12,0,12,97,129,12,0,8056.7275957
20231,1129001573,5,4,1,0,0,3,0,1,1,0,0,2,0,1,1,0,0,1,0,0,0,3278.67060907
20231,1129001574,14,9,5,0,2,3,6,2,1,0,1,2,3,2,1,0,1,1,3,0,0,5029.25642128
20231,1129001575,45,16,29,0,8,7,8,14,8,0,3,3,0,6,4,0,5,4,8,8,4,8008.16925497
20231,1129001576,20,13,7,0,2,6,6,5,1,0,2,3,5,3,0,0,0,3,1,2,1,2056.06663506
20231,1129001577,59,11,48,0,11,11,6,29,2,0,2,4,5,0,0,0,9,7,1,29,2,4200.93537208
20231,1129001578,122,88,34,0,3,13,50,42,14,0,0,11,38,31,8,0,3,2,12,11,6,5359.15774984
20231,1129001580,12,1,11,0,1,2,2,3,4,0,0,0,0,0,1,0,1,2,2,3,3,2692.58656665
20231,1129001581,16,6,10,0,1,3,4,4,4,0,0,0,2,1,3,0,1,3,2,3,1,5943.67095631
20231,1129001582,5,1,4,0,2,0,1,1,1,0,1,0,0,0,0,0,1,0,1,1,1,3755.61358973
20231,1129001583,188,60,128,0,40,88,41,12,7,0,9,26,16,4,5,0,31,62,25,8,2,2705.58063208
20231,1129001584,682,558,124,3,110,218,218,92,41,3,79,184,190,69,33,0,31,34,28,23,8,12585.539396
20231,1129001585,62,15,47,0,4,22,21,13,2,0,0,7,3,4,1,0,4,15,18,9,1,18159.6794215
20231,1129001586,236,75,161,0,33,30,40,49,84,0,11,13,13,11,27,0,22,17,27,38,57,6965.9160308
20231,1129001588,23,9,14,0,4,5,5,6,3,0,2,0,2,2,3,0,2,5,3,4,0,28616.6529241
20231,1129001589,9,5,4,0,1,1,3,4,0,0,0,1,1,3,0,0,1,0,2,1,0,2947.70634045
20231,1129001590,27,17,10,1,2,9,7,6,2,0,2,6,4,4,1,1,0,3,3,2,1,4798.23307808
20231,1129001591,21,10,11,0,5,3,6,4,3,0,1,2,3,2,2,0,4,1,3,2,1,2138.14774143
20231,1129001595,16,12,4,0,0,7,1,6,2,0,0,5,0,5,2,0,0,2,1,1,0,1784.00920877
20231,1129001602,6,5,1,0,0,0,1,3,2,0,0,0,1,2,2,0,0,0,0,1,0,2389.19628428
20231,1129001604,7,2,5,0,2,0,3,2,0,0,1,0,0,1,0,0,1,0,3,1,0,13313.163929
20231,1129001607,60,51,9,0,1,11,10,24,14,0,1,5,9,23,13,0,0,6,1,1,1,7635.27289405
20231,1129001610,53,30,23,0,4,21,12,4,12,0,1,13,5,4,7,0,3,8,7,0,5,23111.2737032
20231,1129001611,19,18,1,0,6,5,2,3,3,0,6,5,2,3,2,0,0,0,0,0,1,9148.49375224
20231,1129001612,2,2,0,0,0,0,1,1,0,0,0,0,1,1,0,0,0,0,0,0,0,3095.44501609
20231,1129001616,124,24,100,0,14,20,35,50,5,0,7,4,7,5,1,0,7,16,28,45,4,8470.10363357
20231,1129001617,42,23,19,0,6,9,18,1,8,0,1,3,12,0,7,0,5,6,6,1,1,14624.148448
20231,1129001618,24,18,6,0,6,5,8,4,1,0,4,3,6,4,1,0,2,2,2,0,0,6027.49492595
20231,1129001619,3,1,2,0,0,2,0,0,1,0,0,0,0,0,1,0,0,2,0,0,0,1286.20306618
20231,1129001620,4,3,1,0,0,0,1,3,0,0,0,0,1,2,0,0,0,0,0,1,0,3699.48213505
20231,1129001624,1,1,0,0,0,0,1,0,0,0,0,0,1,0,0,0,0,0,0,0,0,1939.28228487
20231,1129001628,9,6,3,0,1,1,2,2,3,0,0,1,2,1,2,0,1,0,0,1,1,2708.79202984
20231,1129001629,8,8,0,0,2,0,4,1,1,0,2,0,4,1,1,0,0,0,0,0,0,3474.47241604
20231,1129001631,2,1,1,0,0,0,0,1,1,0,0,0,0,1,0,0,0,0,0,0,1,2526.9182402
20231,1129001640,2,2,0,0,0,0,0,2,0,0,0,0,0,2,0,0,0,0,0,0,0,6906.31589345
20231,1129001644,62,42,20,0,1,11,18,24,8,0,0,5,13,18,6,0,1,6,5,6,2,17096.9992394
20231,1129001645,6,2,4,0,0,1,1,0,4,0,0,0,1,0,1,0,0,1,0,0,3,1706.17310916
20231,1129001646,15,10,5,0,1,2,3,4,5,0,1,1,3,2,3,0,0,1,0,2,2,7776.28594244
20231,1129001649,6,3,3,0,1,1,0,2,2,0,1,0,0,1,1,0,0,1,0,1,1,3571.2929428
20231,1129001652,59,54,5,0,4,7,31,16,1,0,4,5,28,16,1,0,0,2,3,0,0,11076.9615897
20231,1129001653,1,1,0,0,0,0,0,0,1,0,0,0,0,0,1,0,0,0,0,0,0,531.4830948
20231,1129001657,20,12,8,0,3,1,4,6,6,0,1,1,1,4,5,0,2,0,3,2,1,7318.72766697
20231,1129001659,117,110,7,0,23,26,40,21,7,0,19,24,39,21,7,0,4,2,1,0,0,4489.0919205
20231,1129001660,2,0,2,0,0,0,0,1,1,0,0,0,0,0,0,0,0,0,0,1,1,1786.09024829
20231,1129001661,3,2,1,0,1,1,0,1,0,0,0,1,0,1,0,0,1,0,0,0,0,4540.41539848
20231,1129001663,3,1,2,0,1,0,0,2,0,0,0,0,0,1,0,0,1,0,0,1,0,2767.61504058
20231,1129001666,35,4,31,0,7,11,10,7,0,0,0,1,2,1,0,0,7,10,8,6,0,13506.0754743
20231,1129001668,20,11,9,0,1,4,5,2,8,0,0,2,4,1,4,0,1,2,1,1,4,8051.24339719
20231,1129001669,3,2,1,0,1,0,0,1,1,0,1,0,0,0,1,0,0,0,0,1,0,4217.65010909
20231,1129001670,2,1,1,0,0,0,1,1,0,0,0,0,0,1,0,0,0,0,1,0,0,4432.79953572
20231,1129001673,107,36,71,0,5,23,47,26,6,0,1,5,15,11,4,0,4,18,32,15,2,42048.6372977
20231,1129001674,6,5,1,0,0,1,0,5,0,0,0,1,0,4,0,0,0,0,0,1,0,5319.85616062
20231,1129001675,8,4,4,0,1,5,1,1,0,0,0,4,0,0,0,0,1,1,1,1,0,4405.43144491
20231,1129001677,5,3,2,0,0,1,2,1,1,0,0,1,1,1,0,0,0,0,1,0,1,18777.2333451
20231,1129001678,253,207,46,5,27,75,82,40,24,1,11,70,74,34,17,4,16,5,8,6,7,31709.101242
20231,1129001680,275,110,165,0,46,115,62,31,21,0,12,37,35,12,14,0,34,78,27,19,7,31423.9957706
20231,1129001681,159,124,35,6,42,59,35,11,6,6,36,54,23,5,0,0,6,5,12,6,6,4056.36903134
20231,1129001683,56,29,27,0,4,9,16,19,8,0,2,2,6,13,6,0,2,7,10,6,2,57347.5502962
20231,1129001685,31,17,14,0,6,10,9,4,2,0,4,8,4,0,1,0,2,2,5,4,1,9737.43556297
20231,1129001686,292,231,61,0,42,76,122,35,17,0,24,64,106,28,9,0,18,12,16,7,8,11872.4971689
20231,1129001687,15,3,12,0,6,3,2,3,1,0,0,0,0,2,1,0,6,3,2,1,0,6060.75766147
20231,1129001691,34,26,8,0,4,6,12,5,7,0,2,4,9,5,6,0,2,2,3,0,1,3565.23037215
20231,1129001695,29,10,19,0,3,2,7,8,9,0,2,2,4,1,1,0,1,0,3,7,8,9635.54196006
20231,1129001696,8,5,3,0,0,0,3,4,1,0,0,0,2,2,1,0,0,0,1,2,0,21940.0663842
20231,1129001697,287,166,121,3,123,71,40,34,16,0,56,46,29,24,11,3,67,25,11,10,5,3701.5317609
20231,1129001698,113,56,57,0,14,35,33,25,6,0,4,14,13,20,5,0,10,21,20,5,1,36366.1105139
20231,1129001699,203,155,48,0,19,62,53,60,9,0,13,46,43,45,8,0,6,16,10,15,1,18370.718007
20231,1129001701,55,33,22,0,9,10,11,13,12,0,5,7,7,7,7,0,4,3,4,6,5,14579.7433132
20231,1129001706,10,4,6,0,2,1,1,2,4,0,0,0,0,1,3,0,2,1,1,1,1,8823.65887523
20231,1129001707,100,41,59,0,17,42,34,5,2,0,5,12,20,2,2,0,12,30,14,3,0,2298.36418357
20231,1129001710,7,3,4,0,1,0,4,0,2,0,0,0,1,0,2,0,1,0,3,0,0,9280.69115543
20231,1129001711,1,1,0,0,0,0,0,0,1,0,0,0,0,0,1,0,0,0,0,0,0,3813.48944324
20231,1129001712,389,264,125,3,93,154,89,33,17,0,50,111,61,26,16,3,43,43,28,7,1,50964.5354988
20231,1129001713,7,6,1,0,0,0,3,2,2,0,0,0,2,2,2,0,0,0,1,0,0,15040.4546882
20231,1129001714,2,1,1,0,0,0,1,1,0,0,0,0,1,0,0,0,0,0,0,1,0,61113.2339719
20231,1129001717,5,3,2,0,0,0,3,1,1,0,0,0,2,0,1,0,0,0,1,1,0,2859.45799565
20231,1129001718,20,20,0,0,1,2,4,10,3,0,1,2,4,10,3,0,0,0,0,0,0,5182.60388761
20231,1129001720,113,81,32,0,9,24,27,35,18,0,3,17,20,25,16,0,6,7,7,10,2,14588.5181186
20231,1129001721,2,2,0,0,0,1,0,0,1,0,0,1,0,0,1,0,0,0,0,0,0,35726.6010143
20231,1129001722,115,50,65,3,39,21,21,23,8,1,20,10,12,6,1,2,19,11,9,17,7,208944.212216
20231,1129001723,1007,400,607,4,392,409,176,22,4,1,168,178,43,6,4,3,224,231,133,16,0,17351.2547931
20231,1129001725,115,105,10,0,14,26,36,30,9,0,11,24,33,29,8,0,3,2,3,1,1,3211.27340679
20231,1129001727,60,37,23,0,16,23,16,4,1,0,10,15,9,3,0,0,6,8,7,1,1,11404.1999449
20231,1129001728,122,113,9,0,0,3,13,52,54,0,0,1,11,49,52,0,0,2,2,3,2,10298.3745181
20231,1129001729,39,21,18,0,9,8,16,5,1,0,1,3,13,4,0,0,8,5,3,1,1,14429.3177552
20231,1129001731,352,338,14,0,36,100,101,105,10,0,32,96,96,105,9,0,4,4,5,0,1,15322.0620527
20231,1129001732,22,14,8,0,3,5,4,8,2,0,3,4,2,4,1,0,0,1,2,4,1,7008.62593422
20231,1129001733,507,385,122,1,154,156,83,102,11,0,74,127,72,102,10,1,80,29,11,0,1,14141.332928
20231,1129001734,11,5,6,0,4,1,2,2,2,0,1,1,1,1,1,0,3,0,1,1,1,16218.749889
20231,1129001735,2,1,1,0,1,0,1,0,0,0,0,0,1,0,0,0,1,0,0,0,0,3143.56685703
20231,1129001736,888,751,137,0,105,305,278,187,13,0,54,259,248,178,12,0,51,46,30,9,1,20885.5474179
20231,1129001737,4,4,0,0,0,1,2,0,1,0,0,1,2,0,1,0,0,0,0,0,0,6677.97298018
20231,1129001738,12087,11233,854,5,892,2435,3701,4847,207,0,725,2094,3516,4751,147,5,167,341,185,96,60,36702.3474634
20231,1129001739,61,36,25,0,1,19,25,12,4,0,0,11,11,10,4,0,1,8,14,2,0,3342.16520041
20231,1129001740,7,4,3,0,0,2,3,1,1,0,0,1,2,1,0,0,0,1,1,0,1,11136.2202808
20231,1129001741,19,8,11,1,5,1,7,3,2,0,4,0,3,0,1,1,1,1,4,3,1,14491.8325383
20231,1129001742,82,45,37,0,8,18,22,15,19,0,4,7,10,10,14,0,4,11,12,5,5,59407.2168511
20231,1129001743,35,22,13,0,7,11,9,6,2,0,5,7,6,3,1,0,2,4,3,3,1,45676.2336692
20231,1129001744,277,230,47,1,36,85,92,55,8,0,23,60,87,53,7,1,13,25,5,2,1,4252.37959544
20231,1129001747,554,197,357,0,114,176,203,59,2,0,31,48,81,35,2,0,83,128,122,24,0,62215.1849167
20231,1129001748,22,18,4,0,1,4,5,8,4,0,0,4,3,8,3,0,1,0,2,0,1,13250.2462508
20231,1129001750,62,55,7,1,3,5,11,21,21,1,2,4,10,19,19,0,1,1,1,2,2,4991.29551256
20231,1129001752,268,138,130,2,94,38,39,37,58,0,42,19,26,18,33,2,52,19,13,19,25,32129.1420407
20231,1129001754,37,21,16,0,4,9,13,5,6,0,3,6,4,2,6,0,1,3,9,3,0,56238.503021
20231,1129001755,8,5,3,0,0,3,1,1,3,0,0,2,1,1,1,0,0,1,0,0,2,15866.9890591
20231,1129001757,971,449,522,0,262,307,224,139,39,0,77,122,129,93,28,0,185,185,95,46,11,115183.835906
20231,1129001758,9,6,3,0,0,2,1,1,5,0,0,1,0,0,5,0,0,1,1,1,0,461704.104484
20231,1129001759,21,9,12,0,4,6,7,3,1,0,0,2,3,3,1,0,4,4,4,0,0,127972.990805
20231,1129001760,12,5,7,0,0,2,5,3,2,0,0,0,1,2,2,0,0,2,4,1,0,173578.137983
20231,1129001762,81,60,21,0,9,13,26,17,16,0,6,10,17,13,14,0,3,3,9,4,2,3792.49172069
20231,1129001763,38,19,19,0,7,9,11,9,2,0,2,5,5,6,1,0,5,4,6,3,1,3685.11917834
20231,1129001765,89,64,25,0,7,10,25,24,23,0,2,6,19,20,17,0,5,4,6,4,6,3195.51657621
20231,1129001766,84,69,15,0,11,13,23,28,9,0,7,10,20,23,9,0,4,3,3,5,0,2626.50736881
20231,1129001767,4,3,1,0,1,0,0,0,3,0,0,0,0,0,3,0,1,0,0,0,0,2362.44833114
20231,1129001769,7,5,2,0,0,0,1,4,2,0,0,0,0,3,2,0,0,0,1,1,0,7690.69074465
20231,1129001771,28,18,10,0,1,5,12,7,3,0,1,2,6,6,3,0,0,3,6,1,0,5002.07761172
20231,1129001772,2,2,0,0,0,0,0,1,1,0,0,0,0,1,1,0,0,0,0,0,0,5441.09988607
20231,1129001775,22,17,5,0,7,10,2,1,2,0,5,9,2,1,0,0,2,1,0,0,2,4574.31319467
20231,1129001777,676,506,170,3,121,184,150,147,71,3,79,140,120,117,47,0,42,44,30,30,24,5672.70743044
20231,1129001780,39,24,15,0,2,13,9,10,5,0,1,11,4,4,4,0,1,2,5,6,1,12966.6739742
20231,1129001781,49,27,22,1,13,11,10,11,3,0,5,6,9,4,3,1,8,5,1,7,0,679.953867576
20231,1129001782,301,249,52,1,33,90,111,66,0,0,26,81,91,51,0,1,7,9,20,15,0,5627.30439485
20231,1129001787,5,2,3,0,0,2,0,2,1,0,0,1,0,0,1,0,0,1,0,2,0,1932.05015884
20231,1129001790,2,2,0,0,0,0,2,0,0,0,0,0,2,0,0,0,0,0,0,0,0,953.419858708
20231,1129001791,23,13,10,0,12,9,1,1,0,0,6,6,1,0,0,0,6,3,0,1,0,5521.52808952
20231,1129001792,4,2,2,0,0,0,1,3,0,0,0,0,0,2,0,0,0,0,1,1,0,6575.87772822
20231,1129001793,8,4,4,0,0,1,0,3,4,0,0,1,0,0,3,0,0,0,0,3,1,1556.47288448
20231,1129001796,2,1,1,0,0,0,0,2,0,0,0,0,0,1,0,0,0,0,0,1,0,5927.95159607
20231,1129001797,3,3,0,0,0,0,0,3,0,0,0,0,0,3,0,0,0,0,0,0,0,3749.07707306
20231,1129001798,4,2,2,0,0,0,2,0,2,0,0,0,2,0,0,0,0,0,0,0,2,2491.22563213
20231,1129001799,7,1,6,0,3,3,0,0,1,0,1,0,0,0,0,0,2,3,0,0,1,3497.66272857
20231,1129001800,22,6,16,1,10,7,2,0,2,0,0,3,2,0,1,1,10,4,0,0,1,2929.06750307
20231,1129001802,5,4,1,0,0,1,2,2,0,0,0,1,1,2,0,0,0,0,1,0,0,1957.18080496
20231,1129001803,10,1,9,0,2,5,2,0,1,0,0,1,0,0,0,0,2,4,2,0,1,3701.79853524
20231,1129001805,173,162,11,0,3,13,17,56,84,0,2,10,15,54,81,0,1,3,2,2,3,7603.20550094
20231,1129001806,6,5,1,0,0,1,0,3,2,0,0,1,0,3,1,0,0,0,0,0,1,6103.56689588
20231,1129001809,393,366,27,0,18,51,87,144,93,0,15,49,81,132,89,0,3,2,6,12,4,4015.54869065
20231,1129001811,3,1,2,0,0,1,1,0,1,0,0,0,0,0,1,0,0,1,1,0,0,4013.3108732
20231,1129001813,1027,535,492,0,91,342,397,191,6,0,29,148,235,117,6,0,62,194,162,74,0,1236.84460347
20231,1129001817,15,9,6,0,0,4,3,1,7,0,0,1,2,0,6,0,0,3,1,1,1,4900.68402436
20231,1129001819,70,66,4,0,3,0,9,33,25,0,1,0,8,33,24,0,2,0,1,0,1,2866.42817973
20231,1129001821,437,335,102,1,126,198,91,17,4,0,86,158,76,13,2,1,40,40,15,4,2,6101.43159287
20231,1129001822,121,44,77,0,27,24,36,19,15,0,10,8,10,10,6,0,17,16,26,9,9,3977.64529884
20231,1129001823,12,7,5,0,0,0,1,3,8,0,0,0,1,0,6,0,0,0,0,3,2,9128.55318805
20231,1129001824,16,9,7,0,4,4,3,2,3,0,3,2,2,0,2,0,1,2,1,2,1,8815.50505784
20231,1129001826,7,6,1,0,3,3,1,0,0,0,2,3,1,0,0,0,1,0,0,0,0,1169.4131382
20231,1129001831,24,19,5,0,3,4,9,5,3,0,2,2,8,4,3,0,1,2,1,1,0,3705.6866103
20231,1129001834,2,1,1,0,0,1,1,0,0,0,0,0,1,0,0,0,0,1,0,0,0,1737.95598376
20231,1129001837,5,2,3,0,0,0,2,1,2,0,0,0,0,0,2,0,0,0,2,1,0,4200.31347075
20231,1129001838,20,0,20,0,9,2,4,5,0,0,0,0,0,0,0,0,9,2,4,5,0,1605.0396624
20231,1129001839,2,1,1,0,0,0,1,1,0,0,0,0,0,1,0,0,0,0,1,0,0,2216.78679614
20231,1129001843,16,5,11,1,3,4,2,4,2,0,0,1,2,1,1,1,3,3,0,3,1,6201.15364473
20231,1129001844,8,1,7,0,1,2,1,0,4,0,0,0,0,0,1,0,1,2,1,0,3,1180.56938563
20231,1129001845,6,2,4,0,2,1,1,0,2,0,0,1,0,0,1,0,2,0,1,0,1,1469.88884095
20231,1129001846,2,2,0,0,0,0,1,0,1,0,0,0,1,0,1,0,0,0,0,0,0,4253.98061194
20231,1129001847,10,9,1,0,2,5,3,0,0,0,2,4,3,0,0,0,0,1,0,0,0,3085.97983842
20231,1129001849,5,2,3,0,1,0,1,3,0,0,1,0,0,1,0,0,0,0,1,2,0,1774.29074096
20231,1129001852,14,2,12,0,1,3,7,2,1,0,0,0,1,1,0,0,1,3,6,1,1,5600.35205905
20231,1129001854,28,7,21,0,12,9,5,1,1,0,0,2,3,1,1,0,12,7,2,0,0,2237.60939737
20231,1129001855,3,1,2,0,1,1,0,1,0,0,0,0,0,1,0,0,1,1,0,0,0,2625.55521993
20231,1129001856,11,8,3,0,0,3,5,3,0,0,0,3,3,2,0,0,0,0,2,1,0,2524.69968364
20231,1129001857,12,6,6,0,0,6,3,2,1,0,0,2,1,2,1,0,0,4,2,0,0,1269.0379333
20231,1129001858,9,6,3,0,0,1,2,1,5,0,0,1,0,1,4,0,0,0,2,0,1,2440.06803089
20231,1129001859,4,2,2,0,0,1,1,2,0,0,0,1,0,1,0,0,0,0,1,1,0,1274.74125263
20231,1129001862,22,11,11,0,3,3,6,5,5,0,0,2,3,3,3,0,3,1,3,2,2,1344.83088156
20231,1129001864,15,7,8,0,5,2,0,2,6,0,1,1,0,1,4,0,4,1,0,1,2,4159.64299935
20231,1129001865,13,10,3,0,1,5,2,4,1,0,0,4,2,3,1,0,1,1,0,1,0,5431.32381959
20231,1129001866,9,5,4,0,0,1,5,3,0,0,0,1,1,3,0,0,0,0,4,0,0,1978.40387727
20231,1129001868,6,4,2,0,1,4,0,0,1,0,0,3,0,0,1,0,1,1,0,0,0,2023.40280659
20231,1129001869,17,11,6,0,0,2,7,5,3,0,0,1,3,4,3,0,0,1,4,1,0,1213.87136607
20231,1129001871,20,6,14,0,4,3,6,7,0,0,0,2,0,4,0,0,4,1,6,3,0,5937.41628291
20231,1129001872,81,44,37,0,6,10,25,30,10,0,4,7,12,16,5,0,2,3,13,14,5,4385.11483318
20231,1129001873,17,10,7,0,0,2,9,3,3,0,0,2,5,0,3,0,0,0,4,3,0,6423.12726131
20231,1129001874,3,1,2,0,0,0,3,0,0,0,0,0,1,0,0,0,0,0,2,0,0,3041.35607503
20231,1129001877,24,17,7,0,1,2,11,5,5,0,1,1,8,3,4,0,0,1,3,2,1,2379.96039316
20231,1129001880,88,32,56,0,11,17,22,17,21,0,6,5,2,8,11,0,5,12,20,9,10,11745.6973191
20231,1129001882,7,5,2,0,0,0,1,6,0,0,0,0,0,5,0,0,0,0,1,1,0,2567.74991221
20231,1129001885,15,9,6,0,5,5,2,3,0,0,4,1,2,2,0,0,1,4,0,1,0,4631.45059836
20231,1129001890,2,2,0,0,0,0,2,0,0,0,0,0,2,0,0,0,0,0,0,0,0,1215.75226458
20231,1129001892,5,1,4,0,0,0,0,4,1,0,0,0,0,1,0,0,0,0,0,3,1,4712.9194268
20231,1129001893,7,6,1,0,2,1,3,0,1,0,2,1,3,0,0,0,0,0,0,0,1,4072.76141789
20231,1129001894,11,5,6,0,5,3,2,0,1,0,0,2,2,0,1,0,5,1,0,0,0,5014.25878933
20231,1129001895,20,4,16,0,1,0,5,12,2,0,0,0,0,3,1,0,1,0,5,9,1,4594.51232741
20231,1129001900,2,2,0,0,0,0,1,0,1,0,0,0,1,0,1,0,0,0,0,0,0,1438.37091732
20231,1129001902,6,4,2,0,1,1,0,0,4,0,1,1,0,0,2,0,0,0,0,0,2,2446.56008202
20231,1129001905,73,25,48,0,14,19,20,12,8,0,5,4,6,5,5,0,9,15,14,7,3,76031.7400242
20231,1129001908,9,3,6,0,1,2,4,1,1,0,0,1,1,0,1,0,1,1,3,1,0,2639.12239581
20231,1129001910,10,5,5,0,0,5,3,2,0,0,0,2,1,2,0,0,0,3,2,0,0,3448.69916309
20231,1129001911,9,3,6,0,0,0,6,2,1,0,0,0,3,0,0,0,0,0,3,2,1,4654.39745712
20231,1129001912,5,4,1,0,0,1,0,2,2,0,0,1,0,2,1,0,0,0,0,0,1,1587.62560515
20231,1129001913,4,4,0,0,0,1,0,2,1,0,0,1,0,2,1,0,0,0,0,0,0,1322.62881485
20231,1129001919,3,1,2,0,0,3,0,0,0,0,0,1,0,0,0,0,0,2,0,0,0,1226.92166334
20231,1129001921,1,0,1,0,0,1,0,0,0,0,0,0,0,0,0,0,0,1,0,0,0,1330.40119407
20231,1129001923,128,38,90,0,10,24,53,30,11,0,4,5,15,9,5,0,6,19,38,21,6,3420.0104574
20231,1129001932,3,0,3,0,1,0,0,2,0,0,0,0,0,0,0,0,1,0,0,2,0,2467.5735448
20231,1129001936,3,2,1,0,0,0,0,3,0,0,0,0,0,2,0,0,0,0,0,1,0,9166.11253513
20231,1129001941,46,12,34,0,16,13,7,8,2,0,4,4,3,0,1,0,12,9,4,8,1,9370.09863927
20231,1129001942,26,12,14,0,18,3,3,2,0,0,7,2,1,2,0,0,11,1,2,0,0,437947.697653
20231,1129001945,2,2,0,0,0,0,0,1,1,0,0,0,0,1,1,0,0,0,0,0,0,1967.90878546
20231,1129001946,6,6,0,0,0,3,3,0,0,0,0,3,3,0,0,0,0,0,0,0,0,1541.27775852
20231,1129001947,2,1,1,0,0,1,0,0,1,0,0,0,0,0,1,0,0,1,0,0,0,7388.18419486
20231,1129001948,44,12,32,0,5,1,14,17,7,0,1,1,2,3,5,0,4,0,12,14,2,16156.7338016
20231,1129001950,7,5,2,0,0,4,2,1,0,0,0,2,2,1,0,0,0,2,0,0,0,3221.76775899
20231,1129001953,6,4,2,0,0,0,3,3,0,0,0,0,2,2,0,0,0,0,1,1,0,9974.66027638
20231,1129001954,17,4,13,0,4,3,7,2,1,0,0,1,2,0,1,0,4,2,5,2,0,6849.4671825
20231,1129001955,56,37,19,0,11,16,13,11,5,0,8,11,9,6,3,0,3,5,4,5,2,3092.29561786
20231,1129001959,5,4,1,0,0,0,2,3,0,0,0,0,1,3,0,0,0,0,1,0,0,3289.24841544
20231,1129001960,2,2,0,0,0,0,1,1,0,0,0,0,1,1,0,0,0,0,0,0,0,1295.03307299
20231,1129001962,6,5,1,0,1,1,2,0,2,0,1,1,1,0,2,0,0,0,1,0,0,1859.69998736
20231,1129001964,243,154,89,2,21,47,70,68,35,2,16,28,39,47,22,0,5,19,31,21,13,4677.16547515
20231,1129001967,40,38,2,0,0,3,7,26,4,0,0,3,6,26,3,0,0,0,1,0,1,2753.5521339
20231,1129001968,155,134,21,0,4,8,23,64,56,0,1,7,16,58,52,0,3,1,7,6,4,1484.80235144
20231,1129001970,989,763,226,0,20,25,102,137,705,0,17,19,68,110,549,0,3,6,34,27,156,10142.1060422
20231,1129001981,8,8,0,0,0,1,6,1,0,0,0,1,6,1,0,0,0,0,0,0,0,1991.0859651
20231,1129001983,2,2,0,0,0,0,1,0,1,0,0,0,1,0,1,0,0,0,0,0,0,3496.91527157
20231,1129001986,11,0,11,0,1,3,4,1,2,0,0,0,0,0,0,0,1,3,4,1,2,1822.66614489
20231,1129001997,48,37,11,0,9,3,4,23,9,0,5,2,2,21,7,0,4,1,2,2,2,6168.94218231
20231,1129002002,1,1,0,0,0,0,0,1,0,0,0,0,0,1,0,0,0,0,0,0,0,3881.52250267
20231,1129002003,4,2,2,0,0,0,1,2,1,0,0,0,0,1,1,0,0,0,1,1,0,1632.91902632
20231,1129002007,9,2,7,0,2,1,5,1,0,0,0,0,1,1,0,0,2,1,4,0,0,4233.0347951
20231,1129002009,3,2,1,0,0,0,2,1,0,0,0,0,1,1,0,0,0,0,1,0,0,2124.45724996
20231,1129002012,15,4,11,0,0,0,3,11,1,0,0,0,1,2,1,0,0,0,2,9,0,1507.14214812
20231,1129002016,24,11,13,0,5,5,7,4,3,0,0,3,5,2,1,0,5,2,2,2,2,3779.15199954
20231,1129002021,8,6,2,0,0,4,2,2,0,0,0,4,0,2,0,0,0,0,2,0,0,1576.48788212
20231,1129002022,4,2,2,0,1,0,2,0,1,0,0,0,1,0,1,0,1,0,1,0,0,4191.55035887
20231,1129002023,116,57,59,0,21,31,27,22,15,0,8,13,11,14,11,0,13,18,16,8,4,11480.5519753
20231,1129002039,2,2,0,0,1,0,0,1,0,0,1,0,0,1,0,0,0,0,0,0,0,1334.84037769
20231,1129002043,3,3,0,0,0,0,0,1,2,0,0,0,0,1,2,0,0,0,0,0,0,1435.64434277
20231,1129002046,58,14,44,0,0,4,13,18,23,0,0,4,4,4,2,0,0,0,9,14,21,8749.50762102
20231,1129002047,2,1,1,0,0,0,1,1,0,0,0,0,1,0,0,0,0,0,0,1,0,3870.47638498
20231,1129002048,5,3,2,0,0,1,1,2,1,0,0,0,1,2,0,0,0,1,0,0,1,1443.41986327
20231,1129002049,11,10,1,0,0,2,3,4,2,0,0,2,2,4,2,0,0,0,1,0,0,1672.3509793
20231,1129002053,21,5,16,0,2,10,4,5,0,0,0,5,0,0,0,0,2,5,4,5,0,1894.38440958
20231,1129002059,84,61,23,1,11,22,35,11,4,1,6,19,30,5,0,0,5,3,5,6,4,4709.91195331
20231,1129002060,13,6,7,0,6,3,2,2,0,0,2,1,1,2,0,0,4,2,1,0,0,1810.84668155
20231,1129002068,3,1,2,0,0,0,3,0,0,0,0,0,1,0,0,0,0,0,2,0,0,2267.13034229
20231,1129002072,3,3,0,0,0,0,0,2,1,0,0,0,0,2,1,0,0,0,0,0,0,1338.37583629
20231,1129002077,13,4,9,0,7,2,2,1,1,0,0,1,2,0,1,0,7,1,0,1,0,1355.91522144
20231,1129002080,10,0,10,0,1,3,3,2,1,0,0,0,0,0,0,0,1,3,3,2,1,2501.95897082
20231,1129002083,3,0,3,0,1,2,0,0,0,0,0,0,0,0,0,0,1,2,0,0,0,2980.77335471
20231,1129002084,179,29,150,0,34,58,48,38,1,0,3,8,9,9,0,0,31,50,39,29,1,13593.4671353
20231,1129002086,5,4,1,0,0,0,1,3,1,0,0,0,1,2,1,0,0,0,0,1,0,5751.88011396
20231,1129002087,10,0,10,0,1,3,4,2,0,0,0,0,0,0,0,0,1,3,4,2,0,1676.80587636
20231,1129002090,6,5,1,0,0,2,1,3,0,0,0,2,1,2,0,0,0,0,0,1,0,1737.84172402
20231,1129002091,4,3,1,0,0,0,0,3,1,0,0,0,0,2,1,0,0,0,0,1,0,3879.23639159
20231,1129002093,7,5,2,0,1,1,3,2,0,0,1,1,2,1,0,0,0,0,1,1,0,1683.362008
20231,1129002094,2,1,1,0,0,1,1,0,0,0,0,1,0,0,0,0,0,0,1,0,0,2410.06826046
20231,1129002105,3,2,1,0,0,1,2,0,0,0,0,1,1,0,0,0,0,0,1,0,0,2036.80540496
20231,1129002107,11,4,7,0,0,4,4,2,1,0,0,0,2,1,1,0,0,4,2,1,0,4800.9954326
20231,1129002118,2,1,1,0,0,2,0,0,0,0,0,1,0,0,0,0,0,1,0,0,0,2098.21971208
20231,1129002124,5,2,3,0,0,1,0,2,2,0,0,1,0,0,1,0,0,0,0,2,1,2433.43492417
20231,1129002126,173,72,101,0,14,29,53,27,50,0,4,10,28,12,18,0,10,19,25,15,32,2709.43073191
20231,1129002128,10,1,9,0,1,0,2,6,1,0,0,0,0,0,1,0,1,0,2,6,0,3326.39011218
20231,1129002138,1,1,0,0,0,0,1,0,0,0,0,0,1,0,0,0,0,0,0,0,0,533.733970255
20231,1129002154,54,15,39,1,10,21,16,3,3,1,2,5,6,1,0,0,8,16,10,2,3,5325.53662008
20231,1129002156,35,9,26,0,3,5,4,5,18,0,0,2,3,1,3,0,3,3,1,4,15,4538.77153372
20231,1129002163,23,5,18,0,6,1,10,6,0,0,0,0,1,4,0,0,6,1,9,2,0,6501.85395217
20231,1129002168,30,13,17,0,3,6,11,4,6,0,0,1,7,0,5,0,3,5,4,4,1,5826.40881998
20231,1129002171,2,0,2,0,0,2,0,0,0,0,0,0,0,0,0,0,0,2,0,0,0,10329.6850449
20231,1129002181,3,3,0,0,0,1,1,0,1,0,0,1,1,0,1,0,0,0,0,0,0,5679.50517494
20231,1129002182,224,140,84,1,30,64,82,29,18,0,17,43,44,21,15,1,13,21,38,8,3,3129.97681504
20231,1129002184,4,2,2,0,0,3,1,0,0,0,0,2,0,0,0,0,0,1,1,0,0,1770.72861873
20231,1129002185,3,2,1,0,1,0,1,1,0,0,1,0,1,0,0,0,0,0,0,1,0,1834.70040303
20231,1129002186,2,1,1,0,0,0,2,0,0,0,0,0,1,0,0,0,0,0,1,0,0,3832.37423793
20231,1129002188,3,2,1,0,0,0,1,2,0,0,0,0,0,2,0,0,0,0,1,0,0,3403.37784519
20231,1129002190,2,2,0,0,0,1,0,1,0,0,0,1,0,1,0,0,0,0,0,0,0,3530.87557737
20231,1129002192,2,2,0,0,0,0,0,2,0,0,0,0,0,2,0,0,0,0,0,0,0,3566.39001961
20231,1129002193,3,2,1,0,0,0,0,2,1,0,0,0,0,1,1,0,0,0,0,1,0,3217.46525943
20231,1129002195,101,69,32,0,11,24,31,13,22,0,6,18,22,10,13,0,5,6,9,3,9,22349.1448746
20231,1129002196,4,2,2,0,1,2,0,1,0,0,0,1,0,1,0,0,1,1,0,0,0,1252.91435252
20231,1129002198,35,22,13,0,1,7,8,9,10,0,1,3,3,7,8,0,0,4,5,2,2,7752.24972337
20231,1129002199,2,1,1,0,0,1,0,1,0,0,0,0,0,1,0,0,0,1,0,0,0,3624.71100486
20231,1129002201,2,1,1,0,0,0,0,0,2,0,0,0,0,0,1,0,0,0,0,0,1,2906.53584558
20231,1129002203,36,32,4,0,4,3,11,12,6,0,4,2,9,11,6,0,0,1,2,1,0,4622.10989553
20231,1129002204,7,4,3,0,1,3,2,0,1,0,0,1,2,0,1,0,1,2,0,0,0,8681.19333025
20231,1129002205,6,0,6,0,1,2,0,3,0,0,0,0,0,0,0,0,1,2,0,3,0,8030.38680177
20231,1129002207,23,12,11,0,1,6,3,6,7,0,0,3,1,2,6,0,1,3,2,4,1,4035.81071771
20231,1129002208,332,173,159,0,32,101,104,63,32,0,12,50,64,28,19,0,20,51,40,35,13,10145.1995628
20231,1129002209,5,0,5,0,0,2,1,1,1,0,0,0,0,0,0,0,0,2,1,1,1,1273.98623352
20231,1129002210,38,15,23,0,7,8,9,7,7,0,2,3,2,3,5,0,5,5,7,4,2,8120.09588535
20231,1129002211,21,9,12,0,0,1,5,8,7,0,0,1,1,3,4,0,0,0,4,5,3,4500.74404008
20231,1129002212,65,35,30,0,5,14,13,16,17,0,2,9,6,11,7,0,3,5,7,5,10,8957.09524743
20231,1129002213,45,22,23,0,2,7,16,16,4,0,1,3,7,9,2,0,1,4,9,7,2,14995.2650451
20231,1129002214,7,6,1,0,0,1,2,1,3,0,0,1,2,0,3,0,0,0,0,1,0,1731.99791452
20231,1129002215,6,2,4,0,1,0,2,2,1,0,0,0,1,0,1,0,1,0,1,2,0,3440.34008297
20231,1129002218,52,34,18,1,10,13,16,8,4,0,5,9,12,6,2,1,5,4,4,2,2,14864.3252315
20231,1129002219,7,5,2,0,2,1,2,2,0,0,1,1,1,2,0,0,1,0,1,0,0,5857.28448504
20231,1129002221,22,10,12,0,4,6,2,5,5,0,1,1,0,4,4,0,3,5,2,1,1,12600.4196396
20231,1129002223,6,2,4,0,0,0,2,4,0,0,0,0,0,2,0,0,0,0,2,2,0,3021.59637702
20231,1129002225,16,6,10,0,1,4,6,3,2,0,0,1,4,0,1,0,1,3,2,3,1,3273.96716563
20231,1129002229,1627,1166,461,0,310,658,319,221,119,0,169,480,226,177,114,0,141,178,93,44,5,441421.287997
20231,1129002231,26,12,14,0,0,5,13,3,5,0,0,1,6,1,4,0,0,4,7,2,1,5168.98395907
20231,1129002233,3,1,2,0,0,0,1,0,2,0,0,0,0,0,1,0,0,0,1,0,1,3429.18856967
20231,1129002236,9,2,7,0,2,5,2,0,0,0,0,2,0,0,0,0,2,3,2,0,0,5999.12956369
20231,1129002238,5,4,1,0,1,2,2,0,0,0,1,2,1,0,0,0,0,0,1,0,0,8420.20371284
20231,1129002243,17,1,16,0,3,7,4,2,1,0,0,0,0,0,1,0,3,7,4,2,0,169635.383512
20231,1129002244,14,2,12,0,4,2,4,3,1,0,0,0,0,2,0,0,4,2,4,1,1,5380.12712583
20231,1129002245,6,3,3,0,2,1,1,0,2,0,1,1,1,0,0,0,1,0,0,0,2,2074.48980596
20231,1129002248,3,2,1,0,1,0,0,2,0,0,1,0,0,1,0,0,0,0,0,1,0,956.49386295
20231,1129002249,282,263,19,0,7,10,13,15,237,0,6,7,4,12,234,0,1,3,9,3,3,19442.8273689
20231,1129002250,55,19,36,0,26,15,8,4,2,0,5,7,4,1,2,0,21,8,4,3,0,14181.1653138
20231,1129002252,2,2,0,0,0,0,2,0,0,0,0,0,2,0,0,0,0,0,0,0,0,3337.16519792
20231,1129002253,2,2,0,0,0,0,0,2,0,0,0,0,0,2,0,0,0,0,0,0,0,2807.55795774
20231,1129002254,132,97,35,0,5,46,53,24,4,0,1,32,41,20,3,0,4,14,12,4,1,5285.01129929
20231,1129002259,2,1,1,0,0,0,0,1,1,0,0,0,0,0,1,0,0,0,0,1,0,2217.39757024
20231,1129002262,10,1,9,0,0,3,1,2,4,0,0,0,0,0,1,0,0,3,1,2,3,2223.12867025
20231,1129002263,6,4,2,0,0,0,1,4,1,0,0,0,0,4,0,0,0,0,1,0,1,3466.09500634
20231,1129002264,2,0,2,0,0,0,1,0,1,0,0,0,0,0,0,0,0,0,1,0,1,4824.49219195
20231,1129002265,6,1,5,0,0,1,4,1,0,0,0,0,1,0,0,0,0,1,3,1,0,1242.80683928
20231,1129002267,20,5,15,2,12,1,4,0,1,0,2,0,2,0,1,2,10,1,2,0,0,2775.1633575
20231,1129002268,168,57,111,0,37,23,26,55,27,0,13,15,12,11,6,0,24,8,14,44,21,36458.9526739
20231,1129002270,17,10,7,0,4,5,1,5,2,0,4,4,1,0,1,0,0,1,0,5,1,1475.42593303
20231,1129002274,16,1,15,0,5,6,1,1,3,0,0,0,0,0,1,0,5,6,1,1,2,4669.56432472
20231,1129002279,92,31,61,0,9,28,25,27,3,0,5,4,10,9,3,0,4,24,15,18,0,10094.5325662
20231,1129002282,158,116,42,1,28,64,40,15,10,1,22,53,22,9,9,0,6,11,18,6,1,4021.73304909
20231,1129002289,19,5,14,0,4,2,5,8,0,0,1,0,1,3,0,0,3,2,4,5,0,9705.0365792
20231,1129002290,250,137,113,0,7,22,88,97,36,0,0,8,52,54,23,0,7,14,36,43,13,42011.6324016
20231,1129002291,2,1,1,0,0,0,0,2,0,0,0,0,0,1,0,0,0,0,0,1,0,929.497139492
20231,1129002292,9,7,2,0,0,1,3,4,1,0,0,1,2,3,1,0,0,0,1,1,0,3039.09428775
20231,1129002293,6,5,1,0,1,1,3,1,0,0,0,1,3,1,0,0,1,0,0,0,0,2077.61239976
20231,1129002294,7,6,1,0,1,0,4,2,0,0,1,0,4,1,0,0,0,0,0,1,0,8727.81815393
20231,1129002301,2,1,1,0,0,0,0,0,2,0,0,0,0,0,1,0,0,0,0,0,1,1077.75832975
20231,1129002303,19,14,5,0,1,4,8,4,2,0,1,2,6,3,2,0,0,2,2,1,0,1920.66345941
20231,1129002307,26,15,11,0,1,3,8,10,4,0,1,3,5,4,2,0,0,0,3,6,2,13700.153053
20231,1129002313,2,1,1,0,0,1,1,0,0,0,0,0,1,0,0,0,0,1,0,0,0,826.490001464
20231,1129002318,666,429,237,1,166,159,181,111,48,0,91,118,113,64,43,1,75,41,68,47,5,3428.74690881
20231,1129002319,2,0,2,0,0,0,0,0,2,0,0,0,0,0,0,0,0,0,0,0,2,4658.41670517
20231,1129002323,2,1,1,0,0,0,0,2,0,0,0,0,0,1,0,0,0,0,0,1,0,475.323322453
20231,1129002326,1,1,0,0,0,0,0,1,0,0,0,0,0,1,0,0,0,0,0,0,0,2359.65263058
20231,1129002327,6,2,4,0,1,0,3,1,1,0,1,0,1,0,0,0,0,0,2,1,1,2827.66203477
20231,1129002328,10,0,10,0,1,5,2,2,0,0,0,0,0,0,0,0,1,5,2,2,0,80656.4532543
20231,1129002333,14,3,11,0,3,3,5,2,1,0,0,1,2,0,0,0,3,2,3,2,1,3902.50395142
20231,1129002335,19,10,9,0,2,3,4,5,5,0,1,1,3,2,3,0,1,2,1,3,2,4812.48497944
20231,1129002336,69,15,54,0,14,15,20,16,4,0,4,3,2,4,2,0,10,12,18,12,2,11972.4676867
20231,1129002339,3,2,1,0,0,0,0,3,0,0,0,0,0,2,0,0,0,0,0,1,0,2735.23796963
20231,1129002341,13,6,7,0,7,3,2,1,0,0,3,2,1,0,0,0,4,1,1,1,0,1288.63460844
20231,1129002342,13,8,5,0,4,3,5,0,1,0,3,2,2,0,1,0,1,1,3,0,0,1763.56480908
20231,1129002343,1,1,0,0,0,0,1,0,0,0,0,0,1,0,0,0,0,0,0,0,0,760.370671509
20231,1129002345,2,2,0,0,0,2,0,0,0,0,0,2,0,0,0,0,0,0,0,0,0,2031.83967628
20231,1129002347,2,1,1,0,0,1,1,0,0,0,0,0,1,0,0,0,0,1,0,0,0,2901.35365091
20231,1129002355,2,2,0,0,0,0,0,0,2,0,0,0,0,0,2,0,0,0,0,0,0,5650.48804124
20231,1129002357,28,2,26,0,1,2,2,6,17,0,0,1,0,0,1,0,1,1,2,6,16,3529.63067203
20231,1129002361,70,41,29,0,19,16,17,14,4,0,13,11,11,4,2,0,6,5,6,10,2,1643.30826449
20231,1129002362,2,2,0,0,0,0,0,2,0,0,0,0,0,2,0,0,0,0,0,0,0,2039.82799501
20231,1129002369,20,6,14,0,0,2,6,5,7,0,0,1,4,0,1,0,0,1,2,5,6,4270.19633829
20231,1129002370,98,39,59,0,58,26,8,4,2,0,20,11,3,3,2,0,38,15,5,1,0,1985.52759671
20231,1129002375,12,8,4,0,1,0,3,0,8,0,0,0,1,0,7,0,1,0,2,0,1,2627.26094901
20231,1129002376,10,9,1,0,1,4,3,1,1,0,1,4,2,1,1,0,0,0,1,0,0,2230.4637765
20231,1129002379,4,1,3,0,1,2,0,1,0,0,0,0,0,1,0,0,1,2,0,0,0,6381.68159416
20231,1129002380,1,0,1,0,0,0,0,0,1,0,0,0,0,0,0,0,0,0,0,0,1,1272.59744782
20231,1129002382,1,0,1,0,0,0,1,0,0,0,0,0,0,0,0,0,0,0,1,0,0,1731.38142829
20231,1129002386,7,2,5,0,0,0,4,3,0,0,0,0,0,2,0,0,0,0,4,1,0,7508.23601006
20231,1129002390,1,1,0,0,0,0,0,1,0,0,0,0,0,1,0,0,0,0,0,0,0,2112.76016803
20231,1129002391,7,2,5,0,0,0,4,1,2,0,0,0,0,1,1,0,0,0,4,0,1,5430.82202861
20231,1129002392,1,1,0,0,0,0,0,0,1,0,0,0,0,0,1,0,0,0,0,0,0,1825.03622874
20231,1129002395,5,4,1,0,1,0,2,0,2,0,1,0,1,0,2,0,0,0,1,0,0,2343.15160373
20231,1129002397,2,2,0,0,0,0,0,1,1,0,0,0,0,1,1,0,0,0,0,0,0,2736.41121504
20231,1129002398,3,1,2,0,0,0,2,1,0,0,0,0,0,1,0,0,0,0,2,0,0,4258.27755876
20231,1129002403,3,2,1,0,0,1,0,1,1,0,0,1,0,0,1,0,0,0,0,1,0,2180.53800508
20231,1129002404,13,6,7,0,1,3,2,5,2,0,1,0,0,4,1,0,0,3,2,1,1,5544.70553907
20231,1129002405,12,7,5,0,4,4,2,1,1,0,1,2,2,1,1,0,3,2,0,0,0,2490.9383013
20231,1129002406,14,3,11,0,1,3,4,4,2,0,0,0,1,0,2,0,1,3,3,4,0,3280.74419166
20231,1129002409,8,3,5,0,0,1,1,2,4,0,0,1,0,0,2,0,0,0,1,2,2,3821.27002589
20231,1129002412,8,6,2,0,0,1,2,0,5,0,0,0,1,0,5,0,0,1,1,0,0,2119.41136724
20231,1129002413,37,22,15,0,8,11,10,5,3,0,1,9,8,2,2,0,7,2,2,3,1,2392.79185618
20231,1129002415,10,3,7,0,0,3,6,1,0,0,0,1,2,0,0,0,0,2,4,1,0,5882.43759393
20231,1129002416,9,2,7,0,3,0,4,1,1,0,0,0,1,0,1,0,3,0,3,1,0,4144.25181428
20231,1129002420,4,3,1,0,0,1,0,0,3,0,0,1,0,0,2,0,0,0,0,0,1,1918.4246657
20231,1129002421,3,2,1,0,0,1,0,1,1,0,0,1,0,1,0,0,0,0,0,0,1,2282.14404754
20231,1129002423,10,9,1,0,0,4,5,0,1,0,0,4,4,0,1,0,0,0,1,0,0,1426.14195618
20231,1129002426,14,12,2,1,3,2,2,3,3,1,3,2,1,2,3,0,0,0,1,1,0,1877.15047981
20231,1129002428,18,12,6,0,7,9,2,0,0,0,4,6,2,0,0,0,3,3,0,0,0,3078.12933764
20231,1129002429,2,2,0,0,0,0,1,0,1,0,0,0,1,0,1,0,0,0,0,0,0,2232.8242843
20231,1129002430,8,6,2,0,0,0,1,5,2,0,0,0,0,4,2,0,0,0,1,1,0,13886.5299447
20231,1129002433,3,1,2,0,0,0,1,2,0,0,0,0,0,1,0,0,0,0,1,1,0,1679.41447793
20231,1129002437,3,2,1,0,0,3,0,0,0,0,0,2,0,0,0,0,0,1,0,0,0,2518.39681814
20231,1129002439,11,7,4,0,2,5,4,0,0,0,0,3,4,0,0,0,2,2,0,0,0,2025.83551952
20231,1129002444,7,3,4,0,1,0,0,2,4,0,0,0,0,1,2,0,1,0,0,1,2,2545.97590097
20231,1129002449,2,2,0,0,0,0,0,0,2,0,0,0,0,0,2,0,0,0,0,0,0,2169.3399566
20231,1129002451,9,5,4,0,0,0,0,2,7,0,0,0,0,0,5,0,0,0,0,2,2,2290.52617839
20231,1129002453,5,3,2,0,0,4,0,0,1,0,0,2,0,0,1,0,0,2,0,0,0,1245.12249191
20231,1129002454,2,1,1,0,0,0,1,0,1,0,0,0,1,0,0,0,0,0,0,0,1,3108.32565961
20231,1129002457,2,1,1,0,0,0,1,1,0,0,0,0,1,0,0,0,0,0,0,1,0,3014.48060882
20231,1129002462,2,1,1,0,0,0,0,2,0,0,0,0,0,1,0,0,0,0,0,1,0,3213.42681059
20231,1129002463,46,6,40,0,0,3,1,13,29,0,0,1,1,2,2,0,0,2,0,11,27,14562.7530353
20231,1129002464,1,1,0,0,0,0,0,0,1,0,0,0,0,0,1,0,0,0,0,0,0,3533.36701361
20231,1129002467,2,2,0,0,0,1,1,0,0,0,0,1,1,0,0,0,0,0,0,0,0,2186.23762408
20231,1129002470,69,61,8,0,2,2,7,24,34,0,1,2,4,22,32,0,1,0,3,2,2,2916.52868226
20231,1129002474,6,0,6,0,0,1,3,2,0,0,0,0,0,0,0,0,0,1,3,2,0,9060.60967438
20231,1129002482,5,2,3,0,0,1,2,2,0,0,0,1,1,0,0,0,0,0,1,2,0,1741.45926861
20231,1129002484,3,0,3,0,0,1,1,1,0,0,0,0,0,0,0,0,0,1,1,1,0,1774.65046696
20231,1129002487,1,1,0,0,0,0,0,0,1,0,0,0,0,0,1,0,0,0,0,0,0,2343.96339767
20231,1129002488,3,1,2,0,0,2,1,0,0,0,0,0,1,0,0,0,0,2,0,0,0,2971.3173049
20231,1129002491,36,14,22,0,12,10,7,6,1,0,1,4,3,5,1,0,11,6,4,1,0,2242.56079871
20231,1129002492,16,10,6,0,2,3,2,7,2,0,0,3,1,5,1,0,2,0,1,2,1,2698.26202527
20231,1129002493,91,72,19,1,24,22,19,23,2,0,19,20,16,15,2,1,5,2,3,8,0,22204.6778074
20231,1129002498,3,1,2,0,0,0,0,2,1,0,0,0,0,1,0,0,0,0,0,1,1,2956.82137497
20231,1129002500,3,1,2,0,0,0,0,2,1,0,0,0,0,0,1,0,0,0,0,2,0,2674.87043327
20231,1129002508,2,2,0,0,0,0,2,0,0,0,0,0,2,0,0,0,0,0,0,0,0,640.758253747
20231,1129002509,9,6,3,0,0,3,3,0,3,0,0,1,3,0,2,0,0,2,0,0,1,2180.93167491
20231,1129002512,71,8,63,0,11,18,24,13,5,0,0,1,2,2,3,0,11,17,22,11,2,7718.56578093
20231,1129002514,81,66,15,0,5,7,28,24,17,0,5,5,21,21,14,0,0,2,7,3,3,6885.78435703
20231,1129002517,20,11,9,0,3,1,5,7,4,0,3,0,3,3,2,0,0,1,2,4,2,6198.49964574
20231,1129002518,2,1,1,0,0,0,1,1,0,0,0,0,1,0,0,0,0,0,0,1,0,1750.54834621
20231,1129002519,1,0,1,0,0,0,1,0,0,0,0,0,0,0,0,0,0,0,1,0,0,1924.32225221
20231,1129002522,26,3,23,0,0,11,6,8,1,0,0,2,0,0,1,0,0,9,6,8,0,1422.1478076
20231,1129002523,2,1,1,0,0,0,1,1,0,0,0,0,0,1,0,0,0,0,1,0,0,1923.59277048
20231,1129002528,62,28,34,0,14,11,18,14,5,0,6,2,10,6,4,0,8,9,8,8,1,6990.71006168
20231,1129002531,28,5,23,0,2,7,9,8,2,0,2,2,0,0,1,0,0,5,9,8,1,2532.3398918
20231,1129002532,5,2,3,0,0,1,3,1,0,0,0,0,1,1,0,0,0,1,2,0,0,2521.78054879
20231,1129002533,5,3,2,0,0,1,0,1,3,0,0,1,0,0,2,0,0,0,0,1,1,2229.75860671
20231,1129002534,1,1,0,0,0,0,0,1,0,0,0,0,0,1,0,0,0,0,0,0,0,8743.6121695
20231,1129002535,85,75,10,0,20,34,21,7,3,0,16,34,18,5,2,0,4,0,3,2,1,4971.15181774
20231,1129002537,6,5,1,0,1,0,1,4,0,0,1,0,1,3,0,0,0,0,0,1,0,11342.1650667
20231,1129002539,4,4,0,0,0,0,3,0,1,0,0,0,3,0,1,0,0,0,0,0,0,3522.04385972
20231,1129002542,1,1,0,0,0,0,1,0,0,0,0,0,1,0,0,0,0,0,0,0,0,1660.90262781
20231,1129002543,4,1,3,0,1,1,0,2,0,0,0,0,0,1,0,0,1,1,0,1,0,3896.95655528
20231,1129002545,10,7,3,0,0,3,5,2,0,0,0,2,4,1,0,0,0,1,1,1,0,15484.5253364
20231,1129002546,11,8,3,0,1,2,4,3,1,0,1,1,3,2,1,0,0,1,1,1,0,7008.05892493
20231,1129002548,2,1,1,0,0,0,1,0,1,0,0,0,0,0,1,0,0,0,1,0,0,5635.99295671
20231,1129002550,7,5,2,0,0,0,5,1,1,0,0,0,4,1,0,0,0,0,1,0,1,7405.71073134
20231,1129002552,9,4,5,0,1,0,3,1,4,0,0,0,1,0,3,0,1,0,2,1,1,3098.04765708
20231,1129002553,15,3,12,0,1,4,5,3,2,0,0,1,0,0,2,0,1,3,5,3,0,2702.38072329
20231,1129002556,5,3,2,0,1,1,1,2,0,0,1,1,1,0,0,0,0,0,0,2,0,7467.18653729
20231,1129002557,5,4,1,0,0,0,2,1,2,0,0,0,1,1,2,0,0,0,1,0,0,4019.66509373
20231,1129002561,5,4,1,0,0,2,2,1,0,0,0,1,2,1,0,0,0,1,0,0,0,3554.67848052
20231,1129002564,5,5,0,0,0,4,1,0,0,0,0,4,1,0,0,0,0,0,0,0,0,1731.86539079
20231,1129002565,10,3,7,0,1,2,3,2,2,0,0,0,1,1,1,0,1,2,2,1,1,2994.35731247
20231,1129002567,5,4,1,0,2,0,1,0,2,0,2,0,1,0,1,0,0,0,0,0,1,3720.18244896
20231,1129002568,81,42,39,0,10,23,17,21,10,0,1,8,9,16,8,0,9,15,8,5,2,8196.50899983
20231,1129002573,1,1,0,0,0,0,1,0,0,0,0,0,1,0,0,0,0,0,0,0,0,3339.90812729
20231,1129002576,63,46,17,1,18,17,10,10,7,0,13,11,10,7,5,1,5,6,0,3,2,5967.04350769
20231,1129002579,34,21,13,0,6,7,9,10,2,0,1,6,7,6,1,0,5,1,2,4,1,17053.0103439
20231,1129002581,18,2,16,0,1,4,5,6,2,0,0,0,0,0,2,0,1,4,5,6,0,17905.3775233
20231,1129002584,2,2,0,0,0,0,2,0,0,0,0,0,2,0,0,0,0,0,0,0,0,1879.20285652
20231,1129002585,6,5,1,0,0,0,1,4,1,0,0,0,1,3,1,0,0,0,0,1,0,3239.42151105
20231,1129002587,8,6,2,0,1,3,0,3,1,0,0,2,0,3,1,0,1,1,0,0,0,4051.08703834
20231,1129002589,14,11,3,0,0,3,4,3,4,0,0,2,4,3,2,0,0,1,0,0,2,2754.49652676
20231,1129002592,9,7,2,0,2,0,2,3,2,0,1,0,1,3,2,0,1,0,1,0,0,2916.68001354
20231,1129002593,2,1,1,0,1,0,1,0,0,0,1,0,0,0,0,0,0,0,1,0,0,3089.87851531
20231,1129002595,3,2,1,0,0,1,0,0,2,0,0,1,0,0,1,0,0,0,0,0,1,2743.62446279
20231,1129002596,30,21,9,0,8,4,7,9,2,0,5,4,4,7,1,0,3,0,3,2,1,5096.81294101
20231,1129002598,6,2,4,0,0,1,2,3,0,0,0,0,0,2,0,0,0,1,2,1,0,2954.52081688
20231,1129002599,2,1,1,0,0,0,0,0,2,0,0,0,0,0,1,0,0,0,0,0,1,3322.787428
20231,1129002601,4,0,4,0,1,2,0,0,1,0,0,0,0,0,0,0,1,2,0,0,1,2887.5691553
20231,1129002604,5,2,3,0,0,4,0,0,1,0,0,1,0,0,1,0,0,3,0,0,0,2945.37651993
20231,1129002605,16,11,5,0,3,5,6,0,2,0,0,5,4,0,2,0,3,0,2,0,0,5030.79771549
20231,1129002606,5,0,5,0,2,1,1,1,0,0,0,0,0,0,0,0,2,1,1,1,0,3406.6579324
20231,1129002607,7,6,1,0,0,0,2,2,3,0,0,0,2,1,3,0,0,0,0,1,0,2853.63565329
20231,1129002608,5,5,0,0,1,0,0,4,0,0,1,0,0,4,0,0,0,0,0,0,0,1764.44399597
20231,1129002609,1,1,0,0,0,0,0,0,1,0,0,0,0,0,1,0,0,0,0,0,0,3407.97190945
20231,1129002611,7,3,4,0,1,2,1,2,1,0,1,0,1,1,0,0,0,2,0,1,1,4435.69379108
20231,1129002615,4,2,2,0,1,0,1,2,0,0,1,0,0,1,0,0,0,0,1,1,0,4732.48136469
20231,1129002617,4,4,0,0,0,1,2,1,0,0,0,1,2,1,0,0,0,0,0,0,0,5978.98811612
20231,1129002625,8,5,3,0,0,4,2,1,1,0,0,2,2,0,1,0,0,2,0,1,0,2978.60877262
20231,1129002627,16,10,6,0,3,3,6,4,0,0,1,3,3,3,0,0,2,0,3,1,0,2139.47305022
20231,1129002628,3,0,3,0,1,0,0,1,1,0,0,0,0,0,0,0,1,0,0,1,1,4128.76653444
20231,1129002629,5,1,4,0,0,0,2,1,2,0,0,0,1,0,0,0,0,0,1,1,2,6003.37456971
20231,1129002630,4,1,3,0,0,0,2,0,2,0,0,0,1,0,0,0,0,0,1,0,2,2510.37714457
20231,1129002631,148,126,22,0,3,6,15,12,112,0,1,3,8,10,104,0,2,3,7,2,8,8749.39789924
20231,1129002632,27,19,8,0,0,0,2,0,25,0,0,0,1,0,18,0,0,0,1,0,7,5589.46694678
20231,1129002633,114,29,85,0,20,18,28,34,14,0,3,10,9,5,2,0,17,8,19,29,12,4306.09884985
20231,1129002635,3,1,2,0,0,0,1,2,0,0,0,0,0,1,0,0,0,0,1,1,0,5819.94689896
20231,1129002636,4,4,0,0,0,0,2,2,0,0,0,0,2,2,0,0,0,0,0,0,0,4374.28950998
20231,1129002639,7,1,6,0,0,0,2,2,3,0,0,0,0,0,1,0,0,0,2,2,2,2129.56325532
20231,1129002640,6,4,2,0,1,2,1,0,2,0,0,1,1,0,2,0,1,1,0,0,0,2527.55636928
20231,1129002642,10,7,3,0,1,1,3,4,1,0,1,1,3,1,1,0,0,0,0,3,0,4197.10978617
20231,1129002643,2,2,0,0,0,0,1,0,1,0,0,0,1,0,1,0,0,0,0,0,0,2360.88167132
20231,1129002648,2,2,0,0,0,0,0,1,1,0,0,0,0,1,1,0,0,0,0,0,0,1571.21259162
20231,1129002649,87,12,75,0,11,25,31,14,6,0,1,3,3,2,3,0,10,22,28,12,3,16350.8188163
20231,1129002654,1,0,1,0,0,0,0,1,0,0,0,0,0,0,0,0,0,0,0,1,0,1823.49051811
20231,1129002655,1,1,0,0,0,0,1,0,0,0,0,0,1,0,0,0,0,0,0,0,0,1060.44170941
20231,1129002658,11,7,4,0,0,1,1,8,1,0,0,0,1,5,1,0,0,1,0,3,0,4985.03332929
20231,1129002662,25,9,16,0,1,4,10,9,1,0,0,2,3,4,0,0,1,2,7,5,1,6278.119058
20231,1129002663,11,3,8,0,0,0,2,5,4,0,0,0,0,1,2,0,0,0,2,4,2,1731.77395699
20231,1129002664,3,1,2,0,1,0,1,1,0,0,0,0,0,1,0,0,1,0,1,0,0,1453.55747439
20231,1129002665,10,4,6,0,0,2,3,3,2,0,0,1,0,2,1,0,0,1,3,1,1,5747.70521949
20231,1129002666,12,5,7,0,2,2,0,1,7,0,0,0,0,1,4,0,2,2,0,0,3,5995.61155262
20231,1129002668,10,3,7,0,1,2,3,2,2,0,0,0,1,1,1,0,1,2,2,1,1,5851.72137031
20231,1129002670,2,2,0,0,0,0,0,2,0,0,0,0,0,2,0,0,0,0,0,0,0,2788.75526557
20231,1129002673,27,21,6,0,0,2,1,3,21,0,0,1,1,2,17,0,0,1,0,1,4,4862.8791621
20231,1129002674,4,0,4,0,1,0,2,1,0,0,0,0,0,0,0,0,1,0,2,1,0,2498.35934028
20231,1129002677,12,4,8,0,4,1,4,2,1,0,0,0,2,1,1,0,4,1,2,1,0,1904.20590089
20231,1129002679,3,2,1,0,0,0,0,0,3,0,0,0,0,0,2,0,0,0,0,0,1,4924.09713631
20231,1129002682,9,1,8,0,0,0,1,3,5,0,0,0,0,0,1,0,0,0,1,3,4,2644.42795867
20231,1129002683,6,6,0,0,0,2,0,2,2,0,0,2,0,2,2,0,0,0,0,0,0,3570.53634428
20231,1129002684,7,1,6,0,0,0,4,2,1,0,0,0,0,0,1,0,0,0,4,2,0,3253.26233681
20231,1129002685,3,1,2,0,0,0,1,2,0,0,0,0,1,0,0,0,0,0,0,2,0,2742.11007194
20231,1129002687,10,7,3,0,0,5,1,2,2,0,0,5,1,0,1,0,0,0,0,2,1,7938.3393892
20231,1129002690,18,8,10,0,2,6,3,4,3,0,0,3,1,2,2,0,2,3,2,2,1,3714.12072191
20231,1129002695,4,3,1,0,0,1,2,1,0,0,0,0,2,1,0,0,0,1,0,0,0,4085.75902319
20231,1129002702,5,3,2,0,0,1,0,1,3,0,0,1,0,0,2,0,0,0,0,1,1,3769.06679114
20231,1129002704,7,6,1,0,0,1,4,2,0,0,0,1,3,2,0,0,0,0,1,0,0,4457.02163493
20231,1129002707,9,6,3,0,1,0,2,2,4,0,0,0,1,2,3,0,1,0,1,0,1,5398.11540919
20231,1129002715,12,5,7,0,0,5,2,2,3,0,0,1,0,1,3,0,0,4,2,1,0,3266.53012563
20231,1129002716,3,0,3,0,0,1,0,1,1,0,0,0,0,0,0,0,0,1,0,1,1,1931.37648281
20231,1129002717,36,29,7,0,0,1,1,4,30,0,0,1,1,2,25,0,0,0,0,2,5,3688.56911079
20231,1129002719,2,2,0,0,1,0,0,0,1,0,1,0,0,0,1,0,0,0,0,0,0,3254.93154777
20231,1129002720,565,404,161,2,38,93,150,164,118,2,20,49,104,131,98,0,18,44,46,33,20,2077.2126593
20231,1129002725,2,1,1,0,0,0,0,1,1,0,0,0,0,0,1,0,0,0,0,1,0,3499.02911257
20231,1129002726,2,1,1,0,0,0,0,1,1,0,0,0,0,0,1,0,0,0,0,1,0,1933.88301606
20231,1129002730,2,2,0,0,0,0,0,2,0,0,0,0,0,2,0,0,0,0,0,0,0,3282.77444721
20231,1129002734,5,4,1,0,0,1,2,1,1,0,0,0,2,1,1,0,0,1,0,0,0,847.865646984
20231,1129002736,4,3,1,0,0,0,1,0,3,0,0,0,1,0,2,0,0,0,0,0,1,5694.24589366
20231,1129002737,4,2,2,0,0,1,2,0,1,0,0,0,1,0,1,0,0,1,1,0,0,2754.77750146
20231,1129002741,2,1,1,0,0,0,1,0,1,0,0,0,0,0,1,0,0,0,1,0,0,2562.34874275
20231,1129002745,9,7,2,0,0,2,2,3,2,0,0,2,2,2,1,0,0,0,0,1,1,5084.56377248
20231,1129002750,3,2,1,0,0,1,0,0,2,0,0,1,0,0,1,0,0,0,0,0,1,1751.86419898
20231,1129002758,4,1,3,0,0,1,2,0,1,0,0,0,1,0,0,0,0,1,1,0,1,2032.30119427
20231,1129002761,2,0,2,0,1,0,0,1,0,0,0,0,0,0,0,0,1,0,0,1,0,1916.7802284
20231,1129002766,2,1,1,0,1,0,0,1,0,0,0,0,0,1,0,0,1,0,0,0,0,1371.74301888
20231,1129002767,7,3,4,0,4,2,1,0,0,0,1,1,1,0,0,0,3,1,0,0,0,6720.94929957
20231,1129002773,7,7,0,0,0,1,1,2,3,0,0,1,1,2,3,0,0,0,0,0,0,2500.34206656
20231,1129002774,16,5,11,0,9,6,1,0,0,0,2,2,1,0,0,0,7,4,0,0,0,3943.36895136
20231,1129002775,2,2,0,0,1,0,0,1,0,0,1,0,0,1,0,0,0,0,0,0,0,3814.52448146
20231,1129002776,10,7,3,0,0,4,3,3,0,0,0,2,2,3,0,0,0,2,1,0,0,1532.19359293
20231,1129002778,23,18,5,0,2,6,5,7,3,0,2,4,4,5,3,0,0,2,1,2,0,12590.4931161
20231,1129002779,3,1,2,0,1,0,1,1,0,0,0,0,1,0,0,0,1,0,0,1,0,1372.59984558
20231,1129002781,2,2,0,0,0,0,0,1,1,0,0,0,0,1,1,0,0,0,0,0,0,2261.09676806
20231,1129002784,125,123,2,0,2,0,11,40,72,0,1,0,11,39,72,0,1,0,0,1,0,3693.64751755
20231,1129002785,4,2,2,0,0,0,2,2,0,0,0,0,1,1,0,0,0,0,1,1,0,3498.06829637
20231,1129002786,4,1,3,0,0,2,2,0,0,0,0,0,1,0,0,0,0,2,1,0,0,655.826889159
20231,1129002787,2,1,1,0,0,0,0,2,0,0,0,0,0,1,0,0,0,0,0,1,0,2345.73109473
20231,1129002790,3,2,1,0,0,0,2,1,0,0,0,0,1,1,0,0,0,0,1,0,0,1652.94996883
20231,1129002791,8,6,2,0,0,0,3,2,3,0,0,0,2,1,3,0,0,0,1,1,0,2938.08656253
20231,1129002792,126,122,4,0,0,2,16,52,56,0,0,1,14,52,55,0,0,1,2,0,1,6214.95408465
20231,1129002793,41,17,24,0,15,11,4,9,2,0,7,3,2,3,2,0,8,8,2,6,0,6260.91425155
20231,1129002796,5,4,1,0,0,0,2,1,2,0,0,0,2,1,1,0,0,0,0,0,1,2930.33158532
20231,1129002797,2,2,0,0,0,0,0,2,0,0,0,0,0,2,0,0,0,0,0,0,0,1334.1946941
20231,1129002800,120,42,78,0,21,28,28,34,9,0,4,14,13,8,3,0,17,14,15,26,6,12145.2760122
20231,1129002801,6,4,2,0,0,0,2,3,1,0,0,0,1,2,1,0,0,0,1,1,0,5325.02844834
20231,1129002805,46,21,25,0,13,11,12,7,3,0,5,6,6,3,1,0,8,5,6,4,2,2487.99968821
20231,1129002807,4,2,2,0,0,2,0,2,0,0,0,1,0,1,0,0,0,1,0,1,0,1227.61801799
20231,1129002816,12,9,3,0,1,3,3,5,0,0,0,3,2,4,0,0,1,0,1,1,0,1079.26453681
20231,1129002817,2,2,0,0,0,0,2,0,0,0,0,0,2,0,0,0,0,0,0,0,0,726.300693196
20231,1129002819,55,30,25,5,18,10,14,5,3,1,11,7,8,2,1,4,7,3,6,3,2,4943.48173046
20231,1129002823,5,4,1,0,0,1,2,2,0,0,0,0,2,2,0,0,0,1,0,0,0,1760.40886155
20231,1129002832,3,2,1,0,0,0,2,1,0,0,0,0,1,1,0,0,0,0,1,0,0,4964.84332294
20231,1129002834,2,2,0,0,0,0,0,0,2,0,0,0,0,0,2,0,0,0,0,0,0,2475.34126798
20231,1129002837,5,3,2,0,1,0,1,3,0,0,0,0,0,3,0,0,1,0,1,0,0,5796.65856921
20231,1129002840,5,4,1,0,0,1,2,1,1,0,0,1,1,1,1,0,0,0,1,0,0,1827.81869652
20231,1129002842,7,2,5,0,1,3,1,2,0,0,0,1,0,1,0,0,1,2,1,1,0,6284.94124142
20231,1129002851,15,4,11,0,3,0,1,7,4,0,2,0,0,1,1,0,1,0,1,6,3,8720.90612591
20231,1129002852,12,5,7,0,0,2,3,4,3,0,0,2,0,1,2,0,0,0,3,3,1,1698.31759891
20231,1129002853,7,6,1,0,0,1,1,2,3,0,0,1,1,1,3,0,0,0,0,1,0,5516.51261701
20231,1129002854,4,4,0,0,0,1,2,1,0,0,0,1,2,1,0,0,0,0,0,0,0,2710.35363206
20231,1129002858,7,6,1,1,0,2,1,2,1,1,0,2,1,1,1,0,0,0,0,1,0,3073.05659004
20231,1129002859,2,2,0,0,0,0,0,2,0,0,0,0,0,2,0,0,0,0,0,0,0,912.377375488
20231,1129002864,19,0,19,0,6,4,6,3,0,0,0,0,0,0,0,0,6,4,6,3,0,5241.47265617
20231,1129002868,87,36,51,0,32,49,4,0,2,0,4,30,1,0,1,0,28,19,3,0,1,4778.24848515
20231,1129002869,26,19,7,0,1,4,9,12,0,0,1,1,7,10,0,0,0,3,2,2,0,4862.19712695
20231,1129002886,61,26,35,0,6,26,16,10,3,0,3,13,5,2,3,0,3,13,11,8,0,12937.086627
20231,1129002910,3,2,1,0,0,0,2,0,1,0,0,0,1,0,1,0,0,0,1,0,0,2748.40653281
20231,1129002919,4,1,3,0,1,0,1,0,2,0,0,0,0,0,1,0,1,0,1,0,1,5346.90475408
20231,1129002927,2,1,1,0,0,0,0,0,2,0,0,0,0,0,1,0,0,0,0,0,1,2031.61796756
20231,1129002930,11,7,4,0,1,4,4,1,1,0,0,2,3,1,1,0,1,2,1,0,0,2917.91822692
20231,1129002931,99,57,42,0,20,18,34,13,14,0,12,12,16,6,11,0,8,6,18,7,3,5917.60132611
20231,1129002935,5,3,2,0,0,2,0,2,1,0,0,2,0,0,1,0,0,0,0,2,0,2788.91613672
20231,1129002936,8,6,2,0,0,1,0,4,3,0,0,1,0,2,3,0,0,0,0,2,0,4209.43661227
20231,1129002937,9,5,4,0,1,2,2,3,1,0,1,1,2,1,0,0,0,1,0,2,1,3205.47302214
20231,1129002941,27,3,24,0,0,7,7,10,3,0,0,1,0,0,2,0,0,6,7,10,1,9462.01415392
20231,1129002944,8,5,3,0,0,1,2,2,3,0,0,0,1,1,3,0,0,1,1,1,0,2238.99396323
20231,1129002948,67,51,16,0,2,4,23,19,19,0,2,3,19,10,17,0,0,1,4,9,2,2873.86745986
20231,1129002949,10,7,3,0,0,0,3,1,6,0,0,0,1,1,5,0,0,0,2,0,1,3938.87154449
20231,1129002951,40,20,20,0,13,7,8,8,4,0,6,2,3,6,3,0,7,5,5,2,1,5828.0541768
20231,1129002972,2,1,1,0,0,0,0,0,2,0,0,0,0,0,1,0,0,0,0,0,1,2621.12324854
20231,1129002974,155,88,67,0,18,40,27,50,20,0,7,17,14,33,17,0,11,23,13,17,3,3755.62725514
20231,1129002975,33,20,13,0,5,11,12,2,3,0,1,6,10,2,1,0,4,5,2,0,2,5364.05410242
20231,1129002983,1,0,1,0,0,1,0,0,0,0,0,0,0,0,0,0,0,1,0,0,0,3203.53912984
20231,1129002986,7,7,0,0,1,0,3,2,1,0,1,0,3,2,1,0,0,0,0,0,0,1964.76823561
20231,1129002992,2,1,1,0,1,0,1,0,0,0,0,0,1,0,0,0,1,0,0,0,0,3620.09909732
20231,1129003001,2,1,1,0,0,0,2,0,0,0,0,0,1,0,0,0,0,0,1,0,0,1209.95623379
20231,1129003002,28,18,10,0,0,3,8,11,6,0,0,1,2,10,5,0,0,2,6,1,1,3486.72686105
20231,1129003004,4,2,2,0,1,0,1,1,1,0,0,0,1,0,1,0,1,0,0,1,0,3460.20011502
20231,1129003006,1,1,0,0,0,0,0,0,1,0,0,0,0,0,1,0,0,0,0,0,0,1059.83553501
20231,1129003009,6,6,0,0,1,0,3,1,1,0,1,0,3,1,1,0,0,0,0,0,0,1450.63182255
20231,1129003011,16,4,12,0,2,2,7,3,2,0,0,0,3,0,1,0,2,2,4,3,1,3668.58276496
20231,1129003012,2,0,2,0,0,0,0,1,1,0,0,0,0,0,0,0,0,0,0,1,1,3522.87732936
20231,1129003015,3,2,1,0,1,0,1,1,0,0,1,0,1,0,0,0,0,0,0,1,0,9087.93614223
20231,1129003017,28,8,20,0,2,8,8,7,3,0,0,0,1,4,3,0,2,8,7,3,0,1183.50498078
20231,1129003018,136,133,3,0,1,1,12,38,84,0,1,0,10,38,84,0,0,1,2,0,0,2062.31053703
20231,1129003019,10,7,3,0,1,1,6,1,1,0,1,0,4,1,1,0,0,1,2,0,0,4045.47881746
20231,1129003020,2,1,1,0,0,0,2,0,0,0,0,0,1,0,0,0,0,0,1,0,0,1942.32683499
20231,1129003027,20,7,13,0,5,3,3,5,4,0,0,0,1,3,3,0,5,3,2,2,1,8796.2157041
20231,1129003034,8,5,3,0,0,6,2,0,0,0,0,4,1,0,0,0,0,2,1,0,0,2252.69009991
20231,1129003035,10,5,5,0,0,2,5,2,1,0,0,0,2,2,1,0,0,2,3,0,0,3717.01820287
20231,1129003037,24,10,14,0,2,5,9,7,1,0,0,1,3,5,1,0,2,4,6,2,0,3592.73380512
20231,1129003040,7,2,5,0,0,3,2,2,0,0,0,0,0,2,0,0,0,3,2,0,0,1806.45537376
20231,1129003041,32,14,18,0,0,3,8,13,8,0,0,1,4,6,3,0,0,2,4,7,5,1171.40095398
20231,1129003042,38,15,23,2,8,11,8,6,3,0,1,4,2,5,3,2,7,7,6,1,0,3380.26247304
20231,1129003044,33,7,26,1,8,9,4,8,3,0,0,2,0,3,2,1,8,7,4,5,1,4444.42123654
20231,1129003048,3,1,2,0,0,0,1,2,0,0,0,0,0,1,0,0,0,0,1,1,0,2832.81298506
20231,1129003053,13,8,5,0,2,3,3,1,4,0,2,3,1,0,2,0,0,0,2,1,2,4899.77519327
20231,1129003056,55,19,36,0,16,7,16,9,7,0,1,2,6,4,6,0,15,5,10,5,1,9543.35996833
20231,1129003057,266,130,136,2,34,33,57,86,54,1,11,14,27,40,37,1,23,19,30,46,17,3459.89958581
20231,1129003065,1,1,0,0,0,0,0,1,0,0,0,0,0,1,0,0,0,0,0,0,0,3031.1257573
20231,1129003067,116,53,63,1,31,45,23,11,5,0,9,19,15,6,4,1,22,26,8,5,1,1960.73629351
20231,1129003070,6,0,6,0,0,1,4,0,1,0,0,0,0,0,0,0,0,1,4,0,1,5567.76679718
20231,1129003072,65,31,34,0,9,5,17,23,11,0,4,0,9,11,7,0,5,5,8,12,4,4084.44073694
20231,1129003076,3,1,2,0,0,1,0,1,1,0,0,0,0,0,1,0,0,1,0,1,0,3919.40052077
20231,1129003086,14,12,2,0,0,2,3,3,6,0,0,0,3,3,6,0,0,2,0,0,0,3887.31598407
20231,1129003093,25,1,24,0,4,12,6,3,0,0,0,0,1,0,0,0,4,12,5,3,0,3041.20758308
20231,1129003094,3,2,1,0,0,0,3,0,0,0,0,0,2,0,0,0,0,0,1,0,0,8172.03536645
20231,1129003095,7,4,3,0,1,0,3,2,1,0,1,0,1,1,1,0,0,0,2,1,0,3287.98730611
20231,1129003097,23,13,10,0,0,3,5,9,6,0,0,3,3,3,4,0,0,0,2,6,2,3464.49313751
20231,1129003099,3,1,2,0,0,1,2,0,0,0,0,0,1,0,0,0,0,1,1,0,0,2437.33057751
20231,1129003101,6,2,4,0,0,2,2,2,0,0,0,0,1,1,0,0,0,2,1,1,0,2336.92079312
20231,1129003107,6,4,2,0,0,2,2,0,2,0,0,0,2,0,2,0,0,2,0,0,0,7505.19828178
20231,1129003109,12,6,6,0,0,3,3,2,4,0,0,2,0,2,2,0,0,1,3,0,2,18992.0131998
20231,1129003111,2,1,1,0,0,2,0,0,0,0,0,1,0,0,0,0,0,1,0,0,0,4060.99282654
20231,1129003113,18,12,6,0,0,4,10,2,2,0,0,3,7,0,2,0,0,1,3,2,0,2851.67362311
20231,1129003114,3,2,1,0,0,0,1,2,0,0,0,0,1,1,0,0,0,0,0,1,0,4542.76132568
20231,1129003115,41,17,24,0,13,14,12,2,0,0,2,5,8,2,0,0,11,9,4,0,0,2321.60310198
20231,1129003118,2,1,1,0,0,0,0,1,1,0,0,0,0,0,1,0,0,0,0,1,0,8901.25138938
20231,1129003120,8,4,4,0,0,4,4,0,0,0,0,1,3,0,0,0,0,3,1,0,0,2976.72600347
20231,1129003121,27,11,16,0,2,7,8,7,3,0,1,3,3,1,3,0,1,4,5,6,0,7438.25700464
20231,1129003124,21,17,4,0,3,7,4,4,3,0,3,7,2,3,2,0,0,0,2,1,1,3758.3609374
20231,1129003126,20,4,16,0,4,9,1,4,2,0,0,3,0,0,1,0,4,6,1,4,1,10382.2676633
20231,1129003127,12,7,5,0,4,6,1,1,0,0,0,5,1,1,0,0,4,1,0,0,0,8359.50708252
20231,1129003138,7,3,4,0,1,3,3,0,0,0,0,2,1,0,0,0,1,1,2,0,0,3398.92620896
20231,1129003145,22,9,13,0,0,6,7,8,1,0,0,1,1,6,1,0,0,5,6,2,0,18146.0066388
20231,1129003166,14,5,9,0,3,5,3,2,1,0,0,2,1,2,0,0,3,3,2,0,1,1747.5660384
20231,1129003168,3,2,1,0,0,1,0,0,2,0,0,1,0,0,1,0,0,0,0,0,1,3334.32217404
20231,1129003174,171,86,85,0,29,43,52,38,9,0,15,28,26,12,5,0,14,15,26,26,4,4851.09342493
20231,1129003176,6,2,4,0,0,0,1,3,2,0,0,0,0,2,0,0,0,0,1,1,2,181549.710325
20231,1129003179,11,1,10,0,1,1,7,2,0,0,1,0,0,0,0,0,0,1,7,2,0,3261.56125899
20231,1129003182,4,2,2,0,0,1,0,1,2,0,0,0,0,1,1,0,0,1,0,0,1,1980.18975681
20231,1129003189,55,13,42,0,5,15,16,12,7,0,0,2,2,3,6,0,5,13,14,9,1,12230.9123414
20231,1129003190,16,7,9,0,0,2,6,3,5,0,0,1,2,2,2,0,0,1,4,1,3,3942.95807901
20231,1129003193,22,10,12,0,0,3,3,12,4,0,0,0,1,6,3,0,0,3,2,6,1,1670.69693616
20231,1129003196,121,20,101,0,13,36,43,22,7,0,0,6,4,6,4,0,13,30,39,16,3,24379.2435096
20231,1129003197,10,3,7,0,1,2,5,1,1,0,0,2,1,0,0,0,1,0,4,1,1,2403.76775529
20231,1129003198,1,0,1,0,0,0,0,1,0,0,0,0,0,0,0,0,0,0,0,1,0,769.525965648
20231,1129003200,6,6,0,0,0,2,3,1,0,0,0,2,3,1,0,0,0,0,0,0,0,4424.47588641
20231,1129003202,2,1,1,0,0,0,2,0,0,0,0,0,1,0,0,0,0,0,1,0,0,7898.64081648
20231,1129003205,4,4,0,0,0,2,2,0,0,0,0,2,2,0,0,0,0,0,0,0,0,1771.36682709
20231,1129003206,3,2,1,0,0,1,0,2,0,0,0,1,0,1,0,0,0,0,0,1,0,5373.71201391
20231,1129003208,1,1,0,0,0,0,0,0,1,0,0,0,0,0,1,0,0,0,0,0,0,1465.64428187
20231,1129003209,6,5,1,0,0,0,3,3,0,0,0,0,2,3,0,0,0,0,1,0,0,1361.52460671
20231,1129003212,17,8,9,0,0,0,8,6,3,0,0,0,4,2,2,0,0,0,4,4,1,9885.7222336
20231,1129003222,31,19,12,0,5,7,11,4,4,0,3,6,7,2,1,0,2,1,4,2,3,3405.47119231
20231,1129003226,86,43,43,0,14,15,21,22,14,0,5,9,10,12,7,0,9,6,11,10,7,4535.9669593
20231,1129003227,533,183,350,0,153,150,124,77,29,0,34,55,33,33,28,0,119,95,91,44,1,8808.63119494
20231,1129003232,5,2,3,0,1,1,0,1,2,0,1,0,0,0,1,0,0,1,0,1,1,856.310424617
20231,1129003239,33,16,17,0,5,7,10,6,5,0,0,5,4,3,4,0,5,2,6,3,1,23681.685196
20231,1129003245,4,3,1,0,1,0,2,1,0,0,1,0,1,1,0,0,0,0,1,0,0,2856.74893881
20231,1129003249,12,9,3,0,1,3,3,2,3,0,1,1,2,2,3,0,0,2,1,0,0,1993.59907756
20231,1129003251,59,31,28,0,2,10,17,22,8,0,1,5,11,10,4,0,1,5,6,12,4,16240.7449186
20231,1129003252,12,5,7,0,1,3,5,2,1,0,0,1,3,1,0,0,1,2,2,1,1,5033.99382824
20231,1129003253,12,7,5,0,0,0,1,3,8,0,0,0,0,1,6,0,0,0,1,2,2,2129.75096584
20231,1129003256,19,9,10,0,6,6,4,2,1,0,0,5,2,2,0,0,6,1,2,0,1,3204.65340618
20231,1129003259,2,1,1,0,0,0,0,1,1,0,0,0,0,1,0,0,0,0,0,0,1,2732.20612794
20231,1129003260,29,18,11,0,5,1,7,15,1,0,2,1,7,7,1,0,3,0,0,8,0,1707.01936264
20231,1129003263,24,7,17,0,2,9,6,4,3,0,0,3,1,0,3,0,2,6,5,4,0,9576.02661646
20231,1129003264,4,4,0,0,0,0,2,2,0,0,0,0,2,2,0,0,0,0,0,0,0,1866.95626467
20231,1129003266,10,5,5,0,1,1,3,4,1,0,0,1,1,2,1,0,1,0,2,2,0,15326.443464
20231,1129003268,2,1,1,0,0,0,1,0,1,0,0,0,0,0,1,0,0,0,1,0,0,1968.88106601
20231,1129003269,18,3,15,0,2,1,5,9,1,0,1,1,0,1,0,0,1,0,5,8,1,7699.40582463
20231,1129003272,10,6,4,0,2,3,2,1,2,0,1,2,2,0,1,0,1,1,0,1,1,2717.33802711
20231,1129003274,8,3,5,0,0,2,4,2,0,0,0,1,0,2,0,0,0,1,4,0,0,8069.38302156
20231,1129003276,2,1,1,0,0,0,0,0,2,0,0,0,0,0,1,0,0,0,0,0,1,2821.19217976
20231,1129003277,101,98,3,0,1,0,14,42,44,0,1,0,13,41,43,0,0,0,1,1,1,1796.42265556
20231,1129003286,14,10,4,0,0,1,3,6,4,0,0,1,1,4,4,0,0,0,2,2,0,2803.45377912
20231,1129003291,62,14,48,0,16,15,11,16,4,0,6,0,3,1,4,0,10,15,8,15,0,9791.84305715
20231,1129003295,10,7,3,0,0,3,5,1,1,0,0,1,4,1,1,0,0,2,1,0,0,150658.194233
20231,1129003297,23,8,15,0,2,5,6,7,3,0,2,2,2,1,1,0,0,3,4,6,2,9142.43887075
20231,1129003298,25,13,12,0,3,9,3,7,3,0,2,3,1,4,3,0,1,6,2,3,0,153132.017996
20231,1129003301,20,14,6,0,3,1,6,6,4,0,2,0,5,4,3,0,1,1,1,2,1,1986.76351246
20231,1129003304,3,3,0,0,0,2,1,0,0,0,0,2,1,0,0,0,0,0,0,0,0,1672.5735129
20231,1129003306,666,585,81,0,148,331,158,26,3,0,103,307,146,26,3,0,45,24,12,0,0,1713.6508946
20231,1129003307,370,339,31,0,8,32,123,158,49,0,3,30,113,151,42,0,5,2,10,7,7,19495.1816125
20231,1129003308,120,56,64,0,0,6,11,6,97,0,0,3,6,2,45,0,0,3,5,4,52,10581.0911798
20231,1129003310,102,47,55,0,5,39,36,19,3,0,1,12,17,14,3,0,4,27,19,5,0,2770.65655474
20231,1129003312,141,122,19,13,33,39,25,25,6,12,27,34,22,21,6,1,6,5,3,4,0,7673.80725909
20231,1129003313,3,3,0,0,0,0,0,0,3,0,0,0,0,0,3,0,0,0,0,0,0,3708.91559748
20231,1129003315,28,17,11,0,2,6,6,10,4,0,2,3,3,6,3,0,0,3,3,4,1,2017.5094654
20231,1129003316,3,3,0,0,0,1,0,2,0,0,0,1,0,2,0,0,0,0,0,0,0,7841.78248881
20231,1129003318,3,3,0,0,0,1,2,0,0,0,0,1,2,0,0,0,0,0,0,0,0,3548.22422424
20231,1129003322,12,10,2,0,0,1,4,5,2,0,0,1,3,4,2,0,0,0,1,1,0,10755.1635351
20231,1129003324,16,11,5,0,1,2,5,4,4,0,1,2,2,3,3,0,0,0,3,1,1,1769.06303048
20231,1129003327,7,4,3,0,0,0,1,0,6,0,0,0,0,0,4,0,0,0,1,0,2,5166.20165654
20231,1129003328,3,2,1,0,0,1,2,0,0,0,0,0,2,0,0,0,0,1,0,0,0,3729.29810905
20231,1129003329,4,2,2,0,0,0,2,1,1,0,0,0,1,0,1,0,0,0,1,1,0,1848.52853895
20231,1129003331,22,19,3,0,3,4,4,6,5,0,2,3,4,5,5,0,1,1,0,1,0,7748.36793471
20231,1129003332,55,37,18,2,20,10,13,6,4,2,14,8,6,4,3,0,6,2,7,2,1,215719.067956
20231,1129003335,28,12,16,0,1,3,9,12,3,0,0,1,6,4,1,0,1,2,3,8,2,2418.6848547
20231,1129003342,3,1,2,0,0,0,3,0,0,0,0,0,1,0,0,0,0,0,2,0,0,2311.70677967
20231,1129003344,45,37,8,0,4,18,17,3,3,0,4,15,12,3,3,0,0,3,5,0,0,5244.6227638
20231,1129003345,2,1,1,0,0,1,0,1,0,0,0,0,0,1,0,0,0,1,0,0,0,28853.8807185
20231,1129003346,11,6,5,0,0,0,6,4,1,0,0,0,3,2,1,0,0,0,3,2,0,2029.67296716
20231,1129003350,4,1,3,0,1,0,1,0,2,0,0,0,0,0,1,0,1,0,1,0,1,10586.870596
20231,1129003353,3,2,1,0,0,0,0,2,1,0,0,0,0,2,0,0,0,0,0,0,1,461.241539054
20231,1129003354,10,1,9,0,3,1,2,4,0,0,0,0,0,1,0,0,3,1,2,3,0,2251.90633398
20231,1129003359,2,1,1,0,0,0,0,0,2,0,0,0,0,0,1,0,0,0,0,0,1,1821.31091352
20231,1129003364,9,5,4,0,1,2,2,2,2,0,0,2,1,1,1,0,1,0,1,1,1,11256.0176298
20231,1129003367,20,14,6,0,3,2,6,9,0,0,2,2,6,4,0,0,1,0,0,5,0,8646.12487479
20231,1129003374,23,4,19,0,6,5,7,3,2,0,2,1,0,0,1,0,4,4,7,3,1,2200.62430712
20231,1129003382,16,14,2,0,6,4,3,3,0,0,5,4,3,2,0,0,1,0,0,1,0,3529.9245972
20231,1129003383,6,4,2,0,1,1,1,1,2,0,0,1,0,1,2,0,1,0,1,0,0,3301.58478418
20231,1129003386,1,0,1,0,0,0,1,0,0,0,0,0,0,0,0,0,0,0,1,0,0,9178.45469356
20231,1129003387,46,1,45,0,3,5,2,12,24,0,0,0,0,0,1,0,3,5,2,12,23,14015.5105883
20231,1129003389,39,6,33,0,9,7,12,7,4,0,1,2,1,1,1,0,8,5,11,6,3,4351.27532063
20231,1129003396,6,3,3,0,1,2,0,3,0,0,0,1,0,2,0,0,1,1,0,1,0,3011.66059464
20231,1129003398,10,10,0,0,0,3,1,3,3,0,0,3,1,3,3,0,0,0,0,0,0,5080.71253135
20231,1129003399,16,9,7,0,2,3,7,3,1,0,1,2,2,3,1,0,1,1,5,0,0,3711.03540675
20231,1129003402,19,10,9,0,2,3,7,2,5,0,0,2,2,2,4,0,2,1,5,0,1,12604.4376944
20231,1129003403,42,9,33,0,7,18,10,7,0,0,0,7,1,1,0,0,7,11,9,6,0,18062.061525
20231,1129003404,7,1,6,0,2,4,1,0,0,0,0,0,1,0,0,0,2,4,0,0,0,5851.29808174
20231,1129003405,3,2,1,0,0,0,0,2,1,0,0,0,0,1,1,0,0,0,0,1,0,4626.82329492
20231,1129003407,4,2,2,0,1,2,1,0,0,0,0,1,1,0,0,0,1,1,0,0,0,5369.19492692
20231,1129003413,215,79,136,0,76,90,36,9,4,0,22,30,18,6,3,0,54,60,18,3,1,176517.546399
20231,1129003416,13,5,8,0,0,0,2,4,7,0,0,0,1,0,4,0,0,0,1,4,3,43289.3628752
20231,1129003420,2,1,1,0,0,0,1,0,1,0,0,0,0,0,1,0,0,0,1,0,0,5783.34671246
20231,1129003425,7,3,4,0,1,0,1,5,0,0,1,0,0,2,0,0,0,0,1,3,0,13173.9466361
20231,1129003430,9,5,4,0,1,1,0,4,3,0,0,0,0,2,3,0,1,1,0,2,0,11398.3199726
20231,1129003438,6,3,3,0,2,0,0,2,2,0,2,0,0,0,1,0,0,0,0,2,1,5201.4781763
20231,1129003439,7,3,4,0,1,0,0,3,3,0,1,0,0,1,1,0,0,0,0,2,2,3907.40446867
20231,1129003449,95,65,30,0,5,11,27,19,33,0,1,6,14,16,28,0,4,5,13,3,5,187810.655269
20231,1129003454,4,1,3,0,0,1,2,0,1,0,0,0,0,0,1,0,0,1,2,0,0,1635.74900217
20231,1129003458,5,2,3,0,0,0,0,2,3,0,0,0,0,1,1,0,0,0,0,1,2,3125.20783225
20231,1129003459,5,2,3,0,2,2,0,1,0,0,0,1,0,1,0,0,2,1,0,0,0,5154.16300387
20231,1129003461,9,2,7,0,0,4,2,3,0,0,0,0,1,1,0,0,0,4,1,2,0,895.469127812
20231,1129003462,6,5,1,0,2,1,3,0,0,0,2,1,2,0,0,0,0,0,1,0,0,2256.17247661
20231,1129003463,2,1,1,0,0,0,0,0,2,0,0,0,0,0,1,0,0,0,0,0,1,2883.31968909
20231,1129003464,2,1,1,0,0,0,0,2,0,0,0,0,0,1,0,0,0,0,0,1,0,6440.32625528
20231,1129003465,20,4,16,0,8,2,5,4,1,0,1,0,1,2,0,0,7,2,4,2,1,10892.0161003
20231,1129003466,5,3,2,0,0,1,1,2,1,0,0,1,0,1,1,0,0,0,1,1,0,1605.80721062
20231,1129003471,185,147,38,0,1,2,19,73,90,0,0,2,16,64,65,0,1,0,3,9,25,11444.966217
20231,1129003472,9,3,6,0,0,1,6,1,1,0,0,0,2,0,1,0,0,1,4,1,0,4741.68292349
20231,1129003473,6,4,2,0,1,0,1,3,1,0,1,0,1,2,0,0,0,0,0,1,1,7415.77253621
20231,1129003475,28,14,14,0,0,2,10,7,9,0,0,0,4,3,7,0,0,2,6,4,2,15399.1824614
20231,1129003478,9,8,1,0,0,0,2,3,4,0,0,0,1,3,4,0,0,0,1,0,0,2173.44061398
20231,1129003481,4,3,1,0,0,1,2,0,1,0,0,1,1,0,1,0,0,0,1,0,0,2720.8337914
20231,1129003488,12,10,2,0,0,2,5,3,2,0,0,2,3,3,2,0,0,0,2,0,0,2759.1334116
20231,1129003490,64,55,9,0,7,3,9,19,26,0,7,0,7,17,24,0,0,3,2,2,2,5127.06380089
20231,1129003491,5,5,0,0,0,0,1,3,1,0,0,0,1,3,1,0,0,0,0,0,0,3840.8570141
20231,1129003492,14,3,11,0,1,1,7,1,4,0,0,0,0,0,3,0,1,1,7,1,1,4444.62520214
20231,1129003494,54,43,11,0,1,4,13,25,11,0,0,4,10,20,9,0,1,0,3,5,2,10865.6456726
20231,1129003495,1,0,1,0,0,0,0,0,1,0,0,0,0,0,0,0,0,0,0,0,1,7080.28371426
20231,1129003497,43,24,19,0,5,12,12,7,7,0,3,7,4,6,4,0,2,5,8,1,3,12197.3477535
20231,1129003501,50,18,32,0,11,11,7,15,6,0,0,1,3,9,5,0,11,10,4,6,1,9558.81610453
20231,1129003502,3,1,2,0,0,1,1,1,0,0,0,0,0,1,0,0,0,1,1,0,0,2814.81008911
20231,1129003503,9,7,2,0,1,0,3,4,1,0,1,0,2,3,1,0,0,0,1,1,0,4808.585719
20231,1129003504,13,11,2,0,0,1,3,3,6,0,0,1,3,2,5,0,0,0,0,1,1,2850.58247671
20231,1129003505,1,0,1,0,0,0,1,0,0,0,0,0,0,0,0,0,0,0,1,0,0,5077.2057616
20231,1129003507,2,0,2,0,0,0,1,1,0,0,0,0,0,0,0,0,0,0,1,1,0,2091.02593302
20231,1129003512,9,7,2,0,1,0,4,2,2,0,1,0,3,1,2,0,0,0,1,1,0,8231.56905744
20231,1129003516,6,3,3,0,3,1,2,0,0,0,1,1,1,0,0,0,2,0,1,0,0,15508.1357462
20231,1129003518,15,1,14,0,6,2,3,4,0,0,0,0,1,0,0,0,6,2,2,4,0,3969.57837388
20231,1129003529,13,10,3,0,0,4,8,0,1,0,0,3,6,0,1,0,0,1,2,0,0,9025.84763106
20231,1129003532,285,130,155,0,41,53,67,68,56,0,10,24,34,28,34,0,31,29,33,40,22,918.580815296
20231,1129003535,15,13,2,0,0,1,3,7,4,0,0,1,3,6,3,0,0,0,0,1,1,7701.9239029
20231,1129003538,161,38,123,0,14,11,21,59,56,0,8,9,5,11,5,0,6,2,16,48,51,2352.87876807
20231,1129003552,154,119,35,0,15,10,38,66,25,0,0,6,33,57,23,0,15,4,5,9,2,7836.58501461
20231,1129003553,3,3,0,0,3,0,0,0,0,0,3,0,0,0,0,0,0,0,0,0,0,66923.920245
20231,1129003554,11,5,6,0,0,1,1,8,1,0,0,0,0,4,1,0,0,1,1,4,0,3190.56101361
20231,1129003556,32,12,20,0,5,8,9,8,2,0,2,2,4,2,2,0,3,6,5,6,0,5942.08922072
20231,1129003557,2,0,2,0,1,1,0,0,0,0,0,0,0,0,0,0,1,1,0,0,0,11496.5088845
20231,1129003558,6,3,3,0,0,0,0,1,5,0,0,0,0,0,3,0,0,0,0,1,2,3635.4763951
20231,1129003560,4,1,3,2,1,1,0,0,0,0,0,1,0,0,0,2,1,0,0,0,0,4382.42548896
20231,1129003561,4,1,3,0,0,1,2,1,0,0,0,0,0,1,0,0,0,1,2,0,0,10339.5582671
20231,1129003562,9,8,1,0,0,0,1,3,5,0,0,0,1,2,5,0,0,0,0,1,0,2384.24060202
20231,1129003566,2,1,1,0,0,1,0,1,0,0,0,1,0,0,0,0,0,0,0,1,0,4002.07989979
20231,1129003569,3,1,2,0,0,0,2,0,1,0,0,0,1,0,0,0,0,0,1,0,1,3362.24094154
20231,1129003570,7,4,3,0,0,0,2,4,1,0,0,0,0,3,1,0,0,0,2,1,0,4095.43017248
20231,1129003571,68,33,35,0,5,17,16,21,9,0,2,11,7,5,8,0,3,6,9,16,1,2099.64748224
20231,1129003572,7,2,5,0,0,0,2,4,1,0,0,0,1,0,1,0,0,0,1,4,0,11735.0325811
20231,1129003573,210,85,125,0,35,68,46,32,29,0,9,24,17,15,20,0,26,44,29,17,9,1383.15053281
20231,1129003583,2,2,0,0,0,0,0,1,1,0,0,0,0,1,1,0,0,0,0,0,0,9062.71641534
20231,1129003584,24,16,8,0,0,3,12,8,1,0,0,1,9,5,1,0,0,2,3,3,0,7500.91627999
20231,1129003591,5,0,5,0,2,1,1,1,0,0,0,0,0,0,0,0,2,1,1,1,0,35057.7791291
20231,1129003592,4,0,4,0,0,1,3,0,0,0,0,0,0,0,0,0,0,1,3,0,0,2108.21308021
20231,1129003595,6,2,4,0,0,1,1,2,2,0,0,0,1,0,1,0,0,1,0,2,1,10796.8229576
20231,1129003597,3,1,2,0,0,0,1,1,1,0,0,0,0,0,1,0,0,0,1,1,0,66883.6004134
20231,1129003605,21,12,9,0,2,5,5,4,5,0,1,1,2,4,4,0,1,4,3,0,1,14460.250442
20231,1129003609,510,474,36,0,3,51,162,213,81,0,3,47,150,199,75,0,0,4,12,14,6,23371.0695476
20231,1129003612,80,19,61,0,13,21,23,18,5,0,3,2,5,4,5,0,10,19,18,14,0,14747.2569598
20231,1129003617,21,7,14,0,3,12,1,4,1,0,1,4,0,1,1,0,2,8,1,3,0,91824.7350045
20231,1129003622,129,77,52,0,10,36,30,36,17,0,5,23,23,19,7,0,5,13,7,17,10,364030.393388
20231,1129003626,2,1,1,0,0,1,0,1,0,0,0,1,0,0,0,0,0,0,0,1,0,1229.95861833
20231,1129003631,15,12,3,0,1,2,4,5,3,0,0,2,3,5,2,0,1,0,1,0,1,3410.75305058
20231,1129003632,10,0,10,0,1,2,4,1,2,0,0,0,0,0,0,0,1,2,4,1,2,2647.76767072
20231,1129003635,24,12,12,0,0,4,6,10,4,0,0,1,3,6,2,0,0,3,3,4,2,4196.59967382
20231,1129003637,2,1,1,0,0,0,0,1,1,0,0,0,0,0,1,0,0,0,0,1,0,8049.11175236
20231,1129003638,17,12,5,0,0,5,7,4,1,0,0,4,4,4,0,0,0,1,3,0,1,15226.2434879
20231,1129003639,5,3,2,0,0,1,0,0,4,0,0,1,0,0,2,0,0,0,0,0,2,2934.13519498
20231,1129003642,4,4,0,0,0,0,2,1,1,0,0,0,2,1,1,0,0,0,0,0,0,5897.5778106
20231,1129003643,11,1,10,0,1,2,5,2,1,0,0,0,0,0,1,0,1,2,5,2,0,6837.4161208
20231,1129003644,25,19,6,0,4,6,10,5,0,0,2,4,10,3,0,0,2,2,0,2,0,5193.41238891
20231,1129003645,2,1,1,0,0,0,1,1,0,0,0,0,1,0,0,0,0,0,0,1,0,4580.15754293
20231,1129003646,5,1,4,0,0,0,0,2,3,0,0,0,0,0,1,0,0,0,0,2,2,3918.47960485
20231,1129003647,4,3,1,0,0,1,1,0,2,0,0,1,1,0,1,0,0,0,0,0,1,1771.93214574
20231,1129003648,10,3,7,0,0,3,1,2,4,0,0,1,0,1,1,0,0,2,1,1,3,8662.37507444
20231,1129003649,73,17,56,0,10,25,19,17,2,0,2,7,2,4,2,0,8,18,17,13,0,15138.197714
20231,1129003650,2,2,0,0,0,0,1,1,0,0,0,0,1,1,0,0,0,0,0,0,0,3109.9158624
20231,1129003652,16,12,4,0,3,4,5,2,2,0,3,4,3,1,1,0,0,0,2,1,1,3606.45113363
20231,1129003653,11,5,6,0,1,7,0,2,1,0,0,4,0,0,1,0,1,3,0,2,0,4437.25472213
20231,1129003654,299,135,164,0,16,91,127,63,2,0,3,29,57,46,0,0,13,62,70,17,2,4859.55705745
20231,1129003656,21,12,9,0,8,7,4,1,1,0,5,4,2,1,0,0,3,3,2,0,1,11004.0351229
20231,1129003661,1,1,0,0,0,0,0,1,0,0,0,0,0,1,0,0,0,0,0,0,0,70721.8136508
20231,1129003662,226,216,10,0,0,6,55,122,43,0,0,5,50,120,41,0,0,1,5,2,2,6772.06650861
20231,1129003664,23,12,11,0,1,5,4,10,3,0,0,2,2,7,1,0,1,3,2,3,2,7449.32944136
20231,1129003666,5,4,1,0,1,1,1,2,0,0,1,0,1,2,0,0,0,1,0,0,0,1856.63367865
20231,1129003668,3,1,2,0,0,1,0,2,0,0,0,0,0,1,0,0,0,1,0,1,0,3861.22013661
20231,1129003669,5,4,1,0,0,0,0,2,3,0,0,0,0,2,2,0,0,0,0,0,1,11254.8578306
20231,1129003675,7,3,4,0,0,1,3,3,0,0,0,0,2,1,0,0,0,1,1,2,0,8134.38017431
20231,1129003676,6,2,4,0,0,1,2,1,2,0,0,0,0,0,2,0,0,1,2,1,0,2757.3207121
20231,1129003683,43,34,9,0,1,4,18,10,10,0,1,3,11,9,10,0,0,1,7,1,0,32502.5464158
20231,1129003686,12,6,6,0,2,2,1,2,5,0,1,1,0,1,3,0,1,1,1,1,2,3100.33448527
20231,1129003688,2,0,2,0,0,0,0,2,0,0,0,0,0,0,0,0,0,0,0,2,0,2580.03319568
20231,1129003689,12,9,3,0,0,2,4,2,4,0,0,1,3,1,4,0,0,1,1,1,0,4895.55031041
20231,1129003690,28,16,12,0,7,4,9,7,1,0,2,1,7,5,1,0,5,3,2,2,0,7512.16445146
20231,1129003691,16,3,13,0,0,0,2,6,8,0,0,0,0,1,2,0,0,0,2,5,6,2512.19308667
20231,1129003692,93,44,49,0,10,18,35,18,12,0,2,11,16,10,5,0,8,7,19,8,7,1654.19259011
20231,1129003707,104,30,74,0,27,21,31,13,12,0,6,5,12,2,5,0,21,16,19,11,7,3578.19044182
20231,1129003708,3,2,1,0,1,1,1,0,0,0,0,1,1,0,0,0,1,0,0,0,0,4508.21204408
20231,1129003709,7,6,1,1,0,4,1,1,0,1,0,4,1,0,0,0,0,0,0,1,0,2703.26186374
20231,1129003713,2,1,1,0,0,1,0,1,0,0,0,1,0,0,0,0,0,0,0,1,0,3855.67425809
20231,1129003714,4,2,2,0,0,1,2,0,1,0,0,1,1,0,0,0,0,0,1,0,1,3992.61757975
20231,1129003715,7,0,7,0,0,2,5,0,0,0,0,0,0,0,0,0,0,2,5,0,0,2863.81754593
20231,1129003718,7,5,2,0,0,4,0,3,0,0,0,2,0,3,0,0,0,2,0,0,0,2765.49020333
20231,1129003722,14,11,3,0,1,2,5,6,0,0,1,2,4,4,0,0,0,0,1,2,0,6548.44868383
20231,1129003730,22,18,4,0,0,0,7,10,5,0,0,0,7,8,3,0,0,0,0,2,2,4859.02020555
20231,1129003733,1,1,0,0,0,0,1,0,0,0,0,0,1,0,0,0,0,0,0,0,0,1375.8279614
20231,1129003736,2,1,1,0,0,0,2,0,0,0,0,0,1,0,0,0,0,0,1,0,0,1815.04522933
20231,1129003738,1,1,0,0,0,0,1,0,0,0,0,0,1,0,0,0,0,0,0,0,0,972.19093857
20231,1129003741,4,1,3,0,0,2,2,0,0,0,0,0,1,0,0,0,0,2,1,0,0,4936.46713229
20231,1129003742,4,1,3,0,1,0,2,1,0,0,0,0,0,1,0,0,1,0,2,0,0,3731.55817055
20231,1129003743,10,4,6,0,2,3,1,4,0,0,1,2,0,1,0,0,1,1,1,3,0,9426.09054684
20231,1129003747,13,10,3,0,2,1,5,4,1,0,2,1,3,3,1,0,0,0,2,1,0,98983.2011773
20231,1129003749,7,6,1,0,0,1,1,2,3,0,0,1,1,2,2,0,0,0,0,0,1,6088.11954373
20231,1129003752,3,2,1,0,0,0,0,1,2,0,0,0,0,1,1,0,0,0,0,0,1,8476.50519957
20231,1129003753,18227,9407,8820,55,1380,4733,6768,5234,57,12,578,1554,2999,4214,50,43,802,3179,3769,1020,7,2722.10885391
20231,1129003755,51,15,36,0,11,10,19,9,2,0,2,6,4,1,2,0,9,4,15,8,0,5675.39728984
20231,1129003757,2,1,1,0,0,0,2,0,0,0,0,0,1,0,0,0,0,0,1,0,0,3853.97568297
20231,1129003758,37,16,21,0,13,13,7,3,1,0,4,10,1,1,0,0,9,3,6,2,1,7810.12637188
20231,1129003761,17,11,6,0,1,4,6,4,2,0,1,3,2,3,2,0,0,1,4,1,0,4804.4487743
20231,1129003763,2,1,1,0,0,0,0,0,2,0,0,0,0,0,1,0,0,0,0,0,1,2296.15955491
20231,1129003765,11,3,8,0,1,0,5,3,2,0,0,0,2,0,1,0,1,0,3,3,1,4923.71898931
20231,1129003769,5,4,1,0,0,0,0,4,1,0,0,0,0,3,1,0,0,0,0,1,0,1080.53169284
20231,1129003770,2,1,1,0,0,0,0,1,1,0,0,0,0,0,1,0,0,0,0,1,0,1966.90108742
20231,1129003773,66,30,36,0,6,10,11,15,24,0,3,8,5,8,6,0,3,2,6,7,18,13314.3166489
20231,1129003776,17,8,9,0,2,1,3,7,4,0,1,1,2,4,0,0,1,0,1,3,4,1237.35871907
20231,1129003782,2,1,1,0,0,1,1,0,0,0,0,1,0,0,0,0,0,0,1,0,0,1548.99743626
20231,1129003783,7,4,3,0,0,1,2,2,2,0,0,1,1,1,1,0,0,0,1,1,1,3051.7287323
20231,1129003789,4,2,2,0,0,1,0,1,2,0,0,0,0,0,2,0,0,1,0,1,0,5673.86036683
20231,1129003796,7,3,4,0,0,1,4,0,2,0,0,0,1,0,2,0,0,1,3,0,0,12054.9248195
20231,1129003798,95,20,75,0,13,29,33,18,2,0,5,6,2,6,1,0,8,23,31,12,1,4385.2380074
20231,1129003800,28,6,22,0,5,8,6,8,1,0,1,0,2,2,1,0,4,8,4,6,0,5733.59436
20231,1129003804,10,2,8,0,3,3,1,1,2,0,0,1,0,0,1,0,3,2,1,1,1,2957.85152396
20231,1129003805,78,18,60,0,16,15,25,16,6,0,3,3,5,2,5,0,13,12,20,14,1,10312.166553
20231,1129003807,28,3,25,0,8,4,4,8,4,0,1,1,0,0,1,0,7,3,4,8,3,4031.21743756
20231,1129003808,26,17,9,0,13,4,6,2,1,0,11,1,3,1,1,0,2,3,3,1,0,4077.87335975
20231,1129003818,12,6,6,0,1,3,1,2,5,0,0,2,0,1,3,0,1,1,1,1,2,406.991142185
20231,1129003819,3,2,1,0,1,1,1,0,0,0,0,1,1,0,0,0,1,0,0,0,0,2623.44244625
20231,1129003822,8,6,2,0,0,2,1,2,3,0,0,1,1,1,3,0,0,1,0,1,0,9233.31269517
20231,1129003831,213,3,210,0,14,8,35,87,69,0,0,0,1,0,2,0,14,8,34,87,67,8360.25277104
20231,1129003832,3,3,0,0,1,1,1,0,0,0,1,1,1,0,0,0,0,0,0,0,0,8841.87290226
20231,1129003836,4,4,0,0,0,0,1,3,0,0,0,0,1,3,0,0,0,0,0,0,0,3192.73090815
20231,1129003837,8,2,6,0,1,1,1,5,0,0,0,0,0,2,0,0,1,1,1,3,0,3653.93374724
20231,1129003841,16,9,7,0,0,3,5,7,1,0,0,1,3,5,0,0,0,2,2,2,1,5801.40639592
20231,1129003848,247,155,92,1,26,53,56,75,36,0,16,30,34,50,25,1,10,23,22,25,11,4439.32277955
20231,1129003850,8,7,1,0,0,1,2,5,0,0,0,1,1,5,0,0,0,0,1,0,0,3680.25513449
20231,1129003852,66,39,27,1,6,10,13,18,18,0,1,2,9,14,13,1,5,8,4,4,5,4897.45106624
20231,1129003853,18,2,16,0,1,2,11,0,4,0,0,0,0,0,2,0,1,2,11,0,2,51772.1790006
20231,1129003874,12,8,4,0,8,0,1,3,0,0,6,0,1,1,0,0,2,0,0,2,0,2742.85222461
20231,1129003878,477,304,173,2,79,108,113,136,39,0,45,65,68,95,31,2,34,43,45,41,8,2181.72728471
20231,1129003880,45,17,28,0,12,8,2,12,11,0,1,3,2,3,8,0,11,5,0,9,3,4487.40751104
20231,1129003883,16,9,7,0,2,4,5,5,0,0,0,2,5,2,0,0,2,2,0,3,0,2187.00235115
20231,1129003895,45,22,23,0,15,12,15,2,1,0,6,6,10,0,0,0,9,6,5,2,1,8573.68921877
20231,1129003898,444,373,71,0,49,136,113,140,6,0,30,110,93,134,6,0,19,26,20,6,0,6673.68426042
20231,1129003904,11,5,6,0,1,4,4,1,1,0,0,2,2,0,1,0,1,2,2,1,0,1802.43582599
20231,1129003906,257,232,25,0,32,90,55,79,1,0,29,80,48,74,1,0,3,10,7,5,0,3646.97607484
20231,1129003910,4,2,2,0,0,1,1,1,1,0,0,1,1,0,0,0,0,0,0,1,1,3654.51063992
20231,1129003911,187,135,52,2,37,45,51,29,23,0,22,34,40,22,17,2,15,11,11,7,6,1356.87277141
20231,1129003914,66,13,53,1,8,11,22,15,9,0,0,2,3,4,4,1,8,9,19,11,5,6337.81086175
20231,1129003915,2,1,1,0,0,1,0,1,0,0,0,1,0,0,0,0,0,0,0,1,0,3504.52930645
20231,1129003916,7,1,6,0,0,0,2,3,2,0,0,0,0,0,1,0,0,0,2,3,1,2544.18164403
20231,1129003918,2,1,1,0,0,0,0,0,2,0,0,0,0,0,1,0,0,0,0,0,1,3065.12168171
20232,1123000001,120,55,65,0,7,10,27,32,44,0,1,2,14,11,27,0,6,8,13,21,17,4017.03275138
20232,1123000002,6,3,3,0,0,1,0,3,2,0,0,0,0,1,2,0,0,1,0,2,0,4030.88106728
20232,1123000003,5,4,1,0,0,2,2,0,1,0,0,2,1,0,1,0,0,0,1,0,0,2781.85755149
20232,1123000004,764,299,465,2,92,103,227,194,146,0,51,55,53,59,81,2,41,48,174,135,65,3286.03019847
20232,1123000005,113,57,56,0,27,36,24,14,12,0,7,14,16,10,10,0,20,22,8,4,2,6411.81232975
20232,1123000006,8,3,5,0,1,1,2,3,1,0,0,1,0,1,1,0,1,0,2,2,0,1289.78300619
20232,1123000007,8,7,1,0,1,2,1,1,3,0,0,2,1,1,3,0,1,0,0,0,0,4301.33006743
20232,1123000008,24,9,15,0,5,0,6,5,8,0,0,0,2,3,4,0,5,0,4,2,4,3931.99356818
20232,1123000010,3,2,1,0,0,0,2,1,0,0,0,0,1,1,0,0,0,0,1,0,0,946.498084201
20232,1123000012,75,41,34,0,9,14,22,21,9,0,5,10,12,7,7,0,4,4,10,14,2,6062.06191538
20232,1123000013,2,2,0,0,0,1,0,0,1,0,0,1,0,0,1,0,0,0,0,0,0,1035.68562879
20232,1123000014,2,1,1,0,0,0,2,0,0,0,0,0,1,0,0,0,0,0,1,0,0,2203.81881846
20232,1123000015,8,5,3,0,0,1,4,2,1,0,0,0,3,1,1,0,0,1,1,1,0,2393.8773718
20232,1123000017,28,18,10,0,9,12,6,1,0,0,7,9,1,1,0,0,2,3,5,0,0,2824.91954045
20232,1123000018,14,9,5,0,0,0,1,1,12,0,0,0,0,0,9,0,0,0,1,1,3,6616.95583478
20232,1123000020,3,3,0,0,0,2,0,1,0,0,0,2,0,1,0,0,0,0,0,0,0,2175.39408638
20232,1123000021,11,9,2,0,0,0,1,5,5,0,0,0,1,5,3,0,0,0,0,0,2,5430.30601674
20232,1123000022,3058,1155,1903,1,468,643,945,966,35,1,373,482,237,55,7,0,95,161,708,911,28,5528.57732009
20232,1123000023,2,2,0,0,0,0,1,1,0,0,0,0,1,1,0,0,0,0,0,0,0,840.798748147
20232,1123000024,2,1,1,0,0,1,0,1,0,0,0,0,0,1,0,0,0,1,0,0,0,2048.15282661
20232,1123000025,7,1,6,0,0,2,0,4,1,0,0,1,0,0,0,0,0,1,0,4,1,1447.24906033
20232,1123000026,10,8,2,0,0,3,5,1,1,0,0,2,5,1,0,0,0,1,0,0,1,3915.09617768
20232,1123000027,24,19,5,0,0,5,6,7,6,0,0,3,4,6,6,0,0,2,2,1,0,2555.75910236
20232,1123000029,52,37,15,0,1,5,15,11,20,0,0,2,9,7,19,0,1,3,6,4,1,7199.08930214
20232,1123000031,4,3,1,0,0,0,0,1,3,0,0,0,0,1,2,0,0,0,0,0,1,1903.20900952
20232,1123000033,2,2,0,0,0,1,0,0,1,0,0,1,0,0,1,0,0,0,0,0,0,1491.58486878
20232,1123000034,21,18,3,0,5,9,3,3,1,0,4,9,2,3,0,0,1,0,1,0,1,6220.61213951
20232,1123000035,25,17,8,1,0,4,8,5,7,0,0,4,7,2,4,1,0,0,1,3,3,6605.30271984
20232,1123000037,178,111,67,0,5,12,14,13,134,0,0,9,6,5,91,0,5,3,8,8,43,8207.61627371
20232,1123000038,27,20,7,0,11,2,5,5,4,0,8,2,2,4,4,0,3,0,3,1,0,803.762450547
20232,1123000040,387,293,94,1,93,150,74,47,22,0,61,103,65,43,21,1,32,47,9,4,1,8138.33113334
20232,1123000044,1,0,1,0,0,0,1,0,0,0,0,0,0,0,0,0,0,0,1,0,0,2137.75890075
20232,1123000045,83,13,70,0,9,29,27,17,1,0,0,5,5,3,0,0,9,24,22,14,1,15648.5004924
20232,1123000046,5,5,0,0,0,0,0,4,1,0,0,0,0,4,1,0,0,0,0,0,0,1130.86507
20232,1123000048,10,7,3,0,0,1,3,3,3,0,0,1,2,2,2,0,0,0,1,1,1,1083.1532696
20232,1123000054,31,15,16,0,2,8,10,10,1,0,0,6,4,5,0,0,2,2,6,5,1,15357.967654
20232,1123000055,20,13,7,0,0,3,3,5,9,0,0,2,1,4,6,0,0,1,2,1,3,7092.9507577
20232,1123000056,3,2,1,0,0,1,1,0,1,0,0,1,0,0,1,0,0,0,1,0,0,577.232722192
20232,1123000057,42,28,14,1,5,20,4,8,4,0,2,13,2,7,4,1,3,7,2,1,0,3234.22420105
20232,1123000059,2,1,1,0,0,0,0,0,2,0,0,0,0,0,1,0,0,0,0,0,1,4698.91175408
20232,1123000060,42,30,12,0,2,5,6,14,15,0,1,3,4,10,12,0,1,2,2,4,3,5016.86744303
20232,1123000062,46,28,18,0,1,6,14,11,14,0,0,2,8,8,10,0,1,4,6,3,4,4520.76958669
20232,1123000064,11,8,3,0,6,3,2,0,0,0,5,2,1,0,0,0,1,1,1,0,0,2714.33596439
20232,1123000068,12,7,5,0,0,1,6,2,3,0,0,1,3,2,1,0,0,0,3,0,2,2571.36398479
20232,1123000074,9,7,2,0,0,1,5,2,1,0,0,1,4,1,1,0,0,0,1,1,0,5678.60586915
20232,1123000076,8,3,5,0,1,2,2,3,0,0,0,0,1,2,0,0,1,2,1,1,0,1888.01799067
20232,1123000080,12,11,1,0,1,1,5,3,2,0,1,1,4,3,2,0,0,0,1,0,0,4204.1555437
20232,1123000081,2,0,2,0,1,0,1,0,0,0,0,0,0,0,0,0,1,0,1,0,0,1220.34719234
20232,1123000086,35,29,6,0,8,2,13,7,5,0,8,1,10,5,5,0,0,1,3,2,0,6094.20213656
20232,1123000087,31,17,14,0,1,5,13,10,2,0,0,2,7,7,1,0,1,3,6,3,1,6170.24214404
20232,1123000095,97,76,21,0,15,15,13,39,15,0,12,13,10,30,11,0,3,2,3,9,4,6888.55564025
20232,1123000101,3,1,2,0,0,0,0,0,3,0,0,0,0,0,1,0,0,0,0,0,2,3102.44110675
20232,1123000110,4,4,0,0,1,0,0,1,2,0,1,0,0,1,2,0,0,0,0,0,0,5124.86166655
20232,1123000115,15,0,15,0,4,5,1,5,0,0,0,0,0,0,0,0,4,5,1,5,0,1516.72095658
20232,1123000118,2,2,0,0,0,2,0,0,0,0,0,2,0,0,0,0,0,0,0,0,0,3624.99097869
20232,1123000121,7,4,3,0,1,2,2,1,1,0,0,0,2,1,1,0,1,2,0,0,0,3406.21207151
20232,1123000125,10,8,2,0,0,1,1,7,1,0,0,1,1,5,1,0,0,0,0,2,0,6931.85762841
20232,1123000126,35,14,21,0,3,12,10,8,2,0,1,3,6,3,1,0,2,9,4,5,1,3836.44843671
20232,1123000133,38,24,14,0,0,5,15,10,8,0,0,0,9,8,7,0,0,5,6,2,1,2259.47066943
20232,1123000134,3,2,1,0,0,0,0,3,0,0,0,0,0,2,0,0,0,0,0,1,0,3499.19733522
20232,1123000136,2,2,0,0,0,0,1,0,1,0,0,0,1,0,1,0,0,0,0,0,0,1596.34807451
20232,1123000137,34,24,10,0,8,1,9,11,5,0,4,0,6,10,4,0,4,1,3,1,1,2979.24347907
20232,1123000142,8,5,3,0,2,2,2,2,0,0,1,2,1,1,0,0,1,0,1,1,0,5931.98452651
20232,1123000145,41,28,13,0,7,18,13,2,1,0,1,18,7,2,0,0,6,0,6,0,1,2671.59923204
20232,1123000148,15,12,3,0,0,2,7,3,3,0,0,2,6,1,3,0,0,0,1,2,0,4354.43292439
20232,1123000151,2,1,1,0,0,0,1,1,0,0,0,0,0,1,0,0,0,0,1,0,0,3625.53155849
20232,1123000153,2,2,0,0,0,0,0,0,2,0,0,0,0,0,2,0,0,0,0,0,0,4067.70923234
20232,1123000159,64,49,15,3,27,12,5,5,12,3,21,8,2,4,11,0,6,4,3,1,1,4181.10209351
20232,1123000160,8,5,3,0,0,1,2,4,1,0,0,1,1,3,0,0,0,0,1,1,1,4134.06663485
20232,1123000161,9,4,5,0,1,0,4,4,0,0,0,0,3,1,0,0,1,0,1,3,0,4211.32107547
20232,1123000162,50,32,18,0,3,10,9,15,13,0,2,2,4,12,12,0,1,8,5,3,1,3010.23207377
20232,1123000165,3,2,1,0,0,0,0,2,1,0,0,0,0,1,1,0,0,0,0,1,0,3316.38080846
20232,1123000167,13,6,7,0,1,1,4,3,4,0,0,0,0,3,3,0,1,1,4,0,1,4511.13210114
20232,1123000168,40,5,35,0,6,13,9,12,0,0,1,2,0,2,0,0,5,11,9,10,0,9387.61218208
20232,1123000171,3,2,1,0,0,0,3,0,0,0,0,0,2,0,0,0,0,0,1,0,0,6299.9018049
20232,1123000172,53,44,9,0,10,8,20,12,3,0,8,6,15,12,3,0,2,2,5,0,0,4813.26234244
20232,1123000180,23,20,3,0,1,4,14,4,0,0,1,4,11,4,0,0,0,0,3,0,0,2999.47522755
20232,1123000183,105,84,21,0,12,26,40,14,13,0,8,21,31,13,11,0,4,5,9,1,2,7375.44148827
20232,1123000188,128,82,46,0,33,28,19,35,13,0,26,18,10,22,6,0,7,10,9,13,7,10463.6082986
20232,1123000190,1,0,1,0,0,0,1,0,0,0,0,0,0,0,0,0,0,0,1,0,0,2329.28483175
20232,1123000192,34,12,22,0,4,7,11,6,6,0,2,2,3,1,4,0,2,5,8,5,2,13732.0907677
20232,1123000194,19,13,6,0,1,5,6,2,5,0,1,3,4,2,3,0,0,2,2,0,2,2892.15962561
20232,1123000197,10,0,10,0,4,4,1,1,0,0,0,0,0,0,0,0,4,4,1,1,0,1557.20047538
20232,1123000198,2,1,1,0,0,0,1,1,0,0,0,0,1,0,0,0,0,0,0,1,0,1248.0171003
20232,1123000203,2,0,2,0,0,0,2,0,0,0,0,0,0,0,0,0,0,0,2,0,0,2573.41998702
20232,1123000204,2,2,0,0,0,0,0,0,2,0,0,0,0,0,2,0,0,0,0,0,0,4623.78894414
20232,1123000206,48,21,27,0,9,3,10,19,7,0,2,1,1,13,4,0,7,2,9,6,3,10040.5122401
20232,1123000211,220,165,55,0,5,31,40,54,90,0,4,12,26,44,79,0,1,19,14,10,11,9339.31922521
20232,1123000212,8,5,3,0,1,0,2,3,2,0,1,0,1,2,1,0,0,0,1,1,1,1225.44547636
20232,1123000213,20,15,5,0,2,5,2,5,6,0,2,4,2,4,3,0,0,1,0,1,3,1361.05161365
20232,1123000214,75,52,23,1,2,8,22,21,21,0,1,5,16,17,13,1,1,3,6,4,8,9506.07577589
20232,1123000215,8,7,1,0,0,1,3,2,2,0,0,1,2,2,2,0,0,0,1,0,0,1592.80154171
20232,1123000216,28,21,7,0,2,6,9,7,4,0,2,6,7,4,2,0,0,0,2,3,2,4814.16819106
20232,1123000217,7,5,2,0,1,1,3,0,2,0,1,0,2,0,2,0,0,1,1,0,0,956.60642855
20232,1123000218,9,9,0,0,0,2,4,0,3,0,0,2,4,0,3,0,0,0,0,0,0,1529.83558997
20232,1123000219,5,3,2,0,1,2,1,1,0,0,0,2,1,0,0,0,1,0,0,1,0,1074.32345325
20232,1123000220,16,16,0,0,0,7,3,3,3,0,0,7,3,3,3,0,0,0,0,0,0,1245.18242562
20232,1123000221,1098,985,113,18,431,435,151,44,19,18,379,393,143,35,17,0,52,42,8,9,2,12392.3332501
20232,1123000222,26,17,9,0,2,10,4,5,5,0,2,10,2,1,2,0,0,0,2,4,3,3245.18033155
20232,1123000223,6,5,1,0,0,0,4,2,0,0,0,0,3,2,0,0,0,0,1,0,0,2695.61471883
20232,1123000224,17,12,5,0,3,1,7,5,1,0,1,1,6,3,1,0,2,0,1,2,0,2963.33981399
20232,1123000225,216,166,50,1,18,45,60,47,45,1,13,36,48,31,37,0,5,9,12,16,8,19707.8622913
20232,1123000228,351,324,27,1,8,57,154,111,20,1,5,53,138,107,20,0,3,4,16,4,0,9404.49919757
20232,1123000229,2,1,1,0,0,0,0,1,1,0,0,0,0,0,1,0,0,0,0,1,0,1641.22956229
20232,1123000232,3,3,0,0,0,0,0,0,3,0,0,0,0,0,3,0,0,0,0,0,0,2148.40184801
20232,1123000233,20,19,1,0,1,2,7,8,2,0,1,2,7,8,1,0,0,0,0,0,1,3411.02784581
20232,1123000234,17,14,3,0,4,3,2,6,2,0,3,3,1,5,2,0,1,0,1,1,0,2866.74679435
20232,1123000236,115,87,28,0,3,23,35,35,19,0,2,17,28,24,16,0,1,6,7,11,3,3607.98985246
20232,1123000237,13,12,1,0,0,1,4,5,3,0,0,1,4,4,3,0,0,0,0,1,0,1646.85913787
20232,1123000241,2,2,0,0,0,0,0,0,2,0,0,0,0,0,2,0,0,0,0,0,0,445.409192279
20232,1123000242,63,37,26,0,11,15,22,10,5,0,5,7,13,8,4,0,6,8,9,2,1,1345.95386629
20232,1123000245,6,5,1,0,0,0,1,2,3,0,0,0,1,2,2,0,0,0,0,0,1,715.106846907
20232,1123000247,25,14,11,0,3,11,2,4,5,0,1,6,1,1,5,0,2,5,1,3,0,6884.19895901
20232,1123000254,42,27,15,0,4,11,7,14,6,0,2,6,6,9,4,0,2,5,1,5,2,8772.93835973
20232,1123000255,3,2,1,0,0,1,0,0,2,0,0,0,0,0,2,0,0,1,0,0,0,865.097427369
20232,1123000258,7,2,5,0,0,2,5,0,0,0,0,1,1,0,0,0,0,1,4,0,0,3039.18561101
20232,1123000264,2,2,0,0,0,0,2,0,0,0,0,0,2,0,0,0,0,0,0,0,0,4542.37238945
20232,1123000268,4,2,2,0,0,0,1,1,2,0,0,0,0,1,1,0,0,0,1,0,1,3047.33205643
20232,1123000270,4,3,1,0,0,1,2,1,0,0,0,1,1,1,0,0,0,0,1,0,0,2018.08693897
20232,1123000273,3,1,2,0,0,0,1,2,0,0,0,0,1,0,0,0,0,0,0,2,0,1054.94377933
20232,1123000282,22,18,4,0,3,3,5,7,4,0,3,3,4,6,2,0,0,0,1,1,2,3938.34616373
20232,1123000288,2,1,1,0,0,0,0,0,2,0,0,0,0,0,1,0,0,0,0,0,1,1980.02887542
20232,1123000289,3,1,2,0,0,0,0,2,1,0,0,0,0,1,0,0,0,0,0,1,1,668.536327817
20232,1123000291,2,1,1,0,0,1,1,0,0,0,0,1,0,0,0,0,0,0,1,0,0,793.763677092
20232,1123000292,10,4,6,0,0,4,1,5,0,0,0,1,1,2,0,0,0,3,0,3,0,2326.45340104
20232,1123000294,8,1,7,0,0,1,6,0,1,0,0,0,0,0,1,0,0,1,6,0,0,3352.07177196
20232,1123000297,10,0,10,0,1,2,1,5,1,0,0,0,0,0,0,0,1,2,1,5,1,3062.31488374
20232,1123000304,3,1,2,0,0,1,0,2,0,0,0,1,0,0,0,0,0,0,0,2,0,1243.07871428
20232,1123000311,219,138,81,0,5,16,35,64,99,0,3,10,25,41,59,0,2,6,10,23,40,12826.3621649
20232,1123000313,21,7,14,0,5,3,4,8,1,0,1,1,3,1,1,0,4,2,1,7,0,12629.6218867
20232,1123000315,2,2,0,0,0,0,2,0,0,0,0,0,2,0,0,0,0,0,0,0,0,1196.27749514
20232,1123000317,4,4,0,0,0,1,2,1,0,0,0,1,2,1,0,0,0,0,0,0,0,3370.5653296
20232,1123000318,12,8,4,0,1,2,5,2,2,0,1,2,2,1,2,0,0,0,3,1,0,3924.42055462
20232,1123000321,232,135,97,0,28,37,48,66,53,0,18,21,25,36,35,0,10,16,23,30,18,3145.08825278
20232,1123000322,39,18,21,0,9,10,12,6,2,0,2,6,6,4,0,0,7,4,6,2,2,5494.435008
20232,1123000323,225,130,95,4,32,36,51,58,44,3,6,18,32,39,32,1,26,18,19,19,12,2897.72268167
20232,1123000329,18,16,2,0,1,0,8,9,0,0,1,0,6,9,0,0,0,0,2,0,0,1998.48206724
20232,1123000332,3,1,2,0,0,0,3,0,0,0,0,0,1,0,0,0,0,0,2,0,0,3759.87692997
20232,1123000334,1,0,1,0,0,0,0,0,1,0,0,0,0,0,0,0,0,0,0,0,1,6665.12189398
20232,1123000337,36,24,12,0,7,3,8,6,12,0,3,2,5,6,8,0,4,1,3,0,4,7347.94807207
20232,1123000339,6,4,2,0,0,1,2,2,1,0,0,1,1,2,0,0,0,0,1,0,1,5393.1096788
20232,1123000342,26,15,11,0,5,7,3,6,5,0,1,4,2,3,5,0,4,3,1,3,0,3548.83810834
20232,1123000343,5,5,0,0,0,1,0,2,2,0,0,1,0,2,2,0,0,0,0,0,0,2410.66251465
20232,1123000346,34,28,6,2,3,5,6,4,14,2,1,3,4,4,14,0,2,2,2,0,0,2914.34643421
20232,1123000351,24,13,11,0,4,4,7,9,0,0,2,3,3,5,0,0,2,1,4,4,0,6009.65176534
20232,1123000353,2,2,0,0,0,0,0,0,2,0,0,0,0,0,2,0,0,0,0,0,0,4416.74960542
20232,1123000354,11,9,2,0,0,3,4,1,3,0,0,3,2,1,3,0,0,0,2,0,0,7580.06307624
20232,1123000355,11,7,4,0,0,2,2,4,3,0,0,1,1,2,3,0,0,1,1,2,0,2469.91902325
20232,1123000358,3,2,1,0,0,0,2,1,0,0,0,0,2,0,0,0,0,0,0,1,0,1726.38569282
20232,1123000359,19,5,14,0,3,0,7,6,3,0,0,0,0,2,3,0,3,0,7,4,0,7190.05473792
20232,1123000360,73,5,68,0,1,2,4,23,43,0,0,0,0,2,3,0,1,2,4,21,40,4869.81765984
20232,1123000361,3,3,0,0,0,0,0,3,0,0,0,0,0,3,0,0,0,0,0,0,0,4014.57137912
20232,1123000364,136,68,68,0,14,19,27,27,49,0,3,8,5,16,36,0,11,11,22,11,13,6876.32152484
20232,1123000365,8,6,2,0,0,3,2,2,1,0,0,2,2,1,1,0,0,1,0,1,0,5372.32479558
20232,1123000366,23,15,8,0,2,3,5,11,2,0,0,2,2,9,2,0,2,1,3,2,0,4162.11914876
20232,1123000368,6,2,4,0,0,0,1,4,1,0,0,0,0,1,1,0,0,0,1,3,0,2351.50251293
20232,1123000369,10,3,7,0,1,5,2,2,0,0,1,1,0,1,0,0,0,4,2,1,0,4316.36084581
20232,1123000371,2,2,0,0,0,0,2,0,0,0,0,0,2,0,0,0,0,0,0,0,0,1550.74502717
20232,1123000372,6,4,2,0,0,2,0,3,1,0,0,1,0,2,1,0,0,1,0,1,0,1115.26464071
20232,1123000373,9,6,3,0,2,2,1,2,2,0,1,1,1,1,2,0,1,1,0,1,0,4975.55561046
20232,1123000375,41,26,15,0,5,12,18,4,2,0,4,8,10,3,1,0,1,4,8,1,1,2225.89671569
20232,1123000380,3,2,1,0,0,1,2,0,0,0,0,1,1,0,0,0,0,0,1,0,0,4071.00695357
20232,1123000381,18,8,10,0,2,7,1,5,3,0,1,3,1,2,1,0,1,4,0,3,2,7013.37792937
20232,1123000390,72,45,27,2,3,12,23,24,8,1,2,9,14,11,8,1,1,3,9,13,0,3143.25258799
20232,1123000394,82,32,50,2,19,22,19,8,12,2,4,7,8,4,7,0,15,15,11,4,5,6970.93472206
20232,1123000395,29,27,2,0,1,1,5,4,18,0,1,0,4,4,18,0,0,1,1,0,0,1955.64644102
20232,1123000404,2,1,1,0,0,0,1,0,1,0,0,0,1,0,0,0,0,0,0,0,1,1100.26549614
20232,1123000405,9,8,1,0,2,2,3,2,0,0,2,2,2,2,0,0,0,0,1,0,0,3238.00246143
20232,1123000407,167,127,40,0,18,25,42,39,43,0,15,20,34,29,29,0,3,5,8,10,14,5142.13964751
20232,1123000416,26,11,15,0,2,5,11,6,2,0,0,2,6,2,1,0,2,3,5,4,1,2358.77187609
20232,1123000419,1,0,1,0,0,0,1,0,0,0,0,0,0,0,0,0,0,0,1,0,0,5899.06983397
20232,1123000423,26,12,14,1,5,7,6,4,3,0,2,1,5,2,2,1,3,6,1,2,1,80846.9160056
20232,1123000427,5,4,1,0,0,0,0,2,3,0,0,0,0,2,2,0,0,0,0,0,1,4144.48299325
20232,1123000428,4,3,1,0,1,0,1,0,2,0,1,0,0,0,2,0,0,0,1,0,0,2514.57657256
20232,1123000432,66,44,22,1,6,20,14,19,6,1,2,10,8,17,6,0,4,10,6,2,0,8280.65284575
20232,1123000433,16,14,2,0,0,1,3,5,7,0,0,1,3,4,6,0,0,0,0,1,1,2436.63949994
20232,1123000434,5,2,3,0,1,1,0,1,2,0,0,0,0,1,1,0,1,1,0,0,1,2050.92057543
20232,1123000436,425,337,88,8,73,143,142,45,14,2,46,123,125,30,11,6,27,20,17,15,3,16972.1355696
20232,1123000437,203,171,32,1,27,41,36,77,21,1,21,36,29,66,18,0,6,5,7,11,3,7210.75269373
20232,1123000438,29,16,13,0,1,1,4,17,6,0,0,1,3,9,3,0,1,0,1,8,3,4989.62584016
20232,1123000439,4,4,0,0,0,1,1,2,0,0,0,1,1,2,0,0,0,0,0,0,0,2152.19965666
20232,1123000440,6,5,1,0,0,0,1,4,1,0,0,0,1,3,1,0,0,0,0,1,0,1731.8187245
20232,1123000443,5,4,1,0,1,1,0,3,0,0,1,0,0,3,0,0,0,1,0,0,0,2988.77858266
20232,1123000447,16,10,6,0,2,1,6,7,0,0,2,1,2,5,0,0,0,0,4,2,0,2908.54500871
20232,1123000448,7,4,3,0,0,2,3,1,1,0,0,1,2,0,1,0,0,1,1,1,0,853.51796658
20232,1123000450,2,1,1,0,0,0,0,1,1,0,0,0,0,0,1,0,0,0,0,1,0,1195.79720661
20232,1123000454,4,1,3,0,0,0,1,2,1,0,0,0,0,1,0,0,0,0,1,1,1,2146.1138515
20232,1123000457,118,67,51,0,21,22,19,20,36,0,7,13,10,10,27,0,14,9,9,10,9,11178.8074975
20232,1123000458,2,1,1,0,0,0,0,2,0,0,0,0,0,1,0,0,0,0,0,1,0,3221.82682212
20232,1123000459,2,2,0,0,1,0,1,0,0,0,1,0,1,0,0,0,0,0,0,0,0,799.119568551
20232,1123000460,3,1,2,0,0,0,0,1,2,0,0,0,0,0,1,0,0,0,0,1,1,9542.1815697
20232,1123000461,35,24,11,0,6,6,6,10,7,0,1,4,4,10,5,0,5,2,2,0,2,5926.29449319
20232,1123000462,21,17,4,0,0,2,3,9,7,0,0,2,2,7,6,0,0,0,1,2,1,2433.26987734
20232,1123000464,12,5,7,0,0,2,4,5,1,0,0,1,2,2,0,0,0,1,2,3,1,4303.51701822
20232,1123000465,8,7,1,0,1,0,5,0,2,0,1,0,4,0,2,0,0,0,1,0,0,1400.30853031
20232,1123000467,16,13,3,0,0,3,2,3,8,0,0,1,1,3,8,0,0,2,1,0,0,1320.06597028
20232,1123000468,77,58,19,0,6,19,15,22,15,0,4,13,14,14,13,0,2,6,1,8,2,7189.43543783
20232,1123000469,18,15,3,0,1,1,8,5,3,0,1,1,6,4,3,0,0,0,2,1,0,4414.45263074
20232,1123000470,1111,664,447,11,132,99,135,222,512,11,108,71,81,118,275,0,24,28,54,104,237,3949.34350749
20232,1123000472,9,6,3,0,1,4,3,1,0,0,1,3,1,1,0,0,0,1,2,0,0,2634.71533759
20232,1123000473,84,73,11,0,2,9,12,32,29,0,1,5,11,29,27,0,1,4,1,3,2,3108.66796867
20232,1123000474,12,9,3,0,0,1,2,8,1,0,0,1,1,7,0,0,0,0,1,1,1,4981.89738597
20232,1123000475,47,25,22,0,5,7,14,13,8,0,3,5,4,8,5,0,2,2,10,5,3,3133.02543881
20232,1123000480,26,10,16,0,1,2,6,10,7,0,0,1,3,3,3,0,1,1,3,7,4,1601.86981027
20232,1123000486,10,5,5,0,3,1,1,3,2,0,1,1,0,1,2,0,2,0,1,2,0,3329.54903351
20232,1123000487,3,2,1,0,0,0,1,0,2,0,0,0,1,0,1,0,0,0,0,0,1,2778.91643329
20232,1123000488,9,8,1,0,0,0,1,3,5,0,0,0,1,2,5,0,0,0,0,1,0,4935.64771254
20232,1123000489,1,0,1,0,0,1,0,0,0,0,0,0,0,0,0,0,0,1,0,0,0,10553.4898352
20232,1123000490,20,12,8,0,2,3,4,6,5,0,2,2,3,2,3,0,0,1,1,4,2,2577.10429151
20232,1123000492,25,20,5,0,0,3,12,6,4,0,0,2,10,4,4,0,0,1,2,2,0,9511.98057188
20232,1123000498,72,59,13,0,8,11,14,19,20,0,5,9,11,17,17,0,3,2,3,2,3,6570.05535661
20232,1123000501,22,12,10,0,1,5,6,5,5,0,0,1,5,2,4,0,1,4,1,3,1,4448.66788869
20232,1123000503,4,3,1,0,0,0,1,3,0,0,0,0,1,2,0,0,0,0,0,1,0,3128.38591877
20232,1123000504,7,6,1,0,0,0,2,3,2,0,0,0,1,3,2,0,0,0,1,0,0,2190.7864261
20232,1123000505,9,7,2,0,1,1,1,4,2,0,1,1,0,3,2,0,0,0,1,1,0,13294.2598484
20232,1123000507,5,4,1,0,0,0,1,2,2,0,0,0,0,2,2,0,0,0,1,0,0,952.686306164
20232,1123000512,64,38,26,0,13,23,16,8,4,0,3,14,13,5,3,0,10,9,3,3,1,3553.68808835
20232,1123000516,14,10,4,0,2,5,5,2,0,0,1,5,2,2,0,0,1,0,3,0,0,1917.43399775
20232,1123000517,62,48,14,0,0,2,11,23,26,0,0,0,6,18,24,0,0,2,5,5,2,2068.40407842
20232,1123000519,15,11,4,0,1,4,3,5,2,0,1,4,0,4,2,0,0,0,3,1,0,1913.52529964
20232,1123000520,8,7,1,0,0,0,2,4,2,0,0,0,2,3,2,0,0,0,0,1,0,6492.02410893
20232,1123000521,11,7,4,0,0,1,3,0,7,0,0,0,2,0,5,0,0,1,1,0,2,2853.66387992
20232,1123000524,7,0,7,0,2,1,0,2,2,0,0,0,0,0,0,0,2,1,0,2,2,3560.15397671
20232,1123000525,38,28,10,0,3,9,5,8,13,0,1,6,2,8,11,0,2,3,3,0,2,3848.48964201
20232,1123000526,166,99,67,0,18,64,42,24,18,0,3,23,36,21,16,0,15,41,6,3,2,5716.78029794
20232,1123000527,14,8,6,0,3,2,2,4,3,0,3,1,0,1,3,0,0,1,2,3,0,2035.00329444
20232,1123000529,3,3,0,0,0,0,0,2,1,0,0,0,0,2,1,0,0,0,0,0,0,2224.52256163
20232,1123000530,8,7,1,0,0,2,1,4,1,0,0,2,1,3,1,0,0,0,0,1,0,2197.52072203
20232,1123000531,53,44,9,0,5,3,19,16,10,0,5,2,13,15,9,0,0,1,6,1,1,1922.42265679
20232,1123000532,21,14,7,0,1,0,4,12,4,0,1,0,3,7,3,0,0,0,1,5,1,2005.12669396
20232,1123000533,34,17,17,0,1,6,8,14,5,0,1,3,7,3,3,0,0,3,1,11,2,6303.82036938
20232,1123000534,9,4,5,0,0,4,3,2,0,0,0,0,3,1,0,0,0,4,0,1,0,969.415456872
20232,1123000535,9,5,4,0,3,0,4,2,0,0,2,0,2,1,0,0,1,0,2,1,0,3600.84699736
20232,1123000539,16,13,3,0,2,6,2,2,4,0,0,6,2,2,3,0,2,0,0,0,1,1962.13418735
20232,1123000541,3,0,3,0,0,1,1,1,0,0,0,0,0,0,0,0,0,1,1,1,0,3446.23332823
20232,1123000542,6,5,1,1,0,0,3,0,2,1,0,0,2,0,2,0,0,0,1,0,0,21216.7836092
20232,1123000543,9,6,3,0,1,0,4,1,3,0,0,0,2,1,3,0,1,0,2,0,0,11651.5127601
20232,1123000544,6,3,3,0,0,1,3,1,1,0,0,1,1,0,1,0,0,0,2,1,0,1591.94412169
20232,1123000547,11,4,7,0,3,2,1,5,0,0,0,2,1,1,0,0,3,0,0,4,0,2448.82469674
20232,1123000548,15,7,8,0,2,4,3,5,1,0,0,2,1,3,1,0,2,2,2,2,0,2482.52158477
20232,1123000549,4,2,2,0,0,1,0,1,2,0,0,0,0,1,1,0,0,1,0,0,1,1777.54923764
20232,1123000551,4655,1984,2671,6,295,1163,1725,1337,129,1,151,742,691,371,28,5,144,421,1034,966,101,10360.0348741
20232,1123000552,2,1,1,0,0,0,0,2,0,0,0,0,0,1,0,0,0,0,0,1,0,2822.15133736
20232,1123000554,4,3,1,0,0,0,3,1,0,0,0,0,3,0,0,0,0,0,0,1,0,797.064897408
20232,1123000555,89,55,34,0,9,11,27,29,13,0,2,5,18,19,11,0,7,6,9,10,2,3369.23975255
20232,1123000556,40,26,14,0,5,6,14,8,7,0,2,3,9,7,5,0,3,3,5,1,2,9303.72420376
20232,1123000557,9,4,5,0,0,0,1,6,2,0,0,0,0,4,0,0,0,0,1,2,2,2772.82436557
20232,1123000558,27,19,8,0,2,2,12,6,5,0,1,1,7,5,5,0,1,1,5,1,0,2539.3125673
20232,1123000560,11,8,3,0,0,4,3,1,3,0,0,2,3,0,3,0,0,2,0,1,0,2934.61586342
20232,1123000561,6,5,1,0,1,1,2,1,1,0,1,1,2,0,1,0,0,0,0,1,0,1737.6047196
20232,1123000562,3,2,1,0,0,0,1,1,1,0,0,0,1,1,0,0,0,0,0,0,1,1811.24298432
20232,1123000563,2,1,1,0,0,0,0,1,1,0,0,0,0,0,1,0,0,0,0,1,0,2957.4947786
20232,1123000564,24,17,7,0,3,2,8,8,3,0,1,2,5,6,3,0,2,0,3,2,0,2121.6648195
20232,1123000565,56,29,27,0,6,12,13,17,8,0,1,8,6,9,5,0,5,4,7,8,3,4675.14201419
20232,1123000566,12,8,4,0,0,1,7,1,3,0,0,0,5,1,2,0,0,1,2,0,1,2470.47226513
20232,1123000567,18,14,4,0,0,2,5,6,5,0,0,2,3,5,4,0,0,0,2,1,1,2431.47574291
20232,1123000568,88,67,21,2,15,22,22,20,7,0,9,18,17,17,6,2,6,4,5,3,1,2209.02915775
20232,1123000569,20,10,10,0,0,0,4,11,5,0,0,0,1,7,2,0,0,0,3,4,3,4287.90569515
20232,1123000570,2,1,1,0,0,0,0,1,1,0,0,0,0,0,1,0,0,0,0,1,0,2939.5225765
20232,1123000571,4,4,0,0,0,2,2,0,0,0,0,2,2,0,0,0,0,0,0,0,0,1716.47034127
20232,1123000576,40,14,26,0,9,16,6,7,2,0,3,5,4,1,1,0,6,11,2,6,1,3058.24911753
20232,1123000577,21,15,6,0,0,3,4,8,6,0,0,1,4,6,4,0,0,2,0,2,2,1907.65500781
20232,1123000580,33,31,2,0,1,8,18,4,2,0,0,8,17,4,2,0,1,0,1,0,0,2259.46977601
20232,1123000581,48,31,17,0,9,5,13,6,15,0,4,2,7,6,12,0,5,3,6,0,3,10109.4401727
20232,1123000582,7,7,0,0,0,0,1,2,4,0,0,0,1,2,4,0,0,0,0,0,0,1138.96438792
20232,1123000583,26,13,13,0,2,8,4,7,5,0,2,2,1,5,3,0,0,6,3,2,2,6558.03722184
20232,1123000584,6,4,2,0,3,2,0,1,0,0,2,2,0,0,0,0,1,0,0,1,0,988.926394008
20232,1123000585,8,6,2,0,1,1,3,3,0,0,1,1,2,2,0,0,0,0,1,1,0,3607.9552115
20232,1123000587,33,20,13,0,1,10,9,6,7,0,0,5,3,6,6,0,1,5,6,0,1,1691.30119912
20232,1123000588,1951,944,1007,3,231,487,493,608,129,2,94,193,182,389,84,1,137,294,311,219,45,13586.4982094
20232,1123000589,479,159,320,1,97,137,104,56,84,0,11,27,31,29,61,1,86,110,73,27,23,9406.4401534
20232,1123000590,23,10,13,0,2,13,3,5,0,0,1,5,2,2,0,0,1,8,1,3,0,12965.2219511
20232,1123000592,40,22,18,0,2,1,12,17,8,0,2,0,6,11,3,0,0,1,6,6,5,2045.69248671
20232,1123000593,5,3,2,0,0,0,0,4,1,0,0,0,0,3,0,0,0,0,0,1,1,2224.96319264
20232,1123000594,10,8,2,0,3,1,1,1,4,0,2,1,1,1,3,0,1,0,0,0,1,1405.42039128
20232,1123000595,4,2,2,0,0,0,0,0,4,0,0,0,0,0,2,0,0,0,0,0,2,1885.58957413
20232,1123000596,35,11,24,0,2,9,11,8,5,0,1,1,2,5,2,0,1,8,9,3,3,2079.86290593
20232,1123000598,5,4,1,0,1,0,1,2,1,0,0,0,1,2,1,0,1,0,0,0,0,1951.17131422
20232,1123000599,12,9,3,0,0,2,3,2,5,0,0,1,3,2,3,0,0,1,0,0,2,1823.27345438
20232,1123000600,27,12,15,0,2,9,8,5,3,0,1,2,4,3,2,0,1,7,4,2,1,2162.62447898
20232,1123000602,3,1,2,0,0,2,0,0,1,0,0,1,0,0,0,0,0,1,0,0,1,2931.45358807
20232,1123000603,3,1,2,0,3,0,0,0,0,0,1,0,0,0,0,0,2,0,0,0,0,2358.07625861
20232,1123000605,1646,1312,334,1,135,280,466,403,361,1,92,225,408,329,257,0,43,55,58,74,104,4346.21841473
20232,1123000606,4,2,2,0,0,1,1,1,1,0,0,0,0,1,1,0,0,1,1,0,0,3125.15005907
20232,1123000607,2,2,0,0,0,2,0,0,0,0,0,2,0,0,0,0,0,0,0,0,0,3249.3479218
20232,1123000608,27,16,11,0,1,5,10,5,6,0,1,3,4,4,4,0,0,2,6,1,2,2625.83904468
20232,1123000613,16,10,6,0,3,5,2,2,4,0,0,3,2,2,3,0,3,2,0,0,1,1818.15010802
20232,1123000614,2,2,0,0,0,0,0,1,1,0,0,0,0,1,1,0,0,0,0,0,0,3246.01714871
20232,1123000615,11,8,3,1,3,2,0,5,0,1,1,2,0,4,0,0,2,0,0,1,0,1543.17841073
20232,1123000616,329,78,251,0,56,119,75,64,15,0,6,22,21,24,5,0,50,97,54,40,10,7002.64869002
20232,1123000621,3,3,0,0,0,0,0,1,2,0,0,0,0,1,2,0,0,0,0,0,0,1668.83691379
20232,1123000622,920,430,490,0,44,61,113,269,433,0,23,37,66,94,210,0,21,24,47,175,223,8139.28415819
20232,1123000623,1,1,0,0,0,0,0,0,1,0,0,0,0,0,1,0,0,0,0,0,0,3248.84264715
20232,1123000624,27,16,11,0,3,7,10,1,6,0,1,4,6,1,4,0,2,3,4,0,2,4937.56851411
20232,1123000626,26,17,9,0,2,3,5,4,12,0,2,1,3,2,9,0,0,2,2,2,3,3635.86047217
20232,1123000627,94,41,53,0,3,28,36,15,12,0,2,12,15,6,6,0,1,16,21,9,6,8179.49828885
20232,1123000628,15,9,6,0,0,3,4,4,4,0,0,3,0,3,3,0,0,0,4,1,1,3183.56836114
20232,1123000630,4,1,3,0,0,0,0,3,1,0,0,0,0,1,0,0,0,0,0,2,1,4726.51273309
20232,1123000634,19,16,3,0,3,4,5,6,1,0,2,4,3,6,1,0,1,0,2,0,0,2162.78508597
20232,1123000635,27,23,4,0,3,2,7,11,4,0,2,2,6,9,4,0,1,0,1,2,0,2254.37723106
20232,1123000636,9,5,4,0,1,2,2,2,2,0,1,1,1,2,0,0,0,1,1,0,2,2583.12862341
20232,1123000638,3,2,1,0,0,0,2,1,0,0,0,0,1,1,0,0,0,0,1,0,0,4376.3797947
20232,1123000639,37,14,23,0,5,6,13,6,7,0,1,4,3,2,4,0,4,2,10,4,3,5975.26547421
20232,1123000640,2,0,2,0,0,0,1,1,0,0,0,0,0,0,0,0,0,0,1,1,0,2418.28491108
20232,1123000642,539,192,347,1,37,55,61,156,229,0,16,11,21,40,104,1,21,44,40,116,125,9087.70959967
20232,1123000645,7,6,1,0,0,2,4,1,0,0,0,2,3,1,0,0,0,0,1,0,0,1601.23263639
20232,1123000646,5,4,1,0,0,1,4,0,0,0,0,1,3,0,0,0,0,0,1,0,0,1378.44414946
20232,1123000653,274,170,104,2,21,36,73,89,53,0,4,18,45,60,43,2,17,18,28,29,10,8637.43186113
20232,1123000654,39,25,14,0,10,7,6,9,7,0,6,3,3,8,5,0,4,4,3,1,2,6619.07270546
20232,1123000656,13,10,3,0,1,1,4,1,6,0,1,1,3,1,4,0,0,0,1,0,2,2449.27811575
20232,1123000657,14,13,1,0,0,0,4,7,3,0,0,0,4,7,2,0,0,0,0,0,1,1230.53015294
20232,1123000659,6,5,1,0,0,2,1,2,1,0,0,2,0,2,1,0,0,0,1,0,0,6366.2523986
20232,1123000660,1571,1415,156,12,367,530,409,231,22,6,334,479,375,207,14,6,33,51,34,24,8,2911.98424896
20232,1123000661,77,33,44,0,34,35,5,2,1,0,10,17,4,2,0,0,24,18,1,0,1,2518.69245769
20232,1123000662,26,14,12,0,3,7,7,5,4,0,1,4,3,3,3,0,2,3,4,2,1,5277.1018916
20232,1123000664,140,30,110,0,26,70,22,9,13,0,4,9,1,6,10,0,22,61,21,3,3,5699.66764004
20232,1123000665,15,3,12,0,1,4,8,1,1,0,0,2,1,0,0,0,1,2,7,1,1,2503.09760121
20232,1123000666,35,18,17,0,4,6,8,11,6,0,2,2,4,7,3,0,2,4,4,4,3,5564.95403295
20232,1123000667,143,90,53,0,13,20,37,33,40,0,6,6,22,18,38,0,7,14,15,15,2,4317.78726912
20232,1123000669,2,1,1,0,0,0,1,0,1,0,0,0,0,0,1,0,0,0,1,0,0,1884.05125028
20232,1123000670,56,44,12,0,4,15,12,13,12,0,2,12,9,11,10,0,2,3,3,2,2,4668.64406334
20232,1123000671,5,4,1,0,0,0,0,5,0,0,0,0,0,4,0,0,0,0,0,1,0,1747.18607916
20232,1123000672,13,7,6,0,0,0,1,7,5,0,0,0,1,4,2,0,0,0,0,3,3,2895.57394366
20232,1123000674,61,12,49,0,13,9,21,13,5,0,4,1,2,1,4,0,9,8,19,12,1,22176.719608
20232,1123000675,98,40,58,0,7,19,28,22,22,0,2,8,8,11,11,0,5,11,20,11,11,7731.02447436
20232,1123000678,29,18,11,0,0,4,4,15,6,0,0,0,3,10,5,0,0,4,1,5,1,1902.95409476
20232,1123000680,21,14,7,0,2,4,7,6,2,0,1,3,3,6,1,0,1,1,4,0,1,903.699622706
20232,1123000681,3,2,1,0,0,0,1,0,2,0,0,0,1,0,1,0,0,0,0,0,1,5436.58843236
20232,1123000682,11,8,3,0,0,3,3,3,2,0,0,2,2,2,2,0,0,1,1,1,0,5662.97446008
20232,1123000689,15,6,9,0,1,1,4,6,3,0,0,0,1,4,1,0,1,1,3,2,2,3315.67715596
20232,1123000692,2,0,2,0,0,0,2,0,0,0,0,0,0,0,0,0,0,0,2,0,0,4347.51199684
20232,1123000693,4,2,2,0,0,1,0,1,2,0,0,0,0,1,1,0,0,1,0,0,1,1490.47639101
20232,1123000697,11,6,5,0,1,3,1,3,3,0,0,1,0,2,3,0,1,2,1,1,0,3301.47939503
20232,1123000698,2,0,2,0,0,0,0,2,0,0,0,0,0,0,0,0,0,0,0,2,0,699.943944066
20232,1123000704,3,2,1,0,0,1,0,0,2,0,0,1,0,0,1,0,0,0,0,0,1,3082.5145774
20232,1123000707,18,11,7,0,3,5,7,2,1,0,1,2,6,1,1,0,2,3,1,1,0,11145.9383493
20232,1123000710,5,4,1,0,0,1,0,2,2,0,0,0,0,2,2,0,0,1,0,0,0,2036.58428895
20232,1123000715,6,0,6,0,1,1,2,2,0,0,0,0,0,0,0,0,1,1,2,2,0,1539.3655359
20232,1123000717,107,73,34,0,19,19,22,33,14,0,13,14,15,22,9,0,6,5,7,11,5,2914.74706095
20232,1123000718,2,2,0,0,0,0,0,1,1,0,0,0,0,1,1,0,0,0,0,0,0,1772.5989134
20232,1123000719,3,2,1,0,0,0,1,0,2,0,0,0,0,0,2,0,0,0,1,0,0,1984.39986253
20232,1123000720,170,89,81,0,29,64,53,17,7,0,8,34,29,12,6,0,21,30,24,5,1,8968.58069041
20232,1123000721,5,0,5,0,2,0,2,1,0,0,0,0,0,0,0,0,2,0,2,1,0,1360.06184532
20232,1123000725,4,3,1,0,0,1,1,2,0,0,0,1,0,2,0,0,0,0,1,0,0,770.437710314
20232,1123000727,70,57,13,0,4,2,9,8,47,0,4,0,3,4,46,0,0,2,6,4,1,5519.61595065
20232,1123000728,3133,562,2571,1,433,588,566,988,557,0,97,230,171,46,18,1,336,358,395,942,539,2847.02821333
20232,1123000732,13,8,5,0,0,6,5,1,1,0,0,3,5,0,0,0,0,3,0,1,1,2573.09926262
20232,1123000733,3,1,2,0,0,0,2,0,1,0,0,0,0,0,1,0,0,0,2,0,0,5735.67251126
20232,1123000736,93,49,44,0,15,26,22,17,13,0,6,16,14,10,3,0,9,10,8,7,10,9188.41281174
20232,1123000737,4,3,1,0,1,0,1,1,1,0,1,0,1,0,1,0,0,0,0,1,0,5914.93846871
20232,1123000738,129,88,41,0,4,1,6,12,106,0,2,1,3,5,77,0,2,0,3,7,29,3820.80092312
20232,1123000739,25,10,15,0,4,3,3,13,2,0,2,0,1,6,1,0,2,3,2,7,1,8825.02822343
20232,1123000740,9,4,5,0,0,0,2,3,4,0,0,0,1,1,2,0,0,0,1,2,2,3158.56877521
20232,1123000742,1,1,0,0,0,0,0,0,1,0,0,0,0,0,1,0,0,0,0,0,0,4244.76656106
20232,1123000746,40,11,29,0,19,9,5,4,3,0,4,4,1,2,0,0,15,5,4,2,3,3797.5155461
20232,1123000747,4,1,3,0,1,0,3,0,0,0,0,0,1,0,0,0,1,0,2,0,0,4229.15002906
20232,1123000748,1,1,0,0,0,0,0,0,1,0,0,0,0,0,1,0,0,0,0,0,0,6652.09689504
20232,1123000749,116,80,36,0,29,38,20,13,16,0,19,23,14,9,15,0,10,15,6,4,1,4240.11981196
20232,1123000751,198,127,71,0,25,90,22,18,43,0,8,56,17,10,36,0,17,34,5,8,7,4006.09273558
20232,1123000753,27,10,17,1,8,5,4,3,6,0,3,1,1,3,2,1,5,4,3,0,4,3640.99294239
20232,1123000754,6,5,1,0,1,2,1,2,0,0,1,2,0,2,0,0,0,0,1,0,0,3635.66513278
20232,1123000756,282,122,160,0,65,83,57,33,44,0,12,30,19,17,44,0,53,53,38,16,0,4338.63340236
20232,1123000758,108,60,48,0,6,10,16,18,58,0,5,9,12,10,24,0,1,1,4,8,34,4095.62700985
20232,1123000759,5,1,4,0,0,1,1,1,2,0,0,1,0,0,0,0,0,0,1,1,2,2448.02260624
20232,1123000761,554,268,286,3,210,201,94,35,11,1,78,100,48,31,10,2,132,101,46,4,1,6890.23982491
20232,1123000762,15,9,6,0,1,2,5,3,4,0,0,0,3,2,4,0,1,2,2,1,0,16004.2052743
20232,1123000764,9,7,2,0,0,3,2,0,4,0,0,1,2,0,4,0,0,2,0,0,0,4110.25781179
20232,1123000766,2,2,0,0,0,0,2,0,0,0,0,0,2,0,0,0,0,0,0,0,0,1247.24874098
20232,1123000767,20,11,9,0,0,10,8,1,1,0,0,3,6,1,1,0,0,7,2,0,0,1901.15458958
20232,1123000769,9,5,4,0,0,1,2,1,5,0,0,0,0,1,4,0,0,1,2,0,1,2206.66753405
20232,1123000770,55,34,21,0,6,7,21,12,9,0,1,4,14,8,7,0,5,3,7,4,2,11464.3050017
20232,1123000772,3,2,1,0,0,0,0,0,3,0,0,0,0,0,2,0,0,0,0,0,1,4132.53707003
20232,1123000774,16,6,10,0,1,4,6,3,2,0,0,1,2,1,2,0,1,3,4,2,0,2395.23824756
20232,1123000775,1,0,1,0,0,0,0,1,0,0,0,0,0,0,0,0,0,0,0,1,0,7559.6167189
20232,1123000776,14,10,4,0,0,1,5,7,1,0,0,0,3,6,1,0,0,1,2,1,0,4645.15896643
20232,1123000777,5,2,3,0,0,0,0,1,4,0,0,0,0,0,2,0,0,0,0,1,2,4637.37759361
20232,1123000779,6,6,0,0,1,2,2,0,1,0,1,2,2,0,1,0,0,0,0,0,0,3420.31595081
20232,1123000783,10,4,6,0,0,2,4,2,2,0,0,1,0,1,2,0,0,1,4,1,0,2849.07207398
20232,1123000784,24,22,2,0,3,2,10,5,4,0,3,2,9,4,4,0,0,0,1,1,0,9942.58958689
20232,1123000785,28,25,3,0,1,5,10,10,2,0,1,3,9,10,2,0,0,2,1,0,0,3943.49847808
20232,1123000787,8,6,2,0,2,2,0,2,2,0,0,2,0,2,2,0,2,0,0,0,0,2845.04936832
20232,1123000788,16,3,13,0,0,4,6,1,5,0,0,0,0,0,3,0,0,4,6,1,2,2837.51426934
20232,1123000790,7,3,4,0,3,3,0,1,0,0,1,1,0,1,0,0,2,2,0,0,0,7394.77884981
20232,1123000791,4,2,2,0,0,0,2,0,2,0,0,0,0,0,2,0,0,0,2,0,0,6190.17818905
20232,1123000792,210,134,76,0,35,92,39,24,20,0,10,61,26,22,15,0,25,31,13,2,5,3241.68558175
20232,1123000794,4,2,2,0,0,0,1,2,1,0,0,0,0,1,1,0,0,0,1,1,0,5526.98765954
20232,1123000796,3,0,3,0,0,0,2,1,0,0,0,0,0,0,0,0,0,0,2,1,0,2548.54200245
20232,1123000797,13,9,4,0,1,5,6,0,1,0,0,5,3,0,1,0,1,0,3,0,0,8036.97057082
20232,1123000799,90,50,40,0,6,32,22,24,6,0,3,13,14,14,6,0,3,19,8,10,0,35453.1704954
20232,1123000804,2,0,2,0,0,0,0,2,0,0,0,0,0,0,0,0,0,0,0,2,0,6529.5723876
20232,1123000805,1,0,1,0,0,0,0,1,0,0,0,0,0,0,0,0,0,0,0,1,0,8770.34867432
20232,1123000806,2,2,0,0,0,0,0,1,1,0,0,0,0,1,1,0,0,0,0,0,0,3574.87789573
20232,1123000809,5,4,1,0,0,0,2,1,2,0,0,0,1,1,2,0,0,0,1,0,0,4624.25370529
20232,1123000810,4,3,1,0,0,0,0,1,3,0,0,0,0,0,3,0,0,0,0,1,0,1262.72374307
20232,1123000811,4,2,2,0,1,0,1,1,1,0,0,0,1,0,1,0,1,0,0,1,0,1581.86584045
20232,1123000812,74,55,19,0,9,15,19,20,11,0,7,12,14,13,9,0,2,3,5,7,2,3035.88478622
20232,1123000814,13,6,7,0,2,2,4,1,4,0,0,1,3,0,2,0,2,1,1,1,2,6328.78202065
20232,1123000817,2,2,0,0,0,0,0,2,0,0,0,0,0,2,0,0,0,0,0,0,0,3092.94501325
20232,1123000818,7,6,1,0,0,1,0,2,4,0,0,1,0,2,3,0,0,0,0,0,1,11921.0973824
20232,1123000821,7,3,4,0,0,0,1,3,3,0,0,0,0,1,2,0,0,0,1,2,1,6999.5667647
20232,1123000822,24,12,12,0,0,4,10,3,7,0,0,2,3,2,5,0,0,2,7,1,2,6013.87445249
20232,1123000823,8,6,2,0,0,1,3,1,3,0,0,1,1,1,3,0,0,0,2,0,0,2165.13348129
20232,1123000824,1,0,1,0,0,0,1,0,0,0,0,0,0,0,0,0,0,0,1,0,0,2499.86282906
20232,1123000826,15,7,8,0,0,0,2,7,6,0,0,0,2,2,3,0,0,0,0,5,3,4934.16602867
20232,1123000828,4,2,2,0,2,0,1,1,0,0,1,0,0,1,0,0,1,0,1,0,0,2999.95610432
20232,1123000829,9,8,1,0,1,2,1,2,3,0,1,2,1,1,3,0,0,0,0,1,0,10360.8752738
20232,1123000830,22,19,3,0,3,3,8,3,5,0,3,3,6,2,5,0,0,0,2,1,0,7393.05431544
20232,1123000831,16,9,7,0,0,4,5,2,5,0,0,3,1,2,3,0,0,1,4,0,2,2969.82232353
20232,1123000832,13,10,3,0,1,2,1,5,4,0,1,2,1,3,3,0,0,0,0,2,1,595.572774367
20232,1123000833,39,16,23,0,9,7,13,5,5,0,1,7,5,1,2,0,8,0,8,4,3,11952.4452845
20232,1123000834,8,7,1,0,0,0,2,6,0,0,0,0,1,6,0,0,0,0,1,0,0,2598.71345033
20232,1123000835,5,5,0,0,0,0,3,2,0,0,0,0,3,2,0,0,0,0,0,0,0,1111.49576141
20232,1123000836,26,17,9,0,0,5,8,10,3,0,0,3,5,7,2,0,0,2,3,3,1,2788.69944117
20232,1123000837,2,1,1,0,0,0,0,0,2,0,0,0,0,0,1,0,0,0,0,0,1,2386.50490123
20232,1123000838,12,8,4,0,1,4,1,5,1,0,0,3,1,4,0,0,1,1,0,1,1,1206.35704805
20232,1123000840,12,10,2,0,0,1,3,3,5,0,0,1,3,2,4,0,0,0,0,1,1,3559.81870719
20232,1123000841,114,96,18,0,3,16,10,13,72,0,0,7,8,10,71,0,3,9,2,3,1,17054.004377
20232,1123000842,24,23,1,0,3,4,5,8,4,0,2,4,5,8,4,0,1,0,0,0,0,2172.34562805
20232,1123000843,5,3,2,0,1,2,0,0,2,0,0,1,0,0,2,0,1,1,0,0,0,2048.99462376
20232,1123000844,42,31,11,0,5,4,13,12,8,0,4,1,10,9,7,0,1,3,3,3,1,3432.34716877
20232,1123000845,7,3,4,0,2,0,1,3,1,0,0,0,0,2,1,0,2,0,1,1,0,2260.48510389
20232,1123000846,48,17,31,0,9,11,17,6,5,0,1,5,7,2,2,0,8,6,10,4,3,2268.05573689
20232,1123000847,29,23,6,0,2,7,6,4,10,0,2,6,4,2,9,0,0,1,2,2,1,2418.13496029
20232,1123000848,32,22,10,0,2,9,11,7,3,0,0,5,10,6,1,0,2,4,1,1,2,3474.14869826
20232,1123000849,1,1,0,0,0,0,0,1,0,0,0,0,0,1,0,0,0,0,0,0,0,2202.90659378
20232,1123000850,10,6,4,0,2,3,3,2,0,0,1,2,1,2,0,0,1,1,2,0,0,3219.71305901
20232,1123000851,6,1,5,0,0,2,2,1,1,0,0,0,0,1,0,0,0,2,2,0,1,5606.01333844
20232,1123000852,4,4,0,0,0,0,2,0,2,0,0,0,2,0,2,0,0,0,0,0,0,1578.57854434
20232,1123000854,4,1,3,0,1,1,2,0,0,0,0,0,1,0,0,0,1,1,1,0,0,865.51864328
20232,1123000856,4,1,3,0,1,0,0,3,0,0,0,0,0,1,0,0,1,0,0,2,0,2204.64945203
20232,1123000857,10,0,10,0,7,1,1,1,0,0,0,0,0,0,0,0,7,1,1,1,0,3051.58675781
20232,1123000858,120,86,34,1,17,26,35,26,15,0,11,17,23,23,12,1,6,9,12,3,3,2766.90389094
20232,1123000860,107,69,38,0,17,54,13,12,11,0,7,40,9,5,8,0,10,14,4,7,3,8391.36259807
20232,1123000871,6,3,3,0,2,1,1,0,2,0,0,0,1,0,2,0,2,1,0,0,0,6143.96655999
20232,1123000873,14,10,4,0,0,3,3,5,3,0,0,2,2,4,2,0,0,1,1,1,1,3531.93565764
20232,1123000875,1446,334,1112,0,497,549,301,93,6,0,69,150,90,20,5,0,428,399,211,73,1,3194.71731579
20232,1123000877,3,2,1,0,0,1,0,1,1,0,0,1,0,0,1,0,0,0,0,1,0,2928.75373941
20232,1123000878,4,4,0,0,0,0,3,0,1,0,0,0,3,0,1,0,0,0,0,0,0,2378.11521735
20232,1123000879,28,12,16,0,4,2,8,12,2,0,3,2,4,2,1,0,1,0,4,10,1,3399.64835843
20232,1123000880,8,1,7,0,0,2,4,0,2,0,0,0,0,0,1,0,0,2,4,0,1,3422.0005008
20232,1123000882,2,0,2,0,1,0,0,1,0,0,0,0,0,0,0,0,1,0,0,1,0,3512.74773724
20232,1123000883,8,6,2,0,0,1,2,2,3,0,0,1,2,2,1,0,0,0,0,0,2,2125.16655741
20232,1123000887,48,28,20,0,9,15,11,5,8,0,3,8,7,3,7,0,6,7,4,2,1,8606.23512171
20232,1123000889,2,1,1,0,0,0,1,0,1,0,0,0,0,0,1,0,0,0,1,0,0,2234.79247841
20232,1123000892,6,4,2,0,0,0,2,1,3,0,0,0,0,1,3,0,0,0,2,0,0,1482.01424451
20232,1123000896,4,2,2,0,0,0,2,1,1,0,0,0,1,0,1,0,0,0,1,1,0,3852.66229586
20232,1123000899,4,4,0,0,1,1,1,1,0,0,1,1,1,1,0,0,0,0,0,0,0,1424.06439015
20232,1123000900,9,2,7,0,0,3,4,1,1,0,0,1,0,0,1,0,0,2,4,1,0,8449.230904
20232,1123000903,4,2,2,0,0,0,0,2,2,0,0,0,0,1,1,0,0,0,0,1,1,4101.30733984
20232,1123000911,5,3,2,0,1,0,2,1,1,0,0,0,1,1,1,0,1,0,1,0,0,2662.73336807
20232,1123000916,16,13,3,0,5,3,6,1,1,0,3,3,5,1,1,0,2,0,1,0,0,926.997156386
20232,1123000920,37,23,14,0,2,8,19,7,1,0,2,6,11,3,1,0,0,2,8,4,0,1086.18995356
20232,1123000922,4,1,3,0,1,0,1,1,1,0,0,0,1,0,0,0,1,0,0,1,1,2397.62565878
20232,1123000924,7,2,5,0,0,3,2,2,0,0,0,0,0,2,0,0,0,3,2,0,0,3349.21343777
20232,1123000925,64,33,31,0,11,17,13,21,2,0,4,11,9,8,1,0,7,6,4,13,1,3732.67537
20232,1123000933,22,9,13,0,10,1,3,6,2,0,2,0,1,5,1,0,8,1,2,1,1,2075.67256411
20232,1123000934,12,8,4,0,1,1,5,2,3,0,0,0,4,2,2,0,1,1,1,0,1,5033.75205013
20232,1123000935,4,3,1,0,2,0,0,2,0,0,1,0,0,2,0,0,1,0,0,0,0,5658.86112854
20232,1123000938,21,7,14,0,4,5,7,5,0,0,0,1,3,3,0,0,4,4,4,2,0,1822.39100718
20232,1123000940,2,2,0,0,0,0,1,1,0,0,0,0,1,1,0,0,0,0,0,0,0,3083.36377762
20232,1123000942,47,43,4,0,1,7,19,15,5,0,1,5,18,15,4,0,0,2,1,0,1,2469.10378439
20232,1123000944,6,3,3,0,0,1,3,1,1,0,0,1,0,1,1,0,0,0,3,0,0,2541.94115157
20232,1123000949,18,10,8,0,3,10,2,1,2,0,1,4,2,1,2,0,2,6,0,0,0,1253.45301219
20232,1123000954,11,1,10,0,2,0,5,4,0,0,0,0,1,0,0,0,2,0,4,4,0,4708.06271298
20232,1123000957,8,7,1,0,0,0,1,4,3,0,0,0,1,3,3,0,0,0,0,1,0,2804.75312681
20232,1123000958,35,24,11,0,1,7,10,9,8,0,1,3,6,7,7,0,0,4,4,2,1,6868.69509997
20232,1123000960,3,3,0,0,0,0,2,1,0,0,0,0,2,1,0,0,0,0,0,0,0,1899.39653633
20232,1123000961,13,5,8,0,3,4,2,3,1,0,1,0,1,2,1,0,2,4,1,1,0,9874.45124892
20232,1123000969,50,22,28,1,0,5,25,16,3,1,0,3,8,7,3,0,0,2,17,9,0,3966.53727376
20232,1123000974,3,2,1,0,0,0,1,2,0,0,0,0,1,1,0,0,0,0,0,1,0,1212.71752248
20232,1123000975,2,2,0,0,0,0,2,0,0,0,0,0,2,0,0,0,0,0,0,0,0,4277.10327787
20232,1123000978,3,3,0,0,0,1,0,1,1,0,0,1,0,1,1,0,0,0,0,0,0,1836.00903797
20232,1123000979,3,1,2,0,0,0,0,2,1,0,0,0,0,1,0,0,0,0,0,1,1,9758.30407219
20232,1123000980,1,1,0,0,0,0,0,1,0,0,0,0,0,1,0,0,0,0,0,0,0,1117.58018808
20232,1123000983,7,3,4,0,2,2,1,1,1,0,2,1,0,0,0,0,0,1,1,1,1,2366.24545472
20232,1123000984,2,2,0,0,0,0,1,1,0,0,0,0,1,1,0,0,0,0,0,0,0,3077.86066463
20232,1123000990,2,1,1,0,0,0,0,0,2,0,0,0,0,0,1,0,0,0,0,0,1,1305.98708829
20232,1123000995,15,2,13,0,8,1,5,0,1,0,0,0,1,0,1,0,8,1,4,0,0,3073.87166788
20232,1123000999,4,4,0,0,0,1,0,1,2,0,0,1,0,1,2,0,0,0,0,0,0,4074.72198537
20232,1123001000,1,1,0,0,0,0,0,0,1,0,0,0,0,0,1,0,0,0,0,0,0,2394.42581509
20232,1123001002,5,1,4,0,0,0,2,1,2,0,0,0,1,0,0,0,0,0,1,1,2,4405.99332393
20232,1123001005,30,15,15,0,4,5,14,5,2,0,0,3,7,5,0,0,4,2,7,0,2,6633.87725523
20232,1123001006,4,3,1,0,0,1,0,1,2,0,0,1,0,0,2,0,0,0,0,1,0,830.165903969
20232,1123001008,8,7,1,0,0,0,0,5,3,0,0,0,0,4,3,0,0,0,0,1,0,4966.72047992
20232,1123001009,2,2,0,0,2,0,0,0,0,0,2,0,0,0,0,0,0,0,0,0,0,3491.88435607
20232,1123001010,4,2,2,0,0,2,0,2,0,0,0,1,0,1,0,0,0,1,0,1,0,2510.94937435
20232,1123001012,4,2,2,0,0,0,0,3,1,0,0,0,0,1,1,0,0,0,0,2,0,654.762584036
20232,1123001013,2,2,0,0,1,0,1,0,0,0,1,0,1,0,0,0,0,0,0,0,0,2311.56558557
20232,1123001015,17,6,11,0,6,8,1,1,1,0,2,2,0,1,1,0,4,6,1,0,0,1381.14508248
20232,1123001020,4,4,0,0,0,3,1,0,0,0,0,3,1,0,0,0,0,0,0,0,0,3282.08490934
20232,1123001021,7,4,3,0,0,2,3,1,1,0,0,2,2,0,0,0,0,0,1,1,1,2792.34741787
20232,1123001022,702,498,204,0,5,92,243,248,114,0,3,42,152,202,99,0,2,50,91,46,15,75357.7962421
20232,1123001024,2,2,0,0,0,1,1,0,0,0,0,1,1,0,0,0,0,0,0,0,0,1737.81831967
20232,1123001030,3,1,2,0,2,1,0,0,0,0,0,1,0,0,0,0,2,0,0,0,0,2631.50546448
20232,1123001031,15,7,8,0,6,3,6,0,0,0,3,2,2,0,0,0,3,1,4,0,0,2513.51861358
20232,1123001034,3,1,2,0,0,1,1,1,0,0,0,0,0,1,0,0,0,1,1,0,0,2937.58974716
20232,1123001035,6,1,5,0,1,0,3,1,1,0,0,0,1,0,0,0,1,0,2,1,1,2582.97069588
20232,1123001036,14,7,7,0,4,3,3,4,0,0,1,1,2,3,0,0,3,2,1,1,0,86181.752073
20232,1123001038,3,2,1,0,0,1,1,0,1,0,0,1,0,0,1,0,0,0,1,0,0,702.517798597
20232,1123001039,13,9,4,0,1,1,2,3,6,0,0,0,2,2,5,0,1,1,0,1,1,26947.7282141
20232,1123001040,5,3,2,0,0,1,1,3,0,0,0,0,0,3,0,0,0,1,1,0,0,2564.67134806
20232,1123001041,14,5,9,0,0,1,7,6,0,0,0,1,3,1,0,0,0,0,4,5,0,3891.79118463
20232,1123001043,14,8,6,0,0,3,5,3,3,0,0,2,4,1,1,0,0,1,1,2,2,2174.7425155
20232,1123001047,2,1,1,0,0,0,0,2,0,0,0,0,0,1,0,0,0,0,0,1,0,5773.03312329
20232,1123001048,19,13,6,0,1,1,10,4,3,0,0,1,7,3,2,0,1,0,3,1,1,5667.90612722
20232,1123001049,4,3,1,0,0,2,1,1,0,0,0,1,1,1,0,0,0,1,0,0,0,2908.9263683
20232,1123001051,128,40,88,0,7,10,27,30,54,0,0,4,13,5,18,0,7,6,14,25,36,12705.1673298
20232,1123001052,4,1,3,0,0,1,0,2,1,0,0,0,0,0,1,0,0,1,0,2,0,2913.25226694
20232,1123001057,11,5,6,0,1,2,3,3,2,0,0,1,2,1,1,0,1,1,1,2,1,3302.94712939
20232,1123001063,7,4,3,0,1,1,2,2,1,0,0,0,1,2,1,0,1,1,1,0,0,1036.60154414
20232,1123001070,7,6,1,0,4,0,1,2,0,0,3,0,1,2,0,0,1,0,0,0,0,5731.46337646
20232,1123001071,25,10,15,0,6,5,6,6,2,0,0,3,2,4,1,0,6,2,4,2,1,3146.20831367
20232,1123001077,4,2,2,0,0,1,1,1,1,0,0,0,1,1,0,0,0,1,0,0,1,1921.47218633
20232,1123001078,35,18,17,0,3,6,7,13,6,0,1,3,2,8,4,0,2,3,5,5,2,6464.12246345
20232,1123001082,4,4,0,0,0,0,2,1,1,0,0,0,2,1,1,0,0,0,0,0,0,1952.94323736
20232,1123001085,238,127,111,0,35,53,83,51,16,0,11,26,55,25,10,0,24,27,28,26,6,5762.89541679
20232,1123001088,3,3,0,0,0,0,0,0,3,0,0,0,0,0,3,0,0,0,0,0,0,8042.30153718
20232,1123001089,3,1,2,0,0,0,1,1,1,0,0,0,0,0,1,0,0,0,1,1,0,9030.19472157
20232,1123001091,2,1,1,0,0,0,0,1,1,0,0,0,0,0,1,0,0,0,0,1,0,2168.0241135
20232,1123001093,2,1,1,0,0,1,1,0,0,0,0,0,1,0,0,0,0,1,0,0,0,3166.72280181
20232,1123001102,4,3,1,0,1,0,0,2,1,0,1,0,0,1,1,0,0,0,0,1,0,2096.36169548
20232,1123001103,3,1,2,0,0,1,2,0,0,0,0,0,1,0,0,0,0,1,1,0,0,5580.69721502
20232,1123001115,72,36,36,1,28,11,15,4,13,1,14,6,8,2,5,0,14,5,7,2,8,38244.3507977
20232,1123001117,7,5,2,0,2,3,2,0,0,0,1,3,1,0,0,0,1,0,1,0,0,1137.74013892
20232,1123001118,4,3,1,0,1,0,0,3,0,0,0,0,0,3,0,0,1,0,0,0,0,1306.08891639
20232,1123001119,5,2,3,0,1,0,0,1,3,0,0,0,0,0,2,0,1,0,0,1,1,1619.08847219
20232,1123001121,2,2,0,0,0,0,0,0,2,0,0,0,0,0,2,0,0,0,0,0,0,1470.25396391
20232,1123001123,3,1,2,0,1,1,1,0,0,0,0,0,1,0,0,0,1,1,0,0,0,5027.21683106
20232,1123001125,219,69,150,0,41,56,60,47,15,0,8,15,14,20,12,0,33,41,46,27,3,4184.06575642
20232,1123001126,9,7,2,0,0,1,4,3,1,0,0,1,3,2,1,0,0,0,1,1,0,3173.32707008
20232,1123001131,7,3,4,0,0,3,1,2,1,0,0,1,1,1,0,0,0,2,0,1,1,5769.86987865
20232,1123001136,5,5,0,0,0,3,2,0,0,0,0,3,2,0,0,0,0,0,0,0,0,1115.19650562
20232,1123001138,4,4,0,0,0,1,3,0,0,0,0,1,3,0,0,0,0,0,0,0,0,995.522197245
20232,1123001140,2,1,1,0,0,1,0,1,0,0,0,0,0,1,0,0,0,1,0,0,0,2198.20008866
20232,1123001141,10,5,5,0,0,2,2,3,3,0,0,0,1,1,3,0,0,2,1,2,0,2710.43756067
20232,1123001147,4,3,1,0,0,1,0,2,1,0,0,1,0,1,1,0,0,0,0,1,0,2089.71271821
20232,1123001154,58,48,10,0,2,7,13,28,8,0,1,6,9,25,7,0,1,1,4,3,1,3163.5209142
20232,1123001159,9,5,4,0,0,5,1,2,1,0,0,1,1,2,1,0,0,4,0,0,0,615.770390618
20232,1123001164,1,1,0,0,0,0,0,0,1,0,0,0,0,0,1,0,0,0,0,0,0,845.324753447
20232,1123001169,5,4,1,0,1,1,2,1,0,0,0,1,2,1,0,0,1,0,0,0,0,1885.21017967
20232,1123001178,7,6,1,0,1,4,1,0,1,0,1,4,0,0,1,0,0,0,1,0,0,948.704945047
20232,1123001184,6,2,4,0,0,0,1,5,0,0,0,0,0,2,0,0,0,0,1,3,0,1621.91633535
20232,1123001188,3,3,0,0,0,0,0,3,0,0,0,0,0,3,0,0,0,0,0,0,0,4681.36199995
20232,1123001192,6,3,3,0,0,0,1,5,0,0,0,0,0,3,0,0,0,0,1,2,0,1363.00514833
20232,1123001196,6,2,4,0,0,1,0,1,4,0,0,0,0,1,1,0,0,1,0,0,3,2983.07530735
20232,1123001203,3,1,2,0,0,0,1,2,0,0,0,0,1,0,0,0,0,0,0,2,0,3334.59171495
20232,1123001204,25,9,16,0,3,3,8,8,3,0,1,1,1,4,2,0,2,2,7,4,1,5537.27314008
20232,1123001212,912,386,526,2,141,195,202,221,151,1,48,91,84,77,85,1,93,104,118,144,66,3424.08233721
20232,1123001225,4,3,1,0,0,0,3,0,1,0,0,0,3,0,0,0,0,0,0,0,1,1620.38956919
20232,1123001227,1,1,0,0,0,0,1,0,0,0,0,0,1,0,0,0,0,0,0,0,0,2568.4614047
20232,1123001229,9,7,2,0,0,1,2,4,2,0,0,1,2,2,2,0,0,0,0,2,0,2638.75401326
20232,1123001230,11,9,2,0,1,2,5,3,0,0,1,2,4,2,0,0,0,0,1,1,0,2574.61545223
20232,1123001232,2,2,0,0,0,1,0,0,1,0,0,1,0,0,1,0,0,0,0,0,0,4104.49026507
20232,1123001233,124,88,36,0,13,23,29,20,39,0,6,16,17,13,36,0,7,7,12,7,3,4361.97528672
20232,1123001234,4,0,4,0,0,1,2,1,0,0,0,0,0,0,0,0,0,1,2,1,0,2265.87993922
20232,1123001243,7,7,0,0,0,0,2,4,1,0,0,0,2,4,1,0,0,0,0,0,0,412.873694887
20232,1123001247,3,2,1,0,0,0,3,0,0,0,0,0,2,0,0,0,0,0,1,0,0,2593.29276002
20232,1123001251,1,1,0,0,0,0,0,1,0,0,0,0,0,1,0,0,0,0,0,0,0,1806.93515137
20232,1123001252,4,3,1,0,1,0,0,2,1,0,1,0,0,1,1,0,0,0,0,1,0,3972.39225777
20232,1123001262,3,1,2,0,0,0,1,2,0,0,0,0,1,0,0,0,0,0,0,2,0,1388.2020094
20232,1123001265,21,2,19,0,2,5,6,6,2,0,0,0,1,0,1,0,2,5,5,6,1,2131.82584228
20232,1123001266,99,19,80,0,11,27,27,24,10,0,0,3,7,2,7,0,11,24,20,22,3,17231.4819426
20232,1123001269,2,1,1,0,0,0,1,1,0,0,0,0,0,1,0,0,0,0,1,0,0,1705.87460823
20232,1123001271,12,7,5,0,0,3,4,3,2,0,0,2,1,2,2,0,0,1,3,1,0,3031.587709
20232,1123001272,30,18,12,0,5,5,9,9,2,0,5,2,3,6,2,0,0,3,6,3,0,3015.47768558
20232,1123001273,8,5,3,0,1,1,3,3,0,0,0,1,2,2,0,0,1,0,1,1,0,9357.04827425
20232,1123001280,4,2,2,0,0,0,1,2,1,0,0,0,0,2,0,0,0,0,1,0,1,3600.74066953
20232,1123001282,4,0,4,0,1,0,0,3,0,0,0,0,0,0,0,0,1,0,0,3,0,1476.08055255
20232,1123001284,5,1,4,0,3,0,0,2,0,0,0,0,0,1,0,0,3,0,0,1,0,4095.01648466
20232,1123001285,3,1,2,0,1,0,1,1,0,0,0,0,0,1,0,0,1,0,1,0,0,1094.09394927
20232,1123001286,7,2,5,0,0,1,6,0,0,0,0,0,2,0,0,0,0,1,4,0,0,2682.5819701
20232,1123001292,4,2,2,0,2,0,1,0,1,0,2,0,0,0,0,0,0,0,1,0,1,1340.74481648
20232,1123001295,7,4,3,0,0,0,1,4,2,0,0,0,1,1,2,0,0,0,0,3,0,3050.30695554
20232,1123001298,3,0,3,0,1,0,0,2,0,0,0,0,0,0,0,0,1,0,0,2,0,1490.37942704
20232,1123001299,160,94,66,0,20,53,32,39,16,0,5,20,23,34,12,0,15,33,9,5,4,3095.68658882
20232,1123001301,51,43,8,0,2,30,18,1,0,0,2,27,13,1,0,0,0,3,5,0,0,5649.15500544
20232,1123001306,33,11,22,0,7,9,9,4,4,0,1,5,2,1,2,0,6,4,7,3,2,6314.75504802
20232,1123001309,14,11,3,0,2,7,0,3,2,0,1,6,0,2,2,0,1,1,0,1,0,3176.70006711
20232,1123001317,5,4,1,0,0,0,0,1,4,0,0,0,0,1,3,0,0,0,0,0,1,7574.59307796
20232,1123001319,8,7,1,0,2,2,2,2,0,0,2,2,1,2,0,0,0,0,1,0,0,4983.2483172
20232,1123001326,399,226,173,0,43,89,100,103,64,0,17,41,45,74,49,0,26,48,55,29,15,5658.17166803
20232,1123001329,7,2,5,0,3,2,0,2,0,0,0,0,0,2,0,0,3,2,0,0,0,5200.27360612
20232,1123001330,134,129,5,0,1,1,11,56,65,0,0,1,10,53,65,0,1,0,1,3,0,4968.44184638
20232,1123001331,9,8,1,0,0,0,1,2,6,0,0,0,1,2,5,0,0,0,0,0,1,6572.33371418
20232,1123001333,25,23,2,0,0,2,0,2,21,0,0,1,0,1,21,0,0,1,0,1,0,142300.960354
20232,1123001335,71,48,23,0,9,15,19,14,14,0,5,10,13,11,9,0,4,5,6,3,5,14580.2287956
20232,1123001336,163,85,78,0,18,70,44,14,17,0,6,36,24,8,11,0,12,34,20,6,6,13518.2484709
20232,1123001338,72,42,30,1,8,15,13,17,18,1,4,5,7,10,15,0,4,10,6,7,3,14034.7598661
20232,1123001339,20,15,5,0,3,2,6,7,2,0,2,2,4,5,2,0,1,0,2,2,0,3086.2119734
20232,1123001341,135,72,63,3,11,26,38,38,19,3,7,14,20,15,13,0,4,12,18,23,6,14753.5555328
20232,1123001342,84,66,18,0,10,20,27,17,10,0,7,16,22,12,9,0,3,4,5,5,1,4890.27737582
20232,1123001344,111,107,4,0,0,5,17,32,57,0,0,4,15,31,57,0,0,1,2,1,0,10344.9087969
20232,1123001346,153,99,54,0,27,37,40,28,21,0,13,24,24,18,20,0,14,13,16,10,1,14228.9395352
20232,1123001348,18,7,11,0,5,5,3,4,1,0,1,1,2,2,1,0,4,4,1,2,0,1516.73077499
20232,1123001349,40,27,13,0,5,3,9,13,10,0,1,3,6,8,9,0,4,0,3,5,1,6100.05561612
20232,1123001350,524,310,214,0,51,45,36,91,301,0,44,40,32,48,146,0,7,5,4,43,155,7800.16063219
20232,1123001351,139,75,64,0,19,39,31,33,17,0,2,18,19,24,12,0,17,21,12,9,5,13334.0678012
20232,1123001352,48,35,13,0,11,8,11,10,8,0,8,5,8,7,7,0,3,3,3,3,1,5923.45945574
20232,1123001353,438,296,142,2,9,11,28,37,351,0,2,3,15,16,260,2,7,8,13,21,91,7192.62815346
20232,1123001354,12,8,4,0,1,1,3,6,1,0,1,1,1,4,1,0,0,0,2,2,0,1388.96975073
20232,1123001355,8,4,4,0,0,2,2,3,1,0,0,0,1,3,0,0,0,2,1,0,1,2977.99793061
20232,1123001356,69,64,5,0,1,3,8,14,43,0,1,2,6,13,42,0,0,1,2,1,1,3433.71335463
20232,1123001357,10,6,4,0,2,0,3,3,2,0,1,0,2,2,1,0,1,0,1,1,1,5898.85922386
20232,1123001358,52,33,19,0,10,12,18,9,3,0,5,7,12,7,2,0,5,5,6,2,1,8534.43284344
20232,1123001359,10,5,5,0,0,5,4,1,0,0,0,3,2,0,0,0,0,2,2,1,0,3743.21790007
20232,1123001360,4,2,2,0,2,0,0,2,0,0,1,0,0,1,0,0,1,0,0,1,0,1355.34837445
20232,1123001362,56,35,21,0,6,7,8,20,15,0,1,3,4,16,11,0,5,4,4,4,4,6518.33570488
20232,1123001365,516,416,100,0,145,141,122,55,53,0,119,123,94,35,45,0,26,18,28,20,8,14057.3660987
20232,1123001366,4,1,3,0,0,1,0,1,2,0,0,0,0,0,1,0,0,1,0,1,1,343.514960473
20232,1123001367,58,44,14,0,3,6,16,8,25,0,2,3,7,8,24,0,1,3,9,0,1,7875.80489619
20232,1123001368,38,18,20,0,3,5,10,15,5,0,0,2,5,10,1,0,3,3,5,5,4,7981.48969243
20232,1123001371,9,8,1,0,0,0,5,2,2,0,0,0,5,2,1,0,0,0,0,0,1,3789.31894149
20232,1123001372,83,45,38,0,10,26,26,15,6,0,7,10,16,11,1,0,3,16,10,4,5,7544.30183205
20232,1123001373,2,2,0,0,0,0,0,1,1,0,0,0,0,1,1,0,0,0,0,0,0,267.986559413
20232,1123001374,25,17,8,0,5,5,3,6,6,0,3,4,2,4,4,0,2,1,1,2,2,3448.47641737
20232,1123001375,416,298,118,6,31,74,106,78,121,5,11,44,71,62,105,1,20,30,35,16,16,14113.5126472
20232,1123001376,10,6,4,0,0,0,1,4,5,0,0,0,0,2,4,0,0,0,1,2,1,5273.24260925
20232,1123001377,6,6,0,0,0,2,0,1,3,0,0,2,0,1,3,0,0,0,0,0,0,2621.53512107
20232,1123001379,10,6,4,0,0,2,2,4,2,0,0,0,1,3,2,0,0,2,1,1,0,5566.7657525
20232,1123001381,18,14,4,0,0,1,8,4,5,0,0,1,6,3,4,0,0,0,2,1,1,4734.4584569
20232,1123001384,13,3,10,0,6,3,2,1,1,0,0,1,2,0,0,0,6,2,0,1,1,5199.24676573
20232,1123001385,139,75,64,0,14,30,44,33,18,0,4,15,25,18,13,0,10,15,19,15,5,8042.37328887
20232,1123001386,18,11,7,0,1,2,8,4,3,0,1,2,4,2,2,0,0,0,4,2,1,2931.89741529
20232,1123001388,25,13,12,0,3,2,4,15,1,0,2,1,0,9,1,0,1,1,4,6,0,6419.41771923
20232,1123001389,15,10,5,0,0,3,3,5,4,0,0,1,2,3,4,0,0,2,1,2,0,5354.60233294
20232,1123001391,271,249,22,0,22,94,72,80,3,0,18,87,67,76,1,0,4,7,5,4,2,5470.59872095
20232,1123001392,38,9,29,0,17,5,4,8,4,0,0,3,1,3,2,0,17,2,3,5,2,6654.32879763
20232,1123001393,44,32,12,0,12,6,11,8,7,0,9,4,8,5,6,0,3,2,3,3,1,6374.30314091
20232,1123001397,24,14,10,0,5,5,5,8,1,0,5,2,4,2,1,0,0,3,1,6,0,6525.81560154
20232,1123001398,7,3,4,0,1,3,0,2,1,0,0,2,0,0,1,0,1,1,0,2,0,4536.20935954
20232,1123001399,10,4,6,0,0,1,4,5,0,0,0,0,1,3,0,0,0,1,3,2,0,6474.82609417
20232,1123001400,6,5,1,0,0,1,1,2,2,0,0,1,0,2,2,0,0,0,1,0,0,11320.3183701
20232,1123001401,27,5,22,0,2,5,7,7,6,0,0,0,0,0,5,0,2,5,7,7,1,15122.9864546
20232,1123001402,3,2,1,0,0,1,1,0,1,0,0,1,0,0,1,0,0,0,1,0,0,3221.89739034
20232,1123001403,38,23,15,0,2,8,11,7,10,0,1,3,8,3,8,0,1,5,3,4,2,4867.70086789
20232,1123001404,18,16,2,0,2,5,5,5,1,0,2,5,5,3,1,0,0,0,0,2,0,1810.52620531
20232,1123001405,72,35,37,0,23,14,16,12,7,0,9,10,6,6,4,0,14,4,10,6,3,5917.4011449
20232,1123001406,10,9,1,0,0,0,1,7,2,0,0,0,1,6,2,0,0,0,0,1,0,6501.7530575
20232,1123001407,16,13,3,0,1,4,7,3,1,0,0,3,7,2,1,0,1,1,0,1,0,6368.72709123
20232,1123001408,25,12,13,0,6,5,7,4,3,0,2,2,3,2,3,0,4,3,4,2,0,1000.0890138
20232,1123001409,2,2,0,0,0,0,1,0,1,0,0,0,1,0,1,0,0,0,0,0,0,1020.5928757
20232,1123001411,7,7,0,0,1,0,1,1,4,0,1,0,1,1,4,0,0,0,0,0,0,2523.75545318
20232,1123001413,100,75,25,0,6,33,28,15,18,0,1,26,23,11,14,0,5,7,5,4,4,11519.4560242
20232,1123001414,2,2,0,0,0,0,0,0,2,0,0,0,0,0,2,0,0,0,0,0,0,1137.48089262
20232,1123001416,5,2,3,0,0,1,2,1,1,0,0,0,1,0,1,0,0,1,1,1,0,3778.67687162
20232,1123001417,181,143,38,1,56,42,37,31,14,0,43,32,32,26,10,1,13,10,5,5,4,7514.87708392
20232,1123001419,10,8,2,0,0,1,0,5,4,0,0,0,0,5,3,0,0,1,0,0,1,9775.13424425
20232,1123001421,14,4,10,0,3,3,2,5,1,0,1,1,1,0,1,0,2,2,1,5,0,6014.44502704
20232,1123001422,2,2,0,0,0,0,2,0,0,0,0,0,2,0,0,0,0,0,0,0,0,1880.3633536
20232,1123001424,101,99,2,0,1,0,8,42,50,0,1,0,8,40,50,0,0,0,0,2,0,4932.16320077
20232,1123001425,147,79,68,0,31,51,22,21,22,0,12,28,12,12,15,0,19,23,10,9,7,13280.7704614
20232,1123001426,13,10,3,0,0,3,5,4,1,0,0,3,4,2,1,0,0,0,1,2,0,5658.04577768
20232,1123001427,21,9,12,0,3,6,3,3,6,0,0,3,0,1,5,0,3,3,3,2,1,3280.33657303
20232,1123001429,15,11,4,0,0,6,3,3,3,0,0,4,2,2,3,0,0,2,1,1,0,5682.75460762
20232,1123001431,3,2,1,0,0,0,1,1,1,0,0,0,1,1,0,0,0,0,0,0,1,1921.24713238
20232,1123001433,5,5,0,0,0,1,2,2,0,0,0,1,2,2,0,0,0,0,0,0,0,5496.50228721
20232,1123001434,68,43,25,0,11,21,14,11,11,0,3,13,9,8,10,0,8,8,5,3,1,5145.44003317
20232,1123001437,8,6,2,0,1,0,1,2,4,0,0,0,1,2,3,0,1,0,0,0,1,2326.9723399
20232,1123001440,20,14,6,0,0,3,5,7,5,0,0,1,4,6,3,0,0,2,1,1,2,7213.35894654
20232,1123001441,3,1,2,0,0,1,0,1,1,0,0,0,0,0,1,0,0,1,0,1,0,1457.86495565
20232,1123001442,38,17,21,0,1,4,3,22,8,0,0,1,2,11,3,0,1,3,1,11,5,4977.86546705
20232,1123001443,24,6,18,0,2,7,7,3,5,0,0,1,1,1,3,0,2,6,6,2,2,4730.21808241
20232,1123001444,96,13,83,0,7,19,34,30,6,0,1,3,2,2,5,0,6,16,32,28,1,13746.4756124
20232,1123001445,5,4,1,0,0,0,2,3,0,0,0,0,2,2,0,0,0,0,0,1,0,2480.22846466
20232,1123001448,3,2,1,0,0,1,0,0,2,0,0,0,0,0,2,0,0,1,0,0,0,4354.47016014
20232,1123001450,4,4,0,0,0,2,0,2,0,0,0,2,0,2,0,0,0,0,0,0,0,3045.99398529
20232,1123001451,2,1,1,0,0,1,0,0,1,0,0,1,0,0,0,0,0,0,0,0,1,4503.51955396
20232,1123001452,103,52,51,0,22,31,23,16,11,0,9,14,12,7,10,0,13,17,11,9,1,5180.56802312
20232,1123001453,11,10,1,0,2,2,3,3,1,0,2,1,3,3,1,0,0,1,0,0,0,2969.74191804
20232,1123001454,2,2,0,0,0,1,0,1,0,0,0,1,0,1,0,0,0,0,0,0,0,1674.43272639
20232,1123001455,24,12,12,0,2,1,7,9,5,0,2,1,3,5,1,0,0,0,4,4,4,6837.64911032
20232,1123001456,164,148,16,0,26,35,45,37,21,0,19,31,44,34,20,0,7,4,1,3,1,5126.12306402
20232,1123001459,3,3,0,0,0,0,1,1,1,0,0,0,1,1,1,0,0,0,0,0,0,2630.20227803
20232,1123001460,9,6,3,0,0,1,7,0,1,0,0,1,4,0,1,0,0,0,3,0,0,1541.02592783
20232,1123001462,122,65,57,0,9,20,35,36,22,0,6,10,17,20,12,0,3,10,18,16,10,3894.32687889
20232,1123001464,5,4,1,0,2,0,1,1,1,0,2,0,1,1,0,0,0,0,0,0,1,8432.94970331
20232,1123001465,46,11,35,0,9,14,8,13,2,0,2,3,1,4,1,0,7,11,7,9,1,18246.4413529
20232,1123001467,21,9,12,0,0,0,4,10,7,0,0,0,2,5,2,0,0,0,2,5,5,4736.76092528
20232,1123001473,126,91,35,0,21,31,31,26,17,0,16,18,22,20,15,0,5,13,9,6,2,2709.17188854
20232,1123001474,59,30,29,0,3,12,28,10,6,0,3,9,14,1,3,0,0,3,14,9,3,8476.88203593
20232,1123001476,5,4,1,0,1,1,1,1,1,0,1,0,1,1,1,0,0,1,0,0,0,7063.28036857
20232,1123001477,13,9,4,0,2,1,4,4,2,0,1,0,4,2,2,0,1,1,0,2,0,6953.99217491
20232,1123001479,10,9,1,0,0,1,5,3,1,0,0,0,5,3,1,0,0,1,0,0,0,6990.62090556
20232,1123001480,23,11,12,0,0,3,4,11,5,0,0,1,2,6,2,0,0,2,2,5,3,7085.04358612
20232,1123001481,57,35,22,0,6,17,15,13,6,0,1,13,10,8,3,0,5,4,5,5,3,8895.96901651
20232,1123001482,60,33,27,0,5,11,14,23,7,0,3,8,6,10,6,0,2,3,8,13,1,6110.90501105
20232,1123001483,27,12,15,0,3,5,9,10,0,0,2,4,2,4,0,0,1,1,7,6,0,6160.22952037
20232,1123001484,47,31,16,2,10,14,10,9,2,2,7,5,7,8,2,0,3,9,3,1,0,3076.36896317
20232,1123001486,7,3,4,0,0,0,2,2,3,0,0,0,0,1,2,0,0,0,2,1,1,5359.76878647
20232,1123001487,11,10,1,0,1,1,3,3,3,0,1,1,2,3,3,0,0,0,1,0,0,3386.07192793
20232,1123001488,7,4,3,0,0,1,6,0,0,0,0,0,4,0,0,0,0,1,2,0,0,3019.7420794
20232,1123001489,15,11,4,0,4,5,4,1,1,0,3,3,3,1,1,0,1,2,1,0,0,3187.30133804
20232,1123001491,16,6,10,0,3,5,3,4,1,0,0,2,1,2,1,0,3,3,2,2,0,25154.3285933
20232,1123001493,2,2,0,0,1,0,0,1,0,0,1,0,0,1,0,0,0,0,0,0,0,3174.20676325
20232,1123001494,92,25,67,0,13,15,16,22,26,0,4,9,6,2,4,0,9,6,10,20,22,7379.14624136
20232,1123001497,6,6,0,0,0,0,3,2,1,0,0,0,3,2,1,0,0,0,0,0,0,2817.87552365
20232,1123001498,16,1,15,0,5,3,2,4,2,0,0,0,0,0,1,0,5,3,2,4,1,1808.47977986
20232,1123001499,6,4,2,0,2,1,1,2,0,0,2,1,0,1,0,0,0,0,1,1,0,1821.86097926
20232,1123001501,16,9,7,0,0,6,2,8,0,0,0,4,1,4,0,0,0,2,1,4,0,1697.95252412
20232,1123001505,8,4,4,0,0,4,1,2,1,0,0,2,1,1,0,0,0,2,0,1,1,7638.06405978
20232,1123001509,110,75,35,0,7,25,30,30,18,0,6,17,21,17,14,0,1,8,9,13,4,10862.3147481
20232,1123001514,724,301,423,0,14,16,59,178,457,0,11,9,33,67,181,0,3,7,26,111,276,3651.64655198
20232,1123001516,22,2,20,0,5,7,3,3,4,0,0,0,0,0,2,0,5,7,3,3,2,7303.2756489
20232,1123001518,41,21,20,0,8,7,4,17,5,0,5,3,2,7,4,0,3,4,2,10,1,6825.94748015
20232,1123001520,19,15,4,0,6,3,7,2,1,0,3,3,6,2,1,0,3,0,1,0,0,2442.67438422
20232,1123001526,13,9,4,0,0,2,7,3,1,0,0,1,5,2,1,0,0,1,2,1,0,3198.73780029
20232,1123001530,23,11,12,0,4,6,7,3,3,0,2,0,5,1,3,0,2,6,2,2,0,7635.80977453
20232,1123001534,44,25,19,1,8,11,16,5,3,1,3,6,11,4,0,0,5,5,5,1,3,9796.04396006
20232,1123001536,7,6,1,0,0,1,3,0,3,0,0,1,2,0,3,0,0,0,1,0,0,6330.7126506
20232,1123001537,3,3,0,0,0,2,0,1,0,0,0,2,0,1,0,0,0,0,0,0,0,770.712491337
20232,1123001540,5,3,2,0,0,1,0,2,2,0,0,0,0,1,2,0,0,1,0,1,0,365.90759133
20232,1123001541,27,13,14,0,1,4,6,7,9,0,0,2,3,3,5,0,1,2,3,4,4,2661.1772161
20232,1123001542,12,9,3,0,0,1,4,5,2,0,0,0,3,4,2,0,0,1,1,1,0,2955.87505828
20232,1123001543,3,3,0,0,0,0,2,1,0,0,0,0,2,1,0,0,0,0,0,0,0,8596.90806714
20232,1123001548,7,2,5,0,3,1,1,2,0,0,1,0,0,1,0,0,2,1,1,1,0,2383.501796
20232,1123001552,1,0,1,0,0,0,0,0,1,0,0,0,0,0,0,0,0,0,0,0,1,780.11637716
20232,1123001555,15,7,8,0,0,3,3,5,4,0,0,1,1,2,3,0,0,2,2,3,1,2318.38621465
20232,1123001557,9,4,5,0,1,2,4,1,1,0,0,1,2,0,1,0,1,1,2,1,0,2655.03621618
20232,1123001562,2,2,0,0,0,0,0,1,1,0,0,0,0,1,1,0,0,0,0,0,0,2385.05822121
20232,1123001563,1,1,0,0,0,0,0,0,1,0,0,0,0,0,1,0,0,0,0,0,0,1105.44703502
20232,1123001564,155,114,41,0,21,31,37,46,20,0,16,26,25,31,16,0,5,5,12,15,4,9502.44158873
20232,1123001567,2,0,2,0,1,1,0,0,0,0,0,0,0,0,0,0,1,1,0,0,0,5111.96050348
20232,1123001571,12,8,4,0,0,1,1,8,2,0,0,1,0,5,2,0,0,0,1,3,0,2768.6736512
20232,1123001572,4,3,1,0,0,0,0,2,2,0,0,0,0,1,2,0,0,0,0,1,0,1958.7063422
20232,1123001573,2115,1411,704,12,473,565,537,385,143,9,328,398,329,244,103,3,145,167,208,141,40,5441.91728221
20232,1123001578,14,10,4,0,2,3,4,2,3,0,0,3,3,2,2,0,2,0,1,0,1,1097.38995478
20232,1123001579,49,7,42,0,0,5,9,31,4,0,0,1,2,2,2,0,0,4,7,29,2,807.433710519
20232,1123001583,2,2,0,0,0,0,0,1,1,0,0,0,0,1,1,0,0,0,0,0,0,1005.17816963
20232,1123001584,280,107,173,1,43,63,76,67,30,0,3,22,33,33,16,1,40,41,43,34,14,7992.12693281
20232,1123001588,272,248,24,0,1,7,37,98,129,0,0,2,27,94,125,0,1,5,10,4,4,6658.18866416
20232,1123001589,16,9,7,0,1,2,2,7,4,0,0,0,1,5,3,0,1,2,1,2,1,6674.14783146
20232,1123001592,13,8,5,0,0,3,8,2,0,0,0,1,5,2,0,0,0,2,3,0,0,9422.71776574
20232,1123001593,49,21,28,0,1,10,10,14,14,0,0,1,3,8,9,0,1,9,7,6,5,4203.23962719
20232,1123001594,82,38,44,0,10,16,17,23,16,0,8,11,5,9,5,0,2,5,12,14,11,6043.8271992
20232,1123001595,285,155,130,5,58,72,66,66,18,5,35,46,36,21,12,0,23,26,30,45,6,8134.30016491
20232,1123001596,7,2,5,0,0,0,0,1,6,0,0,0,0,0,2,0,0,0,0,1,4,2177.99281376
20232,1123001597,7,2,5,0,0,0,2,3,2,0,0,0,0,1,1,0,0,0,2,2,1,4043.53997307
20232,1123001598,9,6,3,0,0,2,1,3,3,0,0,1,0,3,2,0,0,1,1,0,1,8201.99578759
20232,1123001599,18,7,11,0,5,2,3,8,0,0,2,1,0,4,0,0,3,1,3,4,0,4523.47937648
20232,1123001603,10,7,3,0,2,1,4,3,0,0,0,1,4,2,0,0,2,0,0,1,0,2900.42462842
20232,1123001604,24,21,3,0,3,2,8,8,3,0,3,2,6,8,2,0,0,0,2,0,1,5674.69976032
20232,1123001606,45,24,21,0,2,11,13,13,6,0,1,8,4,8,3,0,1,3,9,5,3,8286.57684344
20232,1123001608,11,9,2,0,0,2,8,1,0,0,0,2,7,0,0,0,0,0,1,1,0,2528.02648496
20232,1123001609,13,5,8,0,4,5,4,0,0,0,1,2,2,0,0,0,3,3,2,0,0,5641.27108116
20232,1123001610,2,1,1,0,0,1,1,0,0,0,0,0,1,0,0,0,0,1,0,0,0,5021.12982437
20232,1123001611,24,16,8,0,2,5,8,7,2,0,0,3,6,5,2,0,2,2,2,2,0,2432.27787358
20232,1123001612,18,16,2,0,1,4,5,4,4,0,1,4,3,4,4,0,0,0,2,0,0,1069.3195533
20232,1123001614,2,1,1,0,0,0,0,2,0,0,0,0,0,1,0,0,0,0,0,1,0,4159.12468628
20232,1123001615,7,6,1,0,1,0,2,3,1,0,1,0,2,2,1,0,0,0,0,1,0,3305.78195532
20232,1123001617,15,4,11,0,1,9,3,2,0,0,0,1,2,1,0,0,1,8,1,1,0,6957.9189275
20232,1123001618,3,1,2,0,0,0,0,2,1,0,0,0,0,0,1,0,0,0,0,2,0,5984.21590529
20232,1123001621,7,0,7,0,0,1,1,4,1,0,0,0,0,0,0,0,0,1,1,4,1,4874.31694985
20232,1123001623,2,0,2,0,1,0,0,1,0,0,0,0,0,0,0,0,1,0,0,1,0,7212.21447054
20232,1123001625,40,26,14,0,5,3,9,12,11,0,4,2,5,6,9,0,1,1,4,6,2,10200.3265225
20232,1123001627,56,44,12,0,5,11,15,13,12,0,3,9,13,8,11,0,2,2,2,5,1,1501.43628989
20232,1123001629,24,12,12,0,6,4,7,5,2,0,4,1,1,4,2,0,2,3,6,1,0,1240.72513743
20232,1123001630,36,29,7,0,2,3,3,3,25,0,0,2,2,3,22,0,2,1,1,0,3,9988.33228846
20232,1123001631,26,9,17,0,1,0,5,10,10,0,0,0,2,2,5,0,1,0,3,8,5,3305.8485222
20232,1123001632,84,61,23,0,22,38,15,7,2,0,15,28,13,4,1,0,7,10,2,3,1,6750.31116411
20232,1123001633,2,1,1,0,0,0,1,1,0,0,0,0,0,1,0,0,0,0,1,0,0,6884.56562242
20232,1123001634,30,22,8,0,1,2,11,13,3,0,1,1,7,10,3,0,0,1,4,3,0,10865.4088096
20232,1123001635,20,7,13,0,4,2,7,5,2,0,3,2,1,1,0,0,1,0,6,4,2,10148.5998149
20232,1123001636,14,11,3,0,0,7,4,2,1,0,0,5,4,1,1,0,0,2,0,1,0,16477.1155956
20232,1123001637,66,26,40,0,4,6,14,25,17,0,0,0,7,10,9,0,4,6,7,15,8,10103.7257895
20232,1123001638,46,13,33,0,4,10,11,13,8,0,1,1,1,5,5,0,3,9,10,8,3,6998.01461805
20232,1123001639,55,23,32,0,9,20,13,9,4,0,3,6,8,4,2,0,6,14,5,5,2,7302.31771112
20232,1123001640,502,68,434,0,105,138,196,60,3,0,7,32,19,8,2,0,98,106,177,52,1,7463.03189471
20232,1123001642,106,84,22,1,25,33,21,13,13,1,20,29,11,12,11,0,5,4,10,1,2,6188.93719982
20232,1123001646,10,6,4,0,1,2,2,4,1,0,0,1,2,2,1,0,1,1,0,2,0,6821.34012799
20232,1123001649,7,5,2,0,0,3,3,0,1,0,0,3,2,0,0,0,0,0,1,0,1,4254.85928562
20232,1123001653,3,1,2,0,0,1,1,1,0,0,0,0,0,1,0,0,0,1,1,0,0,3074.36091837
20232,1123001654,35,16,19,0,2,3,14,5,11,0,1,2,10,2,1,0,1,1,4,3,10,4366.01332506
20232,1123001655,4,4,0,0,0,1,0,1,2,0,0,1,0,1,2,0,0,0,0,0,0,2515.36345007
20232,1123001672,2,0,2,0,0,1,1,0,0,0,0,0,0,0,0,0,0,1,1,0,0,770.715518982
20232,1123001673,67,10,57,0,7,15,31,14,0,0,1,4,4,1,0,0,6,11,27,13,0,15586.8132153
20232,1123001674,100,49,51,0,12,16,21,34,17,0,2,6,12,19,10,0,10,10,9,15,7,9743.13897554
20232,1123001675,79,34,45,0,11,13,13,27,15,0,4,6,6,7,11,0,7,7,7,20,4,9263.09745605
20232,1123001681,15,11,4,0,1,4,6,3,1,0,1,4,3,2,1,0,0,0,3,1,0,6276.58377682
20232,1123001683,2,1,1,0,1,0,1,0,0,0,1,0,0,0,0,0,0,0,1,0,0,1870.34371462
20232,1123001686,5,4,1,0,0,0,0,1,4,0,0,0,0,1,3,0,0,0,0,0,1,6396.27500015
20232,1123001692,5,3,2,0,0,0,1,2,2,0,0,0,0,1,2,0,0,0,1,1,0,5573.72641073
20232,1123001695,1718,1041,677,39,1366,276,32,4,1,23,780,204,29,4,1,16,586,72,3,0,0,3319.13818758
20232,1123001699,8,6,2,1,2,0,1,4,0,1,1,0,0,4,0,0,1,0,1,0,0,1514.18148639
20232,1123001704,235,117,118,1,34,48,80,38,34,1,10,19,38,24,25,0,24,29,42,14,9,5036.11964138
20232,1123001705,6,5,1,0,1,0,0,4,1,0,1,0,0,3,1,0,0,0,0,1,0,6642.42426424
20232,1123001706,49,14,35,0,14,14,13,5,3,0,3,1,4,3,3,0,11,13,9,2,0,3728.42218296
20232,1123001707,330,155,175,1,43,47,73,98,68,0,17,24,31,43,40,1,26,23,42,55,28,8545.53019173
20232,1123001708,95,66,29,0,29,28,16,8,14,0,18,25,10,4,9,0,11,3,6,4,5,8154.01474872
20232,1123001717,6,2,4,0,0,0,1,3,2,0,0,0,0,1,1,0,0,0,1,2,1,2678.28882192
20232,1123001718,4,3,1,0,0,1,0,1,2,0,0,0,0,1,2,0,0,1,0,0,0,6806.22010542
20232,1123001719,10,2,8,0,0,2,4,4,0,0,0,0,2,0,0,0,0,2,2,4,0,5209.53403597
20232,1123001722,6,0,6,0,1,3,1,1,0,0,0,0,0,0,0,0,1,3,1,1,0,2305.30489082
20232,1123001723,18,8,10,0,0,3,3,5,7,0,0,0,3,3,2,0,0,3,0,2,5,2202.31947404
20232,1123001728,3,1,2,0,0,2,1,0,0,0,0,0,1,0,0,0,0,2,0,0,0,1362.15195814
20232,1123001729,11,7,4,0,0,3,3,1,4,0,0,2,2,0,3,0,0,1,1,1,1,6839.26936854
20232,1123001731,45,26,19,0,5,6,16,13,5,0,0,4,11,6,5,0,5,2,5,7,0,8658.17422558
20232,1123001733,29,5,24,0,0,1,2,16,10,0,0,0,0,2,3,0,0,1,2,14,7,8296.31010887
20232,1123001738,5,5,0,0,2,1,0,0,2,0,2,1,0,0,2,0,0,0,0,0,0,1801.07270536
20232,1123001740,4,3,1,0,0,1,1,2,0,0,0,0,1,2,0,0,0,1,0,0,0,980.194432809
20232,1123001742,3,1,2,0,0,0,0,2,1,0,0,0,0,0,1,0,0,0,0,2,0,6160.8449913
20232,1123001747,452,214,238,1,43,103,138,141,26,0,25,60,68,47,14,1,18,43,70,94,12,4357.42417553
20232,1123001748,4,3,1,0,0,0,3,1,0,0,0,0,3,0,0,0,0,0,0,1,0,1241.384888
20232,1123001751,5,3,2,0,0,0,0,3,2,0,0,0,0,1,2,0,0,0,0,2,0,1670.12238524
20232,1123001752,13,8,5,0,0,1,2,8,2,0,0,1,2,3,2,0,0,0,0,5,0,3872.14504388
20232,1123001753,62,28,34,0,18,19,13,11,1,0,7,11,6,3,1,0,11,8,7,8,0,8907.81809772
20232,1123001754,3,2,1,0,0,0,1,2,0,0,0,0,1,1,0,0,0,0,0,1,0,1928.37964443
20232,1123001756,11,1,10,0,2,1,3,4,1,0,0,0,0,1,0,0,2,1,3,3,1,1925.65316767
20232,1123001757,9,7,2,0,1,1,5,1,1,0,0,1,4,1,1,0,1,0,1,0,0,3068.65804359
20232,1123001760,18,10,8,0,5,3,2,6,2,0,3,3,0,3,1,0,2,0,2,3,1,3977.20013561
20232,1123001761,2,2,0,0,0,0,1,1,0,0,0,0,1,1,0,0,0,0,0,0,0,4276.03451425
20232,1123001762,56,40,16,0,1,11,17,19,8,0,0,10,14,11,5,0,1,1,3,8,3,9550.87826095
20232,1123001765,5,3,2,0,2,0,0,2,1,0,1,0,0,1,1,0,1,0,0,1,0,3834.09074247
20232,1123001766,167,54,113,0,8,20,64,70,5,0,6,10,20,14,4,0,2,10,44,56,1,9297.4510458
20232,1123001772,19,15,4,0,3,3,1,7,5,0,3,3,0,5,4,0,0,0,1,2,1,6309.01429743
20232,1123001774,26,9,17,0,3,9,7,4,3,0,1,3,2,0,3,0,2,6,5,4,0,1681.53295582
20232,1123001775,7,6,1,0,0,1,4,0,2,0,0,1,3,0,2,0,0,0,1,0,0,6648.50062046
20232,1123001776,15,9,6,0,3,1,4,2,5,0,3,1,1,2,2,0,0,0,3,0,3,6692.04152494
20232,1123001777,77,42,35,0,5,16,22,22,12,0,4,7,11,10,10,0,1,9,11,12,2,13677.9660346
20232,1123001779,6,3,3,0,0,1,2,2,1,0,0,1,0,1,1,0,0,0,2,1,0,2915.40789666
20232,1123001780,50,37,13,0,3,9,17,15,6,0,1,6,13,13,4,0,2,3,4,2,2,7472.38544568
20232,1123001782,35,24,11,0,3,3,4,17,8,0,1,1,3,13,6,0,2,2,1,4,2,7896.5910533
20232,1123001784,29,20,9,0,0,4,9,12,4,0,0,4,5,8,3,0,0,0,4,4,1,28284.9379399
20232,1123001785,21,15,6,0,3,1,4,8,5,0,2,1,3,4,5,0,1,0,1,4,0,8923.63552952
20232,1123001786,14,8,6,0,3,5,3,3,0,0,1,3,2,2,0,0,2,2,1,1,0,4933.04247039
20232,1123001788,3,1,2,0,0,0,0,1,2,0,0,0,0,0,1,0,0,0,0,1,1,3354.96691417
20232,1123001790,222,216,6,0,0,2,24,88,108,0,0,1,22,87,106,0,0,1,2,1,2,6949.65081213
20232,1123001791,4,2,2,0,0,0,3,1,0,0,0,0,2,0,0,0,0,0,1,1,0,2909.24675782
20232,1123001793,12,0,12,0,0,4,5,1,2,0,0,0,0,0,0,0,0,4,5,1,2,1359.01102341
20232,1123001794,35,9,26,0,1,1,2,7,24,0,0,0,1,1,7,0,1,1,1,6,17,8827.21551829
20232,1123001795,13,10,3,0,0,0,3,5,5,0,0,0,3,4,3,0,0,0,0,1,2,11121.5233736
20232,1123001796,13,9,4,0,2,4,2,2,3,0,1,3,2,1,2,0,1,1,0,1,1,1051.54566169
20232,1123001797,14,6,8,0,0,5,7,2,0,0,0,2,3,1,0,0,0,3,4,1,0,4748.95147149
20232,1123001799,113,56,57,0,24,49,19,10,11,0,9,29,6,5,7,0,15,20,13,5,4,6519.11709223
20232,1123001800,25,8,17,0,1,6,6,10,2,0,1,2,3,2,0,0,0,4,3,8,2,5864.04942963
20232,1123001802,43,33,10,0,4,9,7,11,12,0,2,5,6,8,12,0,2,4,1,3,0,4983.96641971
20232,1123001803,90,85,5,0,0,4,12,28,46,0,0,3,10,28,44,0,0,1,2,0,2,4187.58088906
20232,1123001804,7,5,2,0,1,2,3,1,0,0,1,2,2,0,0,0,0,0,1,1,0,6604.14337509
20232,1123001805,8,2,6,0,1,3,4,0,0,0,0,0,2,0,0,0,1,3,2,0,0,14862.3520205
20232,1123001808,3,2,1,0,0,0,1,1,1,0,0,0,0,1,1,0,0,0,1,0,0,2977.21670631
20232,1123001810,5,3,2,0,1,0,1,3,0,0,1,0,1,1,0,0,0,0,0,2,0,4445.49689001
20232,1123001812,184,120,64,1,29,55,40,40,19,0,13,44,28,19,16,1,16,11,12,21,3,5745.42206838
20232,1123001814,9,6,3,0,0,1,5,3,0,0,0,1,3,2,0,0,0,0,2,1,0,2557.57993975
20232,1123001816,1,0,1,0,0,1,0,0,0,0,0,0,0,0,0,0,0,1,0,0,0,9384.3475861
20232,1123001819,21,18,3,0,3,8,5,3,2,0,2,6,5,3,2,0,1,2,0,0,0,1904.36639678
20232,1123001822,9,6,3,0,0,1,3,4,1,0,0,1,2,3,0,0,0,0,1,1,1,5127.23001287
20232,1123001824,3,3,0,0,1,0,0,2,0,0,1,0,0,2,0,0,0,0,0,0,0,3710.02490604
20232,1123001827,2,2,0,0,0,0,0,1,1,0,0,0,0,1,1,0,0,0,0,0,0,2452.77132621
20232,1123001829,10,3,7,0,2,3,3,2,0,0,0,1,1,1,0,0,2,2,2,1,0,2538.48517068
20232,1123001831,140,51,89,1,18,35,45,34,7,1,6,23,14,5,2,0,12,12,31,29,5,13598.1602686
20232,1123001847,23,18,5,1,4,3,6,6,3,0,4,3,3,5,3,1,0,0,3,1,0,5390.73527039
20232,1123001849,35,26,9,0,3,6,9,12,5,0,3,5,6,8,4,0,0,1,3,4,1,15884.2258296
20232,1123001853,41,34,7,0,2,2,7,15,15,0,0,2,6,11,15,0,2,0,1,4,0,3521.82595606
20232,1123001857,121,94,27,0,25,27,35,22,12,0,22,20,25,17,10,0,3,7,10,5,2,6295.81292237
20232,1123001859,8,8,0,0,1,1,5,1,0,0,1,1,5,1,0,0,0,0,0,0,0,1491.61008874
20232,1123001864,47,27,20,0,8,15,6,9,9,0,5,8,5,3,6,0,3,7,1,6,3,19668.2728815
20232,1123001869,4,3,1,0,0,2,1,0,1,0,0,1,1,0,1,0,0,1,0,0,0,5910.88547042
20232,1123001876,21,7,14,0,2,1,7,6,5,0,1,0,1,2,3,0,1,1,6,4,2,12264.955188
20232,1123001878,3,2,1,0,0,0,2,1,0,0,0,0,1,1,0,0,0,0,1,0,0,4265.14826027
20232,1123001885,39,16,23,0,6,12,6,9,6,0,3,5,1,6,1,0,3,7,5,3,5,3511.67954615
20232,1123001894,6,4,2,0,0,0,2,4,0,0,0,0,2,2,0,0,0,0,0,2,0,10382.5596797
20232,1123001898,13,3,10,0,2,3,4,1,3,0,0,0,2,0,1,0,2,3,2,1,2,10202.9924044
20232,1123001904,7,5,2,0,0,2,1,2,2,0,0,2,1,1,1,0,0,0,0,1,1,5919.14861411
20232,1123001907,3,2,1,0,1,0,1,1,0,0,0,0,1,1,0,0,1,0,0,0,0,2825.53634447
20232,1123001908,18,15,3,0,0,1,7,6,4,0,0,0,5,6,4,0,0,1,2,0,0,1786.3873178
20232,1123001909,4,3,1,0,0,0,0,2,2,0,0,0,0,1,2,0,0,0,0,1,0,1326.48799967
20232,1123001918,47,32,15,0,8,20,13,6,0,0,6,12,9,5,0,0,2,8,4,1,0,3609.02175634
20232,1123001924,2,2,0,0,0,0,0,1,1,0,0,0,0,1,1,0,0,0,0,0,0,2746.53735723
20232,1123001930,19,15,4,0,0,3,12,2,2,0,0,2,11,1,1,0,0,1,1,1,1,1972.12600563
20232,1123001935,7,3,4,0,1,0,2,3,1,0,0,0,1,1,1,0,1,0,1,2,0,16835.9273328
20232,1123001939,2,1,1,0,0,1,1,0,0,0,0,1,0,0,0,0,0,0,1,0,0,2390.50075085
20232,1123001940,85,19,66,0,5,5,11,23,41,0,5,1,9,3,1,0,0,4,2,20,40,1322.5410897
20232,1123001941,10,7,3,0,3,5,1,1,0,0,2,3,1,1,0,0,1,2,0,0,0,1211.01319982
20232,1123001944,7,1,6,0,0,1,2,4,0,0,0,0,0,1,0,0,0,1,2,3,0,4627.34944165
20232,1123001947,8,7,1,0,0,1,4,2,1,0,0,1,4,1,1,0,0,0,0,1,0,2646.56892023
20232,1123001957,3,0,3,0,1,0,1,0,1,0,0,0,0,0,0,0,1,0,1,0,1,2612.62853264
20232,1123001958,3,0,3,0,0,0,0,2,1,0,0,0,0,0,0,0,0,0,0,2,1,5223.47490317
20232,1123001965,5,3,2,0,1,0,1,2,1,0,0,0,1,1,1,0,1,0,0,1,0,2944.25809345
20232,1123001966,11,5,6,0,2,4,2,1,2,0,1,2,0,1,1,0,1,2,2,0,1,2149.47353253
20232,1123001973,14,0,14,0,1,3,3,4,3,0,0,0,0,0,0,0,1,3,3,4,3,4827.13451998
20232,1123001984,32,17,15,0,15,4,7,3,3,0,6,3,4,1,3,0,9,1,3,2,0,6624.73440979
20232,1123001986,10,4,6,0,1,0,5,0,4,0,1,0,0,0,3,0,0,0,5,0,1,2525.93626494
20232,1123001987,2,2,0,0,0,1,0,0,1,0,0,1,0,0,1,0,0,0,0,0,0,3663.45874161
20232,1123001990,9,3,6,0,0,2,2,2,3,0,0,2,1,0,0,0,0,0,1,2,3,4991.96970388
20232,1123001991,4,3,1,0,0,0,2,2,0,0,0,0,2,1,0,0,0,0,0,1,0,2957.58181393
20232,1123001992,440,323,117,1,52,73,136,142,36,0,34,47,100,115,27,1,18,26,36,27,9,2659.19958978
20232,1123001993,4,3,1,0,1,1,1,0,1,0,1,1,1,0,0,0,0,0,0,0,1,732.657724252
20232,1123001994,31,11,20,0,6,7,3,10,5,0,0,3,0,3,5,0,6,4,3,7,0,9181.08458714
20232,1123001999,4,2,2,0,0,1,0,3,0,0,0,0,0,2,0,0,0,1,0,1,0,5188.80815538
20232,1123002000,2,1,1,0,0,0,0,2,0,0,0,0,0,1,0,0,0,0,0,1,0,2839.57107339
20232,1123002004,2,0,2,0,0,0,0,1,1,0,0,0,0,0,0,0,0,0,0,1,1,3090.53973316
20232,1123002006,3,2,1,0,0,1,1,1,0,0,0,1,1,0,0,0,0,0,0,1,0,5106.74938669
20232,1123002009,2,0,2,0,0,0,1,1,0,0,0,0,0,0,0,0,0,0,1,1,0,3389.01848664
20232,1123002011,11,8,3,0,3,0,2,1,5,0,2,0,1,1,4,0,1,0,1,0,1,5210.0495317
20232,1123002014,8,6,2,0,0,1,6,0,1,0,0,1,4,0,1,0,0,0,2,0,0,4830.5152482
20232,1123002018,140,91,49,0,8,18,22,41,51,0,7,18,19,22,25,0,1,0,3,19,26,970.851822096
20232,1123002019,3,3,0,0,1,0,1,1,0,0,1,0,1,1,0,0,0,0,0,0,0,1411.74946427
20232,1123002021,4,2,2,0,0,1,1,2,0,0,0,0,0,2,0,0,0,1,1,0,0,3880.10666176
20232,1123002023,4,2,2,0,0,0,0,3,1,0,0,0,0,2,0,0,0,0,0,1,1,2546.96203805
20232,1123002027,5,5,0,0,1,2,2,0,0,0,1,2,2,0,0,0,0,0,0,0,0,1900.110492
20232,1123002036,2,2,0,0,0,0,1,1,0,0,0,0,1,1,0,0,0,0,0,0,0,3863.14836129
20232,1123002037,12,3,9,0,0,4,5,1,2,0,0,2,0,1,0,0,0,2,5,0,2,2698.79656527
20232,1123002043,18,15,3,0,2,2,5,5,4,0,2,2,3,4,4,0,0,0,2,1,0,2092.60410656
20232,1123002048,4,0,4,0,0,0,2,2,0,0,0,0,0,0,0,0,0,0,2,2,0,3539.71342265
20232,1123002056,3,1,2,0,1,0,1,0,1,0,0,0,0,0,1,0,1,0,1,0,0,5004.34740564
20232,1123002061,6,5,1,0,0,1,2,2,1,0,0,0,2,2,1,0,0,1,0,0,0,2221.79576457
20232,1123002064,29,9,20,0,3,9,7,8,2,0,1,3,1,2,2,0,2,6,6,6,0,1401.43957703
20232,1123002066,2,0,2,0,0,0,1,0,1,0,0,0,0,0,0,0,0,0,1,0,1,3561.66451619
20232,1123002070,9,6,3,0,2,1,2,2,2,0,2,1,1,1,1,0,0,0,1,1,1,3039.62631581
20232,1123002072,14,10,4,0,0,5,2,3,4,0,0,3,1,2,4,0,0,2,1,1,0,2242.76260131
20232,1123002074,4,1,3,0,0,0,0,3,1,0,0,0,0,1,0,0,0,0,0,2,1,2312.74095862
20232,1123002076,6,4,2,0,2,3,1,0,0,0,0,3,1,0,0,0,2,0,0,0,0,2454.79125138
20232,1123002078,8,3,5,0,1,0,4,1,2,0,0,0,2,0,1,0,1,0,2,1,1,13384.042897
20232,1123002082,2,1,1,0,0,1,0,0,1,0,0,1,0,0,0,0,0,0,0,0,1,1643.38839658
20232,1123002091,27,14,13,0,1,4,10,6,6,0,0,2,7,1,4,0,1,2,3,5,2,189650.855414
20232,1123002092,18,12,6,0,1,3,5,6,3,0,1,2,3,5,1,0,0,1,2,1,2,2870.71374496
20232,1123002095,14,4,10,0,3,2,4,3,2,0,1,0,0,1,2,0,2,2,4,2,0,26205.3453911
20232,1123002099,2,1,1,0,0,0,0,1,1,0,0,0,0,0,1,0,0,0,0,1,0,2225.95049321
20232,1123002102,1,0,1,0,0,1,0,0,0,0,0,0,0,0,0,0,0,1,0,0,0,1058.83492936
20232,1123002106,2,1,1,0,0,0,2,0,0,0,0,0,1,0,0,0,0,0,1,0,0,1729.18324543
20232,1123002110,8,7,1,0,0,3,1,4,0,0,0,3,1,3,0,0,0,0,0,1,0,4444.17989109
20232,1123002112,10,7,3,0,0,1,2,6,1,0,0,0,2,4,1,0,0,1,0,2,0,15684.4861607
20232,1123002117,28,14,14,0,1,5,11,10,1,0,0,3,4,6,1,0,1,2,7,4,0,5186.12357986
20232,1123002121,14,4,10,0,2,7,3,2,0,0,0,2,0,2,0,0,2,5,3,0,0,2346.17358884
20232,1123002126,664,359,305,1,62,131,186,167,117,0,26,74,88,93,78,1,36,57,98,74,39,4292.3381603
20232,1123002137,6,3,3,0,0,0,3,1,2,0,0,0,2,0,1,0,0,0,1,1,1,7388.25522622
20232,1123002138,146,95,51,0,27,42,40,24,13,0,10,26,28,20,11,0,17,16,12,4,2,10821.3304508
20232,1123002140,599,420,179,0,51,130,176,140,102,0,34,88,128,97,73,0,17,42,48,43,29,1806.47154327
20232,1123002143,3,3,0,0,0,1,0,1,1,0,0,1,0,1,1,0,0,0,0,0,0,2788.7430648
20232,1123002147,13,10,3,0,4,0,5,3,1,0,3,0,4,2,1,0,1,0,1,1,0,2812.86100703
20232,1123002149,131,77,54,0,24,35,20,29,23,0,16,26,15,9,11,0,8,9,5,20,12,1077.17964895
20232,1123002154,23,17,6,0,6,10,3,3,1,0,4,9,3,1,0,0,2,1,0,2,1,1062.3166324
20232,1123002155,5,4,1,0,0,1,1,2,1,0,0,1,1,1,1,0,0,0,0,1,0,2775.26012818
20232,1123002156,49,8,41,0,0,9,14,17,9,0,0,3,1,0,4,0,0,6,13,17,5,5600.48497582
20232,1123002158,7,4,3,0,0,0,4,3,0,0,0,0,3,1,0,0,0,0,1,2,0,3268.57726876
20232,1123002159,10,3,7,0,1,1,2,2,4,0,0,0,1,1,1,0,1,1,1,1,3,8732.50187672
20232,1123002160,169,34,135,0,6,9,33,72,49,0,3,3,9,7,12,0,3,6,24,65,37,5820.05613738
20232,1123002162,18,5,13,0,1,2,5,5,5,0,0,0,1,2,2,0,1,2,4,3,3,4503.00374877
20232,1123002166,4,3,1,0,0,0,0,0,4,0,0,0,0,0,3,0,0,0,0,0,1,4374.58570695
20232,1123002171,3,0,3,0,0,1,2,0,0,0,0,0,0,0,0,0,0,1,2,0,0,4935.77759267
20232,1123002173,70,33,37,0,8,17,10,19,16,0,1,5,4,10,13,0,7,12,6,9,3,4747.74478704
20232,1123002174,26,3,23,0,4,7,7,7,1,0,1,2,0,0,0,0,3,5,7,7,1,2632.94803202
20232,1123002175,11,10,1,0,3,2,6,0,0,0,3,2,5,0,0,0,0,0,1,0,0,4021.82257158
20232,1123002178,2,1,1,0,0,0,2,0,0,0,0,0,1,0,0,0,0,0,1,0,0,2490.52703263
20232,1123002179,9,6,3,0,1,1,1,5,1,0,1,0,1,3,1,0,0,1,0,2,0,4191.7694339
20232,1123002180,19,7,12,0,0,6,9,3,1,0,0,2,4,0,1,0,0,4,5,3,0,5056.23016698
20232,1123002183,88,11,77,0,7,28,28,21,4,0,2,2,3,2,2,0,5,26,25,19,2,16977.1701846
20232,1123002186,2,1,1,0,0,0,0,2,0,0,0,0,0,1,0,0,0,0,0,1,0,637.874780302
20232,1123002190,150,55,95,1,26,38,48,33,4,1,10,12,16,14,2,0,16,26,32,19,2,6912.98431199
20232,1123002191,2,1,1,0,0,0,0,1,1,0,0,0,0,0,1,0,0,0,0,1,0,4523.1297816
20232,1123002198,9,4,5,0,0,0,5,2,2,0,0,0,1,1,2,0,0,0,4,1,0,3443.34547656
20232,1123002199,2,0,2,0,1,0,1,0,0,0,0,0,0,0,0,0,1,0,1,0,0,2459.30964445
20232,1123002201,3,2,1,0,0,0,1,2,0,0,0,0,1,1,0,0,0,0,0,1,0,2464.20029723
20232,1123002204,24,10,14,0,2,6,4,6,6,0,0,4,2,0,4,0,2,2,2,6,2,1491.48814953
20232,1123002207,66,11,55,0,8,8,21,25,4,0,2,0,3,4,2,0,6,8,18,21,2,20535.5716621
20232,1123002209,23,6,17,0,3,2,6,8,4,0,1,2,1,0,2,0,2,0,5,8,2,13140.2743558
20232,1123002210,2,2,0,0,0,0,1,0,1,0,0,0,1,0,1,0,0,0,0,0,0,3223.23791026
20232,1123002215,5,2,3,0,0,1,3,1,0,0,0,0,2,0,0,0,0,1,1,1,0,3490.69604892
20232,1123002218,2,2,0,0,0,0,0,0,2,0,0,0,0,0,2,0,0,0,0,0,0,6562.4026054
20232,1123002220,54,21,33,0,15,17,11,5,6,0,1,3,8,4,5,0,14,14,3,1,1,16768.3859252
20232,1123002222,132,83,49,0,22,16,24,48,22,0,14,8,15,30,16,0,8,8,9,18,6,5179.10626493
20232,1123002224,1,1,0,0,0,0,0,1,0,0,0,0,0,1,0,0,0,0,0,0,0,5155.47349608
20232,1123002227,55,31,24,0,0,3,21,25,6,0,0,1,9,17,4,0,0,2,12,8,2,4133.41379771
20232,1123002229,29,6,23,0,0,6,10,11,2,0,0,1,2,1,2,0,0,5,8,10,0,25744.5218007
20232,1123002232,56,13,43,0,7,19,15,14,1,0,1,5,3,3,1,0,6,14,12,11,0,20769.5395934
20232,1123002235,349,138,211,2,87,67,59,92,42,0,20,40,37,19,22,2,67,27,22,73,20,4026.98877548
20232,1123002239,13,8,5,0,0,1,4,3,5,0,0,0,2,3,3,0,0,1,2,0,2,2505.9275616
20232,1123002241,917,558,359,0,89,219,256,253,100,0,40,72,162,195,89,0,49,147,94,58,11,264120.405593
20232,1123002242,12,8,4,0,0,6,3,3,0,0,0,4,2,2,0,0,0,2,1,1,0,3622.2253219
20232,1123002243,27,20,7,0,2,3,5,7,10,0,2,2,5,5,6,0,0,1,0,2,4,6707.2140141
20232,1123002244,33,18,15,0,5,8,8,9,3,0,0,3,4,9,2,0,5,5,4,0,1,5366.84284805
20232,1123002246,14,13,1,0,0,0,2,6,6,0,0,0,2,6,5,0,0,0,0,0,1,3571.80590865
20232,1123002247,68,27,41,0,13,24,14,9,8,0,2,9,6,5,5,0,11,15,8,4,3,3412.74802572
20232,1123002248,220,83,137,0,10,12,52,97,49,0,6,5,21,34,17,0,4,7,31,63,32,4472.11898723
20232,1123002249,46,24,22,0,2,6,10,5,23,0,1,2,5,2,14,0,1,4,5,3,9,6566.48065377
20232,1123002250,45,28,17,0,4,1,9,13,18,0,2,0,4,11,11,0,2,1,5,2,7,3517.35178291
20232,1123002251,40,21,19,0,9,4,6,8,13,0,1,2,5,6,7,0,8,2,1,2,6,7174.54945447
20232,1123002253,38,30,8,0,3,8,12,7,8,0,2,6,9,7,6,0,1,2,3,0,2,4171.19225771
20232,1123002254,12,7,5,0,0,3,2,2,5,0,0,1,2,1,3,0,0,2,0,1,2,7304.62080241
20232,1123002257,583,464,119,0,23,75,116,111,258,0,17,64,107,92,184,0,6,11,9,19,74,4505.1525303
20232,1123002262,42,15,27,0,7,12,13,5,5,0,0,3,8,1,3,0,7,9,5,4,2,6922.57938222
20232,1123002263,23,12,11,0,0,3,6,2,12,0,0,0,3,2,7,0,0,3,3,0,5,6290.75318039
20232,1123002265,3,2,1,0,0,0,1,0,2,0,0,0,0,0,2,0,0,0,1,0,0,1874.69934541
20232,1123002266,3,2,1,0,0,0,0,2,1,0,0,0,0,2,0,0,0,0,0,0,1,1316.81873043
20232,1123002267,12,6,6,0,3,2,0,3,4,0,0,0,0,3,3,0,3,2,0,0,1,11343.4469245
20232,1123002270,5,4,1,0,0,0,2,2,1,0,0,0,2,1,1,0,0,0,0,1,0,680.022418855
20232,1123002272,5,3,2,0,0,0,1,2,2,0,0,0,1,0,2,0,0,0,0,2,0,2539.19443165
20232,1123002274,144,83,61,1,27,44,27,26,19,0,4,23,21,21,14,1,23,21,6,5,5,6450.61661385
20232,1123002276,22,11,11,0,1,6,7,3,5,0,0,3,5,1,2,0,1,3,2,2,3,6759.87866561
20232,1123002279,6,3,3,0,0,0,2,2,2,0,0,0,0,1,2,0,0,0,2,1,0,7141.81428832
20232,1123002281,7,6,1,0,1,2,1,3,0,0,1,1,1,3,0,0,0,1,0,0,0,1074.11712513
20232,1123002282,1,1,0,0,1,0,0,0,0,0,1,0,0,0,0,0,0,0,0,0,0,1740.97410592
20232,1123002283,4,3,1,0,0,1,1,2,0,0,0,1,1,1,0,0,0,0,0,1,0,1532.81553405
20232,1123002286,2,2,0,0,0,0,0,1,1,0,0,0,0,1,1,0,0,0,0,0,0,923.55901947
20232,1123002288,3,2,1,0,0,2,0,0,1,0,0,1,0,0,1,0,0,1,0,0,0,2666.28772958
20232,1123002290,8,5,3,0,0,0,1,5,2,0,0,0,0,3,2,0,0,0,1,2,0,5663.67935415
20232,1123002291,53,27,26,2,6,12,13,15,5,0,3,12,6,4,2,2,3,0,7,11,3,1857.36362904
20232,1123002292,6,6,0,0,0,1,2,0,3,0,0,1,2,0,3,0,0,0,0,0,0,5095.5741118
20232,1123002298,13,9,4,0,3,9,1,0,0,0,3,5,1,0,0,0,0,4,0,0,0,1788.32139912
20232,1123002300,24,13,11,0,0,4,4,7,9,0,0,2,2,3,6,0,0,2,2,4,3,5551.81187853
20232,1123002301,4,4,0,0,0,0,0,2,2,0,0,0,0,2,2,0,0,0,0,0,0,5556.88182803
20232,1123002303,3,1,2,0,0,1,0,1,1,0,0,0,0,0,1,0,0,1,0,1,0,1968.87547387
20232,1123002304,209,92,117,0,42,68,44,25,30,0,3,19,25,16,29,0,39,49,19,9,1,4136.59020888
20232,1123002311,7,6,1,0,0,0,1,4,2,0,0,0,1,3,2,0,0,0,0,1,0,2692.41951674
20232,1123002312,11,8,3,0,2,0,2,4,3,0,2,0,0,4,2,0,0,0,2,0,1,4527.89056143
20232,1123002313,3,2,1,0,0,0,0,1,2,0,0,0,0,1,1,0,0,0,0,0,1,6984.39564968
20232,1123002314,2,1,1,0,0,0,0,1,1,0,0,0,0,1,0,0,0,0,0,0,1,3617.12360981
20232,1123002315,30,3,27,0,0,3,2,19,6,0,0,1,0,1,1,0,0,2,2,18,5,3189.24692818
20232,1123002316,2,2,0,0,0,0,2,0,0,0,0,0,2,0,0,0,0,0,0,0,0,1090.98235375
20232,1123002321,6,1,5,0,1,1,1,2,1,0,0,0,0,0,1,0,1,1,1,2,0,3434.18195563
20232,1123002326,31,23,8,0,3,10,8,6,4,0,1,6,7,5,4,0,2,4,1,1,0,9551.84924255
20232,1123002327,4,2,2,0,0,0,0,1,3,0,0,0,0,1,1,0,0,0,0,0,2,3611.62367222
20232,1123002328,579,384,195,1,156,277,142,2,1,0,64,193,124,2,1,1,92,84,18,0,0,8105.10463962
20232,1123002330,7,6,1,0,0,1,3,1,2,0,0,1,3,1,1,0,0,0,0,0,1,4794.39141547
20232,1123002332,19,12,7,0,2,4,2,5,6,0,2,2,1,3,4,0,0,2,1,2,2,5008.30370071
20232,1123002333,2,1,1,0,1,0,0,1,0,0,1,0,0,0,0,0,0,0,0,1,0,1544.57627638
20232,1123002334,28,11,17,0,2,2,3,14,7,0,2,1,0,3,5,0,0,1,3,11,2,3360.12192372
20232,1123002335,3,2,1,0,0,0,1,1,1,0,0,0,0,1,1,0,0,0,1,0,0,2991.9522189
20232,1123002340,582,300,282,3,179,249,105,45,1,1,82,132,49,35,1,2,97,117,56,10,0,4844.07531438
20232,1123002341,55,14,41,0,8,15,17,11,4,0,3,3,3,1,4,0,5,12,14,10,0,16193.3263142
20232,1123002343,2,1,1,0,0,1,1,0,0,0,0,0,1,0,0,0,0,1,0,0,0,1511.35400755
20232,1123002345,104,75,29,0,13,31,37,11,12,0,7,26,29,8,5,0,6,5,8,3,7,3137.59640447
20232,1123002348,2,2,0,0,0,0,0,1,1,0,0,0,0,1,1,0,0,0,0,0,0,2043.68568529
20232,1123002351,52,17,35,0,1,0,14,30,7,0,0,0,6,6,5,0,1,0,8,24,2,2120.67131279
20232,1123002352,3,2,1,0,0,1,2,0,0,0,0,1,1,0,0,0,0,0,1,0,0,1209.85285074
20232,1123002353,9,6,3,0,0,0,0,5,4,0,0,0,0,3,3,0,0,0,0,2,1,4499.28234407
20232,1123002354,2,0,2,0,0,0,0,2,0,0,0,0,0,0,0,0,0,0,0,2,0,1737.93589134
20232,1123002358,18,11,7,0,1,3,6,6,2,0,1,1,4,3,2,0,0,2,2,3,0,2912.30757317
20232,1123002359,49,5,44,0,12,11,11,14,1,0,1,2,1,1,0,0,11,9,10,13,1,17341.5030527
20232,1123002360,120,70,50,0,15,27,24,39,15,0,11,20,18,16,5,0,4,7,6,23,10,4894.46703079
20232,1123002361,4,4,0,0,0,0,0,2,2,0,0,0,0,2,2,0,0,0,0,0,0,1614.26543567
20232,1123002362,13,8,5,0,4,1,4,3,1,0,2,1,2,2,1,0,2,0,2,1,0,4788.69494573
20232,1123002363,3,1,2,0,0,0,0,2,1,0,0,0,0,1,0,0,0,0,0,1,1,1850.30512168
20232,1123002365,25,19,6,0,6,3,9,5,2,0,4,3,7,3,2,0,2,0,2,2,0,4822.82214585
20232,1123002367,12,5,7,0,1,0,6,4,1,0,0,0,4,1,0,0,1,0,2,3,1,5047.00025452
20232,1123002368,2,2,0,0,0,0,1,1,0,0,0,0,1,1,0,0,0,0,0,0,0,3987.13698327
20232,1123002369,2,2,0,0,0,2,0,0,0,0,0,2,0,0,0,0,0,0,0,0,0,1163.20300487
20232,1123002372,4,4,0,0,0,1,1,1,1,0,0,1,1,1,1,0,0,0,0,0,0,1012.48171616
20232,1123002374,13,7,6,0,0,0,2,7,4,0,0,0,0,4,3,0,0,0,2,3,1,4366.4474611
20232,1123002379,36,31,5,0,2,4,2,9,19,0,0,4,1,8,18,0,2,0,1,1,1,11334.9830522
20232,1123002380,41,27,14,0,5,10,9,12,5,0,2,8,4,9,4,0,3,2,5,3,1,6193.59377387
20232,1123002382,29,15,14,0,1,8,10,6,4,0,0,5,6,3,1,0,1,3,4,3,3,4402.09264046
20232,1123002385,6,3,3,0,0,3,1,2,0,0,0,1,1,1,0,0,0,2,0,1,0,3269.75525522
20232,1123002386,3,3,0,0,0,1,0,2,0,0,0,1,0,2,0,0,0,0,0,0,0,1483.74198814
20232,1123002387,41,22,19,0,5,10,14,7,5,0,3,4,6,5,4,0,2,6,8,2,1,9483.39448294
20232,1123002388,9,6,3,0,0,0,2,4,3,0,0,0,1,3,2,0,0,0,1,1,1,3319.92875618
20232,1123002390,26,18,8,0,4,6,7,6,3,0,3,4,4,5,2,0,1,2,3,1,1,2716.47116399
20232,1123002392,8,7,1,0,0,0,2,4,2,0,0,0,2,3,2,0,0,0,0,1,0,6124.54651913
20232,1123002393,3,3,0,0,0,0,0,2,1,0,0,0,0,2,1,0,0,0,0,0,0,5701.47397597
20232,1123002394,4,3,1,0,0,0,1,3,0,0,0,0,1,2,0,0,0,0,0,1,0,2626.38319737
20232,1123002395,2,2,0,0,0,0,2,0,0,0,0,0,2,0,0,0,0,0,0,0,0,4594.25587329
20232,1123002401,2,1,1,0,0,0,0,1,1,0,0,0,0,0,1,0,0,0,0,1,0,1058.91228679
20232,1123002403,2,2,0,0,0,1,0,0,1,0,0,1,0,0,1,0,0,0,0,0,0,1549.284005
20232,1123002404,6,5,1,0,0,0,1,5,0,0,0,0,1,4,0,0,0,0,0,1,0,3479.13120395
20232,1123002405,2,2,0,1,0,0,0,1,0,1,0,0,0,1,0,0,0,0,0,0,0,2106.21908255
20232,1123002406,5,2,3,0,2,0,2,0,1,0,1,0,0,0,1,0,1,0,2,0,0,4386.64720564
20232,1123002407,17,12,5,0,3,3,7,4,0,0,2,2,6,2,0,0,1,1,1,2,0,2975.2159031
20232,1123002409,6,3,3,0,0,0,2,0,4,0,0,0,1,0,2,0,0,0,1,0,2,2822.09873085
20232,1123002410,2,1,1,0,0,0,1,0,1,0,0,0,1,0,0,0,0,0,0,0,1,6012.36030651
20232,1123002412,5,2,3,0,0,1,2,2,0,0,0,0,1,1,0,0,0,1,1,1,0,872.237863966
20232,1123002417,218,146,72,0,24,43,56,55,40,0,11,33,37,36,29,0,13,10,19,19,11,4639.88905157
20232,1123002418,5,0,5,0,0,0,1,3,1,0,0,0,0,0,0,0,0,0,1,3,1,1213.57278641
20232,1123002419,21,16,5,0,6,5,3,5,2,0,3,5,3,3,2,0,3,0,0,2,0,2466.30164489
20232,1123002422,29,21,8,0,9,9,1,9,1,0,8,5,1,6,1,0,1,4,0,3,0,5463.57178712
20232,1123002423,2,1,1,0,0,0,0,0,2,0,0,0,0,0,1,0,0,0,0,0,1,3874.95893226
20232,1123002424,15,7,8,0,1,9,3,0,2,0,1,3,2,0,1,0,0,6,1,0,1,1624.32393773
20232,1123002429,2,1,1,0,1,0,0,1,0,0,1,0,0,0,0,0,0,0,0,1,0,3171.77296686
20232,1123002430,7,5,2,0,0,1,2,4,0,0,0,1,1,3,0,0,0,0,1,1,0,1099.48313509
20232,1123002433,5,4,1,0,1,2,2,0,0,0,1,2,1,0,0,0,0,0,1,0,0,5130.40644399
20232,1123002434,24,17,7,0,0,0,12,7,5,0,0,0,9,5,3,0,0,0,3,2,2,5237.79948596
20232,1123002435,8,0,8,0,2,0,3,3,0,0,0,0,0,0,0,0,2,0,3,3,0,1498.45916254
20232,1123002440,4,2,2,0,1,0,1,1,1,0,0,0,1,0,1,0,1,0,0,1,0,1820.12008515
20232,1123002442,35,10,25,0,9,7,7,7,5,0,0,4,4,1,1,0,9,3,3,6,4,7620.53064753
20232,1123002445,32,9,23,0,2,10,5,5,10,0,0,1,5,1,2,0,2,9,0,4,8,3643.97908972
20232,1123002449,12,10,2,0,0,0,4,5,3,0,0,0,4,4,2,0,0,0,0,1,1,1637.41295732
20232,1123002450,93,46,47,1,9,15,26,31,11,0,5,7,8,16,10,1,4,8,18,15,1,8693.4001718
20232,1123002451,2,2,0,0,0,1,0,1,0,0,0,1,0,1,0,0,0,0,0,0,0,25580.1575984
20232,1123002452,17,13,4,0,1,4,1,8,3,0,1,2,1,7,2,0,0,2,0,1,1,2091.21336345
20232,1123002453,17,10,7,0,0,6,6,3,2,0,0,5,3,1,1,0,0,1,3,2,1,2457.9287146
20232,1123002454,38,33,5,0,1,14,12,10,1,0,1,11,10,10,1,0,0,3,2,0,0,2569.66618771
20232,1123002456,5,1,4,0,3,1,0,1,0,0,0,0,0,1,0,0,3,1,0,0,0,3951.77681175
20232,1123002457,48,29,19,0,1,3,7,6,31,0,0,3,2,2,22,0,1,0,5,4,9,5512.94256361
20232,1123002463,12,8,4,0,2,3,4,3,0,0,1,3,1,3,0,0,1,0,3,0,0,1523.82829576
20232,1123002464,7,5,2,0,0,1,4,2,0,0,0,1,3,1,0,0,0,0,1,1,0,5197.6500563
20232,1123002465,2,1,1,0,1,0,0,0,1,0,0,0,0,0,1,0,1,0,0,0,0,705.889362071
20232,1123002472,8,5,3,0,2,3,1,2,0,0,0,3,1,1,0,0,2,0,0,1,0,2905.04995382
20232,1123002475,10,7,3,0,0,1,1,3,5,0,0,1,1,1,4,0,0,0,0,2,1,5663.62654563
20232,1123002476,10,6,4,0,0,0,4,6,0,0,0,0,2,4,0,0,0,0,2,2,0,5499.72654896
20232,1123002478,12,9,3,0,0,1,2,7,2,0,0,0,1,6,2,0,0,1,1,1,0,1990.85372177
20232,1123002481,58,34,24,0,3,7,5,10,33,0,2,6,4,5,17,0,1,1,1,5,16,4628.88604209
20232,1123002485,14,8,6,0,8,0,2,4,0,0,6,0,0,2,0,0,2,0,2,2,0,4853.07922671
20232,1123002487,5,1,4,0,1,1,1,2,0,0,0,0,0,1,0,0,1,1,1,1,0,4611.10094684
20232,1123002489,2,1,1,0,0,0,0,0,2,0,0,0,0,0,1,0,0,0,0,0,1,7850.86244173
20232,1123002491,3,2,1,0,0,0,3,0,0,0,0,0,2,0,0,0,0,0,1,0,0,10097.4603887
20232,1123002494,15,12,3,0,2,4,4,1,4,0,2,4,2,1,3,0,0,0,2,0,1,4066.33760414
20232,1123002495,2,1,1,0,0,2,0,0,0,0,0,1,0,0,0,0,0,1,0,0,0,1145.19459214
20232,1123002498,53,21,32,0,0,2,11,36,4,0,0,1,6,11,3,0,0,1,5,25,1,6402.8538519
20232,1123002501,3,0,3,0,0,2,1,0,0,0,0,0,0,0,0,0,0,2,1,0,0,2280.57526831
20232,1123002502,2,1,1,0,0,0,0,2,0,0,0,0,0,1,0,0,0,0,0,1,0,3705.71252493
20232,1123002503,8,6,2,0,1,3,3,1,0,0,1,2,2,1,0,0,0,1,1,0,0,2292.53695395
20232,1123002509,2,2,0,0,0,0,1,1,0,0,0,0,1,1,0,0,0,0,0,0,0,6278.93086133
20232,1123002510,32,11,21,0,0,6,18,5,3,0,0,3,3,2,3,0,0,3,15,3,0,4955.8233255
20232,1123002513,66,12,54,0,8,19,21,14,4,0,1,2,2,3,4,0,7,17,19,11,0,13354.7864847
20232,1123002514,4,4,0,0,0,0,0,3,1,0,0,0,0,3,1,0,0,0,0,0,0,6745.76887548
20232,1123002515,4,4,0,0,0,1,0,0,3,0,0,1,0,0,3,0,0,0,0,0,0,3045.27256202
20232,1123002519,24,21,3,0,0,5,9,3,7,0,0,5,7,3,6,0,0,0,2,0,1,3643.99151507
20232,1123002520,2,1,1,0,0,0,1,1,0,0,0,0,1,0,0,0,0,0,0,1,0,4076.11845592
20232,1123002531,5,5,0,0,1,2,1,1,0,0,1,2,1,1,0,0,0,0,0,0,0,2836.64684626
20232,1123002536,4,3,1,0,0,0,4,0,0,0,0,0,3,0,0,0,0,0,1,0,0,3622.11421246
20232,1123002550,1,1,0,0,0,0,1,0,0,0,0,0,1,0,0,0,0,0,0,0,0,820.199193503
20232,1123002554,2,2,0,0,0,0,1,1,0,0,0,0,1,1,0,0,0,0,0,0,0,3691.36341801
20232,1123002565,8,6,2,0,0,3,2,1,2,0,0,2,1,1,2,0,0,1,1,0,0,1404.58152604
20232,1123002567,5,5,0,0,0,0,3,1,1,0,0,0,3,1,1,0,0,0,0,0,0,832.129823743
20232,1123002568,452,314,138,1,20,81,163,130,57,1,13,36,115,96,53,0,7,45,48,34,4,1831.48307665
20232,1123002578,6,6,0,0,1,1,0,3,1,0,1,1,0,3,1,0,0,0,0,0,0,4279.2552907
20232,1123002582,2,2,0,0,0,0,1,0,1,0,0,0,1,0,1,0,0,0,0,0,0,2176.99092134
20232,1123002589,2,1,1,0,0,1,1,0,0,0,0,0,1,0,0,0,0,1,0,0,0,1155.38552059
20232,1123002593,5,3,2,0,0,3,0,1,1,0,0,2,0,0,1,0,0,1,0,1,0,8385.24352629
20232,1123002601,49,33,16,0,8,17,22,2,0,0,4,13,15,1,0,0,4,4,7,1,0,1841.85327599
20232,1123002605,34,29,5,0,5,6,7,10,6,0,3,4,6,10,6,0,2,2,1,0,0,13237.1194942
20232,1123002606,4,2,2,0,0,1,1,0,2,0,0,0,1,0,1,0,0,1,0,0,1,4138.75667684
20232,1123002607,91,44,47,0,10,18,31,25,7,0,3,17,10,8,6,0,7,1,21,17,1,3940.03439716
20232,1123002608,5,2,3,0,0,3,0,0,2,0,0,1,0,0,1,0,0,2,0,0,1,7654.08675125
20232,1123002616,60,16,44,0,7,2,10,10,31,0,0,0,2,5,9,0,7,2,8,5,22,9243.73748842
20232,1123002618,11,5,6,0,2,2,1,0,6,0,0,1,0,0,4,0,2,1,1,0,2,6978.0957187
20232,1123002621,17,10,7,0,1,4,5,4,3,0,1,2,3,2,2,0,0,2,2,2,1,3854.78339284
20232,1123002622,207,117,90,3,56,37,45,44,22,2,26,23,30,23,13,1,30,14,15,21,9,2178.13917658
20232,1123002623,14,8,6,0,0,2,1,5,6,0,0,0,0,4,4,0,0,2,1,1,2,5821.58192479
20232,1123002627,4,3,1,0,1,2,1,0,0,0,1,1,1,0,0,0,0,1,0,0,0,3243.50498842
20232,1123002628,120,68,52,0,14,22,18,33,33,0,10,9,8,17,24,0,4,13,10,16,9,14535.9802083
20232,1123002629,80,28,52,0,5,14,17,27,17,0,3,5,8,6,6,0,2,9,9,21,11,3361.02961059
20232,1123002631,21,8,13,0,7,5,2,6,1,0,2,2,0,3,1,0,5,3,2,3,0,9423.44799531
20232,1123002633,237,141,96,0,12,26,41,58,100,0,7,17,19,35,63,0,5,9,22,23,37,10295.3038033
20232,1123002634,3,1,2,0,0,0,0,2,1,0,0,0,0,1,0,0,0,0,0,1,1,4481.7189554
20232,1123002635,14,3,11,0,0,1,5,4,4,0,0,0,2,0,1,0,0,1,3,4,3,2678.94766554
20232,1123002636,5,3,2,0,1,0,2,1,1,0,0,0,1,1,1,0,1,0,1,0,0,1044.62139714
20232,1123002638,8,3,5,0,0,1,2,2,3,0,0,0,1,0,2,0,0,1,1,2,1,3139.23114956
20232,1123002639,37,8,29,0,3,8,8,8,10,0,0,0,0,2,6,0,3,8,8,6,4,5673.18015791
20232,1123002640,216,125,91,0,22,19,29,58,88,0,11,14,13,27,60,0,11,5,16,31,28,7504.99769694
20232,1123002641,4,2,2,0,2,0,0,2,0,0,0,0,0,2,0,0,2,0,0,0,0,1893.06739058
20232,1123002643,15,3,12,0,4,3,1,3,4,0,0,0,0,0,3,0,4,3,1,3,1,5369.47236959
20232,1123002644,6,3,3,0,1,1,0,2,2,0,0,1,0,2,0,0,1,0,0,0,2,1270.4937998
20232,1123002645,10,3,7,0,1,3,2,3,1,0,0,0,0,2,1,0,1,3,2,1,0,5111.00326465
20232,1123002647,11,8,3,0,0,1,6,2,2,0,0,1,5,1,1,0,0,0,1,1,1,1792.53377292
20232,1123002650,54,35,19,0,3,15,6,12,18,0,1,11,3,6,14,0,2,4,3,6,4,3281.86765659
20232,1123002651,353,87,266,0,96,98,86,56,17,0,12,25,19,18,13,0,84,73,67,38,4,6172.00839944
20232,1123002654,3,2,1,0,1,0,2,0,0,0,0,0,2,0,0,0,1,0,0,0,0,3893.0683886
20232,1123002660,26,20,6,1,0,2,16,5,2,1,0,0,13,4,2,0,0,2,3,1,0,4042.42087228
20232,1123002662,8,4,4,0,0,0,3,4,1,0,0,0,2,1,1,0,0,0,1,3,0,1085.16450444
20232,1123002669,2,2,0,0,0,1,0,1,0,0,0,1,0,1,0,0,0,0,0,0,0,934.769917878
20232,1123002674,23,11,12,0,2,2,6,5,8,0,1,1,3,1,5,0,1,1,3,4,3,4746.99512161
20232,1123002677,6,4,2,0,1,2,1,1,1,0,0,2,1,0,1,0,1,0,0,1,0,719.96882156
20232,1123002683,22,18,4,0,0,5,8,9,0,0,0,2,7,9,0,0,0,3,1,0,0,781.21546642
20232,1123002684,3,1,2,0,1,0,0,2,0,0,0,0,0,1,0,0,1,0,0,1,0,1603.46469515
20232,1123002690,4,2,2,0,0,0,2,2,0,0,0,0,1,1,0,0,0,0,1,1,0,2896.75745726
20232,1123002692,10,0,10,0,0,3,3,4,0,0,0,0,0,0,0,0,0,3,3,4,0,1233.39585641
20232,1123002697,4,2,2,0,0,0,0,2,2,0,0,0,0,0,2,0,0,0,0,2,0,1989.42465704
20232,1123002699,10,9,1,0,1,5,2,1,1,0,1,4,2,1,1,0,0,1,0,0,0,926.081338484
20232,1123002701,5,4,1,0,0,0,5,0,0,0,0,0,4,0,0,0,0,0,1,0,0,778.779638929
20232,1123002706,2,0,2,0,0,0,1,1,0,0,0,0,0,0,0,0,0,0,1,1,0,1445.25842996
20232,1123002707,47,42,5,0,0,1,10,5,31,0,0,1,5,5,31,0,0,0,5,0,0,10946.0681679
20232,1123002708,6,2,4,0,0,2,3,0,1,0,0,0,2,0,0,0,0,2,1,0,1,4176.15077947
20232,1123002713,3,1,2,0,0,0,0,3,0,0,0,0,0,1,0,0,0,0,0,2,0,9693.84098584
20232,1123002714,43,27,16,0,8,8,15,5,7,0,5,3,8,4,7,0,3,5,7,1,0,4680.70346453
20232,1123002715,1,1,0,0,0,0,0,1,0,0,0,0,0,1,0,0,0,0,0,0,0,1253.9989814
20232,1123002717,2,2,0,0,0,0,1,1,0,0,0,0,1,1,0,0,0,0,0,0,0,2431.05873191
20232,1123002719,2,2,0,0,0,0,2,0,0,0,0,0,2,0,0,0,0,0,0,0,0,975.571989327
20232,1123002723,55,33,22,0,8,11,21,11,4,0,4,4,14,8,3,0,4,7,7,3,1,6040.37530546
20232,1123002725,2,2,0,0,0,0,1,0,1,0,0,0,1,0,1,0,0,0,0,0,0,3743.19124982
20232,1123002729,4,1,3,0,0,0,0,3,1,0,0,0,0,1,0,0,0,0,0,2,1,2279.12340816
20232,1123002733,16,13,3,0,1,4,5,6,0,0,0,4,4,5,0,0,1,0,1,1,0,5199.83648477
20232,1123002734,1,1,0,0,0,0,1,0,0,0,0,0,1,0,0,0,0,0,0,0,0,1502.51419786
20232,1123002736,6,5,1,0,1,0,3,2,0,0,0,0,3,2,0,0,1,0,0,0,0,2096.69549657
20232,1123002738,19,11,8,0,2,9,5,3,0,0,1,7,1,2,0,0,1,2,4,1,0,5995.60777454
20232,1123002742,6,5,1,0,0,1,1,3,1,0,0,0,1,3,1,0,0,1,0,0,0,5582.61413012
20232,1123002746,6,4,2,0,3,1,1,1,0,0,3,0,0,1,0,0,0,1,1,0,0,574.036106706
20232,1123002749,1,1,0,0,0,0,0,0,1,0,0,0,0,0,1,0,0,0,0,0,0,787.454644106
20232,1123002751,19,7,12,0,8,8,2,1,0,0,2,4,1,0,0,0,6,4,1,1,0,4083.93505586
20232,1123002755,249,59,190,1,30,20,16,43,139,1,6,10,9,5,28,0,24,10,7,38,111,7310.33141785
20232,1123002756,11,4,7,0,1,0,3,6,1,0,0,0,2,2,0,0,1,0,1,4,1,6327.95327245
20232,1123002757,1,1,0,0,0,0,0,1,0,0,0,0,0,1,0,0,0,0,0,0,0,5494.58312936
20232,1123002761,13,8,5,0,3,3,4,1,2,0,3,0,3,0,2,0,0,3,1,1,0,3105.93828489
20232,1123002766,18,3,15,0,5,5,3,3,2,0,0,1,2,0,0,0,5,4,1,3,2,7574.87214461
20232,1123002767,8,8,0,0,1,2,2,3,0,0,1,2,2,3,0,0,0,0,0,0,0,4733.72402152
20232,1123002769,2,2,0,0,0,0,0,0,2,0,0,0,0,0,2,0,0,0,0,0,0,2698.34449133
20232,1123002774,7,5,2,0,0,0,2,3,2,0,0,0,0,3,2,0,0,0,2,0,0,2959.69723667
20232,1123002776,802,598,204,0,138,382,114,113,55,0,87,323,78,80,30,0,51,59,36,33,25,5416.71290985
20232,1123002781,10,1,9,0,0,1,1,6,2,0,0,0,0,1,0,0,0,1,1,5,2,5162.70193978
20232,1123002784,19,8,11,0,1,6,7,4,1,0,1,4,2,1,0,0,0,2,5,3,1,2008.60643332
20232,1123002785,36,12,24,0,7,10,6,13,0,0,2,1,2,7,0,0,5,9,4,6,0,18019.1780333
20232,1123002786,6,2,4,0,1,0,2,3,0,0,0,0,1,1,0,0,1,0,1,2,0,4069.79125929
20232,1123002791,2,2,0,0,0,0,0,0,2,0,0,0,0,0,2,0,0,0,0,0,0,4494.47104337
20232,1123002792,9,4,5,0,1,3,1,4,0,0,0,0,1,3,0,0,1,3,0,1,0,2008.5003708
20232,1123002794,3,2,1,0,0,0,2,1,0,0,0,0,1,1,0,0,0,0,1,0,0,1972.92056067
20232,1123002797,114,27,87,0,21,25,25,23,20,0,9,8,3,3,4,0,12,17,22,20,16,13109.7705542
20232,1123002807,30,12,18,0,1,16,7,5,1,0,1,5,2,3,1,0,0,11,5,2,0,18763.0717535
20232,1123002811,5,4,1,0,1,1,1,2,0,0,1,1,0,2,0,0,0,0,1,0,0,823.418927319
20232,1123002814,14,6,8,0,1,4,2,3,4,0,0,3,0,0,3,0,1,1,2,3,1,6168.85521255
20232,1123002823,13,9,4,0,0,1,11,1,0,0,0,1,8,0,0,0,0,0,3,1,0,1481.26778293
20232,1123002827,5,4,1,0,0,1,1,1,2,0,0,1,1,1,1,0,0,0,0,0,1,1070.50199421
20232,1123002829,15,12,3,0,0,2,3,7,3,0,0,2,3,6,1,0,0,0,0,1,2,4181.02332029
20232,1123002831,3,1,2,0,0,0,1,0,2,0,0,0,1,0,0,0,0,0,0,0,2,5406.19270289
20232,1123002832,36,3,33,0,2,7,17,8,2,0,0,0,2,1,0,0,2,7,15,7,2,16011.9000326
20232,1123002833,2,1,1,0,0,0,1,1,0,0,0,0,0,1,0,0,0,0,1,0,0,4835.77166826
20232,1123002834,386,244,142,0,45,106,101,105,29,0,9,48,76,87,24,0,36,58,25,18,5,145231.340463
20232,1123002839,433,279,154,1,101,179,87,46,19,1,44,116,66,39,13,0,57,63,21,7,6,86929.4344295
20232,1123002840,783,366,417,1,238,302,113,86,43,0,79,128,68,55,36,1,159,174,45,31,7,204928.740361
20232,1123002845,1,0,1,0,0,0,0,1,0,0,0,0,0,0,0,0,0,0,0,1,0,1857.92952282
20232,1123002847,2,1,1,0,0,1,0,1,0,0,0,0,0,1,0,0,0,1,0,0,0,1332.09506987
20232,1123002848,4,0,4,0,0,2,0,2,0,0,0,0,0,0,0,0,0,2,0,2,0,2581.0345929
20232,1123002851,46,40,6,0,0,2,1,9,34,0,0,0,0,6,34,0,0,2,1,3,0,1452.37187066
20232,1123002865,4,1,3,0,2,0,0,2,0,0,0,0,0,1,0,0,2,0,0,1,0,5373.72049496
20232,1123002868,260,121,139,0,37,62,57,70,34,0,9,21,32,33,26,0,28,41,25,37,8,1510.91950751
20232,1123002876,47,26,21,1,5,18,15,6,2,1,3,10,9,3,0,0,2,8,6,3,2,15017.9680694
20232,1123002877,4,0,4,0,0,0,4,0,0,0,0,0,0,0,0,0,0,0,4,0,0,1607.11077524
20232,1123002880,4,4,0,0,0,3,1,0,0,0,0,3,1,0,0,0,0,0,0,0,0,6573.82251752
20232,1123002883,2,1,1,0,0,0,0,2,0,0,0,0,0,1,0,0,0,0,0,1,0,1318.55705442
20232,1123002886,2,1,1,0,0,0,1,1,0,0,0,0,0,1,0,0,0,0,1,0,0,2935.76638306
20232,1123002891,17,7,10,0,3,2,7,5,0,0,0,2,2,3,0,0,3,0,5,2,0,9962.6035372
20232,1123002895,14,7,7,0,0,2,3,4,5,0,0,2,1,1,3,0,0,0,2,3,2,4137.9390375
20232,1123002896,3,0,3,0,1,2,0,0,0,0,0,0,0,0,0,0,1,2,0,0,0,3959.52459558
20232,1123002898,28,6,22,0,6,10,5,5,2,0,2,1,1,1,1,0,4,9,4,4,1,6010.32442575
20232,1123002899,4,4,0,0,2,0,0,1,1,0,2,0,0,1,1,0,0,0,0,0,0,3200.76256493
20232,1123002900,25,18,7,0,0,6,9,7,3,0,0,5,5,6,2,0,0,1,4,1,1,13063.948137
20232,1123002901,13,9,4,0,1,0,1,5,6,0,0,0,0,5,4,0,1,0,1,0,2,3447.72831246
20232,1123002903,2,2,0,0,0,0,1,1,0,0,0,0,1,1,0,0,0,0,0,0,0,4492.04775526
20232,1123002905,10,9,1,0,5,2,0,0,3,0,4,2,0,0,3,0,1,0,0,0,0,5201.55250318
20232,1123002906,2,1,1,0,0,0,0,0,2,0,0,0,0,0,1,0,0,0,0,0,1,1563.78613036
20232,1123002907,5,2,3,0,0,0,2,1,2,0,0,0,1,0,1,0,0,0,1,1,1,4459.29513123
20232,1123002908,5,0,5,0,0,1,2,2,0,0,0,0,0,0,0,0,0,1,2,2,0,1661.85417865
20232,1123002911,6,0,6,0,0,0,4,1,1,0,0,0,0,0,0,0,0,0,4,1,1,3750.41693968
20232,1123002914,6,2,4,0,1,1,1,2,1,0,0,0,1,1,0,0,1,1,0,1,1,4604.29294001
20232,1123002915,13,5,8,0,1,2,4,1,5,0,0,2,2,0,1,0,1,0,2,1,4,4925.59184714
20232,1123002916,4,1,3,0,0,0,2,2,0,0,0,0,0,1,0,0,0,0,2,1,0,4142.42363309
20232,1123002917,4,3,1,0,0,1,0,2,1,0,0,1,0,1,1,0,0,0,0,1,0,603.027519223
20232,1123002918,9,0,9,0,3,3,1,0,2,0,0,0,0,0,0,0,3,3,1,0,2,1004.19322794
20232,1123002919,91,14,77,0,6,25,33,22,5,0,1,4,4,1,4,0,5,21,29,21,1,17689.5856703
20232,1123002920,5,4,1,0,0,0,0,2,3,0,0,0,0,2,2,0,0,0,0,0,1,2780.02974491
20232,1123002923,6,2,4,0,1,0,2,2,1,0,0,0,0,2,0,0,1,0,2,0,1,4296.91466037
20232,1123002924,15,6,9,0,2,8,2,0,3,0,0,4,1,0,1,0,2,4,1,0,2,3736.83245655
20232,1123002925,5,1,4,0,1,1,1,1,1,0,1,0,0,0,0,0,0,1,1,1,1,2422.05723758
20232,1123002926,22,9,13,0,4,6,4,3,5,0,4,1,1,1,2,0,0,5,3,2,3,1926.12998818
20232,1123002928,7,3,4,0,3,2,1,1,0,0,0,1,1,1,0,0,3,1,0,0,0,5427.73148192
20232,1123002929,17,11,6,0,0,6,5,2,4,0,0,4,5,1,1,0,0,2,0,1,3,6990.87268715
20232,1123002931,3,2,1,0,0,1,1,1,0,0,0,0,1,1,0,0,0,1,0,0,0,2471.75163454
20232,1123002937,52,42,10,0,1,9,20,11,11,0,1,7,16,8,10,0,0,2,4,3,1,34094.480476
20232,1123002938,15,6,9,0,8,2,5,0,0,0,1,1,4,0,0,0,7,1,1,0,0,68381.0030704
20232,1123002941,8,7,1,0,0,1,2,2,3,0,0,1,2,2,2,0,0,0,0,0,1,2186.89832288
20232,1123002942,16,9,7,1,1,5,2,3,4,0,0,3,1,2,3,1,1,2,1,1,1,8655.7840371
20232,1123002943,34,17,17,0,5,9,9,5,6,0,3,5,3,3,3,0,2,4,6,2,3,11806.3933984
20232,1123002946,1,1,0,0,1,0,0,0,0,0,1,0,0,0,0,0,0,0,0,0,0,2280.66381413
20232,1123002949,7,6,1,0,0,0,2,5,0,0,0,0,2,4,0,0,0,0,0,1,0,1173.42272159
20232,1123002951,15,9,6,0,1,1,4,3,6,0,1,1,3,0,4,0,0,0,1,3,2,3091.96541572
20232,1123002952,3,2,1,0,0,1,1,0,1,0,0,1,1,0,0,0,0,0,0,0,1,3942.64469453
20232,1123002953,5,3,2,1,1,0,1,1,1,1,0,0,1,1,0,0,1,0,0,0,1,4089.65904967
20232,1123002954,20,9,11,0,6,8,2,1,3,0,1,4,1,0,3,0,5,4,1,1,0,5493.46665185
20232,1123002956,4,4,0,0,0,0,0,1,3,0,0,0,0,1,3,0,0,0,0,0,0,22550.5034436
20232,1123002959,7,6,1,0,0,0,3,2,2,0,0,0,3,1,2,0,0,0,0,1,0,1461.94013885
20232,1123002960,3,1,2,0,0,1,1,1,0,0,0,0,0,1,0,0,0,1,1,0,0,2876.59289452
20232,1123002964,20,17,3,0,0,3,2,6,9,0,0,2,2,4,9,0,0,1,0,2,0,10333.6074492
20232,1123002965,2,1,1,0,0,1,0,0,1,0,0,0,0,0,1,0,0,1,0,0,0,1421.04892608
20232,1123002966,27,15,12,0,6,2,4,6,9,0,2,2,2,2,7,0,4,0,2,4,2,3956.03477432
20232,1123002967,84,54,30,0,14,8,28,25,9,0,8,6,15,17,8,0,6,2,13,8,1,13051.1044731
20232,1123002968,2,1,1,0,0,0,0,1,1,0,0,0,0,0,1,0,0,0,0,1,0,6251.95843482
20232,1123002974,319,252,67,0,20,58,110,115,16,0,10,50,85,96,11,0,10,8,25,19,5,4514.14451559
20232,1123002982,2,2,0,0,0,0,1,0,1,0,0,0,1,0,1,0,0,0,0,0,0,5860.91184551
20232,1123002985,230,126,104,0,26,57,60,49,38,0,11,36,41,30,8,0,15,21,19,19,30,1232.6863747
20232,1123002986,5,4,1,0,0,0,2,1,2,0,0,0,2,0,2,0,0,0,0,1,0,7121.21524291
20232,1123002990,47,33,14,0,7,4,12,14,10,0,5,4,6,9,9,0,2,0,6,5,1,12047.0287981
20232,1123002991,37,23,14,0,3,5,7,8,14,0,2,2,3,4,12,0,1,3,4,4,2,5781.13744145
20232,1123002993,4,4,0,0,0,0,2,0,2,0,0,0,2,0,2,0,0,0,0,0,0,6875.16128071
20232,1123002995,5,1,4,0,2,2,1,0,0,0,0,0,1,0,0,0,2,2,0,0,0,1339.17571596
20232,1123002996,92,27,65,0,10,15,14,5,48,0,3,6,3,2,13,0,7,9,11,3,35,7871.0655319
20232,1123002998,3,0,3,0,2,0,0,1,0,0,0,0,0,0,0,0,2,0,0,1,0,2231.43201635
20232,1123002999,2,2,0,0,0,0,1,1,0,0,0,0,1,1,0,0,0,0,0,0,0,1162.60106867
20232,1123003009,35,17,18,1,3,9,14,7,1,0,2,1,8,5,1,1,1,8,6,2,0,5556.41635339
20232,1123003012,8,5,3,0,1,2,2,2,1,0,0,0,2,2,1,0,1,2,0,0,0,1218.34512365
20232,1123003014,3,2,1,0,0,2,0,0,1,0,0,1,0,0,1,0,0,1,0,0,0,1182.30404241
20232,1123003018,12,11,1,0,0,2,1,5,4,0,0,2,0,5,4,0,0,0,1,0,0,8835.50062464
20232,1123003020,14,8,6,0,3,3,4,3,1,0,3,2,2,1,0,0,0,1,2,2,1,7216.11136233
20232,1123003022,2,1,1,0,0,0,2,0,0,0,0,0,1,0,0,0,0,0,1,0,0,1677.00612323
20232,1123003023,39,7,32,0,5,11,9,9,5,0,1,0,2,2,2,0,4,11,7,7,3,2959.45200321
20232,1123003024,17,2,15,0,0,5,5,4,3,0,0,0,0,0,2,0,0,5,5,4,1,1400.23542553
20232,1123003025,4,3,1,0,0,2,1,1,0,0,0,1,1,1,0,0,0,1,0,0,0,3303.94673515
20232,1123003029,5,4,1,0,0,0,0,5,0,0,0,0,0,4,0,0,0,0,0,1,0,4524.61911672
20232,1123003032,115,63,52,2,22,34,19,28,10,0,2,14,13,25,9,2,20,20,6,3,1,12058.3743236
20232,1123003034,5,1,4,0,0,0,1,4,0,0,0,0,0,1,0,0,0,0,1,3,0,2565.69065106
20232,1123003037,2,1,1,0,0,0,0,1,1,0,0,0,0,1,0,0,0,0,0,0,1,3638.95708217
20232,1123003038,9,4,5,0,0,1,1,3,4,0,0,1,0,2,1,0,0,0,1,1,3,3698.24780991
20232,1123003044,3,3,0,0,0,1,2,0,0,0,0,1,2,0,0,0,0,0,0,0,0,3574.12178366
20232,1123003046,3,2,1,0,0,0,1,1,1,0,0,0,1,0,1,0,0,0,0,1,0,3867.1605798
20232,1123003052,31,7,24,0,3,0,1,7,20,0,1,0,1,2,3,0,2,0,0,5,17,3927.52294582
20232,1123003057,10,6,4,0,1,0,2,3,4,0,1,0,1,1,3,0,0,0,1,2,1,3167.75738429
20232,1123003059,5,4,1,0,0,2,0,1,2,0,0,2,0,0,2,0,0,0,0,1,0,1313.90936941
20232,1123003060,16,12,4,0,1,1,4,8,2,0,0,1,3,6,2,0,1,0,1,2,0,3224.03133839
20232,1123003061,2,2,0,0,0,0,2,0,0,0,0,0,2,0,0,0,0,0,0,0,0,3218.04294109
20232,1123003063,13,6,7,0,5,2,2,1,3,0,1,1,1,1,2,0,4,1,1,0,1,9640.84880546
20232,1123003065,3,2,1,0,0,2,0,0,1,0,0,1,0,0,1,0,0,1,0,0,0,3022.13577466
20232,1123003066,17,3,14,0,0,7,3,6,1,0,0,1,0,2,0,0,0,6,3,4,1,1166.57534
20232,1123003067,18,1,17,0,3,5,3,4,3,0,0,0,0,0,1,0,3,5,3,4,2,1538.43611938
20232,1123003068,7,7,0,0,0,0,2,4,1,0,0,0,2,4,1,0,0,0,0,0,0,4541.00568846
20232,1123003069,3,2,1,0,1,0,0,2,0,0,0,0,0,2,0,0,1,0,0,0,0,1889.17113346
20232,1123003070,16,8,8,0,0,1,2,2,11,0,0,1,1,1,5,0,0,0,1,1,6,11129.0370473
20232,1123003078,2,2,0,0,0,0,1,1,0,0,0,0,1,1,0,0,0,0,0,0,0,1068.36855711
20232,1123003082,105,41,64,0,8,31,37,23,6,0,2,8,12,15,4,0,6,23,25,8,2,2342.93071185
20232,1123003094,186,107,79,0,22,45,48,46,25,0,10,21,23,29,24,0,12,24,25,17,1,5618.47306291
20232,1123003100,18,2,16,0,5,4,6,1,2,0,0,0,0,1,1,0,5,4,6,0,1,7604.23128972
20232,1123003105,39,18,21,0,9,10,9,9,2,0,3,3,5,5,2,0,6,7,4,4,0,3015.93063789
20232,1123003107,678,421,257,5,58,126,204,175,110,3,26,61,117,113,101,2,32,65,87,62,9,4626.95567548
20232,1123003118,4,3,1,0,0,0,2,2,0,0,0,0,2,1,0,0,0,0,0,1,0,4249.76234106
20232,1123003119,50,39,11,0,3,20,18,1,8,0,2,17,11,1,8,0,1,3,7,0,0,12868.6711485
20232,1123003120,25,15,10,0,1,2,7,13,2,0,1,2,6,6,0,0,0,0,1,7,2,11398.4598182
20232,1123003122,10,1,9,0,3,2,1,2,2,0,0,0,0,0,1,0,3,2,1,2,1,3272.18602586
20232,1123003124,185,82,103,0,26,43,43,59,14,0,13,15,9,35,10,0,13,28,34,24,4,19358.6191889
20232,1123003128,9,3,6,0,2,5,0,1,1,0,0,2,0,0,1,0,2,3,0,1,0,12928.1814159
20232,1123003129,22,17,5,0,2,5,8,6,1,0,2,3,7,4,1,0,0,2,1,2,0,4091.84871842
20232,1123003130,4,3,1,0,0,0,1,1,2,0,0,0,1,1,1,0,0,0,0,0,1,1471.64044485
20232,1123003131,4,2,2,0,0,0,1,2,1,0,0,0,0,1,1,0,0,0,1,1,0,3349.4808711
20232,1123003136,2,1,1,0,0,1,1,0,0,0,0,0,1,0,0,0,0,1,0,0,0,884.504306945
20232,1123003137,314,221,93,0,24,118,122,50,0,0,13,77,91,40,0,0,11,41,31,10,0,27614.2424638
20232,1123003138,18,7,11,0,0,0,6,9,3,0,0,0,3,2,2,0,0,0,3,7,1,8513.5283851
20232,1123003139,34,11,23,0,4,11,5,14,0,0,0,2,2,7,0,0,4,9,3,7,0,15038.7415062
20232,1123003144,5,3,2,0,0,0,0,3,2,0,0,0,0,1,2,0,0,0,0,2,0,1993.21277869
20232,1123003146,19,16,3,0,5,2,1,7,4,0,5,2,0,5,4,0,0,0,1,2,0,2252.1967799
20232,1123003147,67,10,57,0,8,15,18,22,4,0,1,2,0,3,4,0,7,13,18,19,0,17303.1775195
20232,1123003148,2,1,1,0,0,0,2,0,0,0,0,0,1,0,0,0,0,0,1,0,0,3128.59616429
20232,1123003150,297,225,72,1,6,12,9,21,248,1,2,7,1,12,202,0,4,5,8,9,46,5558.46557363
20232,1123003151,2,2,0,0,1,1,0,0,0,0,1,1,0,0,0,0,0,0,0,0,0,1743.12974971
20232,1123003153,19,3,16,0,0,6,4,7,2,0,0,1,1,0,1,0,0,5,3,7,1,2316.69666325
20232,1123003154,3,3,0,0,0,0,2,1,0,0,0,0,2,1,0,0,0,0,0,0,0,6281.24073051
20232,1123003155,20,11,9,0,1,0,3,11,5,0,1,0,2,4,4,0,0,0,1,7,1,3363.2077305
20232,1123003156,1,1,0,0,0,0,1,0,0,0,0,0,1,0,0,0,0,0,0,0,0,1373.31387675
20232,1123003158,18,16,2,0,0,3,5,4,6,0,0,3,4,4,5,0,0,0,1,0,1,8970.64619539
20232,1123003159,63,51,12,0,7,17,23,13,3,0,4,13,19,12,3,0,3,4,4,1,0,5480.83401
20232,1123003161,1,1,0,0,0,0,0,1,0,0,0,0,0,1,0,0,0,0,0,0,0,23579.4917903
20232,1123003166,3,1,2,0,0,1,0,1,1,0,0,0,0,0,1,0,0,1,0,1,0,3247.92058127
20232,1123003171,53,15,38,0,6,15,14,17,1,0,1,3,4,7,0,0,5,12,10,10,1,13633.9854419
20232,1123003175,8,7,1,0,0,1,2,2,3,0,0,1,2,2,2,0,0,0,0,0,1,9316.32131498
20232,1123003181,6,5,1,0,0,2,0,3,1,0,0,2,0,2,1,0,0,0,0,1,0,3407.7166487
20232,1123003182,3,2,1,0,0,1,1,1,0,0,0,0,1,1,0,0,0,1,0,0,0,2931.7594135
20232,1123003184,2,0,2,0,0,0,1,0,1,0,0,0,0,0,0,0,0,0,1,0,1,1837.34800783
20232,1123003186,55,37,18,0,3,14,19,19,0,0,1,7,11,18,0,0,2,7,8,1,0,1775.20415458
20232,1123003187,4,3,1,0,0,1,1,2,0,0,0,1,0,2,0,0,0,0,1,0,0,2689.88167951
20232,1123003192,4,4,0,0,0,0,1,3,0,0,0,0,1,3,0,0,0,0,0,0,0,3395.39822332
20232,1123003194,5,4,1,0,1,0,3,1,0,0,1,0,2,1,0,0,0,0,1,0,0,3940.78552013
20232,1123003195,7,4,3,0,0,0,1,5,1,0,0,0,1,3,0,0,0,0,0,2,1,2096.1240028
20232,1123003198,1,1,0,0,0,0,0,0,1,0,0,0,0,0,1,0,0,0,0,0,0,1773.35958788
20232,1123003199,13,8,5,0,1,5,3,3,1,0,1,2,1,3,1,0,0,3,2,0,0,11968.2079724
20232,1123003200,5,2,3,0,0,0,2,0,3,0,0,0,0,0,2,0,0,0,2,0,1,3125.45551703
20232,1123003201,126,50,76,0,22,34,37,19,14,0,2,11,15,10,12,0,20,23,22,9,2,3733.1613408
20232,1123003202,6,5,1,0,0,2,3,1,0,0,0,2,2,1,0,0,0,0,1,0,0,11987.7122254
20232,1123003204,4,4,0,0,0,0,1,1,2,0,0,0,1,1,2,0,0,0,0,0,0,3210.21328573
20232,1123003208,3,2,1,0,0,2,0,0,1,0,0,1,0,0,1,0,0,1,0,0,0,3851.541978
20232,1123003210,1,0,1,0,0,0,1,0,0,0,0,0,0,0,0,0,0,0,1,0,0,4020.53359944
20232,1123003211,62,45,17,0,12,16,17,12,5,0,8,13,12,8,4,0,4,3,5,4,1,8274.21403272
20232,1123003213,15,0,15,0,2,4,4,5,0,0,0,0,0,0,0,0,2,4,4,5,0,5956.24610527
20232,1123003214,7,0,7,0,0,0,4,2,1,0,0,0,0,0,0,0,0,0,4,2,1,1257.14468851
20232,1123003216,6,6,0,0,0,0,2,4,0,0,0,0,2,4,0,0,0,0,0,0,0,2667.28280985
20232,1123003217,6,2,4,1,0,2,2,1,0,0,0,1,0,1,0,1,0,1,2,0,0,3329.87581324
20232,1123003221,4,2,2,0,0,1,3,0,0,0,0,1,1,0,0,0,0,0,2,0,0,2101.70309045
20232,1123003222,7,2,5,0,0,1,4,1,1,0,0,1,0,1,0,0,0,0,4,0,1,2742.40524015
20232,1123003223,2,2,0,0,2,0,0,0,0,0,2,0,0,0,0,0,0,0,0,0,0,610.98000847
20232,1123003225,28,11,17,0,3,4,9,2,10,0,0,0,2,1,8,0,3,4,7,1,2,10602.3289047
20232,1123003227,5,3,2,0,0,1,1,1,2,0,0,0,0,1,2,0,0,1,1,0,0,3652.08823396
20232,1123003228,1,0,1,0,0,1,0,0,0,0,0,0,0,0,0,0,0,1,0,0,0,2456.07411552
20232,1123003230,163,52,111,0,15,17,34,42,55,0,7,8,17,11,9,0,8,9,17,31,46,141007.569639
20232,1123003231,1499,630,869,0,323,352,359,382,83,0,64,161,193,169,43,0,259,191,166,213,40,4303.94168553
20232,1123003242,4,2,2,0,0,0,0,1,3,0,0,0,0,1,1,0,0,0,0,0,2,6594.92086151
20232,1123003243,15,12,3,0,1,5,5,3,1,0,1,5,3,2,1,0,0,0,2,1,0,4674.05976834
20232,1123003244,5,3,2,0,1,0,0,2,2,0,0,0,0,1,2,0,1,0,0,1,0,2617.4533702
20232,1123003245,38,8,30,0,2,7,16,11,2,0,0,1,3,3,1,0,2,6,13,8,1,3968.17004883
20232,1129000001,19,1,18,0,4,6,4,3,2,0,0,0,0,0,1,0,4,6,4,3,1,3003.00535396
20232,1129000003,63,37,26,0,4,17,18,16,8,0,0,10,7,13,7,0,4,7,11,3,1,2810.55308507
20232,1129000008,88,19,69,0,36,24,10,8,10,0,2,5,3,2,7,0,34,19,7,6,3,7946.14242889
20232,1129000013,4,1,3,0,1,0,2,1,0,0,0,0,0,1,0,0,1,0,2,0,0,2883.14216599
20232,1129000016,2,0,2,0,0,0,1,0,1,0,0,0,0,0,0,0,0,0,1,0,1,1720.46424123
20232,1129000026,19,2,17,0,5,5,4,3,2,0,0,0,0,0,2,0,5,5,4,3,0,677.896615756
20232,1129000031,173,89,84,0,16,45,43,46,23,0,6,26,26,15,16,0,10,19,17,31,7,7682.32234575
20232,1129000032,8,4,4,0,0,2,1,2,3,0,0,2,0,0,2,0,0,0,1,2,1,3930.49844048
20232,1129000039,6,4,2,0,0,1,2,0,3,0,0,0,1,0,3,0,0,1,1,0,0,2677.49029149
20232,1129000042,5,0,5,0,0,0,2,0,3,0,0,0,0,0,0,0,0,0,2,0,3,17067.9713324
20232,1129000047,4,1,3,0,0,0,3,1,0,0,0,0,0,1,0,0,0,0,3,0,0,10290.4625534
20232,1129000049,42,9,33,0,12,7,11,8,4,0,0,0,5,2,2,0,12,7,6,6,2,8054.58226851
20232,1129000051,89,52,37,0,16,21,30,15,7,0,7,15,17,8,5,0,9,6,13,7,2,3961.21404433
20232,1129000062,218,74,144,1,29,62,65,38,23,0,13,20,16,14,11,1,16,42,49,24,12,2211.8899486
20232,1129000063,1,0,1,0,0,1,0,0,0,0,0,0,0,0,0,0,0,1,0,0,0,1984.38510667
20232,1129000070,358,154,204,0,45,52,105,117,39,0,22,25,42,40,25,0,23,27,63,77,14,27762.0060369
20232,1129000078,26,24,2,0,0,4,15,6,1,0,0,4,14,5,1,0,0,0,1,1,0,2532.94933053
20232,1129000086,104,47,57,0,28,16,25,17,18,0,10,7,10,7,13,0,18,9,15,10,5,2544.84774991
20232,1129000099,7,0,7,0,0,0,0,5,2,0,0,0,0,0,0,0,0,0,0,5,2,4588.45491458
20232,1129000104,29,12,17,0,0,7,10,5,7,0,0,3,4,2,3,0,0,4,6,3,4,7549.06429063
20232,1129000105,21,13,8,0,0,1,10,6,4,0,0,0,5,4,4,0,0,1,5,2,0,9426.87632765
20232,1129000115,120,68,52,1,33,41,24,16,5,0,16,27,10,10,5,1,17,14,14,6,0,1328.92312917
20232,1129000117,48,33,15,0,4,8,16,14,6,0,3,5,10,10,5,0,1,3,6,4,1,6622.64540695
20232,1129000118,20,3,17,0,1,6,8,4,1,0,0,0,1,1,1,0,1,6,7,3,0,5725.0525603
20232,1129000119,235,179,56,2,12,33,48,57,83,0,3,22,34,42,78,2,9,11,14,15,5,3283.84044582
20232,1129000131,35,9,26,0,10,12,6,4,3,0,0,3,3,2,1,0,10,9,3,2,2,4121.38126759
20232,1129000141,23,3,20,0,3,5,7,6,2,0,0,0,1,1,1,0,3,5,6,5,1,5649.8863137
20232,1129000149,272,135,137,0,32,45,106,66,23,0,12,21,50,42,10,0,20,24,56,24,13,3072.52310862
20232,1129000151,103,15,88,0,13,36,28,24,2,0,0,4,5,4,2,0,13,32,23,20,0,19784.0317989
20232,1129000154,4104,2068,2036,415,1905,1079,431,183,91,176,863,612,254,88,75,239,1042,467,177,95,16,2911.71914429
20232,1129000199,51,10,41,0,2,9,19,11,10,0,0,1,1,1,7,0,2,8,18,10,3,14872.3100721
20232,1129000200,32,29,3,0,0,1,3,8,20,0,0,1,3,5,20,0,0,0,0,3,0,4605.01613628
20232,1129000205,45,14,31,0,12,8,5,15,5,0,4,1,2,4,3,0,8,7,3,11,2,9684.75492897
20232,1129000216,15,9,6,0,1,1,5,4,4,0,0,0,3,3,3,0,1,1,2,1,1,7192.74839825
20232,1129000217,4,3,1,0,1,0,3,0,0,0,1,0,2,0,0,0,0,0,1,0,0,4529.78713502
20232,1129000218,6,3,3,0,0,0,3,2,1,0,0,0,1,2,0,0,0,0,2,0,1,2002.22047374
20232,1129000222,1,0,1,0,0,0,0,1,0,0,0,0,0,0,0,0,0,0,0,1,0,2355.9686265
20232,1129000226,25,18,7,0,0,5,11,4,5,0,0,2,10,2,4,0,0,3,1,2,1,5691.90574767
20232,1129000231,7,3,4,0,1,4,1,1,0,0,1,2,0,0,0,0,0,2,1,1,0,28476.078963
20232,1129000236,7,5,2,0,0,0,2,2,3,0,0,0,1,1,3,0,0,0,1,1,0,3825.23928098
20232,1129000238,18,13,5,0,0,5,2,7,4,0,0,2,2,7,2,0,0,3,0,0,2,10132.1033128
20232,1129000239,28,7,21,0,1,6,8,12,1,0,0,1,1,5,0,0,1,5,7,7,1,1974.53794165
20232,1129000240,19,12,7,0,2,4,4,5,4,0,1,2,2,3,4,0,1,2,2,2,0,5983.87898946
20232,1129000242,25,10,15,0,0,3,8,6,8,0,0,1,1,3,5,0,0,2,7,3,3,5381.7570772
20232,1129000243,10,7,3,1,0,3,6,0,0,0,0,3,4,0,0,1,0,0,2,0,0,5539.74042375
20232,1129000248,59,8,51,0,0,4,16,28,11,0,0,0,1,3,4,0,0,4,15,25,7,3053.45355792
20232,1129000249,93,19,74,0,12,17,19,26,19,0,2,5,5,1,6,0,10,12,14,25,13,11260.2036519
20232,1129000250,10,8,2,0,1,6,3,0,0,0,1,5,2,0,0,0,0,1,1,0,0,2917.0277682
20232,1129000252,25,16,9,0,1,9,7,6,2,0,1,6,4,4,1,0,0,3,3,2,1,2494.45260442
20232,1129000253,80,38,42,1,10,20,28,14,7,1,0,9,18,7,3,0,10,11,10,7,4,10863.379154
20232,1129000255,39,29,10,0,8,8,9,10,4,0,8,6,7,5,3,0,0,2,2,5,1,18553.8109315
20232,1129000259,2,1,1,0,0,0,1,1,0,0,0,0,1,0,0,0,0,0,0,1,0,3430.41905732
20232,1129000260,22,9,13,1,7,5,3,3,3,1,4,1,1,1,1,0,3,4,2,2,2,11322.6441677
20232,1129000262,38,10,28,0,11,7,9,9,2,0,5,1,1,2,1,0,6,6,8,7,1,3209.41082252
20232,1129000265,5,1,4,0,0,2,0,2,1,0,0,0,0,1,0,0,0,2,0,1,1,3424.79930994
20232,1129000273,12,7,5,0,1,2,5,3,1,0,1,2,2,2,0,0,0,0,3,1,1,4934.1020933
20232,1129000275,10,0,10,0,2,3,2,2,1,0,0,0,0,0,0,0,2,3,2,2,1,3805.91350446
20232,1129000280,12,7,5,0,1,1,3,3,4,0,1,1,1,1,3,0,0,0,2,2,1,2940.64197682
20232,1129000281,2,1,1,0,0,0,0,1,1,0,0,0,0,0,1,0,0,0,0,1,0,1873.3090004
20232,1129000284,50,25,25,0,3,10,14,14,9,0,2,5,9,6,3,0,1,5,5,8,6,17453.3113364
20232,1129000294,6,1,5,0,0,1,1,2,2,0,0,0,0,1,0,0,0,1,1,1,2,2356.93864494
20232,1129000303,5,3,2,0,0,0,2,3,0,0,0,0,1,2,0,0,0,0,1,1,0,5690.15376419
20232,1129000318,17,7,10,0,2,1,1,7,6,0,2,1,1,1,2,0,0,0,0,6,4,3832.52510983
20232,1129000321,23,12,11,0,3,3,7,5,5,0,1,2,3,3,3,0,2,1,4,2,2,18802.7956365
20232,1129000322,2,1,1,0,0,0,2,0,0,0,0,0,1,0,0,0,0,0,1,0,0,1228.72102
20232,1129000330,75,13,62,0,10,20,23,16,6,0,0,5,3,1,4,0,10,15,20,15,2,10218.1411501
20232,1129000335,92,60,32,0,3,16,25,21,27,0,2,9,12,13,24,0,1,7,13,8,3,6807.09646108
20232,1129000337,2,1,1,0,0,0,1,1,0,0,0,0,1,0,0,0,0,0,0,1,0,2139.15375133
20232,1129000341,50,14,36,0,4,14,15,17,0,0,0,2,8,4,0,0,4,12,7,13,0,22886.0896876
20232,1129000342,29,6,23,1,6,6,9,5,2,0,1,1,3,0,1,1,5,5,6,5,1,6058.26392649
20232,1129000343,3,0,3,0,0,0,0,2,1,0,0,0,0,0,0,0,0,0,0,2,1,66423.1669351
20232,1129000346,4,2,2,0,0,0,2,1,1,0,0,0,1,0,1,0,0,0,1,1,0,1669.7726758
20232,1129000350,2,1,1,0,0,0,0,1,1,0,0,0,0,0,1,0,0,0,0,1,0,2010.27400729
20232,1129000352,364,228,136,0,69,87,80,74,54,0,21,59,47,52,49,0,48,28,33,22,5,5464.41808822
20232,1129000354,1,1,0,0,0,0,0,1,0,0,0,0,0,1,0,0,0,0,0,0,0,1341.11667629
20232,1129000355,26,18,8,0,6,5,8,2,5,0,4,2,5,2,5,0,2,3,3,0,0,7105.56749095
20232,1129000360,4,0,4,0,0,1,2,1,0,0,0,0,0,0,0,0,0,1,2,1,0,7460.8954622
20232,1129000370,6,2,4,0,1,3,1,1,0,0,0,1,0,1,0,0,1,2,1,0,0,6500.29653181
20232,1129000387,7,3,4,0,0,0,2,5,0,0,0,0,1,2,0,0,0,0,1,3,0,876.585080906
20232,1129000393,23,14,9,0,7,6,4,5,1,0,4,4,2,3,1,0,3,2,2,2,0,6937.07027254
20232,1129000399,90,18,72,0,10,27,25,23,5,0,1,5,5,3,4,0,9,22,20,20,1,8017.20566594
20232,1129000404,8,7,1,0,0,4,0,3,1,0,0,3,0,3,1,0,0,1,0,0,0,4420.05960458
20232,1129000407,1103,298,805,8,497,361,132,79,26,0,75,125,37,39,22,8,422,236,95,40,4,5834.86487691
20232,1129000415,1,0,1,0,0,0,0,1,0,0,0,0,0,0,0,0,0,0,0,1,0,2012.5937853
20232,1129000417,14,3,11,0,1,2,7,4,0,0,0,1,1,1,0,0,1,1,6,3,0,8582.69223261
20232,1129000424,425,378,47,0,63,153,148,58,3,0,54,135,131,56,2,0,9,18,17,2,1,2187.70909293
20232,1129000438,10940,6783,4157,44,1682,2620,3536,1917,1141,13,807,1596,2417,1469,481,31,875,1024,1119,448,660,5266.54340769
20232,1129000448,95,43,52,0,13,39,21,14,8,0,3,21,4,9,6,0,10,18,17,5,2,3699.66282137
20232,1129000462,7,5,2,0,1,0,0,4,2,0,1,0,0,2,2,0,0,0,0,2,0,689.729106096
20232,1129000470,294,123,171,0,69,72,68,50,35,0,15,30,36,20,22,0,54,42,32,30,13,1437.52877038
20232,1129000482,49,40,9,0,3,9,9,14,14,0,3,6,7,12,12,0,0,3,2,2,2,3268.92247078
20232,1129000484,1,0,1,0,0,1,0,0,0,0,0,0,0,0,0,0,0,1,0,0,0,1194.0456133
20232,1129000486,1,1,0,0,0,0,0,0,1,0,0,0,0,0,1,0,0,0,0,0,0,3854.01878954
20232,1129000500,4,1,3,0,0,1,2,0,1,0,0,0,1,0,0,0,0,1,1,0,1,2258.24613742
20232,1129000514,15,11,4,0,0,2,4,3,6,0,0,1,2,2,6,0,0,1,2,1,0,5772.87533006
20232,1129000517,101,10,91,0,18,27,28,18,10,0,1,3,0,2,4,0,17,24,28,16,6,11352.5183472
20232,1129000518,7,5,2,0,1,2,2,1,1,0,1,1,1,1,1,0,0,1,1,0,0,2724.82460008
20232,1129000522,2,2,0,0,0,1,0,1,0,0,0,1,0,1,0,0,0,0,0,0,0,2964.98986681
20232,1129000532,192,57,135,0,12,36,46,61,37,0,1,12,11,17,16,0,11,24,35,44,21,4846.91070091
20232,1129000538,18,9,9,0,7,3,5,0,3,0,2,1,4,0,2,0,5,2,1,0,1,1874.16530021
20232,1129000540,20,11,9,0,5,1,8,6,0,0,4,0,3,4,0,0,1,1,5,2,0,3323.50657324
20232,1129000541,3,1,2,0,0,0,1,0,2,0,0,0,0,0,1,0,0,0,1,0,1,1485.44957098
20232,1129000543,18,6,12,0,1,2,2,3,10,0,1,2,1,0,2,0,0,0,1,3,8,1192.47309019
20232,1129000546,3,3,0,0,0,0,2,1,0,0,0,0,2,1,0,0,0,0,0,0,0,1322.72303375
20232,1129000548,4,3,1,0,1,3,0,0,0,0,1,2,0,0,0,0,0,1,0,0,0,1589.5683156
20232,1129000552,2,2,0,0,0,1,1,0,0,0,0,1,1,0,0,0,0,0,0,0,0,1015.37985709
20232,1129000556,3,1,2,0,0,1,0,0,2,0,0,0,0,0,1,0,0,1,0,0,1,4026.61390601
20232,1129000565,71,53,18,0,5,21,28,11,6,0,2,18,21,8,4,0,3,3,7,3,2,6219.92172054
20232,1129000568,56,7,49,0,2,4,9,31,10,0,1,2,1,1,2,0,1,2,8,30,8,10578.8997692
20232,1129000569,14,9,5,0,0,3,6,4,1,0,0,1,4,4,0,0,0,2,2,0,1,4116.63364968
20232,1129000570,4,2,2,0,0,0,0,2,2,0,0,0,0,1,1,0,0,0,0,1,1,2954.14405097
20232,1129000572,32,11,21,6,8,7,3,1,7,0,2,2,1,1,5,6,6,5,2,0,2,5876.21166167
20232,1129000573,2,2,0,0,0,0,1,0,1,0,0,0,1,0,1,0,0,0,0,0,0,3795.13387217
20232,1129000574,3,2,1,0,0,1,1,0,1,0,0,1,0,0,1,0,0,0,1,0,0,1854.58815205
20232,1129000577,145,53,92,0,15,45,46,30,9,0,3,12,15,17,6,0,12,33,31,13,3,5099.32249693
20232,1129000580,2,1,1,0,1,1,0,0,0,0,0,1,0,0,0,0,1,0,0,0,0,5278.8403183
20232,1129000581,5,4,1,0,2,1,2,0,0,0,2,1,1,0,0,0,0,0,1,0,0,728.809803529
20232,1129000582,5,5,0,0,0,0,0,1,4,0,0,0,0,1,4,0,0,0,0,0,0,4293.84573068
20232,1129000585,1,1,0,0,0,0,0,0,1,0,0,0,0,0,1,0,0,0,0,0,0,1119.84348948
20232,1129000586,4,3,1,0,0,0,3,1,0,0,0,0,2,1,0,0,0,0,1,0,0,676.027180238
20232,1129000588,10,5,5,0,0,6,0,2,2,0,0,3,0,1,1,0,0,3,0,1,1,745.10447959
20232,1129000590,15,8,7,0,3,4,7,1,0,0,0,2,5,1,0,0,3,2,2,0,0,5246.14530073
20232,1129000591,160,52,108,0,18,35,20,50,37,0,4,11,2,19,16,0,14,24,18,31,21,6663.82873504
20232,1129000592,14,6,8,0,1,2,1,3,7,0,0,1,1,1,3,0,1,1,0,2,4,3894.73715712
20232,1129000593,9,1,8,0,1,2,3,2,1,0,0,0,0,0,1,0,1,2,3,2,0,2662.32106892
20232,1129000595,30,20,10,1,9,10,4,5,1,0,5,7,4,3,1,1,4,3,0,2,0,5676.7046914
20232,1129000596,5,1,4,0,3,1,1,0,0,0,0,0,1,0,0,0,3,1,0,0,0,1686.97972103
20232,1129000597,16,15,1,0,0,1,5,8,2,0,0,1,4,8,2,0,0,0,1,0,0,7609.66171191
20232,1129000598,9,4,5,0,6,1,0,1,1,0,3,0,0,1,0,0,3,1,0,0,1,938.028927433
20232,1129000600,4,1,3,0,1,0,0,1,2,0,0,0,0,0,1,0,1,0,0,1,1,1907.89325531
20232,1129000601,6,6,0,0,0,2,2,2,0,0,0,2,2,2,0,0,0,0,0,0,0,4871.77079929
20232,1129000602,8,5,3,0,0,0,1,4,3,0,0,0,0,2,3,0,0,0,1,2,0,4921.87835847
20232,1129000603,12,5,7,0,0,5,3,2,2,0,0,1,2,1,1,0,0,4,1,1,1,5263.74067975
20232,1129000604,54,49,5,3,23,13,10,4,1,3,21,12,9,3,1,0,2,1,1,1,0,2010.8517074
20232,1129000605,47,12,35,0,20,11,9,3,4,0,0,1,6,1,4,0,20,10,3,2,0,4003.49988732
20232,1129000607,51,8,43,0,21,16,4,6,4,0,0,3,1,1,3,0,21,13,3,5,1,68994.1344654
20232,1129000608,11,3,8,0,1,2,2,3,3,0,0,0,0,1,2,0,1,2,2,2,1,3124.22075666
20232,1129000609,4,1,3,0,0,1,0,0,3,0,0,0,0,0,1,0,0,1,0,0,2,1166.11048829
20232,1129000610,13,2,11,0,4,2,4,2,1,0,0,0,1,1,0,0,4,2,3,1,1,4836.51376301
20232,1129000611,4,3,1,0,1,1,0,0,2,0,1,1,0,0,1,0,0,0,0,0,1,3119.89985555
20232,1129000612,59,29,30,8,1,9,17,17,7,8,1,4,2,8,6,0,0,5,15,9,1,6324.36993047
20232,1129000613,1,1,0,0,0,0,0,0,1,0,0,0,0,0,1,0,0,0,0,0,0,3121.35319166
20232,1129000614,1,1,0,0,0,0,0,0,1,0,0,0,0,0,1,0,0,0,0,0,0,16336.6769814
20232,1129000617,15,11,4,0,1,2,7,5,0,0,1,1,4,5,0,0,0,1,3,0,0,6965.76464849
20232,1129000618,6,5,1,0,0,2,4,0,0,0,0,2,3,0,0,0,0,0,1,0,0,1358.76041947
20232,1129000619,3,2,1,0,0,0,1,1,1,0,0,0,0,1,1,0,0,0,1,0,0,9165.84179353
20232,1129000620,8,6,2,0,0,1,1,5,1,0,0,1,1,4,0,0,0,0,0,1,1,5582.26139068
20232,1129000623,23,16,7,1,2,4,9,2,5,1,1,3,8,2,1,0,1,1,1,0,4,6312.11690292
20232,1129000624,1,1,0,0,0,0,0,0,1,0,0,0,0,0,1,0,0,0,0,0,0,4073.47087871
20232,1129000625,100,21,79,0,18,30,29,17,6,0,5,3,4,4,5,0,13,27,25,13,1,22975.5460365
20232,1129000626,14,10,4,0,0,4,3,3,4,0,0,2,1,3,4,0,0,2,2,0,0,2776.82359155
20232,1129000628,2,2,0,0,0,1,0,0,1,0,0,1,0,0,1,0,0,0,0,0,0,1896.74297675
20232,1129000629,13,3,10,0,2,5,5,1,0,0,0,0,3,0,0,0,2,5,2,1,0,4551.06674819
20232,1129000631,2,1,1,0,1,0,0,0,1,0,1,0,0,0,0,0,0,0,0,0,1,1112.3063394
20232,1129000632,21,16,5,0,2,3,5,8,3,0,1,2,3,7,3,0,1,1,2,1,0,6503.32882222
20232,1129000633,3,3,0,0,0,0,0,3,0,0,0,0,0,3,0,0,0,0,0,0,0,1283.48139986
20232,1129000634,4,4,0,0,0,0,2,1,1,0,0,0,2,1,1,0,0,0,0,0,0,2672.64788193
20232,1129000636,78,58,20,0,6,20,19,28,5,0,1,12,15,26,4,0,5,8,4,2,1,4855.63914073
20232,1129000639,2,0,2,0,0,0,1,0,1,0,0,0,0,0,0,0,0,0,1,0,1,3292.56368116
20232,1129000640,89,25,64,1,8,30,20,26,4,0,1,8,5,8,3,1,7,22,15,18,1,4755.49564657
20232,1129000643,5,2,3,0,1,1,2,0,1,0,1,0,1,0,0,0,0,1,1,0,1,808.10269634
20232,1129000645,4,4,0,0,0,0,2,1,1,0,0,0,2,1,1,0,0,0,0,0,0,940.508483314
20232,1129000646,5,1,4,0,1,1,0,1,2,0,0,0,0,0,1,0,1,1,0,1,1,4479.38114258
20232,1129000647,17,5,12,0,8,6,1,0,2,0,1,2,1,0,1,0,7,4,0,0,1,1143.15161662
20232,1129000648,9,7,2,0,0,4,4,0,1,0,0,3,3,0,1,0,0,1,1,0,0,4866.52521645
20232,1129000655,4,2,2,0,2,0,1,1,0,0,0,0,1,1,0,0,2,0,0,0,0,4900.26869254
20232,1129000659,3,1,2,0,0,0,2,0,1,0,0,0,1,0,0,0,0,0,1,0,1,4392.09165753
20232,1129000661,2,2,0,0,0,0,0,1,1,0,0,0,0,1,1,0,0,0,0,0,0,2164.75701438
20232,1129000662,28,17,11,0,0,4,5,7,12,0,0,1,3,3,10,0,0,3,2,4,2,6949.62737076
20232,1129000664,18,14,4,0,1,4,3,4,6,0,0,2,2,4,6,0,1,2,1,0,0,2356.89097495
20232,1129000665,130,116,14,0,0,5,21,41,63,0,0,3,18,33,62,0,0,2,3,8,1,7379.49035939
20232,1129000669,34,21,13,1,5,4,6,12,6,0,2,2,1,10,6,1,3,2,5,2,0,1685.18047767
20232,1129000670,2,1,1,0,0,0,2,0,0,0,0,0,1,0,0,0,0,0,1,0,0,1294.96423569
20232,1129000672,11,3,8,0,0,1,0,6,4,0,0,0,0,1,2,0,0,1,0,5,2,5713.46465004
20232,1129000673,9,1,8,0,5,3,1,0,0,0,0,0,1,0,0,0,5,3,0,0,0,2509.59399613
20232,1129000674,8,5,3,0,1,1,0,4,2,0,1,0,0,3,1,0,0,1,0,1,1,3918.578309
20232,1129000679,153,34,119,0,10,19,40,52,32,0,2,6,8,11,7,0,8,13,32,41,25,6096.61899836
20232,1129000680,20,12,8,1,0,6,6,4,3,0,0,3,4,3,2,1,0,3,2,1,1,4333.18084148
20232,1129000681,62,26,36,1,27,10,8,14,2,0,13,4,2,5,2,1,14,6,6,9,0,4869.75500874
20232,1129000683,9,8,1,0,1,1,2,3,2,0,1,1,1,3,2,0,0,0,1,0,0,1752.87978491
20232,1129000684,154,82,72,0,31,34,34,33,22,0,8,20,22,18,14,0,23,14,12,15,8,3738.99523684
20232,1129000685,12,9,3,0,0,3,3,4,2,0,0,2,2,4,1,0,0,1,1,0,1,4592.83741425
20232,1129000690,4,3,1,0,0,0,0,3,1,0,0,0,0,2,1,0,0,0,0,1,0,4005.13853828
20232,1129000692,15,2,13,0,3,2,5,3,2,0,0,0,1,1,0,0,3,2,4,2,2,6129.40076765
20232,1129000695,6,4,2,0,0,1,1,1,3,0,0,1,0,1,2,0,0,0,1,0,1,2472.25712337
20232,1129000696,13,5,8,0,0,2,5,2,4,0,0,0,1,2,2,0,0,2,4,0,2,6057.95367591
20232,1129000697,19,4,15,0,0,0,0,13,6,0,0,0,0,4,0,0,0,0,0,9,6,6087.19119562
20232,1129000698,2,1,1,0,0,0,0,2,0,0,0,0,0,1,0,0,0,0,0,1,0,1985.0563129
20232,1129000700,107,58,49,1,4,12,22,29,39,1,2,8,8,9,30,0,2,4,14,20,9,5151.86605373
20232,1129000701,3,1,2,0,0,1,1,1,0,0,0,0,0,1,0,0,0,1,1,0,0,1456.7712311
20232,1129000702,26,10,16,0,4,7,8,2,5,0,1,4,0,1,4,0,3,3,8,1,1,9990.66616499
20232,1129000703,38,33,5,0,1,4,12,13,8,0,1,3,11,10,8,0,0,1,1,3,0,4548.97385831
20232,1129000706,11,6,5,0,1,6,3,1,0,0,0,4,1,1,0,0,1,2,2,0,0,11643.727626
20232,1129000713,65,40,25,0,20,27,12,6,0,0,11,14,10,5,0,0,9,13,2,1,0,5438.45813851
20232,1129000714,15,10,5,0,1,2,2,8,2,0,1,0,0,7,2,0,0,2,2,1,0,6700.82958602
20232,1129000716,25,3,22,0,1,2,1,0,21,0,0,2,0,0,1,0,1,0,1,0,20,7504.20334069
20232,1129000717,20,18,2,0,1,2,5,11,1,0,1,1,5,10,1,0,0,1,0,1,0,923.785981563
20232,1129000720,11,7,4,0,1,1,6,3,0,0,1,1,3,2,0,0,0,0,3,1,0,6136.7999923
20232,1129000722,67,35,32,0,9,19,17,20,2,0,4,7,11,12,1,0,5,12,6,8,1,5894.81091272
20232,1129000723,8,5,3,0,0,2,3,1,2,0,0,2,1,1,1,0,0,0,2,0,1,1944.3136627
20232,1129000724,2,2,0,0,0,2,0,0,0,0,0,2,0,0,0,0,0,0,0,0,0,2235.58839446
20232,1129000726,31,24,7,3,2,4,8,10,4,3,1,1,6,9,4,0,1,3,2,1,0,3738.97601094
20232,1129000732,3,3,0,0,0,0,2,1,0,0,0,0,2,1,0,0,0,0,0,0,0,3050.11966354
20232,1129000739,37,30,7,0,4,7,11,8,7,0,3,5,9,7,6,0,1,2,2,1,1,8202.46308964
20232,1129000740,145,97,48,0,7,36,38,41,23,0,3,17,25,31,21,0,4,19,13,10,2,9541.93127465
20232,1129000741,56,20,36,0,3,16,17,14,6,0,0,6,6,4,4,0,3,10,11,10,2,4143.61013048
20232,1129000742,3,2,1,0,0,0,1,2,0,0,0,0,0,2,0,0,0,0,1,0,0,1431.23791778
20232,1129000743,61,42,19,0,1,11,14,23,12,0,0,7,8,16,11,0,1,4,6,7,1,7113.146768
20232,1129000744,757,537,220,0,2,7,21,54,673,0,2,6,9,25,495,0,0,1,12,29,178,904.36961389
20232,1129000745,15,13,2,0,1,3,4,6,1,0,0,2,4,6,1,0,1,1,0,0,0,3710.29729485
20232,1129000746,2,2,0,0,0,1,1,0,0,0,0,1,1,0,0,0,0,0,0,0,0,2143.21195944
20232,1129000748,10,7,3,0,1,1,6,0,2,0,0,1,5,0,1,0,1,0,1,0,1,1118.38182539
20232,1129000749,8,7,1,0,0,3,5,0,0,0,0,3,4,0,0,0,0,0,1,0,0,948.530638041
20232,1129000756,58,36,22,0,19,13,19,7,0,0,9,6,17,4,0,0,10,7,2,3,0,4848.63238981
20232,1129000758,87,21,66,0,12,11,27,27,10,0,3,3,8,2,5,0,9,8,19,25,5,4746.70127887
20232,1129000759,8,6,2,0,0,3,2,1,2,0,0,1,2,1,2,0,0,2,0,0,0,4198.54580256
20232,1129000763,40,22,18,0,2,7,17,8,6,0,1,6,10,3,2,0,1,1,7,5,4,4077.80120428
20232,1129000767,1,0,1,0,0,1,0,0,0,0,0,0,0,0,0,0,0,1,0,0,0,3633.36732999
20232,1129000770,9,6,3,0,0,0,6,2,1,0,0,0,3,2,1,0,0,0,3,0,0,4494.64404784
20232,1129000773,2,0,2,0,0,0,2,0,0,0,0,0,0,0,0,0,0,0,2,0,0,3472.2940408
20232,1129000774,7,3,4,0,1,2,4,0,0,0,0,0,3,0,0,0,1,2,1,0,0,4345.99394664
20232,1129000775,9,2,7,0,1,4,2,2,0,0,0,1,0,1,0,0,1,3,2,1,0,3136.78108163
20232,1129000776,14,11,3,0,1,5,4,4,0,0,0,4,4,3,0,0,1,1,0,1,0,3585.98635768
20232,1129000780,1,1,0,0,0,0,0,1,0,0,0,0,0,1,0,0,0,0,0,0,0,9422.77781434
20232,1129000781,28,19,9,0,6,4,10,6,2,0,2,3,7,5,2,0,4,1,3,1,0,2547.94772849
20232,1129000782,24,8,16,3,3,4,11,2,1,0,0,2,5,0,1,3,3,2,6,2,0,5348.99714237
20232,1129000784,15,5,10,0,1,7,4,2,1,0,0,1,2,1,1,0,1,6,2,1,0,5119.40646325
20232,1129000787,10,4,6,0,5,2,1,1,1,0,1,2,0,0,1,0,4,0,1,1,0,3394.73541103
20232,1129000794,24,19,5,0,0,0,7,6,11,0,0,0,5,5,9,0,0,0,2,1,2,4926.52656172
20232,1129000796,12,8,4,0,0,0,2,4,6,0,0,0,1,3,4,0,0,0,1,1,2,4710.51065289
20232,1129000798,13,11,2,0,0,1,3,7,2,0,0,1,2,6,2,0,0,0,1,1,0,4172.81334224
20232,1129000800,23,20,3,0,5,2,5,6,5,0,5,2,3,6,4,0,0,0,2,0,1,9189.49733779
20232,1129000801,9,2,7,0,0,0,2,4,3,0,0,0,0,0,2,0,0,0,2,4,1,3116.91508343
20232,1129000802,2843,2591,252,0,311,1334,571,583,44,0,227,1193,545,582,44,0,84,141,26,1,0,1396.42794887
20232,1129000805,10,10,0,0,0,1,5,1,3,0,0,1,5,1,3,0,0,0,0,0,0,2544.69833752
20232,1129000806,7,7,0,0,1,1,2,3,0,0,1,1,2,3,0,0,0,0,0,0,0,4868.1024665
20232,1129000810,3,1,2,0,0,2,0,1,0,0,0,1,0,0,0,0,0,1,0,1,0,2902.12756064
20232,1129000811,106,87,19,2,12,20,28,21,23,1,6,18,24,19,19,1,6,2,4,2,4,4712.19466275
20232,1129000812,716,470,246,0,18,67,86,152,393,0,16,61,81,83,229,0,2,6,5,69,164,2416.06728545
20232,1129000814,1,0,1,0,0,0,0,0,1,0,0,0,0,0,0,0,0,0,0,0,1,3535.76576188
20232,1129000815,21,4,17,0,7,4,4,5,1,0,0,0,1,2,1,0,7,4,3,3,0,2705.47322857
20232,1129000818,22,12,10,0,2,4,5,8,3,0,2,3,3,2,2,0,0,1,2,6,1,5225.811889
20232,1129000819,99,23,76,0,17,14,21,39,8,0,1,7,10,3,2,0,16,7,11,36,6,5554.98911301
20232,1129000823,42,25,17,0,7,6,8,9,12,0,2,4,3,7,9,0,5,2,5,2,3,5420.59526373
20232,1129000826,45,35,10,1,8,8,10,15,3,1,5,7,6,13,3,0,3,1,4,2,0,4070.9246453
20232,1129000827,2,1,1,0,0,0,0,2,0,0,0,0,0,1,0,0,0,0,0,1,0,8345.35970478
20232,1129000829,8,3,5,0,1,2,2,2,1,0,0,2,1,0,0,0,1,0,1,2,1,838.622725244
20232,1129000831,2,1,1,0,0,0,0,2,0,0,0,0,0,1,0,0,0,0,0,1,0,4537.91626988
20232,1129000832,9,2,7,0,0,0,4,3,2,0,0,0,0,1,1,0,0,0,4,2,1,2183.68107382
20232,1129000833,3,2,1,0,0,0,0,0,3,0,0,0,0,0,2,0,0,0,0,0,1,879.295476845
20232,1129000837,3,3,0,0,0,1,1,1,0,0,0,1,1,1,0,0,0,0,0,0,0,6468.44824669
20232,1129000840,1,0,1,0,0,0,1,0,0,0,0,0,0,0,0,0,0,0,1,0,0,3295.81688917
20232,1129000841,13,6,7,0,1,5,4,1,2,0,1,2,1,1,1,0,0,3,3,0,1,5206.56465917
20232,1129000842,27,8,19,0,6,7,7,4,3,0,1,2,2,1,2,0,5,5,5,3,1,41579.382174
20232,1129000848,4,4,0,0,0,0,2,2,0,0,0,0,2,2,0,0,0,0,0,0,0,3721.90256055
20232,1129000852,1324,924,400,0,185,375,407,339,18,0,68,233,313,295,15,0,117,142,94,44,3,2298.98810316
20232,1129000856,17,7,10,0,0,2,7,4,4,0,0,0,2,2,3,0,0,2,5,2,1,7003.62599755
20232,1129000858,6,2,4,0,1,0,1,0,4,0,0,0,0,0,2,0,1,0,1,0,2,6460.11439249
20232,1129000860,4,3,1,0,0,2,2,0,0,0,0,1,2,0,0,0,0,1,0,0,0,11302.0638409
20232,1129000865,11,2,9,0,0,1,6,4,0,0,0,0,2,0,0,0,0,1,4,4,0,5324.17018796
20232,1129000866,63,47,16,0,7,24,17,11,4,0,2,16,16,9,4,0,5,8,1,2,0,5136.25425065
20232,1129000867,23,6,17,0,4,3,8,7,1,0,1,0,1,4,0,0,3,3,7,3,1,5045.4005423
20232,1129000868,24,19,5,0,4,13,5,1,1,0,3,11,3,1,1,0,1,2,2,0,0,9852.24429658
20232,1129000874,2,2,0,0,0,0,1,1,0,0,0,0,1,1,0,0,0,0,0,0,0,1406.93640558
20232,1129000885,2,2,0,0,0,1,0,1,0,0,0,1,0,1,0,0,0,0,0,0,0,5231.8062761
20232,1129000893,241,226,15,0,10,91,87,39,14,0,9,87,84,33,13,0,1,4,3,6,1,2119.1117736
20232,1129000903,6,5,1,0,1,1,4,0,0,0,1,0,4,0,0,0,0,1,0,0,0,1007.05343671
20232,1129000907,3,2,1,0,0,0,2,1,0,0,0,0,1,1,0,0,0,0,1,0,0,48087.2623084
20232,1129000909,2,1,1,0,0,0,0,2,0,0,0,0,0,1,0,0,0,0,0,1,0,5166.2689427
20232,1129000918,16,0,16,0,5,2,5,4,0,0,0,0,0,0,0,0,5,2,5,4,0,14185.5072107
20232,1129000922,24,19,5,0,2,5,9,3,5,0,2,5,6,2,4,0,0,0,3,1,1,1524.11613458
20232,1129000928,185,109,76,0,23,27,34,38,63,0,7,15,22,23,42,0,16,12,12,15,21,1558.34090415
20232,1129000931,51,8,43,0,0,1,3,15,32,0,0,1,1,4,2,0,0,0,2,11,30,5185.99555115
20232,1129000932,4,3,1,0,0,1,1,2,0,0,0,1,1,1,0,0,0,0,0,1,0,2642.08715849
20232,1129000933,3,1,2,0,1,2,0,0,0,0,0,1,0,0,0,0,1,1,0,0,0,4002.61665704
20232,1129000936,2,1,1,0,0,0,0,2,0,0,0,0,0,1,0,0,0,0,0,1,0,1776.85046849
20232,1129000937,2,2,0,0,0,0,2,0,0,0,0,0,2,0,0,0,0,0,0,0,0,4500.351309
20232,1129000938,7,3,4,0,1,0,2,2,2,0,0,0,1,1,1,0,1,0,1,1,1,2365.00968403
20232,1129000943,3,0,3,0,0,0,0,2,1,0,0,0,0,0,0,0,0,0,0,2,1,11980.392721
20232,1129000945,2,1,1,0,0,0,1,1,0,0,0,0,1,0,0,0,0,0,0,1,0,1689.85260309
20232,1129000947,3,3,0,0,0,0,3,0,0,0,0,0,3,0,0,0,0,0,0,0,0,2011.29263515
20232,1129000948,11,3,8,0,1,0,0,7,3,0,0,0,0,3,0,0,1,0,0,4,3,4031.43145234
20232,1129000949,3,1,2,0,1,2,0,0,0,0,0,1,0,0,0,0,1,1,0,0,0,1465.83435404
20232,1129000950,2,1,1,0,0,0,2,0,0,0,0,0,1,0,0,0,0,0,1,0,0,4461.30782734
20232,1129000951,6,4,2,0,3,0,0,2,1,0,1,0,0,2,1,0,2,0,0,0,0,3920.70547856
20232,1129000953,3,1,2,0,0,0,2,1,0,0,0,0,1,0,0,0,0,0,1,1,0,2073.78218536
20232,1129000955,2,1,1,0,0,1,1,0,0,0,0,0,1,0,0,0,0,1,0,0,0,8279.33715161
20232,1129000961,8,0,8,0,0,1,5,2,0,0,0,0,0,0,0,0,0,1,5,2,0,1027.71170842
20232,1129000963,1,0,1,0,0,0,0,1,0,0,0,0,0,0,0,0,0,0,0,1,0,2936.63904732
20232,1129000966,5,3,2,0,1,1,2,1,0,0,0,1,1,1,0,0,1,0,1,0,0,3996.60147507
20232,1129000967,23,10,13,0,1,2,10,8,2,0,0,0,6,4,0,0,1,2,4,4,2,5835.11929548
20232,1129000968,21,16,5,0,3,5,1,6,6,0,3,4,1,5,3,0,0,1,0,1,3,5025.1413773
20232,1129000969,38,16,22,0,6,14,11,6,1,0,1,7,4,3,1,0,5,7,7,3,0,4441.18787613
20232,1129000975,23,4,19,0,5,4,7,6,1,0,0,2,0,1,1,0,5,2,7,5,0,2796.2155936
20232,1129000977,4,3,1,0,0,1,2,1,0,0,0,1,1,1,0,0,0,0,1,0,0,4341.64748414
20232,1129000978,5,2,3,0,0,0,1,4,0,0,0,0,0,2,0,0,0,0,1,2,0,1726.0931747
20232,1129000980,76,60,16,1,6,15,21,16,17,0,5,9,19,14,13,1,1,6,2,2,4,5095.56778035
20232,1129000981,1,1,0,0,0,0,0,1,0,0,0,0,0,1,0,0,0,0,0,0,0,1652.94656966
20232,1129000985,4,3,1,0,0,0,0,2,2,0,0,0,0,1,2,0,0,0,0,1,0,3395.58049285
20232,1129000986,4,1,3,0,0,2,1,0,1,0,0,0,0,0,1,0,0,2,1,0,0,4952.45455533
20232,1129000989,4,3,1,0,1,0,1,0,2,0,0,0,1,0,2,0,1,0,0,0,0,3070.24257225
20232,1129000991,3,2,1,0,0,0,0,1,2,0,0,0,0,1,1,0,0,0,0,0,1,2224.03921715
20232,1129000992,3,1,2,0,0,1,1,0,1,0,0,0,0,0,1,0,0,1,1,0,0,2179.81448763
20232,1129000993,77,10,67,0,12,23,28,12,2,0,3,2,4,1,0,0,9,21,24,11,2,23159.967845
20232,1129000994,70,32,38,0,12,11,14,29,4,0,12,6,7,4,3,0,0,5,7,25,1,6404.97706942
20232,1129000996,13,11,2,0,1,2,5,5,0,0,1,0,5,5,0,0,0,2,0,0,0,4348.20984225
20232,1129001000,20,5,15,0,3,1,10,4,2,0,1,0,1,2,1,0,2,1,9,2,1,2206.90975883
20232,1129001001,24,18,6,0,3,9,4,6,2,0,1,6,4,5,2,0,2,3,0,1,0,2175.0936737
20232,1129001004,3,2,1,0,0,0,0,3,0,0,0,0,0,2,0,0,0,0,0,1,0,841.776469571
20232,1129001005,6,4,2,0,0,0,0,2,4,0,0,0,0,2,2,0,0,0,0,0,2,5383.81920806
20232,1129001013,1,0,1,0,0,0,1,0,0,0,0,0,0,0,0,0,0,0,1,0,0,1362.66134975
20232,1129001014,2,0,2,0,1,0,1,0,0,0,0,0,0,0,0,0,1,0,1,0,0,2521.91071702
20232,1129001017,4,1,3,1,1,0,0,2,0,0,0,0,0,1,0,1,1,0,0,1,0,547.046863162
20232,1129001018,1,1,0,0,0,0,1,0,0,0,0,0,1,0,0,0,0,0,0,0,0,6064.97069654
20232,1129001023,3,2,1,0,0,2,0,0,1,0,0,1,0,0,1,0,0,1,0,0,0,3199.33517688
20232,1129001025,5,2,3,0,0,2,2,1,0,0,0,1,1,0,0,0,0,1,1,1,0,3103.11723382
20232,1129001028,12,11,1,0,2,3,2,5,0,0,2,3,2,4,0,0,0,0,0,1,0,9120.23713948
20232,1129001030,2,2,0,0,1,0,0,1,0,0,1,0,0,1,0,0,0,0,0,0,0,1108.05236748
20232,1129001032,3,2,1,0,0,1,1,1,0,0,0,0,1,1,0,0,0,1,0,0,0,4876.98694464
20232,1129001037,25,10,15,0,0,8,8,5,4,0,0,1,2,3,4,0,0,7,6,2,0,3751.77947069
20232,1129001038,13,11,2,0,2,2,2,5,2,0,2,1,2,4,2,0,0,1,0,1,0,3626.80682001
20232,1129001042,5,4,1,0,0,0,2,2,1,0,0,0,1,2,1,0,0,0,1,0,0,1140.02472102
20232,1129001043,82,49,33,0,13,18,23,13,15,0,5,11,13,6,14,0,8,7,10,7,1,5254.32926294
20232,1129001044,6,5,1,0,0,0,1,0,5,0,0,0,0,0,5,0,0,0,1,0,0,4353.42759836
20232,1129001045,2,0,2,0,0,2,0,0,0,0,0,0,0,0,0,0,0,2,0,0,0,1745.5788188
20232,1129001046,10,2,8,0,2,1,6,0,1,0,0,0,1,0,1,0,2,1,5,0,0,5524.71091009
20232,1129001047,10,6,4,0,0,1,1,5,3,0,0,0,1,3,2,0,0,1,0,2,1,1830.36775806
20232,1129001051,7,5,2,0,5,0,2,0,0,0,4,0,1,0,0,0,1,0,1,0,0,5735.56898147
20232,1129001052,8,3,5,0,1,3,2,1,1,0,0,1,1,0,1,0,1,2,1,1,0,2746.02079493
20232,1129001054,6,4,2,0,0,3,3,0,0,0,0,2,2,0,0,0,0,1,1,0,0,1503.74960553
20232,1129001055,101,58,43,0,6,18,20,23,34,0,4,17,11,12,14,0,2,1,9,11,20,6147.10025989
20232,1129001056,4,3,1,0,0,2,1,0,1,0,0,1,1,0,1,0,0,1,0,0,0,1075.18881478
20232,1129001057,7,2,5,0,0,2,1,2,2,0,0,0,1,0,1,0,0,2,0,2,1,6251.77217275
20232,1129001058,21,15,6,0,0,3,4,7,7,0,0,2,2,6,5,0,0,1,2,1,2,2296.71578448
20232,1129001059,83,35,48,0,11,16,22,21,13,0,3,5,12,6,9,0,8,11,10,15,4,4413.11239033
20232,1129001060,9,3,6,0,0,1,2,3,3,0,0,1,0,1,1,0,0,0,2,2,2,3498.04703902
20232,1129001061,11,4,7,0,1,4,2,1,3,0,0,0,2,1,1,0,1,4,0,0,2,7049.04775842
20232,1129001063,11,9,2,0,0,1,1,3,6,0,0,1,1,1,6,0,0,0,0,2,0,1505.11098439
20232,1129001066,3,1,2,0,1,1,0,0,1,0,0,0,0,0,1,0,1,1,0,0,0,4832.92958376
20232,1129001067,3,2,1,0,0,0,0,1,2,0,0,0,0,1,1,0,0,0,0,0,1,1016.29541208
20232,1129001068,107,32,75,0,20,23,17,28,19,0,5,12,5,5,5,0,15,11,12,23,14,5273.02720483
20232,1129001069,30,7,23,0,3,6,9,10,2,0,0,1,3,3,0,0,3,5,6,7,2,7790.76766504
20232,1129001070,43,22,21,0,7,8,10,9,9,0,0,2,9,4,7,0,7,6,1,5,2,7140.29290074
20232,1129001071,13,9,4,0,2,4,3,2,2,0,1,3,3,1,1,0,1,1,0,1,1,4726.6933964
20232,1129001074,73,26,47,0,4,6,9,26,28,0,4,4,4,11,3,0,0,2,5,15,25,5494.36833374
20232,1129001078,38,8,30,0,4,14,12,8,0,0,0,2,3,3,0,0,4,12,9,5,0,5059.85190985
20232,1129001079,5,5,0,0,0,1,1,0,3,0,0,1,1,0,3,0,0,0,0,0,0,4938.48442309
20232,1129001081,21,11,10,0,1,1,11,5,3,0,0,0,7,2,2,0,1,1,4,3,1,5816.87580394
20232,1129001084,3,2,1,0,0,0,1,1,1,0,0,0,1,1,0,0,0,0,0,0,1,1218.13032825
20232,1129001086,4,3,1,0,1,0,0,3,0,0,1,0,0,2,0,0,0,0,0,1,0,1258.83208564
20232,1129001087,1888,974,914,2,173,552,489,562,110,2,59,199,237,388,89,0,114,353,252,174,21,4652.20452983
20232,1129001089,36,11,25,1,9,3,9,12,2,1,2,1,3,2,2,0,7,2,6,10,0,6911.31536168
20232,1129001090,41,25,16,0,0,5,7,14,15,0,0,3,4,10,8,0,0,2,3,4,7,8753.21672797
20232,1129001091,72,38,34,0,14,13,24,13,8,0,8,9,8,8,5,0,6,4,16,5,3,4886.54686968
20232,1129001093,11,7,4,0,1,4,2,2,2,0,0,2,2,1,2,0,1,2,0,1,0,2522.29532956
20232,1129001094,23,11,12,0,2,4,9,3,5,0,0,1,6,2,2,0,2,3,3,1,3,4647.07777335
20232,1129001096,10,5,5,0,1,1,1,3,4,0,0,1,0,2,2,0,1,0,1,1,2,4122.46900647
20232,1129001097,3,2,1,0,0,0,1,0,2,0,0,0,1,0,1,0,0,0,0,0,1,2761.41092864
20232,1129001098,569,476,93,0,50,99,195,215,10,0,28,69,161,211,7,0,22,30,34,4,3,8358.05920776
20232,1129001101,7,3,4,0,1,1,4,0,1,0,1,0,1,0,1,0,0,1,3,0,0,4987.15848152
20232,1129001103,7,6,1,0,0,1,4,0,2,0,0,1,3,0,2,0,0,0,1,0,0,489.322619795
20232,1129001104,74,3,71,0,2,4,4,23,41,0,0,0,0,1,2,0,2,4,4,22,39,4061.42766531
20232,1129001105,13,5,8,0,1,5,2,5,0,0,0,2,1,2,0,0,1,3,1,3,0,4728.46195577
20232,1129001108,63,11,52,1,5,15,13,19,10,0,1,1,1,5,3,1,4,14,12,14,7,4633.23802407
20232,1129001111,1440,504,936,0,168,388,622,235,27,0,45,127,183,129,20,0,123,261,439,106,7,3581.21371223
20232,1129001115,10,5,5,0,2,2,5,1,0,0,0,1,3,1,0,0,2,1,2,0,0,1857.22107275
20232,1129001117,42,28,14,0,15,15,8,3,1,0,9,8,7,3,1,0,6,7,1,0,0,5669.0010691
20232,1129001120,4,2,2,0,0,0,1,1,2,0,0,0,0,1,1,0,0,0,1,0,1,4580.96899217
20232,1129001122,97,36,61,1,32,5,12,19,28,1,11,3,6,3,12,0,21,2,6,16,16,7421.26712276
20232,1129001123,2,1,1,0,0,0,0,0,2,0,0,0,0,0,1,0,0,0,0,0,1,1696.64153036
20232,1129001129,19,6,13,0,3,3,5,5,3,0,0,2,1,3,0,0,3,1,4,2,3,3607.41567548
20232,1129001130,6,0,6,0,0,0,1,1,4,0,0,0,0,0,0,0,0,0,1,1,4,2583.55293079
20232,1129001131,23,5,18,0,2,8,6,4,3,0,0,0,2,1,2,0,2,8,4,3,1,4133.48659791
20232,1129001133,95,66,29,0,8,14,24,15,34,0,4,10,20,7,25,0,4,4,4,8,9,3183.55152703
20232,1129001135,2,1,1,0,0,0,0,2,0,0,0,0,0,1,0,0,0,0,0,1,0,2058.40180891
20232,1129001136,10,8,2,0,1,4,3,2,0,0,0,4,2,2,0,0,1,0,1,0,0,3266.05569003
20232,1129001138,4,2,2,0,1,0,1,2,0,0,0,0,1,1,0,0,1,0,0,1,0,585.791870285
20232,1129001139,2,0,2,0,0,0,1,0,1,0,0,0,0,0,0,0,0,0,1,0,1,1302.75915144
20232,1129001140,28,5,23,0,6,8,7,7,0,0,0,0,2,3,0,0,6,8,5,4,0,3436.02822603
20232,1129001141,42,10,32,1,11,9,12,3,6,0,0,0,4,1,5,1,11,9,8,2,1,3221.74481827
20232,1129001142,66,57,9,0,5,9,27,20,5,0,4,8,22,18,5,0,1,1,5,2,0,5276.16119067
20232,1129001148,9,0,9,0,0,1,6,1,1,0,0,0,0,0,0,0,0,1,6,1,1,2789.06820654
20232,1129001160,26,23,3,0,2,0,6,10,8,0,1,0,6,8,8,0,1,0,0,2,0,2685.46833113
20232,1129001162,10,0,10,0,5,1,3,1,0,0,0,0,0,0,0,0,5,1,3,1,0,1353.70511579
20232,1129001177,2,1,1,0,0,0,1,1,0,0,0,0,0,1,0,0,0,0,1,0,0,2909.55795781
20232,1129001189,7,0,7,0,0,1,3,3,0,0,0,0,0,0,0,0,0,1,3,3,0,1309.27820178
20232,1129001193,5,5,0,0,0,0,0,0,5,0,0,0,0,0,5,0,0,0,0,0,0,1998.83080038
20232,1129001197,2,1,1,0,1,0,0,1,0,0,1,0,0,0,0,0,0,0,0,1,0,99605.7962169
20232,1129001209,3,1,2,0,1,1,1,0,0,0,0,1,0,0,0,0,1,0,1,0,0,1209.571331
20232,1129001212,63,40,23,0,4,6,14,14,25,0,3,3,8,9,17,0,1,3,6,5,8,3228.87013375
20232,1129001213,11,11,0,0,0,0,5,3,3,0,0,0,5,3,3,0,0,0,0,0,0,11869.6987014
20232,1129001216,2,2,0,0,0,0,1,0,1,0,0,0,1,0,1,0,0,0,0,0,0,1419.54481761
20232,1129001222,5,1,4,0,0,2,2,0,1,0,0,0,0,0,1,0,0,2,2,0,0,1470.5223192
20232,1129001224,12,9,3,0,1,1,3,4,3,0,0,1,2,3,3,0,1,0,1,1,0,4565.34861939
20232,1129001225,281,216,65,3,41,118,74,36,9,0,15,96,63,33,9,3,26,22,11,3,0,10829.4942014
20232,1129001229,23,12,11,0,1,5,7,7,3,0,1,2,3,4,2,0,0,3,4,3,1,5993.1940868
20232,1129001230,2,1,1,0,0,0,0,1,1,0,0,0,0,0,1,0,0,0,0,1,0,2293.41197725
20232,1129001231,3,2,1,0,0,1,2,0,0,0,0,0,2,0,0,0,0,1,0,0,0,936.311347998
20232,1129001233,2,1,1,0,0,0,1,0,1,0,0,0,0,0,1,0,0,0,1,0,0,1892.3058786
20232,1129001234,8,3,5,0,0,3,0,5,0,0,0,2,0,1,0,0,0,1,0,4,0,1664.17872038
20232,1129001236,3,1,2,0,0,0,3,0,0,0,0,0,1,0,0,0,0,0,2,0,0,2740.33162369
20232,1129001237,9,6,3,0,0,1,2,2,4,0,0,0,2,2,2,0,0,1,0,0,2,4341.85360475
20232,1129001244,2,0,2,0,0,0,1,0,1,0,0,0,0,0,0,0,0,0,1,0,1,1992.77634823
20232,1129001248,2,2,0,0,0,0,1,1,0,0,0,0,1,1,0,0,0,0,0,0,0,1114.64235579
20232,1129001249,15,13,2,0,1,2,4,3,5,0,1,2,3,3,4,0,0,0,1,0,1,2931.45226285
20232,1129001251,3,2,1,0,0,0,1,2,0,0,0,0,1,1,0,0,0,0,0,1,0,923.601009438
20232,1129001252,3,2,1,0,0,2,1,0,0,0,0,1,1,0,0,0,0,1,0,0,0,2599.71738132
20232,1129001254,6,5,1,0,1,1,3,0,1,0,1,1,2,0,1,0,0,0,1,0,0,5550.75628274
20232,1129001258,18,12,6,0,3,4,3,7,1,0,2,2,2,5,1,0,1,2,1,2,0,3363.37529125
20232,1129001282,1,0,1,0,0,0,1,0,0,0,0,0,0,0,0,0,0,0,1,0,0,754.959099717
20232,1129001285,51,41,10,0,4,7,10,15,15,0,3,4,7,13,14,0,1,3,3,2,1,658.550706345
20232,1129001289,5,1,4,0,1,0,1,2,1,0,0,0,0,1,0,0,1,0,1,1,1,3968.07642543
20232,1129001291,69,19,50,0,14,15,22,14,4,0,5,5,4,3,2,0,9,10,18,11,2,17632.6150367
20232,1129001292,20,15,5,0,0,4,1,3,12,0,0,1,1,2,11,0,0,3,0,1,1,4902.26588196
20232,1129001300,6,5,1,0,2,1,1,1,1,0,1,1,1,1,1,0,1,0,0,0,0,1001.19178283
20232,1129001301,13,10,3,0,0,5,2,6,0,0,0,4,1,5,0,0,0,1,1,1,0,1508.07996165
20232,1129001311,16,15,1,0,0,5,5,5,1,0,0,4,5,5,1,0,0,1,0,0,0,1419.37916464
20232,1129001315,13,8,5,0,1,4,2,5,1,0,0,3,1,3,1,0,1,1,1,2,0,7326.73988324
20232,1129001318,15,13,2,0,0,0,6,5,4,0,0,0,4,5,4,0,0,0,2,0,0,5437.55591509
20232,1129001320,4,1,3,0,0,2,0,1,1,0,0,1,0,0,0,0,0,1,0,1,1,1903.80143801
20232,1129001323,3,2,1,0,0,0,0,1,2,0,0,0,0,1,1,0,0,0,0,0,1,2120.45093986
20232,1129001326,2,1,1,0,1,0,0,1,0,0,1,0,0,0,0,0,0,0,0,1,0,918.664044957
20232,1129001327,22,19,3,0,0,8,6,7,1,0,0,7,5,6,1,0,0,1,1,1,0,4622.36804481
20232,1129001330,2,0,2,0,0,0,0,1,1,0,0,0,0,0,0,0,0,0,0,1,1,1084.26803368
20232,1129001334,4,4,0,0,0,4,0,0,0,0,0,4,0,0,0,0,0,0,0,0,0,5649.95803163
20232,1129001336,5,4,1,0,1,2,0,2,0,0,1,2,0,1,0,0,0,0,0,1,0,2715.72165908
20232,1129001346,4,2,2,0,0,0,2,1,1,0,0,0,1,1,0,0,0,0,1,0,1,2308.39439091
20232,1129001348,8,1,7,0,1,1,1,4,1,0,0,0,0,0,1,0,1,1,1,4,0,4790.86921001
20232,1129001350,95,50,45,0,14,19,24,17,21,0,1,9,13,10,17,0,13,10,11,7,4,3080.69931178
20232,1129001354,38,9,29,0,12,14,5,7,0,0,2,2,2,3,0,0,10,12,3,4,0,2816.14414283
20232,1129001360,92,77,15,0,22,21,14,30,5,0,22,17,8,25,5,0,0,4,6,5,0,2836.0672573
20232,1129001363,4,2,2,0,0,1,0,1,2,0,0,0,0,1,1,0,0,1,0,0,1,3231.17273356
20232,1129001364,18,17,1,0,1,3,4,6,4,0,1,3,4,5,4,0,0,0,0,1,0,2347.55049009
20232,1129001369,2,2,0,0,0,1,1,0,0,0,0,1,1,0,0,0,0,0,0,0,0,1727.63892008
20232,1129001371,5,1,4,0,2,0,0,2,1,0,0,0,0,1,0,0,2,0,0,1,1,3301.08702655
20232,1129001376,10,8,2,0,0,2,3,1,4,0,0,2,3,1,2,0,0,0,0,0,2,4852.52882864
20232,1129001379,6,4,2,0,1,0,1,4,0,0,1,0,0,3,0,0,0,0,1,1,0,2566.67596289
20232,1129001380,8,4,4,0,0,1,2,1,4,0,0,1,1,1,1,0,0,0,1,0,3,3835.571848
20232,1129001382,3,2,1,0,0,1,0,2,0,0,0,1,0,1,0,0,0,0,0,1,0,1341.3151994
20232,1129001384,11,7,4,0,0,5,2,3,1,0,0,3,2,1,1,0,0,2,0,2,0,2434.41465641
20232,1129001389,3,3,0,0,0,0,1,1,1,0,0,0,1,1,1,0,0,0,0,0,0,1455.30132018
20232,1129001391,3,2,1,0,0,0,1,2,0,0,0,0,1,1,0,0,0,0,0,1,0,4600.61349277
20232,1129001397,2,1,1,0,0,0,0,1,1,0,0,0,0,1,0,0,0,0,0,0,1,868.923957791
20232,1129001400,8,5,3,0,1,1,0,4,2,0,0,0,0,3,2,0,1,1,0,1,0,2443.09056824
20232,1129001402,8,6,2,0,0,2,2,3,1,0,0,1,2,2,1,0,0,1,0,1,0,1363.18684457
20232,1129001405,7,4,3,0,0,0,1,2,4,0,0,0,0,1,3,0,0,0,1,1,1,3773.12069376
20232,1129001409,7,4,3,0,3,2,1,1,0,0,2,1,1,0,0,0,1,1,0,1,0,3687.19811542
20232,1129001411,1,0,1,0,0,0,1,0,0,0,0,0,0,0,0,0,0,0,1,0,0,893.065313794
20232,1129001415,3,2,1,0,0,0,2,1,0,0,0,0,2,0,0,0,0,0,0,1,0,2578.26555068
20232,1129001416,16,8,8,0,2,3,6,4,1,0,0,1,4,2,1,0,2,2,2,2,0,2382.94063562
20232,1129001422,82,34,48,0,10,19,16,19,18,0,0,4,6,8,16,0,10,15,10,11,2,10522.4008775
20232,1129001424,71,57,14,0,4,10,20,34,3,0,3,5,14,32,3,0,1,5,6,2,0,5099.14970665
20232,1129001427,9,4,5,0,0,0,1,6,2,0,0,0,0,3,1,0,0,0,1,3,1,2764.31163355
20232,1129001428,58,25,33,0,6,15,15,17,5,0,3,4,5,9,4,0,3,11,10,8,1,24849.9049279
20232,1129001430,40,39,1,0,2,3,4,23,8,0,2,3,3,23,8,0,0,0,1,0,0,1719.2810491
20232,1129001433,1,0,1,0,0,1,0,0,0,0,0,0,0,0,0,0,0,1,0,0,0,4161.82129936
20232,1129001434,8,8,0,0,0,2,2,1,3,0,0,2,2,1,3,0,0,0,0,0,0,3140.00692645
20232,1129001436,3,3,0,0,0,0,1,0,2,0,0,0,1,0,2,0,0,0,0,0,0,1922.30098389
20232,1129001437,4,2,2,0,1,1,0,2,0,0,0,1,0,1,0,0,1,0,0,1,0,1054.98095312
20232,1129001440,37,8,29,0,2,7,11,12,5,0,2,1,1,0,4,0,0,6,10,12,1,12902.9829544
20232,1129001441,3,1,2,0,2,0,0,1,0,0,1,0,0,0,0,0,1,0,0,1,0,2441.66146192
20232,1129001442,10,10,0,0,0,3,5,2,0,0,0,3,5,2,0,0,0,0,0,0,0,2677.91136473
20232,1129001444,9,3,6,0,3,1,1,4,0,0,1,0,1,1,0,0,2,1,0,3,0,8911.19997696
20232,1129001445,1,0,1,0,0,0,0,1,0,0,0,0,0,0,0,0,0,0,0,1,0,2572.54803552
20232,1129001446,129,54,75,1,31,34,27,12,24,0,6,10,19,8,11,1,25,24,8,4,13,6222.99353583
20232,1129001449,10,8,2,0,4,1,1,3,1,0,3,1,1,2,1,0,1,0,0,1,0,1638.67995197
20232,1129001450,41,39,2,0,1,5,4,13,18,0,1,4,4,12,18,0,0,1,0,1,0,3137.43463678
20232,1129001451,3,2,1,0,0,0,1,1,1,0,0,0,1,1,0,0,0,0,0,0,1,1471.26951474
20232,1129001454,44,39,5,0,0,2,7,12,23,0,0,2,4,11,22,0,0,0,3,1,1,3278.69548523
20232,1129001457,4,3,1,0,0,1,0,2,1,0,0,1,0,1,1,0,0,0,0,1,0,2809.34675755
20232,1129001465,6,5,1,0,0,0,3,2,1,0,0,0,2,2,1,0,0,0,1,0,0,4592.43662789
20232,1129001468,6,2,4,0,0,2,1,2,1,0,0,1,0,1,0,0,0,1,1,1,1,5275.84700193
20232,1129001471,9,4,5,0,0,3,1,0,5,0,0,0,0,0,4,0,0,3,1,0,1,3885.02788991
20232,1129001473,6,5,1,0,0,0,4,2,0,0,0,0,3,2,0,0,0,0,1,0,0,1611.55927305
20232,1129001476,12,10,2,0,2,1,4,3,2,0,2,1,4,1,2,0,0,0,0,2,0,3534.0133398
20232,1129001489,907,703,204,0,4,10,19,44,830,0,0,7,6,26,664,0,4,3,13,18,166,3463.59476813
20232,1129001491,3,1,2,0,0,0,3,0,0,0,0,0,1,0,0,0,0,0,2,0,0,3906.08988199
20232,1129001498,19,12,7,0,0,2,6,5,6,0,0,1,4,2,5,0,0,1,2,3,1,1347.21113131
20232,1129001499,4,4,0,0,3,1,0,0,0,0,3,1,0,0,0,0,0,0,0,0,0,1754.1850392
20232,1129001500,4,1,3,0,0,1,3,0,0,0,0,0,1,0,0,0,0,1,2,0,0,863.468436994
20232,1129001503,37,34,3,0,4,7,7,9,10,0,3,6,6,9,10,0,1,1,1,0,0,6648.95313586
20232,1129001508,23,11,12,0,1,0,9,9,4,0,1,0,4,3,3,0,0,0,5,6,1,2775.16339585
20232,1129001511,6,2,4,0,0,1,3,2,0,0,0,0,0,2,0,0,0,1,3,0,0,2425.55832245
20232,1129001512,3,3,0,0,0,0,3,0,0,0,0,0,3,0,0,0,0,0,0,0,0,2482.12818792
20232,1129001516,3,1,2,0,0,0,1,2,0,0,0,0,0,1,0,0,0,0,1,1,0,10269.6729421
20232,1129001517,8,2,6,0,4,1,3,0,0,0,1,0,1,0,0,0,3,1,2,0,0,2946.1416121
20232,1129001520,24,19,5,0,0,0,3,4,17,0,0,0,2,3,14,0,0,0,1,1,3,112264.001808
20232,1129001527,21,3,18,1,3,7,6,3,1,0,1,0,1,0,1,1,2,7,5,3,0,1815.25704643
20232,1129001529,836,443,393,10,107,148,194,210,167,8,67,96,91,95,86,2,40,52,103,115,81,3244.91565666
20232,1129001533,12,6,6,0,1,2,5,3,1,0,1,2,0,2,1,0,0,0,5,1,0,7005.07258843
20232,1129001541,4,2,2,0,0,0,3,1,0,0,0,0,1,1,0,0,0,0,2,0,0,5582.10152217
20232,1129001542,35,21,14,0,6,12,6,9,2,0,0,8,5,7,1,0,6,4,1,2,1,10809.4800919
20232,1129001543,9,5,4,0,2,4,2,0,1,0,2,2,1,0,0,0,0,2,1,0,1,4252.23772058
20232,1129001544,13,7,6,0,2,2,3,3,3,0,1,1,3,0,2,0,1,1,0,3,1,2769.46438583
20232,1129001546,41,13,28,4,14,5,9,8,1,0,3,3,3,4,0,4,11,2,6,4,1,3700.23516321
20232,1129001547,8,4,4,0,0,1,1,2,4,0,0,0,0,1,3,0,0,1,1,1,1,2283.89334788
20232,1129001549,3,2,1,0,0,0,0,1,2,0,0,0,0,0,2,0,0,0,0,1,0,3082.87086879
20232,1129001550,17,7,10,0,4,4,0,5,4,0,0,0,0,5,2,0,4,4,0,0,2,3963.01710403
20232,1129001551,3,2,1,0,0,0,2,1,0,0,0,0,1,1,0,0,0,0,1,0,0,1255.51300215
20232,1129001552,11,4,7,0,3,4,0,4,0,0,0,2,0,2,0,0,3,2,0,2,0,2288.87004357
20232,1129001553,3,0,3,0,0,1,1,0,1,0,0,0,0,0,0,0,0,1,1,0,1,1312.89575304
20232,1129001554,20,13,7,0,0,3,4,10,3,0,0,1,1,9,2,0,0,2,3,1,1,4500.72589937
20232,1129001556,2,1,1,0,0,0,1,0,1,0,0,0,0,0,1,0,0,0,1,0,0,2130.03979263
20232,1129001557,22,10,12,0,3,2,5,4,8,0,2,0,2,2,4,0,1,2,3,2,4,1823.5022601
20232,1129001558,4,2,2,0,0,0,4,0,0,0,0,0,2,0,0,0,0,0,2,0,0,4102.41936634
20232,1129001561,2,1,1,0,0,0,1,0,1,0,0,0,0,0,1,0,0,0,1,0,0,1632.12625983
20232,1129001564,2,1,1,0,0,0,1,0,1,0,0,0,0,0,1,0,0,0,1,0,0,13747.5201953
20232,1129001566,8,5,3,0,1,0,2,3,2,0,0,0,2,2,1,0,1,0,0,1,1,2783.57534131
20232,1129001567,3,0,3,0,1,0,0,2,0,0,0,0,0,0,0,0,1,0,0,2,0,10023.0335707
20232,1129001568,24,14,10,0,2,6,2,7,7,0,0,2,2,5,5,0,2,4,0,2,2,4343.0355389
20232,1129001569,26,13,13,0,3,5,8,5,5,0,1,2,4,2,4,0,2,3,4,3,1,14381.065832
20232,1129001570,13,10,3,0,0,3,2,5,3,0,0,3,1,3,3,0,0,0,1,2,0,1730.01425553
20232,1129001571,432,90,342,1,41,96,188,103,3,0,11,40,30,7,2,1,30,56,158,96,1,3964.85927945
20232,1129001572,362,112,250,0,18,131,177,24,12,0,6,34,48,12,12,0,12,97,129,12,0,8056.7275957
20232,1129001573,5,4,1,0,0,3,0,1,1,0,0,2,0,1,1,0,0,1,0,0,0,3278.67060907
20232,1129001574,14,9,5,0,2,3,6,2,1,0,1,2,3,2,1,0,1,1,3,0,0,5029.25642128
20232,1129001575,45,16,29,0,8,7,8,14,8,0,3,3,0,6,4,0,5,4,8,8,4,8008.16925497
20232,1129001576,20,13,7,0,2,6,6,5,1,0,2,3,5,3,0,0,0,3,1,2,1,2056.06663506
20232,1129001577,59,11,48,0,11,11,6,29,2,0,2,4,5,0,0,0,9,7,1,29,2,4200.93537208
20232,1129001578,122,88,34,0,3,13,50,42,14,0,0,11,38,31,8,0,3,2,12,11,6,5359.15774984
20232,1129001580,12,1,11,0,1,2,2,3,4,0,0,0,0,0,1,0,1,2,2,3,3,2692.58656665
20232,1129001581,16,6,10,0,1,3,4,4,4,0,0,0,2,1,3,0,1,3,2,3,1,5943.67095631
20232,1129001582,5,1,4,0,2,0,1,1,1,0,1,0,0,0,0,0,1,0,1,1,1,3755.61358973
20232,1129001583,188,60,128,0,40,88,41,12,7,0,9,26,16,4,5,0,31,62,25,8,2,2705.58063208
20232,1129001584,682,558,124,3,110,218,218,92,41,3,79,184,190,69,33,0,31,34,28,23,8,12585.539396
20232,1129001585,62,15,47,0,4,22,21,13,2,0,0,7,3,4,1,0,4,15,18,9,1,18159.6794215
20232,1129001586,236,75,161,0,33,30,40,49,84,0,11,13,13,11,27,0,22,17,27,38,57,6965.9160308
20232,1129001588,23,9,14,0,4,5,5,6,3,0,2,0,2,2,3,0,2,5,3,4,0,28616.6529241
20232,1129001589,9,5,4,0,1,1,3,4,0,0,0,1,1,3,0,0,1,0,2,1,0,2947.70634045
20232,1129001590,27,17,10,1,2,9,7,6,2,0,2,6,4,4,1,1,0,3,3,2,1,4798.23307808
20232,1129001591,21,10,11,0,5,3,6,4,3,0,1,2,3,2,2,0,4,1,3,2,1,2138.14774143
20232,1129001595,16,12,4,0,0,7,1,6,2,0,0,5,0,5,2,0,0,2,1,1,0,1784.00920877
20232,1129001602,6,5,1,0,0,0,1,3,2,0,0,0,1,2,2,0,0,0,0,1,0,2389.19628428
20232,1129001604,7,2,5,0,2,0,3,2,0,0,1,0,0,1,0,0,1,0,3,1,0,13313.163929
20232,1129001607,60,51,9,0,1,11,10,24,14,0,1,5,9,23,13,0,0,6,1,1,1,7635.27289405
20232,1129001610,53,30,23,0,4,21,12,4,12,0,1,13,5,4,7,0,3,8,7,0,5,23111.2737032
20232,1129001611,19,18,1,0,6,5,2,3,3,0,6,5,2,3,2,0,0,0,0,0,1,9148.49375224
20232,1129001612,2,2,0,0,0,0,1,1,0,0,0,0,1,1,0,0,0,0,0,0,0,3095.44501609
20232,1129001616,124,24,100,0,14,20,35,50,5,0,7,4,7,5,1,0,7,16,28,45,4,8470.10363357
20232,1129001617,42,23,19,0,6,9,18,1,8,0,1,3,12,0,7,0,5,6,6,1,1,14624.148448
20232,1129001618,24,18,6,0,6,5,8,4,1,0,4,3,6,4,1,0,2,2,2,0,0,6027.49492595
20232,1129001619,3,1,2,0,0,2,0,0,1,0,0,0,0,0,1,0,0,2,0,0,0,1286.20306618
20232,1129001620,4,3,1,0,0,0,1,3,0,0,0,0,1,2,0,0,0,0,0,1,0,3699.48213505
20232,1129001624,1,1,0,0,0,0,1,0,0,0,0,0,1,0,0,0,0,0,0,0,0,1939.28228487
20232,1129001628,9,6,3,0,1,1,2,2,3,0,0,1,2,1,2,0,1,0,0,1,1,2708.79202984
20232,1129001629,8,8,0,0,2,0,4,1,1,0,2,0,4,1,1,0,0,0,0,0,0,3474.47241604
20232,1129001631,2,1,1,0,0,0,0,1,1,0,0,0,0,1,0,0,0,0,0,0,1,2526.9182402
20232,1129001640,2,2,0,0,0,0,0,2,0,0,0,0,0,2,0,0,0,0,0,0,0,6906.31589345
20232,1129001644,62,42,20,0,1,11,18,24,8,0,0,5,13,18,6,0,1,6,5,6,2,17096.9992394
20232,1129001645,6,2,4,0,0,1,1,0,4,0,0,0,1,0,1,0,0,1,0,0,3,1706.17310916
20232,1129001646,15,10,5,0,1,2,3,4,5,0,1,1,3,2,3,0,0,1,0,2,2,7776.28594244
20232,1129001649,6,3,3,0,1,1,0,2,2,0,1,0,0,1,1,0,0,1,0,1,1,3571.2929428
20232,1129001652,59,54,5,0,4,7,31,16,1,0,4,5,28,16,1,0,0,2,3,0,0,11076.9615897
20232,1129001653,1,1,0,0,0,0,0,0,1,0,0,0,0,0,1,0,0,0,0,0,0,531.4830948
20232,1129001657,20,12,8,0,3,1,4,6,6,0,1,1,1,4,5,0,2,0,3,2,1,7318.72766697
20232,1129001659,117,110,7,0,23,26,40,21,7,0,19,24,39,21,7,0,4,2,1,0,0,4489.0919205
20232,1129001660,2,0,2,0,0,0,0,1,1,0,0,0,0,0,0,0,0,0,0,1,1,1786.09024829
20232,1129001661,3,2,1,0,1,1,0,1,0,0,0,1,0,1,0,0,1,0,0,0,0,4540.41539848
20232,1129001663,3,1,2,0,1,0,0,2,0,0,0,0,0,1,0,0,1,0,0,1,0,2767.61504058
20232,1129001666,35,4,31,0,7,11,10,7,0,0,0,1,2,1,0,0,7,10,8,6,0,13506.0754743
20232,1129001668,20,11,9,0,1,4,5,2,8,0,0,2,4,1,4,0,1,2,1,1,4,8051.24339719
20232,1129001669,3,2,1,0,1,0,0,1,1,0,1,0,0,0,1,0,0,0,0,1,0,4217.65010909
20232,1129001670,2,1,1,0,0,0,1,1,0,0,0,0,0,1,0,0,0,0,1,0,0,4432.79953572
20232,1129001673,107,36,71,0,5,23,47,26,6,0,1,5,15,11,4,0,4,18,32,15,2,42048.6372977
20232,1129001674,6,5,1,0,0,1,0,5,0,0,0,1,0,4,0,0,0,0,0,1,0,5319.85616062
20232,1129001675,8,4,4,0,1,5,1,1,0,0,0,4,0,0,0,0,1,1,1,1,0,4405.43144491
20232,1129001677,5,3,2,0,0,1,2,1,1,0,0,1,1,1,0,0,0,0,1,0,1,18777.2333451
20232,1129001678,253,207,46,5,27,75,82,40,24,1,11,70,74,34,17,4,16,5,8,6,7,31709.101242
20232,1129001680,275,110,165,0,46,115,62,31,21,0,12,37,35,12,14,0,34,78,27,19,7,31423.9957706
20232,1129001681,159,124,35,6,42,59,35,11,6,6,36,54,23,5,0,0,6,5,12,6,6,4056.36903134
20232,1129001683,56,29,27,0,4,9,16,19,8,0,2,2,6,13,6,0,2,7,10,6,2,57347.5502962
20232,1129001685,31,17,14,0,6,10,9,4,2,0,4,8,4,0,1,0,2,2,5,4,1,9737.43556297
20232,1129001686,292,231,61,0,42,76,122,35,17,0,24,64,106,28,9,0,18,12,16,7,8,11872.4971689
20232,1129001687,15,3,12,0,6,3,2,3,1,0,0,0,0,2,1,0,6,3,2,1,0,6060.75766147
20232,1129001691,34,26,8,0,4,6,12,5,7,0,2,4,9,5,6,0,2,2,3,0,1,3565.23037215
20232,1129001695,29,10,19,0,3,2,7,8,9,0,2,2,4,1,1,0,1,0,3,7,8,9635.54196006
20232,1129001696,8,5,3,0,0,0,3,4,1,0,0,0,2,2,1,0,0,0,1,2,0,21940.0663842
20232,1129001697,287,166,121,3,123,71,40,34,16,0,56,46,29,24,11,3,67,25,11,10,5,3701.5317609
20232,1129001698,113,56,57,0,14,35,33,25,6,0,4,14,13,20,5,0,10,21,20,5,1,36366.1105139
20232,1129001699,203,155,48,0,19,62,53,60,9,0,13,46,43,45,8,0,6,16,10,15,1,18370.718007
20232,1129001701,55,33,22,0,9,10,11,13,12,0,5,7,7,7,7,0,4,3,4,6,5,14579.7433132
20232,1129001706,10,4,6,0,2,1,1,2,4,0,0,0,0,1,3,0,2,1,1,1,1,8823.65887523
20232,1129001707,100,41,59,0,17,42,34,5,2,0,5,12,20,2,2,0,12,30,14,3,0,2298.36418357
20232,1129001710,7,3,4,0,1,0,4,0,2,0,0,0,1,0,2,0,1,0,3,0,0,9280.69115543
20232,1129001711,1,1,0,0,0,0,0,0,1,0,0,0,0,0,1,0,0,0,0,0,0,3813.48944324
20232,1129001712,389,264,125,3,93,154,89,33,17,0,50,111,61,26,16,3,43,43,28,7,1,50964.5354988
20232,1129001713,7,6,1,0,0,0,3,2,2,0,0,0,2,2,2,0,0,0,1,0,0,15040.4546882
20232,1129001714,2,1,1,0,0,0,1,1,0,0,0,0,1,0,0,0,0,0,0,1,0,61113.2339719
20232,1129001717,5,3,2,0,0,0,3,1,1,0,0,0,2,0,1,0,0,0,1,1,0,2859.45799565
20232,1129001718,20,20,0,0,1,2,4,10,3,0,1,2,4,10,3,0,0,0,0,0,0,5182.60388761
20232,1129001720,113,81,32,0,9,24,27,35,18,0,3,17,20,25,16,0,6,7,7,10,2,14588.5181186
20232,1129001721,2,2,0,0,0,1,0,0,1,0,0,1,0,0,1,0,0,0,0,0,0,35726.6010143
20232,1129001722,115,50,65,3,39,21,21,23,8,1,20,10,12,6,1,2,19,11,9,17,7,208944.212216
20232,1129001723,1007,400,607,4,392,409,176,22,4,1,168,178,43,6,4,3,224,231,133,16,0,17351.2547931
20232,1129001725,115,105,10,0,14,26,36,30,9,0,11,24,33,29,8,0,3,2,3,1,1,3211.27340679
20232,1129001727,60,37,23,0,16,23,16,4,1,0,10,15,9,3,0,0,6,8,7,1,1,11404.1999449
20232,1129001728,122,113,9,0,0,3,13,52,54,0,0,1,11,49,52,0,0,2,2,3,2,10298.3745181
20232,1129001729,39,21,18,0,9,8,16,5,1,0,1,3,13,4,0,0,8,5,3,1,1,14429.3177552
20232,1129001731,352,338,14,0,36,100,101,105,10,0,32,96,96,105,9,0,4,4,5,0,1,15322.0620527
20232,1129001732,22,14,8,0,3,5,4,8,2,0,3,4,2,4,1,0,0,1,2,4,1,7008.62593422
20232,1129001733,507,385,122,1,154,156,83,102,11,0,74,127,72,102,10,1,80,29,11,0,1,14141.332928
20232,1129001734,11,5,6,0,4,1,2,2,2,0,1,1,1,1,1,0,3,0,1,1,1,16218.749889
20232,1129001735,2,1,1,0,1,0,1,0,0,0,0,0,1,0,0,0,1,0,0,0,0,3143.56685703
20232,1129001736,888,751,137,0,105,305,278,187,13,0,54,259,248,178,12,0,51,46,30,9,1,20885.5474179
20232,1129001737,4,4,0,0,0,1,2,0,1,0,0,1,2,0,1,0,0,0,0,0,0,6677.97298018
20232,1129001738,12087,11233,854,5,892,2435,3701,4847,207,0,725,2094,3516,4751,147,5,167,341,185,96,60,36702.3474634
20232,1129001739,61,36,25,0,1,19,25,12,4,0,0,11,11,10,4,0,1,8,14,2,0,3342.16520041
20232,1129001740,7,4,3,0,0,2,3,1,1,0,0,1,2,1,0,0,0,1,1,0,1,11136.2202808
20232,1129001741,19,8,11,1,5,1,7,3,2,0,4,0,3,0,1,1,1,1,4,3,1,14491.8325383
20232,1129001742,82,45,37,0,8,18,22,15,19,0,4,7,10,10,14,0,4,11,12,5,5,59407.2168511
20232,1129001743,35,22,13,0,7,11,9,6,2,0,5,7,6,3,1,0,2,4,3,3,1,45676.2336692
20232,1129001744,277,230,47,1,36,85,92,55,8,0,23,60,87,53,7,1,13,25,5,2,1,4252.37959544
20232,1129001747,554,197,357,0,114,176,203,59,2,0,31,48,81,35,2,0,83,128,122,24,0,62215.1849167
20232,1129001748,22,18,4,0,1,4,5,8,4,0,0,4,3,8,3,0,1,0,2,0,1,13250.2462508
20232,1129001750,62,55,7,1,3,5,11,21,21,1,2,4,10,19,19,0,1,1,1,2,2,4991.29551256
20232,1129001752,268,138,130,2,94,38,39,37,58,0,42,19,26,18,33,2,52,19,13,19,25,32129.1420407
20232,1129001754,37,21,16,0,4,9,13,5,6,0,3,6,4,2,6,0,1,3,9,3,0,56238.503021
20232,1129001755,8,5,3,0,0,3,1,1,3,0,0,2,1,1,1,0,0,1,0,0,2,15866.9890591
20232,1129001757,971,449,522,0,262,307,224,139,39,0,77,122,129,93,28,0,185,185,95,46,11,115183.835906
20232,1129001758,9,6,3,0,0,2,1,1,5,0,0,1,0,0,5,0,0,1,1,1,0,461704.104484
20232,1129001759,21,9,12,0,4,6,7,3,1,0,0,2,3,3,1,0,4,4,4,0,0,127972.990805
20232,1129001760,12,5,7,0,0,2,5,3,2,0,0,0,1,2,2,0,0,2,4,1,0,173578.137983
20232,1129001762,81,60,21,0,9,13,26,17,16,0,6,10,17,13,14,0,3,3,9,4,2,3792.49172069
20232,1129001763,38,19,19,0,7,9,11,9,2,0,2,5,5,6,1,0,5,4,6,3,1,3685.11917834
20232,1129001765,89,64,25,0,7,10,25,24,23,0,2,6,19,20,17,0,5,4,6,4,6,3195.51657621
20232,1129001766,84,69,15,0,11,13,23,28,9,0,7,10,20,23,9,0,4,3,3,5,0,2626.50736881
20232,1129001767,4,3,1,0,1,0,0,0,3,0,0,0,0,0,3,0,1,0,0,0,0,2362.44833114
20232,1129001769,7,5,2,0,0,0,1,4,2,0,0,0,0,3,2,0,0,0,1,1,0,7690.69074465
20232,1129001771,28,18,10,0,1,5,12,7,3,0,1,2,6,6,3,0,0,3,6,1,0,5002.07761172
20232,1129001772,2,2,0,0,0,0,0,1,1,0,0,0,0,1,1,0,0,0,0,0,0,5441.09988607
20232,1129001775,22,17,5,0,7,10,2,1,2,0,5,9,2,1,0,0,2,1,0,0,2,4574.31319467
20232,1129001777,676,506,170,3,121,184,150,147,71,3,79,140,120,117,47,0,42,44,30,30,24,5672.70743044
20232,1129001780,39,24,15,0,2,13,9,10,5,0,1,11,4,4,4,0,1,2,5,6,1,12966.6739742
20232,1129001781,49,27,22,1,13,11,10,11,3,0,5,6,9,4,3,1,8,5,1,7,0,679.953867576
20232,1129001782,301,249,52,1,33,90,111,66,0,0,26,81,91,51,0,1,7,9,20,15,0,5627.30439485
20232,1129001787,5,2,3,0,0,2,0,2,1,0,0,1,0,0,1,0,0,1,0,2,0,1932.05015884
20232,1129001790,2,2,0,0,0,0,2,0,0,0,0,0,2,0,0,0,0,0,0,0,0,953.419858708
20232,1129001791,23,13,10,0,12,9,1,1,0,0,6,6,1,0,0,0,6,3,0,1,0,5521.52808952
20232,1129001792,4,2,2,0,0,0,1,3,0,0,0,0,0,2,0,0,0,0,1,1,0,6575.87772822
20232,1129001793,8,4,4,0,0,1,0,3,4,0,0,1,0,0,3,0,0,0,0,3,1,1556.47288448
20232,1129001796,2,1,1,0,0,0,0,2,0,0,0,0,0,1,0,0,0,0,0,1,0,5927.95159607
20232,1129001797,3,3,0,0,0,0,0,3,0,0,0,0,0,3,0,0,0,0,0,0,0,3749.07707306
20232,1129001798,4,2,2,0,0,0,2,0,2,0,0,0,2,0,0,0,0,0,0,0,2,2491.22563213
20232,1129001799,7,1,6,0,3,3,0,0,1,0,1,0,0,0,0,0,2,3,0,0,1,3497.66272857
20232,1129001800,22,6,16,1,10,7,2,0,2,0,0,3,2,0,1,1,10,4,0,0,1,2929.06750307
20232,1129001802,5,4,1,0,0,1,2,2,0,0,0,1,1,2,0,0,0,0,1,0,0,1957.18080496
20232,1129001803,10,1,9,0,2,5,2,0,1,0,0,1,0,0,0,0,2,4,2,0,1,3701.79853524
20232,1129001805,173,162,11,0,3,13,17,56,84,0,2,10,15,54,81,0,1,3,2,2,3,7603.20550094
20232,1129001806,6,5,1,0,0,1,0,3,2,0,0,1,0,3,1,0,0,0,0,0,1,6103.56689588
20232,1129001809,393,366,27,0,18,51,87,144,93,0,15,49,81,132,89,0,3,2,6,12,4,4015.54869065
20232,1129001811,3,1,2,0,0,1,1,0,1,0,0,0,0,0,1,0,0,1,1,0,0,4013.3108732
20232,1129001813,1027,535,492,0,91,342,397,191,6,0,29,148,235,117,6,0,62,194,162,74,0,1236.84460347
20232,1129001817,15,9,6,0,0,4,3,1,7,0,0,1,2,0,6,0,0,3,1,1,1,4900.68402436
20232,1129001819,70,66,4,0,3,0,9,33,25,0,1,0,8,33,24,0,2,0,1,0,1,2866.42817973
20232,1129001821,437,335,102,1,126,198,91,17,4,0,86,158,76,13,2,1,40,40,15,4,2,6101.43159287
20232,1129001822,121,44,77,0,27,24,36,19,15,0,10,8,10,10,6,0,17,16,26,9,9,3977.64529884
20232,1129001823,12,7,5,0,0,0,1,3,8,0,0,0,1,0,6,0,0,0,0,3,2,9128.55318805
20232,1129001824,16,9,7,0,4,4,3,2,3,0,3,2,2,0,2,0,1,2,1,2,1,8815.50505784
20232,1129001826,7,6,1,0,3,3,1,0,0,0,2,3,1,0,0,0,1,0,0,0,0,1169.4131382
20232,1129001831,24,19,5,0,3,4,9,5,3,0,2,2,8,4,3,0,1,2,1,1,0,3705.6866103
20232,1129001834,2,1,1,0,0,1,1,0,0,0,0,0,1,0,0,0,0,1,0,0,0,1737.95598376
20232,1129001837,5,2,3,0,0,0,2,1,2,0,0,0,0,0,2,0,0,0,2,1,0,4200.31347075
20232,1129001838,20,0,20,0,9,2,4,5,0,0,0,0,0,0,0,0,9,2,4,5,0,1605.0396624
20232,1129001839,2,1,1,0,0,0,1,1,0,0,0,0,0,1,0,0,0,0,1,0,0,2216.78679614
20232,1129001843,16,5,11,1,3,4,2,4,2,0,0,1,2,1,1,1,3,3,0,3,1,6201.15364473
20232,1129001844,8,1,7,0,1,2,1,0,4,0,0,0,0,0,1,0,1,2,1,0,3,1180.56938563
20232,1129001845,6,2,4,0,2,1,1,0,2,0,0,1,0,0,1,0,2,0,1,0,1,1469.88884095
20232,1129001846,2,2,0,0,0,0,1,0,1,0,0,0,1,0,1,0,0,0,0,0,0,4253.98061194
20232,1129001847,10,9,1,0,2,5,3,0,0,0,2,4,3,0,0,0,0,1,0,0,0,3085.97983842
20232,1129001849,5,2,3,0,1,0,1,3,0,0,1,0,0,1,0,0,0,0,1,2,0,1774.29074096
20232,1129001852,14,2,12,0,1,3,7,2,1,0,0,0,1,1,0,0,1,3,6,1,1,5600.35205905
20232,1129001854,28,7,21,0,12,9,5,1,1,0,0,2,3,1,1,0,12,7,2,0,0,2237.60939737
20232,1129001855,3,1,2,0,1,1,0,1,0,0,0,0,0,1,0,0,1,1,0,0,0,2625.55521993
20232,1129001856,11,8,3,0,0,3,5,3,0,0,0,3,3,2,0,0,0,0,2,1,0,2524.69968364
20232,1129001857,12,6,6,0,0,6,3,2,1,0,0,2,1,2,1,0,0,4,2,0,0,1269.0379333
20232,1129001858,9,6,3,0,0,1,2,1,5,0,0,1,0,1,4,0,0,0,2,0,1,2440.06803089
20232,1129001859,4,2,2,0,0,1,1,2,0,0,0,1,0,1,0,0,0,0,1,1,0,1274.74125263
20232,1129001862,22,11,11,0,3,3,6,5,5,0,0,2,3,3,3,0,3,1,3,2,2,1344.83088156
20232,1129001864,15,7,8,0,5,2,0,2,6,0,1,1,0,1,4,0,4,1,0,1,2,4159.64299935
20232,1129001865,13,10,3,0,1,5,2,4,1,0,0,4,2,3,1,0,1,1,0,1,0,5431.32381959
20232,1129001866,9,5,4,0,0,1,5,3,0,0,0,1,1,3,0,0,0,0,4,0,0,1978.40387727
20232,1129001868,6,4,2,0,1,4,0,0,1,0,0,3,0,0,1,0,1,1,0,0,0,2023.40280659
20232,1129001869,17,11,6,0,0,2,7,5,3,0,0,1,3,4,3,0,0,1,4,1,0,1213.87136607
20232,1129001871,20,6,14,0,4,3,6,7,0,0,0,2,0,4,0,0,4,1,6,3,0,5937.41628291
20232,1129001872,81,44,37,0,6,10,25,30,10,0,4,7,12,16,5,0,2,3,13,14,5,4385.11483318
20232,1129001873,17,10,7,0,0,2,9,3,3,0,0,2,5,0,3,0,0,0,4,3,0,6423.12726131
20232,1129001874,3,1,2,0,0,0,3,0,0,0,0,0,1,0,0,0,0,0,2,0,0,3041.35607503
20232,1129001877,24,17,7,0,1,2,11,5,5,0,1,1,8,3,4,0,0,1,3,2,1,2379.96039316
20232,1129001880,88,32,56,0,11,17,22,17,21,0,6,5,2,8,11,0,5,12,20,9,10,11745.6973191
20232,1129001882,7,5,2,0,0,0,1,6,0,0,0,0,0,5,0,0,0,0,1,1,0,2567.74991221
20232,1129001885,15,9,6,0,5,5,2,3,0,0,4,1,2,2,0,0,1,4,0,1,0,4631.45059836
20232,1129001890,2,2,0,0,0,0,2,0,0,0,0,0,2,0,0,0,0,0,0,0,0,1215.75226458
20232,1129001892,5,1,4,0,0,0,0,4,1,0,0,0,0,1,0,0,0,0,0,3,1,4712.9194268
20232,1129001893,7,6,1,0,2,1,3,0,1,0,2,1,3,0,0,0,0,0,0,0,1,4072.76141789
20232,1129001894,11,5,6,0,5,3,2,0,1,0,0,2,2,0,1,0,5,1,0,0,0,5014.25878933
20232,1129001895,20,4,16,0,1,0,5,12,2,0,0,0,0,3,1,0,1,0,5,9,1,4594.51232741
20232,1129001900,2,2,0,0,0,0,1,0,1,0,0,0,1,0,1,0,0,0,0,0,0,1438.37091732
20232,1129001902,6,4,2,0,1,1,0,0,4,0,1,1,0,0,2,0,0,0,0,0,2,2446.56008202
20232,1129001905,73,25,48,0,14,19,20,12,8,0,5,4,6,5,5,0,9,15,14,7,3,76031.7400242
20232,1129001908,9,3,6,0,1,2,4,1,1,0,0,1,1,0,1,0,1,1,3,1,0,2639.12239581
20232,1129001910,10,5,5,0,0,5,3,2,0,0,0,2,1,2,0,0,0,3,2,0,0,3448.69916309
20232,1129001911,9,3,6,0,0,0,6,2,1,0,0,0,3,0,0,0,0,0,3,2,1,4654.39745712
20232,1129001912,5,4,1,0,0,1,0,2,2,0,0,1,0,2,1,0,0,0,0,0,1,1587.62560515
20232,1129001913,4,4,0,0,0,1,0,2,1,0,0,1,0,2,1,0,0,0,0,0,0,1322.62881485
20232,1129001919,3,1,2,0,0,3,0,0,0,0,0,1,0,0,0,0,0,2,0,0,0,1226.92166334
20232,1129001921,1,0,1,0,0,1,0,0,0,0,0,0,0,0,0,0,0,1,0,0,0,1330.40119407
20232,1129001923,128,38,90,0,10,24,53,30,11,0,4,5,15,9,5,0,6,19,38,21,6,3420.0104574
20232,1129001932,3,0,3,0,1,0,0,2,0,0,0,0,0,0,0,0,1,0,0,2,0,2467.5735448
20232,1129001936,3,2,1,0,0,0,0,3,0,0,0,0,0,2,0,0,0,0,0,1,0,9166.11253513
20232,1129001941,46,12,34,0,16,13,7,8,2,0,4,4,3,0,1,0,12,9,4,8,1,9370.09863927
20232,1129001942,26,12,14,0,18,3,3,2,0,0,7,2,1,2,0,0,11,1,2,0,0,437947.697653
20232,1129001945,2,2,0,0,0,0,0,1,1,0,0,0,0,1,1,0,0,0,0,0,0,1967.90878546
20232,1129001946,6,6,0,0,0,3,3,0,0,0,0,3,3,0,0,0,0,0,0,0,0,1541.27775852
20232,1129001947,2,1,1,0,0,1,0,0,1,0,0,0,0,0,1,0,0,1,0,0,0,7388.18419486
20232,1129001948,44,12,32,0,5,1,14,17,7,0,1,1,2,3,5,0,4,0,12,14,2,16156.7338016
20232,1129001950,7,5,2,0,0,4,2,1,0,0,0,2,2,1,0,0,0,2,0,0,0,3221.76775899
20232,1129001953,6,4,2,0,0,0,3,3,0,0,0,0,2,2,0,0,0,0,1,1,0,9974.66027638
20232,1129001954,17,4,13,0,4,3,7,2,1,0,0,1,2,0,1,0,4,2,5,2,0,6849.4671825
20232,1129001955,56,37,19,0,11,16,13,11,5,0,8,11,9,6,3,0,3,5,4,5,2,3092.29561786
20232,1129001959,5,4,1,0,0,0,2,3,0,0,0,0,1,3,0,0,0,0,1,0,0,3289.24841544
20232,1129001960,2,2,0,0,0,0,1,1,0,0,0,0,1,1,0,0,0,0,0,0,0,1295.03307299
20232,1129001962,6,5,1,0,1,1,2,0,2,0,1,1,1,0,2,0,0,0,1,0,0,1859.69998736
20232,1129001964,243,154,89,2,21,47,70,68,35,2,16,28,39,47,22,0,5,19,31,21,13,4677.16547515
20232,1129001967,40,38,2,0,0,3,7,26,4,0,0,3,6,26,3,0,0,0,1,0,1,2753.5521339
20232,1129001968,155,134,21,0,4,8,23,64,56,0,1,7,16,58,52,0,3,1,7,6,4,1484.80235144
20232,1129001970,989,763,226,0,20,25,102,137,705,0,17,19,68,110,549,0,3,6,34,27,156,10142.1060422
20232,1129001981,8,8,0,0,0,1,6,1,0,0,0,1,6,1,0,0,0,0,0,0,0,1991.0859651
20232,1129001983,2,2,0,0,0,0,1,0,1,0,0,0,1,0,1,0,0,0,0,0,0,3496.91527157
20232,1129001986,11,0,11,0,1,3,4,1,2,0,0,0,0,0,0,0,1,3,4,1,2,1822.66614489
20232,1129001997,48,37,11,0,9,3,4,23,9,0,5,2,2,21,7,0,4,1,2,2,2,6168.94218231
20232,1129002002,1,1,0,0,0,0,0,1,0,0,0,0,0,1,0,0,0,0,0,0,0,3881.52250267
20232,1129002003,4,2,2,0,0,0,1,2,1,0,0,0,0,1,1,0,0,0,1,1,0,1632.91902632
20232,1129002007,9,2,7,0,2,1,5,1,0,0,0,0,1,1,0,0,2,1,4,0,0,4233.0347951
20232,1129002009,3,2,1,0,0,0,2,1,0,0,0,0,1,1,0,0,0,0,1,0,0,2124.45724996
20232,1129002012,15,4,11,0,0,0,3,11,1,0,0,0,1,2,1,0,0,0,2,9,0,1507.14214812
20232,1129002016,24,11,13,0,5,5,7,4,3,0,0,3,5,2,1,0,5,2,2,2,2,3779.15199954
20232,1129002021,8,6,2,0,0,4,2,2,0,0,0,4,0,2,0,0,0,0,2,0,0,1576.48788212
20232,1129002022,4,2,2,0,1,0,2,0,1,0,0,0,1,0,1,0,1,0,1,0,0,4191.55035887
20232,1129002023,116,57,59,0,21,31,27,22,15,0,8,13,11,14,11,0,13,18,16,8,4,11480.5519753
20232,1129002039,2,2,0,0,1,0,0,1,0,0,1,0,0,1,0,0,0,0,0,0,0,1334.84037769
20232,1129002043,3,3,0,0,0,0,0,1,2,0,0,0,0,1,2,0,0,0,0,0,0,1435.64434277
20232,1129002046,58,14,44,0,0,4,13,18,23,0,0,4,4,4,2,0,0,0,9,14,21,8749.50762102
20232,1129002047,2,1,1,0,0,0,1,1,0,0,0,0,1,0,0,0,0,0,0,1,0,3870.47638498
20232,1129002048,5,3,2,0,0,1,1,2,1,0,0,0,1,2,0,0,0,1,0,0,1,1443.41986327
20232,1129002049,11,10,1,0,0,2,3,4,2,0,0,2,2,4,2,0,0,0,1,0,0,1672.3509793
20232,1129002053,21,5,16,0,2,10,4,5,0,0,0,5,0,0,0,0,2,5,4,5,0,1894.38440958
20232,1129002059,84,61,23,1,11,22,35,11,4,1,6,19,30,5,0,0,5,3,5,6,4,4709.91195331
20232,1129002060,13,6,7,0,6,3,2,2,0,0,2,1,1,2,0,0,4,2,1,0,0,1810.84668155
20232,1129002068,3,1,2,0,0,0,3,0,0,0,0,0,1,0,0,0,0,0,2,0,0,2267.13034229
20232,1129002072,3,3,0,0,0,0,0,2,1,0,0,0,0,2,1,0,0,0,0,0,0,1338.37583629
20232,1129002077,13,4,9,0,7,2,2,1,1,0,0,1,2,0,1,0,7,1,0,1,0,1355.91522144
20232,1129002080,10,0,10,0,1,3,3,2,1,0,0,0,0,0,0,0,1,3,3,2,1,2501.95897082
20232,1129002083,3,0,3,0,1,2,0,0,0,0,0,0,0,0,0,0,1,2,0,0,0,2980.77335471
20232,1129002084,179,29,150,0,34,58,48,38,1,0,3,8,9,9,0,0,31,50,39,29,1,13593.4671353
20232,1129002086,5,4,1,0,0,0,1,3,1,0,0,0,1,2,1,0,0,0,0,1,0,5751.88011396
20232,1129002087,10,0,10,0,1,3,4,2,0,0,0,0,0,0,0,0,1,3,4,2,0,1676.80587636
20232,1129002090,6,5,1,0,0,2,1,3,0,0,0,2,1,2,0,0,0,0,0,1,0,1737.84172402
20232,1129002091,4,3,1,0,0,0,0,3,1,0,0,0,0,2,1,0,0,0,0,1,0,3879.23639159
20232,1129002093,7,5,2,0,1,1,3,2,0,0,1,1,2,1,0,0,0,0,1,1,0,1683.362008
20232,1129002094,2,1,1,0,0,1,1,0,0,0,0,1,0,0,0,0,0,0,1,0,0,2410.06826046
20232,1129002105,3,2,1,0,0,1,2,0,0,0,0,1,1,0,0,0,0,0,1,0,0,2036.80540496
20232,1129002107,11,4,7,0,0,4,4,2,1,0,0,0,2,1,1,0,0,4,2,1,0,4800.9954326
20232,1129002118,2,1,1,0,0,2,0,0,0,0,0,1,0,0,0,0,0,1,0,0,0,2098.21971208
20232,1129002124,5,2,3,0,0,1,0,2,2,0,0,1,0,0,1,0,0,0,0,2,1,2433.43492417
20232,1129002126,173,72,101,0,14,29,53,27,50,0,4,10,28,12,18,0,10,19,25,15,32,2709.43073191
20232,1129002128,10,1,9,0,1,0,2,6,1,0,0,0,0,0,1,0,1,0,2,6,0,3326.39011218
20232,1129002138,1,1,0,0,0,0,1,0,0,0,0,0,1,0,0,0,0,0,0,0,0,533.733970255
20232,1129002154,54,15,39,1,10,21,16,3,3,1,2,5,6,1,0,0,8,16,10,2,3,5325.53662008
20232,1129002156,35,9,26,0,3,5,4,5,18,0,0,2,3,1,3,0,3,3,1,4,15,4538.77153372
20232,1129002163,23,5,18,0,6,1,10,6,0,0,0,0,1,4,0,0,6,1,9,2,0,6501.85395217
20232,1129002168,30,13,17,0,3,6,11,4,6,0,0,1,7,0,5,0,3,5,4,4,1,5826.40881998
20232,1129002171,2,0,2,0,0,2,0,0,0,0,0,0,0,0,0,0,0,2,0,0,0,10329.6850449
20232,1129002181,3,3,0,0,0,1,1,0,1,0,0,1,1,0,1,0,0,0,0,0,0,5679.50517494
20232,1129002182,224,140,84,1,30,64,82,29,18,0,17,43,44,21,15,1,13,21,38,8,3,3129.97681504
20232,1129002184,4,2,2,0,0,3,1,0,0,0,0,2,0,0,0,0,0,1,1,0,0,1770.72861873
20232,1129002185,3,2,1,0,1,0,1,1,0,0,1,0,1,0,0,0,0,0,0,1,0,1834.70040303
20232,1129002186,2,1,1,0,0,0,2,0,0,0,0,0,1,0,0,0,0,0,1,0,0,3832.37423793
20232,1129002188,3,2,1,0,0,0,1,2,0,0,0,0,0,2,0,0,0,0,1,0,0,3403.37784519
20232,1129002190,2,2,0,0,0,1,0,1,0,0,0,1,0,1,0,0,0,0,0,0,0,3530.87557737
20232,1129002192,2,2,0,0,0,0,0,2,0,0,0,0,0,2,0,0,0,0,0,0,0,3566.39001961
20232,1129002193,3,2,1,0,0,0,0,2,1,0,0,0,0,1,1,0,0,0,0,1,0,3217.46525943
20232,1129002195,101,69,32,0,11,24,31,13,22,0,6,18,22,10,13,0,5,6,9,3,9,22349.1448746
20232,1129002196,4,2,2,0,1,2,0,1,0,0,0,1,0,1,0,0,1,1,0,0,0,1252.91435252
20232,1129002198,35,22,13,0,1,7,8,9,10,0,1,3,3,7,8,0,0,4,5,2,2,7752.24972337
20232,1129002199,2,1,1,0,0,1,0,1,0,0,0,0,0,1,0,0,0,1,0,0,0,3624.71100486
20232,1129002201,2,1,1,0,0,0,0,0,2,0,0,0,0,0,1,0,0,0,0,0,1,2906.53584558
20232,1129002203,36,32,4,0,4,3,11,12,6,0,4,2,9,11,6,0,0,1,2,1,0,4622.10989553
20232,1129002204,7,4,3,0,1,3,2,0,1,0,0,1,2,0,1,0,1,2,0,0,0,8681.19333025
20232,1129002205,6,0,6,0,1,2,0,3,0,0,0,0,0,0,0,0,1,2,0,3,0,8030.38680177
20232,1129002207,23,12,11,0,1,6,3,6,7,0,0,3,1,2,6,0,1,3,2,4,1,4035.81071771
20232,1129002208,332,173,159,0,32,101,104,63,32,0,12,50,64,28,19,0,20,51,40,35,13,10145.1995628
20232,1129002209,5,0,5,0,0,2,1,1,1,0,0,0,0,0,0,0,0,2,1,1,1,1273.98623352
20232,1129002210,38,15,23,0,7,8,9,7,7,0,2,3,2,3,5,0,5,5,7,4,2,8120.09588535
20232,1129002211,21,9,12,0,0,1,5,8,7,0,0,1,1,3,4,0,0,0,4,5,3,4500.74404008
20232,1129002212,65,35,30,0,5,14,13,16,17,0,2,9,6,11,7,0,3,5,7,5,10,8957.09524743
20232,1129002213,45,22,23,0,2,7,16,16,4,0,1,3,7,9,2,0,1,4,9,7,2,14995.2650451
20232,1129002214,7,6,1,0,0,1,2,1,3,0,0,1,2,0,3,0,0,0,0,1,0,1731.99791452
20232,1129002215,6,2,4,0,1,0,2,2,1,0,0,0,1,0,1,0,1,0,1,2,0,3440.34008297
20232,1129002218,52,34,18,1,10,13,16,8,4,0,5,9,12,6,2,1,5,4,4,2,2,14864.3252315
20232,1129002219,7,5,2,0,2,1,2,2,0,0,1,1,1,2,0,0,1,0,1,0,0,5857.28448504
20232,1129002221,22,10,12,0,4,6,2,5,5,0,1,1,0,4,4,0,3,5,2,1,1,12600.4196396
20232,1129002223,6,2,4,0,0,0,2,4,0,0,0,0,0,2,0,0,0,0,2,2,0,3021.59637702
20232,1129002225,16,6,10,0,1,4,6,3,2,0,0,1,4,0,1,0,1,3,2,3,1,3273.96716563
20232,1129002229,1627,1166,461,0,310,658,319,221,119,0,169,480,226,177,114,0,141,178,93,44,5,441421.287997
20232,1129002231,26,12,14,0,0,5,13,3,5,0,0,1,6,1,4,0,0,4,7,2,1,5168.98395907
20232,1129002233,3,1,2,0,0,0,1,0,2,0,0,0,0,0,1,0,0,0,1,0,1,3429.18856967
20232,1129002236,9,2,7,0,2,5,2,0,0,0,0,2,0,0,0,0,2,3,2,0,0,5999.12956369
20232,1129002238,5,4,1,0,1,2,2,0,0,0,1,2,1,0,0,0,0,0,1,0,0,8420.20371284
20232,1129002243,17,1,16,0,3,7,4,2,1,0,0,0,0,0,1,0,3,7,4,2,0,169635.383512
20232,1129002244,14,2,12,0,4,2,4,3,1,0,0,0,0,2,0,0,4,2,4,1,1,5380.12712583
20232,1129002245,6,3,3,0,2,1,1,0,2,0,1,1,1,0,0,0,1,0,0,0,2,2074.48980596
20232,1129002248,3,2,1,0,1,0,0,2,0,0,1,0,0,1,0,0,0,0,0,1,0,956.49386295
20232,1129002249,282,263,19,0,7,10,13,15,237,0,6,7,4,12,234,0,1,3,9,3,3,19442.8273689
20232,1129002250,55,19,36,0,26,15,8,4,2,0,5,7,4,1,2,0,21,8,4,3,0,14181.1653138
20232,1129002252,2,2,0,0,0,0,2,0,0,0,0,0,2,0,0,0,0,0,0,0,0,3337.16519792
20232,1129002253,2,2,0,0,0,0,0,2,0,0,0,0,0,2,0,0,0,0,0,0,0,2807.55795774
20232,1129002254,132,97,35,0,5,46,53,24,4,0,1,32,41,20,3,0,4,14,12,4,1,5285.01129929
20232,1129002259,2,1,1,0,0,0,0,1,1,0,0,0,0,0,1,0,0,0,0,1,0,2217.39757024
20232,1129002262,10,1,9,0,0,3,1,2,4,0,0,0,0,0,1,0,0,3,1,2,3,2223.12867025
20232,1129002263,6,4,2,0,0,0,1,4,1,0,0,0,0,4,0,0,0,0,1,0,1,3466.09500634
20232,1129002264,2,0,2,0,0,0,1,0,1,0,0,0,0,0,0,0,0,0,1,0,1,4824.49219195
20232,1129002265,6,1,5,0,0,1,4,1,0,0,0,0,1,0,0,0,0,1,3,1,0,1242.80683928
20232,1129002267,20,5,15,2,12,1,4,0,1,0,2,0,2,0,1,2,10,1,2,0,0,2775.1633575
20232,1129002268,168,57,111,0,37,23,26,55,27,0,13,15,12,11,6,0,24,8,14,44,21,36458.9526739
20232,1129002270,17,10,7,0,4,5,1,5,2,0,4,4,1,0,1,0,0,1,0,5,1,1475.42593303
20232,1129002274,16,1,15,0,5,6,1,1,3,0,0,0,0,0,1,0,5,6,1,1,2,4669.56432472
20232,1129002279,92,31,61,0,9,28,25,27,3,0,5,4,10,9,3,0,4,24,15,18,0,10094.5325662
20232,1129002282,158,116,42,1,28,64,40,15,10,1,22,53,22,9,9,0,6,11,18,6,1,4021.73304909
20232,1129002289,19,5,14,0,4,2,5,8,0,0,1,0,1,3,0,0,3,2,4,5,0,9705.0365792
20232,1129002290,250,137,113,0,7,22,88,97,36,0,0,8,52,54,23,0,7,14,36,43,13,42011.6324016
20232,1129002291,2,1,1,0,0,0,0,2,0,0,0,0,0,1,0,0,0,0,0,1,0,929.497139492
20232,1129002292,9,7,2,0,0,1,3,4,1,0,0,1,2,3,1,0,0,0,1,1,0,3039.09428775
20232,1129002293,6,5,1,0,1,1,3,1,0,0,0,1,3,1,0,0,1,0,0,0,0,2077.61239976
20232,1129002294,7,6,1,0,1,0,4,2,0,0,1,0,4,1,0,0,0,0,0,1,0,8727.81815393
20232,1129002301,2,1,1,0,0,0,0,0,2,0,0,0,0,0,1,0,0,0,0,0,1,1077.75832975
20232,1129002303,19,14,5,0,1,4,8,4,2,0,1,2,6,3,2,0,0,2,2,1,0,1920.66345941
20232,1129002307,26,15,11,0,1,3,8,10,4,0,1,3,5,4,2,0,0,0,3,6,2,13700.153053
20232,1129002313,2,1,1,0,0,1,1,0,0,0,0,0,1,0,0,0,0,1,0,0,0,826.490001464
20232,1129002318,666,429,237,1,166,159,181,111,48,0,91,118,113,64,43,1,75,41,68,47,5,3428.74690881
20232,1129002319,2,0,2,0,0,0,0,0,2,0,0,0,0,0,0,0,0,0,0,0,2,4658.41670517
20232,1129002323,2,1,1,0,0,0,0,2,0,0,0,0,0,1,0,0,0,0,0,1,0,475.323322453
20232,1129002326,1,1,0,0,0,0,0,1,0,0,0,0,0,1,0,0,0,0,0,0,0,2359.65263058
20232,1129002327,6,2,4,0,1,0,3,1,1,0,1,0,1,0,0,0,0,0,2,1,1,2827.66203477
20232,1129002328,10,0,10,0,1,5,2,2,0,0,0,0,0,0,0,0,1,5,2,2,0,80656.4532543
20232,1129002333,14,3,11,0,3,3,5,2,1,0,0,1,2,0,0,0,3,2,3,2,1,3902.50395142
20232,1129002335,19,10,9,0,2,3,4,5,5,0,1,1,3,2,3,0,1,2,1,3,2,4812.48497944
20232,1129002336,69,15,54,0,14,15,20,16,4,0,4,3,2,4,2,0,10,12,18,12,2,11972.4676867
20232,1129002339,3,2,1,0,0,0,0,3,0,0,0,0,0,2,0,0,0,0,0,1,0,2735.23796963
20232,1129002341,13,6,7,0,7,3,2,1,0,0,3,2,1,0,0,0,4,1,1,1,0,1288.63460844
20232,1129002342,13,8,5,0,4,3,5,0,1,0,3,2,2,0,1,0,1,1,3,0,0,1763.56480908
20232,1129002343,1,1,0,0,0,0,1,0,0,0,0,0,1,0,0,0,0,0,0,0,0,760.370671509
20232,1129002345,2,2,0,0,0,2,0,0,0,0,0,2,0,0,0,0,0,0,0,0,0,2031.83967628
20232,1129002347,2,1,1,0,0,1,1,0,0,0,0,0,1,0,0,0,0,1,0,0,0,2901.35365091
20232,1129002355,2,2,0,0,0,0,0,0,2,0,0,0,0,0,2,0,0,0,0,0,0,5650.48804124
20232,1129002357,28,2,26,0,1,2,2,6,17,0,0,1,0,0,1,0,1,1,2,6,16,3529.63067203
20232,1129002361,70,41,29,0,19,16,17,14,4,0,13,11,11,4,2,0,6,5,6,10,2,1643.30826449
20232,1129002362,2,2,0,0,0,0,0,2,0,0,0,0,0,2,0,0,0,0,0,0,0,2039.82799501
20232,1129002369,20,6,14,0,0,2,6,5,7,0,0,1,4,0,1,0,0,1,2,5,6,4270.19633829
20232,1129002370,98,39,59,0,58,26,8,4,2,0,20,11,3,3,2,0,38,15,5,1,0,1985.52759671
20232,1129002375,12,8,4,0,1,0,3,0,8,0,0,0,1,0,7,0,1,0,2,0,1,2627.26094901
20232,1129002376,10,9,1,0,1,4,3,1,1,0,1,4,2,1,1,0,0,0,1,0,0,2230.4637765
20232,1129002379,4,1,3,0,1,2,0,1,0,0,0,0,0,1,0,0,1,2,0,0,0,6381.68159416
20232,1129002380,1,0,1,0,0,0,0,0,1,0,0,0,0,0,0,0,0,0,0,0,1,1272.59744782
20232,1129002382,1,0,1,0,0,0,1,0,0,0,0,0,0,0,0,0,0,0,1,0,0,1731.38142829
20232,1129002386,7,2,5,0,0,0,4,3,0,0,0,0,0,2,0,0,0,0,4,1,0,7508.23601006
20232,1129002390,1,1,0,0,0,0,0,1,0,0,0,0,0,1,0,0,0,0,0,0,0,2112.76016803
20232,1129002391,7,2,5,0,0,0,4,1,2,0,0,0,0,1,1,0,0,0,4,0,1,5430.82202861
20232,1129002392,1,1,0,0,0,0,0,0,1,0,0,0,0,0,1,0,0,0,0,0,0,1825.03622874
20232,1129002395,5,4,1,0,1,0,2,0,2,0,1,0,1,0,2,0,0,0,1,0,0,2343.15160373
20232,1129002397,2,2,0,0,0,0,0,1,1,0,0,0,0,1,1,0,0,0,0,0,0,2736.41121504
20232,1129002398,3,1,2,0,0,0,2,1,0,0,0,0,0,1,0,0,0,0,2,0,0,4258.27755876
20232,1129002403,3,2,1,0,0,1,0,1,1,0,0,1,0,0,1,0,0,0,0,1,0,2180.53800508
20232,1129002404,13,6,7,0,1,3,2,5,2,0,1,0,0,4,1,0,0,3,2,1,1,5544.70553907
20232,1129002405,12,7,5,0,4,4,2,1,1,0,1,2,2,1,1,0,3,2,0,0,0,2490.9383013
20232,1129002406,14,3,11,0,1,3,4,4,2,0,0,0,1,0,2,0,1,3,3,4,0,3280.74419166
20232,1129002409,8,3,5,0,0,1,1,2,4,0,0,1,0,0,2,0,0,0,1,2,2,3821.27002589
20232,1129002412,8,6,2,0,0,1,2,0,5,0,0,0,1,0,5,0,0,1,1,0,0,2119.41136724
20232,1129002413,37,22,15,0,8,11,10,5,3,0,1,9,8,2,2,0,7,2,2,3,1,2392.79185618
20232,1129002415,10,3,7,0,0,3,6,1,0,0,0,1,2,0,0,0,0,2,4,1,0,5882.43759393
20232,1129002416,9,2,7,0,3,0,4,1,1,0,0,0,1,0,1,0,3,0,3,1,0,4144.25181428
20232,1129002420,4,3,1,0,0,1,0,0,3,0,0,1,0,0,2,0,0,0,0,0,1,1918.4246657
20232,1129002421,3,2,1,0,0,1,0,1,1,0,0,1,0,1,0,0,0,0,0,0,1,2282.14404754
20232,1129002423,10,9,1,0,0,4,5,0,1,0,0,4,4,0,1,0,0,0,1,0,0,1426.14195618
20232,1129002426,14,12,2,1,3,2,2,3,3,1,3,2,1,2,3,0,0,0,1,1,0,1877.15047981
20232,1129002428,18,12,6,0,7,9,2,0,0,0,4,6,2,0,0,0,3,3,0,0,0,3078.12933764
20232,1129002429,2,2,0,0,0,0,1,0,1,0,0,0,1,0,1,0,0,0,0,0,0,2232.8242843
20232,1129002430,8,6,2,0,0,0,1,5,2,0,0,0,0,4,2,0,0,0,1,1,0,13886.5299447
20232,1129002433,3,1,2,0,0,0,1,2,0,0,0,0,0,1,0,0,0,0,1,1,0,1679.41447793
20232,1129002437,3,2,1,0,0,3,0,0,0,0,0,2,0,0,0,0,0,1,0,0,0,2518.39681814
20232,1129002439,11,7,4,0,2,5,4,0,0,0,0,3,4,0,0,0,2,2,0,0,0,2025.83551952
20232,1129002444,7,3,4,0,1,0,0,2,4,0,0,0,0,1,2,0,1,0,0,1,2,2545.97590097
20232,1129002449,2,2,0,0,0,0,0,0,2,0,0,0,0,0,2,0,0,0,0,0,0,2169.3399566
20232,1129002451,9,5,4,0,0,0,0,2,7,0,0,0,0,0,5,0,0,0,0,2,2,2290.52617839
20232,1129002453,5,3,2,0,0,4,0,0,1,0,0,2,0,0,1,0,0,2,0,0,0,1245.12249191
20232,1129002454,2,1,1,0,0,0,1,0,1,0,0,0,1,0,0,0,0,0,0,0,1,3108.32565961
20232,1129002457,2,1,1,0,0,0,1,1,0,0,0,0,1,0,0,0,0,0,0,1,0,3014.48060882
20232,1129002462,2,1,1,0,0,0,0,2,0,0,0,0,0,1,0,0,0,0,0,1,0,3213.42681059
20232,1129002463,46,6,40,0,0,3,1,13,29,0,0,1,1,2,2,0,0,2,0,11,27,14562.7530353
20232,1129002464,1,1,0,0,0,0,0,0,1,0,0,0,0,0,1,0,0,0,0,0,0,3533.36701361
20232,1129002467,2,2,0,0,0,1,1,0,0,0,0,1,1,0,0,0,0,0,0,0,0,2186.23762408
20232,1129002470,69,61,8,0,2,2,7,24,34,0,1,2,4,22,32,0,1,0,3,2,2,2916.52868226
20232,1129002474,6,0,6,0,0,1,3,2,0,0,0,0,0,0,0,0,0,1,3,2,0,9060.60967438
20232,1129002482,5,2,3,0,0,1,2,2,0,0,0,1,1,0,0,0,0,0,1,2,0,1741.45926861
20232,1129002484,3,0,3,0,0,1,1,1,0,0,0,0,0,0,0,0,0,1,1,1,0,1774.65046696
20232,1129002487,1,1,0,0,0,0,0,0,1,0,0,0,0,0,1,0,0,0,0,0,0,2343.96339767
20232,1129002488,3,1,2,0,0,2,1,0,0,0,0,0,1,0,0,0,0,2,0,0,0,2971.3173049
20232,1129002491,36,14,22,0,12,10,7,6,1,0,1,4,3,5,1,0,11,6,4,1,0,2242.56079871
20232,1129002492,16,10,6,0,2,3,2,7,2,0,0,3,1,5,1,0,2,0,1,2,1,2698.26202527
20232,1129002493,91,72,19,1,24,22,19,23,2,0,19,20,16,15,2,1,5,2,3,8,0,22204.6778074
20232,1129002498,3,1,2,0,0,0,0,2,1,0,0,0,0,1,0,0,0,0,0,1,1,2956.82137497
20232,1129002500,3,1,2,0,0,0,0,2,1,0,0,0,0,0,1,0,0,0,0,2,0,2674.87043327
20232,1129002508,2,2,0,0,0,0,2,0,0,0,0,0,2,0,0,0,0,0,0,0,0,640.758253747
20232,1129002509,9,6,3,0,0,3,3,0,3,0,0,1,3,0,2,0,0,2,0,0,1,2180.93167491
20232,1129002512,71,8,63,0,11,18,24,13,5,0,0,1,2,2,3,0,11,17,22,11,2,7718.56578093
20232,1129002514,81,66,15,0,5,7,28,24,17,0,5,5,21,21,14,0,0,2,7,3,3,6885.78435703
20232,1129002517,20,11,9,0,3,1,5,7,4,0,3,0,3,3,2,0,0,1,2,4,2,6198.49964574
20232,1129002518,2,1,1,0,0,0,1,1,0,0,0,0,1,0,0,0,0,0,0,1,0,1750.54834621
20232,1129002519,1,0,1,0,0,0,1,0,0,0,0,0,0,0,0,0,0,0,1,0,0,1924.32225221
20232,1129002522,26,3,23,0,0,11,6,8,1,0,0,2,0,0,1,0,0,9,6,8,0,1422.1478076
20232,1129002523,2,1,1,0,0,0,1,1,0,0,0,0,0,1,0,0,0,0,1,0,0,1923.59277048
20232,1129002528,62,28,34,0,14,11,18,14,5,0,6,2,10,6,4,0,8,9,8,8,1,6990.71006168
20232,1129002531,28,5,23,0,2,7,9,8,2,0,2,2,0,0,1,0,0,5,9,8,1,2532.3398918
20232,1129002532,5,2,3,0,0,1,3,1,0,0,0,0,1,1,0,0,0,1,2,0,0,2521.78054879
20232,1129002533,5,3,2,0,0,1,0,1,3,0,0,1,0,0,2,0,0,0,0,1,1,2229.75860671
20232,1129002534,1,1,0,0,0,0,0,1,0,0,0,0,0,1,0,0,0,0,0,0,0,8743.6121695
20232,1129002535,85,75,10,0,20,34,21,7,3,0,16,34,18,5,2,0,4,0,3,2,1,4971.15181774
20232,1129002537,6,5,1,0,1,0,1,4,0,0,1,0,1,3,0,0,0,0,0,1,0,11342.1650667
20232,1129002539,4,4,0,0,0,0,3,0,1,0,0,0,3,0,1,0,0,0,0,0,0,3522.04385972
20232,1129002542,1,1,0,0,0,0,1,0,0,0,0,0,1,0,0,0,0,0,0,0,0,1660.90262781
20232,1129002543,4,1,3,0,1,1,0,2,0,0,0,0,0,1,0,0,1,1,0,1,0,3896.95655528
20232,1129002545,10,7,3,0,0,3,5,2,0,0,0,2,4,1,0,0,0,1,1,1,0,15484.5253364
20232,1129002546,11,8,3,0,1,2,4,3,1,0,1,1,3,2,1,0,0,1,1,1,0,7008.05892493
20232,1129002548,2,1,1,0,0,0,1,0,1,0,0,0,0,0,1,0,0,0,1,0,0,5635.99295671
20232,1129002550,7,5,2,0,0,0,5,1,1,0,0,0,4,1,0,0,0,0,1,0,1,7405.71073134
20232,1129002552,9,4,5,0,1,0,3,1,4,0,0,0,1,0,3,0,1,0,2,1,1,3098.04765708
20232,1129002553,15,3,12,0,1,4,5,3,2,0,0,1,0,0,2,0,1,3,5,3,0,2702.38072329
20232,1129002556,5,3,2,0,1,1,1,2,0,0,1,1,1,0,0,0,0,0,0,2,0,7467.18653729
20232,1129002557,5,4,1,0,0,0,2,1,2,0,0,0,1,1,2,0,0,0,1,0,0,4019.66509373
20232,1129002561,5,4,1,0,0,2,2,1,0,0,0,1,2,1,0,0,0,1,0,0,0,3554.67848052
20232,1129002564,5,5,0,0,0,4,1,0,0,0,0,4,1,0,0,0,0,0,0,0,0,1731.86539079
20232,1129002565,10,3,7,0,1,2,3,2,2,0,0,0,1,1,1,0,1,2,2,1,1,2994.35731247
20232,1129002567,5,4,1,0,2,0,1,0,2,0,2,0,1,0,1,0,0,0,0,0,1,3720.18244896
20232,1129002568,81,42,39,0,10,23,17,21,10,0,1,8,9,16,8,0,9,15,8,5,2,8196.50899983
20232,1129002573,1,1,0,0,0,0,1,0,0,0,0,0,1,0,0,0,0,0,0,0,0,3339.90812729
20232,1129002576,63,46,17,1,18,17,10,10,7,0,13,11,10,7,5,1,5,6,0,3,2,5967.04350769
20232,1129002579,34,21,13,0,6,7,9,10,2,0,1,6,7,6,1,0,5,1,2,4,1,17053.0103439
20232,1129002581,18,2,16,0,1,4,5,6,2,0,0,0,0,0,2,0,1,4,5,6,0,17905.3775233
20232,1129002584,2,2,0,0,0,0,2,0,0,0,0,0,2,0,0,0,0,0,0,0,0,1879.20285652
20232,1129002585,6,5,1,0,0,0,1,4,1,0,0,0,1,3,1,0,0,0,0,1,0,3239.42151105
20232,1129002587,8,6,2,0,1,3,0,3,1,0,0,2,0,3,1,0,1,1,0,0,0,4051.08703834
20232,1129002589,14,11,3,0,0,3,4,3,4,0,0,2,4,3,2,0,0,1,0,0,2,2754.49652676
20232,1129002592,9,7,2,0,2,0,2,3,2,0,1,0,1,3,2,0,1,0,1,0,0,2916.68001354
20232,1129002593,2,1,1,0,1,0,1,0,0,0,1,0,0,0,0,0,0,0,1,0,0,3089.87851531
20232,1129002595,3,2,1,0,0,1,0,0,2,0,0,1,0,0,1,0,0,0,0,0,1,2743.62446279
20232,1129002596,30,21,9,0,8,4,7,9,2,0,5,4,4,7,1,0,3,0,3,2,1,5096.81294101
20232,1129002598,6,2,4,0,0,1,2,3,0,0,0,0,0,2,0,0,0,1,2,1,0,2954.52081688
20232,1129002599,2,1,1,0,0,0,0,0,2,0,0,0,0,0,1,0,0,0,0,0,1,3322.787428
20232,1129002601,4,0,4,0,1,2,0,0,1,0,0,0,0,0,0,0,1,2,0,0,1,2887.5691553
20232,1129002604,5,2,3,0,0,4,0,0,1,0,0,1,0,0,1,0,0,3,0,0,0,2945.37651993
20232,1129002605,16,11,5,0,3,5,6,0,2,0,0,5,4,0,2,0,3,0,2,0,0,5030.79771549
20232,1129002606,5,0,5,0,2,1,1,1,0,0,0,0,0,0,0,0,2,1,1,1,0,3406.6579324
20232,1129002607,7,6,1,0,0,0,2,2,3,0,0,0,2,1,3,0,0,0,0,1,0,2853.63565329
20232,1129002608,5,5,0,0,1,0,0,4,0,0,1,0,0,4,0,0,0,0,0,0,0,1764.44399597
20232,1129002609,1,1,0,0,0,0,0,0,1,0,0,0,0,0,1,0,0,0,0,0,0,3407.97190945
20232,1129002611,7,3,4,0,1,2,1,2,1,0,1,0,1,1,0,0,0,2,0,1,1,4435.69379108
20232,1129002615,4,2,2,0,1,0,1,2,0,0,1,0,0,1,0,0,0,0,1,1,0,4732.48136469
20232,1129002617,4,4,0,0,0,1,2,1,0,0,0,1,2,1,0,0,0,0,0,0,0,5978.98811612
20232,1129002625,8,5,3,0,0,4,2,1,1,0,0,2,2,0,1,0,0,2,0,1,0,2978.60877262
20232,1129002627,16,10,6,0,3,3,6,4,0,0,1,3,3,3,0,0,2,0,3,1,0,2139.47305022
20232,1129002628,3,0,3,0,1,0,0,1,1,0,0,0,0,0,0,0,1,0,0,1,1,4128.76653444
20232,1129002629,5,1,4,0,0,0,2,1,2,0,0,0,1,0,0,0,0,0,1,1,2,6003.37456971
20232,1129002630,4,1,3,0,0,0,2,0,2,0,0,0,1,0,0,0,0,0,1,0,2,2510.37714457
20232,1129002631,148,126,22,0,3,6,15,12,112,0,1,3,8,10,104,0,2,3,7,2,8,8749.39789924
20232,1129002632,27,19,8,0,0,0,2,0,25,0,0,0,1,0,18,0,0,0,1,0,7,5589.46694678
20232,1129002633,114,29,85,0,20,18,28,34,14,0,3,10,9,5,2,0,17,8,19,29,12,4306.09884985
20232,1129002635,3,1,2,0,0,0,1,2,0,0,0,0,0,1,0,0,0,0,1,1,0,5819.94689896
20232,1129002636,4,4,0,0,0,0,2,2,0,0,0,0,2,2,0,0,0,0,0,0,0,4374.28950998
20232,1129002639,7,1,6,0,0,0,2,2,3,0,0,0,0,0,1,0,0,0,2,2,2,2129.56325532
20232,1129002640,6,4,2,0,1,2,1,0,2,0,0,1,1,0,2,0,1,1,0,0,0,2527.55636928
20232,1129002642,10,7,3,0,1,1,3,4,1,0,1,1,3,1,1,0,0,0,0,3,0,4197.10978617
20232,1129002643,2,2,0,0,0,0,1,0,1,0,0,0,1,0,1,0,0,0,0,0,0,2360.88167132
20232,1129002648,2,2,0,0,0,0,0,1,1,0,0,0,0,1,1,0,0,0,0,0,0,1571.21259162
20232,1129002649,87,12,75,0,11,25,31,14,6,0,1,3,3,2,3,0,10,22,28,12,3,16350.8188163
20232,1129002654,1,0,1,0,0,0,0,1,0,0,0,0,0,0,0,0,0,0,0,1,0,1823.49051811
20232,1129002655,1,1,0,0,0,0,1,0,0,0,0,0,1,0,0,0,0,0,0,0,0,1060.44170941
20232,1129002658,11,7,4,0,0,1,1,8,1,0,0,0,1,5,1,0,0,1,0,3,0,4985.03332929
20232,1129002662,25,9,16,0,1,4,10,9,1,0,0,2,3,4,0,0,1,2,7,5,1,6278.119058
20232,1129002663,11,3,8,0,0,0,2,5,4,0,0,0,0,1,2,0,0,0,2,4,2,1731.77395699
20232,1129002664,3,1,2,0,1,0,1,1,0,0,0,0,0,1,0,0,1,0,1,0,0,1453.55747439
20232,1129002665,10,4,6,0,0,2,3,3,2,0,0,1,0,2,1,0,0,1,3,1,1,5747.70521949
20232,1129002666,12,5,7,0,2,2,0,1,7,0,0,0,0,1,4,0,2,2,0,0,3,5995.61155262
20232,1129002668,10,3,7,0,1,2,3,2,2,0,0,0,1,1,1,0,1,2,2,1,1,5851.72137031
20232,1129002670,2,2,0,0,0,0,0,2,0,0,0,0,0,2,0,0,0,0,0,0,0,2788.75526557
20232,1129002673,27,21,6,0,0,2,1,3,21,0,0,1,1,2,17,0,0,1,0,1,4,4862.8791621
20232,1129002674,4,0,4,0,1,0,2,1,0,0,0,0,0,0,0,0,1,0,2,1,0,2498.35934028
20232,1129002677,12,4,8,0,4,1,4,2,1,0,0,0,2,1,1,0,4,1,2,1,0,1904.20590089
20232,1129002679,3,2,1,0,0,0,0,0,3,0,0,0,0,0,2,0,0,0,0,0,1,4924.09713631
20232,1129002682,9,1,8,0,0,0,1,3,5,0,0,0,0,0,1,0,0,0,1,3,4,2644.42795867
20232,1129002683,6,6,0,0,0,2,0,2,2,0,0,2,0,2,2,0,0,0,0,0,0,3570.53634428
20232,1129002684,7,1,6,0,0,0,4,2,1,0,0,0,0,0,1,0,0,0,4,2,0,3253.26233681
20232,1129002685,3,1,2,0,0,0,1,2,0,0,0,0,1,0,0,0,0,0,0,2,0,2742.11007194
20232,1129002687,10,7,3,0,0,5,1,2,2,0,0,5,1,0,1,0,0,0,0,2,1,7938.3393892
20232,1129002690,18,8,10,0,2,6,3,4,3,0,0,3,1,2,2,0,2,3,2,2,1,3714.12072191
20232,1129002695,4,3,1,0,0,1,2,1,0,0,0,0,2,1,0,0,0,1,0,0,0,4085.75902319
20232,1129002702,5,3,2,0,0,1,0,1,3,0,0,1,0,0,2,0,0,0,0,1,1,3769.06679114
20232,1129002704,7,6,1,0,0,1,4,2,0,0,0,1,3,2,0,0,0,0,1,0,0,4457.02163493
20232,1129002707,9,6,3,0,1,0,2,2,4,0,0,0,1,2,3,0,1,0,1,0,1,5398.11540919
20232,1129002715,12,5,7,0,0,5,2,2,3,0,0,1,0,1,3,0,0,4,2,1,0,3266.53012563
20232,1129002716,3,0,3,0,0,1,0,1,1,0,0,0,0,0,0,0,0,1,0,1,1,1931.37648281
20232,1129002717,36,29,7,0,0,1,1,4,30,0,0,1,1,2,25,0,0,0,0,2,5,3688.56911079
20232,1129002719,2,2,0,0,1,0,0,0,1,0,1,0,0,0,1,0,0,0,0,0,0,3254.93154777
20232,1129002720,565,404,161,2,38,93,150,164,118,2,20,49,104,131,98,0,18,44,46,33,20,2077.2126593
20232,1129002725,2,1,1,0,0,0,0,1,1,0,0,0,0,0,1,0,0,0,0,1,0,3499.02911257
20232,1129002726,2,1,1,0,0,0,0,1,1,0,0,0,0,0,1,0,0,0,0,1,0,1933.88301606
20232,1129002730,2,2,0,0,0,0,0,2,0,0,0,0,0,2,0,0,0,0,0,0,0,3282.77444721
20232,1129002734,5,4,1,0,0,1,2,1,1,0,0,0,2,1,1,0,0,1,0,0,0,847.865646984
20232,1129002736,4,3,1,0,0,0,1,0,3,0,0,0,1,0,2,0,0,0,0,0,1,5694.24589366
20232,1129002737,4,2,2,0,0,1,2,0,1,0,0,0,1,0,1,0,0,1,1,0,0,2754.77750146
20232,1129002741,2,1,1,0,0,0,1,0,1,0,0,0,0,0,1,0,0,0,1,0,0,2562.34874275
20232,1129002745,9,7,2,0,0,2,2,3,2,0,0,2,2,2,1,0,0,0,0,1,1,5084.56377248
20232,1129002750,3,2,1,0,0,1,0,0,2,0,0,1,0,0,1,0,0,0,0,0,1,1751.86419898
20232,1129002758,4,1,3,0,0,1,2,0,1,0,0,0,1,0,0,0,0,1,1,0,1,2032.30119427
20232,1129002761,2,0,2,0,1,0,0,1,0,0,0,0,0,0,0,0,1,0,0,1,0,1916.7802284
20232,1129002766,2,1,1,0,1,0,0,1,0,0,0,0,0,1,0,0,1,0,0,0,0,1371.74301888
20232,1129002767,7,3,4,0,4,2,1,0,0,0,1,1,1,0,0,0,3,1,0,0,0,6720.94929957
20232,1129002773,7,7,0,0,0,1,1,2,3,0,0,1,1,2,3,0,0,0,0,0,0,2500.34206656
20232,1129002774,16,5,11,0,9,6,1,0,0,0,2,2,1,0,0,0,7,4,0,0,0,3943.36895136
20232,1129002775,2,2,0,0,1,0,0,1,0,0,1,0,0,1,0,0,0,0,0,0,0,3814.52448146
20232,1129002776,10,7,3,0,0,4,3,3,0,0,0,2,2,3,0,0,0,2,1,0,0,1532.19359293
20232,1129002778,23,18,5,0,2,6,5,7,3,0,2,4,4,5,3,0,0,2,1,2,0,12590.4931161
20232,1129002779,3,1,2,0,1,0,1,1,0,0,0,0,1,0,0,0,1,0,0,1,0,1372.59984558
20232,1129002781,2,2,0,0,0,0,0,1,1,0,0,0,0,1,1,0,0,0,0,0,0,2261.09676806
20232,1129002784,125,123,2,0,2,0,11,40,72,0,1,0,11,39,72,0,1,0,0,1,0,3693.64751755
20232,1129002785,4,2,2,0,0,0,2,2,0,0,0,0,1,1,0,0,0,0,1,1,0,3498.06829637
20232,1129002786,4,1,3,0,0,2,2,0,0,0,0,0,1,0,0,0,0,2,1,0,0,655.826889159
20232,1129002787,2,1,1,0,0,0,0,2,0,0,0,0,0,1,0,0,0,0,0,1,0,2345.73109473
20232,1129002790,3,2,1,0,0,0,2,1,0,0,0,0,1,1,0,0,0,0,1,0,0,1652.94996883
20232,1129002791,8,6,2,0,0,0,3,2,3,0,0,0,2,1,3,0,0,0,1,1,0,2938.08656253
20232,1129002792,126,122,4,0,0,2,16,52,56,0,0,1,14,52,55,0,0,1,2,0,1,6214.95408465
20232,1129002793,41,17,24,0,15,11,4,9,2,0,7,3,2,3,2,0,8,8,2,6,0,6260.91425155
20232,1129002796,5,4,1,0,0,0,2,1,2,0,0,0,2,1,1,0,0,0,0,0,1,2930.33158532
20232,1129002797,2,2,0,0,0,0,0,2,0,0,0,0,0,2,0,0,0,0,0,0,0,1334.1946941
20232,1129002800,120,42,78,0,21,28,28,34,9,0,4,14,13,8,3,0,17,14,15,26,6,12145.2760122
20232,1129002801,6,4,2,0,0,0,2,3,1,0,0,0,1,2,1,0,0,0,1,1,0,5325.02844834
20232,1129002805,46,21,25,0,13,11,12,7,3,0,5,6,6,3,1,0,8,5,6,4,2,2487.99968821
20232,1129002807,4,2,2,0,0,2,0,2,0,0,0,1,0,1,0,0,0,1,0,1,0,1227.61801799
20232,1129002816,12,9,3,0,1,3,3,5,0,0,0,3,2,4,0,0,1,0,1,1,0,1079.26453681
20232,1129002817,2,2,0,0,0,0,2,0,0,0,0,0,2,0,0,0,0,0,0,0,0,726.300693196
20232,1129002819,55,30,25,5,18,10,14,5,3,1,11,7,8,2,1,4,7,3,6,3,2,4943.48173046
20232,1129002823,5,4,1,0,0,1,2,2,0,0,0,0,2,2,0,0,0,1,0,0,0,1760.40886155
20232,1129002832,3,2,1,0,0,0,2,1,0,0,0,0,1,1,0,0,0,0,1,0,0,4964.84332294
20232,1129002834,2,2,0,0,0,0,0,0,2,0,0,0,0,0,2,0,0,0,0,0,0,2475.34126798
20232,1129002837,5,3,2,0,1,0,1,3,0,0,0,0,0,3,0,0,1,0,1,0,0,5796.65856921
20232,1129002840,5,4,1,0,0,1,2,1,1,0,0,1,1,1,1,0,0,0,1,0,0,1827.81869652
20232,1129002842,7,2,5,0,1,3,1,2,0,0,0,1,0,1,0,0,1,2,1,1,0,6284.94124142
20232,1129002851,15,4,11,0,3,0,1,7,4,0,2,0,0,1,1,0,1,0,1,6,3,8720.90612591
20232,1129002852,12,5,7,0,0,2,3,4,3,0,0,2,0,1,2,0,0,0,3,3,1,1698.31759891
20232,1129002853,7,6,1,0,0,1,1,2,3,0,0,1,1,1,3,0,0,0,0,1,0,5516.51261701
20232,1129002854,4,4,0,0,0,1,2,1,0,0,0,1,2,1,0,0,0,0,0,0,0,2710.35363206
20232,1129002858,7,6,1,1,0,2,1,2,1,1,0,2,1,1,1,0,0,0,0,1,0,3073.05659004
20232,1129002859,2,2,0,0,0,0,0,2,0,0,0,0,0,2,0,0,0,0,0,0,0,912.377375488
20232,1129002864,19,0,19,0,6,4,6,3,0,0,0,0,0,0,0,0,6,4,6,3,0,5241.47265617
20232,1129002868,87,36,51,0,32,49,4,0,2,0,4,30,1,0,1,0,28,19,3,0,1,4778.24848515
20232,1129002869,26,19,7,0,1,4,9,12,0,0,1,1,7,10,0,0,0,3,2,2,0,4862.19712695
20232,1129002886,61,26,35,0,6,26,16,10,3,0,3,13,5,2,3,0,3,13,11,8,0,12937.086627
20232,1129002910,3,2,1,0,0,0,2,0,1,0,0,0,1,0,1,0,0,0,1,0,0,2748.40653281
20232,1129002919,4,1,3,0,1,0,1,0,2,0,0,0,0,0,1,0,1,0,1,0,1,5346.90475408
20232,1129002927,2,1,1,0,0,0,0,0,2,0,0,0,0,0,1,0,0,0,0,0,1,2031.61796756
20232,1129002930,11,7,4,0,1,4,4,1,1,0,0,2,3,1,1,0,1,2,1,0,0,2917.91822692
20232,1129002931,99,57,42,0,20,18,34,13,14,0,12,12,16,6,11,0,8,6,18,7,3,5917.60132611
20232,1129002935,5,3,2,0,0,2,0,2,1,0,0,2,0,0,1,0,0,0,0,2,0,2788.91613672
20232,1129002936,8,6,2,0,0,1,0,4,3,0,0,1,0,2,3,0,0,0,0,2,0,4209.43661227
20232,1129002937,9,5,4,0,1,2,2,3,1,0,1,1,2,1,0,0,0,1,0,2,1,3205.47302214
20232,1129002941,27,3,24,0,0,7,7,10,3,0,0,1,0,0,2,0,0,6,7,10,1,9462.01415392
20232,1129002944,8,5,3,0,0,1,2,2,3,0,0,0,1,1,3,0,0,1,1,1,0,2238.99396323
20232,1129002948,67,51,16,0,2,4,23,19,19,0,2,3,19,10,17,0,0,1,4,9,2,2873.86745986
20232,1129002949,10,7,3,0,0,0,3,1,6,0,0,0,1,1,5,0,0,0,2,0,1,3938.87154449
20232,1129002951,40,20,20,0,13,7,8,8,4,0,6,2,3,6,3,0,7,5,5,2,1,5828.0541768
20232,1129002972,2,1,1,0,0,0,0,0,2,0,0,0,0,0,1,0,0,0,0,0,1,2621.12324854
20232,1129002974,155,88,67,0,18,40,27,50,20,0,7,17,14,33,17,0,11,23,13,17,3,3755.62725514
20232,1129002975,33,20,13,0,5,11,12,2,3,0,1,6,10,2,1,0,4,5,2,0,2,5364.05410242
20232,1129002983,1,0,1,0,0,1,0,0,0,0,0,0,0,0,0,0,0,1,0,0,0,3203.53912984
20232,1129002986,7,7,0,0,1,0,3,2,1,0,1,0,3,2,1,0,0,0,0,0,0,1964.76823561
20232,1129002992,2,1,1,0,1,0,1,0,0,0,0,0,1,0,0,0,1,0,0,0,0,3620.09909732
20232,1129003001,2,1,1,0,0,0,2,0,0,0,0,0,1,0,0,0,0,0,1,0,0,1209.95623379
20232,1129003002,28,18,10,0,0,3,8,11,6,0,0,1,2,10,5,0,0,2,6,1,1,3486.72686105
20232,1129003004,4,2,2,0,1,0,1,1,1,0,0,0,1,0,1,0,1,0,0,1,0,3460.20011502
20232,1129003006,1,1,0,0,0,0,0,0,1,0,0,0,0,0,1,0,0,0,0,0,0,1059.83553501
20232,1129003009,6,6,0,0,1,0,3,1,1,0,1,0,3,1,1,0,0,0,0,0,0,1450.63182255
20232,1129003011,16,4,12,0,2,2,7,3,2,0,0,0,3,0,1,0,2,2,4,3,1,3668.58276496
20232,1129003012,2,0,2,0,0,0,0,1,1,0,0,0,0,0,0,0,0,0,0,1,1,3522.87732936
20232,1129003015,3,2,1,0,1,0,1,1,0,0,1,0,1,0,0,0,0,0,0,1,0,9087.93614223
20232,1129003017,28,8,20,0,2,8,8,7,3,0,0,0,1,4,3,0,2,8,7,3,0,1183.50498078
20232,1129003018,136,133,3,0,1,1,12,38,84,0,1,0,10,38,84,0,0,1,2,0,0,2062.31053703
20232,1129003019,10,7,3,0,1,1,6,1,1,0,1,0,4,1,1,0,0,1,2,0,0,4045.47881746
20232,1129003020,2,1,1,0,0,0,2,0,0,0,0,0,1,0,0,0,0,0,1,0,0,1942.32683499
20232,1129003027,20,7,13,0,5,3,3,5,4,0,0,0,1,3,3,0,5,3,2,2,1,8796.2157041
20232,1129003034,8,5,3,0,0,6,2,0,0,0,0,4,1,0,0,0,0,2,1,0,0,2252.69009991
20232,1129003035,10,5,5,0,0,2,5,2,1,0,0,0,2,2,1,0,0,2,3,0,0,3717.01820287
20232,1129003037,24,10,14,0,2,5,9,7,1,0,0,1,3,5,1,0,2,4,6,2,0,3592.73380512
20232,1129003040,7,2,5,0,0,3,2,2,0,0,0,0,0,2,0,0,0,3,2,0,0,1806.45537376
20232,1129003041,32,14,18,0,0,3,8,13,8,0,0,1,4,6,3,0,0,2,4,7,5,1171.40095398
20232,1129003042,38,15,23,2,8,11,8,6,3,0,1,4,2,5,3,2,7,7,6,1,0,3380.26247304
20232,1129003044,33,7,26,1,8,9,4,8,3,0,0,2,0,3,2,1,8,7,4,5,1,4444.42123654
20232,1129003048,3,1,2,0,0,0,1,2,0,0,0,0,0,1,0,0,0,0,1,1,0,2832.81298506
20232,1129003053,13,8,5,0,2,3,3,1,4,0,2,3,1,0,2,0,0,0,2,1,2,4899.77519327
20232,1129003056,55,19,36,0,16,7,16,9,7,0,1,2,6,4,6,0,15,5,10,5,1,9543.35996833
20232,1129003057,266,130,136,2,34,33,57,86,54,1,11,14,27,40,37,1,23,19,30,46,17,3459.89958581
20232,1129003065,1,1,0,0,0,0,0,1,0,0,0,0,0,1,0,0,0,0,0,0,0,3031.1257573
20232,1129003067,116,53,63,1,31,45,23,11,5,0,9,19,15,6,4,1,22,26,8,5,1,1960.73629351
20232,1129003070,6,0,6,0,0,1,4,0,1,0,0,0,0,0,0,0,0,1,4,0,1,5567.76679718
20232,1129003072,65,31,34,0,9,5,17,23,11,0,4,0,9,11,7,0,5,5,8,12,4,4084.44073694
20232,1129003076,3,1,2,0,0,1,0,1,1,0,0,0,0,0,1,0,0,1,0,1,0,3919.40052077
20232,1129003086,14,12,2,0,0,2,3,3,6,0,0,0,3,3,6,0,0,2,0,0,0,3887.31598407
20232,1129003093,25,1,24,0,4,12,6,3,0,0,0,0,1,0,0,0,4,12,5,3,0,3041.20758308
20232,1129003094,3,2,1,0,0,0,3,0,0,0,0,0,2,0,0,0,0,0,1,0,0,8172.03536645
20232,1129003095,7,4,3,0,1,0,3,2,1,0,1,0,1,1,1,0,0,0,2,1,0,3287.98730611
20232,1129003097,23,13,10,0,0,3,5,9,6,0,0,3,3,3,4,0,0,0,2,6,2,3464.49313751
20232,1129003099,3,1,2,0,0,1,2,0,0,0,0,0,1,0,0,0,0,1,1,0,0,2437.33057751
20232,1129003101,6,2,4,0,0,2,2,2,0,0,0,0,1,1,0,0,0,2,1,1,0,2336.92079312
20232,1129003107,6,4,2,0,0,2,2,0,2,0,0,0,2,0,2,0,0,2,0,0,0,7505.19828178
20232,1129003109,12,6,6,0,0,3,3,2,4,0,0,2,0,2,2,0,0,1,3,0,2,18992.0131998
20232,1129003111,2,1,1,0,0,2,0,0,0,0,0,1,0,0,0,0,0,1,0,0,0,4060.99282654
20232,1129003113,18,12,6,0,0,4,10,2,2,0,0,3,7,0,2,0,0,1,3,2,0,2851.67362311
20232,1129003114,3,2,1,0,0,0,1,2,0,0,0,0,1,1,0,0,0,0,0,1,0,4542.76132568
20232,1129003115,41,17,24,0,13,14,12,2,0,0,2,5,8,2,0,0,11,9,4,0,0,2321.60310198
20232,1129003118,2,1,1,0,0,0,0,1,1,0,0,0,0,0,1,0,0,0,0,1,0,8901.25138938
20232,1129003120,8,4,4,0,0,4,4,0,0,0,0,1,3,0,0,0,0,3,1,0,0,2976.72600347
20232,1129003121,27,11,16,0,2,7,8,7,3,0,1,3,3,1,3,0,1,4,5,6,0,7438.25700464
20232,1129003124,21,17,4,0,3,7,4,4,3,0,3,7,2,3,2,0,0,0,2,1,1,3758.3609374
20232,1129003126,20,4,16,0,4,9,1,4,2,0,0,3,0,0,1,0,4,6,1,4,1,10382.2676633
20232,1129003127,12,7,5,0,4,6,1,1,0,0,0,5,1,1,0,0,4,1,0,0,0,8359.50708252
20232,1129003138,7,3,4,0,1,3,3,0,0,0,0,2,1,0,0,0,1,1,2,0,0,3398.92620896
20232,1129003145,22,9,13,0,0,6,7,8,1,0,0,1,1,6,1,0,0,5,6,2,0,18146.0066388
20232,1129003166,14,5,9,0,3,5,3,2,1,0,0,2,1,2,0,0,3,3,2,0,1,1747.5660384
20232,1129003168,3,2,1,0,0,1,0,0,2,0,0,1,0,0,1,0,0,0,0,0,1,3334.32217404
20232,1129003174,171,86,85,0,29,43,52,38,9,0,15,28,26,12,5,0,14,15,26,26,4,4851.09342493
20232,1129003176,6,2,4,0,0,0,1,3,2,0,0,0,0,2,0,0,0,0,1,1,2,181549.710325
20232,1129003179,11,1,10,0,1,1,7,2,0,0,1,0,0,0,0,0,0,1,7,2,0,3261.56125899
20232,1129003182,4,2,2,0,0,1,0,1,2,0,0,0,0,1,1,0,0,1,0,0,1,1980.18975681
20232,1129003189,55,13,42,0,5,15,16,12,7,0,0,2,2,3,6,0,5,13,14,9,1,12230.9123414
20232,1129003190,16,7,9,0,0,2,6,3,5,0,0,1,2,2,2,0,0,1,4,1,3,3942.95807901
20232,1129003193,22,10,12,0,0,3,3,12,4,0,0,0,1,6,3,0,0,3,2,6,1,1670.69693616
20232,1129003196,121,20,101,0,13,36,43,22,7,0,0,6,4,6,4,0,13,30,39,16,3,24379.2435096
20232,1129003197,10,3,7,0,1,2,5,1,1,0,0,2,1,0,0,0,1,0,4,1,1,2403.76775529
20232,1129003198,1,0,1,0,0,0,0,1,0,0,0,0,0,0,0,0,0,0,0,1,0,769.525965648
20232,1129003200,6,6,0,0,0,2,3,1,0,0,0,2,3,1,0,0,0,0,0,0,0,4424.47588641
20232,1129003202,2,1,1,0,0,0,2,0,0,0,0,0,1,0,0,0,0,0,1,0,0,7898.64081648
20232,1129003205,4,4,0,0,0,2,2,0,0,0,0,2,2,0,0,0,0,0,0,0,0,1771.36682709
20232,1129003206,3,2,1,0,0,1,0,2,0,0,0,1,0,1,0,0,0,0,0,1,0,5373.71201391
20232,1129003208,1,1,0,0,0,0,0,0,1,0,0,0,0,0,1,0,0,0,0,0,0,1465.64428187
20232,1129003209,6,5,1,0,0,0,3,3,0,0,0,0,2,3,0,0,0,0,1,0,0,1361.52460671
20232,1129003212,17,8,9,0,0,0,8,6,3,0,0,0,4,2,2,0,0,0,4,4,1,9885.7222336
20232,1129003222,31,19,12,0,5,7,11,4,4,0,3,6,7,2,1,0,2,1,4,2,3,3405.47119231
20232,1129003226,86,43,43,0,14,15,21,22,14,0,5,9,10,12,7,0,9,6,11,10,7,4535.9669593
20232,1129003227,533,183,350,0,153,150,124,77,29,0,34,55,33,33,28,0,119,95,91,44,1,8808.63119494
20232,1129003232,5,2,3,0,1,1,0,1,2,0,1,0,0,0,1,0,0,1,0,1,1,856.310424617
20232,1129003239,33,16,17,0,5,7,10,6,5,0,0,5,4,3,4,0,5,2,6,3,1,23681.685196
20232,1129003245,4,3,1,0,1,0,2,1,0,0,1,0,1,1,0,0,0,0,1,0,0,2856.74893881
20232,1129003249,12,9,3,0,1,3,3,2,3,0,1,1,2,2,3,0,0,2,1,0,0,1993.59907756
20232,1129003251,59,31,28,0,2,10,17,22,8,0,1,5,11,10,4,0,1,5,6,12,4,16240.7449186
20232,1129003252,12,5,7,0,1,3,5,2,1,0,0,1,3,1,0,0,1,2,2,1,1,5033.99382824
20232,1129003253,12,7,5,0,0,0,1,3,8,0,0,0,0,1,6,0,0,0,1,2,2,2129.75096584
20232,1129003256,19,9,10,0,6,6,4,2,1,0,0,5,2,2,0,0,6,1,2,0,1,3204.65340618
20232,1129003259,2,1,1,0,0,0,0,1,1,0,0,0,0,1,0,0,0,0,0,0,1,2732.20612794
20232,1129003260,29,18,11,0,5,1,7,15,1,0,2,1,7,7,1,0,3,0,0,8,0,1707.01936264
20232,1129003263,24,7,17,0,2,9,6,4,3,0,0,3,1,0,3,0,2,6,5,4,0,9576.02661646
20232,1129003264,4,4,0,0,0,0,2,2,0,0,0,0,2,2,0,0,0,0,0,0,0,1866.95626467
20232,1129003266,10,5,5,0,1,1,3,4,1,0,0,1,1,2,1,0,1,0,2,2,0,15326.443464
20232,1129003268,2,1,1,0,0,0,1,0,1,0,0,0,0,0,1,0,0,0,1,0,0,1968.88106601
20232,1129003269,18,3,15,0,2,1,5,9,1,0,1,1,0,1,0,0,1,0,5,8,1,7699.40582463
20232,1129003272,10,6,4,0,2,3,2,1,2,0,1,2,2,0,1,0,1,1,0,1,1,2717.33802711
20232,1129003274,8,3,5,0,0,2,4,2,0,0,0,1,0,2,0,0,0,1,4,0,0,8069.38302156
20232,1129003276,2,1,1,0,0,0,0,0,2,0,0,0,0,0,1,0,0,0,0,0,1,2821.19217976
20232,1129003277,101,98,3,0,1,0,14,42,44,0,1,0,13,41,43,0,0,0,1,1,1,1796.42265556
20232,1129003286,14,10,4,0,0,1,3,6,4,0,0,1,1,4,4,0,0,0,2,2,0,2803.45377912
20232,1129003291,62,14,48,0,16,15,11,16,4,0,6,0,3,1,4,0,10,15,8,15,0,9791.84305715
20232,1129003295,10,7,3,0,0,3,5,1,1,0,0,1,4,1,1,0,0,2,1,0,0,150658.194233
20232,1129003297,23,8,15,0,2,5,6,7,3,0,2,2,2,1,1,0,0,3,4,6,2,9142.43887075
20232,1129003298,25,13,12,0,3,9,3,7,3,0,2,3,1,4,3,0,1,6,2,3,0,153132.017996
20232,1129003301,20,14,6,0,3,1,6,6,4,0,2,0,5,4,3,0,1,1,1,2,1,1986.76351246
20232,1129003304,3,3,0,0,0,2,1,0,0,0,0,2,1,0,0,0,0,0,0,0,0,1672.5735129
20232,1129003306,666,585,81,0,148,331,158,26,3,0,103,307,146,26,3,0,45,24,12,0,0,1713.6508946
20232,1129003307,370,339,31,0,8,32,123,158,49,0,3,30,113,151,42,0,5,2,10,7,7,19495.1816125
20232,1129003308,120,56,64,0,0,6,11,6,97,0,0,3,6,2,45,0,0,3,5,4,52,10581.0911798
20232,1129003310,102,47,55,0,5,39,36,19,3,0,1,12,17,14,3,0,4,27,19,5,0,2770.65655474
20232,1129003312,141,122,19,13,33,39,25,25,6,12,27,34,22,21,6,1,6,5,3,4,0,7673.80725909
20232,1129003313,3,3,0,0,0,0,0,0,3,0,0,0,0,0,3,0,0,0,0,0,0,3708.91559748
20232,1129003315,28,17,11,0,2,6,6,10,4,0,2,3,3,6,3,0,0,3,3,4,1,2017.5094654
20232,1129003316,3,3,0,0,0,1,0,2,0,0,0,1,0,2,0,0,0,0,0,0,0,7841.78248881
20232,1129003318,3,3,0,0,0,1,2,0,0,0,0,1,2,0,0,0,0,0,0,0,0,3548.22422424
20232,1129003322,12,10,2,0,0,1,4,5,2,0,0,1,3,4,2,0,0,0,1,1,0,10755.1635351
20232,1129003324,16,11,5,0,1,2,5,4,4,0,1,2,2,3,3,0,0,0,3,1,1,1769.06303048
20232,1129003327,7,4,3,0,0,0,1,0,6,0,0,0,0,0,4,0,0,0,1,0,2,5166.20165654
20232,1129003328,3,2,1,0,0,1,2,0,0,0,0,0,2,0,0,0,0,1,0,0,0,3729.29810905
20232,1129003329,4,2,2,0,0,0,2,1,1,0,0,0,1,0,1,0,0,0,1,1,0,1848.52853895
20232,1129003331,22,19,3,0,3,4,4,6,5,0,2,3,4,5,5,0,1,1,0,1,0,7748.36793471
20232,1129003332,55,37,18,2,20,10,13,6,4,2,14,8,6,4,3,0,6,2,7,2,1,215719.067956
20232,1129003335,28,12,16,0,1,3,9,12,3,0,0,1,6,4,1,0,1,2,3,8,2,2418.6848547
20232,1129003342,3,1,2,0,0,0,3,0,0,0,0,0,1,0,0,0,0,0,2,0,0,2311.70677967
20232,1129003344,45,37,8,0,4,18,17,3,3,0,4,15,12,3,3,0,0,3,5,0,0,5244.6227638
20232,1129003345,2,1,1,0,0,1,0,1,0,0,0,0,0,1,0,0,0,1,0,0,0,28853.8807185
20232,1129003346,11,6,5,0,0,0,6,4,1,0,0,0,3,2,1,0,0,0,3,2,0,2029.67296716
20232,1129003350,4,1,3,0,1,0,1,0,2,0,0,0,0,0,1,0,1,0,1,0,1,10586.870596
20232,1129003353,3,2,1,0,0,0,0,2,1,0,0,0,0,2,0,0,0,0,0,0,1,461.241539054
20232,1129003354,10,1,9,0,3,1,2,4,0,0,0,0,0,1,0,0,3,1,2,3,0,2251.90633398
20232,1129003359,2,1,1,0,0,0,0,0,2,0,0,0,0,0,1,0,0,0,0,0,1,1821.31091352
20232,1129003364,9,5,4,0,1,2,2,2,2,0,0,2,1,1,1,0,1,0,1,1,1,11256.0176298
20232,1129003367,20,14,6,0,3,2,6,9,0,0,2,2,6,4,0,0,1,0,0,5,0,8646.12487479
20232,1129003374,23,4,19,0,6,5,7,3,2,0,2,1,0,0,1,0,4,4,7,3,1,2200.62430712
20232,1129003382,16,14,2,0,6,4,3,3,0,0,5,4,3,2,0,0,1,0,0,1,0,3529.9245972
20232,1129003383,6,4,2,0,1,1,1,1,2,0,0,1,0,1,2,0,1,0,1,0,0,3301.58478418
20232,1129003386,1,0,1,0,0,0,1,0,0,0,0,0,0,0,0,0,0,0,1,0,0,9178.45469356
20232,1129003387,46,1,45,0,3,5,2,12,24,0,0,0,0,0,1,0,3,5,2,12,23,14015.5105883
20232,1129003389,39,6,33,0,9,7,12,7,4,0,1,2,1,1,1,0,8,5,11,6,3,4351.27532063
20232,1129003396,6,3,3,0,1,2,0,3,0,0,0,1,0,2,0,0,1,1,0,1,0,3011.66059464
20232,1129003398,10,10,0,0,0,3,1,3,3,0,0,3,1,3,3,0,0,0,0,0,0,5080.71253135
20232,1129003399,16,9,7,0,2,3,7,3,1,0,1,2,2,3,1,0,1,1,5,0,0,3711.03540675
20232,1129003402,19,10,9,0,2,3,7,2,5,0,0,2,2,2,4,0,2,1,5,0,1,12604.4376944
20232,1129003403,42,9,33,0,7,18,10,7,0,0,0,7,1,1,0,0,7,11,9,6,0,18062.061525
20232,1129003404,7,1,6,0,2,4,1,0,0,0,0,0,1,0,0,0,2,4,0,0,0,5851.29808174
20232,1129003405,3,2,1,0,0,0,0,2,1,0,0,0,0,1,1,0,0,0,0,1,0,4626.82329492
20232,1129003407,4,2,2,0,1,2,1,0,0,0,0,1,1,0,0,0,1,1,0,0,0,5369.19492692
20232,1129003413,215,79,136,0,76,90,36,9,4,0,22,30,18,6,3,0,54,60,18,3,1,176517.546399
20232,1129003416,13,5,8,0,0,0,2,4,7,0,0,0,1,0,4,0,0,0,1,4,3,43289.3628752
20232,1129003420,2,1,1,0,0,0,1,0,1,0,0,0,0,0,1,0,0,0,1,0,0,5783.34671246
20232,1129003425,7,3,4,0,1,0,1,5,0,0,1,0,0,2,0,0,0,0,1,3,0,13173.9466361
20232,1129003430,9,5,4,0,1,1,0,4,3,0,0,0,0,2,3,0,1,1,0,2,0,11398.3199726
20232,1129003438,6,3,3,0,2,0,0,2,2,0,2,0,0,0,1,0,0,0,0,2,1,5201.4781763
20232,1129003439,7,3,4,0,1,0,0,3,3,0,1,0,0,1,1,0,0,0,0,2,2,3907.40446867
20232,1129003449,95,65,30,0,5,11,27,19,33,0,1,6,14,16,28,0,4,5,13,3,5,187810.655269
20232,1129003454,4,1,3,0,0,1,2,0,1,0,0,0,0,0,1,0,0,1,2,0,0,1635.74900217
20232,1129003458,5,2,3,0,0,0,0,2,3,0,0,0,0,1,1,0,0,0,0,1,2,3125.20783225
20232,1129003459,5,2,3,0,2,2,0,1,0,0,0,1,0,1,0,0,2,1,0,0,0,5154.16300387
20232,1129003461,9,2,7,0,0,4,2,3,0,0,0,0,1,1,0,0,0,4,1,2,0,895.469127812
20232,1129003462,6,5,1,0,2,1,3,0,0,0,2,1,2,0,0,0,0,0,1,0,0,2256.17247661
20232,1129003463,2,1,1,0,0,0,0,0,2,0,0,0,0,0,1,0,0,0,0,0,1,2883.31968909
20232,1129003464,2,1,1,0,0,0,0,2,0,0,0,0,0,1,0,0,0,0,0,1,0,6440.32625528
20232,1129003465,20,4,16,0,8,2,5,4,1,0,1,0,1,2,0,0,7,2,4,2,1,10892.0161003
20232,1129003466,5,3,2,0,0,1,1,2,1,0,0,1,0,1,1,0,0,0,1,1,0,1605.80721062
20232,1129003471,185,147,38,0,1,2,19,73,90,0,0,2,16,64,65,0,1,0,3,9,25,11444.966217
20232,1129003472,9,3,6,0,0,1,6,1,1,0,0,0,2,0,1,0,0,1,4,1,0,4741.68292349
20232,1129003473,6,4,2,0,1,0,1,3,1,0,1,0,1,2,0,0,0,0,0,1,1,7415.77253621
20232,1129003475,28,14,14,0,0,2,10,7,9,0,0,0,4,3,7,0,0,2,6,4,2,15399.1824614
20232,1129003478,9,8,1,0,0,0,2,3,4,0,0,0,1,3,4,0,0,0,1,0,0,2173.44061398
20232,1129003481,4,3,1,0,0,1,2,0,1,0,0,1,1,0,1,0,0,0,1,0,0,2720.8337914
20232,1129003488,12,10,2,0,0,2,5,3,2,0,0,2,3,3,2,0,0,0,2,0,0,2759.1334116
20232,1129003490,64,55,9,0,7,3,9,19,26,0,7,0,7,17,24,0,0,3,2,2,2,5127.06380089
20232,1129003491,5,5,0,0,0,0,1,3,1,0,0,0,1,3,1,0,0,0,0,0,0,3840.8570141
20232,1129003492,14,3,11,0,1,1,7,1,4,0,0,0,0,0,3,0,1,1,7,1,1,4444.62520214
20232,1129003494,54,43,11,0,1,4,13,25,11,0,0,4,10,20,9,0,1,0,3,5,2,10865.6456726
20232,1129003495,1,0,1,0,0,0,0,0,1,0,0,0,0,0,0,0,0,0,0,0,1,7080.28371426
20232,1129003497,43,24,19,0,5,12,12,7,7,0,3,7,4,6,4,0,2,5,8,1,3,12197.3477535
20232,1129003501,50,18,32,0,11,11,7,15,6,0,0,1,3,9,5,0,11,10,4,6,1,9558.81610453
20232,1129003502,3,1,2,0,0,1,1,1,0,0,0,0,0,1,0,0,0,1,1,0,0,2814.81008911
20232,1129003503,9,7,2,0,1,0,3,4,1,0,1,0,2,3,1,0,0,0,1,1,0,4808.585719
20232,1129003504,13,11,2,0,0,1,3,3,6,0,0,1,3,2,5,0,0,0,0,1,1,2850.58247671
20232,1129003505,1,0,1,0,0,0,1,0,0,0,0,0,0,0,0,0,0,0,1,0,0,5077.2057616
20232,1129003507,2,0,2,0,0,0,1,1,0,0,0,0,0,0,0,0,0,0,1,1,0,2091.02593302
20232,1129003512,9,7,2,0,1,0,4,2,2,0,1,0,3,1,2,0,0,0,1,1,0,8231.56905744
20232,1129003516,6,3,3,0,3,1,2,0,0,0,1,1,1,0,0,0,2,0,1,0,0,15508.1357462
20232,1129003518,15,1,14,0,6,2,3,4,0,0,0,0,1,0,0,0,6,2,2,4,0,3969.57837388
20232,1129003529,13,10,3,0,0,4,8,0,1,0,0,3,6,0,1,0,0,1,2,0,0,9025.84763106
20232,1129003532,285,130,155,0,41,53,67,68,56,0,10,24,34,28,34,0,31,29,33,40,22,918.580815296
20232,1129003535,15,13,2,0,0,1,3,7,4,0,0,1,3,6,3,0,0,0,0,1,1,7701.9239029
20232,1129003538,161,38,123,0,14,11,21,59,56,0,8,9,5,11,5,0,6,2,16,48,51,2352.87876807
20232,1129003552,154,119,35,0,15,10,38,66,25,0,0,6,33,57,23,0,15,4,5,9,2,7836.58501461
20232,1129003553,3,3,0,0,3,0,0,0,0,0,3,0,0,0,0,0,0,0,0,0,0,66923.920245
20232,1129003554,11,5,6,0,0,1,1,8,1,0,0,0,0,4,1,0,0,1,1,4,0,3190.56101361
20232,1129003556,32,12,20,0,5,8,9,8,2,0,2,2,4,2,2,0,3,6,5,6,0,5942.08922072
20232,1129003557,2,0,2,0,1,1,0,0,0,0,0,0,0,0,0,0,1,1,0,0,0,11496.5088845
20232,1129003558,6,3,3,0,0,0,0,1,5,0,0,0,0,0,3,0,0,0,0,1,2,3635.4763951
20232,1129003560,4,1,3,2,1,1,0,0,0,0,0,1,0,0,0,2,1,0,0,0,0,4382.42548896
20232,1129003561,4,1,3,0,0,1,2,1,0,0,0,0,0,1,0,0,0,1,2,0,0,10339.5582671
20232,1129003562,9,8,1,0,0,0,1,3,5,0,0,0,1,2,5,0,0,0,0,1,0,2384.24060202
20232,1129003566,2,1,1,0,0,1,0,1,0,0,0,1,0,0,0,0,0,0,0,1,0,4002.07989979
20232,1129003569,3,1,2,0,0,0,2,0,1,0,0,0,1,0,0,0,0,0,1,0,1,3362.24094154
20232,1129003570,7,4,3,0,0,0,2,4,1,0,0,0,0,3,1,0,0,0,2,1,0,4095.43017248
20232,1129003571,68,33,35,0,5,17,16,21,9,0,2,11,7,5,8,0,3,6,9,16,1,2099.64748224
20232,1129003572,7,2,5,0,0,0,2,4,1,0,0,0,1,0,1,0,0,0,1,4,0,11735.0325811
20232,1129003573,210,85,125,0,35,68,46,32,29,0,9,24,17,15,20,0,26,44,29,17,9,1383.15053281
20232,1129003583,2,2,0,0,0,0,0,1,1,0,0,0,0,1,1,0,0,0,0,0,0,9062.71641534
20232,1129003584,24,16,8,0,0,3,12,8,1,0,0,1,9,5,1,0,0,2,3,3,0,7500.91627999
20232,1129003591,5,0,5,0,2,1,1,1,0,0,0,0,0,0,0,0,2,1,1,1,0,35057.7791291
20232,1129003592,4,0,4,0,0,1,3,0,0,0,0,0,0,0,0,0,0,1,3,0,0,2108.21308021
20232,1129003595,6,2,4,0,0,1,1,2,2,0,0,0,1,0,1,0,0,1,0,2,1,10796.8229576
20232,1129003597,3,1,2,0,0,0,1,1,1,0,0,0,0,0,1,0,0,0,1,1,0,66883.6004134
20232,1129003605,21,12,9,0,2,5,5,4,5,0,1,1,2,4,4,0,1,4,3,0,1,14460.250442
20232,1129003609,510,474,36,0,3,51,162,213,81,0,3,47,150,199,75,0,0,4,12,14,6,23371.0695476
20232,1129003612,80,19,61,0,13,21,23,18,5,0,3,2,5,4,5,0,10,19,18,14,0,14747.2569598
20232,1129003617,21,7,14,0,3,12,1,4,1,0,1,4,0,1,1,0,2,8,1,3,0,91824.7350045
20232,1129003622,129,77,52,0,10,36,30,36,17,0,5,23,23,19,7,0,5,13,7,17,10,364030.393388
20232,1129003626,2,1,1,0,0,1,0,1,0,0,0,1,0,0,0,0,0,0,0,1,0,1229.95861833
20232,1129003631,15,12,3,0,1,2,4,5,3,0,0,2,3,5,2,0,1,0,1,0,1,3410.75305058
20232,1129003632,10,0,10,0,1,2,4,1,2,0,0,0,0,0,0,0,1,2,4,1,2,2647.76767072
20232,1129003635,24,12,12,0,0,4,6,10,4,0,0,1,3,6,2,0,0,3,3,4,2,4196.59967382
20232,1129003637,2,1,1,0,0,0,0,1,1,0,0,0,0,0,1,0,0,0,0,1,0,8049.11175236
20232,1129003638,17,12,5,0,0,5,7,4,1,0,0,4,4,4,0,0,0,1,3,0,1,15226.2434879
20232,1129003639,5,3,2,0,0,1,0,0,4,0,0,1,0,0,2,0,0,0,0,0,2,2934.13519498
20232,1129003642,4,4,0,0,0,0,2,1,1,0,0,0,2,1,1,0,0,0,0,0,0,5897.5778106
20232,1129003643,11,1,10,0,1,2,5,2,1,0,0,0,0,0,1,0,1,2,5,2,0,6837.4161208
20232,1129003644,25,19,6,0,4,6,10,5,0,0,2,4,10,3,0,0,2,2,0,2,0,5193.41238891
20232,1129003645,2,1,1,0,0,0,1,1,0,0,0,0,1,0,0,0,0,0,0,1,0,4580.15754293
20232,1129003646,5,1,4,0,0,0,0,2,3,0,0,0,0,0,1,0,0,0,0,2,2,3918.47960485
20232,1129003647,4,3,1,0,0,1,1,0,2,0,0,1,1,0,1,0,0,0,0,0,1,1771.93214574
20232,1129003648,10,3,7,0,0,3,1,2,4,0,0,1,0,1,1,0,0,2,1,1,3,8662.37507444
20232,1129003649,73,17,56,0,10,25,19,17,2,0,2,7,2,4,2,0,8,18,17,13,0,15138.197714
20232,1129003650,2,2,0,0,0,0,1,1,0,0,0,0,1,1,0,0,0,0,0,0,0,3109.9158624
20232,1129003652,16,12,4,0,3,4,5,2,2,0,3,4,3,1,1,0,0,0,2,1,1,3606.45113363
20232,1129003653,11,5,6,0,1,7,0,2,1,0,0,4,0,0,1,0,1,3,0,2,0,4437.25472213
20232,1129003654,299,135,164,0,16,91,127,63,2,0,3,29,57,46,0,0,13,62,70,17,2,4859.55705745
20232,1129003656,21,12,9,0,8,7,4,1,1,0,5,4,2,1,0,0,3,3,2,0,1,11004.0351229
20232,1129003661,1,1,0,0,0,0,0,1,0,0,0,0,0,1,0,0,0,0,0,0,0,70721.8136508
20232,1129003662,226,216,10,0,0,6,55,122,43,0,0,5,50,120,41,0,0,1,5,2,2,6772.06650861
20232,1129003664,23,12,11,0,1,5,4,10,3,0,0,2,2,7,1,0,1,3,2,3,2,7449.32944136
20232,1129003666,5,4,1,0,1,1,1,2,0,0,1,0,1,2,0,0,0,1,0,0,0,1856.63367865
20232,1129003668,3,1,2,0,0,1,0,2,0,0,0,0,0,1,0,0,0,1,0,1,0,3861.22013661
20232,1129003669,5,4,1,0,0,0,0,2,3,0,0,0,0,2,2,0,0,0,0,0,1,11254.8578306
20232,1129003675,7,3,4,0,0,1,3,3,0,0,0,0,2,1,0,0,0,1,1,2,0,8134.38017431
20232,1129003676,6,2,4,0,0,1,2,1,2,0,0,0,0,0,2,0,0,1,2,1,0,2757.3207121
20232,1129003683,43,34,9,0,1,4,18,10,10,0,1,3,11,9,10,0,0,1,7,1,0,32502.5464158
20232,1129003686,12,6,6,0,2,2,1,2,5,0,1,1,0,1,3,0,1,1,1,1,2,3100.33448527
20232,1129003688,2,0,2,0,0,0,0,2,0,0,0,0,0,0,0,0,0,0,0,2,0,2580.03319568
20232,1129003689,12,9,3,0,0,2,4,2,4,0,0,1,3,1,4,0,0,1,1,1,0,4895.55031041
20232,1129003690,28,16,12,0,7,4,9,7,1,0,2,1,7,5,1,0,5,3,2,2,0,7512.16445146
20232,1129003691,16,3,13,0,0,0,2,6,8,0,0,0,0,1,2,0,0,0,2,5,6,2512.19308667
20232,1129003692,93,44,49,0,10,18,35,18,12,0,2,11,16,10,5,0,8,7,19,8,7,1654.19259011
20232,1129003707,104,30,74,0,27,21,31,13,12,0,6,5,12,2,5,0,21,16,19,11,7,3578.19044182
20232,1129003708,3,2,1,0,1,1,1,0,0,0,0,1,1,0,0,0,1,0,0,0,0,4508.21204408
20232,1129003709,7,6,1,1,0,4,1,1,0,1,0,4,1,0,0,0,0,0,0,1,0,2703.26186374
20232,1129003713,2,1,1,0,0,1,0,1,0,0,0,1,0,0,0,0,0,0,0,1,0,3855.67425809
20232,1129003714,4,2,2,0,0,1,2,0,1,0,0,1,1,0,0,0,0,0,1,0,1,3992.61757975
20232,1129003715,7,0,7,0,0,2,5,0,0,0,0,0,0,0,0,0,0,2,5,0,0,2863.81754593
20232,1129003718,7,5,2,0,0,4,0,3,0,0,0,2,0,3,0,0,0,2,0,0,0,2765.49020333
20232,1129003722,14,11,3,0,1,2,5,6,0,0,1,2,4,4,0,0,0,0,1,2,0,6548.44868383
20232,1129003730,22,18,4,0,0,0,7,10,5,0,0,0,7,8,3,0,0,0,0,2,2,4859.02020555
20232,1129003733,1,1,0,0,0,0,1,0,0,0,0,0,1,0,0,0,0,0,0,0,0,1375.8279614
20232,1129003736,2,1,1,0,0,0,2,0,0,0,0,0,1,0,0,0,0,0,1,0,0,1815.04522933
20232,1129003738,1,1,0,0,0,0,1,0,0,0,0,0,1,0,0,0,0,0,0,0,0,972.19093857
20232,1129003741,4,1,3,0,0,2,2,0,0,0,0,0,1,0,0,0,0,2,1,0,0,4936.46713229
20232,1129003742,4,1,3,0,1,0,2,1,0,0,0,0,0,1,0,0,1,0,2,0,0,3731.55817055
20232,1129003743,10,4,6,0,2,3,1,4,0,0,1,2,0,1,0,0,1,1,1,3,0,9426.09054684
20232,1129003747,13,10,3,0,2,1,5,4,1,0,2,1,3,3,1,0,0,0,2,1,0,98983.2011773
20232,1129003749,7,6,1,0,0,1,1,2,3,0,0,1,1,2,2,0,0,0,0,0,1,6088.11954373
20232,1129003752,3,2,1,0,0,0,0,1,2,0,0,0,0,1,1,0,0,0,0,0,1,8476.50519957
20232,1129003753,18227,9407,8820,55,1380,4733,6768,5234,57,12,578,1554,2999,4214,50,43,802,3179,3769,1020,7,2722.10885391
20232,1129003755,51,15,36,0,11,10,19,9,2,0,2,6,4,1,2,0,9,4,15,8,0,5675.39728984
20232,1129003757,2,1,1,0,0,0,2,0,0,0,0,0,1,0,0,0,0,0,1,0,0,3853.97568297
20232,1129003758,37,16,21,0,13,13,7,3,1,0,4,10,1,1,0,0,9,3,6,2,1,7810.12637188
20232,1129003761,17,11,6,0,1,4,6,4,2,0,1,3,2,3,2,0,0,1,4,1,0,4804.4487743
20232,1129003763,2,1,1,0,0,0,0,0,2,0,0,0,0,0,1,0,0,0,0,0,1,2296.15955491
20232,1129003765,11,3,8,0,1,0,5,3,2,0,0,0,2,0,1,0,1,0,3,3,1,4923.71898931
20232,1129003769,5,4,1,0,0,0,0,4,1,0,0,0,0,3,1,0,0,0,0,1,0,1080.53169284
20232,1129003770,2,1,1,0,0,0,0,1,1,0,0,0,0,0,1,0,0,0,0,1,0,1966.90108742
20232,1129003773,66,30,36,0,6,10,11,15,24,0,3,8,5,8,6,0,3,2,6,7,18,13314.3166489
20232,1129003776,17,8,9,0,2,1,3,7,4,0,1,1,2,4,0,0,1,0,1,3,4,1237.35871907
20232,1129003782,2,1,1,0,0,1,1,0,0,0,0,1,0,0,0,0,0,0,1,0,0,1548.99743626
20232,1129003783,7,4,3,0,0,1,2,2,2,0,0,1,1,1,1,0,0,0,1,1,1,3051.7287323
20232,1129003789,4,2,2,0,0,1,0,1,2,0,0,0,0,0,2,0,0,1,0,1,0,5673.86036683
20232,1129003796,7,3,4,0,0,1,4,0,2,0,0,0,1,0,2,0,0,1,3,0,0,12054.9248195
20232,1129003798,95,20,75,0,13,29,33,18,2,0,5,6,2,6,1,0,8,23,31,12,1,4385.2380074
20232,1129003800,28,6,22,0,5,8,6,8,1,0,1,0,2,2,1,0,4,8,4,6,0,5733.59436
20232,1129003804,10,2,8,0,3,3,1,1,2,0,0,1,0,0,1,0,3,2,1,1,1,2957.85152396
20232,1129003805,78,18,60,0,16,15,25,16,6,0,3,3,5,2,5,0,13,12,20,14,1,10312.166553
20232,1129003807,28,3,25,0,8,4,4,8,4,0,1,1,0,0,1,0,7,3,4,8,3,4031.21743756
20232,1129003808,26,17,9,0,13,4,6,2,1,0,11,1,3,1,1,0,2,3,3,1,0,4077.87335975
20232,1129003818,12,6,6,0,1,3,1,2,5,0,0,2,0,1,3,0,1,1,1,1,2,406.991142185
20232,1129003819,3,2,1,0,1,1,1,0,0,0,0,1,1,0,0,0,1,0,0,0,0,2623.44244625
20232,1129003822,8,6,2,0,0,2,1,2,3,0,0,1,1,1,3,0,0,1,0,1,0,9233.31269517
20232,1129003831,213,3,210,0,14,8,35,87,69,0,0,0,1,0,2,0,14,8,34,87,67,8360.25277104
20232,1129003832,3,3,0,0,1,1,1,0,0,0,1,1,1,0,0,0,0,0,0,0,0,8841.87290226
20232,1129003836,4,4,0,0,0,0,1,3,0,0,0,0,1,3,0,0,0,0,0,0,0,3192.73090815
20232,1129003837,8,2,6,0,1,1,1,5,0,0,0,0,0,2,0,0,1,1,1,3,0,3653.93374724
20232,1129003841,16,9,7,0,0,3,5,7,1,0,0,1,3,5,0,0,0,2,2,2,1,5801.40639592
20232,1129003848,247,155,92,1,26,53,56,75,36,0,16,30,34,50,25,1,10,23,22,25,11,4439.32277955
20232,1129003850,8,7,1,0,0,1,2,5,0,0,0,1,1,5,0,0,0,0,1,0,0,3680.25513449
20232,1129003852,66,39,27,1,6,10,13,18,18,0,1,2,9,14,13,1,5,8,4,4,5,4897.45106624
20232,1129003853,18,2,16,0,1,2,11,0,4,0,0,0,0,0,2,0,1,2,11,0,2,51772.1790006
20232,1129003874,12,8,4,0,8,0,1,3,0,0,6,0,1,1,0,0,2,0,0,2,0,2742.85222461
20232,1129003878,477,304,173,2,79,108,113,136,39,0,45,65,68,95,31,2,34,43,45,41,8,2181.72728471
20232,1129003880,45,17,28,0,12,8,2,12,11,0,1,3,2,3,8,0,11,5,0,9,3,4487.40751104
20232,1129003883,16,9,7,0,2,4,5,5,0,0,0,2,5,2,0,0,2,2,0,3,0,2187.00235115
20232,1129003895,45,22,23,0,15,12,15,2,1,0,6,6,10,0,0,0,9,6,5,2,1,8573.68921877
20232,1129003898,444,373,71,0,49,136,113,140,6,0,30,110,93,134,6,0,19,26,20,6,0,6673.68426042
20232,1129003904,11,5,6,0,1,4,4,1,1,0,0,2,2,0,1,0,1,2,2,1,0,1802.43582599
20232,1129003906,257,232,25,0,32,90,55,79,1,0,29,80,48,74,1,0,3,10,7,5,0,3646.97607484
20232,1129003910,4,2,2,0,0,1,1,1,1,0,0,1,1,0,0,0,0,0,0,1,1,3654.51063992
20232,1129003911,187,135,52,2,37,45,51,29,23,0,22,34,40,22,17,2,15,11,11,7,6,1356.87277141
20232,1129003914,66,13,53,1,8,11,22,15,9,0,0,2,3,4,4,1,8,9,19,11,5,6337.81086175
20232,1129003915,2,1,1,0,0,1,0,1,0,0,0,1,0,0,0,0,0,0,0,1,0,3504.52930645
20232,1129003916,7,1,6,0,0,0,2,3,2,0,0,0,0,0,1,0,0,0,2,3,1,2544.18164403
20232,1129003918,2,1,1,0,0,0,0,0,2,0,0,0,0,0,1,0,0,0,0,0,1,3065.12168171
20233,1123000001,120,55,65,0,7,10,27,32,44,0,1,2,14,11,27,0,6,8,13,21,17,4017.03275138
20233,1123000002,6,3,3,0,0,1,0,3,2,0,0,0,0,1,2,0,0,1,0,2,0,4030.88106728
20233,1123000003,5,4,1,0,0,2,2,0,1,0,0,2,1,0,1,0,0,0,1,0,0,2781.85755149
20233,1123000004,764,299,465,2,92,103,227,194,146,0,51,55,53,59,81,2,41,48,174,135,65,3286.03019847
20233,1123000005,113,57,56,0,27,36,24,14,12,0,7,14,16,10,10,0,20,22,8,4,2,6411.81232975
20233,1123000006,8,3,5,0,1,1,2,3,1,0,0,1,0,1,1,0,1,0,2,2,0,1289.78300619
20233,1123000007,8,7,1,0,1,2,1,1,3,0,0,2,1,1,3,0,1,0,0,0,0,4301.33006743
20233,1123000008,24,9,15,0,5,0,6,5,8,0,0,0,2,3,4,0,5,0,4,2,4,3931.99356818
20233,1123000010,3,2,1,0,0,0,2,1,0,0,0,0,1,1,0,0,0,0,1,0,0,946.498084201
20233,1123000012,75,41,34,0,9,14,22,21,9,0,5,10,12,7,7,0,4,4,10,14,2,6062.06191538
20233,1123000013,2,2,0,0,0,1,0,0,1,0,0,1,0,0,1,0,0,0,0,0,0,1035.68562879
20233,1123000014,2,1,1,0,0,0,2,0,0,0,0,0,1,0,0,0,0,0,1,0,0,2203.81881846
20233,1123000015,8,5,3,0,0,1,4,2,1,0,0,0,3,1,1,0,0,1,1,1,0,2393.8773718
20233,1123000017,28,18,10,0,9,12,6,1,0,0,7,9,1,1,0,0,2,3,5,0,0,2824.91954045
20233,1123000018,14,9,5,0,0,0,1,1,12,0,0,0,0,0,9,0,0,0,1,1,3,6616.95583478
20233,1123000020,3,3,0,0,0,2,0,1,0,0,0,2,0,1,0,0,0,0,0,0,0,2175.39408638
20233,1123000021,11,9,2,0,0,0,1,5,5,0,0,0,1,5,3,0,0,0,0,0,2,5430.30601674
20233,1123000022,3058,1155,1903,1,468,643,945,966,35,1,373,482,237,55,7,0,95,161,708,911,28,5528.57732009
20233,1123000023,2,2,0,0,0,0,1,1,0,0,0,0,1,1,0,0,0,0,0,0,0,840.798748147
20233,1123000024,2,1,1,0,0,1,0,1,0,0,0,0,0,1,0,0,0,1,0,0,0,2048.15282661
20233,1123000025,7,1,6,0,0,2,0,4,1,0,0,1,0,0,0,0,0,1,0,4,1,1447.24906033
20233,1123000026,10,8,2,0,0,3,5,1,1,0,0,2,5,1,0,0,0,1,0,0,1,3915.09617768
20233,1123000027,24,19,5,0,0,5,6,7,6,0,0,3,4,6,6,0,0,2,2,1,0,2555.75910236
20233,1123000029,52,37,15,0,1,5,15,11,20,0,0,2,9,7,19,0,1,3,6,4,1,7199.08930214
20233,1123000031,4,3,1,0,0,0,0,1,3,0,0,0,0,1,2,0,0,0,0,0,1,1903.20900952
20233,1123000033,2,2,0,0,0,1,0,0,1,0,0,1,0,0,1,0,0,0,0,0,0,1491.58486878
20233,1123000034,21,18,3,0,5,9,3,3,1,0,4,9,2,3,0,0,1,0,1,0,1,6220.61213951
20233,1123000035,25,17,8,1,0,4,8,5,7,0,0,4,7,2,4,1,0,0,1,3,3,6605.30271984
20233,1123000037,178,111,67,0,5,12,14,13,134,0,0,9,6,5,91,0,5,3,8,8,43,8207.61627371
20233,1123000038,27,20,7,0,11,2,5,5,4,0,8,2,2,4,4,0,3,0,3,1,0,803.762450547
20233,1123000040,387,293,94,1,93,150,74,47,22,0,61,103,65,43,21,1,32,47,9,4,1,8138.33113334
20233,1123000044,1,0,1,0,0,0,1,0,0,0,0,0,0,0,0,0,0,0,1,0,0,2137.75890075
20233,1123000045,83,13,70,0,9,29,27,17,1,0,0,5,5,3,0,0,9,24,22,14,1,15648.5004924
20233,1123000046,5,5,0,0,0,0,0,4,1,0,0,0,0,4,1,0,0,0,0,0,0,1130.86507
20233,1123000048,10,7,3,0,0,1,3,3,3,0,0,1,2,2,2,0,0,0,1,1,1,1083.1532696
20233,1123000054,31,15,16,0,2,8,10,10,1,0,0,6,4,5,0,0,2,2,6,5,1,15357.967654
20233,1123000055,20,13,7,0,0,3,3,5,9,0,0,2,1,4,6,0,0,1,2,1,3,7092.9507577
20233,1123000056,3,2,1,0,0,1,1,0,1,0,0,1,0,0,1,0,0,0,1,0,0,577.232722192
20233,1123000057,42,28,14,1,5,20,4,8,4,0,2,13,2,7,4,1,3,7,2,1,0,3234.22420105
20233,1123000059,2,1,1,0,0,0,0,0,2,0,0,0,0,0,1,0,0,0,0,0,1,4698.91175408
20233,1123000060,42,30,12,0,2,5,6,14,15,0,1,3,4,10,12,0,1,2,2,4,3,5016.86744303
20233,1123000062,46,28,18,0,1,6,14,11,14,0,0,2,8,8,10,0,1,4,6,3,4,4520.76958669
20233,1123000064,11,8,3,0,6,3,2,0,0,0,5,2,1,0,0,0,1,1,1,0,0,2714.33596439
20233,1123000068,12,7,5,0,0,1,6,2,3,0,0,1,3,2,1,0,0,0,3,0,2,2571.36398479
20233,1123000074,9,7,2,0,0,1,5,2,1,0,0,1,4,1,1,0,0,0,1,1,0,5678.60586915
20233,1123000076,8,3,5,0,1,2,2,3,0,0,0,0,1,2,0,0,1,2,1,1,0,1888.01799067
20233,1123000080,12,11,1,0,1,1,5,3,2,0,1,1,4,3,2,0,0,0,1,0,0,4204.1555437
20233,1123000081,2,0,2,0,1,0,1,0,0,0,0,0,0,0,0,0,1,0,1,0,0,1220.34719234
20233,1123000086,35,29,6,0,8,2,13,7,5,0,8,1,10,5,5,0,0,1,3,2,0,6094.20213656
20233,1123000087,31,17,14,0,1,5,13,10,2,0,0,2,7,7,1,0,1,3,6,3,1,6170.24214404
20233,1123000095,97,76,21,0,15,15,13,39,15,0,12,13,10,30,11,0,3,2,3,9,4,6888.55564025
20233,1123000101,3,1,2,0,0,0,0,0,3,0,0,0,0,0,1,0,0,0,0,0,2,3102.44110675
20233,1123000110,4,4,0,0,1,0,0,1,2,0,1,0,0,1,2,0,0,0,0,0,0,5124.86166655
20233,1123000115,15,0,15,0,4,5,1,5,0,0,0,0,0,0,0,0,4,5,1,5,0,1516.72095658
20233,1123000118,2,2,0,0,0,2,0,0,0,0,0,2,0,0,0,0,0,0,0,0,0,3624.99097869
20233,1123000121,7,4,3,0,1,2,2,1,1,0,0,0,2,1,1,0,1,2,0,0,0,3406.21207151
20233,1123000125,10,8,2,0,0,1,1,7,1,0,0,1,1,5,1,0,0,0,0,2,0,6931.85762841
20233,1123000126,35,14,21,0,3,12,10,8,2,0,1,3,6,3,1,0,2,9,4,5,1,3836.44843671
20233,1123000133,38,24,14,0,0,5,15,10,8,0,0,0,9,8,7,0,0,5,6,2,1,2259.47066943
20233,1123000134,3,2,1,0,0,0,0,3,0,0,0,0,0,2,0,0,0,0,0,1,0,3499.19733522
20233,1123000136,2,2,0,0,0,0,1,0,1,0,0,0,1,0,1,0,0,0,0,0,0,1596.34807451
20233,1123000137,34,24,10,0,8,1,9,11,5,0,4,0,6,10,4,0,4,1,3,1,1,2979.24347907
20233,1123000142,8,5,3,0,2,2,2,2,0,0,1,2,1,1,0,0,1,0,1,1,0,5931.98452651
20233,1123000145,41,28,13,0,7,18,13,2,1,0,1,18,7,2,0,0,6,0,6,0,1,2671.59923204
20233,1123000148,15,12,3,0,0,2,7,3,3,0,0,2,6,1,3,0,0,0,1,2,0,4354.43292439
20233,1123000151,2,1,1,0,0,0,1,1,0,0,0,0,0,1,0,0,0,0,1,0,0,3625.53155849
20233,1123000153,2,2,0,0,0,0,0,0,2,0,0,0,0,0,2,0,0,0,0,0,0,4067.70923234
20233,1123000159,64,49,15,3,27,12,5,5,12,3,21,8,2,4,11,0,6,4,3,1,1,4181.10209351
20233,1123000160,8,5,3,0,0,1,2,4,1,0,0,1,1,3,0,0,0,0,1,1,1,4134.06663485
20233,1123000161,9,4,5,0,1,0,4,4,0,0,0,0,3,1,0,0,1,0,1,3,0,4211.32107547
20233,1123000162,50,32,18,0,3,10,9,15,13,0,2,2,4,12,12,0,1,8,5,3,1,3010.23207377
20233,1123000165,3,2,1,0,0,0,0,2,1,0,0,0,0,1,1,0,0,0,0,1,0,3316.38080846
20233,1123000167,13,6,7,0,1,1,4,3,4,0,0,0,0,3,3,0,1,1,4,0,1,4511.13210114
20233,1123000168,40,5,35,0,6,13,9,12,0,0,1,2,0,2,0,0,5,11,9,10,0,9387.61218208
20233,1123000171,3,2,1,0,0,0,3,0,0,0,0,0,2,0,0,0,0,0,1,0,0,6299.9018049
20233,1123000172,53,44,9,0,10,8,20,12,3,0,8,6,15,12,3,0,2,2,5,0,0,4813.26234244
20233,1123000180,23,20,3,0,1,4,14,4,0,0,1,4,11,4,0,0,0,0,3,0,0,2999.47522755
20233,1123000183,105,84,21,0,12,26,40,14,13,0,8,21,31,13,11,0,4,5,9,1,2,7375.44148827
20233,1123000188,128,82,46,0,33,28,19,35,13,0,26,18,10,22,6,0,7,10,9,13,7,10463.6082986
20233,1123000190,1,0,1,0,0,0,1,0,0,0,0,0,0,0,0,0,0,0,1,0,0,2329.28483175
20233,1123000192,34,12,22,0,4,7,11,6,6,0,2,2,3,1,4,0,2,5,8,5,2,13732.0907677
20233,1123000194,19,13,6,0,1,5,6,2,5,0,1,3,4,2,3,0,0,2,2,0,2,2892.15962561
20233,1123000197,10,0,10,0,4,4,1,1,0,0,0,0,0,0,0,0,4,4,1,1,0,1557.20047538
20233,1123000198,2,1,1,0,0,0,1,1,0,0,0,0,1,0,0,0,0,0,0,1,0,1248.0171003
20233,1123000203,2,0,2,0,0,0,2,0,0,0,0,0,0,0,0,0,0,0,2,0,0,2573.41998702
20233,1123000204,2,2,0,0,0,0,0,0,2,0,0,0,0,0,2,0,0,0,0,0,0,4623.78894414
20233,1123000206,48,21,27,0,9,3,10,19,7,0,2,1,1,13,4,0,7,2,9,6,3,10040.5122401
20233,1123000211,220,165,55,0,5,31,40,54,90,0,4,12,26,44,79,0,1,19,14,10,11,9339.31922521
20233,1123000212,8,5,3,0,1,0,2,3,2,0,1,0,1,2,1,0,0,0,1,1,1,1225.44547636
20233,1123000213,20,15,5,0,2,5,2,5,6,0,2,4,2,4,3,0,0,1,0,1,3,1361.05161365
20233,1123000214,75,52,23,1,2,8,22,21,21,0,1,5,16,17,13,1,1,3,6,4,8,9506.07577589
20233,1123000215,8,7,1,0,0,1,3,2,2,0,0,1,2,2,2,0,0,0,1,0,0,1592.80154171
20233,1123000216,28,21,7,0,2,6,9,7,4,0,2,6,7,4,2,0,0,0,2,3,2,4814.16819106
20233,1123000217,7,5,2,0,1,1,3,0,2,0,1,0,2,0,2,0,0,1,1,0,0,956.60642855
20233,1123000218,9,9,0,0,0,2,4,0,3,0,0,2,4,0,3,0,0,0,0,0,0,1529.83558997
20233,1123000219,5,3,2,0,1,2,1,1,0,0,0,2,1,0,0,0,1,0,0,1,0,1074.32345325
20233,1123000220,16,16,0,0,0,7,3,3,3,0,0,7,3,3,3,0,0,0,0,0,0,1245.18242562
20233,1123000221,1098,985,113,18,431,435,151,44,19,18,379,393,143,35,17,0,52,42,8,9,2,12392.3332501
20233,1123000222,26,17,9,0,2,10,4,5,5,0,2,10,2,1,2,0,0,0,2,4,3,3245.18033155
20233,1123000223,6,5,1,0,0,0,4,2,0,0,0,0,3,2,0,0,0,0,1,0,0,2695.61471883
20233,1123000224,17,12,5,0,3,1,7,5,1,0,1,1,6,3,1,0,2,0,1,2,0,2963.33981399
20233,1123000225,216,166,50,1,18,45,60,47,45,1,13,36,48,31,37,0,5,9,12,16,8,19707.8622913
20233,1123000228,351,324,27,1,8,57,154,111,20,1,5,53,138,107,20,0,3,4,16,4,0,9404.49919757
20233,1123000229,2,1,1,0,0,0,0,1,1,0,0,0,0,0,1,0,0,0,0,1,0,1641.22956229
20233,1123000232,3,3,0,0,0,0,0,0,3,0,0,0,0,0,3,0,0,0,0,0,0,2148.40184801
20233,1123000233,20,19,1,0,1,2,7,8,2,0,1,2,7,8,1,0,0,0,0,0,1,3411.02784581
20233,1123000234,17,14,3,0,4,3,2,6,2,0,3,3,1,5,2,0,1,0,1,1,0,2866.74679435
20233,1123000236,115,87,28,0,3,23,35,35,19,0,2,17,28,24,16,0,1,6,7,11,3,3607.98985246
20233,1123000237,13,12,1,0,0,1,4,5,3,0,0,1,4,4,3,0,0,0,0,1,0,1646.85913787
20233,1123000241,2,2,0,0,0,0,0,0,2,0,0,0,0,0,2,0,0,0,0,0,0,445.409192279
20233,1123000242,63,37,26,0,11,15,22,10,5,0,5,7,13,8,4,0,6,8,9,2,1,1345.95386629
20233,1123000245,6,5,1,0,0,0,1,2,3,0,0,0,1,2,2,0,0,0,0,0,1,715.106846907
20233,1123000247,25,14,11,0,3,11,2,4,5,0,1,6,1,1,5,0,2,5,1,3,0,6884.19895901
20233,1123000254,42,27,15,0,4,11,7,14,6,0,2,6,6,9,4,0,2,5,1,5,2,8772.93835973
20233,1123000255,3,2,1,0,0,1,0,0,2,0,0,0,0,0,2,0,0,1,0,0,0,865.097427369
20233,1123000258,7,2,5,0,0,2,5,0,0,0,0,1,1,0,0,0,0,1,4,0,0,3039.18561101
20233,1123000264,2,2,0,0,0,0,2,0,0,0,0,0,2,0,0,0,0,0,0,0,0,4542.37238945
20233,1123000268,4,2,2,0,0,0,1,1,2,0,0,0,0,1,1,0,0,0,1,0,1,3047.33205643
20233,1123000270,4,3,1,0,0,1,2,1,0,0,0,1,1,1,0,0,0,0,1,0,0,2018.08693897
20233,1123000273,3,1,2,0,0,0,1,2,0,0,0,0,1,0,0,0,0,0,0,2,0,1054.94377933
20233,1123000282,22,18,4,0,3,3,5,7,4,0,3,3,4,6,2,0,0,0,1,1,2,3938.34616373
20233,1123000288,2,1,1,0,0,0,0,0,2,0,0,0,0,0,1,0,0,0,0,0,1,1980.02887542
20233,1123000289,3,1,2,0,0,0,0,2,1,0,0,0,0,1,0,0,0,0,0,1,1,668.536327817
20233,1123000291,2,1,1,0,0,1,1,0,0,0,0,1,0,0,0,0,0,0,1,0,0,793.763677092
20233,1123000292,10,4,6,0,0,4,1,5,0,0,0,1,1,2,0,0,0,3,0,3,0,2326.45340104
20233,1123000294,8,1,7,0,0,1,6,0,1,0,0,0,0,0,1,0,0,1,6,0,0,3352.07177196
20233,1123000297,10,0,10,0,1,2,1,5,1,0,0,0,0,0,0,0,1,2,1,5,1,3062.31488374
20233,1123000304,3,1,2,0,0,1,0,2,0,0,0,1,0,0,0,0,0,0,0,2,0,1243.07871428
20233,1123000311,219,138,81,0,5,16,35,64,99,0,3,10,25,41,59,0,2,6,10,23,40,12826.3621649
20233,1123000313,21,7,14,0,5,3,4,8,1,0,1,1,3,1,1,0,4,2,1,7,0,12629.6218867
20233,1123000315,2,2,0,0,0,0,2,0,0,0,0,0,2,0,0,0,0,0,0,0,0,1196.27749514
20233,1123000317,4,4,0,0,0,1,2,1,0,0,0,1,2,1,0,0,0,0,0,0,0,3370.5653296
20233,1123000318,12,8,4,0,1,2,5,2,2,0,1,2,2,1,2,0,0,0,3,1,0,3924.42055462
20233,1123000321,232,135,97,0,28,37,48,66,53,0,18,21,25,36,35,0,10,16,23,30,18,3145.08825278
20233,1123000322,39,18,21,0,9,10,12,6,2,0,2,6,6,4,0,0,7,4,6,2,2,5494.435008
20233,1123000323,225,130,95,4,32,36,51,58,44,3,6,18,32,39,32,1,26,18,19,19,12,2897.72268167
20233,1123000329,18,16,2,0,1,0,8,9,0,0,1,0,6,9,0,0,0,0,2,0,0,1998.48206724
20233,1123000332,3,1,2,0,0,0,3,0,0,0,0,0,1,0,0,0,0,0,2,0,0,3759.87692997
20233,1123000334,1,0,1,0,0,0,0,0,1,0,0,0,0,0,0,0,0,0,0,0,1,6665.12189398
20233,1123000337,36,24,12,0,7,3,8,6,12,0,3,2,5,6,8,0,4,1,3,0,4,7347.94807207
20233,1123000339,6,4,2,0,0,1,2,2,1,0,0,1,1,2,0,0,0,0,1,0,1,5393.1096788
20233,1123000342,26,15,11,0,5,7,3,6,5,0,1,4,2,3,5,0,4,3,1,3,0,3548.83810834
20233,1123000343,5,5,0,0,0,1,0,2,2,0,0,1,0,2,2,0,0,0,0,0,0,2410.66251465
20233,1123000346,34,28,6,2,3,5,6,4,14,2,1,3,4,4,14,0,2,2,2,0,0,2914.34643421
20233,1123000351,24,13,11,0,4,4,7,9,0,0,2,3,3,5,0,0,2,1,4,4,0,6009.65176534
20233,1123000353,2,2,0,0,0,0,0,0,2,0,0,0,0,0,2,0,0,0,0,0,0,4416.74960542
20233,1123000354,11,9,2,0,0,3,4,1,3,0,0,3,2,1,3,0,0,0,2,0,0,7580.06307624
20233,1123000355,11,7,4,0,0,2,2,4,3,0,0,1,1,2,3,0,0,1,1,2,0,2469.91902325
20233,1123000358,3,2,1,0,0,0,2,1,0,0,0,0,2,0,0,0,0,0,0,1,0,1726.38569282
20233,1123000359,19,5,14,0,3,0,7,6,3,0,0,0,0,2,3,0,3,0,7,4,0,7190.05473792
20233,1123000360,73,5,68,0,1,2,4,23,43,0,0,0,0,2,3,0,1,2,4,21,40,4869.81765984
20233,1123000361,3,3,0,0,0,0,0,3,0,0,0,0,0,3,0,0,0,0,0,0,0,4014.57137912
20233,1123000364,136,68,68,0,14,19,27,27,49,0,3,8,5,16,36,0,11,11,22,11,13,6876.32152484
20233,1123000365,8,6,2,0,0,3,2,2,1,0,0,2,2,1,1,0,0,1,0,1,0,5372.32479558
20233,1123000366,23,15,8,0,2,3,5,11,2,0,0,2,2,9,2,0,2,1,3,2,0,4162.11914876
20233,1123000368,6,2,4,0,0,0,1,4,1,0,0,0,0,1,1,0,0,0,1,3,0,2351.50251293
20233,1123000369,10,3,7,0,1,5,2,2,0,0,1,1,0,1,0,0,0,4,2,1,0,4316.36084581
20233,1123000371,2,2,0,0,0,0,2,0,0,0,0,0,2,0,0,0,0,0,0,0,0,1550.74502717
20233,1123000372,6,4,2,0,0,2,0,3,1,0,0,1,0,2,1,0,0,1,0,1,0,1115.26464071
20233,1123000373,9,6,3,0,2,2,1,2,2,0,1,1,1,1,2,0,1,1,0,1,0,4975.55561046
20233,1123000375,41,26,15,0,5,12,18,4,2,0,4,8,10,3,1,0,1,4,8,1,1,2225.89671569
20233,1123000380,3,2,1,0,0,1,2,0,0,0,0,1,1,0,0,0,0,0,1,0,0,4071.00695357
20233,1123000381,18,8,10,0,2,7,1,5,3,0,1,3,1,2,1,0,1,4,0,3,2,7013.37792937
20233,1123000390,72,45,27,2,3,12,23,24,8,1,2,9,14,11,8,1,1,3,9,13,0,3143.25258799
20233,1123000394,82,32,50,2,19,22,19,8,12,2,4,7,8,4,7,0,15,15,11,4,5,6970.93472206
20233,1123000395,29,27,2,0,1,1,5,4,18,0,1,0,4,4,18,0,0,1,1,0,0,1955.64644102
20233,1123000404,2,1,1,0,0,0,1,0,1,0,0,0,1,0,0,0,0,0,0,0,1,1100.26549614
20233,1123000405,9,8,1,0,2,2,3,2,0,0,2,2,2,2,0,0,0,0,1,0,0,3238.00246143
20233,1123000407,167,127,40,0,18,25,42,39,43,0,15,20,34,29,29,0,3,5,8,10,14,5142.13964751
20233,1123000416,26,11,15,0,2,5,11,6,2,0,0,2,6,2,1,0,2,3,5,4,1,2358.77187609
20233,1123000419,1,0,1,0,0,0,1,0,0,0,0,0,0,0,0,0,0,0,1,0,0,5899.06983397
20233,1123000423,26,12,14,1,5,7,6,4,3,0,2,1,5,2,2,1,3,6,1,2,1,80846.9160056
20233,1123000427,5,4,1,0,0,0,0,2,3,0,0,0,0,2,2,0,0,0,0,0,1,4144.48299325
20233,1123000428,4,3,1,0,1,0,1,0,2,0,1,0,0,0,2,0,0,0,1,0,0,2514.57657256
20233,1123000432,66,44,22,1,6,20,14,19,6,1,2,10,8,17,6,0,4,10,6,2,0,8280.65284575
20233,1123000433,16,14,2,0,0,1,3,5,7,0,0,1,3,4,6,0,0,0,0,1,1,2436.63949994
20233,1123000434,5,2,3,0,1,1,0,1,2,0,0,0,0,1,1,0,1,1,0,0,1,2050.92057543
20233,1123000436,425,337,88,8,73,143,142,45,14,2,46,123,125,30,11,6,27,20,17,15,3,16972.1355696
20233,1123000437,203,171,32,1,27,41,36,77,21,1,21,36,29,66,18,0,6,5,7,11,3,7210.75269373
20233,1123000438,29,16,13,0,1,1,4,17,6,0,0,1,3,9,3,0,1,0,1,8,3,4989.62584016
20233,1123000439,4,4,0,0,0,1,1,2,0,0,0,1,1,2,0,0,0,0,0,0,0,2152.19965666
20233,1123000440,6,5,1,0,0,0,1,4,1,0,0,0,1,3,1,0,0,0,0,1,0,1731.8187245
20233,1123000443,5,4,1,0,1,1,0,3,0,0,1,0,0,3,0,0,0,1,0,0,0,2988.77858266
20233,1123000447,16,10,6,0,2,1,6,7,0,0,2,1,2,5,0,0,0,0,4,2,0,2908.54500871
20233,1123000448,7,4,3,0,0,2,3,1,1,0,0,1,2,0,1,0,0,1,1,1,0,853.51796658
20233,1123000450,2,1,1,0,0,0,0,1,1,0,0,0,0,0,1,0,0,0,0,1,0,1195.79720661
20233,1123000454,4,1,3,0,0,0,1,2,1,0,0,0,0,1,0,0,0,0,1,1,1,2146.1138515
20233,1123000457,118,67,51,0,21,22,19,20,36,0,7,13,10,10,27,0,14,9,9,10,9,11178.8074975
20233,1123000458,2,1,1,0,0,0,0,2,0,0,0,0,0,1,0,0,0,0,0,1,0,3221.82682212
20233,1123000459,2,2,0,0,1,0,1,0,0,0,1,0,1,0,0,0,0,0,0,0,0,799.119568551
20233,1123000460,3,1,2,0,0,0,0,1,2,0,0,0,0,0,1,0,0,0,0,1,1,9542.1815697
20233,1123000461,35,24,11,0,6,6,6,10,7,0,1,4,4,10,5,0,5,2,2,0,2,5926.29449319
20233,1123000462,21,17,4,0,0,2,3,9,7,0,0,2,2,7,6,0,0,0,1,2,1,2433.26987734
20233,1123000464,12,5,7,0,0,2,4,5,1,0,0,1,2,2,0,0,0,1,2,3,1,4303.51701822
20233,1123000465,8,7,1,0,1,0,5,0,2,0,1,0,4,0,2,0,0,0,1,0,0,1400.30853031
20233,1123000467,16,13,3,0,0,3,2,3,8,0,0,1,1,3,8,0,0,2,1,0,0,1320.06597028
20233,1123000468,77,58,19,0,6,19,15,22,15,0,4,13,14,14,13,0,2,6,1,8,2,7189.43543783
20233,1123000469,18,15,3,0,1,1,8,5,3,0,1,1,6,4,3,0,0,0,2,1,0,4414.45263074
20233,1123000470,1111,664,447,11,132,99,135,222,512,11,108,71,81,118,275,0,24,28,54,104,237,3949.34350749
20233,1123000472,9,6,3,0,1,4,3,1,0,0,1,3,1,1,0,0,0,1,2,0,0,2634.71533759
20233,1123000473,84,73,11,0,2,9,12,32,29,0,1,5,11,29,27,0,1,4,1,3,2,3108.66796867
20233,1123000474,12,9,3,0,0,1,2,8,1,0,0,1,1,7,0,0,0,0,1,1,1,4981.89738597
20233,1123000475,47,25,22,0,5,7,14,13,8,0,3,5,4,8,5,0,2,2,10,5,3,3133.02543881
20233,1123000480,26,10,16,0,1,2,6,10,7,0,0,1,3,3,3,0,1,1,3,7,4,1601.86981027
20233,1123000486,10,5,5,0,3,1,1,3,2,0,1,1,0,1,2,0,2,0,1,2,0,3329.54903351
20233,1123000487,3,2,1,0,0,0,1,0,2,0,0,0,1,0,1,0,0,0,0,0,1,2778.91643329
20233,1123000488,9,8,1,0,0,0,1,3,5,0,0,0,1,2,5,0,0,0,0,1,0,4935.64771254
20233,1123000489,1,0,1,0,0,1,0,0,0,0,0,0,0,0,0,0,0,1,0,0,0,10553.4898352
20233,1123000490,20,12,8,0,2,3,4,6,5,0,2,2,3,2,3,0,0,1,1,4,2,2577.10429151
20233,1123000492,25,20,5,0,0,3,12,6,4,0,0,2,10,4,4,0,0,1,2,2,0,9511.98057188
20233,1123000498,72,59,13,0,8,11,14,19,20,0,5,9,11,17,17,0,3,2,3,2,3,6570.05535661
20233,1123000501,22,12,10,0,1,5,6,5,5,0,0,1,5,2,4,0,1,4,1,3,1,4448.66788869
20233,1123000503,4,3,1,0,0,0,1,3,0,0,0,0,1,2,0,0,0,0,0,1,0,3128.38591877
20233,1123000504,7,6,1,0,0,0,2,3,2,0,0,0,1,3,2,0,0,0,1,0,0,2190.7864261
20233,1123000505,9,7,2,0,1,1,1,4,2,0,1,1,0,3,2,0,0,0,1,1,0,13294.2598484
20233,1123000507,5,4,1,0,0,0,1,2,2,0,0,0,0,2,2,0,0,0,1,0,0,952.686306164
20233,1123000512,64,38,26,0,13,23,16,8,4,0,3,14,13,5,3,0,10,9,3,3,1,3553.68808835
20233,1123000516,14,10,4,0,2,5,5,2,0,0,1,5,2,2,0,0,1,0,3,0,0,1917.43399775
20233,1123000517,62,48,14,0,0,2,11,23,26,0,0,0,6,18,24,0,0,2,5,5,2,2068.40407842
20233,1123000519,15,11,4,0,1,4,3,5,2,0,1,4,0,4,2,0,0,0,3,1,0,1913.52529964
20233,1123000520,8,7,1,0,0,0,2,4,2,0,0,0,2,3,2,0,0,0,0,1,0,6492.02410893
20233,1123000521,11,7,4,0,0,1,3,0,7,0,0,0,2,0,5,0,0,1,1,0,2,2853.66387992
20233,1123000524,7,0,7,0,2,1,0,2,2,0,0,0,0,0,0,0,2,1,0,2,2,3560.15397671
20233,1123000525,38,28,10,0,3,9,5,8,13,0,1,6,2,8,11,0,2,3,3,0,2,3848.48964201
20233,1123000526,166,99,67,0,18,64,42,24,18,0,3,23,36,21,16,0,15,41,6,3,2,5716.78029794
20233,1123000527,14,8,6,0,3,2,2,4,3,0,3,1,0,1,3,0,0,1,2,3,0,2035.00329444
20233,1123000529,3,3,0,0,0,0,0,2,1,0,0,0,0,2,1,0,0,0,0,0,0,2224.52256163
20233,1123000530,8,7,1,0,0,2,1,4,1,0,0,2,1,3,1,0,0,0,0,1,0,2197.52072203
20233,1123000531,53,44,9,0,5,3,19,16,10,0,5,2,13,15,9,0,0,1,6,1,1,1922.42265679
20233,1123000532,21,14,7,0,1,0,4,12,4,0,1,0,3,7,3,0,0,0,1,5,1,2005.12669396
20233,1123000533,34,17,17,0,1,6,8,14,5,0,1,3,7,3,3,0,0,3,1,11,2,6303.82036938
20233,1123000534,9,4,5,0,0,4,3,2,0,0,0,0,3,1,0,0,0,4,0,1,0,969.415456872
20233,1123000535,9,5,4,0,3,0,4,2,0,0,2,0,2,1,0,0,1,0,2,1,0,3600.84699736
20233,1123000539,16,13,3,0,2,6,2,2,4,0,0,6,2,2,3,0,2,0,0,0,1,1962.13418735
20233,1123000541,3,0,3,0,0,1,1,1,0,0,0,0,0,0,0,0,0,1,1,1,0,3446.23332823
20233,1123000542,6,5,1,1,0,0,3,0,2,1,0,0,2,0,2,0,0,0,1,0,0,21216.7836092
20233,1123000543,9,6,3,0,1,0,4,1,3,0,0,0,2,1,3,0,1,0,2,0,0,11651.5127601
20233,1123000544,6,3,3,0,0,1,3,1,1,0,0,1,1,0,1,0,0,0,2,1,0,1591.94412169
20233,1123000547,11,4,7,0,3,2,1,5,0,0,0,2,1,1,0,0,3,0,0,4,0,2448.82469674
20233,1123000548,15,7,8,0,2,4,3,5,1,0,0,2,1,3,1,0,2,2,2,2,0,2482.52158477
20233,1123000549,4,2,2,0,0,1,0,1,2,0,0,0,0,1,1,0,0,1,0,0,1,1777.54923764
20233,1123000551,4655,1984,2671,6,295,1163,1725,1337,129,1,151,742,691,371,28,5,144,421,1034,966,101,10360.0348741
20233,1123000552,2,1,1,0,0,0,0,2,0,0,0,0,0,1,0,0,0,0,0,1,0,2822.15133736
20233,1123000554,4,3,1,0,0,0,3,1,0,0,0,0,3,0,0,0,0,0,0,1,0,797.064897408
20233,1123000555,89,55,34,0,9,11,27,29,13,0,2,5,18,19,11,0,7,6,9,10,2,3369.23975255
20233,1123000556,40,26,14,0,5,6,14,8,7,0,2,3,9,7,5,0,3,3,5,1,2,9303.72420376
20233,1123000557,9,4,5,0,0,0,1,6,2,0,0,0,0,4,0,0,0,0,1,2,2,2772.82436557
20233,1123000558,27,19,8,0,2,2,12,6,5,0,1,1,7,5,5,0,1,1,5,1,0,2539.3125673
20233,1123000560,11,8,3,0,0,4,3,1,3,0,0,2,3,0,3,0,0,2,0,1,0,2934.61586342
20233,1123000561,6,5,1,0,1,1,2,1,1,0,1,1,2,0,1,0,0,0,0,1,0,1737.6047196
20233,1123000562,3,2,1,0,0,0,1,1,1,0,0,0,1,1,0,0,0,0,0,0,1,1811.24298432
20233,1123000563,2,1,1,0,0,0,0,1,1,0,0,0,0,0,1,0,0,0,0,1,0,2957.4947786
20233,1123000564,24,17,7,0,3,2,8,8,3,0,1,2,5,6,3,0,2,0,3,2,0,2121.6648195
20233,1123000565,56,29,27,0,6,12,13,17,8,0,1,8,6,9,5,0,5,4,7,8,3,4675.14201419
20233,1123000566,12,8,4,0,0,1,7,1,3,0,0,0,5,1,2,0,0,1,2,0,1,2470.47226513
20233,1123000567,18,14,4,0,0,2,5,6,5,0,0,2,3,5,4,0,0,0,2,1,1,2431.47574291
20233,1123000568,88,67,21,2,15,22,22,20,7,0,9,18,17,17,6,2,6,4,5,3,1,2209.02915775
20233,1123000569,20,10,10,0,0,0,4,11,5,0,0,0,1,7,2,0,0,0,3,4,3,4287.90569515
20233,1123000570,2,1,1,0,0,0,0,1,1,0,0,0,0,0,1,0,0,0,0,1,0,2939.5225765
20233,1123000571,4,4,0,0,0,2,2,0,0,0,0,2,2,0,0,0,0,0,0,0,0,1716.47034127
20233,1123000576,40,14,26,0,9,16,6,7,2,0,3,5,4,1,1,0,6,11,2,6,1,3058.24911753
20233,1123000577,21,15,6,0,0,3,4,8,6,0,0,1,4,6,4,0,0,2,0,2,2,1907.65500781
20233,1123000580,33,31,2,0,1,8,18,4,2,0,0,8,17,4,2,0,1,0,1,0,0,2259.46977601
20233,1123000581,48,31,17,0,9,5,13,6,15,0,4,2,7,6,12,0,5,3,6,0,3,10109.4401727
20233,1123000582,7,7,0,0,0,0,1,2,4,0,0,0,1,2,4,0,0,0,0,0,0,1138.96438792
20233,1123000583,26,13,13,0,2,8,4,7,5,0,2,2,1,5,3,0,0,6,3,2,2,6558.03722184
20233,1123000584,6,4,2,0,3,2,0,1,0,0,2,2,0,0,0,0,1,0,0,1,0,988.926394008
20233,1123000585,8,6,2,0,1,1,3,3,0,0,1,1,2,2,0,0,0,0,1,1,0,3607.9552115
20233,1123000587,33,20,13,0,1,10,9,6,7,0,0,5,3,6,6,0,1,5,6,0,1,1691.30119912
20233,1123000588,1951,944,1007,3,231,487,493,608,129,2,94,193,182,389,84,1,137,294,311,219,45,13586.4982094
20233,1123000589,479,159,320,1,97,137,104,56,84,0,11,27,31,29,61,1,86,110,73,27,23,9406.4401534
20233,1123000590,23,10,13,0,2,13,3,5,0,0,1,5,2,2,0,0,1,8,1,3,0,12965.2219511
20233,1123000592,40,22,18,0,2,1,12,17,8,0,2,0,6,11,3,0,0,1,6,6,5,2045.69248671
20233,1123000593,5,3,2,0,0,0,0,4,1,0,0,0,0,3,0,0,0,0,0,1,1,2224.96319264
20233,1123000594,10,8,2,0,3,1,1,1,4,0,2,1,1,1,3,0,1,0,0,0,1,1405.42039128
20233,1123000595,4,2,2,0,0,0,0,0,4,0,0,0,0,0,2,0,0,0,0,0,2,1885.58957413
20233,1123000596,35,11,24,0,2,9,11,8,5,0,1,1,2,5,2,0,1,8,9,3,3,2079.86290593
20233,1123000598,5,4,1,0,1,0,1,2,1,0,0,0,1,2,1,0,1,0,0,0,0,1951.17131422
20233,1123000599,12,9,3,0,0,2,3,2,5,0,0,1,3,2,3,0,0,1,0,0,2,1823.27345438
20233,1123000600,27,12,15,0,2,9,8,5,3,0,1,2,4,3,2,0,1,7,4,2,1,2162.62447898
20233,1123000602,3,1,2,0,0,2,0,0,1,0,0,1,0,0,0,0,0,1,0,0,1,2931.45358807
20233,1123000603,3,1,2,0,3,0,0,0,0,0,1,0,0,0,0,0,2,0,0,0,0,2358.07625861
20233,1123000605,1646,1312,334,1,135,280,466,403,361,1,92,225,408,329,257,0,43,55,58,74,104,4346.21841473
20233,1123000606,4,2,2,0,0,1,1,1,1,0,0,0,0,1,1,0,0,1,1,0,0,3125.15005907
20233,1123000607,2,2,0,0,0,2,0,0,0,0,0,2,0,0,0,0,0,0,0,0,0,3249.3479218
20233,1123000608,27,16,11,0,1,5,10,5,6,0,1,3,4,4,4,0,0,2,6,1,2,2625.83904468
20233,1123000613,16,10,6,0,3,5,2,2,4,0,0,3,2,2,3,0,3,2,0,0,1,1818.15010802
20233,1123000614,2,2,0,0,0,0,0,1,1,0,0,0,0,1,1,0,0,0,0,0,0,3246.01714871
20233,1123000615,11,8,3,1,3,2,0,5,0,1,1,2,0,4,0,0,2,0,0,1,0,1543.17841073
20233,1123000616,329,78,251,0,56,119,75,64,15,0,6,22,21,24,5,0,50,97,54,40,10,7002.64869002
20233,1123000621,3,3,0,0,0,0,0,1,2,0,0,0,0,1,2,0,0,0,0,0,0,1668.83691379
20233,1123000622,920,430,490,0,44,61,113,269,433,0,23,37,66,94,210,0,21,24,47,175,223,8139.28415819
20233,1123000623,1,1,0,0,0,0,0,0,1,0,0,0,0,0,1,0,0,0,0,0,0,3248.84264715
20233,1123000624,27,16,11,0,3,7,10,1,6,0,1,4,6,1,4,0,2,3,4,0,2,4937.56851411
20233,1123000626,26,17,9,0,2,3,5,4,12,0,2,1,3,2,9,0,0,2,2,2,3,3635.86047217
20233,1123000627,94,41,53,0,3,28,36,15,12,0,2,12,15,6,6,0,1,16,21,9,6,8179.49828885
20233,1123000628,15,9,6,0,0,3,4,4,4,0,0,3,0,3,3,0,0,0,4,1,1,3183.56836114
20233,1123000630,4,1,3,0,0,0,0,3,1,0,0,0,0,1,0,0,0,0,0,2,1,4726.51273309
20233,1123000634,19,16,3,0,3,4,5,6,1,0,2,4,3,6,1,0,1,0,2,0,0,2162.78508597
20233,1123000635,27,23,4,0,3,2,7,11,4,0,2,2,6,9,4,0,1,0,1,2,0,2254.37723106
20233,1123000636,9,5,4,0,1,2,2,2,2,0,1,1,1,2,0,0,0,1,1,0,2,2583.12862341
20233,1123000638,3,2,1,0,0,0,2,1,0,0,0,0,1,1,0,0,0,0,1,0,0,4376.3797947
20233,1123000639,37,14,23,0,5,6,13,6,7,0,1,4,3,2,4,0,4,2,10,4,3,5975.26547421
20233,1123000640,2,0,2,0,0,0,1,1,0,0,0,0,0,0,0,0,0,0,1,1,0,2418.28491108
20233,1123000642,539,192,347,1,37,55,61,156,229,0,16,11,21,40,104,1,21,44,40,116,125,9087.70959967
20233,1123000645,7,6,1,0,0,2,4,1,0,0,0,2,3,1,0,0,0,0,1,0,0,1601.23263639
20233,1123000646,5,4,1,0,0,1,4,0,0,0,0,1,3,0,0,0,0,0,1,0,0,1378.44414946
20233,1123000653,274,170,104,2,21,36,73,89,53,0,4,18,45,60,43,2,17,18,28,29,10,8637.43186113
20233,1123000654,39,25,14,0,10,7,6,9,7,0,6,3,3,8,5,0,4,4,3,1,2,6619.07270546
20233,1123000656,13,10,3,0,1,1,4,1,6,0,1,1,3,1,4,0,0,0,1,0,2,2449.27811575
20233,1123000657,14,13,1,0,0,0,4,7,3,0,0,0,4,7,2,0,0,0,0,0,1,1230.53015294
20233,1123000659,6,5,1,0,0,2,1,2,1,0,0,2,0,2,1,0,0,0,1,0,0,6366.2523986
20233,1123000660,1571,1415,156,12,367,530,409,231,22,6,334,479,375,207,14,6,33,51,34,24,8,2911.98424896
20233,1123000661,77,33,44,0,34,35,5,2,1,0,10,17,4,2,0,0,24,18,1,0,1,2518.69245769
20233,1123000662,26,14,12,0,3,7,7,5,4,0,1,4,3,3,3,0,2,3,4,2,1,5277.1018916
20233,1123000664,140,30,110,0,26,70,22,9,13,0,4,9,1,6,10,0,22,61,21,3,3,5699.66764004
20233,1123000665,15,3,12,0,1,4,8,1,1,0,0,2,1,0,0,0,1,2,7,1,1,2503.09760121
20233,1123000666,35,18,17,0,4,6,8,11,6,0,2,2,4,7,3,0,2,4,4,4,3,5564.95403295
20233,1123000667,143,90,53,0,13,20,37,33,40,0,6,6,22,18,38,0,7,14,15,15,2,4317.78726912
20233,1123000669,2,1,1,0,0,0,1,0,1,0,0,0,0,0,1,0,0,0,1,0,0,1884.05125028
20233,1123000670,56,44,12,0,4,15,12,13,12,0,2,12,9,11,10,0,2,3,3,2,2,4668.64406334
20233,1123000671,5,4,1,0,0,0,0,5,0,0,0,0,0,4,0,0,0,0,0,1,0,1747.18607916
20233,1123000672,13,7,6,0,0,0,1,7,5,0,0,0,1,4,2,0,0,0,0,3,3,2895.57394366
20233,1123000674,61,12,49,0,13,9,21,13,5,0,4,1,2,1,4,0,9,8,19,12,1,22176.719608
20233,1123000675,98,40,58,0,7,19,28,22,22,0,2,8,8,11,11,0,5,11,20,11,11,7731.02447436
20233,1123000678,29,18,11,0,0,4,4,15,6,0,0,0,3,10,5,0,0,4,1,5,1,1902.95409476
20233,1123000680,21,14,7,0,2,4,7,6,2,0,1,3,3,6,1,0,1,1,4,0,1,903.699622706
20233,1123000681,3,2,1,0,0,0,1,0,2,0,0,0,1,0,1,0,0,0,0,0,1,5436.58843236
20233,1123000682,11,8,3,0,0,3,3,3,2,0,0,2,2,2,2,0,0,1,1,1,0,5662.97446008
20233,1123000689,15,6,9,0,1,1,4,6,3,0,0,0,1,4,1,0,1,1,3,2,2,3315.67715596
20233,1123000692,2,0,2,0,0,0,2,0,0,0,0,0,0,0,0,0,0,0,2,0,0,4347.51199684
20233,1123000693,4,2,2,0,0,1,0,1,2,0,0,0,0,1,1,0,0,1,0,0,1,1490.47639101
20233,1123000697,11,6,5,0,1,3,1,3,3,0,0,1,0,2,3,0,1,2,1,1,0,3301.47939503
20233,1123000698,2,0,2,0,0,0,0,2,0,0,0,0,0,0,0,0,0,0,0,2,0,699.943944066
20233,1123000704,3,2,1,0,0,1,0,0,2,0,0,1,0,0,1,0,0,0,0,0,1,3082.5145774
20233,1123000707,18,11,7,0,3,5,7,2,1,0,1,2,6,1,1,0,2,3,1,1,0,11145.9383493
20233,1123000710,5,4,1,0,0,1,0,2,2,0,0,0,0,2,2,0,0,1,0,0,0,2036.58428895
20233,1123000715,6,0,6,0,1,1,2,2,0,0,0,0,0,0,0,0,1,1,2,2,0,1539.3655359
20233,1123000717,107,73,34,0,19,19,22,33,14,0,13,14,15,22,9,0,6,5,7,11,5,2914.74706095
20233,1123000718,2,2,0,0,0,0,0,1,1,0,0,0,0,1,1,0,0,0,0,0,0,1772.5989134
20233,1123000719,3,2,1,0,0,0,1,0,2,0,0,0,0,0,2,0,0,0,1,0,0,1984.39986253
20233,1123000720,170,89,81,0,29,64,53,17,7,0,8,34,29,12,6,0,21,30,24,5,1,8968.58069041
20233,1123000721,5,0,5,0,2,0,2,1,0,0,0,0,0,0,0,0,2,0,2,1,0,1360.06184532
20233,1123000725,4,3,1,0,0,1,1,2,0,0,0,1,0,2,0,0,0,0,1,0,0,770.437710314
20233,1123000727,70,57,13,0,4,2,9,8,47,0,4,0,3,4,46,0,0,2,6,4,1,5519.61595065
20233,1123000728,3133,562,2571,1,433,588,566,988,557,0,97,230,171,46,18,1,336,358,395,942,539,2847.02821333
20233,1123000732,13,8,5,0,0,6,5,1,1,0,0,3,5,0,0,0,0,3,0,1,1,2573.09926262
20233,1123000733,3,1,2,0,0,0,2,0,1,0,0,0,0,0,1,0,0,0,2,0,0,5735.67251126
20233,1123000736,93,49,44,0,15,26,22,17,13,0,6,16,14,10,3,0,9,10,8,7,10,9188.41281174
20233,1123000737,4,3,1,0,1,0,1,1,1,0,1,0,1,0,1,0,0,0,0,1,0,5914.93846871
20233,1123000738,129,88,41,0,4,1,6,12,106,0,2,1,3,5,77,0,2,0,3,7,29,3820.80092312
20233,1123000739,25,10,15,0,4,3,3,13,2,0,2,0,1,6,1,0,2,3,2,7,1,8825.02822343
20233,1123000740,9,4,5,0,0,0,2,3,4,0,0,0,1,1,2,0,0,0,1,2,2,3158.56877521
20233,1123000742,1,1,0,0,0,0,0,0,1,0,0,0,0,0,1,0,0,0,0,0,0,4244.76656106
20233,1123000746,40,11,29,0,19,9,5,4,3,0,4,4,1,2,0,0,15,5,4,2,3,3797.5155461
20233,1123000747,4,1,3,0,1,0,3,0,0,0,0,0,1,0,0,0,1,0,2,0,0,4229.15002906
20233,1123000748,1,1,0,0,0,0,0,0,1,0,0,0,0,0,1,0,0,0,0,0,0,6652.09689504
20233,1123000749,116,80,36,0,29,38,20,13,16,0,19,23,14,9,15,0,10,15,6,4,1,4240.11981196
20233,1123000751,198,127,71,0,25,90,22,18,43,0,8,56,17,10,36,0,17,34,5,8,7,4006.09273558
20233,1123000753,27,10,17,1,8,5,4,3,6,0,3,1,1,3,2,1,5,4,3,0,4,3640.99294239
20233,1123000754,6,5,1,0,1,2,1,2,0,0,1,2,0,2,0,0,0,0,1,0,0,3635.66513278
20233,1123000756,282,122,160,0,65,83,57,33,44,0,12,30,19,17,44,0,53,53,38,16,0,4338.63340236
20233,1123000758,108,60,48,0,6,10,16,18,58,0,5,9,12,10,24,0,1,1,4,8,34,4095.62700985
20233,1123000759,5,1,4,0,0,1,1,1,2,0,0,1,0,0,0,0,0,0,1,1,2,2448.02260624
20233,1123000761,554,268,286,3,210,201,94,35,11,1,78,100,48,31,10,2,132,101,46,4,1,6890.23982491
20233,1123000762,15,9,6,0,1,2,5,3,4,0,0,0,3,2,4,0,1,2,2,1,0,16004.2052743
20233,1123000764,9,7,2,0,0,3,2,0,4,0,0,1,2,0,4,0,0,2,0,0,0,4110.25781179
20233,1123000766,2,2,0,0,0,0,2,0,0,0,0,0,2,0,0,0,0,0,0,0,0,1247.24874098
20233,1123000767,20,11,9,0,0,10,8,1,1,0,0,3,6,1,1,0,0,7,2,0,0,1901.15458958
20233,1123000769,9,5,4,0,0,1,2,1,5,0,0,0,0,1,4,0,0,1,2,0,1,2206.66753405
20233,1123000770,55,34,21,0,6,7,21,12,9,0,1,4,14,8,7,0,5,3,7,4,2,11464.3050017
20233,1123000772,3,2,1,0,0,0,0,0,3,0,0,0,0,0,2,0,0,0,0,0,1,4132.53707003
20233,1123000774,16,6,10,0,1,4,6,3,2,0,0,1,2,1,2,0,1,3,4,2,0,2395.23824756
20233,1123000775,1,0,1,0,0,0,0,1,0,0,0,0,0,0,0,0,0,0,0,1,0,7559.6167189
20233,1123000776,14,10,4,0,0,1,5,7,1,0,0,0,3,6,1,0,0,1,2,1,0,4645.15896643
20233,1123000777,5,2,3,0,0,0,0,1,4,0,0,0,0,0,2,0,0,0,0,1,2,4637.37759361
20233,1123000779,6,6,0,0,1,2,2,0,1,0,1,2,2,0,1,0,0,0,0,0,0,3420.31595081
20233,1123000783,10,4,6,0,0,2,4,2,2,0,0,1,0,1,2,0,0,1,4,1,0,2849.07207398
20233,1123000784,24,22,2,0,3,2,10,5,4,0,3,2,9,4,4,0,0,0,1,1,0,9942.58958689
20233,1123000785,28,25,3,0,1,5,10,10,2,0,1,3,9,10,2,0,0,2,1,0,0,3943.49847808
20233,1123000787,8,6,2,0,2,2,0,2,2,0,0,2,0,2,2,0,2,0,0,0,0,2845.04936832
20233,1123000788,16,3,13,0,0,4,6,1,5,0,0,0,0,0,3,0,0,4,6,1,2,2837.51426934
20233,1123000790,7,3,4,0,3,3,0,1,0,0,1,1,0,1,0,0,2,2,0,0,0,7394.77884981
20233,1123000791,4,2,2,0,0,0,2,0,2,0,0,0,0,0,2,0,0,0,2,0,0,6190.17818905
20233,1123000792,210,134,76,0,35,92,39,24,20,0,10,61,26,22,15,0,25,31,13,2,5,3241.68558175
20233,1123000794,4,2,2,0,0,0,1,2,1,0,0,0,0,1,1,0,0,0,1,1,0,5526.98765954
20233,1123000796,3,0,3,0,0,0,2,1,0,0,0,0,0,0,0,0,0,0,2,1,0,2548.54200245
20233,1123000797,13,9,4,0,1,5,6,0,1,0,0,5,3,0,1,0,1,0,3,0,0,8036.97057082
20233,1123000799,90,50,40,0,6,32,22,24,6,0,3,13,14,14,6,0,3,19,8,10,0,35453.1704954
20233,1123000804,2,0,2,0,0,0,0,2,0,0,0,0,0,0,0,0,0,0,0,2,0,6529.5723876
20233,1123000805,1,0,1,0,0,0,0,1,0,0,0,0,0,0,0,0,0,0,0,1,0,8770.34867432
20233,1123000806,2,2,0,0,0,0,0,1,1,0,0,0,0,1,1,0,0,0,0,0,0,3574.87789573
20233,1123000809,5,4,1,0,0,0,2,1,2,0,0,0,1,1,2,0,0,0,1,0,0,4624.25370529
20233,1123000810,4,3,1,0,0,0,0,1,3,0,0,0,0,0,3,0,0,0,0,1,0,1262.72374307
20233,1123000811,4,2,2,0,1,0,1,1,1,0,0,0,1,0,1,0,1,0,0,1,0,1581.86584045
20233,1123000812,74,55,19,0,9,15,19,20,11,0,7,12,14,13,9,0,2,3,5,7,2,3035.88478622
20233,1123000814,13,6,7,0,2,2,4,1,4,0,0,1,3,0,2,0,2,1,1,1,2,6328.78202065
20233,1123000817,2,2,0,0,0,0,0,2,0,0,0,0,0,2,0,0,0,0,0,0,0,3092.94501325
20233,1123000818,7,6,1,0,0,1,0,2,4,0,0,1,0,2,3,0,0,0,0,0,1,11921.0973824
20233,1123000821,7,3,4,0,0,0,1,3,3,0,0,0,0,1,2,0,0,0,1,2,1,6999.5667647
20233,1123000822,24,12,12,0,0,4,10,3,7,0,0,2,3,2,5,0,0,2,7,1,2,6013.87445249
20233,1123000823,8,6,2,0,0,1,3,1,3,0,0,1,1,1,3,0,0,0,2,0,0,2165.13348129
20233,1123000824,1,0,1,0,0,0,1,0,0,0,0,0,0,0,0,0,0,0,1,0,0,2499.86282906
20233,1123000826,15,7,8,0,0,0,2,7,6,0,0,0,2,2,3,0,0,0,0,5,3,4934.16602867
20233,1123000828,4,2,2,0,2,0,1,1,0,0,1,0,0,1,0,0,1,0,1,0,0,2999.95610432
20233,1123000829,9,8,1,0,1,2,1,2,3,0,1,2,1,1,3,0,0,0,0,1,0,10360.8752738
20233,1123000830,22,19,3,0,3,3,8,3,5,0,3,3,6,2,5,0,0,0,2,1,0,7393.05431544
20233,1123000831,16,9,7,0,0,4,5,2,5,0,0,3,1,2,3,0,0,1,4,0,2,2969.82232353
20233,1123000832,13,10,3,0,1,2,1,5,4,0,1,2,1,3,3,0,0,0,0,2,1,595.572774367
20233,1123000833,39,16,23,0,9,7,13,5,5,0,1,7,5,1,2,0,8,0,8,4,3,11952.4452845
20233,1123000834,8,7,1,0,0,0,2,6,0,0,0,0,1,6,0,0,0,0,1,0,0,2598.71345033
20233,1123000835,5,5,0,0,0,0,3,2,0,0,0,0,3,2,0,0,0,0,0,0,0,1111.49576141
20233,1123000836,26,17,9,0,0,5,8,10,3,0,0,3,5,7,2,0,0,2,3,3,1,2788.69944117
20233,1123000837,2,1,1,0,0,0,0,0,2,0,0,0,0,0,1,0,0,0,0,0,1,2386.50490123
20233,1123000838,12,8,4,0,1,4,1,5,1,0,0,3,1,4,0,0,1,1,0,1,1,1206.35704805
20233,1123000840,12,10,2,0,0,1,3,3,5,0,0,1,3,2,4,0,0,0,0,1,1,3559.81870719
20233,1123000841,114,96,18,0,3,16,10,13,72,0,0,7,8,10,71,0,3,9,2,3,1,17054.004377
20233,1123000842,24,23,1,0,3,4,5,8,4,0,2,4,5,8,4,0,1,0,0,0,0,2172.34562805
20233,1123000843,5,3,2,0,1,2,0,0,2,0,0,1,0,0,2,0,1,1,0,0,0,2048.99462376
20233,1123000844,42,31,11,0,5,4,13,12,8,0,4,1,10,9,7,0,1,3,3,3,1,3432.34716877
20233,1123000845,7,3,4,0,2,0,1,3,1,0,0,0,0,2,1,0,2,0,1,1,0,2260.48510389
20233,1123000846,48,17,31,0,9,11,17,6,5,0,1,5,7,2,2,0,8,6,10,4,3,2268.05573689
20233,1123000847,29,23,6,0,2,7,6,4,10,0,2,6,4,2,9,0,0,1,2,2,1,2418.13496029
20233,1123000848,32,22,10,0,2,9,11,7,3,0,0,5,10,6,1,0,2,4,1,1,2,3474.14869826
20233,1123000849,1,1,0,0,0,0,0,1,0,0,0,0,0,1,0,0,0,0,0,0,0,2202.90659378
20233,1123000850,10,6,4,0,2,3,3,2,0,0,1,2,1,2,0,0,1,1,2,0,0,3219.71305901
20233,1123000851,6,1,5,0,0,2,2,1,1,0,0,0,0,1,0,0,0,2,2,0,1,5606.01333844
20233,1123000852,4,4,0,0,0,0,2,0,2,0,0,0,2,0,2,0,0,0,0,0,0,1578.57854434
20233,1123000854,4,1,3,0,1,1,2,0,0,0,0,0,1,0,0,0,1,1,1,0,0,865.51864328
20233,1123000856,4,1,3,0,1,0,0,3,0,0,0,0,0,1,0,0,1,0,0,2,0,2204.64945203
20233,1123000857,10,0,10,0,7,1,1,1,0,0,0,0,0,0,0,0,7,1,1,1,0,3051.58675781
20233,1123000858,120,86,34,1,17,26,35,26,15,0,11,17,23,23,12,1,6,9,12,3,3,2766.90389094
20233,1123000860,107,69,38,0,17,54,13,12,11,0,7,40,9,5,8,0,10,14,4,7,3,8391.36259807
20233,1123000871,6,3,3,0,2,1,1,0,2,0,0,0,1,0,2,0,2,1,0,0,0,6143.96655999
20233,1123000873,14,10,4,0,0,3,3,5,3,0,0,2,2,4,2,0,0,1,1,1,1,3531.93565764
20233,1123000875,1446,334,1112,0,497,549,301,93,6,0,69,150,90,20,5,0,428,399,211,73,1,3194.71731579
20233,1123000877,3,2,1,0,0,1,0,1,1,0,0,1,0,0,1,0,0,0,0,1,0,2928.75373941
20233,1123000878,4,4,0,0,0,0,3,0,1,0,0,0,3,0,1,0,0,0,0,0,0,2378.11521735
20233,1123000879,28,12,16,0,4,2,8,12,2,0,3,2,4,2,1,0,1,0,4,10,1,3399.64835843
20233,1123000880,8,1,7,0,0,2,4,0,2,0,0,0,0,0,1,0,0,2,4,0,1,3422.0005008
20233,1123000882,2,0,2,0,1,0,0,1,0,0,0,0,0,0,0,0,1,0,0,1,0,3512.74773724
20233,1123000883,8,6,2,0,0,1,2,2,3,0,0,1,2,2,1,0,0,0,0,0,2,2125.16655741
20233,1123000887,48,28,20,0,9,15,11,5,8,0,3,8,7,3,7,0,6,7,4,2,1,8606.23512171
20233,1123000889,2,1,1,0,0,0,1,0,1,0,0,0,0,0,1,0,0,0,1,0,0,2234.79247841
20233,1123000892,6,4,2,0,0,0,2,1,3,0,0,0,0,1,3,0,0,0,2,0,0,1482.01424451
20233,1123000896,4,2,2,0,0,0,2,1,1,0,0,0,1,0,1,0,0,0,1,1,0,3852.66229586
20233,1123000899,4,4,0,0,1,1,1,1,0,0,1,1,1,1,0,0,0,0,0,0,0,1424.06439015
20233,1123000900,9,2,7,0,0,3,4,1,1,0,0,1,0,0,1,0,0,2,4,1,0,8449.230904
20233,1123000903,4,2,2,0,0,0,0,2,2,0,0,0,0,1,1,0,0,0,0,1,1,4101.30733984
20233,1123000911,5,3,2,0,1,0,2,1,1,0,0,0,1,1,1,0,1,0,1,0,0,2662.73336807
20233,1123000916,16,13,3,0,5,3,6,1,1,0,3,3,5,1,1,0,2,0,1,0,0,926.997156386
20233,1123000920,37,23,14,0,2,8,19,7,1,0,2,6,11,3,1,0,0,2,8,4,0,1086.18995356
20233,1123000922,4,1,3,0,1,0,1,1,1,0,0,0,1,0,0,0,1,0,0,1,1,2397.62565878
20233,1123000924,7,2,5,0,0,3,2,2,0,0,0,0,0,2,0,0,0,3,2,0,0,3349.21343777
20233,1123000925,64,33,31,0,11,17,13,21,2,0,4,11,9,8,1,0,7,6,4,13,1,3732.67537
20233,1123000933,22,9,13,0,10,1,3,6,2,0,2,0,1,5,1,0,8,1,2,1,1,2075.67256411
20233,1123000934,12,8,4,0,1,1,5,2,3,0,0,0,4,2,2,0,1,1,1,0,1,5033.75205013
20233,1123000935,4,3,1,0,2,0,0,2,0,0,1,0,0,2,0,0,1,0,0,0,0,5658.86112854
20233,1123000938,21,7,14,0,4,5,7,5,0,0,0,1,3,3,0,0,4,4,4,2,0,1822.39100718
20233,1123000940,2,2,0,0,0,0,1,1,0,0,0,0,1,1,0,0,0,0,0,0,0,3083.36377762
20233,1123000942,47,43,4,0,1,7,19,15,5,0,1,5,18,15,4,0,0,2,1,0,1,2469.10378439
20233,1123000944,6,3,3,0,0,1,3,1,1,0,0,1,0,1,1,0,0,0,3,0,0,2541.94115157
20233,1123000949,18,10,8,0,3,10,2,1,2,0,1,4,2,1,2,0,2,6,0,0,0,1253.45301219
20233,1123000954,11,1,10,0,2,0,5,4,0,0,0,0,1,0,0,0,2,0,4,4,0,4708.06271298
20233,1123000957,8,7,1,0,0,0,1,4,3,0,0,0,1,3,3,0,0,0,0,1,0,2804.75312681
20233,1123000958,35,24,11,0,1,7,10,9,8,0,1,3,6,7,7,0,0,4,4,2,1,6868.69509997
20233,1123000960,3,3,0,0,0,0,2,1,0,0,0,0,2,1,0,0,0,0,0,0,0,1899.39653633
20233,1123000961,13,5,8,0,3,4,2,3,1,0,1,0,1,2,1,0,2,4,1,1,0,9874.45124892
20233,1123000969,50,22,28,1,0,5,25,16,3,1,0,3,8,7,3,0,0,2,17,9,0,3966.53727376
20233,1123000974,3,2,1,0,0,0,1,2,0,0,0,0,1,1,0,0,0,0,0,1,0,1212.71752248
20233,1123000975,2,2,0,0,0,0,2,0,0,0,0,0,2,0,0,0,0,0,0,0,0,4277.10327787
20233,1123000978,3,3,0,0,0,1,0,1,1,0,0,1,0,1,1,0,0,0,0,0,0,1836.00903797
20233,1123000979,3,1,2,0,0,0,0,2,1,0,0,0,0,1,0,0,0,0,0,1,1,9758.30407219
20233,1123000980,1,1,0,0,0,0,0,1,0,0,0,0,0,1,0,0,0,0,0,0,0,1117.58018808
20233,1123000983,7,3,4,0,2,2,1,1,1,0,2,1,0,0,0,0,0,1,1,1,1,2366.24545472
20233,1123000984,2,2,0,0,0,0,1,1,0,0,0,0,1,1,0,0,0,0,0,0,0,3077.86066463
20233,1123000990,2,1,1,0,0,0,0,0,2,0,0,0,0,0,1,0,0,0,0,0,1,1305.98708829
20233,1123000995,15,2,13,0,8,1,5,0,1,0,0,0,1,0,1,0,8,1,4,0,0,3073.87166788
20233,1123000999,4,4,0,0,0,1,0,1,2,0,0,1,0,1,2,0,0,0,0,0,0,4074.72198537
20233,1123001000,1,1,0,0,0,0,0,0,1,0,0,0,0,0,1,0,0,0,0,0,0,2394.42581509
20233,1123001002,5,1,4,0,0,0,2,1,2,0,0,0,1,0,0,0,0,0,1,1,2,4405.99332393
20233,1123001005,30,15,15,0,4,5,14,5,2,0,0,3,7,5,0,0,4,2,7,0,2,6633.87725523
20233,1123001006,4,3,1,0,0,1,0,1,2,0,0,1,0,0,2,0,0,0,0,1,0,830.165903969
20233,1123001008,8,7,1,0,0,0,0,5,3,0,0,0,0,4,3,0,0,0,0,1,0,4966.72047992
20233,1123001009,2,2,0,0,2,0,0,0,0,0,2,0,0,0,0,0,0,0,0,0,0,3491.88435607
20233,1123001010,4,2,2,0,0,2,0,2,0,0,0,1,0,1,0,0,0,1,0,1,0,2510.94937435
20233,1123001012,4,2,2,0,0,0,0,3,1,0,0,0,0,1,1,0,0,0,0,2,0,654.762584036
20233,1123001013,2,2,0,0,1,0,1,0,0,0,1,0,1,0,0,0,0,0,0,0,0,2311.56558557
20233,1123001015,17,6,11,0,6,8,1,1,1,0,2,2,0,1,1,0,4,6,1,0,0,1381.14508248
20233,1123001020,4,4,0,0,0,3,1,0,0,0,0,3,1,0,0,0,0,0,0,0,0,3282.08490934
20233,1123001021,7,4,3,0,0,2,3,1,1,0,0,2,2,0,0,0,0,0,1,1,1,2792.34741787
20233,1123001022,702,498,204,0,5,92,243,248,114,0,3,42,152,202,99,0,2,50,91,46,15,75357.7962421
20233,1123001024,2,2,0,0,0,1,1,0,0,0,0,1,1,0,0,0,0,0,0,0,0,1737.81831967
20233,1123001030,3,1,2,0,2,1,0,0,0,0,0,1,0,0,0,0,2,0,0,0,0,2631.50546448
20233,1123001031,15,7,8,0,6,3,6,0,0,0,3,2,2,0,0,0,3,1,4,0,0,2513.51861358
20233,1123001034,3,1,2,0,0,1,1,1,0,0,0,0,0,1,0,0,0,1,1,0,0,2937.58974716
20233,1123001035,6,1,5,0,1,0,3,1,1,0,0,0,1,0,0,0,1,0,2,1,1,2582.97069588
20233,1123001036,14,7,7,0,4,3,3,4,0,0,1,1,2,3,0,0,3,2,1,1,0,86181.752073
20233,1123001038,3,2,1,0,0,1,1,0,1,0,0,1,0,0,1,0,0,0,1,0,0,702.517798597
20233,1123001039,13,9,4,0,1,1,2,3,6,0,0,0,2,2,5,0,1,1,0,1,1,26947.7282141
20233,1123001040,5,3,2,0,0,1,1,3,0,0,0,0,0,3,0,0,0,1,1,0,0,2564.67134806
20233,1123001041,14,5,9,0,0,1,7,6,0,0,0,1,3,1,0,0,0,0,4,5,0,3891.79118463
20233,1123001043,14,8,6,0,0,3,5,3,3,0,0,2,4,1,1,0,0,1,1,2,2,2174.7425155
20233,1123001047,2,1,1,0,0,0,0,2,0,0,0,0,0,1,0,0,0,0,0,1,0,5773.03312329
20233,1123001048,19,13,6,0,1,1,10,4,3,0,0,1,7,3,2,0,1,0,3,1,1,5667.90612722
20233,1123001049,4,3,1,0,0,2,1,1,0,0,0,1,1,1,0,0,0,1,0,0,0,2908.9263683
20233,1123001051,128,40,88,0,7,10,27,30,54,0,0,4,13,5,18,0,7,6,14,25,36,12705.1673298
20233,1123001052,4,1,3,0,0,1,0,2,1,0,0,0,0,0,1,0,0,1,0,2,0,2913.25226694
20233,1123001057,11,5,6,0,1,2,3,3,2,0,0,1,2,1,1,0,1,1,1,2,1,3302.94712939
20233,1123001063,7,4,3,0,1,1,2,2,1,0,0,0,1,2,1,0,1,1,1,0,0,1036.60154414
20233,1123001070,7,6,1,0,4,0,1,2,0,0,3,0,1,2,0,0,1,0,0,0,0,5731.46337646
20233,1123001071,25,10,15,0,6,5,6,6,2,0,0,3,2,4,1,0,6,2,4,2,1,3146.20831367
20233,1123001077,4,2,2,0,0,1,1,1,1,0,0,0,1,1,0,0,0,1,0,0,1,1921.47218633
20233,1123001078,35,18,17,0,3,6,7,13,6,0,1,3,2,8,4,0,2,3,5,5,2,6464.12246345
20233,1123001082,4,4,0,0,0,0,2,1,1,0,0,0,2,1,1,0,0,0,0,0,0,1952.94323736
20233,1123001085,238,127,111,0,35,53,83,51,16,0,11,26,55,25,10,0,24,27,28,26,6,5762.89541679
20233,1123001088,3,3,0,0,0,0,0,0,3,0,0,0,0,0,3,0,0,0,0,0,0,8042.30153718
20233,1123001089,3,1,2,0,0,0,1,1,1,0,0,0,0,0,1,0,0,0,1,1,0,9030.19472157
20233,1123001091,2,1,1,0,0,0,0,1,1,0,0,0,0,0,1,0,0,0,0,1,0,2168.0241135
20233,1123001093,2,1,1,0,0,1,1,0,0,0,0,0,1,0,0,0,0,1,0,0,0,3166.72280181
20233,1123001102,4,3,1,0,1,0,0,2,1,0,1,0,0,1,1,0,0,0,0,1,0,2096.36169548
20233,1123001103,3,1,2,0,0,1,2,0,0,0,0,0,1,0,0,0,0,1,1,0,0,5580.69721502
20233,1123001115,72,36,36,1,28,11,15,4,13,1,14,6,8,2,5,0,14,5,7,2,8,38244.3507977
20233,1123001117,7,5,2,0,2,3,2,0,0,0,1,3,1,0,0,0,1,0,1,0,0,1137.74013892
20233,1123001118,4,3,1,0,1,0,0,3,0,0,0,0,0,3,0,0,1,0,0,0,0,1306.08891639
20233,1123001119,5,2,3,0,1,0,0,1,3,0,0,0,0,0,2,0,1,0,0,1,1,1619.08847219
20233,1123001121,2,2,0,0,0,0,0,0,2,0,0,0,0,0,2,0,0,0,0,0,0,1470.25396391
20233,1123001123,3,1,2,0,1,1,1,0,0,0,0,0,1,0,0,0,1,1,0,0,0,5027.21683106
20233,1123001125,219,69,150,0,41,56,60,47,15,0,8,15,14,20,12,0,33,41,46,27,3,4184.06575642
20233,1123001126,9,7,2,0,0,1,4,3,1,0,0,1,3,2,1,0,0,0,1,1,0,3173.32707008
20233,1123001131,7,3,4,0,0,3,1,2,1,0,0,1,1,1,0,0,0,2,0,1,1,5769.86987865
20233,1123001136,5,5,0,0,0,3,2,0,0,0,0,3,2,0,0,0,0,0,0,0,0,1115.19650562
20233,1123001138,4,4,0,0,0,1,3,0,0,0,0,1,3,0,0,0,0,0,0,0,0,995.522197245
20233,1123001140,2,1,1,0,0,1,0,1,0,0,0,0,0,1,0,0,0,1,0,0,0,2198.20008866
20233,1123001141,10,5,5,0,0,2,2,3,3,0,0,0,1,1,3,0,0,2,1,2,0,2710.43756067
20233,1123001147,4,3,1,0,0,1,0,2,1,0,0,1,0,1,1,0,0,0,0,1,0,2089.71271821
20233,1123001154,58,48,10,0,2,7,13,28,8,0,1,6,9,25,7,0,1,1,4,3,1,3163.5209142
20233,1123001159,9,5,4,0,0,5,1,2,1,0,0,1,1,2,1,0,0,4,0,0,0,615.770390618
20233,1123001164,1,1,0,0,0,0,0,0,1,0,0,0,0,0,1,0,0,0,0,0,0,845.324753447
20233,1123001169,5,4,1,0,1,1,2,1,0,0,0,1,2,1,0,0,1,0,0,0,0,1885.21017967
20233,1123001178,7,6,1,0,1,4,1,0,1,0,1,4,0,0,1,0,0,0,1,0,0,948.704945047
20233,1123001184,6,2,4,0,0,0,1,5,0,0,0,0,0,2,0,0,0,0,1,3,0,1621.91633535
20233,1123001188,3,3,0,0,0,0,0,3,0,0,0,0,0,3,0,0,0,0,0,0,0,4681.36199995
20233,1123001192,6,3,3,0,0,0,1,5,0,0,0,0,0,3,0,0,0,0,1,2,0,1363.00514833
20233,1123001196,6,2,4,0,0,1,0,1,4,0,0,0,0,1,1,0,0,1,0,0,3,2983.07530735
20233,1123001203,3,1,2,0,0,0,1,2,0,0,0,0,1,0,0,0,0,0,0,2,0,3334.59171495
20233,1123001204,25,9,16,0,3,3,8,8,3,0,1,1,1,4,2,0,2,2,7,4,1,5537.27314008
20233,1123001212,912,386,526,2,141,195,202,221,151,1,48,91,84,77,85,1,93,104,118,144,66,3424.08233721
20233,1123001225,4,3,1,0,0,0,3,0,1,0,0,0,3,0,0,0,0,0,0,0,1,1620.38956919
20233,1123001227,1,1,0,0,0,0,1,0,0,0,0,0,1,0,0,0,0,0,0,0,0,2568.4614047
20233,1123001229,9,7,2,0,0,1,2,4,2,0,0,1,2,2,2,0,0,0,0,2,0,2638.75401326
20233,1123001230,11,9,2,0,1,2,5,3,0,0,1,2,4,2,0,0,0,0,1,1,0,2574.61545223
20233,1123001232,2,2,0,0,0,1,0,0,1,0,0,1,0,0,1,0,0,0,0,0,0,4104.49026507
20233,1123001233,124,88,36,0,13,23,29,20,39,0,6,16,17,13,36,0,7,7,12,7,3,4361.97528672
20233,1123001234,4,0,4,0,0,1,2,1,0,0,0,0,0,0,0,0,0,1,2,1,0,2265.87993922
20233,1123001243,7,7,0,0,0,0,2,4,1,0,0,0,2,4,1,0,0,0,0,0,0,412.873694887
20233,1123001247,3,2,1,0,0,0,3,0,0,0,0,0,2,0,0,0,0,0,1,0,0,2593.29276002
20233,1123001251,1,1,0,0,0,0,0,1,0,0,0,0,0,1,0,0,0,0,0,0,0,1806.93515137
20233,1123001252,4,3,1,0,1,0,0,2,1,0,1,0,0,1,1,0,0,0,0,1,0,3972.39225777
20233,1123001262,3,1,2,0,0,0,1,2,0,0,0,0,1,0,0,0,0,0,0,2,0,1388.2020094
20233,1123001265,21,2,19,0,2,5,6,6,2,0,0,0,1,0,1,0,2,5,5,6,1,2131.82584228
20233,1123001266,99,19,80,0,11,27,27,24,10,0,0,3,7,2,7,0,11,24,20,22,3,17231.4819426
20233,1123001269,2,1,1,0,0,0,1,1,0,0,0,0,0,1,0,0,0,0,1,0,0,1705.87460823
20233,1123001271,12,7,5,0,0,3,4,3,2,0,0,2,1,2,2,0,0,1,3,1,0,3031.587709
20233,1123001272,30,18,12,0,5,5,9,9,2,0,5,2,3,6,2,0,0,3,6,3,0,3015.47768558
20233,1123001273,8,5,3,0,1,1,3,3,0,0,0,1,2,2,0,0,1,0,1,1,0,9357.04827425
20233,1123001280,4,2,2,0,0,0,1,2,1,0,0,0,0,2,0,0,0,0,1,0,1,3600.74066953
20233,1123001282,4,0,4,0,1,0,0,3,0,0,0,0,0,0,0,0,1,0,0,3,0,1476.08055255
20233,1123001284,5,1,4,0,3,0,0,2,0,0,0,0,0,1,0,0,3,0,0,1,0,4095.01648466
20233,1123001285,3,1,2,0,1,0,1,1,0,0,0,0,0,1,0,0,1,0,1,0,0,1094.09394927
20233,1123001286,7,2,5,0,0,1,6,0,0,0,0,0,2,0,0,0,0,1,4,0,0,2682.5819701
20233,1123001292,4,2,2,0,2,0,1,0,1,0,2,0,0,0,0,0,0,0,1,0,1,1340.74481648
20233,1123001295,7,4,3,0,0,0,1,4,2,0,0,0,1,1,2,0,0,0,0,3,0,3050.30695554
20233,1123001298,3,0,3,0,1,0,0,2,0,0,0,0,0,0,0,0,1,0,0,2,0,1490.37942704
20233,1123001299,160,94,66,0,20,53,32,39,16,0,5,20,23,34,12,0,15,33,9,5,4,3095.68658882
20233,1123001301,51,43,8,0,2,30,18,1,0,0,2,27,13,1,0,0,0,3,5,0,0,5649.15500544
20233,1123001306,33,11,22,0,7,9,9,4,4,0,1,5,2,1,2,0,6,4,7,3,2,6314.75504802
20233,1123001309,14,11,3,0,2,7,0,3,2,0,1,6,0,2,2,0,1,1,0,1,0,3176.70006711
20233,1123001317,5,4,1,0,0,0,0,1,4,0,0,0,0,1,3,0,0,0,0,0,1,7574.59307796
20233,1123001319,8,7,1,0,2,2,2,2,0,0,2,2,1,2,0,0,0,0,1,0,0,4983.2483172
20233,1123001326,399,226,173,0,43,89,100,103,64,0,17,41,45,74,49,0,26,48,55,29,15,5658.17166803
20233,1123001329,7,2,5,0,3,2,0,2,0,0,0,0,0,2,0,0,3,2,0,0,0,5200.27360612
20233,1123001330,134,129,5,0,1,1,11,56,65,0,0,1,10,53,65,0,1,0,1,3,0,4968.44184638
20233,1123001331,9,8,1,0,0,0,1,2,6,0,0,0,1,2,5,0,0,0,0,0,1,6572.33371418
20233,1123001333,25,23,2,0,0,2,0,2,21,0,0,1,0,1,21,0,0,1,0,1,0,142300.960354
20233,1123001335,71,48,23,0,9,15,19,14,14,0,5,10,13,11,9,0,4,5,6,3,5,14580.2287956
20233,1123001336,163,85,78,0,18,70,44,14,17,0,6,36,24,8,11,0,12,34,20,6,6,13518.2484709
20233,1123001338,72,42,30,1,8,15,13,17,18,1,4,5,7,10,15,0,4,10,6,7,3,14034.7598661
20233,1123001339,20,15,5,0,3,2,6,7,2,0,2,2,4,5,2,0,1,0,2,2,0,3086.2119734
20233,1123001341,135,72,63,3,11,26,38,38,19,3,7,14,20,15,13,0,4,12,18,23,6,14753.5555328
20233,1123001342,84,66,18,0,10,20,27,17,10,0,7,16,22,12,9,0,3,4,5,5,1,4890.27737582
20233,1123001344,111,107,4,0,0,5,17,32,57,0,0,4,15,31,57,0,0,1,2,1,0,10344.9087969
20233,1123001346,153,99,54,0,27,37,40,28,21,0,13,24,24,18,20,0,14,13,16,10,1,14228.9395352
20233,1123001348,18,7,11,0,5,5,3,4,1,0,1,1,2,2,1,0,4,4,1,2,0,1516.73077499
20233,1123001349,40,27,13,0,5,3,9,13,10,0,1,3,6,8,9,0,4,0,3,5,1,6100.05561612
20233,1123001350,524,310,214,0,51,45,36,91,301,0,44,40,32,48,146,0,7,5,4,43,155,7800.16063219
20233,1123001351,139,75,64,0,19,39,31,33,17,0,2,18,19,24,12,0,17,21,12,9,5,13334.0678012
20233,1123001352,48,35,13,0,11,8,11,10,8,0,8,5,8,7,7,0,3,3,3,3,1,5923.45945574
20233,1123001353,438,296,142,2,9,11,28,37,351,0,2,3,15,16,260,2,7,8,13,21,91,7192.62815346
20233,1123001354,12,8,4,0,1,1,3,6,1,0,1,1,1,4,1,0,0,0,2,2,0,1388.96975073
20233,1123001355,8,4,4,0,0,2,2,3,1,0,0,0,1,3,0,0,0,2,1,0,1,2977.99793061
20233,1123001356,69,64,5,0,1,3,8,14,43,0,1,2,6,13,42,0,0,1,2,1,1,3433.71335463
20233,1123001357,10,6,4,0,2,0,3,3,2,0,1,0,2,2,1,0,1,0,1,1,1,5898.85922386
20233,1123001358,52,33,19,0,10,12,18,9,3,0,5,7,12,7,2,0,5,5,6,2,1,8534.43284344
20233,1123001359,10,5,5,0,0,5,4,1,0,0,0,3,2,0,0,0,0,2,2,1,0,3743.21790007
20233,1123001360,4,2,2,0,2,0,0,2,0,0,1,0,0,1,0,0,1,0,0,1,0,1355.34837445
20233,1123001362,56,35,21,0,6,7,8,20,15,0,1,3,4,16,11,0,5,4,4,4,4,6518.33570488
20233,1123001365,516,416,100,0,145,141,122,55,53,0,119,123,94,35,45,0,26,18,28,20,8,14057.3660987
20233,1123001366,4,1,3,0,0,1,0,1,2,0,0,0,0,0,1,0,0,1,0,1,1,343.514960473
20233,1123001367,58,44,14,0,3,6,16,8,25,0,2,3,7,8,24,0,1,3,9,0,1,7875.80489619
20233,1123001368,38,18,20,0,3,5,10,15,5,0,0,2,5,10,1,0,3,3,5,5,4,7981.48969243
20233,1123001371,9,8,1,0,0,0,5,2,2,0,0,0,5,2,1,0,0,0,0,0,1,3789.31894149
20233,1123001372,83,45,38,0,10,26,26,15,6,0,7,10,16,11,1,0,3,16,10,4,5,7544.30183205
20233,1123001373,2,2,0,0,0,0,0,1,1,0,0,0,0,1,1,0,0,0,0,0,0,267.986559413
20233,1123001374,25,17,8,0,5,5,3,6,6,0,3,4,2,4,4,0,2,1,1,2,2,3448.47641737
20233,1123001375,416,298,118,6,31,74,106,78,121,5,11,44,71,62,105,1,20,30,35,16,16,14113.5126472
20233,1123001376,10,6,4,0,0,0,1,4,5,0,0,0,0,2,4,0,0,0,1,2,1,5273.24260925
20233,1123001377,6,6,0,0,0,2,0,1,3,0,0,2,0,1,3,0,0,0,0,0,0,2621.53512107
20233,1123001379,10,6,4,0,0,2,2,4,2,0,0,0,1,3,2,0,0,2,1,1,0,5566.7657525
20233,1123001381,18,14,4,0,0,1,8,4,5,0,0,1,6,3,4,0,0,0,2,1,1,4734.4584569
20233,1123001384,13,3,10,0,6,3,2,1,1,0,0,1,2,0,0,0,6,2,0,1,1,5199.24676573
20233,1123001385,139,75,64,0,14,30,44,33,18,0,4,15,25,18,13,0,10,15,19,15,5,8042.37328887
20233,1123001386,18,11,7,0,1,2,8,4,3,0,1,2,4,2,2,0,0,0,4,2,1,2931.89741529
20233,1123001388,25,13,12,0,3,2,4,15,1,0,2,1,0,9,1,0,1,1,4,6,0,6419.41771923
20233,1123001389,15,10,5,0,0,3,3,5,4,0,0,1,2,3,4,0,0,2,1,2,0,5354.60233294
20233,1123001391,271,249,22,0,22,94,72,80,3,0,18,87,67,76,1,0,4,7,5,4,2,5470.59872095
20233,1123001392,38,9,29,0,17,5,4,8,4,0,0,3,1,3,2,0,17,2,3,5,2,6654.32879763
20233,1123001393,44,32,12,0,12,6,11,8,7,0,9,4,8,5,6,0,3,2,3,3,1,6374.30314091
20233,1123001397,24,14,10,0,5,5,5,8,1,0,5,2,4,2,1,0,0,3,1,6,0,6525.81560154
20233,1123001398,7,3,4,0,1,3,0,2,1,0,0,2,0,0,1,0,1,1,0,2,0,4536.20935954
20233,1123001399,10,4,6,0,0,1,4,5,0,0,0,0,1,3,0,0,0,1,3,2,0,6474.82609417
20233,1123001400,6,5,1,0,0,1,1,2,2,0,0,1,0,2,2,0,0,0,1,0,0,11320.3183701
20233,1123001401,27,5,22,0,2,5,7,7,6,0,0,0,0,0,5,0,2,5,7,7,1,15122.9864546
20233,1123001402,3,2,1,0,0,1,1,0,1,0,0,1,0,0,1,0,0,0,1,0,0,3221.89739034
20233,1123001403,38,23,15,0,2,8,11,7,10,0,1,3,8,3,8,0,1,5,3,4,2,4867.70086789
20233,1123001404,18,16,2,0,2,5,5,5,1,0,2,5,5,3,1,0,0,0,0,2,0,1810.52620531
20233,1123001405,72,35,37,0,23,14,16,12,7,0,9,10,6,6,4,0,14,4,10,6,3,5917.4011449
20233,1123001406,10,9,1,0,0,0,1,7,2,0,0,0,1,6,2,0,0,0,0,1,0,6501.7530575
20233,1123001407,16,13,3,0,1,4,7,3,1,0,0,3,7,2,1,0,1,1,0,1,0,6368.72709123
20233,1123001408,25,12,13,0,6,5,7,4,3,0,2,2,3,2,3,0,4,3,4,2,0,1000.0890138
20233,1123001409,2,2,0,0,0,0,1,0,1,0,0,0,1,0,1,0,0,0,0,0,0,1020.5928757
20233,1123001411,7,7,0,0,1,0,1,1,4,0,1,0,1,1,4,0,0,0,0,0,0,2523.75545318
20233,1123001413,100,75,25,0,6,33,28,15,18,0,1,26,23,11,14,0,5,7,5,4,4,11519.4560242
20233,1123001414,2,2,0,0,0,0,0,0,2,0,0,0,0,0,2,0,0,0,0,0,0,1137.48089262
20233,1123001416,5,2,3,0,0,1,2,1,1,0,0,0,1,0,1,0,0,1,1,1,0,3778.67687162
20233,1123001417,181,143,38,1,56,42,37,31,14,0,43,32,32,26,10,1,13,10,5,5,4,7514.87708392
20233,1123001419,10,8,2,0,0,1,0,5,4,0,0,0,0,5,3,0,0,1,0,0,1,9775.13424425
20233,1123001421,14,4,10,0,3,3,2,5,1,0,1,1,1,0,1,0,2,2,1,5,0,6014.44502704
20233,1123001422,2,2,0,0,0,0,2,0,0,0,0,0,2,0,0,0,0,0,0,0,0,1880.3633536
20233,1123001424,101,99,2,0,1,0,8,42,50,0,1,0,8,40,50,0,0,0,0,2,0,4932.16320077
20233,1123001425,147,79,68,0,31,51,22,21,22,0,12,28,12,12,15,0,19,23,10,9,7,13280.7704614
20233,1123001426,13,10,3,0,0,3,5,4,1,0,0,3,4,2,1,0,0,0,1,2,0,5658.04577768
20233,1123001427,21,9,12,0,3,6,3,3,6,0,0,3,0,1,5,0,3,3,3,2,1,3280.33657303
20233,1123001429,15,11,4,0,0,6,3,3,3,0,0,4,2,2,3,0,0,2,1,1,0,5682.75460762
20233,1123001431,3,2,1,0,0,0,1,1,1,0,0,0,1,1,0,0,0,0,0,0,1,1921.24713238
20233,1123001433,5,5,0,0,0,1,2,2,0,0,0,1,2,2,0,0,0,0,0,0,0,5496.50228721
20233,1123001434,68,43,25,0,11,21,14,11,11,0,3,13,9,8,10,0,8,8,5,3,1,5145.44003317
20233,1123001437,8,6,2,0,1,0,1,2,4,0,0,0,1,2,3,0,1,0,0,0,1,2326.9723399
20233,1123001440,20,14,6,0,0,3,5,7,5,0,0,1,4,6,3,0,0,2,1,1,2,7213.35894654
20233,1123001441,3,1,2,0,0,1,0,1,1,0,0,0,0,0,1,0,0,1,0,1,0,1457.86495565
20233,1123001442,38,17,21,0,1,4,3,22,8,0,0,1,2,11,3,0,1,3,1,11,5,4977.86546705
20233,1123001443,24,6,18,0,2,7,7,3,5,0,0,1,1,1,3,0,2,6,6,2,2,4730.21808241
20233,1123001444,96,13,83,0,7,19,34,30,6,0,1,3,2,2,5,0,6,16,32,28,1,13746.4756124
20233,1123001445,5,4,1,0,0,0,2,3,0,0,0,0,2,2,0,0,0,0,0,1,0,2480.22846466
20233,1123001448,3,2,1,0,0,1,0,0,2,0,0,0,0,0,2,0,0,1,0,0,0,4354.47016014
20233,1123001450,4,4,0,0,0,2,0,2,0,0,0,2,0,2,0,0,0,0,0,0,0,3045.99398529
20233,1123001451,2,1,1,0,0,1,0,0,1,0,0,1,0,0,0,0,0,0,0,0,1,4503.51955396
20233,1123001452,103,52,51,0,22,31,23,16,11,0,9,14,12,7,10,0,13,17,11,9,1,5180.56802312
20233,1123001453,11,10,1,0,2,2,3,3,1,0,2,1,3,3,1,0,0,1,0,0,0,2969.74191804
20233,1123001454,2,2,0,0,0,1,0,1,0,0,0,1,0,1,0,0,0,0,0,0,0,1674.43272639
20233,1123001455,24,12,12,0,2,1,7,9,5,0,2,1,3,5,1,0,0,0,4,4,4,6837.64911032
20233,1123001456,164,148,16,0,26,35,45,37,21,0,19,31,44,34,20,0,7,4,1,3,1,5126.12306402
20233,1123001459,3,3,0,0,0,0,1,1,1,0,0,0,1,1,1,0,0,0,0,0,0,2630.20227803
20233,1123001460,9,6,3,0,0,1,7,0,1,0,0,1,4,0,1,0,0,0,3,0,0,1541.02592783
20233,1123001462,122,65,57,0,9,20,35,36,22,0,6,10,17,20,12,0,3,10,18,16,10,3894.32687889
20233,1123001464,5,4,1,0,2,0,1,1,1,0,2,0,1,1,0,0,0,0,0,0,1,8432.94970331
20233,1123001465,46,11,35,0,9,14,8,13,2,0,2,3,1,4,1,0,7,11,7,9,1,18246.4413529
20233,1123001467,21,9,12,0,0,0,4,10,7,0,0,0,2,5,2,0,0,0,2,5,5,4736.76092528
20233,1123001473,126,91,35,0,21,31,31,26,17,0,16,18,22,20,15,0,5,13,9,6,2,2709.17188854
20233,1123001474,59,30,29,0,3,12,28,10,6,0,3,9,14,1,3,0,0,3,14,9,3,8476.88203593
20233,1123001476,5,4,1,0,1,1,1,1,1,0,1,0,1,1,1,0,0,1,0,0,0,7063.28036857
20233,1123001477,13,9,4,0,2,1,4,4,2,0,1,0,4,2,2,0,1,1,0,2,0,6953.99217491
20233,1123001479,10,9,1,0,0,1,5,3,1,0,0,0,5,3,1,0,0,1,0,0,0,6990.62090556
20233,1123001480,23,11,12,0,0,3,4,11,5,0,0,1,2,6,2,0,0,2,2,5,3,7085.04358612
20233,1123001481,57,35,22,0,6,17,15,13,6,0,1,13,10,8,3,0,5,4,5,5,3,8895.96901651
20233,1123001482,60,33,27,0,5,11,14,23,7,0,3,8,6,10,6,0,2,3,8,13,1,6110.90501105
20233,1123001483,27,12,15,0,3,5,9,10,0,0,2,4,2,4,0,0,1,1,7,6,0,6160.22952037
20233,1123001484,47,31,16,2,10,14,10,9,2,2,7,5,7,8,2,0,3,9,3,1,0,3076.36896317
20233,1123001486,7,3,4,0,0,0,2,2,3,0,0,0,0,1,2,0,0,0,2,1,1,5359.76878647
20233,1123001487,11,10,1,0,1,1,3,3,3,0,1,1,2,3,3,0,0,0,1,0,0,3386.07192793
20233,1123001488,7,4,3,0,0,1,6,0,0,0,0,0,4,0,0,0,0,1,2,0,0,3019.7420794
20233,1123001489,15,11,4,0,4,5,4,1,1,0,3,3,3,1,1,0,1,2,1,0,0,3187.30133804
20233,1123001491,16,6,10,0,3,5,3,4,1,0,0,2,1,2,1,0,3,3,2,2,0,25154.3285933
20233,1123001493,2,2,0,0,1,0,0,1,0,0,1,0,0,1,0,0,0,0,0,0,0,3174.20676325
20233,1123001494,92,25,67,0,13,15,16,22,26,0,4,9,6,2,4,0,9,6,10,20,22,7379.14624136
20233,1123001497,6,6,0,0,0,0,3,2,1,0,0,0,3,2,1,0,0,0,0,0,0,2817.87552365
20233,1123001498,16,1,15,0,5,3,2,4,2,0,0,0,0,0,1,0,5,3,2,4,1,1808.47977986
20233,1123001499,6,4,2,0,2,1,1,2,0,0,2,1,0,1,0,0,0,0,1,1,0,1821.86097926
20233,1123001501,16,9,7,0,0,6,2,8,0,0,0,4,1,4,0,0,0,2,1,4,0,1697.95252412
20233,1123001505,8,4,4,0,0,4,1,2,1,0,0,2,1,1,0,0,0,2,0,1,1,7638.06405978
20233,1123001509,110,75,35,0,7,25,30,30,18,0,6,17,21,17,14,0,1,8,9,13,4,10862.3147481
20233,1123001514,724,301,423,0,14,16,59,178,457,0,11,9,33,67,181,0,3,7,26,111,276,3651.64655198
20233,1123001516,22,2,20,0,5,7,3,3,4,0,0,0,0,0,2,0,5,7,3,3,2,7303.2756489
20233,1123001518,41,21,20,0,8,7,4,17,5,0,5,3,2,7,4,0,3,4,2,10,1,6825.94748015
20233,1123001520,19,15,4,0,6,3,7,2,1,0,3,3,6,2,1,0,3,0,1,0,0,2442.67438422
20233,1123001526,13,9,4,0,0,2,7,3,1,0,0,1,5,2,1,0,0,1,2,1,0,3198.73780029
20233,1123001530,23,11,12,0,4,6,7,3,3,0,2,0,5,1,3,0,2,6,2,2,0,7635.80977453
20233,1123001534,44,25,19,1,8,11,16,5,3,1,3,6,11,4,0,0,5,5,5,1,3,9796.04396006
20233,1123001536,7,6,1,0,0,1,3,0,3,0,0,1,2,0,3,0,0,0,1,0,0,6330.7126506
20233,1123001537,3,3,0,0,0,2,0,1,0,0,0,2,0,1,0,0,0,0,0,0,0,770.712491337
20233,1123001540,5,3,2,0,0,1,0,2,2,0,0,0,0,1,2,0,0,1,0,1,0,365.90759133
20233,1123001541,27,13,14,0,1,4,6,7,9,0,0,2,3,3,5,0,1,2,3,4,4,2661.1772161
20233,1123001542,12,9,3,0,0,1,4,5,2,0,0,0,3,4,2,0,0,1,1,1,0,2955.87505828
20233,1123001543,3,3,0,0,0,0,2,1,0,0,0,0,2,1,0,0,0,0,0,0,0,8596.90806714
20233,1123001548,7,2,5,0,3,1,1,2,0,0,1,0,0,1,0,0,2,1,1,1,0,2383.501796
20233,1123001552,1,0,1,0,0,0,0,0,1,0,0,0,0,0,0,0,0,0,0,0,1,780.11637716
20233,1123001555,15,7,8,0,0,3,3,5,4,0,0,1,1,2,3,0,0,2,2,3,1,2318.38621465
20233,1123001557,9,4,5,0,1,2,4,1,1,0,0,1,2,0,1,0,1,1,2,1,0,2655.03621618
20233,1123001562,2,2,0,0,0,0,0,1,1,0,0,0,0,1,1,0,0,0,0,0,0,2385.05822121
20233,1123001563,1,1,0,0,0,0,0,0,1,0,0,0,0,0,1,0,0,0,0,0,0,1105.44703502
20233,1123001564,155,114,41,0,21,31,37,46,20,0,16,26,25,31,16,0,5,5,12,15,4,9502.44158873
20233,1123001567,2,0,2,0,1,1,0,0,0,0,0,0,0,0,0,0,1,1,0,0,0,5111.96050348
20233,1123001571,12,8,4,0,0,1,1,8,2,0,0,1,0,5,2,0,0,0,1,3,0,2768.6736512
20233,1123001572,4,3,1,0,0,0,0,2,2,0,0,0,0,1,2,0,0,0,0,1,0,1958.7063422
20233,1123001573,2115,1411,704,12,473,565,537,385,143,9,328,398,329,244,103,3,145,167,208,141,40,5441.91728221
20233,1123001578,14,10,4,0,2,3,4,2,3,0,0,3,3,2,2,0,2,0,1,0,1,1097.38995478
20233,1123001579,49,7,42,0,0,5,9,31,4,0,0,1,2,2,2,0,0,4,7,29,2,807.433710519
20233,1123001583,2,2,0,0,0,0,0,1,1,0,0,0,0,1,1,0,0,0,0,0,0,1005.17816963
20233,1123001584,280,107,173,1,43,63,76,67,30,0,3,22,33,33,16,1,40,41,43,34,14,7992.12693281
20233,1123001588,272,248,24,0,1,7,37,98,129,0,0,2,27,94,125,0,1,5,10,4,4,6658.18866416
20233,1123001589,16,9,7,0,1,2,2,7,4,0,0,0,1,5,3,0,1,2,1,2,1,6674.14783146
20233,1123001592,13,8,5,0,0,3,8,2,0,0,0,1,5,2,0,0,0,2,3,0,0,9422.71776574
20233,1123001593,49,21,28,0,1,10,10,14,14,0,0,1,3,8,9,0,1,9,7,6,5,4203.23962719
20233,1123001594,82,38,44,0,10,16,17,23,16,0,8,11,5,9,5,0,2,5,12,14,11,6043.8271992
20233,1123001595,285,155,130,5,58,72,66,66,18,5,35,46,36,21,12,0,23,26,30,45,6,8134.30016491
20233,1123001596,7,2,5,0,0,0,0,1,6,0,0,0,0,0,2,0,0,0,0,1,4,2177.99281376
20233,1123001597,7,2,5,0,0,0,2,3,2,0,0,0,0,1,1,0,0,0,2,2,1,4043.53997307
20233,1123001598,9,6,3,0,0,2,1,3,3,0,0,1,0,3,2,0,0,1,1,0,1,8201.99578759
20233,1123001599,18,7,11,0,5,2,3,8,0,0,2,1,0,4,0,0,3,1,3,4,0,4523.47937648
20233,1123001603,10,7,3,0,2,1,4,3,0,0,0,1,4,2,0,0,2,0,0,1,0,2900.42462842
20233,1123001604,24,21,3,0,3,2,8,8,3,0,3,2,6,8,2,0,0,0,2,0,1,5674.69976032
20233,1123001606,45,24,21,0,2,11,13,13,6,0,1,8,4,8,3,0,1,3,9,5,3,8286.57684344
20233,1123001608,11,9,2,0,0,2,8,1,0,0,0,2,7,0,0,0,0,0,1,1,0,2528.02648496
20233,1123001609,13,5,8,0,4,5,4,0,0,0,1,2,2,0,0,0,3,3,2,0,0,5641.27108116
20233,1123001610,2,1,1,0,0,1,1,0,0,0,0,0,1,0,0,0,0,1,0,0,0,5021.12982437
20233,1123001611,24,16,8,0,2,5,8,7,2,0,0,3,6,5,2,0,2,2,2,2,0,2432.27787358
20233,1123001612,18,16,2,0,1,4,5,4,4,0,1,4,3,4,4,0,0,0,2,0,0,1069.3195533
20233,1123001614,2,1,1,0,0,0,0,2,0,0,0,0,0,1,0,0,0,0,0,1,0,4159.12468628
20233,1123001615,7,6,1,0,1,0,2,3,1,0,1,0,2,2,1,0,0,0,0,1,0,3305.78195532
20233,1123001617,15,4,11,0,1,9,3,2,0,0,0,1,2,1,0,0,1,8,1,1,0,6957.9189275
20233,1123001618,3,1,2,0,0,0,0,2,1,0,0,0,0,0,1,0,0,0,0,2,0,5984.21590529
20233,1123001621,7,0,7,0,0,1,1,4,1,0,0,0,0,0,0,0,0,1,1,4,1,4874.31694985
20233,1123001623,2,0,2,0,1,0,0,1,0,0,0,0,0,0,0,0,1,0,0,1,0,7212.21447054
20233,1123001625,40,26,14,0,5,3,9,12,11,0,4,2,5,6,9,0,1,1,4,6,2,10200.3265225
20233,1123001627,56,44,12,0,5,11,15,13,12,0,3,9,13,8,11,0,2,2,2,5,1,1501.43628989
20233,1123001629,24,12,12,0,6,4,7,5,2,0,4,1,1,4,2,0,2,3,6,1,0,1240.72513743
20233,1123001630,36,29,7,0,2,3,3,3,25,0,0,2,2,3,22,0,2,1,1,0,3,9988.33228846
20233,1123001631,26,9,17,0,1,0,5,10,10,0,0,0,2,2,5,0,1,0,3,8,5,3305.8485222
20233,1123001632,84,61,23,0,22,38,15,7,2,0,15,28,13,4,1,0,7,10,2,3,1,6750.31116411
20233,1123001633,2,1,1,0,0,0,1,1,0,0,0,0,0,1,0,0,0,0,1,0,0,6884.56562242
20233,1123001634,30,22,8,0,1,2,11,13,3,0,1,1,7,10,3,0,0,1,4,3,0,10865.4088096
20233,1123001635,20,7,13,0,4,2,7,5,2,0,3,2,1,1,0,0,1,0,6,4,2,10148.5998149
20233,1123001636,14,11,3,0,0,7,4,2,1,0,0,5,4,1,1,0,0,2,0,1,0,16477.1155956
20233,1123001637,66,26,40,0,4,6,14,25,17,0,0,0,7,10,9,0,4,6,7,15,8,10103.7257895
20233,1123001638,46,13,33,0,4,10,11,13,8,0,1,1,1,5,5,0,3,9,10,8,3,6998.01461805
20233,1123001639,55,23,32,0,9,20,13,9,4,0,3,6,8,4,2,0,6,14,5,5,2,7302.31771112
20233,1123001640,502,68,434,0,105,138,196,60,3,0,7,32,19,8,2,0,98,106,177,52,1,7463.03189471
20233,1123001642,106,84,22,1,25,33,21,13,13,1,20,29,11,12,11,0,5,4,10,1,2,6188.93719982
20233,1123001646,10,6,4,0,1,2,2,4,1,0,0,1,2,2,1,0,1,1,0,2,0,6821.34012799
20233,1123001649,7,5,2,0,0,3,3,0,1,0,0,3,2,0,0,0,0,0,1,0,1,4254.85928562
20233,1123001653,3,1,2,0,0,1,1,1,0,0,0,0,0,1,0,0,0,1,1,0,0,3074.36091837
20233,1123001654,35,16,19,0,2,3,14,5,11,0,1,2,10,2,1,0,1,1,4,3,10,4366.01332506
20233,1123001655,4,4,0,0,0,1,0,1,2,0,0,1,0,1,2,0,0,0,0,0,0,2515.36345007
20233,1123001672,2,0,2,0,0,1,1,0,0,0,0,0,0,0,0,0,0,1,1,0,0,770.715518982
20233,1123001673,67,10,57,0,7,15,31,14,0,0,1,4,4,1,0,0,6,11,27,13,0,15586.8132153
20233,1123001674,100,49,51,0,12,16,21,34,17,0,2,6,12,19,10,0,10,10,9,15,7,9743.13897554
20233,1123001675,79,34,45,0,11,13,13,27,15,0,4,6,6,7,11,0,7,7,7,20,4,9263.09745605
20233,1123001681,15,11,4,0,1,4,6,3,1,0,1,4,3,2,1,0,0,0,3,1,0,6276.58377682
20233,1123001683,2,1,1,0,1,0,1,0,0,0,1,0,0,0,0,0,0,0,1,0,0,1870.34371462
20233,1123001686,5,4,1,0,0,0,0,1,4,0,0,0,0,1,3,0,0,0,0,0,1,6396.27500015
20233,1123001692,5,3,2,0,0,0,1,2,2,0,0,0,0,1,2,0,0,0,1,1,0,5573.72641073
20233,1123001695,1718,1041,677,39,1366,276,32,4,1,23,780,204,29,4,1,16,586,72,3,0,0,3319.13818758
20233,1123001699,8,6,2,1,2,0,1,4,0,1,1,0,0,4,0,0,1,0,1,0,0,1514.18148639
20233,1123001704,235,117,118,1,34,48,80,38,34,1,10,19,38,24,25,0,24,29,42,14,9,5036.11964138
20233,1123001705,6,5,1,0,1,0,0,4,1,0,1,0,0,3,1,0,0,0,0,1,0,6642.42426424
20233,1123001706,49,14,35,0,14,14,13,5,3,0,3,1,4,3,3,0,11,13,9,2,0,3728.42218296
20233,1123001707,330,155,175,1,43,47,73,98,68,0,17,24,31,43,40,1,26,23,42,55,28,8545.53019173
20233,1123001708,95,66,29,0,29,28,16,8,14,0,18,25,10,4,9,0,11,3,6,4,5,8154.01474872
20233,1123001717,6,2,4,0,0,0,1,3,2,0,0,0,0,1,1,0,0,0,1,2,1,2678.28882192
20233,1123001718,4,3,1,0,0,1,0,1,2,0,0,0,0,1,2,0,0,1,0,0,0,6806.22010542
20233,1123001719,10,2,8,0,0,2,4,4,0,0,0,0,2,0,0,0,0,2,2,4,0,5209.53403597
20233,1123001722,6,0,6,0,1,3,1,1,0,0,0,0,0,0,0,0,1,3,1,1,0,2305.30489082
20233,1123001723,18,8,10,0,0,3,3,5,7,0,0,0,3,3,2,0,0,3,0,2,5,2202.31947404
20233,1123001728,3,1,2,0,0,2,1,0,0,0,0,0,1,0,0,0,0,2,0,0,0,1362.15195814
20233,1123001729,11,7,4,0,0,3,3,1,4,0,0,2,2,0,3,0,0,1,1,1,1,6839.26936854
20233,1123001731,45,26,19,0,5,6,16,13,5,0,0,4,11,6,5,0,5,2,5,7,0,8658.17422558
20233,1123001733,29,5,24,0,0,1,2,16,10,0,0,0,0,2,3,0,0,1,2,14,7,8296.31010887
20233,1123001738,5,5,0,0,2,1,0,0,2,0,2,1,0,0,2,0,0,0,0,0,0,1801.07270536
20233,1123001740,4,3,1,0,0,1,1,2,0,0,0,0,1,2,0,0,0,1,0,0,0,980.194432809
20233,1123001742,3,1,2,0,0,0,0,2,1,0,0,0,0,0,1,0,0,0,0,2,0,6160.8449913
20233,1123001747,452,214,238,1,43,103,138,141,26,0,25,60,68,47,14,1,18,43,70,94,12,4357.42417553
20233,1123001748,4,3,1,0,0,0,3,1,0,0,0,0,3,0,0,0,0,0,0,1,0,1241.384888
20233,1123001751,5,3,2,0,0,0,0,3,2,0,0,0,0,1,2,0,0,0,0,2,0,1670.12238524
20233,1123001752,13,8,5,0,0,1,2,8,2,0,0,1,2,3,2,0,0,0,0,5,0,3872.14504388
20233,1123001753,62,28,34,0,18,19,13,11,1,0,7,11,6,3,1,0,11,8,7,8,0,8907.81809772
20233,1123001754,3,2,1,0,0,0,1,2,0,0,0,0,1,1,0,0,0,0,0,1,0,1928.37964443
20233,1123001756,11,1,10,0,2,1,3,4,1,0,0,0,0,1,0,0,2,1,3,3,1,1925.65316767
20233,1123001757,9,7,2,0,1,1,5,1,1,0,0,1,4,1,1,0,1,0,1,0,0,3068.65804359
20233,1123001760,18,10,8,0,5,3,2,6,2,0,3,3,0,3,1,0,2,0,2,3,1,3977.20013561
20233,1123001761,2,2,0,0,0,0,1,1,0,0,0,0,1,1,0,0,0,0,0,0,0,4276.03451425
20233,1123001762,56,40,16,0,1,11,17,19,8,0,0,10,14,11,5,0,1,1,3,8,3,9550.87826095
20233,1123001765,5,3,2,0,2,0,0,2,1,0,1,0,0,1,1,0,1,0,0,1,0,3834.09074247
20233,1123001766,167,54,113,0,8,20,64,70,5,0,6,10,20,14,4,0,2,10,44,56,1,9297.4510458
20233,1123001772,19,15,4,0,3,3,1,7,5,0,3,3,0,5,4,0,0,0,1,2,1,6309.01429743
20233,1123001774,26,9,17,0,3,9,7,4,3,0,1,3,2,0,3,0,2,6,5,4,0,1681.53295582
20233,1123001775,7,6,1,0,0,1,4,0,2,0,0,1,3,0,2,0,0,0,1,0,0,6648.50062046
20233,1123001776,15,9,6,0,3,1,4,2,5,0,3,1,1,2,2,0,0,0,3,0,3,6692.04152494
20233,1123001777,77,42,35,0,5,16,22,22,12,0,4,7,11,10,10,0,1,9,11,12,2,13677.9660346
20233,1123001779,6,3,3,0,0,1,2,2,1,0,0,1,0,1,1,0,0,0,2,1,0,2915.40789666
20233,1123001780,50,37,13,0,3,9,17,15,6,0,1,6,13,13,4,0,2,3,4,2,2,7472.38544568
20233,1123001782,35,24,11,0,3,3,4,17,8,0,1,1,3,13,6,0,2,2,1,4,2,7896.5910533
20233,1123001784,29,20,9,0,0,4,9,12,4,0,0,4,5,8,3,0,0,0,4,4,1,28284.9379399
20233,1123001785,21,15,6,0,3,1,4,8,5,0,2,1,3,4,5,0,1,0,1,4,0,8923.63552952
20233,1123001786,14,8,6,0,3,5,3,3,0,0,1,3,2,2,0,0,2,2,1,1,0,4933.04247039
20233,1123001788,3,1,2,0,0,0,0,1,2,0,0,0,0,0,1,0,0,0,0,1,1,3354.96691417
20233,1123001790,222,216,6,0,0,2,24,88,108,0,0,1,22,87,106,0,0,1,2,1,2,6949.65081213
20233,1123001791,4,2,2,0,0,0,3,1,0,0,0,0,2,0,0,0,0,0,1,1,0,2909.24675782
20233,1123001793,12,0,12,0,0,4,5,1,2,0,0,0,0,0,0,0,0,4,5,1,2,1359.01102341
20233,1123001794,35,9,26,0,1,1,2,7,24,0,0,0,1,1,7,0,1,1,1,6,17,8827.21551829
20233,1123001795,13,10,3,0,0,0,3,5,5,0,0,0,3,4,3,0,0,0,0,1,2,11121.5233736
20233,1123001796,13,9,4,0,2,4,2,2,3,0,1,3,2,1,2,0,1,1,0,1,1,1051.54566169
20233,1123001797,14,6,8,0,0,5,7,2,0,0,0,2,3,1,0,0,0,3,4,1,0,4748.95147149
20233,1123001799,113,56,57,0,24,49,19,10,11,0,9,29,6,5,7,0,15,20,13,5,4,6519.11709223
20233,1123001800,25,8,17,0,1,6,6,10,2,0,1,2,3,2,0,0,0,4,3,8,2,5864.04942963
20233,1123001802,43,33,10,0,4,9,7,11,12,0,2,5,6,8,12,0,2,4,1,3,0,4983.96641971
20233,1123001803,90,85,5,0,0,4,12,28,46,0,0,3,10,28,44,0,0,1,2,0,2,4187.58088906
20233,1123001804,7,5,2,0,1,2,3,1,0,0,1,2,2,0,0,0,0,0,1,1,0,6604.14337509
20233,1123001805,8,2,6,0,1,3,4,0,0,0,0,0,2,0,0,0,1,3,2,0,0,14862.3520205
20233,1123001808,3,2,1,0,0,0,1,1,1,0,0,0,0,1,1,0,0,0,1,0,0,2977.21670631
20233,1123001810,5,3,2,0,1,0,1,3,0,0,1,0,1,1,0,0,0,0,0,2,0,4445.49689001
20233,1123001812,184,120,64,1,29,55,40,40,19,0,13,44,28,19,16,1,16,11,12,21,3,5745.42206838
20233,1123001814,9,6,3,0,0,1,5,3,0,0,0,1,3,2,0,0,0,0,2,1,0,2557.57993975
20233,1123001816,1,0,1,0,0,1,0,0,0,0,0,0,0,0,0,0,0,1,0,0,0,9384.3475861
20233,1123001819,21,18,3,0,3,8,5,3,2,0,2,6,5,3,2,0,1,2,0,0,0,1904.36639678
20233,1123001822,9,6,3,0,0,1,3,4,1,0,0,1,2,3,0,0,0,0,1,1,1,5127.23001287
20233,1123001824,3,3,0,0,1,0,0,2,0,0,1,0,0,2,0,0,0,0,0,0,0,3710.02490604
20233,1123001827,2,2,0,0,0,0,0,1,1,0,0,0,0,1,1,0,0,0,0,0,0,2452.77132621
20233,1123001829,10,3,7,0,2,3,3,2,0,0,0,1,1,1,0,0,2,2,2,1,0,2538.48517068
20233,1123001831,140,51,89,1,18,35,45,34,7,1,6,23,14,5,2,0,12,12,31,29,5,13598.1602686
20233,1123001847,23,18,5,1,4,3,6,6,3,0,4,3,3,5,3,1,0,0,3,1,0,5390.73527039
20233,1123001849,35,26,9,0,3,6,9,12,5,0,3,5,6,8,4,0,0,1,3,4,1,15884.2258296
20233,1123001853,41,34,7,0,2,2,7,15,15,0,0,2,6,11,15,0,2,0,1,4,0,3521.82595606
20233,1123001857,121,94,27,0,25,27,35,22,12,0,22,20,25,17,10,0,3,7,10,5,2,6295.81292237
20233,1123001859,8,8,0,0,1,1,5,1,0,0,1,1,5,1,0,0,0,0,0,0,0,1491.61008874
20233,1123001864,47,27,20,0,8,15,6,9,9,0,5,8,5,3,6,0,3,7,1,6,3,19668.2728815
20233,1123001869,4,3,1,0,0,2,1,0,1,0,0,1,1,0,1,0,0,1,0,0,0,5910.88547042
20233,1123001876,21,7,14,0,2,1,7,6,5,0,1,0,1,2,3,0,1,1,6,4,2,12264.955188
20233,1123001878,3,2,1,0,0,0,2,1,0,0,0,0,1,1,0,0,0,0,1,0,0,4265.14826027
20233,1123001885,39,16,23,0,6,12,6,9,6,0,3,5,1,6,1,0,3,7,5,3,5,3511.67954615
20233,1123001894,6,4,2,0,0,0,2,4,0,0,0,0,2,2,0,0,0,0,0,2,0,10382.5596797
20233,1123001898,13,3,10,0,2,3,4,1,3,0,0,0,2,0,1,0,2,3,2,1,2,10202.9924044
20233,1123001904,7,5,2,0,0,2,1,2,2,0,0,2,1,1,1,0,0,0,0,1,1,5919.14861411
20233,1123001907,3,2,1,0,1,0,1,1,0,0,0,0,1,1,0,0,1,0,0,0,0,2825.53634447
20233,1123001908,18,15,3,0,0,1,7,6,4,0,0,0,5,6,4,0,0,1,2,0,0,1786.3873178
20233,1123001909,4,3,1,0,0,0,0,2,2,0,0,0,0,1,2,0,0,0,0,1,0,1326.48799967
20233,1123001918,47,32,15,0,8,20,13,6,0,0,6,12,9,5,0,0,2,8,4,1,0,3609.02175634
20233,1123001924,2,2,0,0,0,0,0,1,1,0,0,0,0,1,1,0,0,0,0,0,0,2746.53735723
20233,1123001930,19,15,4,0,0,3,12,2,2,0,0,2,11,1,1,0,0,1,1,1,1,1972.12600563
20233,1123001935,7,3,4,0,1,0,2,3,1,0,0,0,1,1,1,0,1,0,1,2,0,16835.9273328
20233,1123001939,2,1,1,0,0,1,1,0,0,0,0,1,0,0,0,0,0,0,1,0,0,2390.50075085
20233,1123001940,85,19,66,0,5,5,11,23,41,0,5,1,9,3,1,0,0,4,2,20,40,1322.5410897
20233,1123001941,10,7,3,0,3,5,1,1,0,0,2,3,1,1,0,0,1,2,0,0,0,1211.01319982
20233,1123001944,7,1,6,0,0,1,2,4,0,0,0,0,0,1,0,0,0,1,2,3,0,4627.34944165
20233,1123001947,8,7,1,0,0,1,4,2,1,0,0,1,4,1,1,0,0,0,0,1,0,2646.56892023
20233,1123001957,3,0,3,0,1,0,1,0,1,0,0,0,0,0,0,0,1,0,1,0,1,2612.62853264
20233,1123001958,3,0,3,0,0,0,0,2,1,0,0,0,0,0,0,0,0,0,0,2,1,5223.47490317
20233,1123001965,5,3,2,0,1,0,1,2,1,0,0,0,1,1,1,0,1,0,0,1,0,2944.25809345
20233,1123001966,11,5,6,0,2,4,2,1,2,0,1,2,0,1,1,0,1,2,2,0,1,2149.47353253
20233,1123001973,14,0,14,0,1,3,3,4,3,0,0,0,0,0,0,0,1,3,3,4,3,4827.13451998
20233,1123001984,32,17,15,0,15,4,7,3,3,0,6,3,4,1,3,0,9,1,3,2,0,6624.73440979
20233,1123001986,10,4,6,0,1,0,5,0,4,0,1,0,0,0,3,0,0,0,5,0,1,2525.93626494
20233,1123001987,2,2,0,0,0,1,0,0,1,0,0,1,0,0,1,0,0,0,0,0,0,3663.45874161
20233,1123001990,9,3,6,0,0,2,2,2,3,0,0,2,1,0,0,0,0,0,1,2,3,4991.96970388
20233,1123001991,4,3,1,0,0,0,2,2,0,0,0,0,2,1,0,0,0,0,0,1,0,2957.58181393
20233,1123001992,440,323,117,1,52,73,136,142,36,0,34,47,100,115,27,1,18,26,36,27,9,2659.19958978
20233,1123001993,4,3,1,0,1,1,1,0,1,0,1,1,1,0,0,0,0,0,0,0,1,732.657724252
20233,1123001994,31,11,20,0,6,7,3,10,5,0,0,3,0,3,5,0,6,4,3,7,0,9181.08458714
20233,1123001999,4,2,2,0,0,1,0,3,0,0,0,0,0,2,0,0,0,1,0,1,0,5188.80815538
20233,1123002000,2,1,1,0,0,0,0,2,0,0,0,0,0,1,0,0,0,0,0,1,0,2839.57107339
20233,1123002004,2,0,2,0,0,0,0,1,1,0,0,0,0,0,0,0,0,0,0,1,1,3090.53973316
20233,1123002006,3,2,1,0,0,1,1,1,0,0,0,1,1,0,0,0,0,0,0,1,0,5106.74938669
20233,1123002009,2,0,2,0,0,0,1,1,0,0,0,0,0,0,0,0,0,0,1,1,0,3389.01848664
20233,1123002011,11,8,3,0,3,0,2,1,5,0,2,0,1,1,4,0,1,0,1,0,1,5210.0495317
20233,1123002014,8,6,2,0,0,1,6,0,1,0,0,1,4,0,1,0,0,0,2,0,0,4830.5152482
20233,1123002018,140,91,49,0,8,18,22,41,51,0,7,18,19,22,25,0,1,0,3,19,26,970.851822096
20233,1123002019,3,3,0,0,1,0,1,1,0,0,1,0,1,1,0,0,0,0,0,0,0,1411.74946427
20233,1123002021,4,2,2,0,0,1,1,2,0,0,0,0,0,2,0,0,0,1,1,0,0,3880.10666176
20233,1123002023,4,2,2,0,0,0,0,3,1,0,0,0,0,2,0,0,0,0,0,1,1,2546.96203805
20233,1123002027,5,5,0,0,1,2,2,0,0,0,1,2,2,0,0,0,0,0,0,0,0,1900.110492
20233,1123002036,2,2,0,0,0,0,1,1,0,0,0,0,1,1,0,0,0,0,0,0,0,3863.14836129
20233,1123002037,12,3,9,0,0,4,5,1,2,0,0,2,0,1,0,0,0,2,5,0,2,2698.79656527
20233,1123002043,18,15,3,0,2,2,5,5,4,0,2,2,3,4,4,0,0,0,2,1,0,2092.60410656
20233,1123002048,4,0,4,0,0,0,2,2,0,0,0,0,0,0,0,0,0,0,2,2,0,3539.71342265
20233,1123002056,3,1,2,0,1,0,1,0,1,0,0,0,0,0,1,0,1,0,1,0,0,5004.34740564
20233,1123002061,6,5,1,0,0,1,2,2,1,0,0,0,2,2,1,0,0,1,0,0,0,2221.79576457
20233,1123002064,29,9,20,0,3,9,7,8,2,0,1,3,1,2,2,0,2,6,6,6,0,1401.43957703
20233,1123002066,2,0,2,0,0,0,1,0,1,0,0,0,0,0,0,0,0,0,1,0,1,3561.66451619
20233,1123002070,9,6,3,0,2,1,2,2,2,0,2,1,1,1,1,0,0,0,1,1,1,3039.62631581
20233,1123002072,14,10,4,0,0,5,2,3,4,0,0,3,1,2,4,0,0,2,1,1,0,2242.76260131
20233,1123002074,4,1,3,0,0,0,0,3,1,0,0,0,0,1,0,0,0,0,0,2,1,2312.74095862
20233,1123002076,6,4,2,0,2,3,1,0,0,0,0,3,1,0,0,0,2,0,0,0,0,2454.79125138
20233,1123002078,8,3,5,0,1,0,4,1,2,0,0,0,2,0,1,0,1,0,2,1,1,13384.042897
20233,1123002082,2,1,1,0,0,1,0,0,1,0,0,1,0,0,0,0,0,0,0,0,1,1643.38839658
20233,1123002091,27,14,13,0,1,4,10,6,6,0,0,2,7,1,4,0,1,2,3,5,2,189650.855414
20233,1123002092,18,12,6,0,1,3,5,6,3,0,1,2,3,5,1,0,0,1,2,1,2,2870.71374496
20233,1123002095,14,4,10,0,3,2,4,3,2,0,1,0,0,1,2,0,2,2,4,2,0,26205.3453911
20233,1123002099,2,1,1,0,0,0,0,1,1,0,0,0,0,0,1,0,0,0,0,1,0,2225.95049321
20233,1123002102,1,0,1,0,0,1,0,0,0,0,0,0,0,0,0,0,0,1,0,0,0,1058.83492936
20233,1123002106,2,1,1,0,0,0,2,0,0,0,0,0,1,0,0,0,0,0,1,0,0,1729.18324543
20233,1123002110,8,7,1,0,0,3,1,4,0,0,0,3,1,3,0,0,0,0,0,1,0,4444.17989109
20233,1123002112,10,7,3,0,0,1,2,6,1,0,0,0,2,4,1,0,0,1,0,2,0,15684.4861607
20233,1123002117,28,14,14,0,1,5,11,10,1,0,0,3,4,6,1,0,1,2,7,4,0,5186.12357986
20233,1123002121,14,4,10,0,2,7,3,2,0,0,0,2,0,2,0,0,2,5,3,0,0,2346.17358884
20233,1123002126,664,359,305,1,62,131,186,167,117,0,26,74,88,93,78,1,36,57,98,74,39,4292.3381603
20233,1123002137,6,3,3,0,0,0,3,1,2,0,0,0,2,0,1,0,0,0,1,1,1,7388.25522622
20233,1123002138,146,95,51,0,27,42,40,24,13,0,10,26,28,20,11,0,17,16,12,4,2,10821.3304508
20233,1123002140,599,420,179,0,51,130,176,140,102,0,34,88,128,97,73,0,17,42,48,43,29,1806.47154327
20233,1123002143,3,3,0,0,0,1,0,1,1,0,0,1,0,1,1,0,0,0,0,0,0,2788.7430648
20233,1123002147,13,10,3,0,4,0,5,3,1,0,3,0,4,2,1,0,1,0,1,1,0,2812.86100703
20233,1123002149,131,77,54,0,24,35,20,29,23,0,16,26,15,9,11,0,8,9,5,20,12,1077.17964895
20233,1123002154,23,17,6,0,6,10,3,3,1,0,4,9,3,1,0,0,2,1,0,2,1,1062.3166324
20233,1123002155,5,4,1,0,0,1,1,2,1,0,0,1,1,1,1,0,0,0,0,1,0,2775.26012818
20233,1123002156,49,8,41,0,0,9,14,17,9,0,0,3,1,0,4,0,0,6,13,17,5,5600.48497582
20233,1123002158,7,4,3,0,0,0,4,3,0,0,0,0,3,1,0,0,0,0,1,2,0,3268.57726876
20233,1123002159,10,3,7,0,1,1,2,2,4,0,0,0,1,1,1,0,1,1,1,1,3,8732.50187672
20233,1123002160,169,34,135,0,6,9,33,72,49,0,3,3,9,7,12,0,3,6,24,65,37,5820.05613738
20233,1123002162,18,5,13,0,1,2,5,5,5,0,0,0,1,2,2,0,1,2,4,3,3,4503.00374877
20233,1123002166,4,3,1,0,0,0,0,0,4,0,0,0,0,0,3,0,0,0,0,0,1,4374.58570695
20233,1123002171,3,0,3,0,0,1,2,0,0,0,0,0,0,0,0,0,0,1,2,0,0,4935.77759267
20233,1123002173,70,33,37,0,8,17,10,19,16,0,1,5,4,10,13,0,7,12,6,9,3,4747.74478704
20233,1123002174,26,3,23,0,4,7,7,7,1,0,1,2,0,0,0,0,3,5,7,7,1,2632.94803202
20233,1123002175,11,10,1,0,3,2,6,0,0,0,3,2,5,0,0,0,0,0,1,0,0,4021.82257158
20233,1123002178,2,1,1,0,0,0,2,0,0,0,0,0,1,0,0,0,0,0,1,0,0,2490.52703263
20233,1123002179,9,6,3,0,1,1,1,5,1,0,1,0,1,3,1,0,0,1,0,2,0,4191.7694339
20233,1123002180,19,7,12,0,0,6,9,3,1,0,0,2,4,0,1,0,0,4,5,3,0,5056.23016698
20233,1123002183,88,11,77,0,7,28,28,21,4,0,2,2,3,2,2,0,5,26,25,19,2,16977.1701846
20233,1123002186,2,1,1,0,0,0,0,2,0,0,0,0,0,1,0,0,0,0,0,1,0,637.874780302
20233,1123002190,150,55,95,1,26,38,48,33,4,1,10,12,16,14,2,0,16,26,32,19,2,6912.98431199
20233,1123002191,2,1,1,0,0,0,0,1,1,0,0,0,0,0,1,0,0,0,0,1,0,4523.1297816
20233,1123002198,9,4,5,0,0,0,5,2,2,0,0,0,1,1,2,0,0,0,4,1,0,3443.34547656
20233,1123002199,2,0,2,0,1,0,1,0,0,0,0,0,0,0,0,0,1,0,1,0,0,2459.30964445
20233,1123002201,3,2,1,0,0,0,1,2,0,0,0,0,1,1,0,0,0,0,0,1,0,2464.20029723
20233,1123002204,24,10,14,0,2,6,4,6,6,0,0,4,2,0,4,0,2,2,2,6,2,1491.48814953
20233,1123002207,66,11,55,0,8,8,21,25,4,0,2,0,3,4,2,0,6,8,18,21,2,20535.5716621
20233,1123002209,23,6,17,0,3,2,6,8,4,0,1,2,1,0,2,0,2,0,5,8,2,13140.2743558
20233,1123002210,2,2,0,0,0,0,1,0,1,0,0,0,1,0,1,0,0,0,0,0,0,3223.23791026
20233,1123002215,5,2,3,0,0,1,3,1,0,0,0,0,2,0,0,0,0,1,1,1,0,3490.69604892
20233,1123002218,2,2,0,0,0,0,0,0,2,0,0,0,0,0,2,0,0,0,0,0,0,6562.4026054
20233,1123002220,54,21,33,0,15,17,11,5,6,0,1,3,8,4,5,0,14,14,3,1,1,16768.3859252
20233,1123002222,132,83,49,0,22,16,24,48,22,0,14,8,15,30,16,0,8,8,9,18,6,5179.10626493
20233,1123002224,1,1,0,0,0,0,0,1,0,0,0,0,0,1,0,0,0,0,0,0,0,5155.47349608
20233,1123002227,55,31,24,0,0,3,21,25,6,0,0,1,9,17,4,0,0,2,12,8,2,4133.41379771
20233,1123002229,29,6,23,0,0,6,10,11,2,0,0,1,2,1,2,0,0,5,8,10,0,25744.5218007
20233,1123002232,56,13,43,0,7,19,15,14,1,0,1,5,3,3,1,0,6,14,12,11,0,20769.5395934
20233,1123002235,349,138,211,2,87,67,59,92,42,0,20,40,37,19,22,2,67,27,22,73,20,4026.98877548
20233,1123002239,13,8,5,0,0,1,4,3,5,0,0,0,2,3,3,0,0,1,2,0,2,2505.9275616
20233,1123002241,917,558,359,0,89,219,256,253,100,0,40,72,162,195,89,0,49,147,94,58,11,264120.405593
20233,1123002242,12,8,4,0,0,6,3,3,0,0,0,4,2,2,0,0,0,2,1,1,0,3622.2253219
20233,1123002243,27,20,7,0,2,3,5,7,10,0,2,2,5,5,6,0,0,1,0,2,4,6707.2140141
20233,1123002244,33,18,15,0,5,8,8,9,3,0,0,3,4,9,2,0,5,5,4,0,1,5366.84284805
20233,1123002246,14,13,1,0,0,0,2,6,6,0,0,0,2,6,5,0,0,0,0,0,1,3571.80590865
20233,1123002247,68,27,41,0,13,24,14,9,8,0,2,9,6,5,5,0,11,15,8,4,3,3412.74802572
20233,1123002248,220,83,137,0,10,12,52,97,49,0,6,5,21,34,17,0,4,7,31,63,32,4472.11898723
20233,1123002249,46,24,22,0,2,6,10,5,23,0,1,2,5,2,14,0,1,4,5,3,9,6566.48065377
20233,1123002250,45,28,17,0,4,1,9,13,18,0,2,0,4,11,11,0,2,1,5,2,7,3517.35178291
20233,1123002251,40,21,19,0,9,4,6,8,13,0,1,2,5,6,7,0,8,2,1,2,6,7174.54945447
20233,1123002253,38,30,8,0,3,8,12,7,8,0,2,6,9,7,6,0,1,2,3,0,2,4171.19225771
20233,1123002254,12,7,5,0,0,3,2,2,5,0,0,1,2,1,3,0,0,2,0,1,2,7304.62080241
20233,1123002257,583,464,119,0,23,75,116,111,258,0,17,64,107,92,184,0,6,11,9,19,74,4505.1525303
20233,1123002262,42,15,27,0,7,12,13,5,5,0,0,3,8,1,3,0,7,9,5,4,2,6922.57938222
20233,1123002263,23,12,11,0,0,3,6,2,12,0,0,0,3,2,7,0,0,3,3,0,5,6290.75318039
20233,1123002265,3,2,1,0,0,0,1,0,2,0,0,0,0,0,2,0,0,0,1,0,0,1874.69934541
20233,1123002266,3,2,1,0,0,0,0,2,1,0,0,0,0,2,0,0,0,0,0,0,1,1316.81873043
20233,1123002267,12,6,6,0,3,2,0,3,4,0,0,0,0,3,3,0,3,2,0,0,1,11343.4469245
20233,1123002270,5,4,1,0,0,0,2,2,1,0,0,0,2,1,1,0,0,0,0,1,0,680.022418855
20233,1123002272,5,3,2,0,0,0,1,2,2,0,0,0,1,0,2,0,0,0,0,2,0,2539.19443165
20233,1123002274,144,83,61,1,27,44,27,26,19,0,4,23,21,21,14,1,23,21,6,5,5,6450.61661385
20233,1123002276,22,11,11,0,1,6,7,3,5,0,0,3,5,1,2,0,1,3,2,2,3,6759.87866561
20233,1123002279,6,3,3,0,0,0,2,2,2,0,0,0,0,1,2,0,0,0,2,1,0,7141.81428832
20233,1123002281,7,6,1,0,1,2,1,3,0,0,1,1,1,3,0,0,0,1,0,0,0,1074.11712513
20233,1123002282,1,1,0,0,1,0,0,0,0,0,1,0,0,0,0,0,0,0,0,0,0,1740.97410592
20233,1123002283,4,3,1,0,0,1,1,2,0,0,0,1,1,1,0,0,0,0,0,1,0,1532.81553405
20233,1123002286,2,2,0,0,0,0,0,1,1,0,0,0,0,1,1,0,0,0,0,0,0,923.55901947
20233,1123002288,3,2,1,0,0,2,0,0,1,0,0,1,0,0,1,0,0,1,0,0,0,2666.28772958
20233,1123002290,8,5,3,0,0,0,1,5,2,0,0,0,0,3,2,0,0,0,1,2,0,5663.67935415
20233,1123002291,53,27,26,2,6,12,13,15,5,0,3,12,6,4,2,2,3,0,7,11,3,1857.36362904
20233,1123002292,6,6,0,0,0,1,2,0,3,0,0,1,2,0,3,0,0,0,0,0,0,5095.5741118
20233,1123002298,13,9,4,0,3,9,1,0,0,0,3,5,1,0,0,0,0,4,0,0,0,1788.32139912
20233,1123002300,24,13,11,0,0,4,4,7,9,0,0,2,2,3,6,0,0,2,2,4,3,5551.81187853
20233,1123002301,4,4,0,0,0,0,0,2,2,0,0,0,0,2,2,0,0,0,0,0,0,5556.88182803
20233,1123002303,3,1,2,0,0,1,0,1,1,0,0,0,0,0,1,0,0,1,0,1,0,1968.87547387
20233,1123002304,209,92,117,0,42,68,44,25,30,0,3,19,25,16,29,0,39,49,19,9,1,4136.59020888
20233,1123002311,7,6,1,0,0,0,1,4,2,0,0,0,1,3,2,0,0,0,0,1,0,2692.41951674
20233,1123002312,11,8,3,0,2,0,2,4,3,0,2,0,0,4,2,0,0,0,2,0,1,4527.89056143
20233,1123002313,3,2,1,0,0,0,0,1,2,0,0,0,0,1,1,0,0,0,0,0,1,6984.39564968
20233,1123002314,2,1,1,0,0,0,0,1,1,0,0,0,0,1,0,0,0,0,0,0,1,3617.12360981
20233,1123002315,30,3,27,0,0,3,2,19,6,0,0,1,0,1,1,0,0,2,2,18,5,3189.24692818
20233,1123002316,2,2,0,0,0,0,2,0,0,0,0,0,2,0,0,0,0,0,0,0,0,1090.98235375
20233,1123002321,6,1,5,0,1,1,1,2,1,0,0,0,0,0,1,0,1,1,1,2,0,3434.18195563
20233,1123002326,31,23,8,0,3,10,8,6,4,0,1,6,7,5,4,0,2,4,1,1,0,9551.84924255
20233,1123002327,4,2,2,0,0,0,0,1,3,0,0,0,0,1,1,0,0,0,0,0,2,3611.62367222
20233,1123002328,579,384,195,1,156,277,142,2,1,0,64,193,124,2,1,1,92,84,18,0,0,8105.10463962
20233,1123002330,7,6,1,0,0,1,3,1,2,0,0,1,3,1,1,0,0,0,0,0,1,4794.39141547
20233,1123002332,19,12,7,0,2,4,2,5,6,0,2,2,1,3,4,0,0,2,1,2,2,5008.30370071
20233,1123002333,2,1,1,0,1,0,0,1,0,0,1,0,0,0,0,0,0,0,0,1,0,1544.57627638
20233,1123002334,28,11,17,0,2,2,3,14,7,0,2,1,0,3,5,0,0,1,3,11,2,3360.12192372
20233,1123002335,3,2,1,0,0,0,1,1,1,0,0,0,0,1,1,0,0,0,1,0,0,2991.9522189
20233,1123002340,582,300,282,3,179,249,105,45,1,1,82,132,49,35,1,2,97,117,56,10,0,4844.07531438
20233,1123002341,55,14,41,0,8,15,17,11,4,0,3,3,3,1,4,0,5,12,14,10,0,16193.3263142
20233,1123002343,2,1,1,0,0,1,1,0,0,0,0,0,1,0,0,0,0,1,0,0,0,1511.35400755
20233,1123002345,104,75,29,0,13,31,37,11,12,0,7,26,29,8,5,0,6,5,8,3,7,3137.59640447
20233,1123002348,2,2,0,0,0,0,0,1,1,0,0,0,0,1,1,0,0,0,0,0,0,2043.68568529
20233,1123002351,52,17,35,0,1,0,14,30,7,0,0,0,6,6,5,0,1,0,8,24,2,2120.67131279
20233,1123002352,3,2,1,0,0,1,2,0,0,0,0,1,1,0,0,0,0,0,1,0,0,1209.85285074
20233,1123002353,9,6,3,0,0,0,0,5,4,0,0,0,0,3,3,0,0,0,0,2,1,4499.28234407
20233,1123002354,2,0,2,0,0,0,0,2,0,0,0,0,0,0,0,0,0,0,0,2,0,1737.93589134
20233,1123002358,18,11,7,0,1,3,6,6,2,0,1,1,4,3,2,0,0,2,2,3,0,2912.30757317
20233,1123002359,49,5,44,0,12,11,11,14,1,0,1,2,1,1,0,0,11,9,10,13,1,17341.5030527
20233,1123002360,120,70,50,0,15,27,24,39,15,0,11,20,18,16,5,0,4,7,6,23,10,4894.46703079
20233,1123002361,4,4,0,0,0,0,0,2,2,0,0,0,0,2,2,0,0,0,0,0,0,1614.26543567
20233,1123002362,13,8,5,0,4,1,4,3,1,0,2,1,2,2,1,0,2,0,2,1,0,4788.69494573
20233,1123002363,3,1,2,0,0,0,0,2,1,0,0,0,0,1,0,0,0,0,0,1,1,1850.30512168
20233,1123002365,25,19,6,0,6,3,9,5,2,0,4,3,7,3,2,0,2,0,2,2,0,4822.82214585
20233,1123002367,12,5,7,0,1,0,6,4,1,0,0,0,4,1,0,0,1,0,2,3,1,5047.00025452
20233,1123002368,2,2,0,0,0,0,1,1,0,0,0,0,1,1,0,0,0,0,0,0,0,3987.13698327
20233,1123002369,2,2,0,0,0,2,0,0,0,0,0,2,0,0,0,0,0,0,0,0,0,1163.20300487
20233,1123002372,4,4,0,0,0,1,1,1,1,0,0,1,1,1,1,0,0,0,0,0,0,1012.48171616
20233,1123002374,13,7,6,0,0,0,2,7,4,0,0,0,0,4,3,0,0,0,2,3,1,4366.4474611
20233,1123002379,36,31,5,0,2,4,2,9,19,0,0,4,1,8,18,0,2,0,1,1,1,11334.9830522
20233,1123002380,41,27,14,0,5,10,9,12,5,0,2,8,4,9,4,0,3,2,5,3,1,6193.59377387
20233,1123002382,29,15,14,0,1,8,10,6,4,0,0,5,6,3,1,0,1,3,4,3,3,4402.09264046
20233,1123002385,6,3,3,0,0,3,1,2,0,0,0,1,1,1,0,0,0,2,0,1,0,3269.75525522
20233,1123002386,3,3,0,0,0,1,0,2,0,0,0,1,0,2,0,0,0,0,0,0,0,1483.74198814
20233,1123002387,41,22,19,0,5,10,14,7,5,0,3,4,6,5,4,0,2,6,8,2,1,9483.39448294
20233,1123002388,9,6,3,0,0,0,2,4,3,0,0,0,1,3,2,0,0,0,1,1,1,3319.92875618
20233,1123002390,26,18,8,0,4,6,7,6,3,0,3,4,4,5,2,0,1,2,3,1,1,2716.47116399
20233,1123002392,8,7,1,0,0,0,2,4,2,0,0,0,2,3,2,0,0,0,0,1,0,6124.54651913
20233,1123002393,3,3,0,0,0,0,0,2,1,0,0,0,0,2,1,0,0,0,0,0,0,5701.47397597
20233,1123002394,4,3,1,0,0,0,1,3,0,0,0,0,1,2,0,0,0,0,0,1,0,2626.38319737
20233,1123002395,2,2,0,0,0,0,2,0,0,0,0,0,2,0,0,0,0,0,0,0,0,4594.25587329
20233,1123002401,2,1,1,0,0,0,0,1,1,0,0,0,0,0,1,0,0,0,0,1,0,1058.91228679
20233,1123002403,2,2,0,0,0,1,0,0,1,0,0,1,0,0,1,0,0,0,0,0,0,1549.284005
20233,1123002404,6,5,1,0,0,0,1,5,0,0,0,0,1,4,0,0,0,0,0,1,0,3479.13120395
20233,1123002405,2,2,0,1,0,0,0,1,0,1,0,0,0,1,0,0,0,0,0,0,0,2106.21908255
20233,1123002406,5,2,3,0,2,0,2,0,1,0,1,0,0,0,1,0,1,0,2,0,0,4386.64720564
20233,1123002407,17,12,5,0,3,3,7,4,0,0,2,2,6,2,0,0,1,1,1,2,0,2975.2159031
20233,1123002409,6,3,3,0,0,0,2,0,4,0,0,0,1,0,2,0,0,0,1,0,2,2822.09873085
20233,1123002410,2,1,1,0,0,0,1,0,1,0,0,0,1,0,0,0,0,0,0,0,1,6012.36030651
20233,1123002412,5,2,3,0,0,1,2,2,0,0,0,0,1,1,0,0,0,1,1,1,0,872.237863966
20233,1123002417,218,146,72,0,24,43,56,55,40,0,11,33,37,36,29,0,13,10,19,19,11,4639.88905157
20233,1123002418,5,0,5,0,0,0,1,3,1,0,0,0,0,0,0,0,0,0,1,3,1,1213.57278641
20233,1123002419,21,16,5,0,6,5,3,5,2,0,3,5,3,3,2,0,3,0,0,2,0,2466.30164489
20233,1123002422,29,21,8,0,9,9,1,9,1,0,8,5,1,6,1,0,1,4,0,3,0,5463.57178712
20233,1123002423,2,1,1,0,0,0,0,0,2,0,0,0,0,0,1,0,0,0,0,0,1,3874.95893226
20233,1123002424,15,7,8,0,1,9,3,0,2,0,1,3,2,0,1,0,0,6,1,0,1,1624.32393773
20233,1123002429,2,1,1,0,1,0,0,1,0,0,1,0,0,0,0,0,0,0,0,1,0,3171.77296686
20233,1123002430,7,5,2,0,0,1,2,4,0,0,0,1,1,3,0,0,0,0,1,1,0,1099.48313509
20233,1123002433,5,4,1,0,1,2,2,0,0,0,1,2,1,0,0,0,0,0,1,0,0,5130.40644399
20233,1123002434,24,17,7,0,0,0,12,7,5,0,0,0,9,5,3,0,0,0,3,2,2,5237.79948596
20233,1123002435,8,0,8,0,2,0,3,3,0,0,0,0,0,0,0,0,2,0,3,3,0,1498.45916254
20233,1123002440,4,2,2,0,1,0,1,1,1,0,0,0,1,0,1,0,1,0,0,1,0,1820.12008515
20233,1123002442,35,10,25,0,9,7,7,7,5,0,0,4,4,1,1,0,9,3,3,6,4,7620.53064753
20233,1123002445,32,9,23,0,2,10,5,5,10,0,0,1,5,1,2,0,2,9,0,4,8,3643.97908972
20233,1123002449,12,10,2,0,0,0,4,5,3,0,0,0,4,4,2,0,0,0,0,1,1,1637.41295732
20233,1123002450,93,46,47,1,9,15,26,31,11,0,5,7,8,16,10,1,4,8,18,15,1,8693.4001718
20233,1123002451,2,2,0,0,0,1,0,1,0,0,0,1,0,1,0,0,0,0,0,0,0,25580.1575984
20233,1123002452,17,13,4,0,1,4,1,8,3,0,1,2,1,7,2,0,0,2,0,1,1,2091.21336345
20233,1123002453,17,10,7,0,0,6,6,3,2,0,0,5,3,1,1,0,0,1,3,2,1,2457.9287146
20233,1123002454,38,33,5,0,1,14,12,10,1,0,1,11,10,10,1,0,0,3,2,0,0,2569.66618771
20233,1123002456,5,1,4,0,3,1,0,1,0,0,0,0,0,1,0,0,3,1,0,0,0,3951.77681175
20233,1123002457,48,29,19,0,1,3,7,6,31,0,0,3,2,2,22,0,1,0,5,4,9,5512.94256361
20233,1123002463,12,8,4,0,2,3,4,3,0,0,1,3,1,3,0,0,1,0,3,0,0,1523.82829576
20233,1123002464,7,5,2,0,0,1,4,2,0,0,0,1,3,1,0,0,0,0,1,1,0,5197.6500563
20233,1123002465,2,1,1,0,1,0,0,0,1,0,0,0,0,0,1,0,1,0,0,0,0,705.889362071
20233,1123002472,8,5,3,0,2,3,1,2,0,0,0,3,1,1,0,0,2,0,0,1,0,2905.04995382
20233,1123002475,10,7,3,0,0,1,1,3,5,0,0,1,1,1,4,0,0,0,0,2,1,5663.62654563
20233,1123002476,10,6,4,0,0,0,4,6,0,0,0,0,2,4,0,0,0,0,2,2,0,5499.72654896
20233,1123002478,12,9,3,0,0,1,2,7,2,0,0,0,1,6,2,0,0,1,1,1,0,1990.85372177
20233,1123002481,58,34,24,0,3,7,5,10,33,0,2,6,4,5,17,0,1,1,1,5,16,4628.88604209
20233,1123002485,14,8,6,0,8,0,2,4,0,0,6,0,0,2,0,0,2,0,2,2,0,4853.07922671
20233,1123002487,5,1,4,0,1,1,1,2,0,0,0,0,0,1,0,0,1,1,1,1,0,4611.10094684
20233,1123002489,2,1,1,0,0,0,0,0,2,0,0,0,0,0,1,0,0,0,0,0,1,7850.86244173
20233,1123002491,3,2,1,0,0,0,3,0,0,0,0,0,2,0,0,0,0,0,1,0,0,10097.4603887
20233,1123002494,15,12,3,0,2,4,4,1,4,0,2,4,2,1,3,0,0,0,2,0,1,4066.33760414
20233,1123002495,2,1,1,0,0,2,0,0,0,0,0,1,0,0,0,0,0,1,0,0,0,1145.19459214
20233,1123002498,53,21,32,0,0,2,11,36,4,0,0,1,6,11,3,0,0,1,5,25,1,6402.8538519
20233,1123002501,3,0,3,0,0,2,1,0,0,0,0,0,0,0,0,0,0,2,1,0,0,2280.57526831
20233,1123002502,2,1,1,0,0,0,0,2,0,0,0,0,0,1,0,0,0,0,0,1,0,3705.71252493
20233,1123002503,8,6,2,0,1,3,3,1,0,0,1,2,2,1,0,0,0,1,1,0,0,2292.53695395
20233,1123002509,2,2,0,0,0,0,1,1,0,0,0,0,1,1,0,0,0,0,0,0,0,6278.93086133
20233,1123002510,32,11,21,0,0,6,18,5,3,0,0,3,3,2,3,0,0,3,15,3,0,4955.8233255
20233,1123002513,66,12,54,0,8,19,21,14,4,0,1,2,2,3,4,0,7,17,19,11,0,13354.7864847
20233,1123002514,4,4,0,0,0,0,0,3,1,0,0,0,0,3,1,0,0,0,0,0,0,6745.76887548
20233,1123002515,4,4,0,0,0,1,0,0,3,0,0,1,0,0,3,0,0,0,0,0,0,3045.27256202
20233,1123002519,24,21,3,0,0,5,9,3,7,0,0,5,7,3,6,0,0,0,2,0,1,3643.99151507
20233,1123002520,2,1,1,0,0,0,1,1,0,0,0,0,1,0,0,0,0,0,0,1,0,4076.11845592
20233,1123002531,5,5,0,0,1,2,1,1,0,0,1,2,1,1,0,0,0,0,0,0,0,2836.64684626
20233,1123002536,4,3,1,0,0,0,4,0,0,0,0,0,3,0,0,0,0,0,1,0,0,3622.11421246
20233,1123002550,1,1,0,0,0,0,1,0,0,0,0,0,1,0,0,0,0,0,0,0,0,820.199193503
20233,1123002554,2,2,0,0,0,0,1,1,0,0,0,0,1,1,0,0,0,0,0,0,0,3691.36341801
20233,1123002565,8,6,2,0,0,3,2,1,2,0,0,2,1,1,2,0,0,1,1,0,0,1404.58152604
20233,1123002567,5,5,0,0,0,0,3,1,1,0,0,0,3,1,1,0,0,0,0,0,0,832.129823743
20233,1123002568,452,314,138,1,20,81,163,130,57,1,13,36,115,96,53,0,7,45,48,34,4,1831.48307665
20233,1123002578,6,6,0,0,1,1,0,3,1,0,1,1,0,3,1,0,0,0,0,0,0,4279.2552907
20233,1123002582,2,2,0,0,0,0,1,0,1,0,0,0,1,0,1,0,0,0,0,0,0,2176.99092134
20233,1123002589,2,1,1,0,0,1,1,0,0,0,0,0,1,0,0,0,0,1,0,0,0,1155.38552059
20233,1123002593,5,3,2,0,0,3,0,1,1,0,0,2,0,0,1,0,0,1,0,1,0,8385.24352629
20233,1123002601,49,33,16,0,8,17,22,2,0,0,4,13,15,1,0,0,4,4,7,1,0,1841.85327599
20233,1123002605,34,29,5,0,5,6,7,10,6,0,3,4,6,10,6,0,2,2,1,0,0,13237.1194942
20233,1123002606,4,2,2,0,0,1,1,0,2,0,0,0,1,0,1,0,0,1,0,0,1,4138.75667684
20233,1123002607,91,44,47,0,10,18,31,25,7,0,3,17,10,8,6,0,7,1,21,17,1,3940.03439716
20233,1123002608,5,2,3,0,0,3,0,0,2,0,0,1,0,0,1,0,0,2,0,0,1,7654.08675125
20233,1123002616,60,16,44,0,7,2,10,10,31,0,0,0,2,5,9,0,7,2,8,5,22,9243.73748842
20233,1123002618,11,5,6,0,2,2,1,0,6,0,0,1,0,0,4,0,2,1,1,0,2,6978.0957187
20233,1123002621,17,10,7,0,1,4,5,4,3,0,1,2,3,2,2,0,0,2,2,2,1,3854.78339284
20233,1123002622,207,117,90,3,56,37,45,44,22,2,26,23,30,23,13,1,30,14,15,21,9,2178.13917658
20233,1123002623,14,8,6,0,0,2,1,5,6,0,0,0,0,4,4,0,0,2,1,1,2,5821.58192479
20233,1123002627,4,3,1,0,1,2,1,0,0,0,1,1,1,0,0,0,0,1,0,0,0,3243.50498842
20233,1123002628,120,68,52,0,14,22,18,33,33,0,10,9,8,17,24,0,4,13,10,16,9,14535.9802083
20233,1123002629,80,28,52,0,5,14,17,27,17,0,3,5,8,6,6,0,2,9,9,21,11,3361.02961059
20233,1123002631,21,8,13,0,7,5,2,6,1,0,2,2,0,3,1,0,5,3,2,3,0,9423.44799531
20233,1123002633,237,141,96,0,12,26,41,58,100,0,7,17,19,35,63,0,5,9,22,23,37,10295.3038033
20233,1123002634,3,1,2,0,0,0,0,2,1,0,0,0,0,1,0,0,0,0,0,1,1,4481.7189554
20233,1123002635,14,3,11,0,0,1,5,4,4,0,0,0,2,0,1,0,0,1,3,4,3,2678.94766554
20233,1123002636,5,3,2,0,1,0,2,1,1,0,0,0,1,1,1,0,1,0,1,0,0,1044.62139714
20233,1123002638,8,3,5,0,0,1,2,2,3,0,0,0,1,0,2,0,0,1,1,2,1,3139.23114956
20233,1123002639,37,8,29,0,3,8,8,8,10,0,0,0,0,2,6,0,3,8,8,6,4,5673.18015791
20233,1123002640,216,125,91,0,22,19,29,58,88,0,11,14,13,27,60,0,11,5,16,31,28,7504.99769694
20233,1123002641,4,2,2,0,2,0,0,2,0,0,0,0,0,2,0,0,2,0,0,0,0,1893.06739058
20233,1123002643,15,3,12,0,4,3,1,3,4,0,0,0,0,0,3,0,4,3,1,3,1,5369.47236959
20233,1123002644,6,3,3,0,1,1,0,2,2,0,0,1,0,2,0,0,1,0,0,0,2,1270.4937998
20233,1123002645,10,3,7,0,1,3,2,3,1,0,0,0,0,2,1,0,1,3,2,1,0,5111.00326465
20233,1123002647,11,8,3,0,0,1,6,2,2,0,0,1,5,1,1,0,0,0,1,1,1,1792.53377292
20233,1123002650,54,35,19,0,3,15,6,12,18,0,1,11,3,6,14,0,2,4,3,6,4,3281.86765659
20233,1123002651,353,87,266,0,96,98,86,56,17,0,12,25,19,18,13,0,84,73,67,38,4,6172.00839944
20233,1123002654,3,2,1,0,1,0,2,0,0,0,0,0,2,0,0,0,1,0,0,0,0,3893.0683886
20233,1123002660,26,20,6,1,0,2,16,5,2,1,0,0,13,4,2,0,0,2,3,1,0,4042.42087228
20233,1123002662,8,4,4,0,0,0,3,4,1,0,0,0,2,1,1,0,0,0,1,3,0,1085.16450444
20233,1123002669,2,2,0,0,0,1,0,1,0,0,0,1,0,1,0,0,0,0,0,0,0,934.769917878
20233,1123002674,23,11,12,0,2,2,6,5,8,0,1,1,3,1,5,0,1,1,3,4,3,4746.99512161
20233,1123002677,6,4,2,0,1,2,1,1,1,0,0,2,1,0,1,0,1,0,0,1,0,719.96882156
20233,1123002683,22,18,4,0,0,5,8,9,0,0,0,2,7,9,0,0,0,3,1,0,0,781.21546642
20233,1123002684,3,1,2,0,1,0,0,2,0,0,0,0,0,1,0,0,1,0,0,1,0,1603.46469515
20233,1123002690,4,2,2,0,0,0,2,2,0,0,0,0,1,1,0,0,0,0,1,1,0,2896.75745726
20233,1123002692,10,0,10,0,0,3,3,4,0,0,0,0,0,0,0,0,0,3,3,4,0,1233.39585641
20233,1123002697,4,2,2,0,0,0,0,2,2,0,0,0,0,0,2,0,0,0,0,2,0,1989.42465704
20233,1123002699,10,9,1,0,1,5,2,1,1,0,1,4,2,1,1,0,0,1,0,0,0,926.081338484
20233,1123002701,5,4,1,0,0,0,5,0,0,0,0,0,4,0,0,0,0,0,1,0,0,778.779638929
20233,1123002706,2,0,2,0,0,0,1,1,0,0,0,0,0,0,0,0,0,0,1,1,0,1445.25842996
20233,1123002707,47,42,5,0,0,1,10,5,31,0,0,1,5,5,31,0,0,0,5,0,0,10946.0681679
20233,1123002708,6,2,4,0,0,2,3,0,1,0,0,0,2,0,0,0,0,2,1,0,1,4176.15077947
20233,1123002713,3,1,2,0,0,0,0,3,0,0,0,0,0,1,0,0,0,0,0,2,0,9693.84098584
20233,1123002714,43,27,16,0,8,8,15,5,7,0,5,3,8,4,7,0,3,5,7,1,0,4680.70346453
20233,1123002715,1,1,0,0,0,0,0,1,0,0,0,0,0,1,0,0,0,0,0,0,0,1253.9989814
20233,1123002717,2,2,0,0,0,0,1,1,0,0,0,0,1,1,0,0,0,0,0,0,0,2431.05873191
20233,1123002719,2,2,0,0,0,0,2,0,0,0,0,0,2,0,0,0,0,0,0,0,0,975.571989327
20233,1123002723,55,33,22,0,8,11,21,11,4,0,4,4,14,8,3,0,4,7,7,3,1,6040.37530546
20233,1123002725,2,2,0,0,0,0,1,0,1,0,0,0,1,0,1,0,0,0,0,0,0,3743.19124982
20233,1123002729,4,1,3,0,0,0,0,3,1,0,0,0,0,1,0,0,0,0,0,2,1,2279.12340816
20233,1123002733,16,13,3,0,1,4,5,6,0,0,0,4,4,5,0,0,1,0,1,1,0,5199.83648477
20233,1123002734,1,1,0,0,0,0,1,0,0,0,0,0,1,0,0,0,0,0,0,0,0,1502.51419786
20233,1123002736,6,5,1,0,1,0,3,2,0,0,0,0,3,2,0,0,1,0,0,0,0,2096.69549657
20233,1123002738,19,11,8,0,2,9,5,3,0,0,1,7,1,2,0,0,1,2,4,1,0,5995.60777454
20233,1123002742,6,5,1,0,0,1,1,3,1,0,0,0,1,3,1,0,0,1,0,0,0,5582.61413012
20233,1123002746,6,4,2,0,3,1,1,1,0,0,3,0,0,1,0,0,0,1,1,0,0,574.036106706
20233,1123002749,1,1,0,0,0,0,0,0,1,0,0,0,0,0,1,0,0,0,0,0,0,787.454644106
20233,1123002751,19,7,12,0,8,8,2,1,0,0,2,4,1,0,0,0,6,4,1,1,0,4083.93505586
20233,1123002755,249,59,190,1,30,20,16,43,139,1,6,10,9,5,28,0,24,10,7,38,111,7310.33141785
20233,1123002756,11,4,7,0,1,0,3,6,1,0,0,0,2,2,0,0,1,0,1,4,1,6327.95327245
20233,1123002757,1,1,0,0,0,0,0,1,0,0,0,0,0,1,0,0,0,0,0,0,0,5494.58312936
20233,1123002761,13,8,5,0,3,3,4,1,2,0,3,0,3,0,2,0,0,3,1,1,0,3105.93828489
20233,1123002766,18,3,15,0,5,5,3,3,2,0,0,1,2,0,0,0,5,4,1,3,2,7574.87214461
20233,1123002767,8,8,0,0,1,2,2,3,0,0,1,2,2,3,0,0,0,0,0,0,0,4733.72402152
20233,1123002769,2,2,0,0,0,0,0,0,2,0,0,0,0,0,2,0,0,0,0,0,0,2698.34449133
20233,1123002774,7,5,2,0,0,0,2,3,2,0,0,0,0,3,2,0,0,0,2,0,0,2959.69723667
20233,1123002776,802,598,204,0,138,382,114,113,55,0,87,323,78,80,30,0,51,59,36,33,25,5416.71290985
20233,1123002781,10,1,9,0,0,1,1,6,2,0,0,0,0,1,0,0,0,1,1,5,2,5162.70193978
20233,1123002784,19,8,11,0,1,6,7,4,1,0,1,4,2,1,0,0,0,2,5,3,1,2008.60643332
20233,1123002785,36,12,24,0,7,10,6,13,0,0,2,1,2,7,0,0,5,9,4,6,0,18019.1780333
20233,1123002786,6,2,4,0,1,0,2,3,0,0,0,0,1,1,0,0,1,0,1,2,0,4069.79125929
20233,1123002791,2,2,0,0,0,0,0,0,2,0,0,0,0,0,2,0,0,0,0,0,0,4494.47104337
20233,1123002792,9,4,5,0,1,3,1,4,0,0,0,0,1,3,0,0,1,3,0,1,0,2008.5003708
20233,1123002794,3,2,1,0,0,0,2,1,0,0,0,0,1,1,0,0,0,0,1,0,0,1972.92056067
20233,1123002797,114,27,87,0,21,25,25,23,20,0,9,8,3,3,4,0,12,17,22,20,16,13109.7705542
20233,1123002807,30,12,18,0,1,16,7,5,1,0,1,5,2,3,1,0,0,11,5,2,0,18763.0717535
20233,1123002811,5,4,1,0,1,1,1,2,0,0,1,1,0,2,0,0,0,0,1,0,0,823.418927319
20233,1123002814,14,6,8,0,1,4,2,3,4,0,0,3,0,0,3,0,1,1,2,3,1,6168.85521255
20233,1123002823,13,9,4,0,0,1,11,1,0,0,0,1,8,0,0,0,0,0,3,1,0,1481.26778293
20233,1123002827,5,4,1,0,0,1,1,1,2,0,0,1,1,1,1,0,0,0,0,0,1,1070.50199421
20233,1123002829,15,12,3,0,0,2,3,7,3,0,0,2,3,6,1,0,0,0,0,1,2,4181.02332029
20233,1123002831,3,1,2,0,0,0,1,0,2,0,0,0,1,0,0,0,0,0,0,0,2,5406.19270289
20233,1123002832,36,3,33,0,2,7,17,8,2,0,0,0,2,1,0,0,2,7,15,7,2,16011.9000326
20233,1123002833,2,1,1,0,0,0,1,1,0,0,0,0,0,1,0,0,0,0,1,0,0,4835.77166826
20233,1123002834,386,244,142,0,45,106,101,105,29,0,9,48,76,87,24,0,36,58,25,18,5,145231.340463
20233,1123002839,433,279,154,1,101,179,87,46,19,1,44,116,66,39,13,0,57,63,21,7,6,86929.4344295
20233,1123002840,783,366,417,1,238,302,113,86,43,0,79,128,68,55,36,1,159,174,45,31,7,204928.740361
20233,1123002845,1,0,1,0,0,0,0,1,0,0,0,0,0,0,0,0,0,0,0,1,0,1857.92952282
20233,1123002847,2,1,1,0,0,1,0,1,0,0,0,0,0,1,0,0,0,1,0,0,0,1332.09506987
20233,1123002848,4,0,4,0,0,2,0,2,0,0,0,0,0,0,0,0,0,2,0,2,0,2581.0345929
20233,1123002851,46,40,6,0,0,2,1,9,34,0,0,0,0,6,34,0,0,2,1,3,0,1452.37187066
20233,1123002865,4,1,3,0,2,0,0,2,0,0,0,0,0,1,0,0,2,0,0,1,0,5373.72049496
20233,1123002868,260,121,139,0,37,62,57,70,34,0,9,21,32,33,26,0,28,41,25,37,8,1510.91950751
20233,1123002876,47,26,21,1,5,18,15,6,2,1,3,10,9,3,0,0,2,8,6,3,2,15017.9680694
20233,1123002877,4,0,4,0,0,0,4,0,0,0,0,0,0,0,0,0,0,0,4,0,0,1607.11077524
20233,1123002880,4,4,0,0,0,3,1,0,0,0,0,3,1,0,0,0,0,0,0,0,0,6573.82251752
20233,1123002883,2,1,1,0,0,0,0,2,0,0,0,0,0,1,0,0,0,0,0,1,0,1318.55705442
20233,1123002886,2,1,1,0,0,0,1,1,0,0,0,0,0,1,0,0,0,0,1,0,0,2935.76638306
20233,1123002891,17,7,10,0,3,2,7,5,0,0,0,2,2,3,0,0,3,0,5,2,0,9962.6035372
20233,1123002895,14,7,7,0,0,2,3,4,5,0,0,2,1,1,3,0,0,0,2,3,2,4137.9390375
20233,1123002896,3,0,3,0,1,2,0,0,0,0,0,0,0,0,0,0,1,2,0,0,0,3959.52459558
20233,1123002898,28,6,22,0,6,10,5,5,2,0,2,1,1,1,1,0,4,9,4,4,1,6010.32442575
20233,1123002899,4,4,0,0,2,0,0,1,1,0,2,0,0,1,1,0,0,0,0,0,0,3200.76256493
20233,1123002900,25,18,7,0,0,6,9,7,3,0,0,5,5,6,2,0,0,1,4,1,1,13063.948137
20233,1123002901,13,9,4,0,1,0,1,5,6,0,0,0,0,5,4,0,1,0,1,0,2,3447.72831246
20233,1123002903,2,2,0,0,0,0,1,1,0,0,0,0,1,1,0,0,0,0,0,0,0,4492.04775526
20233,1123002905,10,9,1,0,5,2,0,0,3,0,4,2,0,0,3,0,1,0,0,0,0,5201.55250318
20233,1123002906,2,1,1,0,0,0,0,0,2,0,0,0,0,0,1,0,0,0,0,0,1,1563.78613036
20233,1123002907,5,2,3,0,0,0,2,1,2,0,0,0,1,0,1,0,0,0,1,1,1,4459.29513123
20233,1123002908,5,0,5,0,0,1,2,2,0,0,0,0,0,0,0,0,0,1,2,2,0,1661.85417865
20233,1123002911,6,0,6,0,0,0,4,1,1,0,0,0,0,0,0,0,0,0,4,1,1,3750.41693968
20233,1123002914,6,2,4,0,1,1,1,2,1,0,0,0,1,1,0,0,1,1,0,1,1,4604.29294001
20233,1123002915,13,5,8,0,1,2,4,1,5,0,0,2,2,0,1,0,1,0,2,1,4,4925.59184714
20233,1123002916,4,1,3,0,0,0,2,2,0,0,0,0,0,1,0,0,0,0,2,1,0,4142.42363309
20233,1123002917,4,3,1,0,0,1,0,2,1,0,0,1,0,1,1,0,0,0,0,1,0,603.027519223
20233,1123002918,9,0,9,0,3,3,1,0,2,0,0,0,0,0,0,0,3,3,1,0,2,1004.19322794
20233,1123002919,91,14,77,0,6,25,33,22,5,0,1,4,4,1,4,0,5,21,29,21,1,17689.5856703
20233,1123002920,5,4,1,0,0,0,0,2,3,0,0,0,0,2,2,0,0,0,0,0,1,2780.02974491
20233,1123002923,6,2,4,0,1,0,2,2,1,0,0,0,0,2,0,0,1,0,2,0,1,4296.91466037
20233,1123002924,15,6,9,0,2,8,2,0,3,0,0,4,1,0,1,0,2,4,1,0,2,3736.83245655
20233,1123002925,5,1,4,0,1,1,1,1,1,0,1,0,0,0,0,0,0,1,1,1,1,2422.05723758
20233,1123002926,22,9,13,0,4,6,4,3,5,0,4,1,1,1,2,0,0,5,3,2,3,1926.12998818
20233,1123002928,7,3,4,0,3,2,1,1,0,0,0,1,1,1,0,0,3,1,0,0,0,5427.73148192
20233,1123002929,17,11,6,0,0,6,5,2,4,0,0,4,5,1,1,0,0,2,0,1,3,6990.87268715
20233,1123002931,3,2,1,0,0,1,1,1,0,0,0,0,1,1,0,0,0,1,0,0,0,2471.75163454
20233,1123002937,52,42,10,0,1,9,20,11,11,0,1,7,16,8,10,0,0,2,4,3,1,34094.480476
20233,1123002938,15,6,9,0,8,2,5,0,0,0,1,1,4,0,0,0,7,1,1,0,0,68381.0030704
20233,1123002941,8,7,1,0,0,1,2,2,3,0,0,1,2,2,2,0,0,0,0,0,1,2186.89832288
20233,1123002942,16,9,7,1,1,5,2,3,4,0,0,3,1,2,3,1,1,2,1,1,1,8655.7840371
20233,1123002943,34,17,17,0,5,9,9,5,6,0,3,5,3,3,3,0,2,4,6,2,3,11806.3933984
20233,1123002946,1,1,0,0,1,0,0,0,0,0,1,0,0,0,0,0,0,0,0,0,0,2280.66381413
20233,1123002949,7,6,1,0,0,0,2,5,0,0,0,0,2,4,0,0,0,0,0,1,0,1173.42272159
20233,1123002951,15,9,6,0,1,1,4,3,6,0,1,1,3,0,4,0,0,0,1,3,2,3091.96541572
20233,1123002952,3,2,1,0,0,1,1,0,1,0,0,1,1,0,0,0,0,0,0,0,1,3942.64469453
20233,1123002953,5,3,2,1,1,0,1,1,1,1,0,0,1,1,0,0,1,0,0,0,1,4089.65904967
20233,1123002954,20,9,11,0,6,8,2,1,3,0,1,4,1,0,3,0,5,4,1,1,0,5493.46665185
20233,1123002956,4,4,0,0,0,0,0,1,3,0,0,0,0,1,3,0,0,0,0,0,0,22550.5034436
20233,1123002959,7,6,1,0,0,0,3,2,2,0,0,0,3,1,2,0,0,0,0,1,0,1461.94013885
20233,1123002960,3,1,2,0,0,1,1,1,0,0,0,0,0,1,0,0,0,1,1,0,0,2876.59289452
20233,1123002964,20,17,3,0,0,3,2,6,9,0,0,2,2,4,9,0,0,1,0,2,0,10333.6074492
20233,1123002965,2,1,1,0,0,1,0,0,1,0,0,0,0,0,1,0,0,1,0,0,0,1421.04892608
20233,1123002966,27,15,12,0,6,2,4,6,9,0,2,2,2,2,7,0,4,0,2,4,2,3956.03477432
20233,1123002967,84,54,30,0,14,8,28,25,9,0,8,6,15,17,8,0,6,2,13,8,1,13051.1044731
20233,1123002968,2,1,1,0,0,0,0,1,1,0,0,0,0,0,1,0,0,0,0,1,0,6251.95843482
20233,1123002974,319,252,67,0,20,58,110,115,16,0,10,50,85,96,11,0,10,8,25,19,5,4514.14451559
20233,1123002982,2,2,0,0,0,0,1,0,1,0,0,0,1,0,1,0,0,0,0,0,0,5860.91184551
20233,1123002985,230,126,104,0,26,57,60,49,38,0,11,36,41,30,8,0,15,21,19,19,30,1232.6863747
20233,1123002986,5,4,1,0,0,0,2,1,2,0,0,0,2,0,2,0,0,0,0,1,0,7121.21524291
20233,1123002990,47,33,14,0,7,4,12,14,10,0,5,4,6,9,9,0,2,0,6,5,1,12047.0287981
20233,1123002991,37,23,14,0,3,5,7,8,14,0,2,2,3,4,12,0,1,3,4,4,2,5781.13744145
20233,1123002993,4,4,0,0,0,0,2,0,2,0,0,0,2,0,2,0,0,0,0,0,0,6875.16128071
20233,1123002995,5,1,4,0,2,2,1,0,0,0,0,0,1,0,0,0,2,2,0,0,0,1339.17571596
20233,1123002996,92,27,65,0,10,15,14,5,48,0,3,6,3,2,13,0,7,9,11,3,35,7871.0655319
20233,1123002998,3,0,3,0,2,0,0,1,0,0,0,0,0,0,0,0,2,0,0,1,0,2231.43201635
20233,1123002999,2,2,0,0,0,0,1,1,0,0,0,0,1,1,0,0,0,0,0,0,0,1162.60106867
20233,1123003009,35,17,18,1,3,9,14,7,1,0,2,1,8,5,1,1,1,8,6,2,0,5556.41635339
20233,1123003012,8,5,3,0,1,2,2,2,1,0,0,0,2,2,1,0,1,2,0,0,0,1218.34512365
20233,1123003014,3,2,1,0,0,2,0,0,1,0,0,1,0,0,1,0,0,1,0,0,0,1182.30404241
20233,1123003018,12,11,1,0,0,2,1,5,4,0,0,2,0,5,4,0,0,0,1,0,0,8835.50062464
20233,1123003020,14,8,6,0,3,3,4,3,1,0,3,2,2,1,0,0,0,1,2,2,1,7216.11136233
20233,1123003022,2,1,1,0,0,0,2,0,0,0,0,0,1,0,0,0,0,0,1,0,0,1677.00612323
20233,1123003023,39,7,32,0,5,11,9,9,5,0,1,0,2,2,2,0,4,11,7,7,3,2959.45200321
20233,1123003024,17,2,15,0,0,5,5,4,3,0,0,0,0,0,2,0,0,5,5,4,1,1400.23542553
20233,1123003025,4,3,1,0,0,2,1,1,0,0,0,1,1,1,0,0,0,1,0,0,0,3303.94673515
20233,1123003029,5,4,1,0,0,0,0,5,0,0,0,0,0,4,0,0,0,0,0,1,0,4524.61911672
20233,1123003032,115,63,52,2,22,34,19,28,10,0,2,14,13,25,9,2,20,20,6,3,1,12058.3743236
20233,1123003034,5,1,4,0,0,0,1,4,0,0,0,0,0,1,0,0,0,0,1,3,0,2565.69065106
20233,1123003037,2,1,1,0,0,0,0,1,1,0,0,0,0,1,0,0,0,0,0,0,1,3638.95708217
20233,1123003038,9,4,5,0,0,1,1,3,4,0,0,1,0,2,1,0,0,0,1,1,3,3698.24780991
20233,1123003044,3,3,0,0,0,1,2,0,0,0,0,1,2,0,0,0,0,0,0,0,0,3574.12178366
20233,1123003046,3,2,1,0,0,0,1,1,1,0,0,0,1,0,1,0,0,0,0,1,0,3867.1605798
20233,1123003052,31,7,24,0,3,0,1,7,20,0,1,0,1,2,3,0,2,0,0,5,17,3927.52294582
20233,1123003057,10,6,4,0,1,0,2,3,4,0,1,0,1,1,3,0,0,0,1,2,1,3167.75738429
20233,1123003059,5,4,1,0,0,2,0,1,2,0,0,2,0,0,2,0,0,0,0,1,0,1313.90936941
20233,1123003060,16,12,4,0,1,1,4,8,2,0,0,1,3,6,2,0,1,0,1,2,0,3224.03133839
20233,1123003061,2,2,0,0,0,0,2,0,0,0,0,0,2,0,0,0,0,0,0,0,0,3218.04294109
20233,1123003063,13,6,7,0,5,2,2,1,3,0,1,1,1,1,2,0,4,1,1,0,1,9640.84880546
20233,1123003065,3,2,1,0,0,2,0,0,1,0,0,1,0,0,1,0,0,1,0,0,0,3022.13577466
20233,1123003066,17,3,14,0,0,7,3,6,1,0,0,1,0,2,0,0,0,6,3,4,1,1166.57534
20233,1123003067,18,1,17,0,3,5,3,4,3,0,0,0,0,0,1,0,3,5,3,4,2,1538.43611938
20233,1123003068,7,7,0,0,0,0,2,4,1,0,0,0,2,4,1,0,0,0,0,0,0,4541.00568846
20233,1123003069,3,2,1,0,1,0,0,2,0,0,0,0,0,2,0,0,1,0,0,0,0,1889.17113346
20233,1123003070,16,8,8,0,0,1,2,2,11,0,0,1,1,1,5,0,0,0,1,1,6,11129.0370473
20233,1123003078,2,2,0,0,0,0,1,1,0,0,0,0,1,1,0,0,0,0,0,0,0,1068.36855711
20233,1123003082,105,41,64,0,8,31,37,23,6,0,2,8,12,15,4,0,6,23,25,8,2,2342.93071185
20233,1123003094,186,107,79,0,22,45,48,46,25,0,10,21,23,29,24,0,12,24,25,17,1,5618.47306291
20233,1123003100,18,2,16,0,5,4,6,1,2,0,0,0,0,1,1,0,5,4,6,0,1,7604.23128972
20233,1123003105,39,18,21,0,9,10,9,9,2,0,3,3,5,5,2,0,6,7,4,4,0,3015.93063789
20233,1123003107,678,421,257,5,58,126,204,175,110,3,26,61,117,113,101,2,32,65,87,62,9,4626.95567548
20233,1123003118,4,3,1,0,0,0,2,2,0,0,0,0,2,1,0,0,0,0,0,1,0,4249.76234106
20233,1123003119,50,39,11,0,3,20,18,1,8,0,2,17,11,1,8,0,1,3,7,0,0,12868.6711485
20233,1123003120,25,15,10,0,1,2,7,13,2,0,1,2,6,6,0,0,0,0,1,7,2,11398.4598182
20233,1123003122,10,1,9,0,3,2,1,2,2,0,0,0,0,0,1,0,3,2,1,2,1,3272.18602586
20233,1123003124,185,82,103,0,26,43,43,59,14,0,13,15,9,35,10,0,13,28,34,24,4,19358.6191889
20233,1123003128,9,3,6,0,2,5,0,1,1,0,0,2,0,0,1,0,2,3,0,1,0,12928.1814159
20233,1123003129,22,17,5,0,2,5,8,6,1,0,2,3,7,4,1,0,0,2,1,2,0,4091.84871842
20233,1123003130,4,3,1,0,0,0,1,1,2,0,0,0,1,1,1,0,0,0,0,0,1,1471.64044485
20233,1123003131,4,2,2,0,0,0,1,2,1,0,0,0,0,1,1,0,0,0,1,1,0,3349.4808711
20233,1123003136,2,1,1,0,0,1,1,0,0,0,0,0,1,0,0,0,0,1,0,0,0,884.504306945
20233,1123003137,314,221,93,0,24,118,122,50,0,0,13,77,91,40,0,0,11,41,31,10,0,27614.2424638
20233,1123003138,18,7,11,0,0,0,6,9,3,0,0,0,3,2,2,0,0,0,3,7,1,8513.5283851
20233,1123003139,34,11,23,0,4,11,5,14,0,0,0,2,2,7,0,0,4,9,3,7,0,15038.7415062
20233,1123003144,5,3,2,0,0,0,0,3,2,0,0,0,0,1,2,0,0,0,0,2,0,1993.21277869
20233,1123003146,19,16,3,0,5,2,1,7,4,0,5,2,0,5,4,0,0,0,1,2,0,2252.1967799
20233,1123003147,67,10,57,0,8,15,18,22,4,0,1,2,0,3,4,0,7,13,18,19,0,17303.1775195
20233,1123003148,2,1,1,0,0,0,2,0,0,0,0,0,1,0,0,0,0,0,1,0,0,3128.59616429
20233,1123003150,297,225,72,1,6,12,9,21,248,1,2,7,1,12,202,0,4,5,8,9,46,5558.46557363
20233,1123003151,2,2,0,0,1,1,0,0,0,0,1,1,0,0,0,0,0,0,0,0,0,1743.12974971
20233,1123003153,19,3,16,0,0,6,4,7,2,0,0,1,1,0,1,0,0,5,3,7,1,2316.69666325
20233,1123003154,3,3,0,0,0,0,2,1,0,0,0,0,2,1,0,0,0,0,0,0,0,6281.24073051
20233,1123003155,20,11,9,0,1,0,3,11,5,0,1,0,2,4,4,0,0,0,1,7,1,3363.2077305
20233,1123003156,1,1,0,0,0,0,1,0,0,0,0,0,1,0,0,0,0,0,0,0,0,1373.31387675
20233,1123003158,18,16,2,0,0,3,5,4,6,0,0,3,4,4,5,0,0,0,1,0,1,8970.64619539
20233,1123003159,63,51,12,0,7,17,23,13,3,0,4,13,19,12,3,0,3,4,4,1,0,5480.83401
20233,1123003161,1,1,0,0,0,0,0,1,0,0,0,0,0,1,0,0,0,0,0,0,0,23579.4917903
20233,1123003166,3,1,2,0,0,1,0,1,1,0,0,0,0,0,1,0,0,1,0,1,0,3247.92058127
20233,1123003171,53,15,38,0,6,15,14,17,1,0,1,3,4,7,0,0,5,12,10,10,1,13633.9854419
20233,1123003175,8,7,1,0,0,1,2,2,3,0,0,1,2,2,2,0,0,0,0,0,1,9316.32131498
20233,1123003181,6,5,1,0,0,2,0,3,1,0,0,2,0,2,1,0,0,0,0,1,0,3407.7166487
20233,1123003182,3,2,1,0,0,1,1,1,0,0,0,0,1,1,0,0,0,1,0,0,0,2931.7594135
20233,1123003184,2,0,2,0,0,0,1,0,1,0,0,0,0,0,0,0,0,0,1,0,1,1837.34800783
20233,1123003186,55,37,18,0,3,14,19,19,0,0,1,7,11,18,0,0,2,7,8,1,0,1775.20415458
20233,1123003187,4,3,1,0,0,1,1,2,0,0,0,1,0,2,0,0,0,0,1,0,0,2689.88167951
20233,1123003192,4,4,0,0,0,0,1,3,0,0,0,0,1,3,0,0,0,0,0,0,0,3395.39822332
20233,1123003194,5,4,1,0,1,0,3,1,0,0,1,0,2,1,0,0,0,0,1,0,0,3940.78552013
20233,1123003195,7,4,3,0,0,0,1,5,1,0,0,0,1,3,0,0,0,0,0,2,1,2096.1240028
20233,1123003198,1,1,0,0,0,0,0,0,1,0,0,0,0,0,1,0,0,0,0,0,0,1773.35958788
20233,1123003199,13,8,5,0,1,5,3,3,1,0,1,2,1,3,1,0,0,3,2,0,0,11968.2079724
20233,1123003200,5,2,3,0,0,0,2,0,3,0,0,0,0,0,2,0,0,0,2,0,1,3125.45551703
20233,1123003201,126,50,76,0,22,34,37,19,14,0,2,11,15,10,12,0,20,23,22,9,2,3733.1613408
20233,1123003202,6,5,1,0,0,2,3,1,0,0,0,2,2,1,0,0,0,0,1,0,0,11987.7122254
20233,1123003204,4,4,0,0,0,0,1,1,2,0,0,0,1,1,2,0,0,0,0,0,0,3210.21328573
20233,1123003208,3,2,1,0,0,2,0,0,1,0,0,1,0,0,1,0,0,1,0,0,0,3851.541978
20233,1123003210,1,0,1,0,0,0,1,0,0,0,0,0,0,0,0,0,0,0,1,0,0,4020.53359944
20233,1123003211,62,45,17,0,12,16,17,12,5,0,8,13,12,8,4,0,4,3,5,4,1,8274.21403272
20233,1123003213,15,0,15,0,2,4,4,5,0,0,0,0,0,0,0,0,2,4,4,5,0,5956.24610527
20233,1123003214,7,0,7,0,0,0,4,2,1,0,0,0,0,0,0,0,0,0,4,2,1,1257.14468851
20233,1123003216,6,6,0,0,0,0,2,4,0,0,0,0,2,4,0,0,0,0,0,0,0,2667.28280985
20233,1123003217,6,2,4,1,0,2,2,1,0,0,0,1,0,1,0,1,0,1,2,0,0,3329.87581324
20233,1123003221,4,2,2,0,0,1,3,0,0,0,0,1,1,0,0,0,0,0,2,0,0,2101.70309045
20233,1123003222,7,2,5,0,0,1,4,1,1,0,0,1,0,1,0,0,0,0,4,0,1,2742.40524015
20233,1123003223,2,2,0,0,2,0,0,0,0,0,2,0,0,0,0,0,0,0,0,0,0,610.98000847
20233,1123003225,28,11,17,0,3,4,9,2,10,0,0,0,2,1,8,0,3,4,7,1,2,10602.3289047
20233,1123003227,5,3,2,0,0,1,1,1,2,0,0,0,0,1,2,0,0,1,1,0,0,3652.08823396
20233,1123003228,1,0,1,0,0,1,0,0,0,0,0,0,0,0,0,0,0,1,0,0,0,2456.07411552
20233,1123003230,163,52,111,0,15,17,34,42,55,0,7,8,17,11,9,0,8,9,17,31,46,141007.569639
20233,1123003231,1499,630,869,0,323,352,359,382,83,0,64,161,193,169,43,0,259,191,166,213,40,4303.94168553
20233,1123003242,4,2,2,0,0,0,0,1,3,0,0,0,0,1,1,0,0,0,0,0,2,6594.92086151
20233,1123003243,15,12,3,0,1,5,5,3,1,0,1,5,3,2,1,0,0,0,2,1,0,4674.05976834
20233,1123003244,5,3,2,0,1,0,0,2,2,0,0,0,0,1,2,0,1,0,0,1,0,2617.4533702
20233,1123003245,38,8,30,0,2,7,16,11,2,0,0,1,3,3,1,0,2,6,13,8,1,3968.17004883
20233,1129000001,19,1,18,0,4,6,4,3,2,0,0,0,0,0,1,0,4,6,4,3,1,3003.00535396
20233,1129000003,63,37,26,0,4,17,18,16,8,0,0,10,7,13,7,0,4,7,11,3,1,2810.55308507
20233,1129000008,88,19,69,0,36,24,10,8,10,0,2,5,3,2,7,0,34,19,7,6,3,7946.14242889
20233,1129000013,4,1,3,0,1,0,2,1,0,0,0,0,0,1,0,0,1,0,2,0,0,2883.14216599
20233,1129000016,2,0,2,0,0,0,1,0,1,0,0,0,0,0,0,0,0,0,1,0,1,1720.46424123
20233,1129000026,19,2,17,0,5,5,4,3,2,0,0,0,0,0,2,0,5,5,4,3,0,677.896615756
20233,1129000031,173,89,84,0,16,45,43,46,23,0,6,26,26,15,16,0,10,19,17,31,7,7682.32234575
20233,1129000032,8,4,4,0,0,2,1,2,3,0,0,2,0,0,2,0,0,0,1,2,1,3930.49844048
20233,1129000039,6,4,2,0,0,1,2,0,3,0,0,0,1,0,3,0,0,1,1,0,0,2677.49029149
20233,1129000042,5,0,5,0,0,0,2,0,3,0,0,0,0,0,0,0,0,0,2,0,3,17067.9713324
20233,1129000047,4,1,3,0,0,0,3,1,0,0,0,0,0,1,0,0,0,0,3,0,0,10290.4625534
20233,1129000049,42,9,33,0,12,7,11,8,4,0,0,0,5,2,2,0,12,7,6,6,2,8054.58226851
20233,1129000051,89,52,37,0,16,21,30,15,7,0,7,15,17,8,5,0,9,6,13,7,2,3961.21404433
20233,1129000062,218,74,144,1,29,62,65,38,23,0,13,20,16,14,11,1,16,42,49,24,12,2211.8899486
20233,1129000063,1,0,1,0,0,1,0,0,0,0,0,0,0,0,0,0,0,1,0,0,0,1984.38510667
20233,1129000070,358,154,204,0,45,52,105,117,39,0,22,25,42,40,25,0,23,27,63,77,14,27762.0060369
20233,1129000078,26,24,2,0,0,4,15,6,1,0,0,4,14,5,1,0,0,0,1,1,0,2532.94933053
20233,1129000086,104,47,57,0,28,16,25,17,18,0,10,7,10,7,13,0,18,9,15,10,5,2544.84774991
20233,1129000099,7,0,7,0,0,0,0,5,2,0,0,0,0,0,0,0,0,0,0,5,2,4588.45491458
20233,1129000104,29,12,17,0,0,7,10,5,7,0,0,3,4,2,3,0,0,4,6,3,4,7549.06429063
20233,1129000105,21,13,8,0,0,1,10,6,4,0,0,0,5,4,4,0,0,1,5,2,0,9426.87632765
20233,1129000115,120,68,52,1,33,41,24,16,5,0,16,27,10,10,5,1,17,14,14,6,0,1328.92312917
20233,1129000117,48,33,15,0,4,8,16,14,6,0,3,5,10,10,5,0,1,3,6,4,1,6622.64540695
20233,1129000118,20,3,17,0,1,6,8,4,1,0,0,0,1,1,1,0,1,6,7,3,0,5725.0525603
20233,1129000119,235,179,56,2,12,33,48,57,83,0,3,22,34,42,78,2,9,11,14,15,5,3283.84044582
20233,1129000131,35,9,26,0,10,12,6,4,3,0,0,3,3,2,1,0,10,9,3,2,2,4121.38126759
20233,1129000141,23,3,20,0,3,5,7,6,2,0,0,0,1,1,1,0,3,5,6,5,1,5649.8863137
20233,1129000149,272,135,137,0,32,45,106,66,23,0,12,21,50,42,10,0,20,24,56,24,13,3072.52310862
20233,1129000151,103,15,88,0,13,36,28,24,2,0,0,4,5,4,2,0,13,32,23,20,0,19784.0317989
20233,1129000154,4104,2068,2036,415,1905,1079,431,183,91,176,863,612,254,88,75,239,1042,467,177,95,16,2911.71914429
20233,1129000199,51,10,41,0,2,9,19,11,10,0,0,1,1,1,7,0,2,8,18,10,3,14872.3100721
20233,1129000200,32,29,3,0,0,1,3,8,20,0,0,1,3,5,20,0,0,0,0,3,0,4605.01613628
20233,1129000205,45,14,31,0,12,8,5,15,5,0,4,1,2,4,3,0,8,7,3,11,2,9684.75492897
20233,1129000216,15,9,6,0,1,1,5,4,4,0,0,0,3,3,3,0,1,1,2,1,1,7192.74839825
20233,1129000217,4,3,1,0,1,0,3,0,0,0,1,0,2,0,0,0,0,0,1,0,0,4529.78713502
20233,1129000218,6,3,3,0,0,0,3,2,1,0,0,0,1,2,0,0,0,0,2,0,1,2002.22047374
20233,1129000222,1,0,1,0,0,0,0,1,0,0,0,0,0,0,0,0,0,0,0,1,0,2355.9686265
20233,1129000226,25,18,7,0,0,5,11,4,5,0,0,2,10,2,4,0,0,3,1,2,1,5691.90574767
20233,1129000231,7,3,4,0,1,4,1,1,0,0,1,2,0,0,0,0,0,2,1,1,0,28476.078963
20233,1129000236,7,5,2,0,0,0,2,2,3,0,0,0,1,1,3,0,0,0,1,1,0,3825.23928098
20233,1129000238,18,13,5,0,0,5,2,7,4,0,0,2,2,7,2,0,0,3,0,0,2,10132.1033128
20233,1129000239,28,7,21,0,1,6,8,12,1,0,0,1,1,5,0,0,1,5,7,7,1,1974.53794165
20233,1129000240,19,12,7,0,2,4,4,5,4,0,1,2,2,3,4,0,1,2,2,2,0,5983.87898946
20233,1129000242,25,10,15,0,0,3,8,6,8,0,0,1,1,3,5,0,0,2,7,3,3,5381.7570772
20233,1129000243,10,7,3,1,0,3,6,0,0,0,0,3,4,0,0,1,0,0,2,0,0,5539.74042375
20233,1129000248,59,8,51,0,0,4,16,28,11,0,0,0,1,3,4,0,0,4,15,25,7,3053.45355792
20233,1129000249,93,19,74,0,12,17,19,26,19,0,2,5,5,1,6,0,10,12,14,25,13,11260.2036519
20233,1129000250,10,8,2,0,1,6,3,0,0,0,1,5,2,0,0,0,0,1,1,0,0,2917.0277682
20233,1129000252,25,16,9,0,1,9,7,6,2,0,1,6,4,4,1,0,0,3,3,2,1,2494.45260442
20233,1129000253,80,38,42,1,10,20,28,14,7,1,0,9,18,7,3,0,10,11,10,7,4,10863.379154
20233,1129000255,39,29,10,0,8,8,9,10,4,0,8,6,7,5,3,0,0,2,2,5,1,18553.8109315
20233,1129000259,2,1,1,0,0,0,1,1,0,0,0,0,1,0,0,0,0,0,0,1,0,3430.41905732
20233,1129000260,22,9,13,1,7,5,3,3,3,1,4,1,1,1,1,0,3,4,2,2,2,11322.6441677
20233,1129000262,38,10,28,0,11,7,9,9,2,0,5,1,1,2,1,0,6,6,8,7,1,3209.41082252
20233,1129000265,5,1,4,0,0,2,0,2,1,0,0,0,0,1,0,0,0,2,0,1,1,3424.79930994
20233,1129000273,12,7,5,0,1,2,5,3,1,0,1,2,2,2,0,0,0,0,3,1,1,4934.1020933
20233,1129000275,10,0,10,0,2,3,2,2,1,0,0,0,0,0,0,0,2,3,2,2,1,3805.91350446
20233,1129000280,12,7,5,0,1,1,3,3,4,0,1,1,1,1,3,0,0,0,2,2,1,2940.64197682
20233,1129000281,2,1,1,0,0,0,0,1,1,0,0,0,0,0,1,0,0,0,0,1,0,1873.3090004
20233,1129000284,50,25,25,0,3,10,14,14,9,0,2,5,9,6,3,0,1,5,5,8,6,17453.3113364
20233,1129000294,6,1,5,0,0,1,1,2,2,0,0,0,0,1,0,0,0,1,1,1,2,2356.93864494
20233,1129000303,5,3,2,0,0,0,2,3,0,0,0,0,1,2,0,0,0,0,1,1,0,5690.15376419
20233,1129000318,17,7,10,0,2,1,1,7,6,0,2,1,1,1,2,0,0,0,0,6,4,3832.52510983
20233,1129000321,23,12,11,0,3,3,7,5,5,0,1,2,3,3,3,0,2,1,4,2,2,18802.7956365
20233,1129000322,2,1,1,0,0,0,2,0,0,0,0,0,1,0,0,0,0,0,1,0,0,1228.72102
20233,1129000330,75,13,62,0,10,20,23,16,6,0,0,5,3,1,4,0,10,15,20,15,2,10218.1411501
20233,1129000335,92,60,32,0,3,16,25,21,27,0,2,9,12,13,24,0,1,7,13,8,3,6807.09646108
20233,1129000337,2,1,1,0,0,0,1,1,0,0,0,0,1,0,0,0,0,0,0,1,0,2139.15375133
20233,1129000341,50,14,36,0,4,14,15,17,0,0,0,2,8,4,0,0,4,12,7,13,0,22886.0896876
20233,1129000342,29,6,23,1,6,6,9,5,2,0,1,1,3,0,1,1,5,5,6,5,1,6058.26392649
20233,1129000343,3,0,3,0,0,0,0,2,1,0,0,0,0,0,0,0,0,0,0,2,1,66423.1669351
20233,1129000346,4,2,2,0,0,0,2,1,1,0,0,0,1,0,1,0,0,0,1,1,0,1669.7726758
20233,1129000350,2,1,1,0,0,0,0,1,1,0,0,0,0,0,1,0,0,0,0,1,0,2010.27400729
20233,1129000352,364,228,136,0,69,87,80,74,54,0,21,59,47,52,49,0,48,28,33,22,5,5464.41808822
20233,1129000354,1,1,0,0,0,0,0,1,0,0,0,0,0,1,0,0,0,0,0,0,0,1341.11667629
20233,1129000355,26,18,8,0,6,5,8,2,5,0,4,2,5,2,5,0,2,3,3,0,0,7105.56749095
20233,1129000360,4,0,4,0,0,1,2,1,0,0,0,0,0,0,0,0,0,1,2,1,0,7460.8954622
20233,1129000370,6,2,4,0,1,3,1,1,0,0,0,1,0,1,0,0,1,2,1,0,0,6500.29653181
20233,1129000387,7,3,4,0,0,0,2,5,0,0,0,0,1,2,0,0,0,0,1,3,0,876.585080906
20233,1129000393,23,14,9,0,7,6,4,5,1,0,4,4,2,3,1,0,3,2,2,2,0,6937.07027254
20233,1129000399,90,18,72,0,10,27,25,23,5,0,1,5,5,3,4,0,9,22,20,20,1,8017.20566594
20233,1129000404,8,7,1,0,0,4,0,3,1,0,0,3,0,3,1,0,0,1,0,0,0,4420.05960458
20233,1129000407,1103,298,805,8,497,361,132,79,26,0,75,125,37,39,22,8,422,236,95,40,4,5834.86487691
20233,1129000415,1,0,1,0,0,0,0,1,0,0,0,0,0,0,0,0,0,0,0,1,0,2012.5937853
20233,1129000417,14,3,11,0,1,2,7,4,0,0,0,1,1,1,0,0,1,1,6,3,0,8582.69223261
20233,1129000424,425,378,47,0,63,153,148,58,3,0,54,135,131,56,2,0,9,18,17,2,1,2187.70909293
20233,1129000438,10940,6783,4157,44,1682,2620,3536,1917,1141,13,807,1596,2417,1469,481,31,875,1024,1119,448,660,5266.54340769
20233,1129000448,95,43,52,0,13,39,21,14,8,0,3,21,4,9,6,0,10,18,17,5,2,3699.66282137
20233,1129000462,7,5,2,0,1,0,0,4,2,0,1,0,0,2,2,0,0,0,0,2,0,689.729106096
20233,1129000470,294,123,171,0,69,72,68,50,35,0,15,30,36,20,22,0,54,42,32,30,13,1437.52877038
20233,1129000482,49,40,9,0,3,9,9,14,14,0,3,6,7,12,12,0,0,3,2,2,2,3268.92247078
20233,1129000484,1,0,1,0,0,1,0,0,0,0,0,0,0,0,0,0,0,1,0,0,0,1194.0456133
20233,1129000486,1,1,0,0,0,0,0,0,1,0,0,0,0,0,1,0,0,0,0,0,0,3854.01878954
20233,1129000500,4,1,3,0,0,1,2,0,1,0,0,0,1,0,0,0,0,1,1,0,1,2258.24613742
20233,1129000514,15,11,4,0,0,2,4,3,6,0,0,1,2,2,6,0,0,1,2,1,0,5772.87533006
20233,1129000517,101,10,91,0,18,27,28,18,10,0,1,3,0,2,4,0,17,24,28,16,6,11352.5183472
20233,1129000518,7,5,2,0,1,2,2,1,1,0,1,1,1,1,1,0,0,1,1,0,0,2724.82460008
20233,1129000522,2,2,0,0,0,1,0,1,0,0,0,1,0,1,0,0,0,0,0,0,0,2964.98986681
20233,1129000532,192,57,135,0,12,36,46,61,37,0,1,12,11,17,16,0,11,24,35,44,21,4846.91070091
20233,1129000538,18,9,9,0,7,3,5,0,3,0,2,1,4,0,2,0,5,2,1,0,1,1874.16530021
20233,1129000540,20,11,9,0,5,1,8,6,0,0,4,0,3,4,0,0,1,1,5,2,0,3323.50657324
20233,1129000541,3,1,2,0,0,0,1,0,2,0,0,0,0,0,1,0,0,0,1,0,1,1485.44957098
20233,1129000543,18,6,12,0,1,2,2,3,10,0,1,2,1,0,2,0,0,0,1,3,8,1192.47309019
20233,1129000546,3,3,0,0,0,0,2,1,0,0,0,0,2,1,0,0,0,0,0,0,0,1322.72303375
20233,1129000548,4,3,1,0,1,3,0,0,0,0,1,2,0,0,0,0,0,1,0,0,0,1589.5683156
20233,1129000552,2,2,0,0,0,1,1,0,0,0,0,1,1,0,0,0,0,0,0,0,0,1015.37985709
20233,1129000556,3,1,2,0,0,1,0,0,2,0,0,0,0,0,1,0,0,1,0,0,1,4026.61390601
20233,1129000565,71,53,18,0,5,21,28,11,6,0,2,18,21,8,4,0,3,3,7,3,2,6219.92172054
20233,1129000568,56,7,49,0,2,4,9,31,10,0,1,2,1,1,2,0,1,2,8,30,8,10578.8997692
20233,1129000569,14,9,5,0,0,3,6,4,1,0,0,1,4,4,0,0,0,2,2,0,1,4116.63364968
20233,1129000570,4,2,2,0,0,0,0,2,2,0,0,0,0,1,1,0,0,0,0,1,1,2954.14405097
20233,1129000572,32,11,21,6,8,7,3,1,7,0,2,2,1,1,5,6,6,5,2,0,2,5876.21166167
20233,1129000573,2,2,0,0,0,0,1,0,1,0,0,0,1,0,1,0,0,0,0,0,0,3795.13387217
20233,1129000574,3,2,1,0,0,1,1,0,1,0,0,1,0,0,1,0,0,0,1,0,0,1854.58815205
20233,1129000577,145,53,92,0,15,45,46,30,9,0,3,12,15,17,6,0,12,33,31,13,3,5099.32249693
20233,1129000580,2,1,1,0,1,1,0,0,0,0,0,1,0,0,0,0,1,0,0,0,0,5278.8403183
20233,1129000581,5,4,1,0,2,1,2,0,0,0,2,1,1,0,0,0,0,0,1,0,0,728.809803529
20233,1129000582,5,5,0,0,0,0,0,1,4,0,0,0,0,1,4,0,0,0,0,0,0,4293.84573068
20233,1129000585,1,1,0,0,0,0,0,0,1,0,0,0,0,0,1,0,0,0,0,0,0,1119.84348948
20233,1129000586,4,3,1,0,0,0,3,1,0,0,0,0,2,1,0,0,0,0,1,0,0,676.027180238
20233,1129000588,10,5,5,0,0,6,0,2,2,0,0,3,0,1,1,0,0,3,0,1,1,745.10447959
20233,1129000590,15,8,7,0,3,4,7,1,0,0,0,2,5,1,0,0,3,2,2,0,0,5246.14530073
20233,1129000591,160,52,108,0,18,35,20,50,37,0,4,11,2,19,16,0,14,24,18,31,21,6663.82873504
20233,1129000592,14,6,8,0,1,2,1,3,7,0,0,1,1,1,3,0,1,1,0,2,4,3894.73715712
20233,1129000593,9,1,8,0,1,2,3,2,1,0,0,0,0,0,1,0,1,2,3,2,0,2662.32106892
20233,1129000595,30,20,10,1,9,10,4,5,1,0,5,7,4,3,1,1,4,3,0,2,0,5676.7046914
20233,1129000596,5,1,4,0,3,1,1,0,0,0,0,0,1,0,0,0,3,1,0,0,0,1686.97972103
20233,1129000597,16,15,1,0,0,1,5,8,2,0,0,1,4,8,2,0,0,0,1,0,0,7609.66171191
20233,1129000598,9,4,5,0,6,1,0,1,1,0,3,0,0,1,0,0,3,1,0,0,1,938.028927433
20233,1129000600,4,1,3,0,1,0,0,1,2,0,0,0,0,0,1,0,1,0,0,1,1,1907.89325531
20233,1129000601,6,6,0,0,0,2,2,2,0,0,0,2,2,2,0,0,0,0,0,0,0,4871.77079929
20233,1129000602,8,5,3,0,0,0,1,4,3,0,0,0,0,2,3,0,0,0,1,2,0,4921.87835847
20233,1129000603,12,5,7,0,0,5,3,2,2,0,0,1,2,1,1,0,0,4,1,1,1,5263.74067975
20233,1129000604,54,49,5,3,23,13,10,4,1,3,21,12,9,3,1,0,2,1,1,1,0,2010.8517074
20233,1129000605,47,12,35,0,20,11,9,3,4,0,0,1,6,1,4,0,20,10,3,2,0,4003.49988732
20233,1129000607,51,8,43,0,21,16,4,6,4,0,0,3,1,1,3,0,21,13,3,5,1,68994.1344654
20233,1129000608,11,3,8,0,1,2,2,3,3,0,0,0,0,1,2,0,1,2,2,2,1,3124.22075666
20233,1129000609,4,1,3,0,0,1,0,0,3,0,0,0,0,0,1,0,0,1,0,0,2,1166.11048829
20233,1129000610,13,2,11,0,4,2,4,2,1,0,0,0,1,1,0,0,4,2,3,1,1,4836.51376301
20233,1129000611,4,3,1,0,1,1,0,0,2,0,1,1,0,0,1,0,0,0,0,0,1,3119.89985555
20233,1129000612,59,29,30,8,1,9,17,17,7,8,1,4,2,8,6,0,0,5,15,9,1,6324.36993047
20233,1129000613,1,1,0,0,0,0,0,0,1,0,0,0,0,0,1,0,0,0,0,0,0,3121.35319166
20233,1129000614,1,1,0,0,0,0,0,0,1,0,0,0,0,0,1,0,0,0,0,0,0,16336.6769814
20233,1129000617,15,11,4,0,1,2,7,5,0,0,1,1,4,5,0,0,0,1,3,0,0,6965.76464849
20233,1129000618,6,5,1,0,0,2,4,0,0,0,0,2,3,0,0,0,0,0,1,0,0,1358.76041947
20233,1129000619,3,2,1,0,0,0,1,1,1,0,0,0,0,1,1,0,0,0,1,0,0,9165.84179353
20233,1129000620,8,6,2,0,0,1,1,5,1,0,0,1,1,4,0,0,0,0,0,1,1,5582.26139068
20233,1129000623,23,16,7,1,2,4,9,2,5,1,1,3,8,2,1,0,1,1,1,0,4,6312.11690292
20233,1129000624,1,1,0,0,0,0,0,0,1,0,0,0,0,0,1,0,0,0,0,0,0,4073.47087871
20233,1129000625,100,21,79,0,18,30,29,17,6,0,5,3,4,4,5,0,13,27,25,13,1,22975.5460365
20233,1129000626,14,10,4,0,0,4,3,3,4,0,0,2,1,3,4,0,0,2,2,0,0,2776.82359155
20233,1129000628,2,2,0,0,0,1,0,0,1,0,0,1,0,0,1,0,0,0,0,0,0,1896.74297675
20233,1129000629,13,3,10,0,2,5,5,1,0,0,0,0,3,0,0,0,2,5,2,1,0,4551.06674819
20233,1129000631,2,1,1,0,1,0,0,0,1,0,1,0,0,0,0,0,0,0,0,0,1,1112.3063394
20233,1129000632,21,16,5,0,2,3,5,8,3,0,1,2,3,7,3,0,1,1,2,1,0,6503.32882222
20233,1129000633,3,3,0,0,0,0,0,3,0,0,0,0,0,3,0,0,0,0,0,0,0,1283.48139986
20233,1129000634,4,4,0,0,0,0,2,1,1,0,0,0,2,1,1,0,0,0,0,0,0,2672.64788193
20233,1129000636,78,58,20,0,6,20,19,28,5,0,1,12,15,26,4,0,5,8,4,2,1,4855.63914073
20233,1129000639,2,0,2,0,0,0,1,0,1,0,0,0,0,0,0,0,0,0,1,0,1,3292.56368116
20233,1129000640,89,25,64,1,8,30,20,26,4,0,1,8,5,8,3,1,7,22,15,18,1,4755.49564657
20233,1129000643,5,2,3,0,1,1,2,0,1,0,1,0,1,0,0,0,0,1,1,0,1,808.10269634
20233,1129000645,4,4,0,0,0,0,2,1,1,0,0,0,2,1,1,0,0,0,0,0,0,940.508483314
20233,1129000646,5,1,4,0,1,1,0,1,2,0,0,0,0,0,1,0,1,1,0,1,1,4479.38114258
20233,1129000647,17,5,12,0,8,6,1,0,2,0,1,2,1,0,1,0,7,4,0,0,1,1143.15161662
20233,1129000648,9,7,2,0,0,4,4,0,1,0,0,3,3,0,1,0,0,1,1,0,0,4866.52521645
20233,1129000655,4,2,2,0,2,0,1,1,0,0,0,0,1,1,0,0,2,0,0,0,0,4900.26869254
20233,1129000659,3,1,2,0,0,0,2,0,1,0,0,0,1,0,0,0,0,0,1,0,1,4392.09165753
20233,1129000661,2,2,0,0,0,0,0,1,1,0,0,0,0,1,1,0,0,0,0,0,0,2164.75701438
20233,1129000662,28,17,11,0,0,4,5,7,12,0,0,1,3,3,10,0,0,3,2,4,2,6949.62737076
20233,1129000664,18,14,4,0,1,4,3,4,6,0,0,2,2,4,6,0,1,2,1,0,0,2356.89097495
20233,1129000665,130,116,14,0,0,5,21,41,63,0,0,3,18,33,62,0,0,2,3,8,1,7379.49035939
20233,1129000669,34,21,13,1,5,4,6,12,6,0,2,2,1,10,6,1,3,2,5,2,0,1685.18047767
20233,1129000670,2,1,1,0,0,0,2,0,0,0,0,0,1,0,0,0,0,0,1,0,0,1294.96423569
20233,1129000672,11,3,8,0,0,1,0,6,4,0,0,0,0,1,2,0,0,1,0,5,2,5713.46465004
20233,1129000673,9,1,8,0,5,3,1,0,0,0,0,0,1,0,0,0,5,3,0,0,0,2509.59399613
20233,1129000674,8,5,3,0,1,1,0,4,2,0,1,0,0,3,1,0,0,1,0,1,1,3918.578309
20233,1129000679,153,34,119,0,10,19,40,52,32,0,2,6,8,11,7,0,8,13,32,41,25,6096.61899836
20233,1129000680,20,12,8,1,0,6,6,4,3,0,0,3,4,3,2,1,0,3,2,1,1,4333.18084148
20233,1129000681,62,26,36,1,27,10,8,14,2,0,13,4,2,5,2,1,14,6,6,9,0,4869.75500874
20233,1129000683,9,8,1,0,1,1,2,3,2,0,1,1,1,3,2,0,0,0,1,0,0,1752.87978491
20233,1129000684,154,82,72,0,31,34,34,33,22,0,8,20,22,18,14,0,23,14,12,15,8,3738.99523684
20233,1129000685,12,9,3,0,0,3,3,4,2,0,0,2,2,4,1,0,0,1,1,0,1,4592.83741425
20233,1129000690,4,3,1,0,0,0,0,3,1,0,0,0,0,2,1,0,0,0,0,1,0,4005.13853828
20233,1129000692,15,2,13,0,3,2,5,3,2,0,0,0,1,1,0,0,3,2,4,2,2,6129.40076765
20233,1129000695,6,4,2,0,0,1,1,1,3,0,0,1,0,1,2,0,0,0,1,0,1,2472.25712337
20233,1129000696,13,5,8,0,0,2,5,2,4,0,0,0,1,2,2,0,0,2,4,0,2,6057.95367591
20233,1129000697,19,4,15,0,0,0,0,13,6,0,0,0,0,4,0,0,0,0,0,9,6,6087.19119562
20233,1129000698,2,1,1,0,0,0,0,2,0,0,0,0,0,1,0,0,0,0,0,1,0,1985.0563129
20233,1129000700,107,58,49,1,4,12,22,29,39,1,2,8,8,9,30,0,2,4,14,20,9,5151.86605373
20233,1129000701,3,1,2,0,0,1,1,1,0,0,0,0,0,1,0,0,0,1,1,0,0,1456.7712311
20233,1129000702,26,10,16,0,4,7,8,2,5,0,1,4,0,1,4,0,3,3,8,1,1,9990.66616499
20233,1129000703,38,33,5,0,1,4,12,13,8,0,1,3,11,10,8,0,0,1,1,3,0,4548.97385831
20233,1129000706,11,6,5,0,1,6,3,1,0,0,0,4,1,1,0,0,1,2,2,0,0,11643.727626
20233,1129000713,65,40,25,0,20,27,12,6,0,0,11,14,10,5,0,0,9,13,2,1,0,5438.45813851
20233,1129000714,15,10,5,0,1,2,2,8,2,0,1,0,0,7,2,0,0,2,2,1,0,6700.82958602
20233,1129000716,25,3,22,0,1,2,1,0,21,0,0,2,0,0,1,0,1,0,1,0,20,7504.20334069
20233,1129000717,20,18,2,0,1,2,5,11,1,0,1,1,5,10,1,0,0,1,0,1,0,923.785981563
20233,1129000720,11,7,4,0,1,1,6,3,0,0,1,1,3,2,0,0,0,0,3,1,0,6136.7999923
20233,1129000722,67,35,32,0,9,19,17,20,2,0,4,7,11,12,1,0,5,12,6,8,1,5894.81091272
20233,1129000723,8,5,3,0,0,2,3,1,2,0,0,2,1,1,1,0,0,0,2,0,1,1944.3136627
20233,1129000724,2,2,0,0,0,2,0,0,0,0,0,2,0,0,0,0,0,0,0,0,0,2235.58839446
20233,1129000726,31,24,7,3,2,4,8,10,4,3,1,1,6,9,4,0,1,3,2,1,0,3738.97601094
20233,1129000732,3,3,0,0,0,0,2,1,0,0,0,0,2,1,0,0,0,0,0,0,0,3050.11966354
20233,1129000739,37,30,7,0,4,7,11,8,7,0,3,5,9,7,6,0,1,2,2,1,1,8202.46308964
20233,1129000740,145,97,48,0,7,36,38,41,23,0,3,17,25,31,21,0,4,19,13,10,2,9541.93127465
20233,1129000741,56,20,36,0,3,16,17,14,6,0,0,6,6,4,4,0,3,10,11,10,2,4143.61013048
20233,1129000742,3,2,1,0,0,0,1,2,0,0,0,0,0,2,0,0,0,0,1,0,0,1431.23791778
20233,1129000743,61,42,19,0,1,11,14,23,12,0,0,7,8,16,11,0,1,4,6,7,1,7113.146768
20233,1129000744,757,537,220,0,2,7,21,54,673,0,2,6,9,25,495,0,0,1,12,29,178,904.36961389
20233,1129000745,15,13,2,0,1,3,4,6,1,0,0,2,4,6,1,0,1,1,0,0,0,3710.29729485
20233,1129000746,2,2,0,0,0,1,1,0,0,0,0,1,1,0,0,0,0,0,0,0,0,2143.21195944
20233,1129000748,10,7,3,0,1,1,6,0,2,0,0,1,5,0,1,0,1,0,1,0,1,1118.38182539
20233,1129000749,8,7,1,0,0,3,5,0,0,0,0,3,4,0,0,0,0,0,1,0,0,948.530638041
20233,1129000756,58,36,22,0,19,13,19,7,0,0,9,6,17,4,0,0,10,7,2,3,0,4848.63238981
20233,1129000758,87,21,66,0,12,11,27,27,10,0,3,3,8,2,5,0,9,8,19,25,5,4746.70127887
20233,1129000759,8,6,2,0,0,3,2,1,2,0,0,1,2,1,2,0,0,2,0,0,0,4198.54580256
20233,1129000763,40,22,18,0,2,7,17,8,6,0,1,6,10,3,2,0,1,1,7,5,4,4077.80120428
20233,1129000767,1,0,1,0,0,1,0,0,0,0,0,0,0,0,0,0,0,1,0,0,0,3633.36732999
20233,1129000770,9,6,3,0,0,0,6,2,1,0,0,0,3,2,1,0,0,0,3,0,0,4494.64404784
20233,1129000773,2,0,2,0,0,0,2,0,0,0,0,0,0,0,0,0,0,0,2,0,0,3472.2940408
20233,1129000774,7,3,4,0,1,2,4,0,0,0,0,0,3,0,0,0,1,2,1,0,0,4345.99394664
20233,1129000775,9,2,7,0,1,4,2,2,0,0,0,1,0,1,0,0,1,3,2,1,0,3136.78108163
20233,1129000776,14,11,3,0,1,5,4,4,0,0,0,4,4,3,0,0,1,1,0,1,0,3585.98635768
20233,1129000780,1,1,0,0,0,0,0,1,0,0,0,0,0,1,0,0,0,0,0,0,0,9422.77781434
20233,1129000781,28,19,9,0,6,4,10,6,2,0,2,3,7,5,2,0,4,1,3,1,0,2547.94772849
20233,1129000782,24,8,16,3,3,4,11,2,1,0,0,2,5,0,1,3,3,2,6,2,0,5348.99714237
20233,1129000784,15,5,10,0,1,7,4,2,1,0,0,1,2,1,1,0,1,6,2,1,0,5119.40646325
20233,1129000787,10,4,6,0,5,2,1,1,1,0,1,2,0,0,1,0,4,0,1,1,0,3394.73541103
20233,1129000794,24,19,5,0,0,0,7,6,11,0,0,0,5,5,9,0,0,0,2,1,2,4926.52656172
20233,1129000796,12,8,4,0,0,0,2,4,6,0,0,0,1,3,4,0,0,0,1,1,2,4710.51065289
20233,1129000798,13,11,2,0,0,1,3,7,2,0,0,1,2,6,2,0,0,0,1,1,0,4172.81334224
20233,1129000800,23,20,3,0,5,2,5,6,5,0,5,2,3,6,4,0,0,0,2,0,1,9189.49733779
20233,1129000801,9,2,7,0,0,0,2,4,3,0,0,0,0,0,2,0,0,0,2,4,1,3116.91508343
20233,1129000802,2843,2591,252,0,311,1334,571,583,44,0,227,1193,545,582,44,0,84,141,26,1,0,1396.42794887
20233,1129000805,10,10,0,0,0,1,5,1,3,0,0,1,5,1,3,0,0,0,0,0,0,2544.69833752
20233,1129000806,7,7,0,0,1,1,2,3,0,0,1,1,2,3,0,0,0,0,0,0,0,4868.1024665
20233,1129000810,3,1,2,0,0,2,0,1,0,0,0,1,0,0,0,0,0,1,0,1,0,2902.12756064
20233,1129000811,106,87,19,2,12,20,28,21,23,1,6,18,24,19,19,1,6,2,4,2,4,4712.19466275
20233,1129000812,716,470,246,0,18,67,86,152,393,0,16,61,81,83,229,0,2,6,5,69,164,2416.06728545
20233,1129000814,1,0,1,0,0,0,0,0,1,0,0,0,0,0,0,0,0,0,0,0,1,3535.76576188
20233,1129000815,21,4,17,0,7,4,4,5,1,0,0,0,1,2,1,0,7,4,3,3,0,2705.47322857
20233,1129000818,22,12,10,0,2,4,5,8,3,0,2,3,3,2,2,0,0,1,2,6,1,5225.811889
20233,1129000819,99,23,76,0,17,14,21,39,8,0,1,7,10,3,2,0,16,7,11,36,6,5554.98911301
20233,1129000823,42,25,17,0,7,6,8,9,12,0,2,4,3,7,9,0,5,2,5,2,3,5420.59526373
20233,1129000826,45,35,10,1,8,8,10,15,3,1,5,7,6,13,3,0,3,1,4,2,0,4070.9246453
20233,1129000827,2,1,1,0,0,0,0,2,0,0,0,0,0,1,0,0,0,0,0,1,0,8345.35970478
20233,1129000829,8,3,5,0,1,2,2,2,1,0,0,2,1,0,0,0,1,0,1,2,1,838.622725244
20233,1129000831,2,1,1,0,0,0,0,2,0,0,0,0,0,1,0,0,0,0,0,1,0,4537.91626988
20233,1129000832,9,2,7,0,0,0,4,3,2,0,0,0,0,1,1,0,0,0,4,2,1,2183.68107382
20233,1129000833,3,2,1,0,0,0,0,0,3,0,0,0,0,0,2,0,0,0,0,0,1,879.295476845
20233,1129000837,3,3,0,0,0,1,1,1,0,0,0,1,1,1,0,0,0,0,0,0,0,6468.44824669
20233,1129000840,1,0,1,0,0,0,1,0,0,0,0,0,0,0,0,0,0,0,1,0,0,3295.81688917
20233,1129000841,13,6,7,0,1,5,4,1,2,0,1,2,1,1,1,0,0,3,3,0,1,5206.56465917
20233,1129000842,27,8,19,0,6,7,7,4,3,0,1,2,2,1,2,0,5,5,5,3,1,41579.382174
20233,1129000848,4,4,0,0,0,0,2,2,0,0,0,0,2,2,0,0,0,0,0,0,0,3721.90256055
20233,1129000852,1324,924,400,0,185,375,407,339,18,0,68,233,313,295,15,0,117,142,94,44,3,2298.98810316
20233,1129000856,17,7,10,0,0,2,7,4,4,0,0,0,2,2,3,0,0,2,5,2,1,7003.62599755
20233,1129000858,6,2,4,0,1,0,1,0,4,0,0,0,0,0,2,0,1,0,1,0,2,6460.11439249
20233,1129000860,4,3,1,0,0,2,2,0,0,0,0,1,2,0,0,0,0,1,0,0,0,11302.0638409
20233,1129000865,11,2,9,0,0,1,6,4,0,0,0,0,2,0,0,0,0,1,4,4,0,5324.17018796
20233,1129000866,63,47,16,0,7,24,17,11,4,0,2,16,16,9,4,0,5,8,1,2,0,5136.25425065
20233,1129000867,23,6,17,0,4,3,8,7,1,0,1,0,1,4,0,0,3,3,7,3,1,5045.4005423
20233,1129000868,24,19,5,0,4,13,5,1,1,0,3,11,3,1,1,0,1,2,2,0,0,9852.24429658
20233,1129000874,2,2,0,0,0,0,1,1,0,0,0,0,1,1,0,0,0,0,0,0,0,1406.93640558
20233,1129000885,2,2,0,0,0,1,0,1,0,0,0,1,0,1,0,0,0,0,0,0,0,5231.8062761
20233,1129000893,241,226,15,0,10,91,87,39,14,0,9,87,84,33,13,0,1,4,3,6,1,2119.1117736
20233,1129000903,6,5,1,0,1,1,4,0,0,0,1,0,4,0,0,0,0,1,0,0,0,1007.05343671
20233,1129000907,3,2,1,0,0,0,2,1,0,0,0,0,1,1,0,0,0,0,1,0,0,48087.2623084
20233,1129000909,2,1,1,0,0,0,0,2,0,0,0,0,0,1,0,0,0,0,0,1,0,5166.2689427
20233,1129000918,16,0,16,0,5,2,5,4,0,0,0,0,0,0,0,0,5,2,5,4,0,14185.5072107
20233,1129000922,24,19,5,0,2,5,9,3,5,0,2,5,6,2,4,0,0,0,3,1,1,1524.11613458
20233,1129000928,185,109,76,0,23,27,34,38,63,0,7,15,22,23,42,0,16,12,12,15,21,1558.34090415
20233,1129000931,51,8,43,0,0,1,3,15,32,0,0,1,1,4,2,0,0,0,2,11,30,5185.99555115
20233,1129000932,4,3,1,0,0,1,1,2,0,0,0,1,1,1,0,0,0,0,0,1,0,2642.08715849
20233,1129000933,3,1,2,0,1,2,0,0,0,0,0,1,0,0,0,0,1,1,0,0,0,4002.61665704
20233,1129000936,2,1,1,0,0,0,0,2,0,0,0,0,0,1,0,0,0,0,0,1,0,1776.85046849
20233,1129000937,2,2,0,0,0,0,2,0,0,0,0,0,2,0,0,0,0,0,0,0,0,4500.351309
20233,1129000938,7,3,4,0,1,0,2,2,2,0,0,0,1,1,1,0,1,0,1,1,1,2365.00968403
20233,1129000943,3,0,3,0,0,0,0,2,1,0,0,0,0,0,0,0,0,0,0,2,1,11980.392721
20233,1129000945,2,1,1,0,0,0,1,1,0,0,0,0,1,0,0,0,0,0,0,1,0,1689.85260309
20233,1129000947,3,3,0,0,0,0,3,0,0,0,0,0,3,0,0,0,0,0,0,0,0,2011.29263515
20233,1129000948,11,3,8,0,1,0,0,7,3,0,0,0,0,3,0,0,1,0,0,4,3,4031.43145234
20233,1129000949,3,1,2,0,1,2,0,0,0,0,0,1,0,0,0,0,1,1,0,0,0,1465.83435404
20233,1129000950,2,1,1,0,0,0,2,0,0,0,0,0,1,0,0,0,0,0,1,0,0,4461.30782734
20233,1129000951,6,4,2,0,3,0,0,2,1,0,1,0,0,2,1,0,2,0,0,0,0,3920.70547856
20233,1129000953,3,1,2,0,0,0,2,1,0,0,0,0,1,0,0,0,0,0,1,1,0,2073.78218536
20233,1129000955,2,1,1,0,0,1,1,0,0,0,0,0,1,0,0,0,0,1,0,0,0,8279.33715161
20233,1129000961,8,0,8,0,0,1,5,2,0,0,0,0,0,0,0,0,0,1,5,2,0,1027.71170842
20233,1129000963,1,0,1,0,0,0,0,1,0,0,0,0,0,0,0,0,0,0,0,1,0,2936.63904732
20233,1129000966,5,3,2,0,1,1,2,1,0,0,0,1,1,1,0,0,1,0,1,0,0,3996.60147507
20233,1129000967,23,10,13,0,1,2,10,8,2,0,0,0,6,4,0,0,1,2,4,4,2,5835.11929548
20233,1129000968,21,16,5,0,3,5,1,6,6,0,3,4,1,5,3,0,0,1,0,1,3,5025.1413773
20233,1129000969,38,16,22,0,6,14,11,6,1,0,1,7,4,3,1,0,5,7,7,3,0,4441.18787613
20233,1129000975,23,4,19,0,5,4,7,6,1,0,0,2,0,1,1,0,5,2,7,5,0,2796.2155936
20233,1129000977,4,3,1,0,0,1,2,1,0,0,0,1,1,1,0,0,0,0,1,0,0,4341.64748414
20233,1129000978,5,2,3,0,0,0,1,4,0,0,0,0,0,2,0,0,0,0,1,2,0,1726.0931747
20233,1129000980,76,60,16,1,6,15,21,16,17,0,5,9,19,14,13,1,1,6,2,2,4,5095.56778035
20233,1129000981,1,1,0,0,0,0,0,1,0,0,0,0,0,1,0,0,0,0,0,0,0,1652.94656966
20233,1129000985,4,3,1,0,0,0,0,2,2,0,0,0,0,1,2,0,0,0,0,1,0,3395.58049285
20233,1129000986,4,1,3,0,0,2,1,0,1,0,0,0,0,0,1,0,0,2,1,0,0,4952.45455533
20233,1129000989,4,3,1,0,1,0,1,0,2,0,0,0,1,0,2,0,1,0,0,0,0,3070.24257225
20233,1129000991,3,2,1,0,0,0,0,1,2,0,0,0,0,1,1,0,0,0,0,0,1,2224.03921715
20233,1129000992,3,1,2,0,0,1,1,0,1,0,0,0,0,0,1,0,0,1,1,0,0,2179.81448763
20233,1129000993,77,10,67,0,12,23,28,12,2,0,3,2,4,1,0,0,9,21,24,11,2,23159.967845
20233,1129000994,70,32,38,0,12,11,14,29,4,0,12,6,7,4,3,0,0,5,7,25,1,6404.97706942
20233,1129000996,13,11,2,0,1,2,5,5,0,0,1,0,5,5,0,0,0,2,0,0,0,4348.20984225
20233,1129001000,20,5,15,0,3,1,10,4,2,0,1,0,1,2,1,0,2,1,9,2,1,2206.90975883
20233,1129001001,24,18,6,0,3,9,4,6,2,0,1,6,4,5,2,0,2,3,0,1,0,2175.0936737
20233,1129001004,3,2,1,0,0,0,0,3,0,0,0,0,0,2,0,0,0,0,0,1,0,841.776469571
20233,1129001005,6,4,2,0,0,0,0,2,4,0,0,0,0,2,2,0,0,0,0,0,2,5383.81920806
20233,1129001013,1,0,1,0,0,0,1,0,0,0,0,0,0,0,0,0,0,0,1,0,0,1362.66134975
20233,1129001014,2,0,2,0,1,0,1,0,0,0,0,0,0,0,0,0,1,0,1,0,0,2521.91071702
20233,1129001017,4,1,3,1,1,0,0,2,0,0,0,0,0,1,0,1,1,0,0,1,0,547.046863162
20233,1129001018,1,1,0,0,0,0,1,0,0,0,0,0,1,0,0,0,0,0,0,0,0,6064.97069654
20233,1129001023,3,2,1,0,0,2,0,0,1,0,0,1,0,0,1,0,0,1,0,0,0,3199.33517688
20233,1129001025,5,2,3,0,0,2,2,1,0,0,0,1,1,0,0,0,0,1,1,1,0,3103.11723382
20233,1129001028,12,11,1,0,2,3,2,5,0,0,2,3,2,4,0,0,0,0,0,1,0,9120.23713948
20233,1129001030,2,2,0,0,1,0,0,1,0,0,1,0,0,1,0,0,0,0,0,0,0,1108.05236748
20233,1129001032,3,2,1,0,0,1,1,1,0,0,0,0,1,1,0,0,0,1,0,0,0,4876.98694464
20233,1129001037,25,10,15,0,0,8,8,5,4,0,0,1,2,3,4,0,0,7,6,2,0,3751.77947069
20233,1129001038,13,11,2,0,2,2,2,5,2,0,2,1,2,4,2,0,0,1,0,1,0,3626.80682001
20233,1129001042,5,4,1,0,0,0,2,2,1,0,0,0,1,2,1,0,0,0,1,0,0,1140.02472102
20233,1129001043,82,49,33,0,13,18,23,13,15,0,5,11,13,6,14,0,8,7,10,7,1,5254.32926294
20233,1129001044,6,5,1,0,0,0,1,0,5,0,0,0,0,0,5,0,0,0,1,0,0,4353.42759836
20233,1129001045,2,0,2,0,0,2,0,0,0,0,0,0,0,0,0,0,0,2,0,0,0,1745.5788188
20233,1129001046,10,2,8,0,2,1,6,0,1,0,0,0,1,0,1,0,2,1,5,0,0,5524.71091009
20233,1129001047,10,6,4,0,0,1,1,5,3,0,0,0,1,3,2,0,0,1,0,2,1,1830.36775806
20233,1129001051,7,5,2,0,5,0,2,0,0,0,4,0,1,0,0,0,1,0,1,0,0,5735.56898147
20233,1129001052,8,3,5,0,1,3,2,1,1,0,0,1,1,0,1,0,1,2,1,1,0,2746.02079493
20233,1129001054,6,4,2,0,0,3,3,0,0,0,0,2,2,0,0,0,0,1,1,0,0,1503.74960553
20233,1129001055,101,58,43,0,6,18,20,23,34,0,4,17,11,12,14,0,2,1,9,11,20,6147.10025989
20233,1129001056,4,3,1,0,0,2,1,0,1,0,0,1,1,0,1,0,0,1,0,0,0,1075.18881478
20233,1129001057,7,2,5,0,0,2,1,2,2,0,0,0,1,0,1,0,0,2,0,2,1,6251.77217275
20233,1129001058,21,15,6,0,0,3,4,7,7,0,0,2,2,6,5,0,0,1,2,1,2,2296.71578448
20233,1129001059,83,35,48,0,11,16,22,21,13,0,3,5,12,6,9,0,8,11,10,15,4,4413.11239033
20233,1129001060,9,3,6,0,0,1,2,3,3,0,0,1,0,1,1,0,0,0,2,2,2,3498.04703902
20233,1129001061,11,4,7,0,1,4,2,1,3,0,0,0,2,1,1,0,1,4,0,0,2,7049.04775842
20233,1129001063,11,9,2,0,0,1,1,3,6,0,0,1,1,1,6,0,0,0,0,2,0,1505.11098439
20233,1129001066,3,1,2,0,1,1,0,0,1,0,0,0,0,0,1,0,1,1,0,0,0,4832.92958376
20233,1129001067,3,2,1,0,0,0,0,1,2,0,0,0,0,1,1,0,0,0,0,0,1,1016.29541208
20233,1129001068,107,32,75,0,20,23,17,28,19,0,5,12,5,5,5,0,15,11,12,23,14,5273.02720483
20233,1129001069,30,7,23,0,3,6,9,10,2,0,0,1,3,3,0,0,3,5,6,7,2,7790.76766504
20233,1129001070,43,22,21,0,7,8,10,9,9,0,0,2,9,4,7,0,7,6,1,5,2,7140.29290074
20233,1129001071,13,9,4,0,2,4,3,2,2,0,1,3,3,1,1,0,1,1,0,1,1,4726.6933964
20233,1129001074,73,26,47,0,4,6,9,26,28,0,4,4,4,11,3,0,0,2,5,15,25,5494.36833374
20233,1129001078,38,8,30,0,4,14,12,8,0,0,0,2,3,3,0,0,4,12,9,5,0,5059.85190985
20233,1129001079,5,5,0,0,0,1,1,0,3,0,0,1,1,0,3,0,0,0,0,0,0,4938.48442309
20233,1129001081,21,11,10,0,1,1,11,5,3,0,0,0,7,2,2,0,1,1,4,3,1,5816.87580394
20233,1129001084,3,2,1,0,0,0,1,1,1,0,0,0,1,1,0,0,0,0,0,0,1,1218.13032825
20233,1129001086,4,3,1,0,1,0,0,3,0,0,1,0,0,2,0,0,0,0,0,1,0,1258.83208564
20233,1129001087,1888,974,914,2,173,552,489,562,110,2,59,199,237,388,89,0,114,353,252,174,21,4652.20452983
20233,1129001089,36,11,25,1,9,3,9,12,2,1,2,1,3,2,2,0,7,2,6,10,0,6911.31536168
20233,1129001090,41,25,16,0,0,5,7,14,15,0,0,3,4,10,8,0,0,2,3,4,7,8753.21672797
20233,1129001091,72,38,34,0,14,13,24,13,8,0,8,9,8,8,5,0,6,4,16,5,3,4886.54686968
20233,1129001093,11,7,4,0,1,4,2,2,2,0,0,2,2,1,2,0,1,2,0,1,0,2522.29532956
20233,1129001094,23,11,12,0,2,4,9,3,5,0,0,1,6,2,2,0,2,3,3,1,3,4647.07777335
20233,1129001096,10,5,5,0,1,1,1,3,4,0,0,1,0,2,2,0,1,0,1,1,2,4122.46900647
20233,1129001097,3,2,1,0,0,0,1,0,2,0,0,0,1,0,1,0,0,0,0,0,1,2761.41092864
20233,1129001098,569,476,93,0,50,99,195,215,10,0,28,69,161,211,7,0,22,30,34,4,3,8358.05920776
20233,1129001101,7,3,4,0,1,1,4,0,1,0,1,0,1,0,1,0,0,1,3,0,0,4987.15848152
20233,1129001103,7,6,1,0,0,1,4,0,2,0,0,1,3,0,2,0,0,0,1,0,0,489.322619795
20233,1129001104,74,3,71,0,2,4,4,23,41,0,0,0,0,1,2,0,2,4,4,22,39,4061.42766531
20233,1129001105,13,5,8,0,1,5,2,5,0,0,0,2,1,2,0,0,1,3,1,3,0,4728.46195577
20233,1129001108,63,11,52,1,5,15,13,19,10,0,1,1,1,5,3,1,4,14,12,14,7,4633.23802407
20233,1129001111,1440,504,936,0,168,388,622,235,27,0,45,127,183,129,20,0,123,261,439,106,7,3581.21371223
20233,1129001115,10,5,5,0,2,2,5,1,0,0,0,1,3,1,0,0,2,1,2,0,0,1857.22107275
20233,1129001117,42,28,14,0,15,15,8,3,1,0,9,8,7,3,1,0,6,7,1,0,0,5669.0010691
20233,1129001120,4,2,2,0,0,0,1,1,2,0,0,0,0,1,1,0,0,0,1,0,1,4580.96899217
20233,1129001122,97,36,61,1,32,5,12,19,28,1,11,3,6,3,12,0,21,2,6,16,16,7421.26712276
20233,1129001123,2,1,1,0,0,0,0,0,2,0,0,0,0,0,1,0,0,0,0,0,1,1696.64153036
20233,1129001129,19,6,13,0,3,3,5,5,3,0,0,2,1,3,0,0,3,1,4,2,3,3607.41567548
20233,1129001130,6,0,6,0,0,0,1,1,4,0,0,0,0,0,0,0,0,0,1,1,4,2583.55293079
20233,1129001131,23,5,18,0,2,8,6,4,3,0,0,0,2,1,2,0,2,8,4,3,1,4133.48659791
20233,1129001133,95,66,29,0,8,14,24,15,34,0,4,10,20,7,25,0,4,4,4,8,9,3183.55152703
20233,1129001135,2,1,1,0,0,0,0,2,0,0,0,0,0,1,0,0,0,0,0,1,0,2058.40180891
20233,1129001136,10,8,2,0,1,4,3,2,0,0,0,4,2,2,0,0,1,0,1,0,0,3266.05569003
20233,1129001138,4,2,2,0,1,0,1,2,0,0,0,0,1,1,0,0,1,0,0,1,0,585.791870285
20233,1129001139,2,0,2,0,0,0,1,0,1,0,0,0,0,0,0,0,0,0,1,0,1,1302.75915144
20233,1129001140,28,5,23,0,6,8,7,7,0,0,0,0,2,3,0,0,6,8,5,4,0,3436.02822603
20233,1129001141,42,10,32,1,11,9,12,3,6,0,0,0,4,1,5,1,11,9,8,2,1,3221.74481827
20233,1129001142,66,57,9,0,5,9,27,20,5,0,4,8,22,18,5,0,1,1,5,2,0,5276.16119067
20233,1129001148,9,0,9,0,0,1,6,1,1,0,0,0,0,0,0,0,0,1,6,1,1,2789.06820654
20233,1129001160,26,23,3,0,2,0,6,10,8,0,1,0,6,8,8,0,1,0,0,2,0,2685.46833113
20233,1129001162,10,0,10,0,5,1,3,1,0,0,0,0,0,0,0,0,5,1,3,1,0,1353.70511579
20233,1129001177,2,1,1,0,0,0,1,1,0,0,0,0,0,1,0,0,0,0,1,0,0,2909.55795781
20233,1129001189,7,0,7,0,0,1,3,3,0,0,0,0,0,0,0,0,0,1,3,3,0,1309.27820178
20233,1129001193,5,5,0,0,0,0,0,0,5,0,0,0,0,0,5,0,0,0,0,0,0,1998.83080038
20233,1129001197,2,1,1,0,1,0,0,1,0,0,1,0,0,0,0,0,0,0,0,1,0,99605.7962169
20233,1129001209,3,1,2,0,1,1,1,0,0,0,0,1,0,0,0,0,1,0,1,0,0,1209.571331
20233,1129001212,63,40,23,0,4,6,14,14,25,0,3,3,8,9,17,0,1,3,6,5,8,3228.87013375
20233,1129001213,11,11,0,0,0,0,5,3,3,0,0,0,5,3,3,0,0,0,0,0,0,11869.6987014
20233,1129001216,2,2,0,0,0,0,1,0,1,0,0,0,1,0,1,0,0,0,0,0,0,1419.54481761
20233,1129001222,5,1,4,0,0,2,2,0,1,0,0,0,0,0,1,0,0,2,2,0,0,1470.5223192
20233,1129001224,12,9,3,0,1,1,3,4,3,0,0,1,2,3,3,0,1,0,1,1,0,4565.34861939
20233,1129001225,281,216,65,3,41,118,74,36,9,0,15,96,63,33,9,3,26,22,11,3,0,10829.4942014
20233,1129001229,23,12,11,0,1,5,7,7,3,0,1,2,3,4,2,0,0,3,4,3,1,5993.1940868
20233,1129001230,2,1,1,0,0,0,0,1,1,0,0,0,0,0,1,0,0,0,0,1,0,2293.41197725
20233,1129001231,3,2,1,0,0,1,2,0,0,0,0,0,2,0,0,0,0,1,0,0,0,936.311347998
20233,1129001233,2,1,1,0,0,0,1,0,1,0,0,0,0,0,1,0,0,0,1,0,0,1892.3058786
20233,1129001234,8,3,5,0,0,3,0,5,0,0,0,2,0,1,0,0,0,1,0,4,0,1664.17872038
20233,1129001236,3,1,2,0,0,0,3,0,0,0,0,0,1,0,0,0,0,0,2,0,0,2740.33162369
20233,1129001237,9,6,3,0,0,1,2,2,4,0,0,0,2,2,2,0,0,1,0,0,2,4341.85360475
20233,1129001244,2,0,2,0,0,0,1,0,1,0,0,0,0,0,0,0,0,0,1,0,1,1992.77634823
20233,1129001248,2,2,0,0,0,0,1,1,0,0,0,0,1,1,0,0,0,0,0,0,0,1114.64235579
20233,1129001249,15,13,2,0,1,2,4,3,5,0,1,2,3,3,4,0,0,0,1,0,1,2931.45226285
20233,1129001251,3,2,1,0,0,0,1,2,0,0,0,0,1,1,0,0,0,0,0,1,0,923.601009438
20233,1129001252,3,2,1,0,0,2,1,0,0,0,0,1,1,0,0,0,0,1,0,0,0,2599.71738132
20233,1129001254,6,5,1,0,1,1,3,0,1,0,1,1,2,0,1,0,0,0,1,0,0,5550.75628274
20233,1129001258,18,12,6,0,3,4,3,7,1,0,2,2,2,5,1,0,1,2,1,2,0,3363.37529125
20233,1129001282,1,0,1,0,0,0,1,0,0,0,0,0,0,0,0,0,0,0,1,0,0,754.959099717
20233,1129001285,51,41,10,0,4,7,10,15,15,0,3,4,7,13,14,0,1,3,3,2,1,658.550706345
20233,1129001289,5,1,4,0,1,0,1,2,1,0,0,0,0,1,0,0,1,0,1,1,1,3968.07642543
20233,1129001291,69,19,50,0,14,15,22,14,4,0,5,5,4,3,2,0,9,10,18,11,2,17632.6150367
20233,1129001292,20,15,5,0,0,4,1,3,12,0,0,1,1,2,11,0,0,3,0,1,1,4902.26588196
20233,1129001300,6,5,1,0,2,1,1,1,1,0,1,1,1,1,1,0,1,0,0,0,0,1001.19178283
20233,1129001301,13,10,3,0,0,5,2,6,0,0,0,4,1,5,0,0,0,1,1,1,0,1508.07996165
20233,1129001311,16,15,1,0,0,5,5,5,1,0,0,4,5,5,1,0,0,1,0,0,0,1419.37916464
20233,1129001315,13,8,5,0,1,4,2,5,1,0,0,3,1,3,1,0,1,1,1,2,0,7326.73988324
20233,1129001318,15,13,2,0,0,0,6,5,4,0,0,0,4,5,4,0,0,0,2,0,0,5437.55591509
20233,1129001320,4,1,3,0,0,2,0,1,1,0,0,1,0,0,0,0,0,1,0,1,1,1903.80143801
20233,1129001323,3,2,1,0,0,0,0,1,2,0,0,0,0,1,1,0,0,0,0,0,1,2120.45093986
20233,1129001326,2,1,1,0,1,0,0,1,0,0,1,0,0,0,0,0,0,0,0,1,0,918.664044957
20233,1129001327,22,19,3,0,0,8,6,7,1,0,0,7,5,6,1,0,0,1,1,1,0,4622.36804481
20233,1129001330,2,0,2,0,0,0,0,1,1,0,0,0,0,0,0,0,0,0,0,1,1,1084.26803368
20233,1129001334,4,4,0,0,0,4,0,0,0,0,0,4,0,0,0,0,0,0,0,0,0,5649.95803163
20233,1129001336,5,4,1,0,1,2,0,2,0,0,1,2,0,1,0,0,0,0,0,1,0,2715.72165908
20233,1129001346,4,2,2,0,0,0,2,1,1,0,0,0,1,1,0,0,0,0,1,0,1,2308.39439091
20233,1129001348,8,1,7,0,1,1,1,4,1,0,0,0,0,0,1,0,1,1,1,4,0,4790.86921001
20233,1129001350,95,50,45,0,14,19,24,17,21,0,1,9,13,10,17,0,13,10,11,7,4,3080.69931178
20233,1129001354,38,9,29,0,12,14,5,7,0,0,2,2,2,3,0,0,10,12,3,4,0,2816.14414283
20233,1129001360,92,77,15,0,22,21,14,30,5,0,22,17,8,25,5,0,0,4,6,5,0,2836.0672573
20233,1129001363,4,2,2,0,0,1,0,1,2,0,0,0,0,1,1,0,0,1,0,0,1,3231.17273356
20233,1129001364,18,17,1,0,1,3,4,6,4,0,1,3,4,5,4,0,0,0,0,1,0,2347.55049009
20233,1129001369,2,2,0,0,0,1,1,0,0,0,0,1,1,0,0,0,0,0,0,0,0,1727.63892008
20233,1129001371,5,1,4,0,2,0,0,2,1,0,0,0,0,1,0,0,2,0,0,1,1,3301.08702655
20233,1129001376,10,8,2,0,0,2,3,1,4,0,0,2,3,1,2,0,0,0,0,0,2,4852.52882864
20233,1129001379,6,4,2,0,1,0,1,4,0,0,1,0,0,3,0,0,0,0,1,1,0,2566.67596289
20233,1129001380,8,4,4,0,0,1,2,1,4,0,0,1,1,1,1,0,0,0,1,0,3,3835.571848
20233,1129001382,3,2,1,0,0,1,0,2,0,0,0,1,0,1,0,0,0,0,0,1,0,1341.3151994
20233,1129001384,11,7,4,0,0,5,2,3,1,0,0,3,2,1,1,0,0,2,0,2,0,2434.41465641
20233,1129001389,3,3,0,0,0,0,1,1,1,0,0,0,1,1,1,0,0,0,0,0,0,1455.30132018
20233,1129001391,3,2,1,0,0,0,1,2,0,0,0,0,1,1,0,0,0,0,0,1,0,4600.61349277
20233,1129001397,2,1,1,0,0,0,0,1,1,0,0,0,0,1,0,0,0,0,0,0,1,868.923957791
20233,1129001400,8,5,3,0,1,1,0,4,2,0,0,0,0,3,2,0,1,1,0,1,0,2443.09056824
20233,1129001402,8,6,2,0,0,2,2,3,1,0,0,1,2,2,1,0,0,1,0,1,0,1363.18684457
20233,1129001405,7,4,3,0,0,0,1,2,4,0,0,0,0,1,3,0,0,0,1,1,1,3773.12069376
20233,1129001409,7,4,3,0,3,2,1,1,0,0,2,1,1,0,0,0,1,1,0,1,0,3687.19811542
20233,1129001411,1,0,1,0,0,0,1,0,0,0,0,0,0,0,0,0,0,0,1,0,0,893.065313794
20233,1129001415,3,2,1,0,0,0,2,1,0,0,0,0,2,0,0,0,0,0,0,1,0,2578.26555068
20233,1129001416,16,8,8,0,2,3,6,4,1,0,0,1,4,2,1,0,2,2,2,2,0,2382.94063562
20233,1129001422,82,34,48,0,10,19,16,19,18,0,0,4,6,8,16,0,10,15,10,11,2,10522.4008775
20233,1129001424,71,57,14,0,4,10,20,34,3,0,3,5,14,32,3,0,1,5,6,2,0,5099.14970665
20233,1129001427,9,4,5,0,0,0,1,6,2,0,0,0,0,3,1,0,0,0,1,3,1,2764.31163355
20233,1129001428,58,25,33,0,6,15,15,17,5,0,3,4,5,9,4,0,3,11,10,8,1,24849.9049279
20233,1129001430,40,39,1,0,2,3,4,23,8,0,2,3,3,23,8,0,0,0,1,0,0,1719.2810491
20233,1129001433,1,0,1,0,0,1,0,0,0,0,0,0,0,0,0,0,0,1,0,0,0,4161.82129936
20233,1129001434,8,8,0,0,0,2,2,1,3,0,0,2,2,1,3,0,0,0,0,0,0,3140.00692645
20233,1129001436,3,3,0,0,0,0,1,0,2,0,0,0,1,0,2,0,0,0,0,0,0,1922.30098389
20233,1129001437,4,2,2,0,1,1,0,2,0,0,0,1,0,1,0,0,1,0,0,1,0,1054.98095312
20233,1129001440,37,8,29,0,2,7,11,12,5,0,2,1,1,0,4,0,0,6,10,12,1,12902.9829544
20233,1129001441,3,1,2,0,2,0,0,1,0,0,1,0,0,0,0,0,1,0,0,1,0,2441.66146192
20233,1129001442,10,10,0,0,0,3,5,2,0,0,0,3,5,2,0,0,0,0,0,0,0,2677.91136473
20233,1129001444,9,3,6,0,3,1,1,4,0,0,1,0,1,1,0,0,2,1,0,3,0,8911.19997696
20233,1129001445,1,0,1,0,0,0,0,1,0,0,0,0,0,0,0,0,0,0,0,1,0,2572.54803552
20233,1129001446,129,54,75,1,31,34,27,12,24,0,6,10,19,8,11,1,25,24,8,4,13,6222.99353583
20233,1129001449,10,8,2,0,4,1,1,3,1,0,3,1,1,2,1,0,1,0,0,1,0,1638.67995197
20233,1129001450,41,39,2,0,1,5,4,13,18,0,1,4,4,12,18,0,0,1,0,1,0,3137.43463678
20233,1129001451,3,2,1,0,0,0,1,1,1,0,0,0,1,1,0,0,0,0,0,0,1,1471.26951474
20233,1129001454,44,39,5,0,0,2,7,12,23,0,0,2,4,11,22,0,0,0,3,1,1,3278.69548523
20233,1129001457,4,3,1,0,0,1,0,2,1,0,0,1,0,1,1,0,0,0,0,1,0,2809.34675755
20233,1129001465,6,5,1,0,0,0,3,2,1,0,0,0,2,2,1,0,0,0,1,0,0,4592.43662789
20233,1129001468,6,2,4,0,0,2,1,2,1,0,0,1,0,1,0,0,0,1,1,1,1,5275.84700193
20233,1129001471,9,4,5,0,0,3,1,0,5,0,0,0,0,0,4,0,0,3,1,0,1,3885.02788991
20233,1129001473,6,5,1,0,0,0,4,2,0,0,0,0,3,2,0,0,0,0,1,0,0,1611.55927305
20233,1129001476,12,10,2,0,2,1,4,3,2,0,2,1,4,1,2,0,0,0,0,2,0,3534.0133398
20233,1129001489,907,703,204,0,4,10,19,44,830,0,0,7,6,26,664,0,4,3,13,18,166,3463.59476813
20233,1129001491,3,1,2,0,0,0,3,0,0,0,0,0,1,0,0,0,0,0,2,0,0,3906.08988199
20233,1129001498,19,12,7,0,0,2,6,5,6,0,0,1,4,2,5,0,0,1,2,3,1,1347.21113131
20233,1129001499,4,4,0,0,3,1,0,0,0,0,3,1,0,0,0,0,0,0,0,0,0,1754.1850392
20233,1129001500,4,1,3,0,0,1,3,0,0,0,0,0,1,0,0,0,0,1,2,0,0,863.468436994
20233,1129001503,37,34,3,0,4,7,7,9,10,0,3,6,6,9,10,0,1,1,1,0,0,6648.95313586
20233,1129001508,23,11,12,0,1,0,9,9,4,0,1,0,4,3,3,0,0,0,5,6,1,2775.16339585
20233,1129001511,6,2,4,0,0,1,3,2,0,0,0,0,0,2,0,0,0,1,3,0,0,2425.55832245
20233,1129001512,3,3,0,0,0,0,3,0,0,0,0,0,3,0,0,0,0,0,0,0,0,2482.12818792
20233,1129001516,3,1,2,0,0,0,1,2,0,0,0,0,0,1,0,0,0,0,1,1,0,10269.6729421
20233,1129001517,8,2,6,0,4,1,3,0,0,0,1,0,1,0,0,0,3,1,2,0,0,2946.1416121
20233,1129001520,24,19,5,0,0,0,3,4,17,0,0,0,2,3,14,0,0,0,1,1,3,112264.001808
20233,1129001527,21,3,18,1,3,7,6,3,1,0,1,0,1,0,1,1,2,7,5,3,0,1815.25704643
20233,1129001529,836,443,393,10,107,148,194,210,167,8,67,96,91,95,86,2,40,52,103,115,81,3244.91565666
20233,1129001533,12,6,6,0,1,2,5,3,1,0,1,2,0,2,1,0,0,0,5,1,0,7005.07258843
20233,1129001541,4,2,2,0,0,0,3,1,0,0,0,0,1,1,0,0,0,0,2,0,0,5582.10152217
20233,1129001542,35,21,14,0,6,12,6,9,2,0,0,8,5,7,1,0,6,4,1,2,1,10809.4800919
20233,1129001543,9,5,4,0,2,4,2,0,1,0,2,2,1,0,0,0,0,2,1,0,1,4252.23772058
20233,1129001544,13,7,6,0,2,2,3,3,3,0,1,1,3,0,2,0,1,1,0,3,1,2769.46438583
20233,1129001546,41,13,28,4,14,5,9,8,1,0,3,3,3,4,0,4,11,2,6,4,1,3700.23516321
20233,1129001547,8,4,4,0,0,1,1,2,4,0,0,0,0,1,3,0,0,1,1,1,1,2283.89334788
20233,1129001549,3,2,1,0,0,0,0,1,2,0,0,0,0,0,2,0,0,0,0,1,0,3082.87086879
20233,1129001550,17,7,10,0,4,4,0,5,4,0,0,0,0,5,2,0,4,4,0,0,2,3963.01710403
20233,1129001551,3,2,1,0,0,0,2,1,0,0,0,0,1,1,0,0,0,0,1,0,0,1255.51300215
20233,1129001552,11,4,7,0,3,4,0,4,0,0,0,2,0,2,0,0,3,2,0,2,0,2288.87004357
20233,1129001553,3,0,3,0,0,1,1,0,1,0,0,0,0,0,0,0,0,1,1,0,1,1312.89575304
20233,1129001554,20,13,7,0,0,3,4,10,3,0,0,1,1,9,2,0,0,2,3,1,1,4500.72589937
20233,1129001556,2,1,1,0,0,0,1,0,1,0,0,0,0,0,1,0,0,0,1,0,0,2130.03979263
20233,1129001557,22,10,12,0,3,2,5,4,8,0,2,0,2,2,4,0,1,2,3,2,4,1823.5022601
20233,1129001558,4,2,2,0,0,0,4,0,0,0,0,0,2,0,0,0,0,0,2,0,0,4102.41936634
20233,1129001561,2,1,1,0,0,0,1,0,1,0,0,0,0,0,1,0,0,0,1,0,0,1632.12625983
20233,1129001564,2,1,1,0,0,0,1,0,1,0,0,0,0,0,1,0,0,0,1,0,0,13747.5201953
20233,1129001566,8,5,3,0,1,0,2,3,2,0,0,0,2,2,1,0,1,0,0,1,1,2783.57534131
20233,1129001567,3,0,3,0,1,0,0,2,0,0,0,0,0,0,0,0,1,0,0,2,0,10023.0335707
20233,1129001568,24,14,10,0,2,6,2,7,7,0,0,2,2,5,5,0,2,4,0,2,2,4343.0355389
20233,1129001569,26,13,13,0,3,5,8,5,5,0,1,2,4,2,4,0,2,3,4,3,1,14381.065832
20233,1129001570,13,10,3,0,0,3,2,5,3,0,0,3,1,3,3,0,0,0,1,2,0,1730.01425553
20233,1129001571,432,90,342,1,41,96,188,103,3,0,11,40,30,7,2,1,30,56,158,96,1,3964.85927945
20233,1129001572,362,112,250,0,18,131,177,24,12,0,6,34,48,12,12,0,12,97,129,12,0,8056.7275957
20233,1129001573,5,4,1,0,0,3,0,1,1,0,0,2,0,1,1,0,0,1,0,0,0,3278.67060907
20233,1129001574,14,9,5,0,2,3,6,2,1,0,1,2,3,2,1,0,1,1,3,0,0,5029.25642128
20233,1129001575,45,16,29,0,8,7,8,14,8,0,3,3,0,6,4,0,5,4,8,8,4,8008.16925497
20233,1129001576,20,13,7,0,2,6,6,5,1,0,2,3,5,3,0,0,0,3,1,2,1,2056.06663506
20233,1129001577,59,11,48,0,11,11,6,29,2,0,2,4,5,0,0,0,9,7,1,29,2,4200.93537208
20233,1129001578,122,88,34,0,3,13,50,42,14,0,0,11,38,31,8,0,3,2,12,11,6,5359.15774984
20233,1129001580,12,1,11,0,1,2,2,3,4,0,0,0,0,0,1,0,1,2,2,3,3,2692.58656665
20233,1129001581,16,6,10,0,1,3,4,4,4,0,0,0,2,1,3,0,1,3,2,3,1,5943.67095631
20233,1129001582,5,1,4,0,2,0,1,1,1,0,1,0,0,0,0,0,1,0,1,1,1,3755.61358973
20233,1129001583,188,60,128,0,40,88,41,12,7,0,9,26,16,4,5,0,31,62,25,8,2,2705.58063208
20233,1129001584,682,558,124,3,110,218,218,92,41,3,79,184,190,69,33,0,31,34,28,23,8,12585.539396
20233,1129001585,62,15,47,0,4,22,21,13,2,0,0,7,3,4,1,0,4,15,18,9,1,18159.6794215
20233,1129001586,236,75,161,0,33,30,40,49,84,0,11,13,13,11,27,0,22,17,27,38,57,6965.9160308
20233,1129001588,23,9,14,0,4,5,5,6,3,0,2,0,2,2,3,0,2,5,3,4,0,28616.6529241
20233,1129001589,9,5,4,0,1,1,3,4,0,0,0,1,1,3,0,0,1,0,2,1,0,2947.70634045
20233,1129001590,27,17,10,1,2,9,7,6,2,0,2,6,4,4,1,1,0,3,3,2,1,4798.23307808
20233,1129001591,21,10,11,0,5,3,6,4,3,0,1,2,3,2,2,0,4,1,3,2,1,2138.14774143
20233,1129001595,16,12,4,0,0,7,1,6,2,0,0,5,0,5,2,0,0,2,1,1,0,1784.00920877
20233,1129001602,6,5,1,0,0,0,1,3,2,0,0,0,1,2,2,0,0,0,0,1,0,2389.19628428
20233,1129001604,7,2,5,0,2,0,3,2,0,0,1,0,0,1,0,0,1,0,3,1,0,13313.163929
20233,1129001607,60,51,9,0,1,11,10,24,14,0,1,5,9,23,13,0,0,6,1,1,1,7635.27289405
20233,1129001610,53,30,23,0,4,21,12,4,12,0,1,13,5,4,7,0,3,8,7,0,5,23111.2737032
20233,1129001611,19,18,1,0,6,5,2,3,3,0,6,5,2,3,2,0,0,0,0,0,1,9148.49375224
20233,1129001612,2,2,0,0,0,0,1,1,0,0,0,0,1,1,0,0,0,0,0,0,0,3095.44501609
20233,1129001616,124,24,100,0,14,20,35,50,5,0,7,4,7,5,1,0,7,16,28,45,4,8470.10363357
20233,1129001617,42,23,19,0,6,9,18,1,8,0,1,3,12,0,7,0,5,6,6,1,1,14624.148448
20233,1129001618,24,18,6,0,6,5,8,4,1,0,4,3,6,4,1,0,2,2,2,0,0,6027.49492595
20233,1129001619,3,1,2,0,0,2,0,0,1,0,0,0,0,0,1,0,0,2,0,0,0,1286.20306618
20233,1129001620,4,3,1,0,0,0,1,3,0,0,0,0,1,2,0,0,0,0,0,1,0,3699.48213505
20233,1129001624,1,1,0,0,0,0,1,0,0,0,0,0,1,0,0,0,0,0,0,0,0,1939.28228487
20233,1129001628,9,6,3,0,1,1,2,2,3,0,0,1,2,1,2,0,1,0,0,1,1,2708.79202984
20233,1129001629,8,8,0,0,2,0,4,1,1,0,2,0,4,1,1,0,0,0,0,0,0,3474.47241604
20233,1129001631,2,1,1,0,0,0,0,1,1,0,0,0,0,1,0,0,0,0,0,0,1,2526.9182402
20233,1129001640,2,2,0,0,0,0,0,2,0,0,0,0,0,2,0,0,0,0,0,0,0,6906.31589345
20233,1129001644,62,42,20,0,1,11,18,24,8,0,0,5,13,18,6,0,1,6,5,6,2,17096.9992394
20233,1129001645,6,2,4,0,0,1,1,0,4,0,0,0,1,0,1,0,0,1,0,0,3,1706.17310916
20233,1129001646,15,10,5,0,1,2,3,4,5,0,1,1,3,2,3,0,0,1,0,2,2,7776.28594244
20233,1129001649,6,3,3,0,1,1,0,2,2,0,1,0,0,1,1,0,0,1,0,1,1,3571.2929428
20233,1129001652,59,54,5,0,4,7,31,16,1,0,4,5,28,16,1,0,0,2,3,0,0,11076.9615897
20233,1129001653,1,1,0,0,0,0,0,0,1,0,0,0,0,0,1,0,0,0,0,0,0,531.4830948
20233,1129001657,20,12,8,0,3,1,4,6,6,0,1,1,1,4,5,0,2,0,3,2,1,7318.72766697
20233,1129001659,117,110,7,0,23,26,40,21,7,0,19,24,39,21,7,0,4,2,1,0,0,4489.0919205
20233,1129001660,2,0,2,0,0,0,0,1,1,0,0,0,0,0,0,0,0,0,0,1,1,1786.09024829
20233,1129001661,3,2,1,0,1,1,0,1,0,0,0,1,0,1,0,0,1,0,0,0,0,4540.41539848
20233,1129001663,3,1,2,0,1,0,0,2,0,0,0,0,0,1,0,0,1,0,0,1,0,2767.61504058
20233,1129001666,35,4,31,0,7,11,10,7,0,0,0,1,2,1,0,0,7,10,8,6,0,13506.0754743
20233,1129001668,20,11,9,0,1,4,5,2,8,0,0,2,4,1,4,0,1,2,1,1,4,8051.24339719
20233,1129001669,3,2,1,0,1,0,0,1,1,0,1,0,0,0,1,0,0,0,0,1,0,4217.65010909
20233,1129001670,2,1,1,0,0,0,1,1,0,0,0,0,0,1,0,0,0,0,1,0,0,4432.79953572
20233,1129001673,107,36,71,0,5,23,47,26,6,0,1,5,15,11,4,0,4,18,32,15,2,42048.6372977
20233,1129001674,6,5,1,0,0,1,0,5,0,0,0,1,0,4,0,0,0,0,0,1,0,5319.85616062
20233,1129001675,8,4,4,0,1,5,1,1,0,0,0,4,0,0,0,0,1,1,1,1,0,4405.43144491
20233,1129001677,5,3,2,0,0,1,2,1,1,0,0,1,1,1,0,0,0,0,1,0,1,18777.2333451
20233,1129001678,253,207,46,5,27,75,82,40,24,1,11,70,74,34,17,4,16,5,8,6,7,31709.101242
20233,1129001680,275,110,165,0,46,115,62,31,21,0,12,37,35,12,14,0,34,78,27,19,7,31423.9957706
20233,1129001681,159,124,35,6,42,59,35,11,6,6,36,54,23,5,0,0,6,5,12,6,6,4056.36903134
20233,1129001683,56,29,27,0,4,9,16,19,8,0,2,2,6,13,6,0,2,7,10,6,2,57347.5502962
20233,1129001685,31,17,14,0,6,10,9,4,2,0,4,8,4,0,1,0,2,2,5,4,1,9737.43556297
20233,1129001686,292,231,61,0,42,76,122,35,17,0,24,64,106,28,9,0,18,12,16,7,8,11872.4971689
20233,1129001687,15,3,12,0,6,3,2,3,1,0,0,0,0,2,1,0,6,3,2,1,0,6060.75766147
20233,1129001691,34,26,8,0,4,6,12,5,7,0,2,4,9,5,6,0,2,2,3,0,1,3565.23037215
20233,1129001695,29,10,19,0,3,2,7,8,9,0,2,2,4,1,1,0,1,0,3,7,8,9635.54196006
20233,1129001696,8,5,3,0,0,0,3,4,1,0,0,0,2,2,1,0,0,0,1,2,0,21940.0663842
20233,1129001697,287,166,121,3,123,71,40,34,16,0,56,46,29,24,11,3,67,25,11,10,5,3701.5317609
20233,1129001698,113,56,57,0,14,35,33,25,6,0,4,14,13,20,5,0,10,21,20,5,1,36366.1105139
20233,1129001699,203,155,48,0,19,62,53,60,9,0,13,46,43,45,8,0,6,16,10,15,1,18370.718007
20233,1129001701,55,33,22,0,9,10,11,13,12,0,5,7,7,7,7,0,4,3,4,6,5,14579.7433132
20233,1129001706,10,4,6,0,2,1,1,2,4,0,0,0,0,1,3,0,2,1,1,1,1,8823.65887523
20233,1129001707,100,41,59,0,17,42,34,5,2,0,5,12,20,2,2,0,12,30,14,3,0,2298.36418357
20233,1129001710,7,3,4,0,1,0,4,0,2,0,0,0,1,0,2,0,1,0,3,0,0,9280.69115543
20233,1129001711,1,1,0,0,0,0,0,0,1,0,0,0,0,0,1,0,0,0,0,0,0,3813.48944324
20233,1129001712,389,264,125,3,93,154,89,33,17,0,50,111,61,26,16,3,43,43,28,7,1,50964.5354988
20233,1129001713,7,6,1,0,0,0,3,2,2,0,0,0,2,2,2,0,0,0,1,0,0,15040.4546882
20233,1129001714,2,1,1,0,0,0,1,1,0,0,0,0,1,0,0,0,0,0,0,1,0,61113.2339719
20233,1129001717,5,3,2,0,0,0,3,1,1,0,0,0,2,0,1,0,0,0,1,1,0,2859.45799565
20233,1129001718,20,20,0,0,1,2,4,10,3,0,1,2,4,10,3,0,0,0,0,0,0,5182.60388761
20233,1129001720,113,81,32,0,9,24,27,35,18,0,3,17,20,25,16,0,6,7,7,10,2,14588.5181186
20233,1129001721,2,2,0,0,0,1,0,0,1,0,0,1,0,0,1,0,0,0,0,0,0,35726.6010143
20233,1129001722,115,50,65,3,39,21,21,23,8,1,20,10,12,6,1,2,19,11,9,17,7,208944.212216
20233,1129001723,1007,400,607,4,392,409,176,22,4,1,168,178,43,6,4,3,224,231,133,16,0,17351.2547931
20233,1129001725,115,105,10,0,14,26,36,30,9,0,11,24,33,29,8,0,3,2,3,1,1,3211.27340679
20233,1129001727,60,37,23,0,16,23,16,4,1,0,10,15,9,3,0,0,6,8,7,1,1,11404.1999449
20233,1129001728,122,113,9,0,0,3,13,52,54,0,0,1,11,49,52,0,0,2,2,3,2,10298.3745181
20233,1129001729,39,21,18,0,9,8,16,5,1,0,1,3,13,4,0,0,8,5,3,1,1,14429.3177552
20233,1129001731,352,338,14,0,36,100,101,105,10,0,32,96,96,105,9,0,4,4,5,0,1,15322.0620527
20233,1129001732,22,14,8,0,3,5,4,8,2,0,3,4,2,4,1,0,0,1,2,4,1,7008.62593422
20233,1129001733,507,385,122,1,154,156,83,102,11,0,74,127,72,102,10,1,80,29,11,0,1,14141.332928
20233,1129001734,11,5,6,0,4,1,2,2,2,0,1,1,1,1,1,0,3,0,1,1,1,16218.749889
20233,1129001735,2,1,1,0,1,0,1,0,0,0,0,0,1,0,0,0,1,0,0,0,0,3143.56685703
20233,1129001736,888,751,137,0,105,305,278,187,13,0,54,259,248,178,12,0,51,46,30,9,1,20885.5474179
20233,1129001737,4,4,0,0,0,1,2,0,1,0,0,1,2,0,1,0,0,0,0,0,0,6677.97298018
20233,1129001738,12087,11233,854,5,892,2435,3701,4847,207,0,725,2094,3516,4751,147,5,167,341,185,96,60,36702.3474634
20233,1129001739,61,36,25,0,1,19,25,12,4,0,0,11,11,10,4,0,1,8,14,2,0,3342.16520041
20233,1129001740,7,4,3,0,0,2,3,1,1,0,0,1,2,1,0,0,0,1,1,0,1,11136.2202808
20233,1129001741,19,8,11,1,5,1,7,3,2,0,4,0,3,0,1,1,1,1,4,3,1,14491.8325383
20233,1129001742,82,45,37,0,8,18,22,15,19,0,4,7,10,10,14,0,4,11,12,5,5,59407.2168511
20233,1129001743,35,22,13,0,7,11,9,6,2,0,5,7,6,3,1,0,2,4,3,3,1,45676.2336692
20233,1129001744,277,230,47,1,36,85,92,55,8,0,23,60,87,53,7,1,13,25,5,2,1,4252.37959544
20233,1129001747,554,197,357,0,114,176,203,59,2,0,31,48,81,35,2,0,83,128,122,24,0,62215.1849167
20233,1129001748,22,18,4,0,1,4,5,8,4,0,0,4,3,8,3,0,1,0,2,0,1,13250.2462508
20233,1129001750,62,55,7,1,3,5,11,21,21,1,2,4,10,19,19,0,1,1,1,2,2,4991.29551256
20233,1129001752,268,138,130,2,94,38,39,37,58,0,42,19,26,18,33,2,52,19,13,19,25,32129.1420407
20233,1129001754,37,21,16,0,4,9,13,5,6,0,3,6,4,2,6,0,1,3,9,3,0,56238.503021
20233,1129001755,8,5,3,0,0,3,1,1,3,0,0,2,1,1,1,0,0,1,0,0,2,15866.9890591
20233,1129001757,971,449,522,0,262,307,224,139,39,0,77,122,129,93,28,0,185,185,95,46,11,115183.835906
20233,1129001758,9,6,3,0,0,2,1,1,5,0,0,1,0,0,5,0,0,1,1,1,0,461704.104484
20233,1129001759,21,9,12,0,4,6,7,3,1,0,0,2,3,3,1,0,4,4,4,0,0,127972.990805
20233,1129001760,12,5,7,0,0,2,5,3,2,0,0,0,1,2,2,0,0,2,4,1,0,173578.137983
20233,1129001762,81,60,21,0,9,13,26,17,16,0,6,10,17,13,14,0,3,3,9,4,2,3792.49172069
20233,1129001763,38,19,19,0,7,9,11,9,2,0,2,5,5,6,1,0,5,4,6,3,1,3685.11917834
20233,1129001765,89,64,25,0,7,10,25,24,23,0,2,6,19,20,17,0,5,4,6,4,6,3195.51657621
20233,1129001766,84,69,15,0,11,13,23,28,9,0,7,10,20,23,9,0,4,3,3,5,0,2626.50736881
20233,1129001767,4,3,1,0,1,0,0,0,3,0,0,0,0,0,3,0,1,0,0,0,0,2362.44833114
20233,1129001769,7,5,2,0,0,0,1,4,2,0,0,0,0,3,2,0,0,0,1,1,0,7690.69074465
20233,1129001771,28,18,10,0,1,5,12,7,3,0,1,2,6,6,3,0,0,3,6,1,0,5002.07761172
20233,1129001772,2,2,0,0,0,0,0,1,1,0,0,0,0,1,1,0,0,0,0,0,0,5441.09988607
20233,1129001775,22,17,5,0,7,10,2,1,2,0,5,9,2,1,0,0,2,1,0,0,2,4574.31319467
20233,1129001777,676,506,170,3,121,184,150,147,71,3,79,140,120,117,47,0,42,44,30,30,24,5672.70743044
20233,1129001780,39,24,15,0,2,13,9,10,5,0,1,11,4,4,4,0,1,2,5,6,1,12966.6739742
20233,1129001781,49,27,22,1,13,11,10,11,3,0,5,6,9,4,3,1,8,5,1,7,0,679.953867576
20233,1129001782,301,249,52,1,33,90,111,66,0,0,26,81,91,51,0,1,7,9,20,15,0,5627.30439485
20233,1129001787,5,2,3,0,0,2,0,2,1,0,0,1,0,0,1,0,0,1,0,2,0,1932.05015884
20233,1129001790,2,2,0,0,0,0,2,0,0,0,0,0,2,0,0,0,0,0,0,0,0,953.419858708
20233,1129001791,23,13,10,0,12,9,1,1,0,0,6,6,1,0,0,0,6,3,0,1,0,5521.52808952
20233,1129001792,4,2,2,0,0,0,1,3,0,0,0,0,0,2,0,0,0,0,1,1,0,6575.87772822
20233,1129001793,8,4,4,0,0,1,0,3,4,0,0,1,0,0,3,0,0,0,0,3,1,1556.47288448
20233,1129001796,2,1,1,0,0,0,0,2,0,0,0,0,0,1,0,0,0,0,0,1,0,5927.95159607
20233,1129001797,3,3,0,0,0,0,0,3,0,0,0,0,0,3,0,0,0,0,0,0,0,3749.07707306
20233,1129001798,4,2,2,0,0,0,2,0,2,0,0,0,2,0,0,0,0,0,0,0,2,2491.22563213
20233,1129001799,7,1,6,0,3,3,0,0,1,0,1,0,0,0,0,0,2,3,0,0,1,3497.66272857
20233,1129001800,22,6,16,1,10,7,2,0,2,0,0,3,2,0,1,1,10,4,0,0,1,2929.06750307
20233,1129001802,5,4,1,0,0,1,2,2,0,0,0,1,1,2,0,0,0,0,1,0,0,1957.18080496
20233,1129001803,10,1,9,0,2,5,2,0,1,0,0,1,0,0,0,0,2,4,2,0,1,3701.79853524
20233,1129001805,173,162,11,0,3,13,17,56,84,0,2,10,15,54,81,0,1,3,2,2,3,7603.20550094
20233,1129001806,6,5,1,0,0,1,0,3,2,0,0,1,0,3,1,0,0,0,0,0,1,6103.56689588
20233,1129001809,393,366,27,0,18,51,87,144,93,0,15,49,81,132,89,0,3,2,6,12,4,4015.54869065
20233,1129001811,3,1,2,0,0,1,1,0,1,0,0,0,0,0,1,0,0,1,1,0,0,4013.3108732
20233,1129001813,1027,535,492,0,91,342,397,191,6,0,29,148,235,117,6,0,62,194,162,74,0,1236.84460347
20233,1129001817,15,9,6,0,0,4,3,1,7,0,0,1,2,0,6,0,0,3,1,1,1,4900.68402436
20233,1129001819,70,66,4,0,3,0,9,33,25,0,1,0,8,33,24,0,2,0,1,0,1,2866.42817973
20233,1129001821,437,335,102,1,126,198,91,17,4,0,86,158,76,13,2,1,40,40,15,4,2,6101.43159287
20233,1129001822,121,44,77,0,27,24,36,19,15,0,10,8,10,10,6,0,17,16,26,9,9,3977.64529884
20233,1129001823,12,7,5,0,0,0,1,3,8,0,0,0,1,0,6,0,0,0,0,3,2,9128.55318805
20233,1129001824,16,9,7,0,4,4,3,2,3,0,3,2,2,0,2,0,1,2,1,2,1,8815.50505784
20233,1129001826,7,6,1,0,3,3,1,0,0,0,2,3,1,0,0,0,1,0,0,0,0,1169.4131382
20233,1129001831,24,19,5,0,3,4,9,5,3,0,2,2,8,4,3,0,1,2,1,1,0,3705.6866103
20233,1129001834,2,1,1,0,0,1,1,0,0,0,0,0,1,0,0,0,0,1,0,0,0,1737.95598376
20233,1129001837,5,2,3,0,0,0,2,1,2,0,0,0,0,0,2,0,0,0,2,1,0,4200.31347075
20233,1129001838,20,0,20,0,9,2,4,5,0,0,0,0,0,0,0,0,9,2,4,5,0,1605.0396624
20233,1129001839,2,1,1,0,0,0,1,1,0,0,0,0,0,1,0,0,0,0,1,0,0,2216.78679614
20233,1129001843,16,5,11,1,3,4,2,4,2,0,0,1,2,1,1,1,3,3,0,3,1,6201.15364473
20233,1129001844,8,1,7,0,1,2,1,0,4,0,0,0,0,0,1,0,1,2,1,0,3,1180.56938563
20233,1129001845,6,2,4,0,2,1,1,0,2,0,0,1,0,0,1,0,2,0,1,0,1,1469.88884095
20233,1129001846,2,2,0,0,0,0,1,0,1,0,0,0,1,0,1,0,0,0,0,0,0,4253.98061194
20233,1129001847,10,9,1,0,2,5,3,0,0,0,2,4,3,0,0,0,0,1,0,0,0,3085.97983842
20233,1129001849,5,2,3,0,1,0,1,3,0,0,1,0,0,1,0,0,0,0,1,2,0,1774.29074096
20233,1129001852,14,2,12,0,1,3,7,2,1,0,0,0,1,1,0,0,1,3,6,1,1,5600.35205905
20233,1129001854,28,7,21,0,12,9,5,1,1,0,0,2,3,1,1,0,12,7,2,0,0,2237.60939737
20233,1129001855,3,1,2,0,1,1,0,1,0,0,0,0,0,1,0,0,1,1,0,0,0,2625.55521993
20233,1129001856,11,8,3,0,0,3,5,3,0,0,0,3,3,2,0,0,0,0,2,1,0,2524.69968364
20233,1129001857,12,6,6,0,0,6,3,2,1,0,0,2,1,2,1,0,0,4,2,0,0,1269.0379333
20233,1129001858,9,6,3,0,0,1,2,1,5,0,0,1,0,1,4,0,0,0,2,0,1,2440.06803089
20233,1129001859,4,2,2,0,0,1,1,2,0,0,0,1,0,1,0,0,0,0,1,1,0,1274.74125263
20233,1129001862,22,11,11,0,3,3,6,5,5,0,0,2,3,3,3,0,3,1,3,2,2,1344.83088156
20233,1129001864,15,7,8,0,5,2,0,2,6,0,1,1,0,1,4,0,4,1,0,1,2,4159.64299935
20233,1129001865,13,10,3,0,1,5,2,4,1,0,0,4,2,3,1,0,1,1,0,1,0,5431.32381959
20233,1129001866,9,5,4,0,0,1,5,3,0,0,0,1,1,3,0,0,0,0,4,0,0,1978.40387727
20233,1129001868,6,4,2,0,1,4,0,0,1,0,0,3,0,0,1,0,1,1,0,0,0,2023.40280659
20233,1129001869,17,11,6,0,0,2,7,5,3,0,0,1,3,4,3,0,0,1,4,1,0,1213.87136607
20233,1129001871,20,6,14,0,4,3,6,7,0,0,0,2,0,4,0,0,4,1,6,3,0,5937.41628291
20233,1129001872,81,44,37,0,6,10,25,30,10,0,4,7,12,16,5,0,2,3,13,14,5,4385.11483318
20233,1129001873,17,10,7,0,0,2,9,3,3,0,0,2,5,0,3,0,0,0,4,3,0,6423.12726131
20233,1129001874,3,1,2,0,0,0,3,0,0,0,0,0,1,0,0,0,0,0,2,0,0,3041.35607503
20233,1129001877,24,17,7,0,1,2,11,5,5,0,1,1,8,3,4,0,0,1,3,2,1,2379.96039316
20233,1129001880,88,32,56,0,11,17,22,17,21,0,6,5,2,8,11,0,5,12,20,9,10,11745.6973191
20233,1129001882,7,5,2,0,0,0,1,6,0,0,0,0,0,5,0,0,0,0,1,1,0,2567.74991221
20233,1129001885,15,9,6,0,5,5,2,3,0,0,4,1,2,2,0,0,1,4,0,1,0,4631.45059836
20233,1129001890,2,2,0,0,0,0,2,0,0,0,0,0,2,0,0,0,0,0,0,0,0,1215.75226458
20233,1129001892,5,1,4,0,0,0,0,4,1,0,0,0,0,1,0,0,0,0,0,3,1,4712.9194268
20233,1129001893,7,6,1,0,2,1,3,0,1,0,2,1,3,0,0,0,0,0,0,0,1,4072.76141789
20233,1129001894,11,5,6,0,5,3,2,0,1,0,0,2,2,0,1,0,5,1,0,0,0,5014.25878933
20233,1129001895,20,4,16,0,1,0,5,12,2,0,0,0,0,3,1,0,1,0,5,9,1,4594.51232741
20233,1129001900,2,2,0,0,0,0,1,0,1,0,0,0,1,0,1,0,0,0,0,0,0,1438.37091732
20233,1129001902,6,4,2,0,1,1,0,0,4,0,1,1,0,0,2,0,0,0,0,0,2,2446.56008202
20233,1129001905,73,25,48,0,14,19,20,12,8,0,5,4,6,5,5,0,9,15,14,7,3,76031.7400242
20233,1129001908,9,3,6,0,1,2,4,1,1,0,0,1,1,0,1,0,1,1,3,1,0,2639.12239581
20233,1129001910,10,5,5,0,0,5,3,2,0,0,0,2,1,2,0,0,0,3,2,0,0,3448.69916309
20233,1129001911,9,3,6,0,0,0,6,2,1,0,0,0,3,0,0,0,0,0,3,2,1,4654.39745712
20233,1129001912,5,4,1,0,0,1,0,2,2,0,0,1,0,2,1,0,0,0,0,0,1,1587.62560515
20233,1129001913,4,4,0,0,0,1,0,2,1,0,0,1,0,2,1,0,0,0,0,0,0,1322.62881485
20233,1129001919,3,1,2,0,0,3,0,0,0,0,0,1,0,0,0,0,0,2,0,0,0,1226.92166334
20233,1129001921,1,0,1,0,0,1,0,0,0,0,0,0,0,0,0,0,0,1,0,0,0,1330.40119407
20233,1129001923,128,38,90,0,10,24,53,30,11,0,4,5,15,9,5,0,6,19,38,21,6,3420.0104574
20233,1129001932,3,0,3,0,1,0,0,2,0,0,0,0,0,0,0,0,1,0,0,2,0,2467.5735448
20233,1129001936,3,2,1,0,0,0,0,3,0,0,0,0,0,2,0,0,0,0,0,1,0,9166.11253513
20233,1129001941,46,12,34,0,16,13,7,8,2,0,4,4,3,0,1,0,12,9,4,8,1,9370.09863927
20233,1129001942,26,12,14,0,18,3,3,2,0,0,7,2,1,2,0,0,11,1,2,0,0,437947.697653
20233,1129001945,2,2,0,0,0,0,0,1,1,0,0,0,0,1,1,0,0,0,0,0,0,1967.90878546
20233,1129001946,6,6,0,0,0,3,3,0,0,0,0,3,3,0,0,0,0,0,0,0,0,1541.27775852
20233,1129001947,2,1,1,0,0,1,0,0,1,0,0,0,0,0,1,0,0,1,0,0,0,7388.18419486
20233,1129001948,44,12,32,0,5,1,14,17,7,0,1,1,2,3,5,0,4,0,12,14,2,16156.7338016
20233,1129001950,7,5,2,0,0,4,2,1,0,0,0,2,2,1,0,0,0,2,0,0,0,3221.76775899
20233,1129001953,6,4,2,0,0,0,3,3,0,0,0,0,2,2,0,0,0,0,1,1,0,9974.66027638
20233,1129001954,17,4,13,0,4,3,7,2,1,0,0,1,2,0,1,0,4,2,5,2,0,6849.4671825
20233,1129001955,56,37,19,0,11,16,13,11,5,0,8,11,9,6,3,0,3,5,4,5,2,3092.29561786
20233,1129001959,5,4,1,0,0,0,2,3,0,0,0,0,1,3,0,0,0,0,1,0,0,3289.24841544
20233,1129001960,2,2,0,0,0,0,1,1,0,0,0,0,1,1,0,0,0,0,0,0,0,1295.03307299
20233,1129001962,6,5,1,0,1,1,2,0,2,0,1,1,1,0,2,0,0,0,1,0,0,1859.69998736
20233,1129001964,243,154,89,2,21,47,70,68,35,2,16,28,39,47,22,0,5,19,31,21,13,4677.16547515
20233,1129001967,40,38,2,0,0,3,7,26,4,0,0,3,6,26,3,0,0,0,1,0,1,2753.5521339
20233,1129001968,155,134,21,0,4,8,23,64,56,0,1,7,16,58,52,0,3,1,7,6,4,1484.80235144
20233,1129001970,989,763,226,0,20,25,102,137,705,0,17,19,68,110,549,0,3,6,34,27,156,10142.1060422
20233,1129001981,8,8,0,0,0,1,6,1,0,0,0,1,6,1,0,0,0,0,0,0,0,1991.0859651
20233,1129001983,2,2,0,0,0,0,1,0,1,0,0,0,1,0,1,0,0,0,0,0,0,3496.91527157
20233,1129001986,11,0,11,0,1,3,4,1,2,0,0,0,0,0,0,0,1,3,4,1,2,1822.66614489
20233,1129001997,48,37,11,0,9,3,4,23,9,0,5,2,2,21,7,0,4,1,2,2,2,6168.94218231
20233,1129002002,1,1,0,0,0,0,0,1,0,0,0,0,0,1,0,0,0,0,0,0,0,3881.52250267
20233,1129002003,4,2,2,0,0,0,1,2,1,0,0,0,0,1,1,0,0,0,1,1,0,1632.91902632
20233,1129002007,9,2,7,0,2,1,5,1,0,0,0,0,1,1,0,0,2,1,4,0,0,4233.0347951
20233,1129002009,3,2,1,0,0,0,2,1,0,0,0,0,1,1,0,0,0,0,1,0,0,2124.45724996
20233,1129002012,15,4,11,0,0,0,3,11,1,0,0,0,1,2,1,0,0,0,2,9,0,1507.14214812
20233,1129002016,24,11,13,0,5,5,7,4,3,0,0,3,5,2,1,0,5,2,2,2,2,3779.15199954
20233,1129002021,8,6,2,0,0,4,2,2,0,0,0,4,0,2,0,0,0,0,2,0,0,1576.48788212
20233,1129002022,4,2,2,0,1,0,2,0,1,0,0,0,1,0,1,0,1,0,1,0,0,4191.55035887
20233,1129002023,116,57,59,0,21,31,27,22,15,0,8,13,11,14,11,0,13,18,16,8,4,11480.5519753
20233,1129002039,2,2,0,0,1,0,0,1,0,0,1,0,0,1,0,0,0,0,0,0,0,1334.84037769
20233,1129002043,3,3,0,0,0,0,0,1,2,0,0,0,0,1,2,0,0,0,0,0,0,1435.64434277
20233,1129002046,58,14,44,0,0,4,13,18,23,0,0,4,4,4,2,0,0,0,9,14,21,8749.50762102
20233,1129002047,2,1,1,0,0,0,1,1,0,0,0,0,1,0,0,0,0,0,0,1,0,3870.47638498
20233,1129002048,5,3,2,0,0,1,1,2,1,0,0,0,1,2,0,0,0,1,0,0,1,1443.41986327
20233,1129002049,11,10,1,0,0,2,3,4,2,0,0,2,2,4,2,0,0,0,1,0,0,1672.3509793
20233,1129002053,21,5,16,0,2,10,4,5,0,0,0,5,0,0,0,0,2,5,4,5,0,1894.38440958
20233,1129002059,84,61,23,1,11,22,35,11,4,1,6,19,30,5,0,0,5,3,5,6,4,4709.91195331
20233,1129002060,13,6,7,0,6,3,2,2,0,0,2,1,1,2,0,0,4,2,1,0,0,1810.84668155
20233,1129002068,3,1,2,0,0,0,3,0,0,0,0,0,1,0,0,0,0,0,2,0,0,2267.13034229
20233,1129002072,3,3,0,0,0,0,0,2,1,0,0,0,0,2,1,0,0,0,0,0,0,1338.37583629
20233,1129002077,13,4,9,0,7,2,2,1,1,0,0,1,2,0,1,0,7,1,0,1,0,1355.91522144
20233,1129002080,10,0,10,0,1,3,3,2,1,0,0,0,0,0,0,0,1,3,3,2,1,2501.95897082
20233,1129002083,3,0,3,0,1,2,0,0,0,0,0,0,0,0,0,0,1,2,0,0,0,2980.77335471
20233,1129002084,179,29,150,0,34,58,48,38,1,0,3,8,9,9,0,0,31,50,39,29,1,13593.4671353
20233,1129002086,5,4,1,0,0,0,1,3,1,0,0,0,1,2,1,0,0,0,0,1,0,5751.88011396
20233,1129002087,10,0,10,0,1,3,4,2,0,0,0,0,0,0,0,0,1,3,4,2,0,1676.80587636
20233,1129002090,6,5,1,0,0,2,1,3,0,0,0,2,1,2,0,0,0,0,0,1,0,1737.84172402
20233,1129002091,4,3,1,0,0,0,0,3,1,0,0,0,0,2,1,0,0,0,0,1,0,3879.23639159
20233,1129002093,7,5,2,0,1,1,3,2,0,0,1,1,2,1,0,0,0,0,1,1,0,1683.362008
20233,1129002094,2,1,1,0,0,1,1,0,0,0,0,1,0,0,0,0,0,0,1,0,0,2410.06826046
20233,1129002105,3,2,1,0,0,1,2,0,0,0,0,1,1,0,0,0,0,0,1,0,0,2036.80540496
20233,1129002107,11,4,7,0,0,4,4,2,1,0,0,0,2,1,1,0,0,4,2,1,0,4800.9954326
20233,1129002118,2,1,1,0,0,2,0,0,0,0,0,1,0,0,0,0,0,1,0,0,0,2098.21971208
20233,1129002124,5,2,3,0,0,1,0,2,2,0,0,1,0,0,1,0,0,0,0,2,1,2433.43492417
20233,1129002126,173,72,101,0,14,29,53,27,50,0,4,10,28,12,18,0,10,19,25,15,32,2709.43073191
20233,1129002128,10,1,9,0,1,0,2,6,1,0,0,0,0,0,1,0,1,0,2,6,0,3326.39011218
20233,1129002138,1,1,0,0,0,0,1,0,0,0,0,0,1,0,0,0,0,0,0,0,0,533.733970255
20233,1129002154,54,15,39,1,10,21,16,3,3,1,2,5,6,1,0,0,8,16,10,2,3,5325.53662008
20233,1129002156,35,9,26,0,3,5,4,5,18,0,0,2,3,1,3,0,3,3,1,4,15,4538.77153372
20233,1129002163,23,5,18,0,6,1,10,6,0,0,0,0,1,4,0,0,6,1,9,2,0,6501.85395217
20233,1129002168,30,13,17,0,3,6,11,4,6,0,0,1,7,0,5,0,3,5,4,4,1,5826.40881998
20233,1129002171,2,0,2,0,0,2,0,0,0,0,0,0,0,0,0,0,0,2,0,0,0,10329.6850449
20233,1129002181,3,3,0,0,0,1,1,0,1,0,0,1,1,0,1,0,0,0,0,0,0,5679.50517494
20233,1129002182,224,140,84,1,30,64,82,29,18,0,17,43,44,21,15,1,13,21,38,8,3,3129.97681504
20233,1129002184,4,2,2,0,0,3,1,0,0,0,0,2,0,0,0,0,0,1,1,0,0,1770.72861873
20233,1129002185,3,2,1,0,1,0,1,1,0,0,1,0,1,0,0,0,0,0,0,1,0,1834.70040303
20233,1129002186,2,1,1,0,0,0,2,0,0,0,0,0,1,0,0,0,0,0,1,0,0,3832.37423793
20233,1129002188,3,2,1,0,0,0,1,2,0,0,0,0,0,2,0,0,0,0,1,0,0,3403.37784519
20233,1129002190,2,2,0,0,0,1,0,1,0,0,0,1,0,1,0,0,0,0,0,0,0,3530.87557737
20233,1129002192,2,2,0,0,0,0,0,2,0,0,0,0,0,2,0,0,0,0,0,0,0,3566.39001961
20233,1129002193,3,2,1,0,0,0,0,2,1,0,0,0,0,1,1,0,0,0,0,1,0,3217.46525943
20233,1129002195,101,69,32,0,11,24,31,13,22,0,6,18,22,10,13,0,5,6,9,3,9,22349.1448746
20233,1129002196,4,2,2,0,1,2,0,1,0,0,0,1,0,1,0,0,1,1,0,0,0,1252.91435252
20233,1129002198,35,22,13,0,1,7,8,9,10,0,1,3,3,7,8,0,0,4,5,2,2,7752.24972337
20233,1129002199,2,1,1,0,0,1,0,1,0,0,0,0,0,1,0,0,0,1,0,0,0,3624.71100486
20233,1129002201,2,1,1,0,0,0,0,0,2,0,0,0,0,0,1,0,0,0,0,0,1,2906.53584558
20233,1129002203,36,32,4,0,4,3,11,12,6,0,4,2,9,11,6,0,0,1,2,1,0,4622.10989553
20233,1129002204,7,4,3,0,1,3,2,0,1,0,0,1,2,0,1,0,1,2,0,0,0,8681.19333025
20233,1129002205,6,0,6,0,1,2,0,3,0,0,0,0,0,0,0,0,1,2,0,3,0,8030.38680177
20233,1129002207,23,12,11,0,1,6,3,6,7,0,0,3,1,2,6,0,1,3,2,4,1,4035.81071771
20233,1129002208,332,173,159,0,32,101,104,63,32,0,12,50,64,28,19,0,20,51,40,35,13,10145.1995628
20233,1129002209,5,0,5,0,0,2,1,1,1,0,0,0,0,0,0,0,0,2,1,1,1,1273.98623352
20233,1129002210,38,15,23,0,7,8,9,7,7,0,2,3,2,3,5,0,5,5,7,4,2,8120.09588535
20233,1129002211,21,9,12,0,0,1,5,8,7,0,0,1,1,3,4,0,0,0,4,5,3,4500.74404008
20233,1129002212,65,35,30,0,5,14,13,16,17,0,2,9,6,11,7,0,3,5,7,5,10,8957.09524743
20233,1129002213,45,22,23,0,2,7,16,16,4,0,1,3,7,9,2,0,1,4,9,7,2,14995.2650451
20233,1129002214,7,6,1,0,0,1,2,1,3,0,0,1,2,0,3,0,0,0,0,1,0,1731.99791452
20233,1129002215,6,2,4,0,1,0,2,2,1,0,0,0,1,0,1,0,1,0,1,2,0,3440.34008297
20233,1129002218,52,34,18,1,10,13,16,8,4,0,5,9,12,6,2,1,5,4,4,2,2,14864.3252315
20233,1129002219,7,5,2,0,2,1,2,2,0,0,1,1,1,2,0,0,1,0,1,0,0,5857.28448504
20233,1129002221,22,10,12,0,4,6,2,5,5,0,1,1,0,4,4,0,3,5,2,1,1,12600.4196396
20233,1129002223,6,2,4,0,0,0,2,4,0,0,0,0,0,2,0,0,0,0,2,2,0,3021.59637702
20233,1129002225,16,6,10,0,1,4,6,3,2,0,0,1,4,0,1,0,1,3,2,3,1,3273.96716563
20233,1129002229,1627,1166,461,0,310,658,319,221,119,0,169,480,226,177,114,0,141,178,93,44,5,441421.287997
20233,1129002231,26,12,14,0,0,5,13,3,5,0,0,1,6,1,4,0,0,4,7,2,1,5168.98395907
20233,1129002233,3,1,2,0,0,0,1,0,2,0,0,0,0,0,1,0,0,0,1,0,1,3429.18856967
20233,1129002236,9,2,7,0,2,5,2,0,0,0,0,2,0,0,0,0,2,3,2,0,0,5999.12956369
20233,1129002238,5,4,1,0,1,2,2,0,0,0,1,2,1,0,0,0,0,0,1,0,0,8420.20371284
20233,1129002243,17,1,16,0,3,7,4,2,1,0,0,0,0,0,1,0,3,7,4,2,0,169635.383512
20233,1129002244,14,2,12,0,4,2,4,3,1,0,0,0,0,2,0,0,4,2,4,1,1,5380.12712583
20233,1129002245,6,3,3,0,2,1,1,0,2,0,1,1,1,0,0,0,1,0,0,0,2,2074.48980596
20233,1129002248,3,2,1,0,1,0,0,2,0,0,1,0,0,1,0,0,0,0,0,1,0,956.49386295
20233,1129002249,282,263,19,0,7,10,13,15,237,0,6,7,4,12,234,0,1,3,9,3,3,19442.8273689
20233,1129002250,55,19,36,0,26,15,8,4,2,0,5,7,4,1,2,0,21,8,4,3,0,14181.1653138
20233,1129002252,2,2,0,0,0,0,2,0,0,0,0,0,2,0,0,0,0,0,0,0,0,3337.16519792
20233,1129002253,2,2,0,0,0,0,0,2,0,0,0,0,0,2,0,0,0,0,0,0,0,2807.55795774
20233,1129002254,132,97,35,0,5,46,53,24,4,0,1,32,41,20,3,0,4,14,12,4,1,5285.01129929
20233,1129002259,2,1,1,0,0,0,0,1,1,0,0,0,0,0,1,0,0,0,0,1,0,2217.39757024
20233,1129002262,10,1,9,0,0,3,1,2,4,0,0,0,0,0,1,0,0,3,1,2,3,2223.12867025
20233,1129002263,6,4,2,0,0,0,1,4,1,0,0,0,0,4,0,0,0,0,1,0,1,3466.09500634
20233,1129002264,2,0,2,0,0,0,1,0,1,0,0,0,0,0,0,0,0,0,1,0,1,4824.49219195
20233,1129002265,6,1,5,0,0,1,4,1,0,0,0,0,1,0,0,0,0,1,3,1,0,1242.80683928
20233,1129002267,20,5,15,2,12,1,4,0,1,0,2,0,2,0,1,2,10,1,2,0,0,2775.1633575
20233,1129002268,168,57,111,0,37,23,26,55,27,0,13,15,12,11,6,0,24,8,14,44,21,36458.9526739
20233,1129002270,17,10,7,0,4,5,1,5,2,0,4,4,1,0,1,0,0,1,0,5,1,1475.42593303
20233,1129002274,16,1,15,0,5,6,1,1,3,0,0,0,0,0,1,0,5,6,1,1,2,4669.56432472
20233,1129002279,92,31,61,0,9,28,25,27,3,0,5,4,10,9,3,0,4,24,15,18,0,10094.5325662
20233,1129002282,158,116,42,1,28,64,40,15,10,1,22,53,22,9,9,0,6,11,18,6,1,4021.73304909
20233,1129002289,19,5,14,0,4,2,5,8,0,0,1,0,1,3,0,0,3,2,4,5,0,9705.0365792
20233,1129002290,250,137,113,0,7,22,88,97,36,0,0,8,52,54,23,0,7,14,36,43,13,42011.6324016
20233,1129002291,2,1,1,0,0,0,0,2,0,0,0,0,0,1,0,0,0,0,0,1,0,929.497139492
20233,1129002292,9,7,2,0,0,1,3,4,1,0,0,1,2,3,1,0,0,0,1,1,0,3039.09428775
20233,1129002293,6,5,1,0,1,1,3,1,0,0,0,1,3,1,0,0,1,0,0,0,0,2077.61239976
20233,1129002294,7,6,1,0,1,0,4,2,0,0,1,0,4,1,0,0,0,0,0,1,0,8727.81815393
20233,1129002301,2,1,1,0,0,0,0,0,2,0,0,0,0,0,1,0,0,0,0,0,1,1077.75832975
20233,1129002303,19,14,5,0,1,4,8,4,2,0,1,2,6,3,2,0,0,2,2,1,0,1920.66345941
20233,1129002307,26,15,11,0,1,3,8,10,4,0,1,3,5,4,2,0,0,0,3,6,2,13700.153053
20233,1129002313,2,1,1,0,0,1,1,0,0,0,0,0,1,0,0,0,0,1,0,0,0,826.490001464
20233,1129002318,666,429,237,1,166,159,181,111,48,0,91,118,113,64,43,1,75,41,68,47,5,3428.74690881
20233,1129002319,2,0,2,0,0,0,0,0,2,0,0,0,0,0,0,0,0,0,0,0,2,4658.41670517
20233,1129002323,2,1,1,0,0,0,0,2,0,0,0,0,0,1,0,0,0,0,0,1,0,475.323322453
20233,1129002326,1,1,0,0,0,0,0,1,0,0,0,0,0,1,0,0,0,0,0,0,0,2359.65263058
20233,1129002327,6,2,4,0,1,0,3,1,1,0,1,0,1,0,0,0,0,0,2,1,1,2827.66203477
20233,1129002328,10,0,10,0,1,5,2,2,0,0,0,0,0,0,0,0,1,5,2,2,0,80656.4532543
20233,1129002333,14,3,11,0,3,3,5,2,1,0,0,1,2,0,0,0,3,2,3,2,1,3902.50395142
20233,1129002335,19,10,9,0,2,3,4,5,5,0,1,1,3,2,3,0,1,2,1,3,2,4812.48497944
20233,1129002336,69,15,54,0,14,15,20,16,4,0,4,3,2,4,2,0,10,12,18,12,2,11972.4676867
20233,1129002339,3,2,1,0,0,0,0,3,0,0,0,0,0,2,0,0,0,0,0,1,0,2735.23796963
20233,1129002341,13,6,7,0,7,3,2,1,0,0,3,2,1,0,0,0,4,1,1,1,0,1288.63460844
20233,1129002342,13,8,5,0,4,3,5,0,1,0,3,2,2,0,1,0,1,1,3,0,0,1763.56480908
20233,1129002343,1,1,0,0,0,0,1,0,0,0,0,0,1,0,0,0,0,0,0,0,0,760.370671509
20233,1129002345,2,2,0,0,0,2,0,0,0,0,0,2,0,0,0,0,0,0,0,0,0,2031.83967628
20233,1129002347,2,1,1,0,0,1,1,0,0,0,0,0,1,0,0,0,0,1,0,0,0,2901.35365091
20233,1129002355,2,2,0,0,0,0,0,0,2,0,0,0,0,0,2,0,0,0,0,0,0,5650.48804124
20233,1129002357,28,2,26,0,1,2,2,6,17,0,0,1,0,0,1,0,1,1,2,6,16,3529.63067203
20233,1129002361,70,41,29,0,19,16,17,14,4,0,13,11,11,4,2,0,6,5,6,10,2,1643.30826449
20233,1129002362,2,2,0,0,0,0,0,2,0,0,0,0,0,2,0,0,0,0,0,0,0,2039.82799501
20233,1129002369,20,6,14,0,0,2,6,5,7,0,0,1,4,0,1,0,0,1,2,5,6,4270.19633829
20233,1129002370,98,39,59,0,58,26,8,4,2,0,20,11,3,3,2,0,38,15,5,1,0,1985.52759671
20233,1129002375,12,8,4,0,1,0,3,0,8,0,0,0,1,0,7,0,1,0,2,0,1,2627.26094901
20233,1129002376,10,9,1,0,1,4,3,1,1,0,1,4,2,1,1,0,0,0,1,0,0,2230.4637765
20233,1129002379,4,1,3,0,1,2,0,1,0,0,0,0,0,1,0,0,1,2,0,0,0,6381.68159416
20233,1129002380,1,0,1,0,0,0,0,0,1,0,0,0,0,0,0,0,0,0,0,0,1,1272.59744782
20233,1129002382,1,0,1,0,0,0,1,0,0,0,0,0,0,0,0,0,0,0,1,0,0,1731.38142829
20233,1129002386,7,2,5,0,0,0,4,3,0,0,0,0,0,2,0,0,0,0,4,1,0,7508.23601006
20233,1129002390,1,1,0,0,0,0,0,1,0,0,0,0,0,1,0,0,0,0,0,0,0,2112.76016803
20233,1129002391,7,2,5,0,0,0,4,1,2,0,0,0,0,1,1,0,0,0,4,0,1,5430.82202861
20233,1129002392,1,1,0,0,0,0,0,0,1,0,0,0,0,0,1,0,0,0,0,0,0,1825.03622874
20233,1129002395,5,4,1,0,1,0,2,0,2,0,1,0,1,0,2,0,0,0,1,0,0,2343.15160373
20233,1129002397,2,2,0,0,0,0,0,1,1,0,0,0,0,1,1,0,0,0,0,0,0,2736.41121504
20233,1129002398,3,1,2,0,0,0,2,1,0,0,0,0,0,1,0,0,0,0,2,0,0,4258.27755876
20233,1129002403,3,2,1,0,0,1,0,1,1,0,0,1,0,0,1,0,0,0,0,1,0,2180.53800508
20233,1129002404,13,6,7,0,1,3,2,5,2,0,1,0,0,4,1,0,0,3,2,1,1,5544.70553907
20233,1129002405,12,7,5,0,4,4,2,1,1,0,1,2,2,1,1,0,3,2,0,0,0,2490.9383013
20233,1129002406,14,3,11,0,1,3,4,4,2,0,0,0,1,0,2,0,1,3,3,4,0,3280.74419166
20233,1129002409,8,3,5,0,0,1,1,2,4,0,0,1,0,0,2,0,0,0,1,2,2,3821.27002589
20233,1129002412,8,6,2,0,0,1,2,0,5,0,0,0,1,0,5,0,0,1,1,0,0,2119.41136724
20233,1129002413,37,22,15,0,8,11,10,5,3,0,1,9,8,2,2,0,7,2,2,3,1,2392.79185618
20233,1129002415,10,3,7,0,0,3,6,1,0,0,0,1,2,0,0,0,0,2,4,1,0,5882.43759393
20233,1129002416,9,2,7,0,3,0,4,1,1,0,0,0,1,0,1,0,3,0,3,1,0,4144.25181428
20233,1129002420,4,3,1,0,0,1,0,0,3,0,0,1,0,0,2,0,0,0,0,0,1,1918.4246657
20233,1129002421,3,2,1,0,0,1,0,1,1,0,0,1,0,1,0,0,0,0,0,0,1,2282.14404754
20233,1129002423,10,9,1,0,0,4,5,0,1,0,0,4,4,0,1,0,0,0,1,0,0,1426.14195618
20233,1129002426,14,12,2,1,3,2,2,3,3,1,3,2,1,2,3,0,0,0,1,1,0,1877.15047981
20233,1129002428,18,12,6,0,7,9,2,0,0,0,4,6,2,0,0,0,3,3,0,0,0,3078.12933764
20233,1129002429,2,2,0,0,0,0,1,0,1,0,0,0,1,0,1,0,0,0,0,0,0,2232.8242843
20233,1129002430,8,6,2,0,0,0,1,5,2,0,0,0,0,4,2,0,0,0,1,1,0,13886.5299447
20233,1129002433,3,1,2,0,0,0,1,2,0,0,0,0,0,1,0,0,0,0,1,1,0,1679.41447793
20233,1129002437,3,2,1,0,0,3,0,0,0,0,0,2,0,0,0,0,0,1,0,0,0,2518.39681814
20233,1129002439,11,7,4,0,2,5,4,0,0,0,0,3,4,0,0,0,2,2,0,0,0,2025.83551952
20233,1129002444,7,3,4,0,1,0,0,2,4,0,0,0,0,1,2,0,1,0,0,1,2,2545.97590097
20233,1129002449,2,2,0,0,0,0,0,0,2,0,0,0,0,0,2,0,0,0,0,0,0,2169.3399566
20233,1129002451,9,5,4,0,0,0,0,2,7,0,0,0,0,0,5,0,0,0,0,2,2,2290.52617839
20233,1129002453,5,3,2,0,0,4,0,0,1,0,0,2,0,0,1,0,0,2,0,0,0,1245.12249191
20233,1129002454,2,1,1,0,0,0,1,0,1,0,0,0,1,0,0,0,0,0,0,0,1,3108.32565961
20233,1129002457,2,1,1,0,0,0,1,1,0,0,0,0,1,0,0,0,0,0,0,1,0,3014.48060882
20233,1129002462,2,1,1,0,0,0,0,2,0,0,0,0,0,1,0,0,0,0,0,1,0,3213.42681059
20233,1129002463,46,6,40,0,0,3,1,13,29,0,0,1,1,2,2,0,0,2,0,11,27,14562.7530353
20233,1129002464,1,1,0,0,0,0,0,0,1,0,0,0,0,0,1,0,0,0,0,0,0,3533.36701361
20233,1129002467,2,2,0,0,0,1,1,0,0,0,0,1,1,0,0,0,0,0,0,0,0,2186.23762408
20233,1129002470,69,61,8,0,2,2,7,24,34,0,1,2,4,22,32,0,1,0,3,2,2,2916.52868226
20233,1129002474,6,0,6,0,0,1,3,2,0,0,0,0,0,0,0,0,0,1,3,2,0,9060.60967438
20233,1129002482,5,2,3,0,0,1,2,2,0,0,0,1,1,0,0,0,0,0,1,2,0,1741.45926861
20233,1129002484,3,0,3,0,0,1,1,1,0,0,0,0,0,0,0,0,0,1,1,1,0,1774.65046696
20233,1129002487,1,1,0,0,0,0,0,0,1,0,0,0,0,0,1,0,0,0,0,0,0,2343.96339767
20233,1129002488,3,1,2,0,0,2,1,0,0,0,0,0,1,0,0,0,0,2,0,0,0,2971.3173049
20233,1129002491,36,14,22,0,12,10,7,6,1,0,1,4,3,5,1,0,11,6,4,1,0,2242.56079871
20233,1129002492,16,10,6,0,2,3,2,7,2,0,0,3,1,5,1,0,2,0,1,2,1,2698.26202527
20233,1129002493,91,72,19,1,24,22,19,23,2,0,19,20,16,15,2,1,5,2,3,8,0,22204.6778074
20233,1129002498,3,1,2,0,0,0,0,2,1,0,0,0,0,1,0,0,0,0,0,1,1,2956.82137497
20233,1129002500,3,1,2,0,0,0,0,2,1,0,0,0,0,0,1,0,0,0,0,2,0,2674.87043327
20233,1129002508,2,2,0,0,0,0,2,0,0,0,0,0,2,0,0,0,0,0,0,0,0,640.758253747
20233,1129002509,9,6,3,0,0,3,3,0,3,0,0,1,3,0,2,0,0,2,0,0,1,2180.93167491
20233,1129002512,71,8,63,0,11,18,24,13,5,0,0,1,2,2,3,0,11,17,22,11,2,7718.56578093
20233,1129002514,81,66,15,0,5,7,28,24,17,0,5,5,21,21,14,0,0,2,7,3,3,6885.78435703
20233,1129002517,20,11,9,0,3,1,5,7,4,0,3,0,3,3,2,0,0,1,2,4,2,6198.49964574
20233,1129002518,2,1,1,0,0,0,1,1,0,0,0,0,1,0,0,0,0,0,0,1,0,1750.54834621
20233,1129002519,1,0,1,0,0,0,1,0,0,0,0,0,0,0,0,0,0,0,1,0,0,1924.32225221
20233,1129002522,26,3,23,0,0,11,6,8,1,0,0,2,0,0,1,0,0,9,6,8,0,1422.1478076
20233,1129002523,2,1,1,0,0,0,1,1,0,0,0,0,0,1,0,0,0,0,1,0,0,1923.59277048
20233,1129002528,62,28,34,0,14,11,18,14,5,0,6,2,10,6,4,0,8,9,8,8,1,6990.71006168
20233,1129002531,28,5,23,0,2,7,9,8,2,0,2,2,0,0,1,0,0,5,9,8,1,2532.3398918
20233,1129002532,5,2,3,0,0,1,3,1,0,0,0,0,1,1,0,0,0,1,2,0,0,2521.78054879
20233,1129002533,5,3,2,0,0,1,0,1,3,0,0,1,0,0,2,0,0,0,0,1,1,2229.75860671
20233,1129002534,1,1,0,0,0,0,0,1,0,0,0,0,0,1,0,0,0,0,0,0,0,8743.6121695
20233,1129002535,85,75,10,0,20,34,21,7,3,0,16,34,18,5,2,0,4,0,3,2,1,4971.15181774
20233,1129002537,6,5,1,0,1,0,1,4,0,0,1,0,1,3,0,0,0,0,0,1,0,11342.1650667
20233,1129002539,4,4,0,0,0,0,3,0,1,0,0,0,3,0,1,0,0,0,0,0,0,3522.04385972
20233,1129002542,1,1,0,0,0,0,1,0,0,0,0,0,1,0,0,0,0,0,0,0,0,1660.90262781
20233,1129002543,4,1,3,0,1,1,0,2,0,0,0,0,0,1,0,0,1,1,0,1,0,3896.95655528
20233,1129002545,10,7,3,0,0,3,5,2,0,0,0,2,4,1,0,0,0,1,1,1,0,15484.5253364
20233,1129002546,11,8,3,0,1,2,4,3,1,0,1,1,3,2,1,0,0,1,1,1,0,7008.05892493
20233,1129002548,2,1,1,0,0,0,1,0,1,0,0,0,0,0,1,0,0,0,1,0,0,5635.99295671
20233,1129002550,7,5,2,0,0,0,5,1,1,0,0,0,4,1,0,0,0,0,1,0,1,7405.71073134
20233,1129002552,9,4,5,0,1,0,3,1,4,0,0,0,1,0,3,0,1,0,2,1,1,3098.04765708
20233,1129002553,15,3,12,0,1,4,5,3,2,0,0,1,0,0,2,0,1,3,5,3,0,2702.38072329
20233,1129002556,5,3,2,0,1,1,1,2,0,0,1,1,1,0,0,0,0,0,0,2,0,7467.18653729
20233,1129002557,5,4,1,0,0,0,2,1,2,0,0,0,1,1,2,0,0,0,1,0,0,4019.66509373
20233,1129002561,5,4,1,0,0,2,2,1,0,0,0,1,2,1,0,0,0,1,0,0,0,3554.67848052
20233,1129002564,5,5,0,0,0,4,1,0,0,0,0,4,1,0,0,0,0,0,0,0,0,1731.86539079
20233,1129002565,10,3,7,0,1,2,3,2,2,0,0,0,1,1,1,0,1,2,2,1,1,2994.35731247
20233,1129002567,5,4,1,0,2,0,1,0,2,0,2,0,1,0,1,0,0,0,0,0,1,3720.18244896
20233,1129002568,81,42,39,0,10,23,17,21,10,0,1,8,9,16,8,0,9,15,8,5,2,8196.50899983
20233,1129002573,1,1,0,0,0,0,1,0,0,0,0,0,1,0,0,0,0,0,0,0,0,3339.90812729
20233,1129002576,63,46,17,1,18,17,10,10,7,0,13,11,10,7,5,1,5,6,0,3,2,5967.04350769
20233,1129002579,34,21,13,0,6,7,9,10,2,0,1,6,7,6,1,0,5,1,2,4,1,17053.0103439
20233,1129002581,18,2,16,0,1,4,5,6,2,0,0,0,0,0,2,0,1,4,5,6,0,17905.3775233
20233,1129002584,2,2,0,0,0,0,2,0,0,0,0,0,2,0,0,0,0,0,0,0,0,1879.20285652
20233,1129002585,6,5,1,0,0,0,1,4,1,0,0,0,1,3,1,0,0,0,0,1,0,3239.42151105
20233,1129002587,8,6,2,0,1,3,0,3,1,0,0,2,0,3,1,0,1,1,0,0,0,4051.08703834
20233,1129002589,14,11,3,0,0,3,4,3,4,0,0,2,4,3,2,0,0,1,0,0,2,2754.49652676
20233,1129002592,9,7,2,0,2,0,2,3,2,0,1,0,1,3,2,0,1,0,1,0,0,2916.68001354
20233,1129002593,2,1,1,0,1,0,1,0,0,0,1,0,0,0,0,0,0,0,1,0,0,3089.87851531
20233,1129002595,3,2,1,0,0,1,0,0,2,0,0,1,0,0,1,0,0,0,0,0,1,2743.62446279
20233,1129002596,30,21,9,0,8,4,7,9,2,0,5,4,4,7,1,0,3,0,3,2,1,5096.81294101
20233,1129002598,6,2,4,0,0,1,2,3,0,0,0,0,0,2,0,0,0,1,2,1,0,2954.52081688
20233,1129002599,2,1,1,0,0,0,0,0,2,0,0,0,0,0,1,0,0,0,0,0,1,3322.787428
20233,1129002601,4,0,4,0,1,2,0,0,1,0,0,0,0,0,0,0,1,2,0,0,1,2887.5691553
20233,1129002604,5,2,3,0,0,4,0,0,1,0,0,1,0,0,1,0,0,3,0,0,0,2945.37651993
20233,1129002605,16,11,5,0,3,5,6,0,2,0,0,5,4,0,2,0,3,0,2,0,0,5030.79771549
20233,1129002606,5,0,5,0,2,1,1,1,0,0,0,0,0,0,0,0,2,1,1,1,0,3406.6579324
20233,1129002607,7,6,1,0,0,0,2,2,3,0,0,0,2,1,3,0,0,0,0,1,0,2853.63565329
20233,1129002608,5,5,0,0,1,0,0,4,0,0,1,0,0,4,0,0,0,0,0,0,0,1764.44399597
20233,1129002609,1,1,0,0,0,0,0,0,1,0,0,0,0,0,1,0,0,0,0,0,0,3407.97190945
20233,1129002611,7,3,4,0,1,2,1,2,1,0,1,0,1,1,0,0,0,2,0,1,1,4435.69379108
20233,1129002615,4,2,2,0,1,0,1,2,0,0,1,0,0,1,0,0,0,0,1,1,0,4732.48136469
20233,1129002617,4,4,0,0,0,1,2,1,0,0,0,1,2,1,0,0,0,0,0,0,0,5978.98811612
20233,1129002625,8,5,3,0,0,4,2,1,1,0,0,2,2,0,1,0,0,2,0,1,0,2978.60877262
20233,1129002627,16,10,6,0,3,3,6,4,0,0,1,3,3,3,0,0,2,0,3,1,0,2139.47305022
20233,1129002628,3,0,3,0,1,0,0,1,1,0,0,0,0,0,0,0,1,0,0,1,1,4128.76653444
20233,1129002629,5,1,4,0,0,0,2,1,2,0,0,0,1,0,0,0,0,0,1,1,2,6003.37456971
20233,1129002630,4,1,3,0,0,0,2,0,2,0,0,0,1,0,0,0,0,0,1,0,2,2510.37714457
20233,1129002631,148,126,22,0,3,6,15,12,112,0,1,3,8,10,104,0,2,3,7,2,8,8749.39789924
20233,1129002632,27,19,8,0,0,0,2,0,25,0,0,0,1,0,18,0,0,0,1,0,7,5589.46694678
20233,1129002633,114,29,85,0,20,18,28,34,14,0,3,10,9,5,2,0,17,8,19,29,12,4306.09884985
20233,1129002635,3,1,2,0,0,0,1,2,0,0,0,0,0,1,0,0,0,0,1,1,0,5819.94689896
20233,1129002636,4,4,0,0,0,0,2,2,0,0,0,0,2,2,0,0,0,0,0,0,0,4374.28950998
20233,1129002639,7,1,6,0,0,0,2,2,3,0,0,0,0,0,1,0,0,0,2,2,2,2129.56325532
20233,1129002640,6,4,2,0,1,2,1,0,2,0,0,1,1,0,2,0,1,1,0,0,0,2527.55636928
20233,1129002642,10,7,3,0,1,1,3,4,1,0,1,1,3,1,1,0,0,0,0,3,0,4197.10978617
20233,1129002643,2,2,0,0,0,0,1,0,1,0,0,0,1,0,1,0,0,0,0,0,0,2360.88167132
20233,1129002648,2,2,0,0,0,0,0,1,1,0,0,0,0,1,1,0,0,0,0,0,0,1571.21259162
20233,1129002649,87,12,75,0,11,25,31,14,6,0,1,3,3,2,3,0,10,22,28,12,3,16350.8188163
20233,1129002654,1,0,1,0,0,0,0,1,0,0,0,0,0,0,0,0,0,0,0,1,0,1823.49051811
20233,1129002655,1,1,0,0,0,0,1,0,0,0,0,0,1,0,0,0,0,0,0,0,0,1060.44170941
20233,1129002658,11,7,4,0,0,1,1,8,1,0,0,0,1,5,1,0,0,1,0,3,0,4985.03332929
20233,1129002662,25,9,16,0,1,4,10,9,1,0,0,2,3,4,0,0,1,2,7,5,1,6278.119058
20233,1129002663,11,3,8,0,0,0,2,5,4,0,0,0,0,1,2,0,0,0,2,4,2,1731.77395699
20233,1129002664,3,1,2,0,1,0,1,1,0,0,0,0,0,1,0,0,1,0,1,0,0,1453.55747439
20233,1129002665,10,4,6,0,0,2,3,3,2,0,0,1,0,2,1,0,0,1,3,1,1,5747.70521949
20233,1129002666,12,5,7,0,2,2,0,1,7,0,0,0,0,1,4,0,2,2,0,0,3,5995.61155262
20233,1129002668,10,3,7,0,1,2,3,2,2,0,0,0,1,1,1,0,1,2,2,1,1,5851.72137031
20233,1129002670,2,2,0,0,0,0,0,2,0,0,0,0,0,2,0,0,0,0,0,0,0,2788.75526557
20233,1129002673,27,21,6,0,0,2,1,3,21,0,0,1,1,2,17,0,0,1,0,1,4,4862.8791621
20233,1129002674,4,0,4,0,1,0,2,1,0,0,0,0,0,0,0,0,1,0,2,1,0,2498.35934028
20233,1129002677,12,4,8,0,4,1,4,2,1,0,0,0,2,1,1,0,4,1,2,1,0,1904.20590089
20233,1129002679,3,2,1,0,0,0,0,0,3,0,0,0,0,0,2,0,0,0,0,0,1,4924.09713631
20233,1129002682,9,1,8,0,0,0,1,3,5,0,0,0,0,0,1,0,0,0,1,3,4,2644.42795867
20233,1129002683,6,6,0,0,0,2,0,2,2,0,0,2,0,2,2,0,0,0,0,0,0,3570.53634428
20233,1129002684,7,1,6,0,0,0,4,2,1,0,0,0,0,0,1,0,0,0,4,2,0,3253.26233681
20233,1129002685,3,1,2,0,0,0,1,2,0,0,0,0,1,0,0,0,0,0,0,2,0,2742.11007194
20233,1129002687,10,7,3,0,0,5,1,2,2,0,0,5,1,0,1,0,0,0,0,2,1,7938.3393892
20233,1129002690,18,8,10,0,2,6,3,4,3,0,0,3,1,2,2,0,2,3,2,2,1,3714.12072191
20233,1129002695,4,3,1,0,0,1,2,1,0,0,0,0,2,1,0,0,0,1,0,0,0,4085.75902319
20233,1129002702,5,3,2,0,0,1,0,1,3,0,0,1,0,0,2,0,0,0,0,1,1,3769.06679114
20233,1129002704,7,6,1,0,0,1,4,2,0,0,0,1,3,2,0,0,0,0,1,0,0,4457.02163493
20233,1129002707,9,6,3,0,1,0,2,2,4,0,0,0,1,2,3,0,1,0,1,0,1,5398.11540919
20233,1129002715,12,5,7,0,0,5,2,2,3,0,0,1,0,1,3,0,0,4,2,1,0,3266.53012563
20233,1129002716,3,0,3,0,0,1,0,1,1,0,0,0,0,0,0,0,0,1,0,1,1,1931.37648281
20233,1129002717,36,29,7,0,0,1,1,4,30,0,0,1,1,2,25,0,0,0,0,2,5,3688.56911079
20233,1129002719,2,2,0,0,1,0,0,0,1,0,1,0,0,0,1,0,0,0,0,0,0,3254.93154777
20233,1129002720,565,404,161,2,38,93,150,164,118,2,20,49,104,131,98,0,18,44,46,33,20,2077.2126593
20233,1129002725,2,1,1,0,0,0,0,1,1,0,0,0,0,0,1,0,0,0,0,1,0,3499.02911257
20233,1129002726,2,1,1,0,0,0,0,1,1,0,0,0,0,0,1,0,0,0,0,1,0,1933.88301606
20233,1129002730,2,2,0,0,0,0,0,2,0,0,0,0,0,2,0,0,0,0,0,0,0,3282.77444721
20233,1129002734,5,4,1,0,0,1,2,1,1,0,0,0,2,1,1,0,0,1,0,0,0,847.865646984
20233,1129002736,4,3,1,0,0,0,1,0,3,0,0,0,1,0,2,0,0,0,0,0,1,5694.24589366
20233,1129002737,4,2,2,0,0,1,2,0,1,0,0,0,1,0,1,0,0,1,1,0,0,2754.77750146
20233,1129002741,2,1,1,0,0,0,1,0,1,0,0,0,0,0,1,0,0,0,1,0,0,2562.34874275
20233,1129002745,9,7,2,0,0,2,2,3,2,0,0,2,2,2,1,0,0,0,0,1,1,5084.56377248
20233,1129002750,3,2,1,0,0,1,0,0,2,0,0,1,0,0,1,0,0,0,0,0,1,1751.86419898
20233,1129002758,4,1,3,0,0,1,2,0,1,0,0,0,1,0,0,0,0,1,1,0,1,2032.30119427
20233,1129002761,2,0,2,0,1,0,0,1,0,0,0,0,0,0,0,0,1,0,0,1,0,1916.7802284
20233,1129002766,2,1,1,0,1,0,0,1,0,0,0,0,0,1,0,0,1,0,0,0,0,1371.74301888
20233,1129002767,7,3,4,0,4,2,1,0,0,0,1,1,1,0,0,0,3,1,0,0,0,6720.94929957
20233,1129002773,7,7,0,0,0,1,1,2,3,0,0,1,1,2,3,0,0,0,0,0,0,2500.34206656
20233,1129002774,16,5,11,0,9,6,1,0,0,0,2,2,1,0,0,0,7,4,0,0,0,3943.36895136
20233,1129002775,2,2,0,0,1,0,0,1,0,0,1,0,0,1,0,0,0,0,0,0,0,3814.52448146
20233,1129002776,10,7,3,0,0,4,3,3,0,0,0,2,2,3,0,0,0,2,1,0,0,1532.19359293
20233,1129002778,23,18,5,0,2,6,5,7,3,0,2,4,4,5,3,0,0,2,1,2,0,12590.4931161
20233,1129002779,3,1,2,0,1,0,1,1,0,0,0,0,1,0,0,0,1,0,0,1,0,1372.59984558
20233,1129002781,2,2,0,0,0,0,0,1,1,0,0,0,0,1,1,0,0,0,0,0,0,2261.09676806
20233,1129002784,125,123,2,0,2,0,11,40,72,0,1,0,11,39,72,0,1,0,0,1,0,3693.64751755
20233,1129002785,4,2,2,0,0,0,2,2,0,0,0,0,1,1,0,0,0,0,1,1,0,3498.06829637
20233,1129002786,4,1,3,0,0,2,2,0,0,0,0,0,1,0,0,0,0,2,1,0,0,655.826889159
20233,1129002787,2,1,1,0,0,0,0,2,0,0,0,0,0,1,0,0,0,0,0,1,0,2345.73109473
20233,1129002790,3,2,1,0,0,0,2,1,0,0,0,0,1,1,0,0,0,0,1,0,0,1652.94996883
20233,1129002791,8,6,2,0,0,0,3,2,3,0,0,0,2,1,3,0,0,0,1,1,0,2938.08656253
20233,1129002792,126,122,4,0,0,2,16,52,56,0,0,1,14,52,55,0,0,1,2,0,1,6214.95408465
20233,1129002793,41,17,24,0,15,11,4,9,2,0,7,3,2,3,2,0,8,8,2,6,0,6260.91425155
20233,1129002796,5,4,1,0,0,0,2,1,2,0,0,0,2,1,1,0,0,0,0,0,1,2930.33158532
20233,1129002797,2,2,0,0,0,0,0,2,0,0,0,0,0,2,0,0,0,0,0,0,0,1334.1946941
20233,1129002800,120,42,78,0,21,28,28,34,9,0,4,14,13,8,3,0,17,14,15,26,6,12145.2760122
20233,1129002801,6,4,2,0,0,0,2,3,1,0,0,0,1,2,1,0,0,0,1,1,0,5325.02844834
20233,1129002805,46,21,25,0,13,11,12,7,3,0,5,6,6,3,1,0,8,5,6,4,2,2487.99968821
20233,1129002807,4,2,2,0,0,2,0,2,0,0,0,1,0,1,0,0,0,1,0,1,0,1227.61801799
20233,1129002816,12,9,3,0,1,3,3,5,0,0,0,3,2,4,0,0,1,0,1,1,0,1079.26453681
20233,1129002817,2,2,0,0,0,0,2,0,0,0,0,0,2,0,0,0,0,0,0,0,0,726.300693196
20233,1129002819,55,30,25,5,18,10,14,5,3,1,11,7,8,2,1,4,7,3,6,3,2,4943.48173046
20233,1129002823,5,4,1,0,0,1,2,2,0,0,0,0,2,2,0,0,0,1,0,0,0,1760.40886155
20233,1129002832,3,2,1,0,0,0,2,1,0,0,0,0,1,1,0,0,0,0,1,0,0,4964.84332294
20233,1129002834,2,2,0,0,0,0,0,0,2,0,0,0,0,0,2,0,0,0,0,0,0,2475.34126798
20233,1129002837,5,3,2,0,1,0,1,3,0,0,0,0,0,3,0,0,1,0,1,0,0,5796.65856921
20233,1129002840,5,4,1,0,0,1,2,1,1,0,0,1,1,1,1,0,0,0,1,0,0,1827.81869652
20233,1129002842,7,2,5,0,1,3,1,2,0,0,0,1,0,1,0,0,1,2,1,1,0,6284.94124142
20233,1129002851,15,4,11,0,3,0,1,7,4,0,2,0,0,1,1,0,1,0,1,6,3,8720.90612591
20233,1129002852,12,5,7,0,0,2,3,4,3,0,0,2,0,1,2,0,0,0,3,3,1,1698.31759891
20233,1129002853,7,6,1,0,0,1,1,2,3,0,0,1,1,1,3,0,0,0,0,1,0,5516.51261701
20233,1129002854,4,4,0,0,0,1,2,1,0,0,0,1,2,1,0,0,0,0,0,0,0,2710.35363206
20233,1129002858,7,6,1,1,0,2,1,2,1,1,0,2,1,1,1,0,0,0,0,1,0,3073.05659004
20233,1129002859,2,2,0,0,0,0,0,2,0,0,0,0,0,2,0,0,0,0,0,0,0,912.377375488
20233,1129002864,19,0,19,0,6,4,6,3,0,0,0,0,0,0,0,0,6,4,6,3,0,5241.47265617
20233,1129002868,87,36,51,0,32,49,4,0,2,0,4,30,1,0,1,0,28,19,3,0,1,4778.24848515
20233,1129002869,26,19,7,0,1,4,9,12,0,0,1,1,7,10,0,0,0,3,2,2,0,4862.19712695
20233,1129002886,61,26,35,0,6,26,16,10,3,0,3,13,5,2,3,0,3,13,11,8,0,12937.086627
20233,1129002910,3,2,1,0,0,0,2,0,1,0,0,0,1,0,1,0,0,0,1,0,0,2748.40653281
20233,1129002919,4,1,3,0,1,0,1,0,2,0,0,0,0,0,1,0,1,0,1,0,1,5346.90475408
20233,1129002927,2,1,1,0,0,0,0,0,2,0,0,0,0,0,1,0,0,0,0,0,1,2031.61796756
20233,1129002930,11,7,4,0,1,4,4,1,1,0,0,2,3,1,1,0,1,2,1,0,0,2917.91822692
20233,1129002931,99,57,42,0,20,18,34,13,14,0,12,12,16,6,11,0,8,6,18,7,3,5917.60132611
20233,1129002935,5,3,2,0,0,2,0,2,1,0,0,2,0,0,1,0,0,0,0,2,0,2788.91613672
20233,1129002936,8,6,2,0,0,1,0,4,3,0,0,1,0,2,3,0,0,0,0,2,0,4209.43661227
20233,1129002937,9,5,4,0,1,2,2,3,1,0,1,1,2,1,0,0,0,1,0,2,1,3205.47302214
20233,1129002941,27,3,24,0,0,7,7,10,3,0,0,1,0,0,2,0,0,6,7,10,1,9462.01415392
20233,1129002944,8,5,3,0,0,1,2,2,3,0,0,0,1,1,3,0,0,1,1,1,0,2238.99396323
20233,1129002948,67,51,16,0,2,4,23,19,19,0,2,3,19,10,17,0,0,1,4,9,2,2873.86745986
20233,1129002949,10,7,3,0,0,0,3,1,6,0,0,0,1,1,5,0,0,0,2,0,1,3938.87154449
20233,1129002951,40,20,20,0,13,7,8,8,4,0,6,2,3,6,3,0,7,5,5,2,1,5828.0541768
20233,1129002972,2,1,1,0,0,0,0,0,2,0,0,0,0,0,1,0,0,0,0,0,1,2621.12324854
20233,1129002974,155,88,67,0,18,40,27,50,20,0,7,17,14,33,17,0,11,23,13,17,3,3755.62725514
20233,1129002975,33,20,13,0,5,11,12,2,3,0,1,6,10,2,1,0,4,5,2,0,2,5364.05410242
20233,1129002983,1,0,1,0,0,1,0,0,0,0,0,0,0,0,0,0,0,1,0,0,0,3203.53912984
20233,1129002986,7,7,0,0,1,0,3,2,1,0,1,0,3,2,1,0,0,0,0,0,0,1964.76823561
20233,1129002992,2,1,1,0,1,0,1,0,0,0,0,0,1,0,0,0,1,0,0,0,0,3620.09909732
20233,1129003001,2,1,1,0,0,0,2,0,0,0,0,0,1,0,0,0,0,0,1,0,0,1209.95623379
20233,1129003002,28,18,10,0,0,3,8,11,6,0,0,1,2,10,5,0,0,2,6,1,1,3486.72686105
20233,1129003004,4,2,2,0,1,0,1,1,1,0,0,0,1,0,1,0,1,0,0,1,0,3460.20011502
20233,1129003006,1,1,0,0,0,0,0,0,1,0,0,0,0,0,1,0,0,0,0,0,0,1059.83553501
20233,1129003009,6,6,0,0,1,0,3,1,1,0,1,0,3,1,1,0,0,0,0,0,0,1450.63182255
20233,1129003011,16,4,12,0,2,2,7,3,2,0,0,0,3,0,1,0,2,2,4,3,1,3668.58276496
20233,1129003012,2,0,2,0,0,0,0,1,1,0,0,0,0,0,0,0,0,0,0,1,1,3522.87732936
20233,1129003015,3,2,1,0,1,0,1,1,0,0,1,0,1,0,0,0,0,0,0,1,0,9087.93614223
20233,1129003017,28,8,20,0,2,8,8,7,3,0,0,0,1,4,3,0,2,8,7,3,0,1183.50498078
20233,1129003018,136,133,3,0,1,1,12,38,84,0,1,0,10,38,84,0,0,1,2,0,0,2062.31053703
20233,1129003019,10,7,3,0,1,1,6,1,1,0,1,0,4,1,1,0,0,1,2,0,0,4045.47881746
20233,1129003020,2,1,1,0,0,0,2,0,0,0,0,0,1,0,0,0,0,0,1,0,0,1942.32683499
20233,1129003027,20,7,13,0,5,3,3,5,4,0,0,0,1,3,3,0,5,3,2,2,1,8796.2157041
20233,1129003034,8,5,3,0,0,6,2,0,0,0,0,4,1,0,0,0,0,2,1,0,0,2252.69009991
20233,1129003035,10,5,5,0,0,2,5,2,1,0,0,0,2,2,1,0,0,2,3,0,0,3717.01820287
20233,1129003037,24,10,14,0,2,5,9,7,1,0,0,1,3,5,1,0,2,4,6,2,0,3592.73380512
20233,1129003040,7,2,5,0,0,3,2,2,0,0,0,0,0,2,0,0,0,3,2,0,0,1806.45537376
20233,1129003041,32,14,18,0,0,3,8,13,8,0,0,1,4,6,3,0,0,2,4,7,5,1171.40095398
20233,1129003042,38,15,23,2,8,11,8,6,3,0,1,4,2,5,3,2,7,7,6,1,0,3380.26247304
20233,1129003044,33,7,26,1,8,9,4,8,3,0,0,2,0,3,2,1,8,7,4,5,1,4444.42123654
20233,1129003048,3,1,2,0,0,0,1,2,0,0,0,0,0,1,0,0,0,0,1,1,0,2832.81298506
20233,1129003053,13,8,5,0,2,3,3,1,4,0,2,3,1,0,2,0,0,0,2,1,2,4899.77519327
20233,1129003056,55,19,36,0,16,7,16,9,7,0,1,2,6,4,6,0,15,5,10,5,1,9543.35996833
20233,1129003057,266,130,136,2,34,33,57,86,54,1,11,14,27,40,37,1,23,19,30,46,17,3459.89958581
20233,1129003065,1,1,0,0,0,0,0,1,0,0,0,0,0,1,0,0,0,0,0,0,0,3031.1257573
20233,1129003067,116,53,63,1,31,45,23,11,5,0,9,19,15,6,4,1,22,26,8,5,1,1960.73629351
20233,1129003070,6,0,6,0,0,1,4,0,1,0,0,0,0,0,0,0,0,1,4,0,1,5567.76679718
20233,1129003072,65,31,34,0,9,5,17,23,11,0,4,0,9,11,7,0,5,5,8,12,4,4084.44073694
20233,1129003076,3,1,2,0,0,1,0,1,1,0,0,0,0,0,1,0,0,1,0,1,0,3919.40052077
20233,1129003086,14,12,2,0,0,2,3,3,6,0,0,0,3,3,6,0,0,2,0,0,0,3887.31598407
20233,1129003093,25,1,24,0,4,12,6,3,0,0,0,0,1,0,0,0,4,12,5,3,0,3041.20758308
20233,1129003094,3,2,1,0,0,0,3,0,0,0,0,0,2,0,0,0,0,0,1,0,0,8172.03536645
20233,1129003095,7,4,3,0,1,0,3,2,1,0,1,0,1,1,1,0,0,0,2,1,0,3287.98730611
20233,1129003097,23,13,10,0,0,3,5,9,6,0,0,3,3,3,4,0,0,0,2,6,2,3464.49313751
20233,1129003099,3,1,2,0,0,1,2,0,0,0,0,0,1,0,0,0,0,1,1,0,0,2437.33057751
20233,1129003101,6,2,4,0,0,2,2,2,0,0,0,0,1,1,0,0,0,2,1,1,0,2336.92079312
20233,1129003107,6,4,2,0,0,2,2,0,2,0,0,0,2,0,2,0,0,2,0,0,0,7505.19828178
20233,1129003109,12,6,6,0,0,3,3,2,4,0,0,2,0,2,2,0,0,1,3,0,2,18992.0131998
20233,1129003111,2,1,1,0,0,2,0,0,0,0,0,1,0,0,0,0,0,1,0,0,0,4060.99282654
20233,1129003113,18,12,6,0,0,4,10,2,2,0,0,3,7,0,2,0,0,1,3,2,0,2851.67362311
20233,1129003114,3,2,1,0,0,0,1,2,0,0,0,0,1,1,0,0,0,0,0,1,0,4542.76132568
20233,1129003115,41,17,24,0,13,14,12,2,0,0,2,5,8,2,0,0,11,9,4,0,0,2321.60310198
20233,1129003118,2,1,1,0,0,0,0,1,1,0,0,0,0,0,1,0,0,0,0,1,0,8901.25138938
20233,1129003120,8,4,4,0,0,4,4,0,0,0,0,1,3,0,0,0,0,3,1,0,0,2976.72600347
20233,1129003121,27,11,16,0,2,7,8,7,3,0,1,3,3,1,3,0,1,4,5,6,0,7438.25700464
20233,1129003124,21,17,4,0,3,7,4,4,3,0,3,7,2,3,2,0,0,0,2,1,1,3758.3609374
20233,1129003126,20,4,16,0,4,9,1,4,2,0,0,3,0,0,1,0,4,6,1,4,1,10382.2676633
20233,1129003127,12,7,5,0,4,6,1,1,0,0,0,5,1,1,0,0,4,1,0,0,0,8359.50708252
20233,1129003138,7,3,4,0,1,3,3,0,0,0,0,2,1,0,0,0,1,1,2,0,0,3398.92620896
20233,1129003145,22,9,13,0,0,6,7,8,1,0,0,1,1,6,1,0,0,5,6,2,0,18146.0066388
20233,1129003166,14,5,9,0,3,5,3,2,1,0,0,2,1,2,0,0,3,3,2,0,1,1747.5660384
20233,1129003168,3,2,1,0,0,1,0,0,2,0,0,1,0,0,1,0,0,0,0,0,1,3334.32217404
20233,1129003174,171,86,85,0,29,43,52,38,9,0,15,28,26,12,5,0,14,15,26,26,4,4851.09342493
20233,1129003176,6,2,4,0,0,0,1,3,2,0,0,0,0,2,0,0,0,0,1,1,2,181549.710325
20233,1129003179,11,1,10,0,1,1,7,2,0,0,1,0,0,0,0,0,0,1,7,2,0,3261.56125899
20233,1129003182,4,2,2,0,0,1,0,1,2,0,0,0,0,1,1,0,0,1,0,0,1,1980.18975681
20233,1129003189,55,13,42,0,5,15,16,12,7,0,0,2,2,3,6,0,5,13,14,9,1,12230.9123414
20233,1129003190,16,7,9,0,0,2,6,3,5,0,0,1,2,2,2,0,0,1,4,1,3,3942.95807901
20233,1129003193,22,10,12,0,0,3,3,12,4,0,0,0,1,6,3,0,0,3,2,6,1,1670.69693616
20233,1129003196,121,20,101,0,13,36,43,22,7,0,0,6,4,6,4,0,13,30,39,16,3,24379.2435096
20233,1129003197,10,3,7,0,1,2,5,1,1,0,0,2,1,0,0,0,1,0,4,1,1,2403.76775529
20233,1129003198,1,0,1,0,0,0,0,1,0,0,0,0,0,0,0,0,0,0,0,1,0,769.525965648
20233,1129003200,6,6,0,0,0,2,3,1,0,0,0,2,3,1,0,0,0,0,0,0,0,4424.47588641
20233,1129003202,2,1,1,0,0,0,2,0,0,0,0,0,1,0,0,0,0,0,1,0,0,7898.64081648
20233,1129003205,4,4,0,0,0,2,2,0,0,0,0,2,2,0,0,0,0,0,0,0,0,1771.36682709
20233,1129003206,3,2,1,0,0,1,0,2,0,0,0,1,0,1,0,0,0,0,0,1,0,5373.71201391
20233,1129003208,1,1,0,0,0,0,0,0,1,0,0,0,0,0,1,0,0,0,0,0,0,1465.64428187
20233,1129003209,6,5,1,0,0,0,3,3,0,0,0,0,2,3,0,0,0,0,1,0,0,1361.52460671
20233,1129003212,17,8,9,0,0,0,8,6,3,0,0,0,4,2,2,0,0,0,4,4,1,9885.7222336
20233,1129003222,31,19,12,0,5,7,11,4,4,0,3,6,7,2,1,0,2,1,4,2,3,3405.47119231
20233,1129003226,86,43,43,0,14,15,21,22,14,0,5,9,10,12,7,0,9,6,11,10,7,4535.9669593
20233,1129003227,533,183,350,0,153,150,124,77,29,0,34,55,33,33,28,0,119,95,91,44,1,8808.63119494
20233,1129003232,5,2,3,0,1,1,0,1,2,0,1,0,0,0,1,0,0,1,0,1,1,856.310424617
20233,1129003239,33,16,17,0,5,7,10,6,5,0,0,5,4,3,4,0,5,2,6,3,1,23681.685196
20233,1129003245,4,3,1,0,1,0,2,1,0,0,1,0,1,1,0,0,0,0,1,0,0,2856.74893881
20233,1129003249,12,9,3,0,1,3,3,2,3,0,1,1,2,2,3,0,0,2,1,0,0,1993.59907756
20233,1129003251,59,31,28,0,2,10,17,22,8,0,1,5,11,10,4,0,1,5,6,12,4,16240.7449186
20233,1129003252,12,5,7,0,1,3,5,2,1,0,0,1,3,1,0,0,1,2,2,1,1,5033.99382824
20233,1129003253,12,7,5,0,0,0,1,3,8,0,0,0,0,1,6,0,0,0,1,2,2,2129.75096584
20233,1129003256,19,9,10,0,6,6,4,2,1,0,0,5,2,2,0,0,6,1,2,0,1,3204.65340618
20233,1129003259,2,1,1,0,0,0,0,1,1,0,0,0,0,1,0,0,0,0,0,0,1,2732.20612794
20233,1129003260,29,18,11,0,5,1,7,15,1,0,2,1,7,7,1,0,3,0,0,8,0,1707.01936264
20233,1129003263,24,7,17,0,2,9,6,4,3,0,0,3,1,0,3,0,2,6,5,4,0,9576.02661646
20233,1129003264,4,4,0,0,0,0,2,2,0,0,0,0,2,2,0,0,0,0,0,0,0,1866.95626467
20233,1129003266,10,5,5,0,1,1,3,4,1,0,0,1,1,2,1,0,1,0,2,2,0,15326.443464
20233,1129003268,2,1,1,0,0,0,1,0,1,0,0,0,0,0,1,0,0,0,1,0,0,1968.88106601
20233,1129003269,18,3,15,0,2,1,5,9,1,0,1,1,0,1,0,0,1,0,5,8,1,7699.40582463
20233,1129003272,10,6,4,0,2,3,2,1,2,0,1,2,2,0,1,0,1,1,0,1,1,2717.33802711
20233,1129003274,8,3,5,0,0,2,4,2,0,0,0,1,0,2,0,0,0,1,4,0,0,8069.38302156
20233,1129003276,2,1,1,0,0,0,0,0,2,0,0,0,0,0,1,0,0,0,0,0,1,2821.19217976
20233,1129003277,101,98,3,0,1,0,14,42,44,0,1,0,13,41,43,0,0,0,1,1,1,1796.42265556
20233,1129003286,14,10,4,0,0,1,3,6,4,0,0,1,1,4,4,0,0,0,2,2,0,2803.45377912
20233,1129003291,62,14,48,0,16,15,11,16,4,0,6,0,3,1,4,0,10,15,8,15,0,9791.84305715
20233,1129003295,10,7,3,0,0,3,5,1,1,0,0,1,4,1,1,0,0,2,1,0,0,150658.194233
20233,1129003297,23,8,15,0,2,5,6,7,3,0,2,2,2,1,1,0,0,3,4,6,2,9142.43887075
20233,1129003298,25,13,12,0,3,9,3,7,3,0,2,3,1,4,3,0,1,6,2,3,0,153132.017996
20233,1129003301,20,14,6,0,3,1,6,6,4,0,2,0,5,4,3,0,1,1,1,2,1,1986.76351246
20233,1129003304,3,3,0,0,0,2,1,0,0,0,0,2,1,0,0,0,0,0,0,0,0,1672.5735129
20233,1129003306,666,585,81,0,148,331,158,26,3,0,103,307,146,26,3,0,45,24,12,0,0,1713.6508946
20233,1129003307,370,339,31,0,8,32,123,158,49,0,3,30,113,151,42,0,5,2,10,7,7,19495.1816125
20233,1129003308,120,56,64,0,0,6,11,6,97,0,0,3,6,2,45,0,0,3,5,4,52,10581.0911798
20233,1129003310,102,47,55,0,5,39,36,19,3,0,1,12,17,14,3,0,4,27,19,5,0,2770.65655474
20233,1129003312,141,122,19,13,33,39,25,25,6,12,27,34,22,21,6,1,6,5,3,4,0,7673.80725909
20233,1129003313,3,3,0,0,0,0,0,0,3,0,0,0,0,0,3,0,0,0,0,0,0,3708.91559748
20233,1129003315,28,17,11,0,2,6,6,10,4,0,2,3,3,6,3,0,0,3,3,4,1,2017.5094654
20233,1129003316,3,3,0,0,0,1,0,2,0,0,0,1,0,2,0,0,0,0,0,0,0,7841.78248881
20233,1129003318,3,3,0,0,0,1,2,0,0,0,0,1,2,0,0,0,0,0,0,0,0,3548.22422424
20233,1129003322,12,10,2,0,0,1,4,5,2,0,0,1,3,4,2,0,0,0,1,1,0,10755.1635351
20233,1129003324,16,11,5,0,1,2,5,4,4,0,1,2,2,3,3,0,0,0,3,1,1,1769.06303048
20233,1129003327,7,4,3,0,0,0,1,0,6,0,0,0,0,0,4,0,0,0,1,0,2,5166.20165654
20233,1129003328,3,2,1,0,0,1,2,0,0,0,0,0,2,0,0,0,0,1,0,0,0,3729.29810905
20233,1129003329,4,2,2,0,0,0,2,1,1,0,0,0,1,0,1,0,0,0,1,1,0,1848.52853895
20233,1129003331,22,19,3,0,3,4,4,6,5,0,2,3,4,5,5,0,1,1,0,1,0,7748.36793471
20233,1129003332,55,37,18,2,20,10,13,6,4,2,14,8,6,4,3,0,6,2,7,2,1,215719.067956
20233,1129003335,28,12,16,0,1,3,9,12,3,0,0,1,6,4,1,0,1,2,3,8,2,2418.6848547
20233,1129003342,3,1,2,0,0,0,3,0,0,0,0,0,1,0,0,0,0,0,2,0,0,2311.70677967
20233,1129003344,45,37,8,0,4,18,17,3,3,0,4,15,12,3,3,0,0,3,5,0,0,5244.6227638
20233,1129003345,2,1,1,0,0,1,0,1,0,0,0,0,0,1,0,0,0,1,0,0,0,28853.8807185
20233,1129003346,11,6,5,0,0,0,6,4,1,0,0,0,3,2,1,0,0,0,3,2,0,2029.67296716
20233,1129003350,4,1,3,0,1,0,1,0,2,0,0,0,0,0,1,0,1,0,1,0,1,10586.870596
20233,1129003353,3,2,1,0,0,0,0,2,1,0,0,0,0,2,0,0,0,0,0,0,1,461.241539054
20233,1129003354,10,1,9,0,3,1,2,4,0,0,0,0,0,1,0,0,3,1,2,3,0,2251.90633398
20233,1129003359,2,1,1,0,0,0,0,0,2,0,0,0,0,0,1,0,0,0,0,0,1,1821.31091352
20233,1129003364,9,5,4,0,1,2,2,2,2,0,0,2,1,1,1,0,1,0,1,1,1,11256.0176298
20233,1129003367,20,14,6,0,3,2,6,9,0,0,2,2,6,4,0,0,1,0,0,5,0,8646.12487479
20233,1129003374,23,4,19,0,6,5,7,3,2,0,2,1,0,0,1,0,4,4,7,3,1,2200.62430712
20233,1129003382,16,14,2,0,6,4,3,3,0,0,5,4,3,2,0,0,1,0,0,1,0,3529.9245972
20233,1129003383,6,4,2,0,1,1,1,1,2,0,0,1,0,1,2,0,1,0,1,0,0,3301.58478418
20233,1129003386,1,0,1,0,0,0,1,0,0,0,0,0,0,0,0,0,0,0,1,0,0,9178.45469356
20233,1129003387,46,1,45,0,3,5,2,12,24,0,0,0,0,0,1,0,3,5,2,12,23,14015.5105883
20233,1129003389,39,6,33,0,9,7,12,7,4,0,1,2,1,1,1,0,8,5,11,6,3,4351.27532063
20233,1129003396,6,3,3,0,1,2,0,3,0,0,0,1,0,2,0,0,1,1,0,1,0,3011.66059464
20233,1129003398,10,10,0,0,0,3,1,3,3,0,0,3,1,3,3,0,0,0,0,0,0,5080.71253135
20233,1129003399,16,9,7,0,2,3,7,3,1,0,1,2,2,3,1,0,1,1,5,0,0,3711.03540675
20233,1129003402,19,10,9,0,2,3,7,2,5,0,0,2,2,2,4,0,2,1,5,0,1,12604.4376944
20233,1129003403,42,9,33,0,7,18,10,7,0,0,0,7,1,1,0,0,7,11,9,6,0,18062.061525
20233,1129003404,7,1,6,0,2,4,1,0,0,0,0,0,1,0,0,0,2,4,0,0,0,5851.29808174
20233,1129003405,3,2,1,0,0,0,0,2,1,0,0,0,0,1,1,0,0,0,0,1,0,4626.82329492
20233,1129003407,4,2,2,0,1,2,1,0,0,0,0,1,1,0,0,0,1,1,0,0,0,5369.19492692
20233,1129003413,215,79,136,0,76,90,36,9,4,0,22,30,18,6,3,0,54,60,18,3,1,176517.546399
20233,1129003416,13,5,8,0,0,0,2,4,7,0,0,0,1,0,4,0,0,0,1,4,3,43289.3628752
20233,1129003420,2,1,1,0,0,0,1,0,1,0,0,0,0,0,1,0,0,0,1,0,0,5783.34671246
20233,1129003425,7,3,4,0,1,0,1,5,0,0,1,0,0,2,0,0,0,0,1,3,0,13173.9466361
20233,1129003430,9,5,4,0,1,1,0,4,3,0,0,0,0,2,3,0,1,1,0,2,0,11398.3199726
20233,1129003438,6,3,3,0,2,0,0,2,2,0,2,0,0,0,1,0,0,0,0,2,1,5201.4781763
20233,1129003439,7,3,4,0,1,0,0,3,3,0,1,0,0,1,1,0,0,0,0,2,2,3907.40446867
20233,1129003449,95,65,30,0,5,11,27,19,33,0,1,6,14,16,28,0,4,5,13,3,5,187810.655269
20233,1129003454,4,1,3,0,0,1,2,0,1,0,0,0,0,0,1,0,0,1,2,0,0,1635.74900217
20233,1129003458,5,2,3,0,0,0,0,2,3,0,0,0,0,1,1,0,0,0,0,1,2,3125.20783225
20233,1129003459,5,2,3,0,2,2,0,1,0,0,0,1,0,1,0,0,2,1,0,0,0,5154.16300387
20233,1129003461,9,2,7,0,0,4,2,3,0,0,0,0,1,1,0,0,0,4,1,2,0,895.469127812
20233,1129003462,6,5,1,0,2,1,3,0,0,0,2,1,2,0,0,0,0,0,1,0,0,2256.17247661
20233,1129003463,2,1,1,0,0,0,0,0,2,0,0,0,0,0,1,0,0,0,0,0,1,2883.31968909
20233,1129003464,2,1,1,0,0,0,0,2,0,0,0,0,0,1,0,0,0,0,0,1,0,6440.32625528
20233,1129003465,20,4,16,0,8,2,5,4,1,0,1,0,1,2,0,0,7,2,4,2,1,10892.0161003
20233,1129003466,5,3,2,0,0,1,1,2,1,0,0,1,0,1,1,0,0,0,1,1,0,1605.80721062
20233,1129003471,185,147,38,0,1,2,19,73,90,0,0,2,16,64,65,0,1,0,3,9,25,11444.966217
20233,1129003472,9,3,6,0,0,1,6,1,1,0,0,0,2,0,1,0,0,1,4,1,0,4741.68292349
20233,1129003473,6,4,2,0,1,0,1,3,1,0,1,0,1,2,0,0,0,0,0,1,1,7415.77253621
20233,1129003475,28,14,14,0,0,2,10,7,9,0,0,0,4,3,7,0,0,2,6,4,2,15399.1824614
20233,1129003478,9,8,1,0,0,0,2,3,4,0,0,0,1,3,4,0,0,0,1,0,0,2173.44061398
20233,1129003481,4,3,1,0,0,1,2,0,1,0,0,1,1,0,1,0,0,0,1,0,0,2720.8337914
20233,1129003488,12,10,2,0,0,2,5,3,2,0,0,2,3,3,2,0,0,0,2,0,0,2759.1334116
20233,1129003490,64,55,9,0,7,3,9,19,26,0,7,0,7,17,24,0,0,3,2,2,2,5127.06380089
20233,1129003491,5,5,0,0,0,0,1,3,1,0,0,0,1,3,1,0,0,0,0,0,0,3840.8570141
20233,1129003492,14,3,11,0,1,1,7,1,4,0,0,0,0,0,3,0,1,1,7,1,1,4444.62520214
20233,1129003494,54,43,11,0,1,4,13,25,11,0,0,4,10,20,9,0,1,0,3,5,2,10865.6456726
20233,1129003495,1,0,1,0,0,0,0,0,1,0,0,0,0,0,0,0,0,0,0,0,1,7080.28371426
20233,1129003497,43,24,19,0,5,12,12,7,7,0,3,7,4,6,4,0,2,5,8,1,3,12197.3477535
20233,1129003501,50,18,32,0,11,11,7,15,6,0,0,1,3,9,5,0,11,10,4,6,1,9558.81610453
20233,1129003502,3,1,2,0,0,1,1,1,0,0,0,0,0,1,0,0,0,1,1,0,0,2814.81008911
20233,1129003503,9,7,2,0,1,0,3,4,1,0,1,0,2,3,1,0,0,0,1,1,0,4808.585719
20233,1129003504,13,11,2,0,0,1,3,3,6,0,0,1,3,2,5,0,0,0,0,1,1,2850.58247671
20233,1129003505,1,0,1,0,0,0,1,0,0,0,0,0,0,0,0,0,0,0,1,0,0,5077.2057616
20233,1129003507,2,0,2,0,0,0,1,1,0,0,0,0,0,0,0,0,0,0,1,1,0,2091.02593302
20233,1129003512,9,7,2,0,1,0,4,2,2,0,1,0,3,1,2,0,0,0,1,1,0,8231.56905744
20233,1129003516,6,3,3,0,3,1,2,0,0,0,1,1,1,0,0,0,2,0,1,0,0,15508.1357462
20233,1129003518,15,1,14,0,6,2,3,4,0,0,0,0,1,0,0,0,6,2,2,4,0,3969.57837388
20233,1129003529,13,10,3,0,0,4,8,0,1,0,0,3,6,0,1,0,0,1,2,0,0,9025.84763106
20233,1129003532,285,130,155,0,41,53,67,68,56,0,10,24,34,28,34,0,31,29,33,40,22,918.580815296
20233,1129003535,15,13,2,0,0,1,3,7,4,0,0,1,3,6,3,0,0,0,0,1,1,7701.9239029
20233,1129003538,161,38,123,0,14,11,21,59,56,0,8,9,5,11,5,0,6,2,16,48,51,2352.87876807
20233,1129003552,154,119,35,0,15,10,38,66,25,0,0,6,33,57,23,0,15,4,5,9,2,7836.58501461
20233,1129003553,3,3,0,0,3,0,0,0,0,0,3,0,0,0,0,0,0,0,0,0,0,66923.920245
20233,1129003554,11,5,6,0,0,1,1,8,1,0,0,0,0,4,1,0,0,1,1,4,0,3190.56101361
20233,1129003556,32,12,20,0,5,8,9,8,2,0,2,2,4,2,2,0,3,6,5,6,0,5942.08922072
20233,1129003557,2,0,2,0,1,1,0,0,0,0,0,0,0,0,0,0,1,1,0,0,0,11496.5088845
20233,1129003558,6,3,3,0,0,0,0,1,5,0,0,0,0,0,3,0,0,0,0,1,2,3635.4763951
20233,1129003560,4,1,3,2,1,1,0,0,0,0,0,1,0,0,0,2,1,0,0,0,0,4382.42548896
20233,1129003561,4,1,3,0,0,1,2,1,0,0,0,0,0,1,0,0,0,1,2,0,0,10339.5582671
20233,1129003562,9,8,1,0,0,0,1,3,5,0,0,0,1,2,5,0,0,0,0,1,0,2384.24060202
20233,1129003566,2,1,1,0,0,1,0,1,0,0,0,1,0,0,0,0,0,0,0,1,0,4002.07989979
20233,1129003569,3,1,2,0,0,0,2,0,1,0,0,0,1,0,0,0,0,0,1,0,1,3362.24094154
20233,1129003570,7,4,3,0,0,0,2,4,1,0,0,0,0,3,1,0,0,0,2,1,0,4095.43017248
20233,1129003571,68,33,35,0,5,17,16,21,9,0,2,11,7,5,8,0,3,6,9,16,1,2099.64748224
20233,1129003572,7,2,5,0,0,0,2,4,1,0,0,0,1,0,1,0,0,0,1,4,0,11735.0325811
20233,1129003573,210,85,125,0,35,68,46,32,29,0,9,24,17,15,20,0,26,44,29,17,9,1383.15053281
20233,1129003583,2,2,0,0,0,0,0,1,1,0,0,0,0,1,1,0,0,0,0,0,0,9062.71641534
20233,1129003584,24,16,8,0,0,3,12,8,1,0,0,1,9,5,1,0,0,2,3,3,0,7500.91627999
20233,1129003591,5,0,5,0,2,1,1,1,0,0,0,0,0,0,0,0,2,1,1,1,0,35057.7791291
20233,1129003592,4,0,4,0,0,1,3,0,0,0,0,0,0,0,0,0,0,1,3,0,0,2108.21308021
20233,1129003595,6,2,4,0,0,1,1,2,2,0,0,0,1,0,1,0,0,1,0,2,1,10796.8229576
20233,1129003597,3,1,2,0,0,0,1,1,1,0,0,0,0,0,1,0,0,0,1,1,0,66883.6004134
20233,1129003605,21,12,9,0,2,5,5,4,5,0,1,1,2,4,4,0,1,4,3,0,1,14460.250442
20233,1129003609,510,474,36,0,3,51,162,213,81,0,3,47,150,199,75,0,0,4,12,14,6,23371.0695476
20233,1129003612,80,19,61,0,13,21,23,18,5,0,3,2,5,4,5,0,10,19,18,14,0,14747.2569598
20233,1129003617,21,7,14,0,3,12,1,4,1,0,1,4,0,1,1,0,2,8,1,3,0,91824.7350045
20233,1129003622,129,77,52,0,10,36,30,36,17,0,5,23,23,19,7,0,5,13,7,17,10,364030.393388
20233,1129003626,2,1,1,0,0,1,0,1,0,0,0,1,0,0,0,0,0,0,0,1,0,1229.95861833
20233,1129003631,15,12,3,0,1,2,4,5,3,0,0,2,3,5,2,0,1,0,1,0,1,3410.75305058
20233,1129003632,10,0,10,0,1,2,4,1,2,0,0,0,0,0,0,0,1,2,4,1,2,2647.76767072
20233,1129003635,24,12,12,0,0,4,6,10,4,0,0,1,3,6,2,0,0,3,3,4,2,4196.59967382
20233,1129003637,2,1,1,0,0,0,0,1,1,0,0,0,0,0,1,0,0,0,0,1,0,8049.11175236
20233,1129003638,17,12,5,0,0,5,7,4,1,0,0,4,4,4,0,0,0,1,3,0,1,15226.2434879
20233,1129003639,5,3,2,0,0,1,0,0,4,0,0,1,0,0,2,0,0,0,0,0,2,2934.13519498
20233,1129003642,4,4,0,0,0,0,2,1,1,0,0,0,2,1,1,0,0,0,0,0,0,5897.5778106
20233,1129003643,11,1,10,0,1,2,5,2,1,0,0,0,0,0,1,0,1,2,5,2,0,6837.4161208
20233,1129003644,25,19,6,0,4,6,10,5,0,0,2,4,10,3,0,0,2,2,0,2,0,5193.41238891
20233,1129003645,2,1,1,0,0,0,1,1,0,0,0,0,1,0,0,0,0,0,0,1,0,4580.15754293
20233,1129003646,5,1,4,0,0,0,0,2,3,0,0,0,0,0,1,0,0,0,0,2,2,3918.47960485
20233,1129003647,4,3,1,0,0,1,1,0,2,0,0,1,1,0,1,0,0,0,0,0,1,1771.93214574
20233,1129003648,10,3,7,0,0,3,1,2,4,0,0,1,0,1,1,0,0,2,1,1,3,8662.37507444
20233,1129003649,73,17,56,0,10,25,19,17,2,0,2,7,2,4,2,0,8,18,17,13,0,15138.197714
20233,1129003650,2,2,0,0,0,0,1,1,0,0,0,0,1,1,0,0,0,0,0,0,0,3109.9158624
20233,1129003652,16,12,4,0,3,4,5,2,2,0,3,4,3,1,1,0,0,0,2,1,1,3606.45113363
20233,1129003653,11,5,6,0,1,7,0,2,1,0,0,4,0,0,1,0,1,3,0,2,0,4437.25472213
20233,1129003654,299,135,164,0,16,91,127,63,2,0,3,29,57,46,0,0,13,62,70,17,2,4859.55705745
20233,1129003656,21,12,9,0,8,7,4,1,1,0,5,4,2,1,0,0,3,3,2,0,1,11004.0351229
20233,1129003661,1,1,0,0,0,0,0,1,0,0,0,0,0,1,0,0,0,0,0,0,0,70721.8136508
20233,1129003662,226,216,10,0,0,6,55,122,43,0,0,5,50,120,41,0,0,1,5,2,2,6772.06650861
20233,1129003664,23,12,11,0,1,5,4,10,3,0,0,2,2,7,1,0,1,3,2,3,2,7449.32944136
20233,1129003666,5,4,1,0,1,1,1,2,0,0,1,0,1,2,0,0,0,1,0,0,0,1856.63367865
20233,1129003668,3,1,2,0,0,1,0,2,0,0,0,0,0,1,0,0,0,1,0,1,0,3861.22013661
20233,1129003669,5,4,1,0,0,0,0,2,3,0,0,0,0,2,2,0,0,0,0,0,1,11254.8578306
20233,1129003675,7,3,4,0,0,1,3,3,0,0,0,0,2,1,0,0,0,1,1,2,0,8134.38017431
20233,1129003676,6,2,4,0,0,1,2,1,2,0,0,0,0,0,2,0,0,1,2,1,0,2757.3207121
20233,1129003683,43,34,9,0,1,4,18,10,10,0,1,3,11,9,10,0,0,1,7,1,0,32502.5464158
20233,1129003686,12,6,6,0,2,2,1,2,5,0,1,1,0,1,3,0,1,1,1,1,2,3100.33448527
20233,1129003688,2,0,2,0,0,0,0,2,0,0,0,0,0,0,0,0,0,0,0,2,0,2580.03319568
20233,1129003689,12,9,3,0,0,2,4,2,4,0,0,1,3,1,4,0,0,1,1,1,0,4895.55031041
20233,1129003690,28,16,12,0,7,4,9,7,1,0,2,1,7,5,1,0,5,3,2,2,0,7512.16445146
20233,1129003691,16,3,13,0,0,0,2,6,8,0,0,0,0,1,2,0,0,0,2,5,6,2512.19308667
20233,1129003692,93,44,49,0,10,18,35,18,12,0,2,11,16,10,5,0,8,7,19,8,7,1654.19259011
20233,1129003707,104,30,74,0,27,21,31,13,12,0,6,5,12,2,5,0,21,16,19,11,7,3578.19044182
20233,1129003708,3,2,1,0,1,1,1,0,0,0,0,1,1,0,0,0,1,0,0,0,0,4508.21204408
20233,1129003709,7,6,1,1,0,4,1,1,0,1,0,4,1,0,0,0,0,0,0,1,0,2703.26186374
20233,1129003713,2,1,1,0,0,1,0,1,0,0,0,1,0,0,0,0,0,0,0,1,0,3855.67425809
20233,1129003714,4,2,2,0,0,1,2,0,1,0,0,1,1,0,0,0,0,0,1,0,1,3992.61757975
20233,1129003715,7,0,7,0,0,2,5,0,0,0,0,0,0,0,0,0,0,2,5,0,0,2863.81754593
20233,1129003718,7,5,2,0,0,4,0,3,0,0,0,2,0,3,0,0,0,2,0,0,0,2765.49020333
20233,1129003722,14,11,3,0,1,2,5,6,0,0,1,2,4,4,0,0,0,0,1,2,0,6548.44868383
20233,1129003730,22,18,4,0,0,0,7,10,5,0,0,0,7,8,3,0,0,0,0,2,2,4859.02020555
20233,1129003733,1,1,0,0,0,0,1,0,0,0,0,0,1,0,0,0,0,0,0,0,0,1375.8279614
20233,1129003736,2,1,1,0,0,0,2,0,0,0,0,0,1,0,0,0,0,0,1,0,0,1815.04522933
20233,1129003738,1,1,0,0,0,0,1,0,0,0,0,0,1,0,0,0,0,0,0,0,0,972.19093857
20233,1129003741,4,1,3,0,0,2,2,0,0,0,0,0,1,0,0,0,0,2,1,0,0,4936.46713229
20233,1129003742,4,1,3,0,1,0,2,1,0,0,0,0,0,1,0,0,1,0,2,0,0,3731.55817055
20233,1129003743,10,4,6,0,2,3,1,4,0,0,1,2,0,1,0,0,1,1,1,3,0,9426.09054684
20233,1129003747,13,10,3,0,2,1,5,4,1,0,2,1,3,3,1,0,0,0,2,1,0,98983.2011773
20233,1129003749,7,6,1,0,0,1,1,2,3,0,0,1,1,2,2,0,0,0,0,0,1,6088.11954373
20233,1129003752,3,2,1,0,0,0,0,1,2,0,0,0,0,1,1,0,0,0,0,0,1,8476.50519957
20233,1129003753,18227,9407,8820,55,1380,4733,6768,5234,57,12,578,1554,2999,4214,50,43,802,3179,3769,1020,7,2722.10885391
20233,1129003755,51,15,36,0,11,10,19,9,2,0,2,6,4,1,2,0,9,4,15,8,0,5675.39728984
20233,1129003757,2,1,1,0,0,0,2,0,0,0,0,0,1,0,0,0,0,0,1,0,0,3853.97568297
20233,1129003758,37,16,21,0,13,13,7,3,1,0,4,10,1,1,0,0,9,3,6,2,1,7810.12637188
20233,1129003761,17,11,6,0,1,4,6,4,2,0,1,3,2,3,2,0,0,1,4,1,0,4804.4487743
20233,1129003763,2,1,1,0,0,0,0,0,2,0,0,0,0,0,1,0,0,0,0,0,1,2296.15955491
20233,1129003765,11,3,8,0,1,0,5,3,2,0,0,0,2,0,1,0,1,0,3,3,1,4923.71898931
20233,1129003769,5,4,1,0,0,0,0,4,1,0,0,0,0,3,1,0,0,0,0,1,0,1080.53169284
20233,1129003770,2,1,1,0,0,0,0,1,1,0,0,0,0,0,1,0,0,0,0,1,0,1966.90108742
20233,1129003773,66,30,36,0,6,10,11,15,24,0,3,8,5,8,6,0,3,2,6,7,18,13314.3166489
20233,1129003776,17,8,9,0,2,1,3,7,4,0,1,1,2,4,0,0,1,0,1,3,4,1237.35871907
20233,1129003782,2,1,1,0,0,1,1,0,0,0,0,1,0,0,0,0,0,0,1,0,0,1548.99743626
20233,1129003783,7,4,3,0,0,1,2,2,2,0,0,1,1,1,1,0,0,0,1,1,1,3051.7287323
20233,1129003789,4,2,2,0,0,1,0,1,2,0,0,0,0,0,2,0,0,1,0,1,0,5673.86036683
20233,1129003796,7,3,4,0,0,1,4,0,2,0,0,0,1,0,2,0,0,1,3,0,0,12054.9248195
20233,1129003798,95,20,75,0,13,29,33,18,2,0,5,6,2,6,1,0,8,23,31,12,1,4385.2380074
20233,1129003800,28,6,22,0,5,8,6,8,1,0,1,0,2,2,1,0,4,8,4,6,0,5733.59436
20233,1129003804,10,2,8,0,3,3,1,1,2,0,0,1,0,0,1,0,3,2,1,1,1,2957.85152396
20233,1129003805,78,18,60,0,16,15,25,16,6,0,3,3,5,2,5,0,13,12,20,14,1,10312.166553
20233,1129003807,28,3,25,0,8,4,4,8,4,0,1,1,0,0,1,0,7,3,4,8,3,4031.21743756
20233,1129003808,26,17,9,0,13,4,6,2,1,0,11,1,3,1,1,0,2,3,3,1,0,4077.87335975
20233,1129003818,12,6,6,0,1,3,1,2,5,0,0,2,0,1,3,0,1,1,1,1,2,406.991142185
20233,1129003819,3,2,1,0,1,1,1,0,0,0,0,1,1,0,0,0,1,0,0,0,0,2623.44244625
20233,1129003822,8,6,2,0,0,2,1,2,3,0,0,1,1,1,3,0,0,1,0,1,0,9233.31269517
20233,1129003831,213,3,210,0,14,8,35,87,69,0,0,0,1,0,2,0,14,8,34,87,67,8360.25277104
20233,1129003832,3,3,0,0,1,1,1,0,0,0,1,1,1,0,0,0,0,0,0,0,0,8841.87290226
20233,1129003836,4,4,0,0,0,0,1,3,0,0,0,0,1,3,0,0,0,0,0,0,0,3192.73090815
20233,1129003837,8,2,6,0,1,1,1,5,0,0,0,0,0,2,0,0,1,1,1,3,0,3653.93374724
20233,1129003841,16,9,7,0,0,3,5,7,1,0,0,1,3,5,0,0,0,2,2,2,1,5801.40639592
20233,1129003848,247,155,92,1,26,53,56,75,36,0,16,30,34,50,25,1,10,23,22,25,11,4439.32277955
20233,1129003850,8,7,1,0,0,1,2,5,0,0,0,1,1,5,0,0,0,0,1,0,0,3680.25513449
20233,1129003852,66,39,27,1,6,10,13,18,18,0,1,2,9,14,13,1,5,8,4,4,5,4897.45106624
20233,1129003853,18,2,16,0,1,2,11,0,4,0,0,0,0,0,2,0,1,2,11,0,2,51772.1790006
20233,1129003874,12,8,4,0,8,0,1,3,0,0,6,0,1,1,0,0,2,0,0,2,0,2742.85222461
20233,1129003878,477,304,173,2,79,108,113,136,39,0,45,65,68,95,31,2,34,43,45,41,8,2181.72728471
20233,1129003880,45,17,28,0,12,8,2,12,11,0,1,3,2,3,8,0,11,5,0,9,3,4487.40751104
20233,1129003883,16,9,7,0,2,4,5,5,0,0,0,2,5,2,0,0,2,2,0,3,0,2187.00235115
20233,1129003895,45,22,23,0,15,12,15,2,1,0,6,6,10,0,0,0,9,6,5,2,1,8573.68921877
20233,1129003898,444,373,71,0,49,136,113,140,6,0,30,110,93,134,6,0,19,26,20,6,0,6673.68426042
20233,1129003904,11,5,6,0,1,4,4,1,1,0,0,2,2,0,1,0,1,2,2,1,0,1802.43582599
20233,1129003906,257,232,25,0,32,90,55,79,1,0,29,80,48,74,1,0,3,10,7,5,0,3646.97607484
20233,1129003910,4,2,2,0,0,1,1,1,1,0,0,1,1,0,0,0,0,0,0,1,1,3654.51063992
20233,1129003911,187,135,52,2,37,45,51,29,23,0,22,34,40,22,17,2,15,11,11,7,6,1356.87277141
20233,1129003914,66,13,53,1,8,11,22,15,9,0,0,2,3,4,4,1,8,9,19,11,5,6337.81086175
20233,1129003915,2,1,1,0,0,1,0,1,0,0,0,1,0,0,0,0,0,0,0,1,0,3504.52930645
20233,1129003916,7,1,6,0,0,0,2,3,2,0,0,0,0,0,1,0,0,0,2,3,1,2544.18164403
20233,1129003918,2,1,1,0,0,0,0,0,2,0,0,0,0,0,1,0,0,0,0,0,1,3065.12168171
